1 2
1 3
1 4
3 5
2 6
6 7
7 8
6 9
8 10
8 11
7 12
8 13
4 14
9 15
10 16
7 17
4 18
9 19
10 20
3 21
17 22
22 23
21 24
3 25
18 26
19 27
5 28
9 29
14 30
10 31
21 32
8 33
12 34
19 35
8 36
13 37
15 38
9 39
37 40
12 41
41 42
15 43
29 44
43 45
13 46
6 47
23 48
20 49
24 50
28 51
37 52
28 53
31 54
6 55
54 56
26 57
46 58
9 59
39 60
6 61
40 62
54 63
34 64
15 65
42 66
59 67
16 68
65 69
40 70
70 71
9 72
14 73
40 74
43 75
50 76
20 77
9 78
41 79
16 80
53 81
41 82
28 83
41 84
44 85
75 86
35 87
51 88
55 89
28 90
86 91
51 92
51 93
73 94
59 95
36 96
89 97
87 98
51 99
32 100
27 101
15 102
22 103
54 104
59 105
86 106
72 107
42 108
6 109
86 110
74 111
9 112
109 113
85 114
31 115
74 116
44 117
92 118
88 119
108 120
50 121
7 122
91 123
66 124
1 125
35 126
122 127
69 128
37 129
120 130
53 131
10 132
121 133
81 134
64 135
14 136
11 137
22 138
36 139
66 140
26 141
30 142
5 143
141 144
126 145
104 146
123 147
45 148
11 149
107 150
102 151
30 152
149 153
40 154
46 155
144 156
90 157
34 158
43 159
97 160
72 161
20 162
13 163
19 164
102 165
40 166
43 167
151 168
50 169
147 170
132 171
130 172
16 173
119 174
86 175
128 176
4 177
28 178
66 179
18 180
15 181
22 182
95 183
6 184
120 185
46 186
130 187
174 188
20 189
25 190
46 191
34 192
18 193
38 194
10 195
40 196
160 197
39 198
75 199
120 200
22 201
198 202
147 203
116 204
6 205
94 206
9 207
81 208
201 209
115 210
29 211
46 212
65 213
192 214
105 215
206 216
47 217
182 218
11 219
199 220
114 221
58 222
19 223
151 224
68 225
202 226
5 227
185 228
213 229
224 230
127 231
14 232
43 233
114 234
40 235
21 236
52 237
82 238
202 239
64 240
76 241
99 242
156 243
43 244
237 245
8 246
110 247
199 248
218 249
157 250
222 251
210 252
70 253
62 254
70 255
4 256
169 257
56 258
48 259
17 260
217 261
56 262
240 263
99 264
81 265
213 266
51 267
174 268
266 269
67 270
215 271
214 272
256 273
250 274
210 275
249 276
134 277
263 278
219 279
67 280
124 281
205 282
193 283
164 284
259 285
80 286
64 287
198 288
30 289
274 290
102 291
262 292
116 293
255 294
229 295
202 296
196 297
128 298
152 299
72 300
204 301
34 302
22 303
8 304
231 305
36 306
61 307
182 308
152 309
78 310
89 311
291 312
117 313
137 314
147 315
293 316
70 317
125 318
43 319
118 320
267 321
51 322
111 323
97 324
13 325
292 326
310 327
237 328
297 329
153 330
145 331
260 332
330 333
240 334
125 335
32 336
63 337
255 338
17 339
114 340
208 341
135 342
209 343
255 344
196 345
285 346
87 347
268 348
279 349
190 350
230 351
202 352
49 353
198 354
227 355
339 356
347 357
155 358
132 359
187 360
261 361
269 362
276 363
212 364
105 365
355 366
143 367
309 368
221 369
127 370
7 371
245 372
256 373
189 374
227 375
122 376
236 377
338 378
342 379
361 380
104 381
131 382
285 383
309 384
241 385
370 386
169 387
134 388
205 389
25 390
356 391
314 392
244 393
154 394
334 395
214 396
184 397
184 398
228 399
92 400
374 401
172 402
236 403
44 404
25 405
250 406
167 407
4 408
131 409
188 410
38 411
91 412
113 413
393 414
364 415
151 416
360 417
391 418
340 419
50 420
172 421
114 422
74 423
332 424
155 425
83 426
15 427
34 428
334 429
224 430
135 431
310 432
410 433
215 434
152 435
63 436
88 437
44 438
159 439
122 440
32 441
134 442
191 443
229 444
210 445
84 446
164 447
306 448
372 449
156 450
113 451
163 452
316 453
406 454
251 455
366 456
354 457
136 458
202 459
358 460
227 461
72 462
1 463
343 464
248 465
304 466
232 467
41 468
384 469
55 470
104 471
144 472
201 473
4 474
466 475
151 476
446 477
106 478
59 479
124 480
139 481
280 482
423 483
62 484
31 485
361 486
270 487
287 488
206 489
62 490
77 491
246 492
385 493
40 494
363 495
222 496
485 497
97 498
46 499
304 500
55 501
201 502
319 503
43 504
323 505
17 506
274 507
125 508
415 509
400 510
373 511
422 512
396 513
144 514
499 515
312 516
191 517
360 518
413 519
405 520
175 521
63 522
260 523
210 524
294 525
283 526
488 527
513 528
75 529
255 530
446 531
124 532
360 533
474 534
206 535
469 536
475 537
32 538
245 539
187 540
188 541
79 542
395 543
512 544
140 545
282 546
501 547
197 548
430 549
9 550
36 551
501 552
154 553
216 554
50 555
236 556
130 557
382 558
318 559
421 560
147 561
500 562
62 563
109 564
552 565
53 566
406 567
176 568
88 569
140 570
279 571
34 572
534 573
262 574
222 575
442 576
275 577
16 578
351 579
357 580
10 581
140 582
450 583
30 584
307 585
425 586
85 587
518 588
312 589
459 590
363 591
44 592
93 593
92 594
143 595
175 596
421 597
241 598
44 599
8 600
448 601
120 602
68 603
30 604
135 605
348 606
13 607
434 608
536 609
551 610
507 611
599 612
456 613
394 614
565 615
211 616
154 617
381 618
443 619
554 620
469 621
180 622
423 623
288 624
206 625
594 626
348 627
492 628
59 629
345 630
546 631
304 632
147 633
170 634
410 635
518 636
230 637
374 638
353 639
357 640
560 641
298 642
216 643
19 644
468 645
182 646
604 647
567 648
345 649
300 650
622 651
481 652
601 653
141 654
258 655
478 656
292 657
609 658
107 659
483 660
312 661
488 662
346 663
465 664
290 665
119 666
609 667
23 668
237 669
364 670
526 671
254 672
408 673
7 674
186 675
203 676
160 677
196 678
627 679
394 680
485 681
629 682
36 683
397 684
476 685
224 686
443 687
216 688
172 689
307 690
519 691
447 692
663 693
366 694
513 695
205 696
305 697
433 698
607 699
642 700
419 701
417 702
64 703
380 704
565 705
200 706
285 707
364 708
296 709
369 710
206 711
378 712
375 713
289 714
347 715
623 716
619 717
267 718
491 719
483 720
622 721
527 722
242 723
304 724
724 725
356 726
437 727
45 728
6 729
120 730
4 731
396 732
491 733
243 734
189 735
593 736
262 737
485 738
156 739
179 740
292 741
23 742
113 743
410 744
51 745
30 746
318 747
199 748
401 749
6 750
163 751
25 752
288 753
193 754
385 755
439 756
163 757
169 758
155 759
150 760
249 761
440 762
387 763
391 764
516 765
484 766
204 767
440 768
517 769
328 770
102 771
57 772
268 773
559 774
523 775
608 776
482 777
501 778
73 779
225 780
489 781
771 782
537 783
618 784
431 785
768 786
384 787
484 788
462 789
264 790
421 791
331 792
615 793
31 794
186 795
249 796
711 797
410 798
449 799
61 800
231 801
76 802
444 803
85 804
733 805
63 806
80 807
250 808
189 809
163 810
446 811
317 812
231 813
555 814
688 815
657 816
330 817
294 818
629 819
266 820
76 821
365 822
200 823
20 824
588 825
552 826
226 827
340 828
362 829
252 830
769 831
294 832
431 833
191 834
365 835
365 836
25 837
302 838
279 839
829 840
542 841
708 842
356 843
305 844
752 845
259 846
438 847
810 848
695 849
115 850
176 851
453 852
658 853
365 854
358 855
631 856
457 857
535 858
166 859
175 860
140 861
307 862
114 863
765 864
157 865
324 866
602 867
176 868
111 869
119 870
169 871
27 872
346 873
685 874
225 875
470 876
144 877
429 878
781 879
235 880
291 881
726 882
631 883
6 884
242 885
189 886
868 887
535 888
139 889
128 890
272 891
584 892
278 893
822 894
304 895
803 896
739 897
55 898
807 899
480 900
288 901
680 902
514 903
592 904
421 905
62 906
120 907
113 908
804 909
86 910
45 911
26 912
736 913
556 914
746 915
528 916
494 917
12 918
835 919
34 920
183 921
245 922
675 923
358 924
918 925
205 926
590 927
62 928
252 929
646 930
551 931
28 932
78 933
33 934
683 935
25 936
9 937
431 938
30 939
399 940
263 941
128 942
406 943
513 944
738 945
402 946
147 947
649 948
229 949
705 950
829 951
695 952
790 953
72 954
252 955
697 956
504 957
82 958
221 959
488 960
678 961
718 962
600 963
793 964
198 965
605 966
828 967
232 968
660 969
886 970
970 971
655 972
410 973
929 974
292 975
962 976
96 977
849 978
879 979
945 980
267 981
875 982
973 983
399 984
477 985
292 986
385 987
369 988
278 989
936 990
165 991
50 992
920 993
863 994
638 995
201 996
372 997
872 998
709 999
743 1000
843 1001
810 1002
945 1003
633 1004
564 1005
833 1006
843 1007
6 1008
451 1009
924 1010
379 1011
907 1012
401 1013
856 1014
406 1015
58 1016
450 1017
690 1018
893 1019
412 1020
301 1021
37 1022
826 1023
117 1024
895 1025
615 1026
932 1027
643 1028
844 1029
995 1030
880 1031
23 1032
607 1033
865 1034
304 1035
895 1036
508 1037
96 1038
159 1039
608 1040
960 1041
572 1042
312 1043
380 1044
676 1045
296 1046
176 1047
17 1048
861 1049
180 1050
668 1051
95 1052
97 1053
859 1054
466 1055
584 1056
541 1057
135 1058
219 1059
303 1060
826 1061
604 1062
841 1063
789 1064
1011 1065
766 1066
1 1067
386 1068
44 1069
507 1070
617 1071
965 1072
304 1073
82 1074
581 1075
118 1076
975 1077
805 1078
949 1079
435 1080
489 1081
319 1082
21 1083
507 1084
364 1085
712 1086
33 1087
731 1088
813 1089
699 1090
645 1091
919 1092
896 1093
776 1094
438 1095
499 1096
164 1097
889 1098
1070 1099
1053 1100
213 1101
381 1102
474 1103
412 1104
596 1105
258 1106
703 1107
238 1108
391 1109
707 1110
67 1111
655 1112
940 1113
136 1114
288 1115
59 1116
240 1117
639 1118
396 1119
224 1120
494 1121
827 1122
635 1123
448 1124
411 1125
676 1126
317 1127
602 1128
490 1129
1086 1130
831 1131
929 1132
752 1133
622 1134
357 1135
869 1136
556 1137
171 1138
863 1139
704 1140
916 1141
579 1142
969 1143
239 1144
316 1145
484 1146
350 1147
393 1148
477 1149
414 1150
737 1151
564 1152
668 1153
1040 1154
466 1155
1112 1156
205 1157
396 1158
360 1159
888 1160
188 1161
296 1162
1105 1163
445 1164
333 1165
298 1166
670 1167
967 1168
713 1169
266 1170
104 1171
997 1172
807 1173
821 1174
882 1175
119 1176
188 1177
535 1178
1170 1179
523 1180
751 1181
1148 1182
1133 1183
355 1184
519 1185
1109 1186
784 1187
1160 1188
244 1189
182 1190
259 1191
1062 1192
1166 1193
1168 1194
1056 1195
244 1196
963 1197
603 1198
297 1199
1039 1200
881 1201
803 1202
225 1203
938 1204
214 1205
1149 1206
417 1207
872 1208
612 1209
1055 1210
297 1211
981 1212
1047 1213
167 1214
1001 1215
732 1216
576 1217
815 1218
466 1219
333 1220
420 1221
43 1222
379 1223
910 1224
308 1225
1026 1226
602 1227
40 1228
308 1229
4 1230
162 1231
186 1232
350 1233
180 1234
609 1235
198 1236
21 1237
755 1238
255 1239
794 1240
1132 1241
573 1242
346 1243
875 1244
167 1245
81 1246
120 1247
268 1248
63 1249
71 1250
733 1251
521 1252
430 1253
213 1254
584 1255
392 1256
152 1257
1166 1258
449 1259
1229 1260
438 1261
123 1262
82 1263
286 1264
1038 1265
479 1266
558 1267
1109 1268
750 1269
945 1270
732 1271
631 1272
101 1273
1169 1274
527 1275
19 1276
124 1277
721 1278
628 1279
274 1280
385 1281
1027 1282
760 1283
725 1284
99 1285
839 1286
1239 1287
928 1288
894 1289
838 1290
1284 1291
813 1292
992 1293
345 1294
240 1295
446 1296
924 1297
522 1298
658 1299
504 1300
1025 1301
657 1302
1007 1303
427 1304
446 1305
203 1306
484 1307
632 1308
214 1309
926 1310
567 1311
502 1312
1 1313
232 1314
674 1315
1078 1316
143 1317
728 1318
1307 1319
536 1320
319 1321
153 1322
663 1323
733 1324
1299 1325
956 1326
178 1327
420 1328
846 1329
1221 1330
161 1331
1013 1332
553 1333
83 1334
1272 1335
954 1336
236 1337
482 1338
120 1339
392 1340
713 1341
1318 1342
918 1343
1182 1344
677 1345
7 1346
158 1347
16 1348
364 1349
113 1350
603 1351
764 1352
338 1353
107 1354
1014 1355
878 1356
159 1357
1357 1358
584 1359
653 1360
726 1361
97 1362
693 1363
222 1364
108 1365
1273 1366
99 1367
612 1368
1036 1369
14 1370
1122 1371
95 1372
807 1373
1220 1374
160 1375
798 1376
43 1377
595 1378
384 1379
464 1380
1379 1381
24 1382
215 1383
1186 1384
982 1385
1267 1386
521 1387
713 1388
561 1389
1195 1390
667 1391
5 1392
597 1393
119 1394
826 1395
628 1396
919 1397
1332 1398
1001 1399
550 1400
857 1401
1068 1402
704 1403
309 1404
863 1405
45 1406
1354 1407
678 1408
877 1409
72 1410
483 1411
433 1412
1279 1413
626 1414
511 1415
1287 1416
257 1417
992 1418
674 1419
1171 1420
790 1421
1099 1422
963 1423
117 1424
169 1425
366 1426
666 1427
339 1428
1133 1429
141 1430
630 1431
77 1432
230 1433
924 1434
1423 1435
1295 1436
818 1437
545 1438
446 1439
49 1440
1125 1441
1138 1442
609 1443
703 1444
34 1445
237 1446
1082 1447
895 1448
573 1449
383 1450
284 1451
186 1452
1353 1453
529 1454
227 1455
1441 1456
888 1457
1403 1458
910 1459
358 1460
29 1461
1098 1462
1230 1463
704 1464
1128 1465
680 1466
73 1467
629 1468
375 1469
719 1470
1222 1471
392 1472
474 1473
1087 1474
595 1475
192 1476
1111 1477
195 1478
1005 1479
1409 1480
220 1481
791 1482
503 1483
1237 1484
670 1485
708 1486
1291 1487
743 1488
1173 1489
1284 1490
459 1491
937 1492
982 1493
782 1494
1204 1495
817 1496
704 1497
586 1498
344 1499
1155 1500
1415 1501
737 1502
31 1503
875 1504
1246 1505
986 1506
85 1507
927 1508
54 1509
1435 1510
35 1511
1136 1512
710 1513
916 1514
195 1515
15 1516
829 1517
63 1518
722 1519
753 1520
1283 1521
444 1522
869 1523
245 1524
954 1525
214 1526
1345 1527
166 1528
483 1529
1528 1530
1469 1531
1101 1532
996 1533
1079 1534
1522 1535
65 1536
752 1537
325 1538
1414 1539
1008 1540
159 1541
1199 1542
301 1543
1465 1544
435 1545
797 1546
1037 1547
1260 1548
69 1549
602 1550
1007 1551
1073 1552
1284 1553
604 1554
1375 1555
1250 1556
480 1557
707 1558
71 1559
1171 1560
191 1561
333 1562
1272 1563
849 1564
1321 1565
1327 1566
886 1567
1311 1568
457 1569
859 1570
876 1571
1242 1572
313 1573
1154 1574
1114 1575
214 1576
1267 1577
538 1578
573 1579
300 1580
902 1581
935 1582
1348 1583
257 1584
292 1585
259 1586
220 1587
1292 1588
1346 1589
1415 1590
940 1591
1070 1592
1316 1593
1394 1594
996 1595
389 1596
30 1597
959 1598
408 1599
31 1600
987 1601
276 1602
1357 1603
574 1604
273 1605
83 1606
301 1607
2 1608
811 1609
676 1610
774 1611
51 1612
1582 1613
76 1614
1299 1615
1367 1616
479 1617
917 1618
957 1619
96 1620
1184 1621
86 1622
704 1623
929 1624
293 1625
1568 1626
1378 1627
1593 1628
167 1629
603 1630
339 1631
941 1632
1070 1633
1319 1634
138 1635
1030 1636
998 1637
877 1638
175 1639
1088 1640
1112 1641
963 1642
1181 1643
378 1644
1295 1645
1014 1646
412 1647
1510 1648
964 1649
1045 1650
284 1651
455 1652
595 1653
1559 1654
193 1655
102 1656
878 1657
685 1658
964 1659
729 1660
193 1661
1285 1662
1638 1663
575 1664
826 1665
294 1666
1628 1667
741 1668
726 1669
1423 1670
448 1671
1294 1672
425 1673
540 1674
777 1675
1661 1676
140 1677
361 1678
139 1679
209 1680
682 1681
1180 1682
1463 1683
1416 1684
733 1685
504 1686
1382 1687
1224 1688
1584 1689
55 1690
1286 1691
756 1692
1152 1693
1073 1694
1684 1695
241 1696
1573 1697
394 1698
339 1699
603 1700
619 1701
1362 1702
33 1703
345 1704
959 1705
271 1706
1092 1707
730 1708
1259 1709
784 1710
59 1711
1223 1712
417 1713
1628 1714
105 1715
644 1716
1668 1717
722 1718
1460 1719
76 1720
447 1721
295 1722
357 1723
336 1724
246 1725
1292 1726
1725 1727
1566 1728
652 1729
740 1730
1342 1731
1335 1732
237 1733
1194 1734
1406 1735
1541 1736
299 1737
1611 1738
998 1739
16 1740
1063 1741
1609 1742
205 1743
972 1744
942 1745
1718 1746
710 1747
95 1748
291 1749
1365 1750
1254 1751
999 1752
1070 1753
1489 1754
229 1755
884 1756
533 1757
79 1758
499 1759
80 1760
889 1761
188 1762
1588 1763
755 1764
311 1765
620 1766
763 1767
888 1768
1548 1769
1013 1770
1664 1771
1063 1772
300 1773
714 1774
4 1775
1756 1776
1504 1777
1023 1778
133 1779
1485 1780
1134 1781
1456 1782
1560 1783
1258 1784
915 1785
1312 1786
440 1787
170 1788
1218 1789
708 1790
792 1791
1283 1792
1579 1793
1443 1794
72 1795
1082 1796
234 1797
152 1798
776 1799
240 1800
257 1801
1659 1802
1357 1803
1355 1804
1775 1805
1023 1806
10 1807
540 1808
144 1809
187 1810
297 1811
7 1812
234 1813
190 1814
507 1815
239 1816
1281 1817
1538 1818
1637 1819
1733 1820
148 1821
380 1822
796 1823
238 1824
727 1825
358 1826
1781 1827
399 1828
1376 1829
517 1830
309 1831
1519 1832
1382 1833
1066 1834
1328 1835
526 1836
428 1837
604 1838
1412 1839
307 1840
1186 1841
1496 1842
1311 1843
609 1844
271 1845
367 1846
83 1847
296 1848
534 1849
1340 1850
412 1851
1346 1852
1434 1853
535 1854
639 1855
748 1856
569 1857
1038 1858
998 1859
1405 1860
658 1861
280 1862
645 1863
1861 1864
786 1865
1375 1866
699 1867
36 1868
168 1869
636 1870
208 1871
423 1872
1546 1873
204 1874
394 1875
1279 1876
661 1877
497 1878
1337 1879
1245 1880
85 1881
108 1882
826 1883
1026 1884
1122 1885
1331 1886
133 1887
1355 1888
772 1889
1290 1890
1369 1891
312 1892
1315 1893
1284 1894
1010 1895
1312 1896
144 1897
1558 1898
1236 1899
1865 1900
394 1901
268 1902
614 1903
770 1904
823 1905
862 1906
1808 1907
1270 1908
689 1909
1213 1910
600 1911
849 1912
1036 1913
1151 1914
1395 1915
295 1916
69 1917
1132 1918
1451 1919
1064 1920
1475 1921
1191 1922
1706 1923
3 1924
499 1925
1043 1926
323 1927
1156 1928
1521 1929
798 1930
1917 1931
1589 1932
1710 1933
271 1934
586 1935
1291 1936
299 1937
1838 1938
394 1939
401 1940
1605 1941
979 1942
875 1943
1428 1944
1477 1945
1239 1946
1909 1947
1187 1948
1 1949
1478 1950
792 1951
1944 1952
257 1953
611 1954
1289 1955
1752 1956
721 1957
1520 1958
1362 1959
1120 1960
733 1961
809 1962
1238 1963
1877 1964
311 1965
1487 1966
384 1967
61 1968
1749 1969
1210 1970
1445 1971
1884 1972
1702 1973
1261 1974
1629 1975
753 1976
738 1977
1363 1978
369 1979
747 1980
339 1981
1192 1982
1406 1983
346 1984
489 1985
363 1986
184 1987
1197 1988
1175 1989
1564 1990
45 1991
1037 1992
45 1993
1888 1994
367 1995
704 1996
130 1997
1901 1998
1374 1999
949 2000
1348 2001
1401 2002
1334 2003
764 2004
1408 2005
376 2006
1122 2007
1366 2008
295 2009
126 2010
1273 2011
149 2012
427 2013
288 2014
996 2015
1078 2016
1992 2017
994 2018
736 2019
1010 2020
844 2021
317 2022
86 2023
1669 2024
667 2025
428 2026
466 2027
915 2028
628 2029
1852 2030
1497 2031
919 2032
1575 2033
1262 2034
148 2035
1673 2036
406 2037
17 2038
904 2039
1128 2040
1874 2041
1007 2042
1031 2043
1513 2044
1361 2045
21 2046
994 2047
124 2048
1721 2049
763 2050
1404 2051
147 2052
1811 2053
701 2054
1013 2055
1790 2056
1844 2057
1232 2058
51 2059
497 2060
870 2061
587 2062
1016 2063
1671 2064
1769 2065
1297 2066
1709 2067
194 2068
677 2069
1461 2070
944 2071
910 2072
487 2073
306 2074
316 2075
1341 2076
1803 2077
1719 2078
1928 2079
970 2080
1760 2081
1353 2082
317 2083
1766 2084
1682 2085
145 2086
1885 2087
625 2088
1244 2089
917 2090
98 2091
1922 2092
825 2093
1972 2094
1899 2095
24 2096
806 2097
373 2098
1921 2099
112 2100
844 2101
633 2102
1722 2103
1583 2104
2020 2105
1635 2106
17 2107
1149 2108
396 2109
416 2110
1993 2111
983 2112
297 2113
88 2114
350 2115
300 2116
574 2117
879 2118
178 2119
474 2120
1803 2121
1153 2122
677 2123
514 2124
150 2125
1851 2126
1097 2127
134 2128
818 2129
1736 2130
318 2131
443 2132
1958 2133
2069 2134
37 2135
1033 2136
100 2137
1181 2138
1554 2139
1749 2140
65 2141
1118 2142
1818 2143
835 2144
1462 2145
494 2146
1112 2147
1004 2148
933 2149
283 2150
1822 2151
1457 2152
1787 2153
2136 2154
1061 2155
176 2156
1195 2157
735 2158
1920 2159
360 2160
160 2161
934 2162
2071 2163
1950 2164
1083 2165
1825 2166
1632 2167
1717 2168
1590 2169
1030 2170
417 2171
188 2172
2043 2173
945 2174
860 2175
493 2176
873 2177
315 2178
359 2179
689 2180
1141 2181
287 2182
293 2183
1837 2184
275 2185
698 2186
939 2187
157 2188
1169 2189
627 2190
351 2191
1287 2192
2145 2193
1755 2194
810 2195
1287 2196
2023 2197
1677 2198
788 2199
1224 2200
409 2201
998 2202
544 2203
1718 2204
2201 2205
1250 2206
878 2207
149 2208
728 2209
887 2210
118 2211
132 2212
969 2213
1556 2214
2096 2215
1339 2216
1883 2217
617 2218
2110 2219
1652 2220
194 2221
1455 2222
196 2223
2110 2224
1948 2225
1426 2226
202 2227
1973 2228
272 2229
1961 2230
224 2231
655 2232
465 2233
2001 2234
329 2235
614 2236
822 2237
284 2238
406 2239
1518 2240
1060 2241
887 2242
2051 2243
1130 2244
1788 2245
1760 2246
1251 2247
1082 2248
1994 2249
1714 2250
444 2251
1848 2252
466 2253
434 2254
239 2255
2106 2256
378 2257
567 2258
492 2259
325 2260
1592 2261
1485 2262
1417 2263
895 2264
1280 2265
315 2266
279 2267
62 2268
1055 2269
481 2270
530 2271
2211 2272
1973 2273
2170 2274
150 2275
1245 2276
1134 2277
1058 2278
1072 2279
713 2280
1944 2281
1402 2282
1546 2283
1478 2284
1985 2285
191 2286
2031 2287
541 2288
1732 2289
1433 2290
763 2291
2068 2292
1711 2293
201 2294
692 2295
1476 2296
1220 2297
670 2298
1583 2299
38 2300
723 2301
1353 2302
1270 2303
1349 2304
1308 2305
1205 2306
502 2307
1088 2308
182 2309
519 2310
1087 2311
294 2312
1907 2313
923 2314
1672 2315
363 2316
1476 2317
1010 2318
1535 2319
1566 2320
1737 2321
2177 2322
1661 2323
1872 2324
1378 2325
1616 2326
692 2327
480 2328
1865 2329
156 2330
105 2331
2164 2332
1358 2333
160 2334
2123 2335
2094 2336
1596 2337
1214 2338
1667 2339
1496 2340
355 2341
1439 2342
2247 2343
210 2344
315 2345
1270 2346
1905 2347
159 2348
332 2349
1388 2350
1605 2351
1936 2352
2295 2353
1042 2354
648 2355
2294 2356
703 2357
1065 2358
478 2359
1353 2360
1641 2361
853 2362
535 2363
851 2364
1503 2365
1703 2366
555 2367
1040 2368
141 2369
2025 2370
1186 2371
548 2372
2312 2373
2116 2374
662 2375
559 2376
300 2377
594 2378
1173 2379
1693 2380
1042 2381
373 2382
1080 2383
837 2384
603 2385
2274 2386
491 2387
1769 2388
1834 2389
2372 2390
2135 2391
657 2392
1221 2393
2345 2394
1881 2395
2003 2396
1749 2397
1598 2398
1310 2399
2141 2400
2138 2401
187 2402
1346 2403
1675 2404
804 2405
402 2406
1967 2407
1585 2408
1478 2409
847 2410
847 2411
1740 2412
1922 2413
737 2414
772 2415
2028 2416
1028 2417
1633 2418
730 2419
755 2420
31 2421
852 2422
2010 2423
107 2424
2248 2425
2032 2426
2243 2427
1609 2428
1616 2429
1851 2430
1528 2431
963 2432
426 2433
839 2434
425 2435
719 2436
56 2437
1510 2438
601 2439
352 2440
1455 2441
2221 2442
1037 2443
2090 2444
899 2445
2114 2446
1302 2447
1324 2448
1679 2449
1933 2450
1898 2451
1203 2452
1205 2453
76 2454
58 2455
689 2456
531 2457
988 2458
1833 2459
2289 2460
956 2461
715 2462
2301 2463
549 2464
2170 2465
1723 2466
2226 2467
636 2468
1772 2469
472 2470
27 2471
1887 2472
64 2473
1053 2474
2214 2475
2160 2476
2434 2477
545 2478
20 2479
620 2480
2472 2481
194 2482
2318 2483
199 2484
1389 2485
1874 2486
1403 2487
2406 2488
1210 2489
2405 2490
1971 2491
436 2492
1226 2493
1420 2494
1058 2495
1205 2496
321 2497
508 2498
1007 2499
151 2500
684 2501
2034 2502
1086 2503
441 2504
1540 2505
2134 2506
408 2507
1898 2508
428 2509
1409 2510
1118 2511
1262 2512
1164 2513
1942 2514
1369 2515
46 2516
538 2517
124 2518
207 2519
2318 2520
686 2521
1266 2522
1475 2523
962 2524
1159 2525
944 2526
870 2527
339 2528
697 2529
1083 2530
1862 2531
866 2532
427 2533
973 2534
1839 2535
2062 2536
569 2537
1519 2538
1190 2539
731 2540
1026 2541
2344 2542
212 2543
837 2544
1034 2545
1460 2546
486 2547
425 2548
2495 2549
332 2550
2295 2551
807 2552
1937 2553
34 2554
51 2555
2203 2556
503 2557
621 2558
2104 2559
653 2560
1979 2561
1158 2562
555 2563
464 2564
333 2565
1313 2566
2461 2567
1942 2568
1136 2569
1205 2570
1178 2571
13 2572
2024 2573
1839 2574
320 2575
371 2576
110 2577
2341 2578
849 2579
913 2580
623 2581
863 2582
211 2583
926 2584
1950 2585
586 2586
1623 2587
1273 2588
1672 2589
1932 2590
1675 2591
491 2592
2312 2593
1268 2594
1908 2595
446 2596
131 2597
729 2598
1660 2599
692 2600
1129 2601
589 2602
1854 2603
2564 2604
2246 2605
1742 2606
181 2607
1571 2608
1782 2609
546 2610
1159 2611
119 2612
868 2613
2535 2614
1944 2615
1599 2616
829 2617
2168 2618
1340 2619
1992 2620
1287 2621
2439 2622
1061 2623
28 2624
1884 2625
2516 2626
2324 2627
2521 2628
1269 2629
1187 2630
2430 2631
2431 2632
2554 2633
1333 2634
920 2635
1252 2636
802 2637
2503 2638
1024 2639
869 2640
246 2641
1984 2642
2478 2643
1536 2644
1570 2645
1211 2646
2123 2647
1981 2648
1208 2649
1016 2650
356 2651
1610 2652
1780 2653
2193 2654
611 2655
2571 2656
1256 2657
118 2658
1338 2659
183 2660
1223 2661
2564 2662
2104 2663
2389 2664
763 2665
1147 2666
1013 2667
1211 2668
374 2669
1275 2670
1254 2671
1051 2672
2285 2673
2369 2674
1373 2675
246 2676
1819 2677
1842 2678
495 2679
876 2680
860 2681
1854 2682
207 2683
747 2684
1612 2685
3 2686
1719 2687
1591 2688
1340 2689
1729 2690
1267 2691
2685 2692
1939 2693
2610 2694
2440 2695
152 2696
1633 2697
1006 2698
1421 2699
2647 2700
1499 2701
687 2702
68 2703
2543 2704
437 2705
2517 2706
557 2707
2230 2708
112 2709
283 2710
1816 2711
732 2712
482 2713
1523 2714
2632 2715
904 2716
1211 2717
172 2718
762 2719
2147 2720
2617 2721
2177 2722
695 2723
1080 2724
1858 2725
1997 2726
2264 2727
1270 2728
1336 2729
76 2730
2046 2731
540 2732
658 2733
2725 2734
491 2735
860 2736
361 2737
442 2738
2327 2739
1167 2740
675 2741
1758 2742
197 2743
1087 2744
527 2745
2263 2746
1546 2747
2605 2748
2522 2749
2214 2750
727 2751
2022 2752
111 2753
2212 2754
1041 2755
2641 2756
126 2757
2111 2758
1337 2759
338 2760
1785 2761
2299 2762
1293 2763
498 2764
1541 2765
767 2766
866 2767
1331 2768
703 2769
855 2770
1235 2771
252 2772
711 2773
2350 2774
2384 2775
842 2776
2285 2777
1453 2778
1474 2779
554 2780
1828 2781
2425 2782
2746 2783
1477 2784
2097 2785
2120 2786
1832 2787
1325 2788
2292 2789
2543 2790
527 2791
1867 2792
1296 2793
372 2794
1865 2795
990 2796
337 2797
332 2798
579 2799
329 2800
1981 2801
2443 2802
265 2803
2209 2804
1743 2805
1449 2806
1384 2807
252 2808
1394 2809
86 2810
328 2811
81 2812
1948 2813
1515 2814
2274 2815
694 2816
2815 2817
1576 2818
1377 2819
1608 2820
657 2821
1274 2822
1701 2823
51 2824
2778 2825
2020 2826
79 2827
1724 2828
191 2829
2156 2830
535 2831
42 2832
469 2833
1765 2834
15 2835
2177 2836
2234 2837
2411 2838
12 2839
2737 2840
1118 2841
2655 2842
1218 2843
849 2844
1430 2845
2092 2846
2822 2847
2668 2848
1581 2849
1479 2850
41 2851
2716 2852
1437 2853
900 2854
2 2855
2083 2856
1145 2857
2344 2858
1880 2859
237 2860
2148 2861
1849 2862
1167 2863
1509 2864
1194 2865
1072 2866
1542 2867
2492 2868
2069 2869
1240 2870
1549 2871
123 2872
745 2873
2137 2874
2344 2875
290 2876
134 2877
1927 2878
2651 2879
2608 2880
2401 2881
554 2882
1433 2883
540 2884
2188 2885
1561 2886
2311 2887
700 2888
986 2889
1189 2890
2693 2891
398 2892
1049 2893
904 2894
1049 2895
2402 2896
465 2897
36 2898
2599 2899
1103 2900
313 2901
991 2902
1851 2903
1521 2904
1303 2905
2219 2906
154 2907
1644 2908
383 2909
482 2910
2573 2911
162 2912
2048 2913
1840 2914
2458 2915
470 2916
1980 2917
2353 2918
2212 2919
1811 2920
1283 2921
1952 2922
1534 2923
771 2924
944 2925
1093 2926
1954 2927
771 2928
2583 2929
1626 2930
1942 2931
2769 2932
2284 2933
1303 2934
1369 2935
2011 2936
581 2937
72 2938
2124 2939
1936 2940
831 2941
2315 2942
1990 2943
1076 2944
1922 2945
66 2946
920 2947
1079 2948
587 2949
2393 2950
2631 2951
1241 2952
2443 2953
672 2954
2313 2955
949 2956
1113 2957
686 2958
2546 2959
2594 2960
2474 2961
2639 2962
669 2963
883 2964
2353 2965
1477 2966
834 2967
1721 2968
1360 2969
514 2970
1163 2971
1949 2972
127 2973
261 2974
2857 2975
1420 2976
1477 2977
2703 2978
2580 2979
1203 2980
893 2981
2298 2982
573 2983
2877 2984
2623 2985
621 2986
698 2987
2847 2988
2729 2989
1019 2990
2639 2991
1833 2992
2155 2993
2977 2994
2526 2995
1273 2996
2521 2997
349 2998
226 2999
2323 3000
193 3001
1824 3002
1318 3003
664 3004
1043 3005
2436 3006
519 3007
1209 3008
2648 3009
2393 3010
1740 3011
1749 3012
2304 3013
267 3014
249 3015
1459 3016
262 3017
283 3018
2963 3019
1612 3020
1292 3021
3013 3022
1011 3023
1396 3024
1712 3025
661 3026
2396 3027
233 3028
2745 3029
1558 3030
2470 3031
112 3032
734 3033
1538 3034
415 3035
2422 3036
1814 3037
251 3038
197 3039
1687 3040
2468 3041
37 3042
557 3043
1310 3044
2631 3045
1691 3046
93 3047
2042 3048
1910 3049
1974 3050
116 3051
2999 3052
2977 3053
2914 3054
2273 3055
2461 3056
1073 3057
1869 3058
2108 3059
1363 3060
1168 3061
2052 3062
2116 3063
2287 3064
1323 3065
1043 3066
1527 3067
2483 3068
103 3069
2687 3070
840 3071
617 3072
533 3073
1749 3074
2150 3075
1862 3076
218 3077
624 3078
2342 3079
160 3080
2492 3081
2432 3082
2928 3083
58 3084
477 3085
1930 3086
708 3087
2962 3088
2444 3089
1075 3090
334 3091
2701 3092
2261 3093
1345 3094
3022 3095
316 3096
2863 3097
2843 3098
1572 3099
1546 3100
132 3101
2451 3102
1834 3103
2263 3104
2693 3105
873 3106
1665 3107
329 3108
724 3109
2211 3110
129 3111
2586 3112
1563 3113
1123 3114
1251 3115
555 3116
2570 3117
581 3118
1629 3119
662 3120
407 3121
2892 3122
1092 3123
1845 3124
2722 3125
1355 3126
2571 3127
2062 3128
1288 3129
1571 3130
1073 3131
320 3132
1728 3133
439 3134
1128 3135
332 3136
897 3137
1418 3138
461 3139
1877 3140
1516 3141
2621 3142
1214 3143
549 3144
2107 3145
127 3146
2437 3147
2094 3148
2454 3149
438 3150
2131 3151
409 3152
407 3153
1204 3154
1797 3155
3067 3156
2917 3157
572 3158
2600 3159
1973 3160
1358 3161
2794 3162
2452 3163
2324 3164
2209 3165
1901 3166
2576 3167
621 3168
34 3169
2244 3170
1454 3171
802 3172
50 3173
2674 3174
3101 3175
2107 3176
1349 3177
1563 3178
1720 3179
796 3180
909 3181
1669 3182
2464 3183
127 3184
650 3185
2583 3186
1163 3187
771 3188
810 3189
1194 3190
1543 3191
54 3192
1743 3193
1963 3194
1369 3195
1653 3196
398 3197
2859 3198
2600 3199
1089 3200
154 3201
3119 3202
2989 3203
1154 3204
1945 3205
1805 3206
2592 3207
1321 3208
2846 3209
2191 3210
2350 3211
2577 3212
262 3213
3168 3214
1271 3215
230 3216
2017 3217
205 3218
1070 3219
2690 3220
2409 3221
2650 3222
1218 3223
1492 3224
285 3225
1128 3226
2931 3227
7 3228
1528 3229
1897 3230
1936 3231
2693 3232
1358 3233
2503 3234
2296 3235
2152 3236
166 3237
458 3238
1402 3239
2198 3240
2255 3241
666 3242
1311 3243
2574 3244
203 3245
2468 3246
2406 3247
2325 3248
869 3249
1986 3250
1843 3251
2563 3252
554 3253
495 3254
1184 3255
378 3256
2400 3257
3096 3258
1270 3259
1877 3260
2918 3261
2467 3262
1917 3263
1294 3264
1096 3265
2008 3266
3087 3267
2839 3268
1294 3269
1054 3270
2087 3271
1135 3272
1692 3273
1004 3274
1229 3275
1420 3276
1426 3277
2070 3278
721 3279
816 3280
1595 3281
926 3282
267 3283
548 3284
1515 3285
550 3286
1745 3287
2556 3288
2617 3289
910 3290
1099 3291
668 3292
1466 3293
2100 3294
2599 3295
3132 3296
1590 3297
2960 3298
559 3299
1989 3300
2976 3301
2447 3302
1279 3303
888 3304
848 3305
1773 3306
350 3307
235 3308
1519 3309
1233 3310
152 3311
268 3312
2466 3313
20 3314
1531 3315
1896 3316
913 3317
3113 3318
2813 3319
1257 3320
2877 3321
30 3322
2448 3323
1962 3324
2750 3325
1843 3326
270 3327
3260 3328
2272 3329
139 3330
1712 3331
2028 3332
476 3333
2699 3334
3131 3335
1274 3336
3251 3337
2903 3338
3187 3339
1510 3340
5 3341
388 3342
1469 3343
2455 3344
2605 3345
1598 3346
2229 3347
3228 3348
53 3349
438 3350
256 3351
1062 3352
355 3353
1646 3354
3353 3355
1990 3356
2978 3357
203 3358
406 3359
529 3360
553 3361
2298 3362
2273 3363
1479 3364
269 3365
3305 3366
2694 3367
545 3368
1582 3369
2943 3370
3248 3371
603 3372
2692 3373
1732 3374
1284 3375
1273 3376
2102 3377
1846 3378
2591 3379
678 3380
1191 3381
1645 3382
2751 3383
400 3384
2575 3385
2600 3386
3217 3387
1853 3388
2880 3389
2372 3390
924 3391
2104 3392
1158 3393
2422 3394
1011 3395
1323 3396
2423 3397
2864 3398
3251 3399
3202 3400
1872 3401
493 3402
2698 3403
1649 3404
2144 3405
1768 3406
1092 3407
2929 3408
404 3409
2568 3410
3159 3411
785 3412
2475 3413
6 3414
475 3415
1142 3416
1211 3417
996 3418
2583 3419
73 3420
434 3421
950 3422
449 3423
1900 3424
290 3425
191 3426
3120 3427
978 3428
2842 3429
348 3430
899 3431
255 3432
3003 3433
2214 3434
1893 3435
557 3436
3400 3437
2615 3438
2520 3439
1635 3440
267 3441
2239 3442
730 3443
2243 3444
1339 3445
847 3446
1412 3447
3067 3448
2399 3449
171 3450
2860 3451
2763 3452
784 3453
2242 3454
350 3455
105 3456
2047 3457
2770 3458
2909 3459
2983 3460
2210 3461
2474 3462
2453 3463
1964 3464
846 3465
2820 3466
2668 3467
182 3468
2574 3469
1204 3470
365 3471
2211 3472
101 3473
1826 3474
3380 3475
2404 3476
1441 3477
1133 3478
1835 3479
3201 3480
257 3481
2854 3482
1566 3483
2297 3484
319 3485
2355 3486
2708 3487
2003 3488
1631 3489
1403 3490
122 3491
1661 3492
967 3493
142 3494
2101 3495
1836 3496
2314 3497
686 3498
1939 3499
2475 3500
3222 3501
152 3502
460 3503
115 3504
2896 3505
657 3506
293 3507
2120 3508
1207 3509
1143 3510
2206 3511
2278 3512
1046 3513
212 3514
211 3515
299 3516
1833 3517
59 3518
548 3519
1455 3520
2496 3521
1262 3522
2953 3523
146 3524
1094 3525
1363 3526
552 3527
3394 3528
2414 3529
3291 3530
1863 3531
849 3532
2458 3533
1187 3534
1017 3535
2872 3536
2358 3537
249 3538
3000 3539
2523 3540
876 3541
3203 3542
1529 3543
3088 3544
2002 3545
1308 3546
3505 3547
2440 3548
1844 3549
3385 3550
1866 3551
2345 3552
920 3553
372 3554
2893 3555
2273 3556
1327 3557
3210 3558
2311 3559
1592 3560
857 3561
1222 3562
2136 3563
2665 3564
3359 3565
3294 3566
1410 3567
3543 3568
1697 3569
2382 3570
81 3571
2325 3572
1436 3573
1029 3574
1847 3575
3039 3576
282 3577
3456 3578
2145 3579
1601 3580
2574 3581
59 3582
1643 3583
524 3584
869 3585
1079 3586
334 3587
2679 3588
872 3589
1779 3590
869 3591
2390 3592
321 3593
2307 3594
1967 3595
65 3596
2184 3597
3462 3598
2219 3599
2813 3600
1973 3601
2058 3602
1873 3603
2070 3604
2989 3605
1128 3606
1843 3607
1401 3608
1486 3609
1410 3610
3037 3611
349 3612
839 3613
1571 3614
1779 3615
1011 3616
3450 3617
1345 3618
3086 3619
2406 3620
1840 3621
1423 3622
2825 3623
2077 3624
1880 3625
3429 3626
1666 3627
1776 3628
3346 3629
3009 3630
1081 3631
1810 3632
2771 3633
740 3634
1160 3635
1464 3636
2147 3637
158 3638
179 3639
935 3640
1905 3641
831 3642
1190 3643
2102 3644
1771 3645
2778 3646
3288 3647
411 3648
3082 3649
146 3650
2994 3651
718 3652
2958 3653
2052 3654
86 3655
3609 3656
1379 3657
2429 3658
1791 3659
994 3660
1008 3661
453 3662
292 3663
1495 3664
2546 3665
152 3666
2096 3667
1101 3668
2739 3669
2866 3670
1119 3671
3267 3672
1215 3673
1431 3674
2319 3675
2519 3676
224 3677
3050 3678
1787 3679
138 3680
191 3681
2319 3682
3263 3683
287 3684
3527 3685
2167 3686
2066 3687
3369 3688
1393 3689
229 3690
1884 3691
2021 3692
949 3693
3066 3694
3077 3695
2754 3696
510 3697
3689 3698
711 3699
2153 3700
745 3701
1857 3702
2219 3703
2664 3704
2759 3705
287 3706
1258 3707
753 3708
2609 3709
2131 3710
3240 3711
1843 3712
1100 3713
1222 3714
19 3715
2074 3716
3097 3717
196 3718
2254 3719
3437 3720
2789 3721
202 3722
566 3723
2418 3724
3215 3725
2083 3726
533 3727
1356 3728
2843 3729
2111 3730
2333 3731
482 3732
3727 3733
1500 3734
3033 3735
2664 3736
1016 3737
736 3738
2208 3739
2246 3740
423 3741
3032 3742
2184 3743
1398 3744
772 3745
1981 3746
3308 3747
539 3748
2920 3749
3180 3750
1181 3751
700 3752
397 3753
1908 3754
1855 3755
3084 3756
2405 3757
3133 3758
309 3759
2301 3760
1376 3761
1374 3762
3146 3763
2792 3764
220 3765
3452 3766
3574 3767
3212 3768
2825 3769
2071 3770
3016 3771
475 3772
1612 3773
2014 3774
147 3775
495 3776
2205 3777
2926 3778
3234 3779
1666 3780
281 3781
2538 3782
2371 3783
1723 3784
1734 3785
2524 3786
2849 3787
1343 3788
907 3789
1826 3790
678 3791
3656 3792
1753 3793
2638 3794
2021 3795
1488 3796
333 3797
1930 3798
2995 3799
2845 3800
2714 3801
1026 3802
2923 3803
1088 3804
786 3805
1486 3806
1954 3807
1492 3808
1078 3809
446 3810
3405 3811
484 3812
730 3813
3313 3814
715 3815
1113 3816
3196 3817
1051 3818
2594 3819
3209 3820
794 3821
2379 3822
481 3823
3051 3824
1993 3825
1639 3826
1536 3827
478 3828
736 3829
499 3830
2017 3831
2100 3832
386 3833
2033 3834
1657 3835
1407 3836
120 3837
3521 3838
2720 3839
2014 3840
1754 3841
3217 3842
1972 3843
1527 3844
2724 3845
2776 3846
173 3847
1279 3848
1676 3849
2891 3850
3031 3851
2490 3852
2970 3853
2613 3854
1360 3855
530 3856
3194 3857
2709 3858
93 3859
1590 3860
3203 3861
1461 3862
1915 3863
117 3864
3747 3865
1381 3866
1537 3867
2667 3868
80 3869
3387 3870
2140 3871
295 3872
604 3873
1740 3874
899 3875
2755 3876
2948 3877
1027 3878
3869 3879
3257 3880
238 3881
3051 3882
15 3883
1477 3884
1257 3885
3206 3886
2344 3887
1437 3888
1183 3889
3701 3890
3472 3891
755 3892
2626 3893
2389 3894
496 3895
3151 3896
2217 3897
2762 3898
917 3899
2824 3900
3384 3901
1226 3902
1964 3903
1588 3904
1329 3905
1573 3906
1355 3907
3486 3908
3408 3909
3897 3910
1243 3911
3074 3912
2670 3913
2328 3914
808 3915
374 3916
315 3917
1011 3918
2729 3919
2317 3920
3289 3921
293 3922
3415 3923
2538 3924
880 3925
794 3926
1248 3927
1803 3928
1739 3929
3464 3930
3700 3931
3018 3932
2660 3933
3162 3934
291 3935
2392 3936
1534 3937
2119 3938
2758 3939
2585 3940
3266 3941
2576 3942
3885 3943
1932 3944
1086 3945
240 3946
2919 3947
1547 3948
719 3949
3856 3950
906 3951
2645 3952
148 3953
1507 3954
2969 3955
1338 3956
3352 3957
1362 3958
2102 3959
2141 3960
3077 3961
1809 3962
3813 3963
2846 3964
3587 3965
1841 3966
2227 3967
822 3968
1254 3969
1897 3970
221 3971
3749 3972
1363 3973
37 3974
408 3975
2867 3976
3616 3977
2651 3978
3790 3979
3436 3980
972 3981
1527 3982
1855 3983
618 3984
3495 3985
3193 3986
960 3987
3578 3988
1571 3989
7 3990
3577 3991
3656 3992
1525 3993
1590 3994
1660 3995
921 3996
2714 3997
373 3998
3759 3999
3013 4000
2819 4001
1585 4002
751 4003
3506 4004
3069 4005
1004 4006
2465 4007
1759 4008
425 4009
2250 4010
193 4011
3889 4012
2109 4013
584 4014
2223 4015
1371 4016
379 4017
3305 4018
3133 4019
2464 4020
2615 4021
1906 4022
1869 4023
492 4024
2536 4025
2180 4026
529 4027
2186 4028
1857 4029
3727 4030
51 4031
1447 4032
865 4033
3752 4034
2833 4035
775 4036
1172 4037
1547 4038
438 4039
4000 4040
2360 4041
2739 4042
2580 4043
3069 4044
3310 4045
1509 4046
585 4047
4024 4048
1014 4049
2531 4050
3538 4051
704 4052
111 4053
1477 4054
2116 4055
400 4056
1808 4057
1242 4058
3647 4059
2263 4060
3389 4061
3977 4062
1836 4063
3696 4064
1685 4065
2200 4066
2410 4067
2555 4068
1896 4069
546 4070
1653 4071
2663 4072
541 4073
3514 4074
2997 4075
2759 4076
2736 4077
2392 4078
2441 4079
3023 4080
2705 4081
730 4082
2535 4083
1185 4084
3576 4085
3266 4086
1051 4087
252 4088
806 4089
2883 4090
92 4091
1897 4092
2273 4093
326 4094
2496 4095
1139 4096
1700 4097
3797 4098
2231 4099
3034 4100
822 4101
468 4102
424 4103
2918 4104
667 4105
393 4106
1189 4107
2176 4108
716 4109
1398 4110
2373 4111
1527 4112
2316 4113
3827 4114
3596 4115
3051 4116
2641 4117
1044 4118
79 4119
475 4120
3557 4121
592 4122
3145 4123
3121 4124
2982 4125
3095 4126
864 4127
1055 4128
3837 4129
2283 4130
3127 4131
75 4132
889 4133
101 4134
1132 4135
1176 4136
406 4137
417 4138
3308 4139
339 4140
3615 4141
645 4142
731 4143
4131 4144
1927 4145
891 4146
4124 4147
3857 4148
2014 4149
4091 4150
2691 4151
1131 4152
3510 4153
1494 4154
132 4155
279 4156
2583 4157
3421 4158
841 4159
601 4160
2268 4161
25 4162
1346 4163
692 4164
4091 4165
694 4166
739 4167
3914 4168
2714 4169
980 4170
2767 4171
510 4172
3445 4173
3410 4174
3315 4175
638 4176
1442 4177
873 4178
2693 4179
1842 4180
1371 4181
221 4182
1679 4183
633 4184
302 4185
2194 4186
1643 4187
3437 4188
3551 4189
3122 4190
2317 4191
3012 4192
714 4193
99 4194
225 4195
798 4196
779 4197
3378 4198
503 4199
1950 4200
2412 4201
3299 4202
2967 4203
1800 4204
2033 4205
150 4206
3592 4207
2383 4208
3547 4209
1791 4210
3233 4211
3128 4212
2517 4213
1155 4214
1384 4215
171 4216
1308 4217
2273 4218
2979 4219
1849 4220
765 4221
4048 4222
1715 4223
650 4224
1906 4225
2946 4226
3707 4227
2725 4228
4167 4229
1793 4230
2227 4231
168 4232
1942 4233
3688 4234
2313 4235
2693 4236
413 4237
875 4238
3535 4239
417 4240
1504 4241
798 4242
3786 4243
1811 4244
3429 4245
3421 4246
2327 4247
2121 4248
2825 4249
3272 4250
1650 4251
1450 4252
2275 4253
1063 4254
3457 4255
4028 4256
658 4257
265 4258
994 4259
906 4260
1945 4261
3155 4262
2286 4263
3531 4264
739 4265
3821 4266
1171 4267
3916 4268
3670 4269
2161 4270
231 4271
3714 4272
2901 4273
2751 4274
430 4275
4120 4276
2340 4277
2722 4278
685 4279
3553 4280
1936 4281
3383 4282
1809 4283
3681 4284
848 4285
552 4286
720 4287
924 4288
2615 4289
3733 4290
2154 4291
3570 4292
2547 4293
2742 4294
1481 4295
2070 4296
357 4297
2900 4298
2744 4299
4013 4300
1590 4301
1125 4302
3916 4303
412 4304
1020 4305
2759 4306
1732 4307
955 4308
4174 4309
78 4310
1778 4311
350 4312
3866 4313
180 4314
3803 4315
2702 4316
1483 4317
1685 4318
1043 4319
3358 4320
1842 4321
880 4322
3726 4323
3487 4324
1715 4325
3411 4326
1512 4327
2358 4328
1236 4329
2366 4330
965 4331
2022 4332
1491 4333
1777 4334
4088 4335
845 4336
1754 4337
822 4338
1161 4339
3443 4340
2087 4341
1843 4342
2816 4343
3158 4344
3253 4345
68 4346
3415 4347
922 4348
932 4349
3201 4350
3554 4351
1726 4352
3825 4353
1385 4354
353 4355
2995 4356
173 4357
77 4358
2957 4359
2431 4360
792 4361
428 4362
342 4363
3824 4364
2329 4365
879 4366
2719 4367
2080 4368
1323 4369
4280 4370
1558 4371
484 4372
3203 4373
1899 4374
1251 4375
4076 4376
3962 4377
3357 4378
269 4379
3019 4380
1095 4381
2700 4382
2916 4383
3142 4384
311 4385
378 4386
4091 4387
1461 4388
69 4389
4351 4390
2483 4391
2291 4392
781 4393
3436 4394
2163 4395
1954 4396
1426 4397
983 4398
1740 4399
107 4400
2874 4401
3435 4402
1428 4403
143 4404
1797 4405
3707 4406
3315 4407
3728 4408
3280 4409
1201 4410
3289 4411
1267 4412
3606 4413
1473 4414
3867 4415
2759 4416
4311 4417
3934 4418
1364 4419
1244 4420
4130 4421
585 4422
1876 4423
2844 4424
3480 4425
2049 4426
2811 4427
4103 4428
1765 4429
4302 4430
4067 4431
891 4432
2891 4433
1240 4434
2771 4435
3549 4436
1901 4437
462 4438
221 4439
1319 4440
1019 4441
3323 4442
1278 4443
1246 4444
830 4445
4386 4446
1895 4447
2856 4448
2223 4449
1780 4450
3484 4451
3589 4452
3340 4453
3884 4454
996 4455
285 4456
2121 4457
2539 4458
50 4459
249 4460
1028 4461
583 4462
881 4463
184 4464
920 4465
1667 4466
2461 4467
1754 4468
4018 4469
3863 4470
2956 4471
694 4472
1342 4473
3139 4474
2744 4475
1005 4476
3261 4477
3330 4478
1346 4479
1411 4480
616 4481
1895 4482
1294 4483
4464 4484
572 4485
1993 4486
2480 4487
1469 4488
1578 4489
563 4490
4141 4491
563 4492
3869 4493
3827 4494
4267 4495
3564 4496
3893 4497
4078 4498
3872 4499
2134 4500
579 4501
2518 4502
3176 4503
3067 4504
2838 4505
3898 4506
3608 4507
2403 4508
481 4509
1635 4510
89 4511
746 4512
1351 4513
644 4514
3216 4515
3831 4516
1807 4517
390 4518
3608 4519
1530 4520
2723 4521
1101 4522
236 4523
1590 4524
1660 4525
2770 4526
138 4527
1896 4528
886 4529
2969 4530
3778 4531
3936 4532
3953 4533
1955 4534
524 4535
4112 4536
3076 4537
3141 4538
2811 4539
2115 4540
4054 4541
754 4542
2708 4543
1859 4544
1941 4545
1135 4546
3340 4547
3914 4548
1314 4549
1614 4550
4173 4551
4480 4552
265 4553
2692 4554
1272 4555
458 4556
4420 4557
2134 4558
3236 4559
1702 4560
4440 4561
327 4562
3477 4563
3778 4564
813 4565
694 4566
3719 4567
3125 4568
2337 4569
164 4570
1667 4571
4220 4572
2651 4573
217 4574
3665 4575
3913 4576
2101 4577
1281 4578
3712 4579
2656 4580
4547 4581
167 4582
4123 4583
4498 4584
386 4585
2038 4586
3689 4587
4177 4588
1953 4589
227 4590
3894 4591
3668 4592
387 4593
3452 4594
2982 4595
1584 4596
874 4597
990 4598
847 4599
244 4600
2158 4601
1179 4602
1231 4603
2381 4604
3021 4605
1546 4606
3856 4607
2542 4608
505 4609
3128 4610
2501 4611
2662 4612
70 4613
937 4614
93 4615
2508 4616
3175 4617
55 4618
258 4619
3669 4620
2472 4621
1620 4622
1848 4623
3407 4624
3828 4625
4123 4626
4352 4627
3367 4628
3310 4629
4459 4630
3490 4631
985 4632
3998 4633
1271 4634
1705 4635
2858 4636
2274 4637
3909 4638
1321 4639
1362 4640
4199 4641
1949 4642
2593 4643
1903 4644
1884 4645
3308 4646
3804 4647
958 4648
1888 4649
1752 4650
2594 4651
2335 4652
2153 4653
1197 4654
1442 4655
1064 4656
256 4657
4474 4658
2684 4659
19 4660
3919 4661
1865 4662
2903 4663
2565 4664
1919 4665
3489 4666
260 4667
244 4668
4019 4669
288 4670
1487 4671
1473 4672
2805 4673
2373 4674
3860 4675
1629 4676
2457 4677
4297 4678
3852 4679
2954 4680
3783 4681
3242 4682
1332 4683
2178 4684
2084 4685
1826 4686
4612 4687
2975 4688
2295 4689
953 4690
3412 4691
3151 4692
156 4693
4229 4694
1579 4695
73 4696
4473 4697
2344 4698
1487 4699
3329 4700
3123 4701
1197 4702
2785 4703
629 4704
2641 4705
1217 4706
3992 4707
2154 4708
2506 4709
1807 4710
2194 4711
1102 4712
3908 4713
3315 4714
1813 4715
2621 4716
1405 4717
1677 4718
549 4719
1811 4720
2365 4721
438 4722
1028 4723
1841 4724
3230 4725
878 4726
9 4727
2040 4728
342 4729
3664 4730
1138 4731
4136 4732
4145 4733
4414 4734
330 4735
2206 4736
3425 4737
84 4738
102 4739
2203 4740
775 4741
927 4742
1827 4743
1428 4744
2568 4745
4653 4746
1970 4747
2787 4748
3352 4749
3626 4750
3913 4751
2221 4752
440 4753
3791 4754
4013 4755
4214 4756
4348 4757
1158 4758
2285 4759
2470 4760
1692 4761
4059 4762
3105 4763
2267 4764
2080 4765
4285 4766
2612 4767
1745 4768
2070 4769
569 4770
2772 4771
2460 4772
463 4773
4661 4774
2335 4775
4267 4776
2152 4777
2146 4778
1947 4779
3083 4780
919 4781
4204 4782
1693 4783
2178 4784
3363 4785
3973 4786
351 4787
4688 4788
2978 4789
3506 4790
4701 4791
1973 4792
812 4793
4307 4794
2781 4795
378 4796
2295 4797
2460 4798
2926 4799
3663 4800
2832 4801
3716 4802
3391 4803
3048 4804
4502 4805
1882 4806
157 4807
4473 4808
1932 4809
1087 4810
3299 4811
4572 4812
1996 4813
3882 4814
2661 4815
2970 4816
1180 4817
3212 4818
3296 4819
2686 4820
3170 4821
4710 4822
1102 4823
2428 4824
2187 4825
1756 4826
637 4827
521 4828
516 4829
2373 4830
2945 4831
4592 4832
3742 4833
1208 4834
3168 4835
1124 4836
809 4837
4571 4838
3823 4839
3068 4840
3709 4841
2411 4842
3792 4843
749 4844
2564 4845
1763 4846
3923 4847
1080 4848
3245 4849
3576 4850
2806 4851
3699 4852
3144 4853
3350 4854
3648 4855
3316 4856
1067 4857
3451 4858
2530 4859
3233 4860
4687 4861
3178 4862
3874 4863
2526 4864
4341 4865
512 4866
4001 4867
1221 4868
711 4869
4663 4870
2495 4871
3097 4872
1220 4873
3155 4874
2728 4875
2638 4876
2928 4877
1110 4878
1880 4879
207 4880
4861 4881
3858 4882
1382 4883
4343 4884
4077 4885
2391 4886
3164 4887
4022 4888
4706 4889
3308 4890
4308 4891
1958 4892
3133 4893
3202 4894
3667 4895
603 4896
2729 4897
3656 4898
3107 4899
721 4900
2169 4901
3814 4902
3587 4903
614 4904
1211 4905
2939 4906
4581 4907
1927 4908
4709 4909
560 4910
1480 4911
1198 4912
189 4913
1428 4914
1403 4915
2632 4916
3183 4917
3056 4918
898 4919
4150 4920
4557 4921
1799 4922
2 4923
4906 4924
789 4925
1940 4926
1317 4927
4828 4928
4606 4929
1407 4930
2192 4931
495 4932
4645 4933
3655 4934
2291 4935
2216 4936
2906 4937
3229 4938
4735 4939
184 4940
3552 4941
2739 4942
1192 4943
4092 4944
1988 4945
80 4946
1918 4947
3794 4948
186 4949
827 4950
4503 4951
2688 4952
4595 4953
3491 4954
3714 4955
1683 4956
2752 4957
2872 4958
727 4959
2205 4960
2481 4961
4022 4962
875 4963
788 4964
4752 4965
4206 4966
214 4967
3392 4968
3961 4969
1482 4970
3559 4971
2526 4972
2637 4973
108 4974
2623 4975
2838 4976
3308 4977
4013 4978
651 4979
2549 4980
2247 4981
2879 4982
1094 4983
3802 4984
268 4985
4911 4986
2209 4987
834 4988
2175 4989
4007 4990
340 4991
3322 4992
4667 4993
1810 4994
1087 4995
2832 4996
736 4997
1285 4998
1492 4999
1052 5000
