1 2
2 3
2 4
3 5
3 6
4 7
6 8
7 9
2 10
7 11
11 12
9 13
7 14
11 15
7 16
1 17
4 18
7 19
16 20
15 21
7 22
22 23
9 24
18 25
17 26
1 27
22 28
6 29
14 30
1 31
7 32
3 33
8 34
11 35
8 36
23 37
13 38
32 39
29 40
16 41
24 42
36 43
29 44
25 45
3 46
44 47
36 48
31 49
35 50
33 51
5 52
47 53
14 54
31 55
22 56
35 57
39 58
35 59
17 60
30 61
56 62
22 63
2 64
45 65
57 66
53 67
48 68
26 69
6 70
26 71
71 72
9 73
2 74
35 75
42 76
39 77
9 78
63 79
26 80
50 81
18 82
74 83
64 84
77 85
18 86
32 87
46 88
72 89
65 90
75 91
1 92
26 93
84 94
67 95
82 96
76 97
29 98
39 99
5 100
59 101
50 102
40 103
80 104
40 105
22 106
72 107
76 108
25 109
26 110
55 111
49 112
29 113
41 114
101 115
59 116
89 117
68 118
95 119
23 120
66 121
100 122
58 123
3 124
111 125
61 126
34 127
121 128
111 129
82 130
27 131
128 132
26 133
60 134
91 135
127 136
100 137
112 138
67 139
5 140
120 141
23 142
69 143
40 144
53 145
2 146
119 147
42 148
69 149
31 150
39 151
103 152
122 153
18 154
55 155
43 156
39 157
43 158
78 159
146 160
10 161
45 162
24 163
135 164
137 165
34 166
52 167
79 168
158 169
164 170
64 171
91 172
66 173
124 174
108 175
83 176
72 177
55 178
153 179
141 180
146 181
154 182
83 183
158 184
92 185
159 186
139 187
48 188
175 189
74 190
157 191
102 192
17 193
106 194
143 195
145 196
90 197
6 198
42 199
19 200
107 201
21 202
112 203
202 204
53 205
192 206
108 207
54 208
112 209
71 210
65 211
124 212
133 213
192 214
183 215
164 216
33 217
152 218
45 219
181 220
8 221
41 222
39 223
207 224
74 225
163 226
82 227
171 228
56 229
205 230
192 231
77 232
115 233
230 234
86 235
173 236
204 237
186 238
20 239
181 240
158 241
138 242
173 243
45 244
221 245
37 246
176 247
237 248
138 249
190 250
44 251
123 252
13 253
184 254
113 255
182 256
235 257
81 258
48 259
72 260
173 261
226 262
52 263
179 264
72 265
78 266
29 267
135 268
155 269
51 270
200 271
118 272
182 273
193 274
82 275
204 276
54 277
39 278
202 279
64 280
280 281
2 282
239 283
54 284
172 285
96 286
68 287
223 288
275 289
129 290
140 291
139 292
22 293
217 294
53 295
285 296
81 297
222 298
265 299
5 300
91 301
91 302
18 303
83 304
262 305
303 306
109 307
184 308
192 309
66 310
132 311
280 312
287 313
145 314
57 315
5 316
82 317
252 318
311 319
291 320
162 321
28 322
301 323
114 324
27 325
324 326
75 327
298 328
41 329
71 330
3 331
56 332
91 333
52 334
325 335
96 336
157 337
137 338
117 339
214 340
18 341
55 342
176 343
112 344
167 345
135 346
325 347
120 348
303 349
275 350
225 351
37 352
185 353
289 354
74 355
204 356
178 357
265 358
231 359
52 360
20 361
359 362
154 363
340 364
81 365
161 366
247 367
345 368
230 369
154 370
21 371
17 372
284 373
109 374
88 375
311 376
208 377
170 378
312 379
161 380
78 381
182 382
354 383
219 384
46 385
142 386
335 387
3 388
275 389
230 390
322 391
88 392
391 393
310 394
294 395
331 396
373 397
125 398
289 399
110 400
247 401
330 402
120 403
314 404
255 405
330 406
29 407
253 408
154 409
181 410
387 411
304 412
245 413
235 414
389 415
324 416
180 417
250 418
78 419
259 420
49 421
254 422
87 423
298 424
374 425
188 426
19 427
22 428
27 429
191 430
116 431
115 432
259 433
158 434
76 435
416 436
207 437
415 438
59 439
107 440
96 441
425 442
183 443
310 444
174 445
156 446
364 447
19 448
288 449
10 450
79 451
312 452
54 453
116 454
222 455
253 456
423 457
90 458
263 459
325 460
331 461
237 462
62 463
246 464
390 465
162 466
199 467
42 468
404 469
68 470
359 471
235 472
446 473
439 474
203 475
126 476
324 477
114 478
115 479
210 480
257 481
330 482
90 483
277 484
328 485
193 486
21 487
411 488
217 489
434 490
321 491
326 492
357 493
191 494
301 495
398 496
351 497
343 498
236 499
141 500
86 501
462 502
183 503
78 504
71 505
178 506
340 507
506 508
6 509
334 510
24 511
21 512
26 513
171 514
151 515
119 516
301 517
105 518
92 519
321 520
392 521
398 522
505 523
473 524
289 525
74 526
147 527
303 528
33 529
436 530
28 531
400 532
18 533
395 534
522 535
450 536
304 537
278 538
275 539
233 540
364 541
156 542
221 543
107 544
362 545
542 546
55 547
275 548
11 549
537 550
542 551
438 552
327 553
64 554
361 555
416 556
217 557
342 558
420 559
312 560
304 561
561 562
428 563
338 564
308 565
343 566
120 567
151 568
457 569
63 570
543 571
518 572
356 573
210 574
400 575
391 576
246 577
236 578
419 579
372 580
405 581
59 582
397 583
312 584
345 585
515 586
456 587
46 588
553 589
461 590
280 591
368 592
3 593
13 594
478 595
135 596
552 597
32 598
237 599
396 600
300 601
385 602
400 603
143 604
239 605
330 606
588 607
537 608
144 609
381 610
199 611
381 612
283 613
72 614
244 615
242 616
390 617
155 618
152 619
595 620
183 621
162 622
55 623
24 624
108 625
11 626
301 627
194 628
384 629
60 630
76 631
42 632
387 633
554 634
136 635
324 636
585 637
573 638
201 639
627 640
315 641
540 642
568 643
143 644
282 645
32 646
404 647
156 648
377 649
426 650
649 651
642 652
165 653
453 654
434 655
335 656
548 657
232 658
146 659
126 660
110 661
42 662
247 663
587 664
603 665
21 666
225 667
546 668
209 669
72 670
227 671
366 672
443 673
107 674
407 675
281 676
559 677
619 678
95 679
135 680
474 681
211 682
623 683
265 684
39 685
120 686
388 687
287 688
303 689
383 690
288 691
89 692
105 693
159 694
470 695
274 696
643 697
416 698
410 699
638 700
97 701
345 702
10 703
186 704
446 705
18 706
629 707
4 708
289 709
680 710
414 711
602 712
8 713
64 714
594 715
230 716
528 717
549 718
620 719
26 720
680 721
65 722
471 723
16 724
496 725
645 726
441 727
529 728
114 729
43 730
468 731
393 732
457 733
26 734
369 735
643 736
294 737
263 738
300 739
197 740
331 741
329 742
324 743
582 744
183 745
225 746
394 747
435 748
336 749
404 750
74 751
564 752
542 753
676 754
96 755
152 756
389 757
371 758
294 759
476 760
594 761
409 762
514 763
262 764
616 765
362 766
439 767
368 768
723 769
663 770
181 771
534 772
713 773
521 774
631 775
28 776
473 777
642 778
299 779
117 780
533 781
780 782
562 783
324 784
294 785
641 786
721 787
297 788
583 789
787 790
492 791
248 792
79 793
707 794
728 795
505 796
403 797
717 798
316 799
488 800
777 801
124 802
479 803
30 804
232 805
754 806
671 807
203 808
694 809
3 810
314 811
226 812
541 813
502 814
346 815
347 816
171 817
748 818
530 819
225 820
55 821
391 822
510 823
325 824
477 825
738 826
152 827
490 828
651 829
53 830
43 831
256 832
804 833
247 834
708 835
678 836
712 837
156 838
614 839
363 840
330 841
8 842
554 843
457 844
144 845
548 846
132 847
368 848
758 849
59 850
817 851
507 852
80 853
597 854
442 855
712 856
422 857
469 858
404 859
354 860
476 861
195 862
555 863
224 864
796 865
273 866
520 867
794 868
828 869
493 870
153 871
486 872
252 873
802 874
693 875
806 876
64 877
299 878
242 879
539 880
816 881
650 882
754 883
257 884
723 885
821 886
556 887
35 888
277 889
864 890
748 891
25 892
235 893
444 894
684 895
509 896
680 897
18 898
7 899
71 900
707 901
664 902
767 903
61 904
877 905
867 906
618 907
247 908
224 909
208 910
570 911
242 912
276 913
52 914
590 915
247 916
486 917
422 918
124 919
376 920
627 921
121 922
662 923
773 924
89 925
904 926
319 927
247 928
867 929
556 930
3 931
570 932
279 933
90 934
731 935
296 936
653 937
348 938
7 939
860 940
759 941
387 942
384 943
229 944
761 945
835 946
836 947
591 948
520 949
883 950
749 951
54 952
584 953
421 954
263 955
821 956
774 957
852 958
794 959
112 960
917 961
746 962
208 963
197 964
675 965
917 966
575 967
941 968
170 969
323 970
503 971
37 972
783 973
291 974
860 975
972 976
768 977
541 978
812 979
750 980
131 981
142 982
490 983
297 984
730 985
243 986
876 987
239 988
272 989
780 990
398 991
898 992
299 993
921 994
971 995
61 996
348 997
151 998
983 999
292 1000
827 1001
648 1002
391 1003
236 1004
107 1005
970 1006
349 1007
201 1008
433 1009
243 1010
955 1011
983 1012
191 1013
355 1014
164 1015
374 1016
919 1017
275 1018
1018 1019
761 1020
840 1021
873 1022
127 1023
501 1024
910 1025
1 1026
196 1027
897 1028
1006 1029
513 1030
439 1031
139 1032
473 1033
343 1034
745 1035
921 1036
86 1037
340 1038
861 1039
543 1040
449 1041
193 1042
589 1043
483 1044
444 1045
1022 1046
470 1047
595 1048
907 1049
319 1050
32 1051
512 1052
622 1053
404 1054
196 1055
963 1056
309 1057
540 1058
269 1059
312 1060
97 1061
2 1062
1042 1063
894 1064
893 1065
646 1066
868 1067
937 1068
941 1069
1000 1070
990 1071
628 1072
775 1073
910 1074
369 1075
926 1076
382 1077
103 1078
451 1079
68 1080
747 1081
237 1082
978 1083
268 1084
1011 1085
521 1086
248 1087
486 1088
367 1089
829 1090
475 1091
939 1092
668 1093
142 1094
920 1095
779 1096
1086 1097
989 1098
164 1099
781 1100
78 1101
785 1102
1010 1103
593 1104
982 1105
660 1106
593 1107
157 1108
783 1109
1100 1110
3 1111
289 1112
1009 1113
170 1114
116 1115
129 1116
952 1117
690 1118
472 1119
140 1120
427 1121
1073 1122
690 1123
870 1124
635 1125
554 1126
609 1127
367 1128
713 1129
1017 1130
919 1131
637 1132
1131 1133
917 1134
138 1135
485 1136
716 1137
284 1138
875 1139
428 1140
1080 1141
69 1142
337 1143
1055 1144
401 1145
333 1146
1132 1147
835 1148
539 1149
1119 1150
220 1151
1148 1152
883 1153
998 1154
72 1155
611 1156
1126 1157
348 1158
1121 1159
1155 1160
229 1161
27 1162
807 1163
526 1164
554 1165
910 1166
391 1167
1082 1168
480 1169
1004 1170
834 1171
740 1172
646 1173
232 1174
916 1175
716 1176
1044 1177
889 1178
411 1179
476 1180
24 1181
213 1182
291 1183
307 1184
238 1185
1025 1186
1170 1187
497 1188
28 1189
419 1190
582 1191
457 1192
950 1193
97 1194
676 1195
408 1196
20 1197
765 1198
568 1199
767 1200
532 1201
82 1202
1185 1203
996 1204
484 1205
236 1206
1057 1207
255 1208
6 1209
287 1210
430 1211
641 1212
1177 1213
132 1214
221 1215
1033 1216
720 1217
662 1218
121 1219
288 1220
1063 1221
898 1222
1107 1223
413 1224
1149 1225
91 1226
108 1227
593 1228
1139 1229
695 1230
595 1231
568 1232
1198 1233
411 1234
1143 1235
349 1236
738 1237
728 1238
342 1239
887 1240
189 1241
866 1242
392 1243
133 1244
1122 1245
338 1246
463 1247
753 1248
1013 1249
948 1250
101 1251
1131 1252
936 1253
910 1254
479 1255
22 1256
1114 1257
189 1258
387 1259
363 1260
803 1261
845 1262
15 1263
1231 1264
1186 1265
916 1266
379 1267
330 1268
833 1269
543 1270
779 1271
1033 1272
335 1273
1202 1274
737 1275
979 1276
831 1277
720 1278
1100 1279
892 1280
1192 1281
956 1282
1179 1283
770 1284
470 1285
204 1286
162 1287
404 1288
270 1289
89 1290
137 1291
1062 1292
353 1293
72 1294
283 1295
855 1296
40 1297
1093 1298
665 1299
699 1300
20 1301
237 1302
705 1303
334 1304
199 1305
951 1306
905 1307
779 1308
830 1309
922 1310
146 1311
651 1312
375 1313
944 1314
819 1315
501 1316
1282 1317
67 1318
857 1319
1208 1320
371 1321
40 1322
190 1323
147 1324
1061 1325
133 1326
501 1327
11 1328
232 1329
547 1330
365 1331
647 1332
478 1333
1130 1334
136 1335
1042 1336
422 1337
291 1338
376 1339
512 1340
555 1341
340 1342
1315 1343
475 1344
51 1345
374 1346
1281 1347
858 1348
967 1349
110 1350
71 1351
976 1352
345 1353
671 1354
713 1355
114 1356
1035 1357
355 1358
1157 1359
277 1360
618 1361
344 1362
1338 1363
822 1364
1233 1365
954 1366
1215 1367
979 1368
886 1369
528 1370
435 1371
323 1372
1007 1373
628 1374
500 1375
687 1376
290 1377
162 1378
290 1379
750 1380
52 1381
665 1382
468 1383
1369 1384
504 1385
809 1386
1057 1387
1022 1388
883 1389
567 1390
900 1391
276 1392
643 1393
1006 1394
941 1395
1192 1396
73 1397
611 1398
488 1399
697 1400
1290 1401
553 1402
74 1403
1116 1404
903 1405
1137 1406
787 1407
450 1408
622 1409
1091 1410
609 1411
391 1412
1272 1413
1248 1414
403 1415
832 1416
924 1417
637 1418
707 1419
1192 1420
947 1421
1220 1422
1129 1423
647 1424
314 1425
82 1426
582 1427
664 1428
427 1429
772 1430
1420 1431
237 1432
440 1433
814 1434
1276 1435
761 1436
409 1437
1122 1438
1084 1439
567 1440
1032 1441
803 1442
50 1443
699 1444
683 1445
26 1446
694 1447
961 1448
653 1449
163 1450
294 1451
1010 1452
1114 1453
721 1454
1447 1455
1321 1456
82 1457
862 1458
1117 1459
1174 1460
417 1461
995 1462
1093 1463
1377 1464
1080 1465
57 1466
785 1467
213 1468
1315 1469
1179 1470
153 1471
904 1472
433 1473
80 1474
674 1475
571 1476
661 1477
611 1478
69 1479
60 1480
156 1481
424 1482
559 1483
958 1484
283 1485
422 1486
393 1487
27 1488
866 1489
1145 1490
1073 1491
1130 1492
829 1493
336 1494
1245 1495
727 1496
1070 1497
1053 1498
314 1499
825 1500
455 1501
650 1502
1074 1503
58 1504
552 1505
624 1506
1177 1507
778 1508
16 1509
933 1510
463 1511
1195 1512
112 1513
295 1514
380 1515
1310 1516
207 1517
1490 1518
245 1519
1126 1520
1497 1521
850 1522
290 1523
212 1524
1082 1525
922 1526
331 1527
1163 1528
113 1529
808 1530
407 1531
183 1532
445 1533
1329 1534
1013 1535
937 1536
202 1537
1382 1538
1515 1539
436 1540
326 1541
1410 1542
809 1543
142 1544
53 1545
1247 1546
17 1547
1229 1548
255 1549
1446 1550
1042 1551
674 1552
594 1553
1548 1554
1449 1555
926 1556
1347 1557
1318 1558
1465 1559
1535 1560
1384 1561
221 1562
25 1563
4 1564
888 1565
287 1566
1485 1567
1181 1568
1307 1569
1001 1570
313 1571
1085 1572
1283 1573
245 1574
1469 1575
337 1576
856 1577
1420 1578
513 1579
64 1580
426 1581
265 1582
973 1583
394 1584
636 1585
1555 1586
656 1587
314 1588
219 1589
552 1590
704 1591
179 1592
731 1593
1417 1594
722 1595
1202 1596
1397 1597
587 1598
679 1599
1512 1600
133 1601
503 1602
821 1603
40 1604
1496 1605
1515 1606
939 1607
660 1608
336 1609
462 1610
77 1611
83 1612
1497 1613
1114 1614
1167 1615
327 1616
793 1617
533 1618
485 1619
1080 1620
1305 1621
1445 1622
940 1623
66 1624
576 1625
52 1626
1455 1627
666 1628
1549 1629
938 1630
827 1631
736 1632
273 1633
479 1634
521 1635
1168 1636
844 1637
1084 1638
476 1639
221 1640
338 1641
1055 1642
1527 1643
804 1644
845 1645
853 1646
739 1647
1235 1648
318 1649
1293 1650
204 1651
708 1652
751 1653
1159 1654
733 1655
994 1656
724 1657
1539 1658
1624 1659
118 1660
708 1661
70 1662
1182 1663
848 1664
406 1665
249 1666
1284 1667
213 1668
1352 1669
143 1670
890 1671
206 1672
421 1673
1476 1674
1506 1675
1472 1676
1250 1677
594 1678
1483 1679
767 1680
1480 1681
1165 1682
1098 1683
802 1684
727 1685
1122 1686
262 1687
1055 1688
625 1689
1063 1690
424 1691
1502 1692
352 1693
1195 1694
927 1695
785 1696
1329 1697
598 1698
303 1699
1049 1700
851 1701
951 1702
333 1703
1561 1704
989 1705
88 1706
1439 1707
1425 1708
380 1709
1273 1710
663 1711
1410 1712
682 1713
1431 1714
1311 1715
1329 1716
1190 1717
878 1718
107 1719
1027 1720
837 1721
1108 1722
495 1723
580 1724
901 1725
1570 1726
855 1727
1165 1728
619 1729
1202 1730
898 1731
853 1732
1295 1733
514 1734
895 1735
946 1736
829 1737
608 1738
156 1739
979 1740
549 1741
840 1742
1415 1743
646 1744
201 1745
1454 1746
250 1747
1005 1748
1240 1749
138 1750
1489 1751
1658 1752
1417 1753
1087 1754
355 1755
1687 1756
1107 1757
1232 1758
1487 1759
916 1760
1573 1761
1091 1762
1108 1763
1677 1764
391 1765
1359 1766
352 1767
1625 1768
300 1769
646 1770
793 1771
716 1772
484 1773
1162 1774
1160 1775
21 1776
752 1777
921 1778
1613 1779
1562 1780
718 1781
366 1782
48 1783
1340 1784
1018 1785
1247 1786
1289 1787
1228 1788
1568 1789
656 1790
946 1791
994 1792
995 1793
81 1794
237 1795
603 1796
1666 1797
1209 1798
544 1799
579 1800
1452 1801
1689 1802
9 1803
882 1804
1717 1805
826 1806
996 1807
1290 1808
1486 1809
755 1810
1210 1811
1362 1812
65 1813
1526 1814
1115 1815
994 1816
70 1817
1160 1818
481 1819
1348 1820
916 1821
520 1822
700 1823
1173 1824
1784 1825
437 1826
1072 1827
522 1828
1614 1829
1604 1830
1518 1831
970 1832
330 1833
92 1834
1834 1835
1809 1836
1037 1837
1198 1838
1632 1839
949 1840
220 1841
598 1842
726 1843
1456 1844
1108 1845
384 1846
1301 1847
400 1848
177 1849
1617 1850
1051 1851
1332 1852
828 1853
1852 1854
613 1855
1039 1856
1720 1857
1667 1858
940 1859
1651 1860
944 1861
222 1862
289 1863
848 1864
808 1865
239 1866
613 1867
186 1868
1236 1869
319 1870
1390 1871
371 1872
1122 1873
147 1874
513 1875
450 1876
40 1877
930 1878
1750 1879
900 1880
111 1881
1463 1882
252 1883
1743 1884
425 1885
252 1886
1014 1887
193 1888
1608 1889
1752 1890
1270 1891
1095 1892
563 1893
1603 1894
1538 1895
1645 1896
487 1897
1369 1898
793 1899
1568 1900
1015 1901
1109 1902
556 1903
739 1904
1640 1905
317 1906
1153 1907
7 1908
1671 1909
1610 1910
1197 1911
832 1912
463 1913
296 1914
1490 1915
1833 1916
322 1917
754 1918
894 1919
1661 1920
1312 1921
1842 1922
1210 1923
437 1924
640 1925
1082 1926
1825 1927
1701 1928
1551 1929
561 1930
897 1931
672 1932
1603 1933
481 1934
1655 1935
211 1936
305 1937
528 1938
1092 1939
27 1940
649 1941
1196 1942
1094 1943
1212 1944
411 1945
689 1946
132 1947
1526 1948
823 1949
248 1950
1744 1951
593 1952
816 1953
772 1954
1686 1955
1477 1956
1407 1957
528 1958
437 1959
119 1960
1281 1961
985 1962
986 1963
1406 1964
806 1965
82 1966
751 1967
249 1968
1182 1969
720 1970
908 1971
1622 1972
1002 1973
1125 1974
1207 1975
1758 1976
1190 1977
1163 1978
1938 1979
1050 1980
1501 1981
252 1982
1238 1983
1557 1984
407 1985
1199 1986
1769 1987
1967 1988
806 1989
1732 1990
92 1991
1828 1992
1079 1993
689 1994
1519 1995
451 1996
1971 1997
611 1998
1232 1999
206 2000
1624 2001
46 2002
196 2003
1962 2004
147 2005
621 2006
615 2007
211 2008
1411 2009
715 2010
1397 2011
1020 2012
944 2013
811 2014
204 2015
1198 2016
531 2017
1411 2018
607 2019
1918 2020
681 2021
428 2022
1057 2023
1036 2024
673 2025
1467 2026
1086 2027
158 2028
1201 2029
944 2030
1038 2031
72 2032
1132 2033
627 2034
1985 2035
280 2036
849 2037
38 2038
1959 2039
1239 2040
1233 2041
1719 2042
1789 2043
1431 2044
1088 2045
1999 2046
576 2047
1760 2048
1946 2049
1860 2050
1206 2051
40 2052
2044 2053
873 2054
87 2055
308 2056
436 2057
1626 2058
433 2059
865 2060
926 2061
1212 2062
486 2063
1065 2064
1794 2065
194 2066
901 2067
1164 2068
80 2069
485 2070
1791 2071
1769 2072
1147 2073
680 2074
1535 2075
1863 2076
448 2077
604 2078
1513 2079
985 2080
976 2081
1353 2082
1421 2083
1568 2084
150 2085
2048 2086
647 2087
75 2088
433 2089
1479 2090
621 2091
2090 2092
119 2093
2002 2094
727 2095
1349 2096
507 2097
1224 2098
747 2099
1888 2100
936 2101
53 2102
411 2103
1790 2104
602 2105
578 2106
1193 2107
181 2108
1820 2109
1543 2110
2054 2111
208 2112
1028 2113
1029 2114
726 2115
476 2116
959 2117
333 2118
363 2119
1484 2120
529 2121
1566 2122
609 2123
22 2124
696 2125
1686 2126
1503 2127
1868 2128
296 2129
1845 2130
1604 2131
1497 2132
628 2133
431 2134
891 2135
1377 2136
1982 2137
1449 2138
1431 2139
762 2140
1981 2141
1480 2142
2087 2143
1409 2144
1736 2145
1969 2146
1004 2147
2087 2148
615 2149
1458 2150
1467 2151
1719 2152
594 2153
1819 2154
969 2155
1668 2156
1025 2157
1665 2158
820 2159
387 2160
680 2161
287 2162
212 2163
1849 2164
1339 2165
1141 2166
384 2167
1770 2168
1522 2169
436 2170
381 2171
963 2172
820 2173
256 2174
518 2175
860 2176
12 2177
1287 2178
1735 2179
2075 2180
1183 2181
1850 2182
1167 2183
1802 2184
1458 2185
218 2186
1432 2187
1537 2188
1296 2189
2166 2190
1337 2191
2078 2192
751 2193
1435 2194
807 2195
2104 2196
1066 2197
1332 2198
171 2199
477 2200
447 2201
1046 2202
979 2203
385 2204
170 2205
1132 2206
1972 2207
160 2208
1395 2209
1429 2210
1165 2211
806 2212
1220 2213
1271 2214
339 2215
417 2216
1109 2217
1138 2218
998 2219
2176 2220
70 2221
1215 2222
853 2223
986 2224
2004 2225
778 2226
218 2227
689 2228
2103 2229
1191 2230
1870 2231
947 2232
306 2233
1787 2234
386 2235
157 2236
624 2237
577 2238
1926 2239
1644 2240
1422 2241
245 2242
480 2243
1158 2244
213 2245
1084 2246
789 2247
108 2248
632 2249
376 2250
1386 2251
2075 2252
1430 2253
614 2254
29 2255
1485 2256
1320 2257
1352 2258
1048 2259
1757 2260
526 2261
355 2262
609 2263
718 2264
830 2265
675 2266
1708 2267
140 2268
1583 2269
1762 2270
1756 2271
510 2272
1577 2273
694 2274
1147 2275
1854 2276
2151 2277
2145 2278
283 2279
1331 2280
2091 2281
453 2282
935 2283
1589 2284
1352 2285
1991 2286
2234 2287
1056 2288
2 2289
2025 2290
871 2291
814 2292
2128 2293
774 2294
444 2295
1662 2296
1287 2297
2205 2298
870 2299
1532 2300
847 2301
368 2302
367 2303
1228 2304
1187 2305
335 2306
839 2307
357 2308
50 2309
335 2310
1402 2311
1623 2312
1846 2313
2007 2314
1725 2315
760 2316
1634 2317
1663 2318
329 2319
1023 2320
2001 2321
256 2322
2283 2323
44 2324
820 2325
799 2326
795 2327
504 2328
1394 2329
2074 2330
471 2331
1251 2332
1559 2333
77 2334
493 2335
141 2336
1008 2337
260 2338
1351 2339
2140 2340
425 2341
2058 2342
1910 2343
585 2344
327 2345
950 2346
1505 2347
1399 2348
191 2349
1462 2350
1101 2351
1965 2352
2055 2353
930 2354
952 2355
78 2356
2304 2357
791 2358
283 2359
487 2360
1713 2361
253 2362
1448 2363
1713 2364
531 2365
1665 2366
1356 2367
2164 2368
1656 2369
530 2370
331 2371
1612 2372
2348 2373
2011 2374
1947 2375
1627 2376
1416 2377
1525 2378
1472 2379
2263 2380
2039 2381
745 2382
1459 2383
1455 2384
805 2385
272 2386
2223 2387
2311 2388
48 2389
2153 2390
394 2391
1350 2392
629 2393
294 2394
1925 2395
2257 2396
2109 2397
80 2398
1714 2399
1728 2400
36 2401
1343 2402
2235 2403
843 2404
1462 2405
1779 2406
220 2407
278 2408
418 2409
1336 2410
1905 2411
435 2412
560 2413
2023 2414
2219 2415
863 2416
445 2417
1551 2418
64 2419
1588 2420
570 2421
1794 2422
2019 2423
18 2424
1860 2425
1349 2426
1281 2427
2198 2428
1836 2429
1576 2430
1434 2431
1427 2432
653 2433
1806 2434
1488 2435
1034 2436
165 2437
808 2438
932 2439
750 2440
615 2441
774 2442
2023 2443
1047 2444
234 2445
847 2446
1613 2447
57 2448
1990 2449
67 2450
1948 2451
1017 2452
2133 2453
2152 2454
125 2455
1680 2456
1049 2457
1271 2458
956 2459
1696 2460
278 2461
322 2462
292 2463
1370 2464
220 2465
1376 2466
1063 2467
758 2468
996 2469
1153 2470
1843 2471
159 2472
2054 2473
1689 2474
550 2475
1352 2476
1096 2477
322 2478
251 2479
1670 2480
594 2481
256 2482
485 2483
1035 2484
235 2485
2325 2486
2445 2487
1908 2488
1329 2489
807 2490
1298 2491
1109 2492
1775 2493
1789 2494
758 2495
824 2496
548 2497
173 2498
2000 2499
1950 2500
1458 2501
2173 2502
2037 2503
1813 2504
1461 2505
1108 2506
1777 2507
415 2508
2429 2509
312 2510
2195 2511
509 2512
443 2513
773 2514
107 2515
2263 2516
1940 2517
760 2518
1933 2519
822 2520
1552 2521
1087 2522
1500 2523
1702 2524
1166 2525
912 2526
1039 2527
226 2528
1287 2529
1591 2530
1153 2531
1908 2532
1324 2533
2289 2534
1987 2535
957 2536
2442 2537
1564 2538
1381 2539
218 2540
1707 2541
2346 2542
2442 2543
1813 2544
621 2545
306 2546
884 2547
285 2548
1595 2549
741 2550
1297 2551
2353 2552
1184 2553
1394 2554
2441 2555
562 2556
1629 2557
943 2558
1263 2559
1360 2560
1936 2561
729 2562
399 2563
1230 2564
447 2565
427 2566
2282 2567
689 2568
1155 2569
544 2570
1822 2571
1737 2572
275 2573
1459 2574
393 2575
12 2576
655 2577
2001 2578
2334 2579
142 2580
1380 2581
200 2582
2000 2583
1311 2584
2059 2585
2200 2586
2010 2587
2040 2588
2237 2589
1002 2590
1739 2591
2350 2592
1070 2593
1722 2594
1534 2595
1984 2596
2398 2597
1435 2598
2569 2599
2583 2600
1910 2601
1189 2602
225 2603
1564 2604
1998 2605
1282 2606
2227 2607
1911 2608
696 2609
952 2610
2043 2611
1776 2612
2499 2613
1452 2614
1753 2615
1028 2616
2365 2617
649 2618
977 2619
144 2620
1693 2621
2436 2622
904 2623
2119 2624
2621 2625
252 2626
2133 2627
2572 2628
2038 2629
1944 2630
756 2631
1153 2632
1200 2633
1329 2634
1885 2635
2627 2636
1579 2637
1146 2638
1937 2639
2087 2640
1408 2641
712 2642
431 2643
1509 2644
1526 2645
410 2646
980 2647
1296 2648
1645 2649
1779 2650
530 2651
562 2652
1859 2653
2136 2654
2630 2655
1526 2656
2364 2657
1355 2658
883 2659
952 2660
1670 2661
866 2662
1056 2663
1304 2664
2206 2665
23 2666
1389 2667
234 2668
344 2669
2540 2670
1773 2671
382 2672
2008 2673
86 2674
1598 2675
2584 2676
1342 2677
681 2678
9 2679
2584 2680
1158 2681
1055 2682
99 2683
2359 2684
1924 2685
762 2686
1719 2687
768 2688
2349 2689
579 2690
277 2691
2560 2692
832 2693
2059 2694
279 2695
895 2696
923 2697
1903 2698
1890 2699
2427 2700
96 2701
2622 2702
421 2703
2308 2704
403 2705
793 2706
2390 2707
48 2708
141 2709
887 2710
2566 2711
934 2712
629 2713
1945 2714
2557 2715
2304 2716
1782 2717
1335 2718
2175 2719
2071 2720
2008 2721
129 2722
230 2723
1379 2724
159 2725
2526 2726
2259 2727
981 2728
1708 2729
744 2730
1160 2731
1240 2732
136 2733
2639 2734
304 2735
2506 2736
1445 2737
2097 2738
269 2739
1704 2740
2666 2741
1715 2742
818 2743
2049 2744
1187 2745
1829 2746
1708 2747
1605 2748
2113 2749
30 2750
1953 2751
116 2752
185 2753
849 2754
183 2755
604 2756
2487 2757
282 2758
960 2759
480 2760
1472 2761
1087 2762
2428 2763
1015 2764
986 2765
1893 2766
1657 2767
1466 2768
1575 2769
293 2770
112 2771
2401 2772
1529 2773
2322 2774
2323 2775
1555 2776
1864 2777
2181 2778
784 2779
1936 2780
1567 2781
644 2782
40 2783
2412 2784
2245 2785
2036 2786
858 2787
2192 2788
1182 2789
172 2790
57 2791
18 2792
1247 2793
1144 2794
732 2795
1448 2796
1635 2797
2795 2798
84 2799
2566 2800
1425 2801
626 2802
2754 2803
2565 2804
2645 2805
1119 2806
1276 2807
2800 2808
1986 2809
67 2810
410 2811
632 2812
596 2813
1389 2814
2288 2815
1904 2816
2028 2817
743 2818
1808 2819
2806 2820
582 2821
2506 2822
148 2823
2433 2824
1905 2825
467 2826
1346 2827
1350 2828
368 2829
1949 2830
1987 2831
889 2832
1791 2833
2320 2834
240 2835
1911 2836
2597 2837
351 2838
495 2839
1397 2840
119 2841
1572 2842
1623 2843
982 2844
2053 2845
453 2846
2578 2847
448 2848
2149 2849
1119 2850
2409 2851
2016 2852
2288 2853
1562 2854
1413 2855
979 2856
2177 2857
89 2858
2514 2859
2376 2860
310 2861
877 2862
2244 2863
181 2864
2322 2865
2294 2866
2030 2867
2789 2868
581 2869
2308 2870
2536 2871
2387 2872
1467 2873
443 2874
2801 2875
2842 2876
1035 2877
2830 2878
2523 2879
2049 2880
1611 2881
2056 2882
1569 2883
1671 2884
1754 2885
885 2886
1642 2887
1706 2888
1756 2889
1222 2890
2253 2891
2217 2892
2775 2893
762 2894
1370 2895
15 2896
2040 2897
1060 2898
1243 2899
1042 2900
2875 2901
2720 2902
2695 2903
2312 2904
1978 2905
1057 2906
418 2907
1078 2908
1906 2909
873 2910
1681 2911
1069 2912
1344 2913
639 2914
2439 2915
678 2916
1922 2917
1953 2918
1782 2919
1635 2920
160 2921
1547 2922
2030 2923
1770 2924
1160 2925
1600 2926
1002 2927
178 2928
862 2929
1341 2930
240 2931
1612 2932
1403 2933
2824 2934
190 2935
1662 2936
615 2937
2731 2938
1567 2939
149 2940
1314 2941
806 2942
169 2943
2923 2944
1694 2945
2649 2946
148 2947
558 2948
1399 2949
2562 2950
461 2951
1359 2952
2367 2953
860 2954
1402 2955
2463 2956
1887 2957
2357 2958
643 2959
2363 2960
1899 2961
1452 2962
2260 2963
1907 2964
2927 2965
2046 2966
1934 2967
2469 2968
2389 2969
1364 2970
2336 2971
1835 2972
2701 2973
603 2974
1588 2975
611 2976
371 2977
2191 2978
2819 2979
2029 2980
1438 2981
185 2982
1046 2983
2729 2984
947 2985
646 2986
2456 2987
1329 2988
2279 2989
1107 2990
795 2991
2038 2992
642 2993
184 2994
29 2995
528 2996
1482 2997
2074 2998
2744 2999
1659 3000
2941 3001
1296 3002
2153 3003
304 3004
1394 3005
2544 3006
2378 3007
1918 3008
1131 3009
1753 3010
2459 3011
1766 3012
14 3013
1574 3014
804 3015
1108 3016
2431 3017
1949 3018
1350 3019
1983 3020
1625 3021
2568 3022
2290 3023
2075 3024
2969 3025
2655 3026
1106 3027
510 3028
983 3029
262 3030
480 3031
486 3032
850 3033
1566 3034
147 3035
414 3036
2543 3037
837 3038
701 3039
127 3040
548 3041
902 3042
2517 3043
2994 3044
2042 3045
88 3046
1088 3047
2615 3048
1092 3049
532 3050
2871 3051
330 3052
1130 3053
581 3054
596 3055
931 3056
2368 3057
536 3058
218 3059
1084 3060
3045 3061
1612 3062
2373 3063
201 3064
1918 3065
331 3066
2397 3067
113 3068
583 3069
2236 3070
1908 3071
437 3072
3 3073
1952 3074
1649 3075
2322 3076
1590 3077
3032 3078
1869 3079
1956 3080
2358 3081
2106 3082
571 3083
1177 3084
2279 3085
1725 3086
2961 3087
937 3088
665 3089
2945 3090
2014 3091
1374 3092
342 3093
486 3094
2445 3095
7 3096
2670 3097
1251 3098
1770 3099
1552 3100
2233 3101
2158 3102
934 3103
1781 3104
734 3105
396 3106
2432 3107
1799 3108
1147 3109
632 3110
2740 3111
2986 3112
3091 3113
2840 3114
389 3115
628 3116
2965 3117
103 3118
1937 3119
1243 3120
155 3121
511 3122
219 3123
89 3124
69 3125
1388 3126
918 3127
1119 3128
1989 3129
2492 3130
1537 3131
208 3132
1523 3133
1460 3134
1020 3135
2617 3136
166 3137
886 3138
2932 3139
1935 3140
2295 3141
2695 3142
195 3143
913 3144
1155 3145
2537 3146
2932 3147
1394 3148
2715 3149
2811 3150
2212 3151
784 3152
1742 3153
1540 3154
1449 3155
2905 3156
1395 3157
1559 3158
3025 3159
2544 3160
2735 3161
3041 3162
1081 3163
789 3164
2551 3165
1506 3166
54 3167
1592 3168
1812 3169
948 3170
2226 3171
1875 3172
1830 3173
2566 3174
401 3175
2917 3176
838 3177
2825 3178
1805 3179
1230 3180
166 3181
1599 3182
1113 3183
1696 3184
2542 3185
1094 3186
1234 3187
3038 3188
2036 3189
2528 3190
1321 3191
3159 3192
2544 3193
2166 3194
483 3195
2352 3196
2189 3197
2950 3198
752 3199
708 3200
862 3201
3188 3202
179 3203
2603 3204
1185 3205
314 3206
1131 3207
1391 3208
805 3209
1497 3210
2276 3211
101 3212
70 3213
2962 3214
1733 3215
2053 3216
2095 3217
661 3218
219 3219
182 3220
2341 3221
2910 3222
2780 3223
995 3224
128 3225
1818 3226
684 3227
2079 3228
1039 3229
234 3230
1623 3231
1483 3232
1792 3233
1677 3234
751 3235
1020 3236
2250 3237
149 3238
1305 3239
1065 3240
1432 3241
91 3242
2129 3243
878 3244
1003 3245
373 3246
2285 3247
743 3248
1644 3249
2260 3250
1265 3251
2723 3252
967 3253
2812 3254
1977 3255
1739 3256
3007 3257
153 3258
2873 3259
2359 3260
2781 3261
294 3262
207 3263
384 3264
622 3265
1421 3266
1608 3267
685 3268
200 3269
1184 3270
631 3271
2338 3272
1116 3273
2936 3274
1575 3275
1125 3276
2616 3277
1410 3278
2632 3279
373 3280
3184 3281
1046 3282
461 3283
599 3284
3045 3285
2261 3286
1968 3287
2272 3288
306 3289
2691 3290
1801 3291
2216 3292
1449 3293
870 3294
2827 3295
1708 3296
2901 3297
3184 3298
2470 3299
3035 3300
2066 3301
1762 3302
605 3303
2904 3304
2003 3305
1239 3306
1167 3307
1251 3308
2060 3309
988 3310
2284 3311
2963 3312
3017 3313
210 3314
1951 3315
3193 3316
2437 3317
755 3318
2483 3319
3264 3320
1838 3321
2108 3322
1105 3323
1287 3324
2964 3325
1294 3326
2998 3327
698 3328
1463 3329
1628 3330
508 3331
2246 3332
947 3333
2180 3334
2236 3335
108 3336
3304 3337
1189 3338
3102 3339
1129 3340
2967 3341
976 3342
2319 3343
2970 3344
72 3345
2091 3346
1545 3347
134 3348
2016 3349
3225 3350
1838 3351
2242 3352
2470 3353
2680 3354
1426 3355
3098 3356
1142 3357
2308 3358
3258 3359
2034 3360
475 3361
2875 3362
2437 3363
1477 3364
1663 3365
2617 3366
3224 3367
3032 3368
2920 3369
217 3370
2311 3371
1330 3372
2374 3373
264 3374
2509 3375
971 3376
1523 3377
2183 3378
2792 3379
2148 3380
260 3381
571 3382
1975 3383
2400 3384
2578 3385
1804 3386
1773 3387
171 3388
1630 3389
738 3390
3389 3391
1946 3392
1403 3393
821 3394
1491 3395
237 3396
2088 3397
1183 3398
3036 3399
2036 3400
1751 3401
1533 3402
1483 3403
2605 3404
3021 3405
3170 3406
426 3407
754 3408
554 3409
164 3410
1034 3411
2497 3412
1560 3413
867 3414
2362 3415
464 3416
830 3417
1420 3418
143 3419
3268 3420
2661 3421
2633 3422
1623 3423
1816 3424
809 3425
515 3426
426 3427
2545 3428
1596 3429
1552 3430
734 3431
1 3432
912 3433
1036 3434
1646 3435
2708 3436
3357 3437
3370 3438
1286 3439
1030 3440
935 3441
1265 3442
1743 3443
2215 3444
2811 3445
2142 3446
2471 3447
717 3448
3055 3449
2056 3450
1873 3451
3367 3452
101 3453
2785 3454
238 3455
1379 3456
8 3457
2737 3458
2139 3459
611 3460
1739 3461
2800 3462
507 3463
2082 3464
3258 3465
19 3466
2451 3467
1172 3468
706 3469
2818 3470
2694 3471
1589 3472
3289 3473
3240 3474
2286 3475
1674 3476
1146 3477
2240 3478
383 3479
2724 3480
199 3481
2074 3482
919 3483
160 3484
940 3485
492 3486
2639 3487
132 3488
1979 3489
1924 3490
2357 3491
1083 3492
1485 3493
2186 3494
3199 3495
2677 3496
2219 3497
1696 3498
577 3499
1909 3500
1282 3501
1911 3502
2067 3503
2636 3504
159 3505
1272 3506
2168 3507
1675 3508
1659 3509
3356 3510
2017 3511
3410 3512
3328 3513
3344 3514
59 3515
1737 3516
2852 3517
159 3518
2897 3519
1324 3520
1350 3521
1837 3522
1952 3523
3199 3524
3113 3525
2846 3526
963 3527
2709 3528
726 3529
2074 3530
1851 3531
2165 3532
1559 3533
151 3534
1308 3535
1944 3536
982 3537
621 3538
814 3539
1158 3540
2856 3541
773 3542
227 3543
2701 3544
207 3545
1830 3546
2737 3547
2393 3548
736 3549
1552 3550
1474 3551
2826 3552
51 3553
3193 3554
1060 3555
3101 3556
2202 3557
2464 3558
1410 3559
2663 3560
252 3561
3050 3562
3094 3563
3516 3564
1644 3565
2249 3566
2755 3567
52 3568
1032 3569
2884 3570
2694 3571
360 3572
1874 3573
2486 3574
1336 3575
246 3576
2049 3577
2078 3578
2262 3579
2364 3580
1957 3581
702 3582
395 3583
420 3584
1123 3585
1495 3586
2420 3587
71 3588
2208 3589
2935 3590
1061 3591
243 3592
3586 3593
1514 3594
3219 3595
767 3596
2728 3597
651 3598
1675 3599
869 3600
648 3601
436 3602
3297 3603
2246 3604
3088 3605
499 3606
793 3607
3605 3608
318 3609
1260 3610
1266 3611
651 3612
597 3613
2242 3614
1929 3615
1821 3616
2605 3617
3153 3618
199 3619
1977 3620
3507 3621
2313 3622
3025 3623
43 3624
252 3625
138 3626
1142 3627
2262 3628
1480 3629
2576 3630
753 3631
841 3632
1240 3633
1975 3634
2938 3635
2746 3636
210 3637
2903 3638
1822 3639
2838 3640
3044 3641
3179 3642
997 3643
2280 3644
1410 3645
3631 3646
654 3647
2880 3648
2238 3649
2690 3650
752 3651
2152 3652
2289 3653
683 3654
923 3655
1495 3656
335 3657
517 3658
1791 3659
1540 3660
1151 3661
3422 3662
2319 3663
745 3664
2759 3665
2037 3666
2131 3667
1711 3668
3145 3669
2130 3670
3382 3671
3483 3672
3358 3673
136 3674
3297 3675
1146 3676
1565 3677
1752 3678
450 3679
3027 3680
811 3681
3173 3682
2940 3683
898 3684
1044 3685
871 3686
2851 3687
1220 3688
1207 3689
516 3690
2564 3691
2814 3692
2518 3693
1878 3694
1268 3695
1050 3696
1848 3697
1598 3698
583 3699
1806 3700
779 3701
3296 3702
1158 3703
1142 3704
2947 3705
103 3706
1880 3707
1797 3708
427 3709
2617 3710
3657 3711
1364 3712
1262 3713
2021 3714
1296 3715
491 3716
731 3717
2339 3718
2166 3719
549 3720
2012 3721
3357 3722
1029 3723
2469 3724
2252 3725
2892 3726
2951 3727
1224 3728
2612 3729
2990 3730
112 3731
644 3732
690 3733
1931 3734
1060 3735
1595 3736
331 3737
2539 3738
307 3739
2560 3740
498 3741
2099 3742
2528 3743
1959 3744
3691 3745
2935 3746
3624 3747
3489 3748
2024 3749
3394 3750
3693 3751
994 3752
1606 3753
1502 3754
3379 3755
3411 3756
3222 3757
2715 3758
837 3759
2635 3760
671 3761
2423 3762
1488 3763
2069 3764
2865 3765
1099 3766
3526 3767
3547 3768
531 3769
2753 3770
1602 3771
653 3772
1491 3773
3516 3774
3320 3775
3264 3776
1029 3777
2081 3778
3273 3779
2235 3780
1153 3781
734 3782
1297 3783
3172 3784
3185 3785
2996 3786
790 3787
3142 3788
1761 3789
2981 3790
3089 3791
1418 3792
2914 3793
1585 3794
2436 3795
184 3796
1591 3797
3521 3798
3351 3799
2658 3800
565 3801
828 3802
1885 3803
3286 3804
924 3805
3551 3806
1944 3807
2311 3808
3189 3809
95 3810
3016 3811
882 3812
3735 3813
2015 3814
3096 3815
2664 3816
3158 3817
3715 3818
1764 3819
395 3820
361 3821
3574 3822
1004 3823
1482 3824
1756 3825
718 3826
1510 3827
1553 3828
3824 3829
3450 3830
2936 3831
940 3832
3797 3833
1394 3834
1478 3835
1741 3836
2083 3837
1967 3838
3724 3839
3808 3840
175 3841
1875 3842
3114 3843
363 3844
167 3845
3678 3846
3709 3847
1125 3848
845 3849
2506 3850
1302 3851
2520 3852
2481 3853
2414 3854
828 3855
580 3856
2668 3857
1080 3858
2917 3859
1822 3860
3306 3861
3666 3862
2009 3863
3815 3864
1720 3865
2154 3866
2873 3867
1949 3868
110 3869
2139 3870
3514 3871
207 3872
2955 3873
1369 3874
2542 3875
3729 3876
831 3877
1215 3878
1312 3879
2255 3880
1905 3881
3796 3882
2566 3883
2467 3884
3054 3885
898 3886
3719 3887
2007 3888
467 3889
3386 3890
3745 3891
2878 3892
2266 3893
1415 3894
2352 3895
2122 3896
2235 3897
3450 3898
3650 3899
2689 3900
1774 3901
3310 3902
2624 3903
3291 3904
498 3905
3630 3906
3196 3907
3026 3908
3217 3909
3268 3910
2663 3911
3272 3912
2681 3913
3768 3914
1675 3915
686 3916
2781 3917
813 3918
3671 3919
2772 3920
529 3921
2049 3922
974 3923
3531 3924
862 3925
750 3926
456 3927
478 3928
888 3929
277 3930
64 3931
1685 3932
3740 3933
2896 3934
3406 3935
2052 3936
394 3937
2324 3938
3144 3939
902 3940
817 3941
1342 3942
1793 3943
3827 3944
2730 3945
2101 3946
2609 3947
3387 3948
1594 3949
3815 3950
2960 3951
2466 3952
135 3953
553 3954
1320 3955
279 3956
1858 3957
1298 3958
2623 3959
889 3960
820 3961
1454 3962
3290 3963
1661 3964
2111 3965
3334 3966
994 3967
1884 3968
483 3969
1105 3970
3130 3971
3703 3972
3637 3973
127 3974
2487 3975
1504 3976
1996 3977
3559 3978
1565 3979
161 3980
891 3981
1669 3982
2356 3983
1485 3984
746 3985
1725 3986
517 3987
2592 3988
3917 3989
3296 3990
2600 3991
1096 3992
3186 3993
806 3994
2514 3995
2138 3996
1843 3997
371 3998
1694 3999
2750 4000
1649 4001
545 4002
43 4003
3783 4004
3221 4005
1286 4006
2244 4007
374 4008
1698 4009
1869 4010
1679 4011
1751 4012
2308 4013
1437 4014
3230 4015
1792 4016
3161 4017
2355 4018
840 4019
1301 4020
1977 4021
1016 4022
819 4023
2173 4024
3765 4025
1766 4026
2459 4027
1432 4028
1385 4029
3685 4030
3054 4031
2108 4032
625 4033
598 4034
1188 4035
4010 4036
1328 4037
8 4038
2244 4039
2687 4040
2659 4041
2060 4042
1626 4043
3326 4044
6 4045
3772 4046
3109 4047
3467 4048
2599 4049
3482 4050
2873 4051
3706 4052
3560 4053
244 4054
3891 4055
1666 4056
3930 4057
87 4058
442 4059
2831 4060
3724 4061
3456 4062
3434 4063
638 4064
1679 4065
3874 4066
2076 4067
3020 4068
3736 4069
129 4070
1551 4071
3060 4072
1885 4073
1878 4074
686 4075
952 4076
854 4077
3975 4078
2487 4079
1817 4080
1461 4081
3705 4082
1372 4083
3023 4084
3936 4085
619 4086
1443 4087
3263 4088
1434 4089
3714 4090
4011 4091
19 4092
1876 4093
1970 4094
3928 4095
2475 4096
1544 4097
381 4098
3080 4099
2982 4100
282 4101
235 4102
692 4103
2599 4104
989 4105
2648 4106
4099 4107
1825 4108
2694 4109
3700 4110
828 4111
1146 4112
1238 4113
3260 4114
3853 4115
3361 4116
2443 4117
1025 4118
3980 4119
2675 4120
1628 4121
3870 4122
2257 4123
156 4124
2122 4125
3393 4126
1598 4127
2711 4128
601 4129
1751 4130
9 4131
3874 4132
2188 4133
1437 4134
2183 4135
1514 4136
2347 4137
1246 4138
237 4139
3562 4140
824 4141
3457 4142
2061 4143
295 4144
3701 4145
476 4146
221 4147
1844 4148
3966 4149
267 4150
3396 4151
2230 4152
2133 4153
2920 4154
881 4155
3473 4156
3623 4157
1473 4158
3547 4159
11 4160
889 4161
105 4162
3040 4163
1812 4164
2934 4165
2867 4166
1809 4167
3346 4168
1958 4169
1028 4170
1464 4171
1633 4172
1026 4173
3316 4174
977 4175
3730 4176
915 4177
2902 4178
831 4179
737 4180
3526 4181
2453 4182
276 4183
3051 4184
3815 4185
2563 4186
3423 4187
3202 4188
860 4189
881 4190
1946 4191
1641 4192
2915 4193
676 4194
707 4195
3462 4196
2159 4197
3659 4198
1896 4199
3134 4200
2675 4201
4126 4202
2041 4203
2883 4204
3353 4205
3312 4206
3599 4207
1218 4208
830 4209
403 4210
3613 4211
2145 4212
3544 4213
7 4214
1900 4215
494 4216
171 4217
480 4218
2589 4219
3624 4220
115 4221
3336 4222
3418 4223
1983 4224
3223 4225
2008 4226
1396 4227
4094 4228
1508 4229
2473 4230
3589 4231
2250 4232
2036 4233
1471 4234
2085 4235
3949 4236
3197 4237
355 4238
3278 4239
3557 4240
127 4241
3787 4242
476 4243
1051 4244
3971 4245
586 4246
1738 4247
2035 4248
3315 4249
4076 4250
1430 4251
4136 4252
3592 4253
1700 4254
4181 4255
2847 4256
3339 4257
3131 4258
2244 4259
2931 4260
1920 4261
452 4262
4054 4263
3326 4264
2410 4265
1759 4266
2889 4267
447 4268
3417 4269
2264 4270
875 4271
406 4272
367 4273
2149 4274
234 4275
155 4276
733 4277
261 4278
3971 4279
3978 4280
3751 4281
246 4282
244 4283
3115 4284
1239 4285
207 4286
3129 4287
1777 4288
2303 4289
1369 4290
3537 4291
844 4292
935 4293
3339 4294
2833 4295
3859 4296
779 4297
1042 4298
3499 4299
782 4300
3764 4301
3774 4302
1844 4303
1671 4304
3025 4305
2856 4306
1008 4307
1571 4308
1853 4309
42 4310
2834 4311
3144 4312
1307 4313
4102 4314
1838 4315
4109 4316
4191 4317
2307 4318
3166 4319
1295 4320
2010 4321
2938 4322
3232 4323
1916 4324
1890 4325
3641 4326
3378 4327
2 4328
3107 4329
342 4330
814 4331
600 4332
429 4333
4259 4334
3902 4335
616 4336
3282 4337
3666 4338
2784 4339
1591 4340
2843 4341
1083 4342
903 4343
810 4344
3593 4345
696 4346
1860 4347
126 4348
27 4349
4130 4350
4134 4351
3200 4352
3820 4353
3307 4354
1348 4355
1016 4356
1057 4357
497 4358
2255 4359
2660 4360
908 4361
509 4362
3558 4363
1792 4364
1978 4365
841 4366
2440 4367
1460 4368
3018 4369
2539 4370
2699 4371
598 4372
245 4373
3239 4374
1898 4375
2189 4376
120 4377
1571 4378
2003 4379
2657 4380
1125 4381
623 4382
1671 4383
4152 4384
1153 4385
2726 4386
2367 4387
1969 4388
3731 4389
1603 4390
2035 4391
4004 4392
287 4393
1547 4394
2836 4395
2106 4396
3473 4397
3853 4398
1327 4399
1849 4400
4023 4401
2327 4402
3647 4403
1974 4404
835 4405
428 4406
301 4407
1992 4408
2682 4409
495 4410
4035 4411
3541 4412
3364 4413
2242 4414
953 4415
2322 4416
2451 4417
2110 4418
378 4419
3193 4420
291 4421
2840 4422
2552 4423
1175 4424
2153 4425
4078 4426
3808 4427
3524 4428
507 4429
755 4430
1825 4431
3351 4432
2032 4433
1721 4434
1670 4435
587 4436
4051 4437
712 4438
3927 4439
1281 4440
2042 4441
196 4442
1046 4443
3737 4444
4135 4445
1632 4446
1177 4447
564 4448
2126 4449
2740 4450
3862 4451
2447 4452
3896 4453
895 4454
1360 4455
3480 4456
2343 4457
2641 4458
4305 4459
470 4460
309 4461
4140 4462
4297 4463
4119 4464
515 4465
1884 4466
1564 4467
709 4468
3908 4469
3817 4470
4132 4471
4275 4472
2642 4473
3735 4474
799 4475
4326 4476
3599 4477
3406 4478
3223 4479
3710 4480
2544 4481
908 4482
4359 4483
263 4484
2776 4485
2502 4486
3194 4487
1627 4488
582 4489
3494 4490
3674 4491
850 4492
3129 4493
3972 4494
1812 4495
2878 4496
80 4497
528 4498
1067 4499
2595 4500
2902 4501
3946 4502
4089 4503
1538 4504
1932 4505
3871 4506
2718 4507
172 4508
3258 4509
3808 4510
2773 4511
3732 4512
3326 4513
189 4514
132 4515
2194 4516
194 4517
3124 4518
455 4519
84 4520
1799 4521
3366 4522
3616 4523
152 4524
1491 4525
4156 4526
4080 4527
3323 4528
1683 4529
1669 4530
1772 4531
2766 4532
806 4533
438 4534
2915 4535
3413 4536
1036 4537
2301 4538
2265 4539
4532 4540
2197 4541
3126 4542
3221 4543
862 4544
2910 4545
7 4546
4097 4547
4223 4548
1424 4549
2573 4550
4259 4551
1908 4552
4351 4553
942 4554
2898 4555
2383 4556
3637 4557
1216 4558
527 4559
3176 4560
3253 4561
1117 4562
924 4563
173 4564
814 4565
2932 4566
2888 4567
3157 4568
1499 4569
1643 4570
418 4571
1532 4572
1173 4573
284 4574
2842 4575
392 4576
2659 4577
3907 4578
4317 4579
3233 4580
1288 4581
3485 4582
234 4583
2667 4584
3497 4585
182 4586
4007 4587
984 4588
1419 4589
3023 4590
297 4591
3172 4592
2000 4593
2840 4594
3364 4595
3648 4596
1740 4597
2590 4598
2269 4599
1031 4600
1834 4601
3961 4602
4120 4603
1124 4604
983 4605
1907 4606
3038 4607
1560 4608
1628 4609
359 4610
3786 4611
4207 4612
1660 4613
981 4614
1863 4615
539 4616
3978 4617
856 4618
1590 4619
1126 4620
3070 4621
3304 4622
3971 4623
364 4624
305 4625
3646 4626
144 4627
3613 4628
3299 4629
3422 4630
2606 4631
966 4632
1969 4633
3920 4634
4615 4635
3118 4636
1842 4637
432 4638
2462 4639
3937 4640
3567 4641
3010 4642
891 4643
362 4644
3750 4645
2162 4646
2703 4647
3393 4648
310 4649
3279 4650
1230 4651
2772 4652
986 4653
859 4654
2350 4655
3339 4656
2829 4657
3665 4658
562 4659
2473 4660
4190 4661
4510 4662
199 4663
1793 4664
2493 4665
1108 4666
4655 4667
489 4668
3048 4669
3374 4670
4376 4671
2789 4672
1726 4673
3595 4674
2274 4675
2685 4676
4189 4677
638 4678
922 4679
2902 4680
1185 4681
3461 4682
2674 4683
4509 4684
113 4685
3667 4686
1449 4687
795 4688
752 4689
2674 4690
425 4691
1408 4692
2591 4693
2306 4694
1462 4695
71 4696
4299 4697
342 4698
466 4699
2451 4700
1892 4701
4597 4702
2439 4703
2834 4704
1436 4705
4380 4706
1024 4707
4686 4708
3222 4709
1268 4710
1933 4711
795 4712
4151 4713
39 4714
964 4715
180 4716
891 4717
2233 4718
3168 4719
3634 4720
353 4721
127 4722
383 4723
816 4724
1400 4725
4431 4726
2748 4727
1341 4728
2343 4729
1500 4730
3820 4731
4371 4732
1226 4733
262 4734
2379 4735
2297 4736
1820 4737
2934 4738
3995 4739
1196 4740
1236 4741
2670 4742
3864 4743
2684 4744
4577 4745
3592 4746
892 4747
4441 4748
1488 4749
3246 4750
4530 4751
2765 4752
3464 4753
4702 4754
2034 4755
4099 4756
3253 4757
332 4758
720 4759
1774 4760
2454 4761
94 4762
3647 4763
70 4764
3553 4765
2633 4766
4371 4767
1924 4768
950 4769
3577 4770
2786 4771
1927 4772
276 4773
2002 4774
3038 4775
4361 4776
2387 4777
955 4778
809 4779
2124 4780
3276 4781
2789 4782
1462 4783
1103 4784
229 4785
506 4786
1639 4787
2850 4788
2387 4789
3351 4790
2036 4791
1514 4792
1918 4793
2042 4794
1833 4795
1948 4796
3486 4797
854 4798
442 4799
2584 4800
180 4801
1882 4802
3581 4803
26 4804
4576 4805
2 4806
2798 4807
4306 4808
2471 4809
3754 4810
4188 4811
3648 4812
928 4813
255 4814
2943 4815
420 4816
1760 4817
486 4818
4689 4819
2420 4820
4007 4821
2776 4822
2745 4823
2778 4824
373 4825
3822 4826
654 4827
1112 4828
4128 4829
3793 4830
1508 4831
2528 4832
3235 4833
1480 4834
257 4835
4479 4836
3400 4837
3983 4838
1201 4839
524 4840
4272 4841
4542 4842
2402 4843
2124 4844
3587 4845
1848 4846
2952 4847
2369 4848
2114 4849
1983 4850
487 4851
2371 4852
3309 4853
2383 4854
2380 4855
4251 4856
1208 4857
1794 4858
108 4859
4051 4860
809 4861
3438 4862
2352 4863
4315 4864
4250 4865
4497 4866
4723 4867
271 4868
403 4869
2400 4870
197 4871
2400 4872
3820 4873
482 4874
2057 4875
2909 4876
2410 4877
4200 4878
3507 4879
4869 4880
1522 4881
727 4882
982 4883
2628 4884
3551 4885
374 4886
1917 4887
4796 4888
2111 4889
2896 4890
2068 4891
3023 4892
101 4893
3935 4894
598 4895
4513 4896
1202 4897
3622 4898
4031 4899
850 4900
844 4901
487 4902
4386 4903
185 4904
3657 4905
1403 4906
1595 4907
3933 4908
120 4909
3663 4910
1076 4911
2825 4912
70 4913
4595 4914
3269 4915
1705 4916
2569 4917
1003 4918
413 4919
4675 4920
3021 4921
1655 4922
4611 4923
53 4924
1755 4925
2822 4926
4763 4927
4407 4928
4699 4929
488 4930
3933 4931
2337 4932
1960 4933
1110 4934
2881 4935
2693 4936
4699 4937
1175 4938
4925 4939
236 4940
1123 4941
354 4942
1874 4943
4155 4944
3877 4945
4787 4946
1250 4947
4826 4948
649 4949
4134 4950
3275 4951
2171 4952
362 4953
586 4954
3761 4955
4196 4956
4019 4957
2467 4958
4317 4959
4749 4960
1050 4961
2812 4962
4181 4963
158 4964
1319 4965
4170 4966
290 4967
1984 4968
1619 4969
1681 4970
2233 4971
3750 4972
803 4973
330 4974
2150 4975
2740 4976
4448 4977
4855 4978
3381 4979
2200 4980
42 4981
4347 4982
449 4983
3399 4984
349 4985
1815 4986
2617 4987
2310 4988
4815 4989
3851 4990
3869 4991
1886 4992
418 4993
1826 4994
4679 4995
766 4996
1978 4997
2691 4998
714 4999
2446 5000
