1 2
2 3
1 4
4 5
4 6
4 7
7 8
3 9
7 10
7 11
7 12
7 13
13 14
6 15
12 16
6 17
6 18
4 19
16 20
16 21
8 22
16 23
7 24
17 25
13 26
21 27
16 28
28 29
6 30
21 31
26 32
11 33
5 34
28 35
10 36
24 37
2 38
27 39
39 40
11 41
7 42
9 43
6 44
44 45
20 46
26 47
40 48
15 49
4 50
37 51
16 52
41 53
16 54
28 55
32 56
28 57
33 58
54 59
39 60
45 61
57 62
8 63
24 64
46 65
7 66
60 67
20 68
44 69
33 70
45 71
7 72
41 73
23 74
56 75
46 76
73 77
53 78
52 79
14 80
69 81
60 82
63 83
20 84
29 85
68 86
41 87
56 88
8 89
43 90
35 91
76 92
84 93
67 94
66 95
40 96
49 97
61 98
15 99
67 100
12 101
7 102
26 103
96 104
68 105
95 106
80 107
10 108
93 109
85 110
95 111
94 112
3 113
43 114
45 115
114 116
23 117
113 118
77 119
93 120
53 121
35 122
43 123
106 124
10 125
29 126
34 127
112 128
94 129
111 130
60 131
115 132
5 133
104 134
92 135
16 136
134 137
92 138
105 139
33 140
125 141
57 142
35 143
123 144
35 145
85 146
52 147
49 148
45 149
107 150
62 151
13 152
10 153
77 154
61 155
148 156
51 157
83 158
35 159
97 160
100 161
42 162
40 163
77 164
55 165
116 166
80 167
154 168
10 169
41 170
118 171
47 172
33 173
94 174
20 175
46 176
2 177
85 178
21 179
175 180
105 181
88 182
78 183
75 184
153 185
32 186
68 187
137 188
167 189
69 190
6 191
95 192
122 193
85 194
153 195
188 196
124 197
43 198
88 199
53 200
132 201
113 202
8 203
100 204
65 205
85 206
53 207
86 208
125 209
123 210
1 211
71 212
159 213
193 214
74 215
89 216
71 217
119 218
16 219
16 220
159 221
175 222
58 223
62 224
28 225
204 226
133 227
98 228
138 229
192 230
105 231
148 232
32 233
214 234
162 235
206 236
141 237
179 238
187 239
9 240
45 241
159 242
163 243
76 244
75 245
179 246
32 247
90 248
85 249
123 250
10 251
112 252
83 253
192 254
163 255
149 256
170 257
124 258
135 259
175 260
153 261
42 262
125 263
125 264
83 265
246 266
98 267
168 268
250 269
190 270
88 271
68 272
18 273
210 274
27 275
20 276
171 277
38 278
118 279
251 280
70 281
170 282
213 283
74 284
123 285
221 286
142 287
182 288
188 289
263 290
5 291
230 292
189 293
97 294
120 295
183 296
228 297
180 298
197 299
121 300
228 301
234 302
85 303
110 304
97 305
64 306
121 307
232 308
56 309
8 310
95 311
78 312
288 313
266 314
204 315
157 316
9 317
100 318
305 319
152 320
9 321
4 322
175 323
305 324
190 325
11 326
287 327
21 328
222 329
20 330
288 331
65 332
326 333
109 334
315 335
318 336
177 337
233 338
315 339
301 340
171 341
77 342
137 343
7 344
104 345
9 346
92 347
312 348
248 349
191 350
169 351
183 352
311 353
196 354
209 355
280 356
41 357
32 358
277 359
209 360
292 361
146 362
143 363
325 364
301 365
262 366
222 367
320 368
360 369
338 370
289 371
175 372
15 373
152 374
152 375
245 376
57 377
75 378
161 379
102 380
175 381
166 382
23 383
310 384
184 385
349 386
18 387
50 388
259 389
308 390
289 391
35 392
384 393
310 394
268 395
319 396
128 397
70 398
341 399
2 400
173 401
253 402
365 403
167 404
112 405
278 406
46 407
318 408
231 409
297 410
241 411
72 412
144 413
215 414
407 415
120 416
227 417
38 418
255 419
394 420
358 421
178 422
201 423
370 424
47 425
71 426
11 427
175 428
286 429
323 430
198 431
118 432
333 433
260 434
58 435
393 436
102 437
383 438
41 439
222 440
279 441
99 442
109 443
373 444
17 445
266 446
281 447
243 448
335 449
337 450
31 451
157 452
9 453
184 454
65 455
345 456
352 457
76 458
10 459
126 460
374 461
355 462
232 463
425 464
36 465
201 466
160 467
138 468
430 469
150 470
294 471
411 472
359 473
2 474
221 475
62 476
6 477
383 478
274 479
206 480
50 481
63 482
76 483
427 484
146 485
474 486
288 487
144 488
275 489
292 490
384 491
230 492
348 493
279 494
112 495
43 496
349 497
61 498
394 499
328 500
6 501
219 502
502 503
130 504
64 505
153 506
165 507
167 508
230 509
398 510
484 511
125 512
503 513
341 514
357 515
311 516
423 517
234 518
163 519
103 520
179 521
521 522
148 523
84 524
59 525
461 526
261 527
401 528
68 529
483 530
289 531
465 532
123 533
425 534
487 535
183 536
46 537
406 538
484 539
291 540
69 541
420 542
203 543
474 544
467 545
352 546
262 547
274 548
353 549
537 550
19 551
521 552
262 553
270 554
19 555
538 556
379 557
142 558
460 559
10 560
358 561
509 562
519 563
536 564
148 565
341 566
315 567
264 568
232 569
529 570
158 571
20 572
331 573
6 574
370 575
414 576
55 577
315 578
39 579
548 580
285 581
528 582
59 583
63 584
523 585
179 586
424 587
339 588
105 589
581 590
45 591
446 592
271 593
91 594
394 595
113 596
14 597
390 598
503 599
286 600
595 601
336 602
504 603
380 604
10 605
116 606
528 607
367 608
77 609
192 610
587 611
189 612
139 613
353 614
262 615
46 616
303 617
262 618
607 619
296 620
329 621
265 622
607 623
546 624
506 625
84 626
581 627
485 628
305 629
47 630
168 631
213 632
605 633
576 634
2 635
31 636
21 637
613 638
634 639
420 640
227 641
449 642
539 643
73 644
420 645
8 646
472 647
276 648
222 649
516 650
221 651
402 652
149 653
230 654
283 655
45 656
184 657
242 658
383 659
185 660
595 661
62 662
527 663
138 664
409 665
464 666
208 667
440 668
277 669
631 670
65 671
502 672
174 673
274 674
171 675
175 676
351 677
580 678
407 679
482 680
350 681
652 682
292 683
233 684
111 685
363 686
426 687
394 688
268 689
18 690
237 691
389 692
413 693
104 694
209 695
220 696
276 697
409 698
178 699
104 700
378 701
274 702
344 703
623 704
237 705
309 706
271 707
13 708
701 709
671 710
239 711
234 712
245 713
14 714
618 715
166 716
348 717
280 718
390 719
6 720
228 721
586 722
152 723
370 724
462 725
414 726
393 727
575 728
661 729
517 730
293 731
702 732
318 733
584 734
479 735
400 736
503 737
716 738
59 739
34 740
285 741
16 742
182 743
613 744
414 745
356 746
233 747
674 748
355 749
213 750
439 751
273 752
91 753
112 754
694 755
600 756
149 757
1 758
367 759
221 760
577 761
223 762
627 763
639 764
425 765
207 766
687 767
275 768
504 769
137 770
733 771
671 772
590 773
555 774
253 775
540 776
583 777
187 778
249 779
551 780
540 781
11 782
153 783
89 784
445 785
104 786
100 787
214 788
773 789
65 790
343 791
466 792
314 793
771 794
296 795
570 796
382 797
334 798
762 799
419 800
225 801
552 802
11 803
791 804
167 805
583 806
418 807
620 808
422 809
581 810
382 811
317 812
88 813
562 814
551 815
195 816
344 817
426 818
167 819
754 820
64 821
176 822
417 823
82 824
34 825
271 826
723 827
247 828
601 829
214 830
246 831
319 832
575 833
532 834
490 835
591 836
266 837
83 838
18 839
432 840
100 841
98 842
363 843
721 844
16 845
423 846
245 847
114 848
820 849
393 850
204 851
172 852
420 853
518 854
847 855
843 856
453 857
659 858
576 859
203 860
511 861
193 862
780 863
665 864
864 865
415 866
466 867
268 868
166 869
229 870
47 871
660 872
698 873
61 874
849 875
669 876
465 877
168 878
673 879
573 880
562 881
191 882
305 883
104 884
75 885
173 886
190 887
536 888
677 889
106 890
350 891
598 892
121 893
533 894
220 895
346 896
142 897
587 898
867 899
828 900
300 901
899 902
614 903
147 904
245 905
374 906
463 907
302 908
200 909
635 910
517 911
721 912
33 913
640 914
287 915
791 916
381 917
154 918
777 919
629 920
588 921
127 922
591 923
874 924
558 925
613 926
666 927
207 928
669 929
46 930
750 931
505 932
688 933
42 934
891 935
896 936
381 937
196 938
847 939
325 940
549 941
628 942
168 943
828 944
333 945
312 946
819 947
429 948
3 949
222 950
91 951
156 952
771 953
655 954
146 955
498 956
712 957
91 958
879 959
564 960
394 961
601 962
606 963
831 964
271 965
868 966
79 967
470 968
699 969
957 970
784 971
512 972
299 973
557 974
845 975
205 976
287 977
366 978
743 979
363 980
116 981
506 982
682 983
316 984
380 985
679 986
17 987
157 988
420 989
620 990
458 991
493 992
981 993
617 994
782 995
395 996
18 997
555 998
431 999
444 1000
948 1001
255 1002
402 1003
491 1004
727 1005
244 1006
131 1007
722 1008
723 1009
228 1010
737 1011
433 1012
361 1013
401 1014
506 1015
512 1016
21 1017
929 1018
281 1019
6 1020
248 1021
939 1022
430 1023
395 1024
405 1025
208 1026
494 1027
518 1028
954 1029
948 1030
283 1031
1019 1032
50 1033
777 1034
63 1035
818 1036
41 1037
200 1038
702 1039
587 1040
745 1041
295 1042
547 1043
841 1044
656 1045
791 1046
224 1047
461 1048
530 1049
692 1050
931 1051
703 1052
463 1053
1015 1054
921 1055
236 1056
178 1057
984 1058
658 1059
469 1060
637 1061
982 1062
458 1063
320 1064
1012 1065
900 1066
88 1067
200 1068
573 1069
274 1070
881 1071
566 1072
527 1073
356 1074
857 1075
309 1076
852 1077
1064 1078
526 1079
88 1080
698 1081
843 1082
468 1083
1061 1084
501 1085
246 1086
347 1087
779 1088
981 1089
1058 1090
397 1091
50 1092
1023 1093
886 1094
1005 1095
932 1096
745 1097
702 1098
506 1099
546 1100
1066 1101
290 1102
931 1103
189 1104
928 1105
158 1106
647 1107
895 1108
469 1109
720 1110
284 1111
309 1112
711 1113
1096 1114
274 1115
932 1116
585 1117
965 1118
1107 1119
109 1120
489 1121
294 1122
767 1123
485 1124
1074 1125
709 1126
621 1127
638 1128
854 1129
483 1130
782 1131
1056 1132
1082 1133
558 1134
259 1135
869 1136
672 1137
401 1138
1018 1139
285 1140
928 1141
1083 1142
104 1143
407 1144
854 1145
1102 1146
1022 1147
922 1148
230 1149
341 1150
1040 1151
1000 1152
392 1153
52 1154
747 1155
730 1156
782 1157
788 1158
1054 1159
670 1160
405 1161
32 1162
470 1163
202 1164
685 1165
726 1166
1098 1167
231 1168
800 1169
1112 1170
1124 1171
1017 1172
7 1173
822 1174
984 1175
635 1176
144 1177
909 1178
624 1179
1147 1180
242 1181
979 1182
165 1183
696 1184
192 1185
110 1186
758 1187
560 1188
150 1189
765 1190
444 1191
1096 1192
900 1193
949 1194
1171 1195
420 1196
556 1197
945 1198
460 1199
784 1200
262 1201
444 1202
1041 1203
785 1204
230 1205
47 1206
146 1207
805 1208
1194 1209
1003 1210
147 1211
580 1212
481 1213
966 1214
93 1215
1007 1216
388 1217
615 1218
518 1219
262 1220
1029 1221
788 1222
1154 1223
812 1224
319 1225
746 1226
504 1227
771 1228
586 1229
1147 1230
154 1231
981 1232
403 1233
922 1234
949 1235
818 1236
1203 1237
999 1238
285 1239
932 1240
38 1241
791 1242
138 1243
1218 1244
433 1245
171 1246
1062 1247
280 1248
1121 1249
1012 1250
196 1251
647 1252
894 1253
368 1254
992 1255
770 1256
725 1257
748 1258
610 1259
114 1260
532 1261
555 1262
483 1263
1166 1264
341 1265
245 1266
701 1267
815 1268
778 1269
179 1270
915 1271
466 1272
559 1273
39 1274
1027 1275
493 1276
908 1277
844 1278
214 1279
820 1280
155 1281
1262 1282
367 1283
382 1284
324 1285
1225 1286
753 1287
66 1288
713 1289
524 1290
1 1291
1097 1292
77 1293
915 1294
147 1295
1055 1296
727 1297
1009 1298
375 1299
246 1300
38 1301
1007 1302
890 1303
945 1304
846 1305
851 1306
1038 1307
539 1308
443 1309
1163 1310
1274 1311
118 1312
939 1313
847 1314
929 1315
164 1316
84 1317
1197 1318
560 1319
263 1320
872 1321
1159 1322
189 1323
234 1324
130 1325
589 1326
1036 1327
27 1328
1323 1329
726 1330
636 1331
421 1332
1104 1333
648 1334
822 1335
1138 1336
933 1337
933 1338
284 1339
615 1340
1165 1341
319 1342
448 1343
541 1344
801 1345
107 1346
816 1347
511 1348
990 1349
352 1350
282 1351
612 1352
942 1353
1023 1354
467 1355
849 1356
61 1357
113 1358
242 1359
326 1360
1168 1361
689 1362
1344 1363
764 1364
791 1365
789 1366
20 1367
404 1368
201 1369
1155 1370
989 1371
1081 1372
886 1373
119 1374
71 1375
554 1376
1139 1377
456 1378
209 1379
544 1380
1379 1381
249 1382
737 1383
180 1384
1326 1385
583 1386
1107 1387
38 1388
838 1389
1288 1390
920 1391
1165 1392
10 1393
1293 1394
826 1395
450 1396
948 1397
761 1398
115 1399
245 1400
887 1401
263 1402
697 1403
104 1404
1276 1405
881 1406
584 1407
1219 1408
548 1409
903 1410
355 1411
545 1412
270 1413
33 1414
431 1415
569 1416
699 1417
601 1418
1034 1419
658 1420
1066 1421
426 1422
112 1423
1233 1424
1267 1425
1311 1426
225 1427
660 1428
237 1429
294 1430
144 1431
424 1432
1036 1433
178 1434
554 1435
357 1436
48 1437
277 1438
192 1439
1263 1440
706 1441
14 1442
1113 1443
1167 1444
629 1445
365 1446
836 1447
902 1448
1374 1449
610 1450
714 1451
838 1452
23 1453
733 1454
455 1455
951 1456
852 1457
85 1458
1290 1459
931 1460
115 1461
213 1462
1079 1463
38 1464
51 1465
67 1466
186 1467
580 1468
609 1469
603 1470
404 1471
441 1472
622 1473
110 1474
1241 1475
1061 1476
174 1477
140 1478
544 1479
923 1480
1112 1481
1211 1482
8 1483
146 1484
1210 1485
1303 1486
1021 1487
1232 1488
139 1489
482 1490
591 1491
330 1492
1022 1493
595 1494
847 1495
36 1496
295 1497
1268 1498
1289 1499
182 1500
1119 1501
1118 1502
900 1503
1341 1504
123 1505
123 1506
688 1507
68 1508
1048 1509
1033 1510
1330 1511
1463 1512
732 1513
1099 1514
774 1515
548 1516
1494 1517
1309 1518
842 1519
317 1520
1210 1521
1515 1522
1075 1523
1176 1524
837 1525
946 1526
1479 1527
672 1528
590 1529
75 1530
413 1531
215 1532
445 1533
1105 1534
1160 1535
197 1536
497 1537
429 1538
928 1539
399 1540
1537 1541
957 1542
759 1543
416 1544
545 1545
536 1546
559 1547
434 1548
154 1549
176 1550
88 1551
1219 1552
1220 1553
1140 1554
1402 1555
86 1556
1027 1557
474 1558
1379 1559
87 1560
1354 1561
1540 1562
1264 1563
1290 1564
738 1565
1115 1566
693 1567
1191 1568
1542 1569
97 1570
110 1571
945 1572
62 1573
1235 1574
1069 1575
1233 1576
234 1577
143 1578
1235 1579
1198 1580
1493 1581
1571 1582
805 1583
876 1584
680 1585
557 1586
1119 1587
848 1588
834 1589
577 1590
965 1591
32 1592
37 1593
983 1594
938 1595
840 1596
821 1597
55 1598
250 1599
1449 1600
270 1601
1241 1602
575 1603
688 1604
50 1605
1475 1606
479 1607
1486 1608
456 1609
1552 1610
88 1611
410 1612
939 1613
646 1614
199 1615
51 1616
361 1617
248 1618
178 1619
1247 1620
647 1621
618 1622
177 1623
417 1624
1108 1625
1474 1626
692 1627
695 1628
275 1629
345 1630
1566 1631
749 1632
873 1633
1155 1634
1552 1635
165 1636
1219 1637
1521 1638
284 1639
751 1640
1042 1641
362 1642
682 1643
1206 1644
142 1645
1100 1646
840 1647
1434 1648
143 1649
942 1650
252 1651
718 1652
368 1653
863 1654
1600 1655
822 1656
1575 1657
1488 1658
110 1659
688 1660
1482 1661
942 1662
650 1663
632 1664
1158 1665
656 1666
637 1667
982 1668
439 1669
1625 1670
665 1671
1398 1672
407 1673
1021 1674
1217 1675
886 1676
407 1677
919 1678
1344 1679
290 1680
512 1681
699 1682
1319 1683
953 1684
350 1685
1117 1686
966 1687
491 1688
1049 1689
769 1690
1398 1691
921 1692
1072 1693
1332 1694
1285 1695
1043 1696
918 1697
452 1698
114 1699
1478 1700
1156 1701
1601 1702
323 1703
499 1704
974 1705
1646 1706
1087 1707
321 1708
1127 1709
550 1710
1533 1711
194 1712
1663 1713
803 1714
672 1715
177 1716
1063 1717
65 1718
648 1719
1695 1720
1577 1721
1577 1722
1156 1723
627 1724
1321 1725
756 1726
1042 1727
1077 1728
1173 1729
1182 1730
317 1731
1212 1732
1202 1733
1446 1734
523 1735
1534 1736
930 1737
634 1738
758 1739
1059 1740
731 1741
80 1742
1031 1743
1177 1744
218 1745
789 1746
508 1747
1567 1748
1374 1749
501 1750
1722 1751
1227 1752
837 1753
1479 1754
632 1755
1458 1756
309 1757
452 1758
1140 1759
367 1760
343 1761
425 1762
1306 1763
886 1764
1558 1765
566 1766
267 1767
772 1768
1753 1769
1728 1770
658 1771
214 1772
293 1773
1351 1774
1096 1775
396 1776
624 1777
705 1778
164 1779
474 1780
223 1781
691 1782
386 1783
1597 1784
966 1785
1014 1786
874 1787
1154 1788
12 1789
726 1790
1104 1791
1428 1792
1298 1793
1625 1794
1583 1795
1681 1796
1364 1797
38 1798
154 1799
100 1800
587 1801
533 1802
239 1803
439 1804
785 1805
1149 1806
721 1807
470 1808
923 1809
1791 1810
1469 1811
922 1812
1108 1813
1641 1814
123 1815
1068 1816
966 1817
1645 1818
1094 1819
1116 1820
947 1821
819 1822
1520 1823
902 1824
1553 1825
176 1826
452 1827
720 1828
584 1829
655 1830
642 1831
186 1832
841 1833
1256 1834
202 1835
1194 1836
114 1837
628 1838
1004 1839
1214 1840
810 1841
140 1842
1285 1843
252 1844
4 1845
1577 1846
191 1847
197 1848
308 1849
747 1850
1768 1851
1091 1852
328 1853
1096 1854
1705 1855
301 1856
1528 1857
1453 1858
522 1859
1287 1860
407 1861
764 1862
903 1863
1851 1864
743 1865
782 1866
130 1867
8 1868
833 1869
1861 1870
1477 1871
1441 1872
1495 1873
1584 1874
91 1875
524 1876
279 1877
1685 1878
1713 1879
1444 1880
280 1881
763 1882
1655 1883
1169 1884
1343 1885
82 1886
596 1887
501 1888
1135 1889
1550 1890
613 1891
1518 1892
472 1893
836 1894
1527 1895
1013 1896
1724 1897
1776 1898
119 1899
736 1900
9 1901
849 1902
539 1903
13 1904
65 1905
1641 1906
990 1907
447 1908
693 1909
732 1910
1126 1911
464 1912
1726 1913
257 1914
218 1915
820 1916
762 1917
1550 1918
1884 1919
1658 1920
1695 1921
1394 1922
1381 1923
852 1924
1526 1925
1773 1926
563 1927
1079 1928
1012 1929
67 1930
352 1931
1525 1932
1012 1933
1618 1934
413 1935
269 1936
794 1937
730 1938
1336 1939
302 1940
303 1941
1125 1942
1100 1943
1867 1944
34 1945
241 1946
1473 1947
1216 1948
991 1949
74 1950
838 1951
1213 1952
1128 1953
1658 1954
1134 1955
1609 1956
1259 1957
83 1958
387 1959
1919 1960
1805 1961
1393 1962
1501 1963
761 1964
1920 1965
1615 1966
1624 1967
35 1968
481 1969
368 1970
968 1971
84 1972
882 1973
558 1974
1547 1975
1594 1976
1123 1977
1492 1978
403 1979
1889 1980
1239 1981
1805 1982
455 1983
1405 1984
19 1985
370 1986
566 1987
1435 1988
1061 1989
1574 1990
1387 1991
235 1992
1753 1993
1914 1994
612 1995
1178 1996
241 1997
1444 1998
1115 1999
764 2000
146 2001
1604 2002
230 2003
1662 2004
767 2005
341 2006
1405 2007
176 2008
1834 2009
676 2010
1281 2011
391 2012
71 2013
1422 2014
509 2015
161 2016
698 2017
2006 2018
1647 2019
1749 2020
317 2021
1697 2022
1361 2023
1556 2024
2 2025
517 2026
1511 2027
260 2028
1033 2029
1494 2030
1799 2031
643 2032
81 2033
1812 2034
1877 2035
673 2036
1587 2037
530 2038
1187 2039
562 2040
1232 2041
1961 2042
231 2043
1881 2044
1321 2045
1648 2046
1615 2047
1344 2048
390 2049
1289 2050
683 2051
545 2052
1690 2053
1065 2054
827 2055
328 2056
1794 2057
1951 2058
1135 2059
210 2060
918 2061
1714 2062
426 2063
1308 2064
1658 2065
1146 2066
440 2067
844 2068
1609 2069
277 2070
650 2071
1535 2072
1397 2073
1897 2074
1462 2075
981 2076
1938 2077
907 2078
1861 2079
1623 2080
1127 2081
1690 2082
445 2083
495 2084
1566 2085
1773 2086
1268 2087
127 2088
977 2089
1940 2090
197 2091
198 2092
932 2093
1557 2094
2038 2095
1369 2096
1064 2097
1700 2098
247 2099
1378 2100
1306 2101
1991 2102
858 2103
1703 2104
869 2105
215 2106
5 2107
1011 2108
877 2109
1109 2110
1011 2111
1155 2112
888 2113
1348 2114
1827 2115
1004 2116
46 2117
1456 2118
1084 2119
1907 2120
1553 2121
1694 2122
704 2123
102 2124
594 2125
1604 2126
1336 2127
360 2128
504 2129
1526 2130
680 2131
1690 2132
1999 2133
1114 2134
1511 2135
175 2136
995 2137
195 2138
2045 2139
111 2140
1108 2141
530 2142
2121 2143
1779 2144
140 2145
2084 2146
1677 2147
1294 2148
1943 2149
782 2150
606 2151
937 2152
1697 2153
715 2154
1213 2155
1643 2156
625 2157
787 2158
806 2159
1225 2160
1884 2161
1749 2162
298 2163
1169 2164
185 2165
1100 2166
1760 2167
470 2168
1491 2169
2032 2170
282 2171
950 2172
683 2173
1565 2174
279 2175
850 2176
1075 2177
624 2178
1180 2179
624 2180
2126 2181
1818 2182
367 2183
1586 2184
1866 2185
2103 2186
1659 2187
2177 2188
240 2189
668 2190
1394 2191
1793 2192
1057 2193
89 2194
200 2195
102 2196
1136 2197
1339 2198
641 2199
187 2200
1673 2201
144 2202
1926 2203
854 2204
1281 2205
51 2206
767 2207
1701 2208
160 2209
593 2210
2038 2211
1481 2212
164 2213
291 2214
1113 2215
1863 2216
1158 2217
1557 2218
1103 2219
1614 2220
983 2221
1544 2222
893 2223
1002 2224
147 2225
1212 2226
2021 2227
1264 2228
608 2229
751 2230
243 2231
2145 2232
1245 2233
1114 2234
735 2235
1880 2236
444 2237
184 2238
949 2239
1243 2240
1288 2241
2004 2242
1188 2243
357 2244
546 2245
130 2246
938 2247
192 2248
809 2249
2062 2250
1426 2251
1625 2252
670 2253
262 2254
1881 2255
1060 2256
1228 2257
1950 2258
1922 2259
66 2260
2109 2261
1903 2262
1574 2263
523 2264
68 2265
1157 2266
1929 2267
234 2268
895 2269
1150 2270
768 2271
1361 2272
290 2273
795 2274
1164 2275
516 2276
2168 2277
935 2278
966 2279
877 2280
1531 2281
1302 2282
697 2283
173 2284
19 2285
383 2286
48 2287
28 2288
1102 2289
780 2290
134 2291
748 2292
852 2293
848 2294
2110 2295
213 2296
358 2297
1168 2298
1788 2299
248 2300
1123 2301
1032 2302
683 2303
481 2304
531 2305
490 2306
1222 2307
825 2308
1633 2309
1857 2310
1168 2311
1154 2312
787 2313
2062 2314
1247 2315
1549 2316
2019 2317
2066 2318
1272 2319
1792 2320
2228 2321
1145 2322
57 2323
308 2324
644 2325
1981 2326
1435 2327
320 2328
132 2329
606 2330
438 2331
2093 2332
1769 2333
620 2334
1950 2335
1458 2336
1189 2337
228 2338
1507 2339
2022 2340
1943 2341
1783 2342
585 2343
1141 2344
87 2345
1286 2346
1989 2347
1582 2348
1741 2349
1233 2350
879 2351
2039 2352
654 2353
52 2354
705 2355
1737 2356
303 2357
1206 2358
721 2359
753 2360
2119 2361
358 2362
1317 2363
55 2364
2123 2365
1562 2366
2223 2367
1623 2368
1184 2369
87 2370
41 2371
1060 2372
1117 2373
380 2374
1085 2375
1445 2376
101 2377
261 2378
1032 2379
352 2380
1781 2381
531 2382
1134 2383
554 2384
2375 2385
1124 2386
1191 2387
1671 2388
606 2389
548 2390
23 2391
1341 2392
617 2393
1163 2394
799 2395
2057 2396
863 2397
430 2398
2068 2399
663 2400
1470 2401
341 2402
1890 2403
1766 2404
757 2405
51 2406
1729 2407
657 2408
1366 2409
1736 2410
504 2411
1231 2412
548 2413
292 2414
1422 2415
48 2416
1295 2417
2209 2418
745 2419
2063 2420
1064 2421
855 2422
984 2423
1672 2424
954 2425
1229 2426
185 2427
473 2428
1179 2429
1286 2430
1536 2431
717 2432
2186 2433
1121 2434
1799 2435
2155 2436
1397 2437
853 2438
97 2439
1175 2440
720 2441
2429 2442
2110 2443
1120 2444
506 2445
1829 2446
2069 2447
2403 2448
401 2449
75 2450
71 2451
720 2452
949 2453
1184 2454
2066 2455
2339 2456
193 2457
2054 2458
2389 2459
1016 2460
1133 2461
506 2462
1597 2463
2138 2464
113 2465
1805 2466
552 2467
29 2468
416 2469
370 2470
651 2471
256 2472
2037 2473
2354 2474
1642 2475
2222 2476
212 2477
1835 2478
2357 2479
1383 2480
1149 2481
2135 2482
1228 2483
713 2484
765 2485
179 2486
433 2487
2355 2488
2209 2489
2232 2490
722 2491
2372 2492
865 2493
482 2494
2324 2495
1745 2496
2386 2497
526 2498
1471 2499
2159 2500
23 2501
1349 2502
1515 2503
690 2504
2291 2505
2394 2506
2074 2507
835 2508
2114 2509
2483 2510
2470 2511
1688 2512
2082 2513
446 2514
2435 2515
2314 2516
1583 2517
1886 2518
831 2519
1444 2520
757 2521
1932 2522
1323 2523
2464 2524
2484 2525
1977 2526
431 2527
958 2528
2360 2529
1072 2530
258 2531
698 2532
1181 2533
812 2534
875 2535
1287 2536
2517 2537
1367 2538
1376 2539
1919 2540
2014 2541
1605 2542
1946 2543
2207 2544
2154 2545
755 2546
895 2547
569 2548
556 2549
2295 2550
1733 2551
99 2552
2167 2553
229 2554
546 2555
2251 2556
2044 2557
2275 2558
1185 2559
222 2560
1224 2561
2507 2562
2343 2563
2028 2564
169 2565
837 2566
314 2567
41 2568
1987 2569
2526 2570
855 2571
2150 2572
2554 2573
504 2574
2462 2575
433 2576
2327 2577
1875 2578
899 2579
2357 2580
574 2581
1362 2582
2347 2583
1191 2584
2509 2585
505 2586
2344 2587
1038 2588
1206 2589
1461 2590
2320 2591
1065 2592
891 2593
2348 2594
2203 2595
1985 2596
471 2597
454 2598
1943 2599
2282 2600
993 2601
291 2602
1164 2603
1721 2604
1433 2605
1759 2606
2030 2607
2474 2608
1036 2609
1702 2610
1120 2611
65 2612
568 2613
329 2614
2527 2615
729 2616
226 2617
1314 2618
2002 2619
2205 2620
1421 2621
663 2622
381 2623
453 2624
1243 2625
2041 2626
1027 2627
17 2628
957 2629
582 2630
685 2631
907 2632
1653 2633
1894 2634
2483 2635
1000 2636
1646 2637
933 2638
1154 2639
685 2640
919 2641
1315 2642
932 2643
80 2644
911 2645
2301 2646
1891 2647
1986 2648
1696 2649
2023 2650
1139 2651
2154 2652
1982 2653
309 2654
518 2655
2527 2656
1142 2657
771 2658
208 2659
1719 2660
1175 2661
901 2662
577 2663
49 2664
2222 2665
1499 2666
1627 2667
1336 2668
952 2669
318 2670
1386 2671
2056 2672
1444 2673
2249 2674
641 2675
1974 2676
1529 2677
152 2678
942 2679
947 2680
1955 2681
1514 2682
544 2683
2151 2684
1225 2685
1549 2686
2157 2687
169 2688
454 2689
1043 2690
2607 2691
1564 2692
438 2693
1999 2694
535 2695
739 2696
1581 2697
2145 2698
185 2699
2100 2700
1275 2701
2361 2702
618 2703
1878 2704
377 2705
1805 2706
1822 2707
2201 2708
378 2709
1944 2710
550 2711
1180 2712
1409 2713
1769 2714
2434 2715
222 2716
1874 2717
1491 2718
1303 2719
410 2720
2083 2721
1291 2722
1205 2723
1586 2724
1434 2725
788 2726
1112 2727
501 2728
52 2729
1595 2730
889 2731
992 2732
1656 2733
22 2734
2719 2735
1606 2736
1871 2737
730 2738
305 2739
1701 2740
2184 2741
2426 2742
1367 2743
310 2744
2508 2745
1974 2746
791 2747
2009 2748
632 2749
2213 2750
2577 2751
1538 2752
1688 2753
1234 2754
537 2755
1145 2756
1030 2757
1645 2758
411 2759
799 2760
1024 2761
2249 2762
356 2763
60 2764
852 2765
279 2766
2737 2767
2650 2768
678 2769
618 2770
1030 2771
2649 2772
106 2773
304 2774
2157 2775
2174 2776
1822 2777
1259 2778
1239 2779
1220 2780
976 2781
563 2782
590 2783
1046 2784
1743 2785
2472 2786
1349 2787
2048 2788
1388 2789
2353 2790
1866 2791
1806 2792
1439 2793
690 2794
503 2795
2737 2796
686 2797
2644 2798
431 2799
2217 2800
1012 2801
1655 2802
2519 2803
883 2804
924 2805
1249 2806
316 2807
2365 2808
1542 2809
2089 2810
457 2811
2182 2812
662 2813
532 2814
241 2815
2772 2816
1745 2817
1200 2818
2655 2819
1607 2820
1059 2821
822 2822
1326 2823
1343 2824
332 2825
2617 2826
488 2827
484 2828
2359 2829
1281 2830
768 2831
82 2832
1256 2833
1125 2834
1158 2835
2402 2836
1119 2837
2577 2838
23 2839
2271 2840
409 2841
1991 2842
412 2843
1796 2844
2586 2845
1915 2846
2344 2847
1466 2848
2089 2849
188 2850
110 2851
2583 2852
983 2853
937 2854
1463 2855
368 2856
1249 2857
2643 2858
779 2859
148 2860
1317 2861
2639 2862
1548 2863
2105 2864
2264 2865
1590 2866
1929 2867
1110 2868
1153 2869
1154 2870
2171 2871
2555 2872
606 2873
500 2874
1831 2875
2103 2876
1069 2877
108 2878
1742 2879
1422 2880
1439 2881
906 2882
2163 2883
1036 2884
633 2885
1887 2886
2224 2887
1731 2888
1029 2889
161 2890
2734 2891
405 2892
816 2893
1583 2894
2378 2895
2731 2896
2427 2897
675 2898
1662 2899
2046 2900
1889 2901
818 2902
1371 2903
2471 2904
2581 2905
1017 2906
1385 2907
591 2908
1826 2909
1499 2910
1637 2911
1313 2912
84 2913
1502 2914
2808 2915
1280 2916
1544 2917
203 2918
1323 2919
2324 2920
2574 2921
1814 2922
1113 2923
543 2924
371 2925
2112 2926
1999 2927
2895 2928
2562 2929
614 2930
1956 2931
2007 2932
171 2933
737 2934
1309 2935
1818 2936
977 2937
2172 2938
1759 2939
2054 2940
981 2941
2662 2942
1089 2943
1679 2944
2528 2945
2812 2946
1347 2947
2642 2948
2315 2949
558 2950
1035 2951
2278 2952
305 2953
2424 2954
2798 2955
255 2956
1533 2957
2719 2958
210 2959
1853 2960
1502 2961
1454 2962
1506 2963
157 2964
1952 2965
2417 2966
2609 2967
67 2968
2116 2969
743 2970
133 2971
2423 2972
2849 2973
1544 2974
337 2975
2081 2976
968 2977
574 2978
2424 2979
937 2980
642 2981
2176 2982
2332 2983
71 2984
768 2985
1918 2986
1380 2987
51 2988
2509 2989
1384 2990
274 2991
1245 2992
1166 2993
2422 2994
1134 2995
166 2996
1075 2997
1444 2998
2755 2999
1667 3000
2829 3001
2861 3002
2777 3003
2632 3004
632 3005
461 3006
1124 3007
385 3008
2498 3009
743 3010
328 3011
380 3012
194 3013
2093 3014
2760 3015
2217 3016
2719 3017
1691 3018
246 3019
1592 3020
168 3021
192 3022
1941 3023
910 3024
322 3025
2 3026
481 3027
1831 3028
2551 3029
1571 3030
3023 3031
1017 3032
5 3033
228 3034
1578 3035
798 3036
2434 3037
1065 3038
1423 3039
1057 3040
2325 3041
2613 3042
2479 3043
856 3044
597 3045
1988 3046
694 3047
629 3048
1368 3049
1514 3050
1179 3051
1637 3052
490 3053
1546 3054
1756 3055
1239 3056
252 3057
284 3058
2295 3059
2902 3060
1637 3061
1341 3062
173 3063
1560 3064
139 3065
157 3066
2558 3067
1018 3068
1232 3069
712 3070
90 3071
376 3072
1925 3073
1073 3074
2047 3075
2527 3076
1026 3077
575 3078
1629 3079
234 3080
1971 3081
2475 3082
2153 3083
1716 3084
148 3085
378 3086
1923 3087
2647 3088
2409 3089
975 3090
1962 3091
305 3092
1356 3093
511 3094
18 3095
233 3096
3092 3097
2350 3098
755 3099
963 3100
1150 3101
671 3102
2737 3103
2883 3104
1851 3105
2745 3106
2596 3107
1772 3108
1244 3109
359 3110
2140 3111
817 3112
1900 3113
2013 3114
430 3115
1943 3116
865 3117
1581 3118
1218 3119
157 3120
2627 3121
1742 3122
991 3123
2396 3124
1091 3125
1507 3126
3121 3127
2386 3128
2994 3129
2432 3130
1207 3131
422 3132
2827 3133
1653 3134
2712 3135
793 3136
1813 3137
270 3138
1842 3139
349 3140
1081 3141
2175 3142
2929 3143
316 3144
763 3145
2531 3146
726 3147
1090 3148
222 3149
531 3150
2952 3151
2042 3152
1362 3153
2950 3154
701 3155
273 3156
2548 3157
2375 3158
2162 3159
566 3160
2535 3161
54 3162
863 3163
1538 3164
600 3165
2043 3166
2116 3167
1055 3168
168 3169
1425 3170
144 3171
2668 3172
2278 3173
936 3174
961 3175
1836 3176
25 3177
2520 3178
3008 3179
2426 3180
550 3181
2334 3182
2615 3183
1846 3184
334 3185
656 3186
553 3187
1284 3188
134 3189
1004 3190
669 3191
3 3192
2862 3193
2176 3194
2286 3195
1805 3196
778 3197
2927 3198
2848 3199
1014 3200
1550 3201
1310 3202
2075 3203
2266 3204
2201 3205
3040 3206
2756 3207
2946 3208
1696 3209
1347 3210
471 3211
2377 3212
1471 3213
2552 3214
1289 3215
309 3216
1729 3217
863 3218
2173 3219
2434 3220
2355 3221
2969 3222
265 3223
3028 3224
1784 3225
1229 3226
1450 3227
1089 3228
308 3229
1611 3230
2156 3231
2075 3232
885 3233
2739 3234
843 3235
1644 3236
674 3237
1371 3238
1308 3239
1881 3240
754 3241
1958 3242
2121 3243
1130 3244
14 3245
1598 3246
2719 3247
95 3248
839 3249
100 3250
3246 3251
1466 3252
2261 3253
3112 3254
3132 3255
2319 3256
2851 3257
2342 3258
155 3259
2563 3260
2599 3261
1016 3262
388 3263
1277 3264
997 3265
2040 3266
499 3267
2578 3268
280 3269
1341 3270
3202 3271
2978 3272
2083 3273
97 3274
2813 3275
244 3276
956 3277
539 3278
2087 3279
828 3280
442 3281
805 3282
1509 3283
717 3284
3271 3285
737 3286
565 3287
848 3288
1748 3289
2201 3290
3110 3291
3235 3292
3287 3293
2096 3294
541 3295
1023 3296
1767 3297
2967 3298
293 3299
1883 3300
2360 3301
2354 3302
3253 3303
2241 3304
602 3305
3229 3306
651 3307
668 3308
1103 3309
2933 3310
1872 3311
83 3312
3049 3313
336 3314
3168 3315
455 3316
766 3317
590 3318
1433 3319
2844 3320
2980 3321
1370 3322
1847 3323
46 3324
2119 3325
1826 3326
2031 3327
2140 3328
910 3329
2055 3330
498 3331
1892 3332
1480 3333
3074 3334
432 3335
973 3336
2489 3337
3018 3338
1536 3339
869 3340
2057 3341
321 3342
2739 3343
3106 3344
1197 3345
1182 3346
202 3347
2262 3348
2997 3349
126 3350
166 3351
1073 3352
2470 3353
1792 3354
2988 3355
1145 3356
2322 3357
2584 3358
1980 3359
2328 3360
2937 3361
2664 3362
1755 3363
2921 3364
1920 3365
3156 3366
3280 3367
2476 3368
3241 3369
3263 3370
2328 3371
358 3372
2539 3373
3147 3374
1642 3375
1591 3376
3182 3377
457 3378
2884 3379
1017 3380
1476 3381
2299 3382
3281 3383
703 3384
817 3385
2819 3386
2635 3387
2754 3388
2979 3389
357 3390
1128 3391
1947 3392
155 3393
180 3394
1957 3395
1703 3396
1481 3397
3162 3398
3217 3399
3174 3400
3309 3401
2825 3402
1289 3403
424 3404
62 3405
3339 3406
1745 3407
2010 3408
1135 3409
1967 3410
1466 3411
1303 3412
621 3413
2923 3414
1882 3415
358 3416
190 3417
508 3418
1059 3419
500 3420
2686 3421
2883 3422
586 3423
342 3424
178 3425
121 3426
2583 3427
2934 3428
2797 3429
3423 3430
3076 3431
899 3432
2811 3433
1200 3434
2575 3435
2485 3436
1181 3437
2131 3438
3419 3439
244 3440
1630 3441
490 3442
304 3443
1887 3444
187 3445
2307 3446
2716 3447
1537 3448
487 3449
652 3450
2800 3451
1456 3452
1908 3453
2908 3454
227 3455
492 3456
147 3457
492 3458
3274 3459
461 3460
3010 3461
3092 3462
2564 3463
3033 3464
1310 3465
1031 3466
608 3467
2473 3468
2012 3469
3122 3470
2464 3471
2025 3472
2543 3473
161 3474
646 3475
3256 3476
1637 3477
2016 3478
2870 3479
1316 3480
2808 3481
1810 3482
2436 3483
3116 3484
1451 3485
1727 3486
2488 3487
2460 3488
1348 3489
2851 3490
153 3491
234 3492
2389 3493
1518 3494
1133 3495
861 3496
966 3497
2478 3498
480 3499
2323 3500
2011 3501
1623 3502
3375 3503
1324 3504
1051 3505
2541 3506
2386 3507
2324 3508
2899 3509
3359 3510
1549 3511
968 3512
3389 3513
1784 3514
3375 3515
164 3516
1533 3517
1823 3518
3024 3519
1943 3520
2086 3521
1056 3522
383 3523
943 3524
1011 3525
887 3526
1587 3527
1905 3528
2393 3529
1485 3530
214 3531
994 3532
2549 3533
870 3534
195 3535
3155 3536
1118 3537
1994 3538
3028 3539
367 3540
1164 3541
1305 3542
2918 3543
2626 3544
1781 3545
1126 3546
1411 3547
3512 3548
1561 3549
194 3550
1580 3551
2897 3552
3010 3553
145 3554
2123 3555
1716 3556
972 3557
2914 3558
3455 3559
641 3560
2641 3561
1151 3562
1904 3563
1222 3564
2727 3565
2028 3566
2038 3567
3353 3568
2297 3569
3203 3570
3528 3571
2912 3572
2664 3573
1386 3574
3139 3575
861 3576
907 3577
283 3578
1193 3579
2584 3580
2768 3581
2882 3582
2542 3583
1627 3584
2792 3585
2190 3586
3464 3587
1201 3588
3256 3589
2140 3590
439 3591
1667 3592
1189 3593
1003 3594
1471 3595
1811 3596
1987 3597
2178 3598
923 3599
3356 3600
3123 3601
1012 3602
2736 3603
2999 3604
1682 3605
1326 3606
949 3607
2234 3608
3428 3609
1152 3610
1931 3611
1672 3612
3200 3613
1113 3614
1587 3615
2893 3616
1095 3617
2978 3618
1605 3619
954 3620
1248 3621
1830 3622
1125 3623
246 3624
3159 3625
339 3626
1653 3627
1218 3628
3285 3629
2713 3630
3461 3631
1628 3632
1448 3633
2726 3634
18 3635
1310 3636
1188 3637
1835 3638
2930 3639
2996 3640
2082 3641
1220 3642
2213 3643
1391 3644
2056 3645
2010 3646
3397 3647
1228 3648
1704 3649
2549 3650
2021 3651
2716 3652
3309 3653
3595 3654
582 3655
1824 3656
137 3657
1906 3658
1549 3659
3216 3660
825 3661
3319 3662
3422 3663
2654 3664
1610 3665
3151 3666
2736 3667
3 3668
89 3669
2635 3670
3566 3671
297 3672
3425 3673
645 3674
2729 3675
2631 3676
2950 3677
336 3678
931 3679
1123 3680
1869 3681
1096 3682
1162 3683
1663 3684
1507 3685
1339 3686
1393 3687
1521 3688
1533 3689
3086 3690
1055 3691
2766 3692
2725 3693
1429 3694
2953 3695
1234 3696
17 3697
1077 3698
1714 3699
2921 3700
379 3701
1884 3702
2986 3703
2796 3704
2280 3705
2758 3706
578 3707
3422 3708
211 3709
3602 3710
1767 3711
557 3712
3394 3713
78 3714
1997 3715
2856 3716
3135 3717
2112 3718
1117 3719
792 3720
3484 3721
2501 3722
1851 3723
2303 3724
463 3725
1293 3726
3590 3727
2699 3728
1513 3729
2755 3730
185 3731
2621 3732
3430 3733
3275 3734
2321 3735
2041 3736
2955 3737
1974 3738
3452 3739
3420 3740
1107 3741
1876 3742
2228 3743
1790 3744
290 3745
3283 3746
3715 3747
1512 3748
967 3749
3442 3750
723 3751
633 3752
1087 3753
2619 3754
1974 3755
173 3756
2332 3757
418 3758
1655 3759
1485 3760
3147 3761
2230 3762
3264 3763
1231 3764
1002 3765
3337 3766
776 3767
3165 3768
340 3769
3208 3770
933 3771
238 3772
107 3773
1754 3774
1758 3775
2172 3776
57 3777
1682 3778
346 3779
2705 3780
780 3781
91 3782
2389 3783
2857 3784
2458 3785
2190 3786
260 3787
2672 3788
976 3789
2924 3790
1639 3791
1003 3792
3618 3793
1694 3794
2286 3795
3687 3796
3631 3797
2174 3798
2855 3799
2390 3800
2477 3801
921 3802
581 3803
115 3804
229 3805
1946 3806
2138 3807
3177 3808
1953 3809
474 3810
3568 3811
1158 3812
1935 3813
2003 3814
3229 3815
22 3816
2483 3817
2758 3818
1836 3819
3694 3820
3285 3821
3059 3822
1913 3823
2383 3824
3613 3825
2835 3826
2246 3827
731 3828
1035 3829
1288 3830
2953 3831
2276 3832
2510 3833
1813 3834
171 3835
970 3836
58 3837
3309 3838
1827 3839
3298 3840
1036 3841
3701 3842
388 3843
3072 3844
3003 3845
244 3846
548 3847
3148 3848
70 3849
173 3850
2297 3851
652 3852
844 3853
2615 3854
3670 3855
1032 3856
632 3857
3261 3858
1087 3859
2429 3860
1967 3861
706 3862
49 3863
403 3864
2578 3865
1271 3866
3769 3867
1531 3868
784 3869
610 3870
19 3871
3050 3872
770 3873
3772 3874
605 3875
1406 3876
816 3877
1428 3878
2028 3879
3668 3880
3405 3881
411 3882
3771 3883
131 3884
158 3885
3216 3886
172 3887
1234 3888
1998 3889
2642 3890
3354 3891
628 3892
1963 3893
2616 3894
1708 3895
1388 3896
541 3897
1421 3898
3170 3899
889 3900
717 3901
3856 3902
413 3903
3384 3904
2371 3905
3516 3906
1301 3907
751 3908
2371 3909
2360 3910
3241 3911
3590 3912
98 3913
1948 3914
1673 3915
518 3916
3637 3917
1481 3918
1382 3919
2684 3920
531 3921
3572 3922
241 3923
30 3924
3513 3925
580 3926
3669 3927
435 3928
2506 3929
3797 3930
2576 3931
3043 3932
1223 3933
1618 3934
2346 3935
3085 3936
1239 3937
2857 3938
2421 3939
83 3940
3142 3941
3520 3942
2620 3943
1939 3944
1471 3945
3878 3946
67 3947
2269 3948
2413 3949
1728 3950
2460 3951
1121 3952
595 3953
885 3954
2806 3955
80 3956
1421 3957
927 3958
2137 3959
2180 3960
1405 3961
2104 3962
2048 3963
220 3964
494 3965
806 3966
3783 3967
3409 3968
405 3969
3721 3970
2152 3971
2775 3972
3213 3973
1183 3974
3658 3975
877 3976
1411 3977
3582 3978
3191 3979
1641 3980
3295 3981
3026 3982
861 3983
1960 3984
3451 3985
1503 3986
1163 3987
1266 3988
1653 3989
2704 3990
2827 3991
3128 3992
3856 3993
121 3994
190 3995
2108 3996
2118 3997
3872 3998
349 3999
3896 4000
2094 4001
2030 4002
3585 4003
2897 4004
800 4005
1827 4006
2087 4007
2112 4008
3999 4009
2046 4010
706 4011
3994 4012
2756 4013
3326 4014
1742 4015
2234 4016
3247 4017
1796 4018
831 4019
1636 4020
796 4021
2952 4022
55 4023
222 4024
119 4025
99 4026
831 4027
1175 4028
2762 4029
624 4030
597 4031
2211 4032
1801 4033
3991 4034
2018 4035
3890 4036
3159 4037
2274 4038
2947 4039
1699 4040
3957 4041
2741 4042
1426 4043
1562 4044
1007 4045
379 4046
3475 4047
2823 4048
728 4049
3836 4050
2062 4051
830 4052
2792 4053
2995 4054
1082 4055
2805 4056
341 4057
2040 4058
3342 4059
1121 4060
770 4061
2109 4062
1680 4063
3146 4064
3394 4065
885 4066
2145 4067
2991 4068
1807 4069
268 4070
93 4071
1654 4072
3103 4073
117 4074
1071 4075
3355 4076
3397 4077
2795 4078
380 4079
2526 4080
2047 4081
2198 4082
327 4083
2118 4084
3496 4085
696 4086
34 4087
2467 4088
1830 4089
942 4090
3170 4091
2234 4092
702 4093
2703 4094
1163 4095
2392 4096
3245 4097
160 4098
945 4099
2858 4100
2274 4101
3095 4102
2691 4103
2190 4104
3688 4105
1384 4106
1609 4107
2649 4108
1510 4109
3850 4110
384 4111
545 4112
1903 4113
2449 4114
800 4115
2548 4116
2936 4117
4053 4118
3044 4119
1592 4120
2753 4121
608 4122
1634 4123
1244 4124
2597 4125
2723 4126
3820 4127
109 4128
3711 4129
2262 4130
1063 4131
2049 4132
145 4133
3635 4134
1289 4135
2059 4136
918 4137
100 4138
15 4139
2706 4140
943 4141
2380 4142
1320 4143
1647 4144
228 4145
2894 4146
777 4147
1723 4148
3802 4149
301 4150
980 4151
3476 4152
962 4153
508 4154
1882 4155
154 4156
458 4157
2542 4158
2763 4159
1054 4160
2455 4161
912 4162
3478 4163
2534 4164
2138 4165
669 4166
1427 4167
624 4168
494 4169
3502 4170
3365 4171
1791 4172
100 4173
3125 4174
651 4175
3062 4176
3939 4177
2745 4178
421 4179
3359 4180
1084 4181
3974 4182
359 4183
2923 4184
1082 4185
3204 4186
244 4187
1145 4188
2228 4189
1126 4190
65 4191
199 4192
3489 4193
3279 4194
4096 4195
2039 4196
4044 4197
1366 4198
295 4199
3945 4200
2963 4201
3344 4202
1041 4203
3982 4204
848 4205
1231 4206
1996 4207
2071 4208
3091 4209
259 4210
2699 4211
3500 4212
166 4213
3101 4214
4133 4215
1055 4216
2827 4217
1182 4218
4133 4219
904 4220
1875 4221
3495 4222
2780 4223
3701 4224
1439 4225
3783 4226
3843 4227
3131 4228
4115 4229
1492 4230
2931 4231
1762 4232
3764 4233
767 4234
231 4235
1601 4236
3689 4237
586 4238
1419 4239
267 4240
2074 4241
2474 4242
1678 4243
3940 4244
174 4245
3730 4246
1394 4247
2782 4248
584 4249
2758 4250
2841 4251
994 4252
2374 4253
202 4254
3346 4255
882 4256
975 4257
3820 4258
1337 4259
3168 4260
4153 4261
1453 4262
2188 4263
1675 4264
993 4265
3093 4266
892 4267
918 4268
3866 4269
3869 4270
2051 4271
1017 4272
3435 4273
3048 4274
3369 4275
321 4276
2980 4277
3915 4278
2933 4279
3993 4280
341 4281
3350 4282
733 4283
3275 4284
244 4285
968 4286
3233 4287
3085 4288
923 4289
2526 4290
2411 4291
3642 4292
2534 4293
3528 4294
1572 4295
2825 4296
1043 4297
3458 4298
1623 4299
1527 4300
1008 4301
3038 4302
1260 4303
376 4304
683 4305
2412 4306
2266 4307
3019 4308
2858 4309
4243 4310
14 4311
1176 4312
807 4313
3240 4314
14 4315
910 4316
435 4317
2516 4318
3719 4319
1091 4320
2014 4321
2329 4322
1319 4323
1658 4324
2993 4325
1201 4326
1402 4327
1255 4328
4061 4329
673 4330
518 4331
7 4332
3258 4333
3070 4334
2482 4335
1082 4336
2632 4337
1521 4338
1249 4339
4033 4340
2852 4341
649 4342
2924 4343
3883 4344
3870 4345
2290 4346
1421 4347
3798 4348
2797 4349
1622 4350
3442 4351
4095 4352
46 4353
3007 4354
1692 4355
3142 4356
1707 4357
4097 4358
3066 4359
533 4360
595 4361
3913 4362
2204 4363
4238 4364
1468 4365
927 4366
2280 4367
3295 4368
3470 4369
289 4370
857 4371
2430 4372
2302 4373
1286 4374
1329 4375
1303 4376
369 4377
153 4378
559 4379
3341 4380
3221 4381
2039 4382
2761 4383
2829 4384
2008 4385
4052 4386
1388 4387
3011 4388
235 4389
1437 4390
4284 4391
3594 4392
3986 4393
334 4394
3344 4395
2000 4396
3929 4397
6 4398
3827 4399
2976 4400
3537 4401
1970 4402
1422 4403
3117 4404
1736 4405
1747 4406
4394 4407
2597 4408
946 4409
2948 4410
447 4411
4285 4412
1005 4413
3370 4414
2251 4415
164 4416
2814 4417
1496 4418
1765 4419
781 4420
2055 4421
1287 4422
2584 4423
2964 4424
1901 4425
1564 4426
1793 4427
2804 4428
461 4429
3626 4430
58 4431
2195 4432
2216 4433
2984 4434
2456 4435
2408 4436
688 4437
4059 4438
3486 4439
824 4440
2772 4441
2461 4442
2225 4443
2930 4444
3521 4445
3662 4446
2797 4447
203 4448
484 4449
556 4450
2568 4451
3899 4452
3967 4453
78 4454
3209 4455
3506 4456
9 4457
1823 4458
2573 4459
542 4460
2011 4461
1586 4462
993 4463
4454 4464
4424 4465
4251 4466
168 4467
2323 4468
1686 4469
167 4470
3870 4471
3241 4472
1200 4473
297 4474
1085 4475
2912 4476
4455 4477
2246 4478
3631 4479
1635 4480
2150 4481
3665 4482
4343 4483
3081 4484
1799 4485
1766 4486
3402 4487
4155 4488
1498 4489
3539 4490
4371 4491
3797 4492
2466 4493
3234 4494
3435 4495
2369 4496
3473 4497
3336 4498
3425 4499
588 4500
4492 4501
1044 4502
3954 4503
2372 4504
4296 4505
2360 4506
2382 4507
3565 4508
3875 4509
251 4510
953 4511
4384 4512
2051 4513
499 4514
2875 4515
2169 4516
1620 4517
2965 4518
2993 4519
2793 4520
4330 4521
206 4522
2835 4523
3771 4524
2911 4525
666 4526
227 4527
321 4528
1676 4529
565 4530
2457 4531
882 4532
1108 4533
365 4534
995 4535
2691 4536
1091 4537
716 4538
636 4539
3536 4540
2177 4541
1046 4542
1281 4543
3755 4544
3329 4545
2846 4546
3554 4547
3576 4548
78 4549
4337 4550
657 4551
3645 4552
1601 4553
1000 4554
3829 4555
3509 4556
1532 4557
978 4558
876 4559
2775 4560
4106 4561
602 4562
344 4563
1354 4564
552 4565
2984 4566
227 4567
870 4568
2273 4569
3799 4570
2477 4571
3899 4572
3698 4573
1326 4574
98 4575
359 4576
740 4577
3796 4578
4560 4579
1713 4580
3829 4581
1345 4582
1198 4583
2825 4584
454 4585
2105 4586
1718 4587
989 4588
2682 4589
4312 4590
3075 4591
4121 4592
3578 4593
40 4594
302 4595
1512 4596
3838 4597
1150 4598
2227 4599
4209 4600
4183 4601
3815 4602
3758 4603
2552 4604
1812 4605
3827 4606
962 4607
4556 4608
3187 4609
4109 4610
3568 4611
1132 4612
2136 4613
2825 4614
3206 4615
1605 4616
2173 4617
3935 4618
2303 4619
811 4620
1751 4621
2165 4622
1144 4623
2918 4624
172 4625
628 4626
1987 4627
2894 4628
58 4629
3772 4630
2338 4631
1886 4632
4467 4633
4252 4634
4437 4635
3332 4636
2976 4637
4062 4638
409 4639
2853 4640
1921 4641
1255 4642
2996 4643
3747 4644
509 4645
3411 4646
1731 4647
1790 4648
4003 4649
3262 4650
1277 4651
2116 4652
3661 4653
4503 4654
601 4655
284 4656
463 4657
3357 4658
2595 4659
4407 4660
1818 4661
4210 4662
3712 4663
2325 4664
3960 4665
2348 4666
4534 4667
648 4668
1197 4669
4300 4670
4260 4671
1423 4672
47 4673
1342 4674
1144 4675
619 4676
2090 4677
1388 4678
836 4679
4231 4680
4319 4681
966 4682
616 4683
2793 4684
2249 4685
3984 4686
1590 4687
1573 4688
1766 4689
2897 4690
138 4691
2765 4692
2532 4693
3718 4694
2189 4695
741 4696
3375 4697
1562 4698
4584 4699
1782 4700
665 4701
4046 4702
2642 4703
4008 4704
1708 4705
2709 4706
2065 4707
2879 4708
397 4709
1822 4710
2605 4711
3436 4712
2776 4713
3927 4714
4193 4715
3695 4716
1826 4717
2154 4718
2044 4719
2419 4720
865 4721
3487 4722
2453 4723
789 4724
1799 4725
2360 4726
82 4727
1457 4728
1328 4729
605 4730
748 4731
2929 4732
3541 4733
4533 4734
1841 4735
1505 4736
1284 4737
4431 4738
2940 4739
2270 4740
2146 4741
1154 4742
181 4743
3212 4744
3311 4745
297 4746
2322 4747
1038 4748
1018 4749
2244 4750
1378 4751
533 4752
2626 4753
4514 4754
31 4755
4136 4756
3382 4757
2479 4758
1314 4759
3907 4760
2392 4761
1545 4762
3377 4763
4612 4764
2979 4765
1903 4766
2323 4767
3330 4768
3797 4769
4090 4770
648 4771
1 4772
711 4773
1683 4774
2257 4775
2203 4776
315 4777
571 4778
2238 4779
2340 4780
270 4781
2545 4782
3558 4783
1283 4784
205 4785
3311 4786
3809 4787
189 4788
2252 4789
1756 4790
3081 4791
4590 4792
1639 4793
4757 4794
2064 4795
3292 4796
2222 4797
3164 4798
3859 4799
1084 4800
966 4801
2002 4802
3096 4803
862 4804
4686 4805
1813 4806
4379 4807
4187 4808
19 4809
1807 4810
2753 4811
549 4812
768 4813
2144 4814
4072 4815
573 4816
1351 4817
3064 4818
1711 4819
2715 4820
1588 4821
3850 4822
246 4823
2202 4824
3445 4825
3446 4826
601 4827
3526 4828
1117 4829
644 4830
463 4831
4718 4832
2605 4833
1576 4834
2138 4835
2532 4836
362 4837
2379 4838
3843 4839
2585 4840
1939 4841
2758 4842
3861 4843
2451 4844
2572 4845
4146 4846
1779 4847
3919 4848
1192 4849
1502 4850
438 4851
4341 4852
492 4853
3715 4854
4288 4855
3987 4856
1347 4857
1283 4858
3050 4859
3716 4860
2224 4861
4641 4862
1818 4863
2445 4864
104 4865
50 4866
3941 4867
87 4868
1326 4869
3160 4870
2760 4871
105 4872
3098 4873
1540 4874
2223 4875
328 4876
3766 4877
3868 4878
4749 4879
4508 4880
3120 4881
2170 4882
1445 4883
4354 4884
1192 4885
2883 4886
3876 4887
3462 4888
2245 4889
4480 4890
300 4891
682 4892
4199 4893
1402 4894
3837 4895
4509 4896
2766 4897
820 4898
4079 4899
1867 4900
4213 4901
4805 4902
2661 4903
4335 4904
2103 4905
4414 4906
1652 4907
3252 4908
1418 4909
1254 4910
3301 4911
4884 4912
393 4913
806 4914
3799 4915
1047 4916
1230 4917
453 4918
3197 4919
2607 4920
3976 4921
1115 4922
4695 4923
576 4924
4022 4925
1821 4926
1337 4927
505 4928
88 4929
2801 4930
3637 4931
3498 4932
320 4933
3964 4934
2605 4935
3652 4936
1887 4937
2635 4938
664 4939
1524 4940
3174 4941
3367 4942
2615 4943
2220 4944
4922 4945
1476 4946
50 4947
2839 4948
2781 4949
403 4950
4676 4951
4818 4952
1739 4953
4157 4954
3110 4955
3999 4956
726 4957
3064 4958
1855 4959
1070 4960
783 4961
437 4962
1643 4963
4188 4964
3840 4965
4525 4966
4491 4967
3273 4968
582 4969
4312 4970
2688 4971
605 4972
4377 4973
4610 4974
3435 4975
2325 4976
3126 4977
170 4978
1382 4979
806 4980
3142 4981
2836 4982
3593 4983
425 4984
4864 4985
4240 4986
3451 4987
4833 4988
819 4989
3062 4990
2922 4991
2350 4992
2890 4993
3033 4994
3239 4995
2574 4996
223 4997
2620 4998
2936 4999
2099 5000
