1 2
2 3
3 4
1 5
4 6
5 7
4 8
3 9
3 10
2 11
5 12
7 13
11 14
2 15
7 16
13 17
4 18
18 19
18 20
3 21
6 22
16 23
23 24
13 25
5 26
2 27
5 28
24 29
5 30
8 31
1 32
7 33
30 34
32 35
15 36
9 37
35 38
2 39
15 40
15 41
29 42
1 43
1 44
1 45
35 46
42 47
40 48
11 49
42 50
38 51
45 52
19 53
37 54
5 55
4 56
49 57
14 58
27 59
6 60
17 61
11 62
58 63
44 64
28 65
30 66
52 67
65 68
11 69
1 70
68 71
16 72
28 73
35 74
15 75
13 76
53 77
48 78
60 79
11 80
44 81
33 82
31 83
50 84
68 85
10 86
60 87
76 88
5 89
35 90
87 91
90 92
56 93
64 94
23 95
95 96
93 97
48 98
46 99
12 100
52 101
99 102
38 103
89 104
57 105
9 106
47 107
7 108
76 109
97 110
76 111
56 112
110 113
19 114
40 115
47 116
28 117
28 118
25 119
110 120
114 121
71 122
66 123
20 124
124 125
93 126
41 127
34 128
100 129
46 130
46 131
79 132
34 133
101 134
21 135
6 136
71 137
93 138
83 139
71 140
5 141
72 142
10 143
119 144
64 145
18 146
127 147
116 148
62 149
71 150
32 151
11 152
94 153
103 154
40 155
57 156
99 157
141 158
37 159
123 160
120 161
86 162
60 163
56 164
47 165
101 166
63 167
33 168
154 169
74 170
5 171
16 172
40 173
89 174
126 175
21 176
129 177
46 178
136 179
91 180
102 181
31 182
55 183
22 184
100 185
70 186
59 187
148 188
101 189
146 190
134 191
178 192
174 193
80 194
107 195
48 196
63 197
126 198
149 199
72 200
3 201
140 202
15 203
94 204
87 205
110 206
21 207
87 208
111 209
198 210
83 211
14 212
105 213
184 214
64 215
167 216
193 217
27 218
1 219
40 220
181 221
39 222
17 223
202 224
153 225
202 226
129 227
136 228
20 229
124 230
227 231
91 232
37 233
206 234
70 235
81 236
171 237
124 238
229 239
178 240
43 241
101 242
145 243
74 244
188 245
59 246
113 247
118 248
64 249
208 250
114 251
125 252
134 253
14 254
116 255
68 256
219 257
29 258
186 259
211 260
88 261
44 262
20 263
213 264
89 265
118 266
206 267
40 268
265 269
188 270
129 271
40 272
206 273
175 274
46 275
137 276
66 277
44 278
139 279
48 280
72 281
40 282
110 283
198 284
115 285
145 286
25 287
142 288
100 289
185 290
266 291
54 292
290 293
197 294
69 295
16 296
92 297
139 298
158 299
197 300
27 301
275 302
118 303
17 304
4 305
262 306
53 307
272 308
41 309
20 310
231 311
16 312
144 313
65 314
29 315
304 316
90 317
159 318
8 319
185 320
191 321
141 322
282 323
118 324
175 325
185 326
159 327
231 328
250 329
164 330
8 331
72 332
62 333
108 334
267 335
38 336
89 337
10 338
127 339
267 340
217 341
62 342
200 343
233 344
284 345
338 346
236 347
297 348
177 349
48 350
56 351
192 352
94 353
104 354
217 355
201 356
97 357
242 358
149 359
142 360
138 361
184 362
14 363
154 364
262 365
12 366
253 367
168 368
361 369
46 370
346 371
165 372
255 373
371 374
105 375
68 376
71 377
207 378
285 379
137 380
239 381
274 382
69 383
71 384
203 385
312 386
192 387
288 388
106 389
253 390
146 391
86 392
205 393
230 394
217 395
330 396
88 397
340 398
194 399
159 400
38 401
170 402
376 403
92 404
210 405
119 406
169 407
202 408
297 409
224 410
331 411
367 412
347 413
405 414
169 415
189 416
350 417
101 418
310 419
169 420
73 421
144 422
151 423
227 424
145 425
176 426
63 427
340 428
94 429
342 430
294 431
422 432
97 433
168 434
426 435
37 436
249 437
31 438
397 439
45 440
419 441
128 442
191 443
385 444
140 445
44 446
380 447
210 448
318 449
44 450
212 451
124 452
331 453
63 454
443 455
262 456
294 457
433 458
18 459
312 460
416 461
315 462
211 463
50 464
358 465
384 466
14 467
258 468
35 469
115 470
442 471
339 472
65 473
23 474
280 475
409 476
47 477
349 478
149 479
146 480
16 481
418 482
128 483
403 484
233 485
471 486
119 487
194 488
313 489
37 490
303 491
242 492
161 493
62 494
266 495
169 496
286 497
378 498
28 499
21 500
330 501
453 502
387 503
5 504
6 505
318 506
232 507
217 508
469 509
413 510
220 511
505 512
131 513
90 514
423 515
152 516
130 517
102 518
179 519
362 520
460 521
327 522
341 523
491 524
515 525
73 526
274 527
445 528
267 529
27 530
287 531
415 532
440 533
358 534
190 535
29 536
266 537
16 538
234 539
285 540
36 541
236 542
420 543
202 544
149 545
160 546
71 547
349 548
332 549
524 550
200 551
90 552
126 553
220 554
502 555
4 556
17 557
448 558
299 559
388 560
31 561
309 562
289 563
561 564
21 565
42 566
49 567
564 568
262 569
427 570
268 571
59 572
523 573
268 574
313 575
111 576
461 577
349 578
60 579
206 580
292 581
456 582
17 583
130 584
558 585
505 586
106 587
244 588
30 589
33 590
345 591
528 592
368 593
437 594
67 595
153 596
150 597
206 598
530 599
509 600
119 601
381 602
419 603
434 604
179 605
306 606
148 607
124 608
96 609
370 610
349 611
360 612
548 613
554 614
209 615
598 616
553 617
552 618
146 619
487 620
226 621
610 622
376 623
620 624
308 625
568 626
64 627
79 628
7 629
329 630
463 631
15 632
557 633
434 634
109 635
497 636
213 637
321 638
335 639
151 640
407 641
266 642
60 643
132 644
415 645
194 646
596 647
64 648
287 649
19 650
405 651
638 652
557 653
619 654
254 655
633 656
579 657
254 658
44 659
649 660
331 661
558 662
643 663
85 664
605 665
599 666
393 667
315 668
478 669
628 670
27 671
192 672
348 673
158 674
304 675
393 676
486 677
433 678
557 679
323 680
93 681
237 682
510 683
588 684
92 685
77 686
686 687
323 688
97 689
647 690
676 691
361 692
405 693
525 694
547 695
637 696
447 697
550 698
178 699
34 700
516 701
491 702
335 703
362 704
458 705
667 706
583 707
496 708
519 709
114 710
199 711
24 712
70 713
280 714
236 715
15 716
134 717
442 718
456 719
251 720
148 721
449 722
254 723
162 724
164 725
245 726
718 727
188 728
395 729
679 730
51 731
367 732
509 733
449 734
248 735
42 736
524 737
178 738
543 739
490 740
417 741
9 742
259 743
571 744
168 745
136 746
397 747
164 748
669 749
68 750
715 751
441 752
272 753
552 754
162 755
419 756
486 757
8 758
339 759
322 760
314 761
157 762
660 763
335 764
333 765
174 766
96 767
188 768
633 769
606 770
710 771
232 772
726 773
320 774
185 775
229 776
373 777
643 778
611 779
381 780
211 781
140 782
641 783
276 784
571 785
351 786
218 787
332 788
6 789
98 790
234 791
584 792
665 793
163 794
586 795
642 796
272 797
384 798
508 799
710 800
2 801
74 802
198 803
620 804
324 805
777 806
746 807
573 808
315 809
179 810
489 811
135 812
281 813
164 814
467 815
429 816
230 817
49 818
738 819
54 820
137 821
123 822
462 823
522 824
677 825
806 826
357 827
475 828
308 829
767 830
504 831
379 832
597 833
75 834
321 835
29 836
67 837
634 838
123 839
222 840
639 841
795 842
248 843
3 844
80 845
820 846
494 847
256 848
244 849
283 850
612 851
750 852
515 853
229 854
86 855
610 856
564 857
288 858
529 859
856 860
460 861
73 862
814 863
41 864
32 865
186 866
546 867
673 868
723 869
347 870
840 871
411 872
709 873
419 874
145 875
855 876
288 877
856 878
317 879
267 880
561 881
283 882
608 883
339 884
33 885
835 886
599 887
709 888
682 889
408 890
554 891
514 892
284 893
851 894
813 895
562 896
429 897
471 898
470 899
869 900
293 901
839 902
402 903
135 904
259 905
132 906
254 907
837 908
81 909
467 910
528 911
706 912
788 913
483 914
196 915
355 916
816 917
898 918
249 919
416 920
164 921
123 922
536 923
401 924
603 925
905 926
421 927
684 928
349 929
48 930
78 931
476 932
157 933
185 934
350 935
481 936
527 937
38 938
919 939
906 940
285 941
437 942
486 943
641 944
594 945
752 946
782 947
454 948
798 949
506 950
719 951
542 952
654 953
97 954
906 955
167 956
681 957
893 958
652 959
601 960
294 961
426 962
285 963
740 964
758 965
811 966
853 967
319 968
471 969
315 970
947 971
688 972
776 973
521 974
40 975
521 976
35 977
439 978
534 979
256 980
191 981
145 982
939 983
288 984
68 985
185 986
487 987
648 988
653 989
875 990
878 991
115 992
219 993
426 994
735 995
371 996
592 997
886 998
859 999
62 1000
789 1001
335 1002
856 1003
893 1004
507 1005
206 1006
359 1007
741 1008
764 1009
349 1010
10 1011
950 1012
360 1013
84 1014
112 1015
671 1016
784 1017
585 1018
387 1019
229 1020
262 1021
913 1022
1002 1023
578 1024
796 1025
540 1026
113 1027
466 1028
1007 1029
846 1030
24 1031
1013 1032
82 1033
952 1034
150 1035
353 1036
719 1037
34 1038
663 1039
773 1040
727 1041
503 1042
445 1043
616 1044
813 1045
430 1046
960 1047
755 1048
686 1049
899 1050
1020 1051
891 1052
454 1053
280 1054
595 1055
666 1056
38 1057
630 1058
327 1059
158 1060
115 1061
294 1062
177 1063
285 1064
880 1065
776 1066
955 1067
64 1068
841 1069
948 1070
815 1071
926 1072
918 1073
755 1074
167 1075
939 1076
627 1077
886 1078
135 1079
88 1080
1030 1081
597 1082
831 1083
971 1084
1023 1085
178 1086
924 1087
661 1088
597 1089
835 1090
291 1091
448 1092
426 1093
747 1094
325 1095
638 1096
903 1097
531 1098
633 1099
1030 1100
824 1101
200 1102
300 1103
901 1104
479 1105
75 1106
820 1107
396 1108
195 1109
654 1110
678 1111
811 1112
944 1113
901 1114
704 1115
909 1116
549 1117
173 1118
253 1119
316 1120
749 1121
973 1122
125 1123
1039 1124
887 1125
242 1126
320 1127
185 1128
765 1129
1000 1130
187 1131
84 1132
24 1133
871 1134
703 1135
875 1136
514 1137
1051 1138
625 1139
896 1140
481 1141
55 1142
778 1143
1034 1144
153 1145
652 1146
573 1147
968 1148
158 1149
396 1150
690 1151
985 1152
735 1153
165 1154
1053 1155
537 1156
32 1157
225 1158
112 1159
528 1160
18 1161
272 1162
454 1163
250 1164
569 1165
1044 1166
1004 1167
210 1168
1076 1169
178 1170
430 1171
121 1172
396 1173
649 1174
541 1175
1037 1176
206 1177
767 1178
794 1179
957 1180
131 1181
1053 1182
545 1183
831 1184
1099 1185
786 1186
208 1187
130 1188
1109 1189
127 1190
475 1191
759 1192
1069 1193
575 1194
26 1195
1032 1196
124 1197
561 1198
1184 1199
135 1200
295 1201
1136 1202
1124 1203
430 1204
413 1205
463 1206
1079 1207
308 1208
886 1209
787 1210
185 1211
290 1212
1132 1213
426 1214
473 1215
307 1216
122 1217
201 1218
133 1219
801 1220
705 1221
629 1222
30 1223
715 1224
494 1225
1192 1226
931 1227
1002 1228
814 1229
891 1230
820 1231
1049 1232
791 1233
202 1234
1196 1235
1039 1236
769 1237
1127 1238
936 1239
784 1240
1145 1241
1021 1242
671 1243
621 1244
629 1245
968 1246
91 1247
692 1248
843 1249
353 1250
817 1251
1123 1252
780 1253
1 1254
878 1255
412 1256
229 1257
1036 1258
296 1259
680 1260
463 1261
188 1262
1002 1263
25 1264
324 1265
37 1266
1154 1267
796 1268
287 1269
1165 1270
915 1271
369 1272
423 1273
434 1274
313 1275
188 1276
10 1277
534 1278
627 1279
807 1280
1104 1281
75 1282
168 1283
21 1284
161 1285
451 1286
565 1287
1176 1288
1070 1289
1009 1290
29 1291
656 1292
518 1293
370 1294
327 1295
521 1296
1021 1297
515 1298
949 1299
262 1300
1169 1301
1014 1302
894 1303
802 1304
767 1305
376 1306
286 1307
933 1308
944 1309
218 1310
505 1311
504 1312
696 1313
1215 1314
752 1315
678 1316
582 1317
986 1318
190 1319
998 1320
161 1321
777 1322
232 1323
997 1324
343 1325
912 1326
163 1327
1133 1328
340 1329
1106 1330
715 1331
1168 1332
1311 1333
1187 1334
805 1335
1074 1336
807 1337
869 1338
505 1339
1047 1340
537 1341
1222 1342
685 1343
1124 1344
70 1345
1243 1346
404 1347
326 1348
511 1349
301 1350
1252 1351
510 1352
591 1353
99 1354
1055 1355
947 1356
290 1357
1061 1358
509 1359
83 1360
1008 1361
662 1362
20 1363
940 1364
544 1365
733 1366
89 1367
84 1368
1351 1369
811 1370
1222 1371
584 1372
622 1373
853 1374
723 1375
1290 1376
1373 1377
969 1378
67 1379
754 1380
304 1381
868 1382
1288 1383
972 1384
931 1385
1022 1386
457 1387
964 1388
1092 1389
802 1390
129 1391
796 1392
182 1393
341 1394
675 1395
12 1396
438 1397
440 1398
9 1399
1159 1400
355 1401
356 1402
1270 1403
16 1404
1121 1405
373 1406
686 1407
845 1408
93 1409
188 1410
1001 1411
1273 1412
1185 1413
836 1414
828 1415
844 1416
53 1417
1162 1418
1334 1419
736 1420
668 1421
409 1422
1123 1423
444 1424
513 1425
637 1426
210 1427
1382 1428
195 1429
1415 1430
1174 1431
278 1432
284 1433
1303 1434
292 1435
1151 1436
434 1437
434 1438
485 1439
1035 1440
1376 1441
616 1442
1018 1443
1203 1444
330 1445
33 1446
1002 1447
793 1448
127 1449
752 1450
181 1451
851 1452
1352 1453
654 1454
192 1455
872 1456
954 1457
410 1458
1211 1459
170 1460
525 1461
165 1462
233 1463
799 1464
981 1465
85 1466
301 1467
918 1468
830 1469
331 1470
915 1471
1247 1472
285 1473
262 1474
515 1475
848 1476
349 1477
213 1478
1347 1479
447 1480
636 1481
480 1482
494 1483
292 1484
196 1485
470 1486
1398 1487
775 1488
722 1489
421 1490
90 1491
960 1492
998 1493
85 1494
99 1495
876 1496
766 1497
838 1498
1426 1499
1494 1500
145 1501
1068 1502
487 1503
356 1504
118 1505
779 1506
729 1507
1292 1508
899 1509
1042 1510
998 1511
1058 1512
1324 1513
870 1514
1233 1515
205 1516
642 1517
201 1518
1068 1519
40 1520
388 1521
251 1522
14 1523
45 1524
208 1525
1490 1526
1289 1527
1214 1528
1 1529
180 1530
523 1531
58 1532
14 1533
120 1534
632 1535
533 1536
669 1537
850 1538
726 1539
1384 1540
1091 1541
360 1542
966 1543
542 1544
1201 1545
912 1546
744 1547
13 1548
694 1549
337 1550
1283 1551
261 1552
927 1553
145 1554
598 1555
58 1556
1509 1557
1233 1558
1414 1559
1425 1560
1287 1561
1075 1562
1418 1563
104 1564
1552 1565
415 1566
440 1567
664 1568
1147 1569
92 1570
1505 1571
1430 1572
1049 1573
1489 1574
294 1575
553 1576
676 1577
159 1578
269 1579
550 1580
853 1581
1228 1582
1529 1583
1282 1584
1174 1585
1172 1586
136 1587
216 1588
125 1589
1182 1590
579 1591
781 1592
1574 1593
1509 1594
322 1595
1177 1596
1235 1597
1302 1598
939 1599
916 1600
1096 1601
1516 1602
417 1603
2 1604
496 1605
1437 1606
1526 1607
1193 1608
117 1609
1098 1610
372 1611
1531 1612
166 1613
1114 1614
338 1615
402 1616
671 1617
565 1618
1461 1619
49 1620
1471 1621
207 1622
825 1623
649 1624
137 1625
682 1626
271 1627
1266 1628
1226 1629
712 1630
1608 1631
1556 1632
1313 1633
1016 1634
73 1635
1 1636
145 1637
411 1638
526 1639
1248 1640
1577 1641
272 1642
452 1643
899 1644
1318 1645
781 1646
700 1647
1525 1648
1560 1649
825 1650
1183 1651
1505 1652
1371 1653
439 1654
48 1655
772 1656
1304 1657
1144 1658
657 1659
1347 1660
467 1661
232 1662
530 1663
349 1664
1497 1665
975 1666
215 1667
1047 1668
715 1669
843 1670
1214 1671
21 1672
846 1673
526 1674
727 1675
548 1676
1024 1677
359 1678
1000 1679
1245 1680
477 1681
158 1682
1681 1683
266 1684
1307 1685
1669 1686
1560 1687
243 1688
340 1689
1560 1690
398 1691
1186 1692
1176 1693
149 1694
1302 1695
473 1696
884 1697
1482 1698
378 1699
81 1700
630 1701
936 1702
1124 1703
1329 1704
590 1705
1036 1706
1319 1707
1593 1708
987 1709
581 1710
72 1711
627 1712
748 1713
699 1714
401 1715
399 1716
300 1717
1320 1718
1175 1719
1227 1720
882 1721
1640 1722
608 1723
1235 1724
104 1725
1128 1726
1724 1727
711 1728
272 1729
1675 1730
45 1731
103 1732
37 1733
1539 1734
438 1735
1512 1736
53 1737
1182 1738
1089 1739
1603 1740
1570 1741
459 1742
1646 1743
1112 1744
1353 1745
1228 1746
166 1747
1330 1748
1444 1749
398 1750
972 1751
231 1752
1022 1753
683 1754
677 1755
318 1756
648 1757
291 1758
1018 1759
1657 1760
1266 1761
1429 1762
1369 1763
768 1764
1261 1765
1078 1766
925 1767
443 1768
281 1769
1091 1770
1144 1771
1004 1772
1553 1773
134 1774
135 1775
1457 1776
85 1777
1460 1778
641 1779
1545 1780
48 1781
1477 1782
974 1783
290 1784
718 1785
1701 1786
1689 1787
493 1788
399 1789
167 1790
361 1791
1679 1792
10 1793
954 1794
1500 1795
976 1796
609 1797
1719 1798
1319 1799
1526 1800
944 1801
1353 1802
1334 1803
1546 1804
625 1805
1079 1806
557 1807
1352 1808
746 1809
933 1810
287 1811
1590 1812
477 1813
862 1814
691 1815
530 1816
241 1817
788 1818
1741 1819
1251 1820
1215 1821
1209 1822
387 1823
1148 1824
1478 1825
56 1826
1101 1827
1005 1828
629 1829
853 1830
889 1831
1189 1832
149 1833
643 1834
790 1835
71 1836
1792 1837
1683 1838
830 1839
928 1840
1291 1841
1057 1842
315 1843
1601 1844
555 1845
235 1846
1456 1847
362 1848
744 1849
935 1850
1841 1851
681 1852
275 1853
1306 1854
29 1855
469 1856
826 1857
745 1858
1704 1859
312 1860
1388 1861
1437 1862
798 1863
562 1864
1396 1865
1406 1866
713 1867
1621 1868
407 1869
1342 1870
849 1871
959 1872
577 1873
1061 1874
1116 1875
819 1876
607 1877
521 1878
1769 1879
1404 1880
1276 1881
903 1882
1285 1883
1520 1884
93 1885
318 1886
107 1887
433 1888
1500 1889
431 1890
122 1891
614 1892
477 1893
939 1894
1809 1895
1502 1896
838 1897
989 1898
1023 1899
1688 1900
1722 1901
1644 1902
115 1903
379 1904
277 1905
455 1906
1382 1907
1494 1908
333 1909
876 1910
1612 1911
1162 1912
1131 1913
739 1914
1663 1915
758 1916
1005 1917
911 1918
1136 1919
69 1920
1226 1921
802 1922
1832 1923
938 1924
160 1925
1275 1926
157 1927
1303 1928
401 1929
635 1930
1898 1931
1096 1932
457 1933
1803 1934
36 1935
32 1936
574 1937
939 1938
706 1939
557 1940
307 1941
475 1942
832 1943
1701 1944
1291 1945
1194 1946
1421 1947
1076 1948
5 1949
1066 1950
677 1951
1030 1952
1842 1953
854 1954
816 1955
91 1956
1328 1957
1159 1958
1023 1959
97 1960
1681 1961
392 1962
1626 1963
105 1964
360 1965
787 1966
768 1967
1656 1968
347 1969
1582 1970
432 1971
916 1972
1778 1973
1084 1974
1259 1975
1063 1976
1752 1977
892 1978
1867 1979
1246 1980
239 1981
892 1982
84 1983
522 1984
1312 1985
337 1986
1811 1987
727 1988
1572 1989
1275 1990
523 1991
33 1992
1273 1993
1365 1994
1134 1995
1458 1996
1567 1997
1324 1998
793 1999
584 2000
183 2001
1053 2002
1249 2003
925 2004
97 2005
1872 2006
436 2007
1862 2008
1701 2009
1586 2010
996 2011
1118 2012
119 2013
233 2014
1520 2015
1048 2016
419 2017
1606 2018
755 2019
333 2020
1393 2021
1529 2022
126 2023
1572 2024
1708 2025
425 2026
721 2027
374 2028
1650 2029
779 2030
165 2031
42 2032
984 2033
423 2034
508 2035
644 2036
508 2037
1976 2038
1174 2039
38 2040
1550 2041
1887 2042
729 2043
1756 2044
201 2045
995 2046
1135 2047
1753 2048
1000 2049
1895 2050
509 2051
1557 2052
864 2053
218 2054
1335 2055
1648 2056
1472 2057
1703 2058
1130 2059
1612 2060
1206 2061
1260 2062
1345 2063
204 2064
1471 2065
1397 2066
1145 2067
926 2068
136 2069
1350 2070
50 2071
697 2072
1216 2073
1025 2074
6 2075
55 2076
1814 2077
637 2078
666 2079
6 2080
965 2081
1428 2082
425 2083
29 2084
1163 2085
1071 2086
965 2087
583 2088
1478 2089
257 2090
935 2091
1449 2092
1659 2093
1809 2094
272 2095
660 2096
1394 2097
64 2098
1876 2099
1793 2100
838 2101
314 2102
1681 2103
1192 2104
358 2105
1756 2106
463 2107
851 2108
589 2109
1705 2110
1580 2111
1917 2112
735 2113
464 2114
2081 2115
1004 2116
1379 2117
795 2118
639 2119
1381 2120
1257 2121
1386 2122
925 2123
2118 2124
1025 2125
731 2126
2124 2127
460 2128
236 2129
1025 2130
1565 2131
1353 2132
1610 2133
1429 2134
1098 2135
570 2136
752 2137
180 2138
346 2139
2005 2140
1117 2141
917 2142
15 2143
2008 2144
1332 2145
736 2146
791 2147
1016 2148
990 2149
1690 2150
441 2151
803 2152
2095 2153
1486 2154
1116 2155
712 2156
1305 2157
559 2158
374 2159
155 2160
315 2161
1416 2162
572 2163
1953 2164
514 2165
1805 2166
2152 2167
259 2168
1642 2169
1011 2170
800 2171
68 2172
1495 2173
961 2174
36 2175
2148 2176
1920 2177
127 2178
1103 2179
2053 2180
76 2181
1769 2182
741 2183
1373 2184
1654 2185
928 2186
270 2187
55 2188
2098 2189
914 2190
1759 2191
216 2192
1198 2193
315 2194
1111 2195
1377 2196
73 2197
1395 2198
612 2199
1666 2200
2162 2201
1364 2202
287 2203
369 2204
1257 2205
80 2206
1968 2207
2019 2208
114 2209
1333 2210
1519 2211
350 2212
1382 2213
2049 2214
1017 2215
793 2216
766 2217
1787 2218
110 2219
1449 2220
474 2221
441 2222
144 2223
281 2224
848 2225
1298 2226
522 2227
332 2228
1641 2229
1358 2230
1649 2231
286 2232
247 2233
1152 2234
1442 2235
1874 2236
2 2237
1126 2238
1451 2239
95 2240
2097 2241
2174 2242
1963 2243
1999 2244
1639 2245
34 2246
362 2247
887 2248
1652 2249
439 2250
1950 2251
930 2252
183 2253
1182 2254
772 2255
415 2256
139 2257
1437 2258
1159 2259
163 2260
220 2261
1600 2262
1860 2263
1694 2264
442 2265
1412 2266
13 2267
1430 2268
856 2269
1720 2270
2244 2271
1725 2272
1152 2273
1660 2274
403 2275
2190 2276
2235 2277
331 2278
2144 2279
1074 2280
1766 2281
1519 2282
860 2283
1233 2284
831 2285
338 2286
1418 2287
851 2288
988 2289
834 2290
1097 2291
605 2292
167 2293
1460 2294
1556 2295
2159 2296
977 2297
1734 2298
1148 2299
1527 2300
1424 2301
1873 2302
593 2303
1394 2304
1333 2305
347 2306
89 2307
156 2308
460 2309
2290 2310
1416 2311
2126 2312
287 2313
685 2314
1726 2315
1848 2316
506 2317
1948 2318
1630 2319
1155 2320
719 2321
1146 2322
1845 2323
235 2324
483 2325
1463 2326
1878 2327
825 2328
1737 2329
1219 2330
1395 2331
833 2332
1715 2333
535 2334
1217 2335
2147 2336
2170 2337
1389 2338
1169 2339
1855 2340
913 2341
1829 2342
941 2343
1805 2344
720 2345
17 2346
1237 2347
533 2348
1236 2349
1771 2350
843 2351
725 2352
1074 2353
2066 2354
701 2355
715 2356
1166 2357
1262 2358
1517 2359
262 2360
194 2361
1251 2362
2351 2363
1682 2364
651 2365
1688 2366
403 2367
1699 2368
1813 2369
911 2370
1527 2371
383 2372
2304 2373
1215 2374
2218 2375
1153 2376
1594 2377
1839 2378
779 2379
549 2380
2302 2381
78 2382
491 2383
1684 2384
2025 2385
1947 2386
1948 2387
179 2388
459 2389
2348 2390
271 2391
1091 2392
1844 2393
1828 2394
626 2395
1086 2396
685 2397
978 2398
87 2399
2312 2400
884 2401
1159 2402
559 2403
62 2404
12 2405
2051 2406
426 2407
1795 2408
2103 2409
240 2410
2219 2411
1592 2412
1090 2413
2098 2414
1979 2415
1121 2416
679 2417
1551 2418
587 2419
957 2420
1494 2421
1519 2422
2387 2423
2269 2424
2184 2425
1251 2426
30 2427
306 2428
747 2429
832 2430
477 2431
113 2432
1867 2433
445 2434
1316 2435
428 2436
2021 2437
1708 2438
208 2439
791 2440
1080 2441
445 2442
1465 2443
2374 2444
308 2445
2118 2446
105 2447
566 2448
540 2449
1218 2450
2259 2451
1806 2452
1057 2453
2059 2454
753 2455
1025 2456
691 2457
126 2458
508 2459
1073 2460
2205 2461
683 2462
1461 2463
1058 2464
743 2465
1611 2466
882 2467
137 2468
1549 2469
1861 2470
1770 2471
2182 2472
1437 2473
2311 2474
973 2475
1028 2476
643 2477
2293 2478
2306 2479
571 2480
1373 2481
12 2482
43 2483
8 2484
964 2485
1027 2486
1633 2487
281 2488
383 2489
818 2490
1886 2491
1862 2492
1533 2493
1905 2494
1686 2495
1056 2496
1075 2497
701 2498
2320 2499
502 2500
2438 2501
321 2502
1402 2503
1836 2504
889 2505
1451 2506
2399 2507
1909 2508
817 2509
484 2510
1088 2511
1087 2512
487 2513
348 2514
1709 2515
1895 2516
148 2517
1289 2518
2470 2519
196 2520
1361 2521
2370 2522
646 2523
1904 2524
1464 2525
285 2526
2499 2527
1766 2528
1459 2529
230 2530
1088 2531
1987 2532
877 2533
178 2534
1274 2535
1314 2536
2130 2537
1422 2538
137 2539
1949 2540
1874 2541
1565 2542
2064 2543
2063 2544
198 2545
2189 2546
1819 2547
1849 2548
1239 2549
1322 2550
345 2551
1596 2552
2279 2553
290 2554
416 2555
1088 2556
2544 2557
1249 2558
2432 2559
1778 2560
1428 2561
2250 2562
1779 2563
1890 2564
1441 2565
1166 2566
884 2567
469 2568
414 2569
91 2570
1369 2571
909 2572
705 2573
2235 2574
1483 2575
255 2576
2122 2577
214 2578
1627 2579
1112 2580
445 2581
1462 2582
2103 2583
723 2584
2479 2585
1114 2586
2232 2587
383 2588
883 2589
551 2590
2584 2591
619 2592
514 2593
290 2594
105 2595
698 2596
1752 2597
69 2598
1610 2599
1791 2600
2100 2601
820 2602
137 2603
2112 2604
511 2605
2503 2606
1635 2607
1115 2608
1125 2609
1752 2610
1608 2611
1358 2612
665 2613
2592 2614
2230 2615
1185 2616
549 2617
1982 2618
2423 2619
2524 2620
385 2621
2007 2622
2271 2623
1114 2624
2279 2625
1126 2626
1299 2627
756 2628
1971 2629
707 2630
76 2631
574 2632
2605 2633
516 2634
852 2635
2040 2636
446 2637
2415 2638
289 2639
321 2640
405 2641
2013 2642
401 2643
2251 2644
34 2645
2201 2646
622 2647
1351 2648
842 2649
1162 2650
1160 2651
472 2652
1130 2653
793 2654
2633 2655
555 2656
1850 2657
1607 2658
2023 2659
378 2660
2458 2661
995 2662
2561 2663
63 2664
2421 2665
461 2666
131 2667
1980 2668
266 2669
816 2670
689 2671
381 2672
2386 2673
1458 2674
362 2675
1789 2676
633 2677
2278 2678
222 2679
1563 2680
825 2681
1617 2682
527 2683
1788 2684
1100 2685
1550 2686
1872 2687
2230 2688
1508 2689
1593 2690
417 2691
840 2692
1366 2693
1591 2694
1871 2695
2539 2696
1097 2697
2578 2698
2652 2699
2446 2700
2370 2701
1117 2702
2534 2703
963 2704
1256 2705
1273 2706
8 2707
2587 2708
1593 2709
1675 2710
1881 2711
1009 2712
2649 2713
111 2714
228 2715
2290 2716
2662 2717
714 2718
1827 2719
1777 2720
1616 2721
1989 2722
1197 2723
1547 2724
1065 2725
880 2726
812 2727
906 2728
1025 2729
1649 2730
1543 2731
2710 2732
1930 2733
1287 2734
555 2735
903 2736
271 2737
2670 2738
2545 2739
437 2740
2064 2741
1309 2742
2456 2743
567 2744
2189 2745
1770 2746
2039 2747
240 2748
468 2749
2615 2750
1402 2751
1395 2752
347 2753
983 2754
1494 2755
2072 2756
897 2757
1945 2758
1597 2759
568 2760
2760 2761
119 2762
2326 2763
832 2764
1791 2765
2190 2766
618 2767
1719 2768
485 2769
790 2770
1050 2771
1270 2772
2266 2773
1636 2774
1404 2775
718 2776
1650 2777
2554 2778
78 2779
2129 2780
828 2781
2597 2782
2325 2783
1676 2784
1519 2785
2721 2786
659 2787
1487 2788
31 2789
1182 2790
2427 2791
531 2792
277 2793
938 2794
1137 2795
1464 2796
123 2797
875 2798
1643 2799
2534 2800
1296 2801
376 2802
137 2803
340 2804
1849 2805
1168 2806
1028 2807
1266 2808
841 2809
1515 2810
1005 2811
1697 2812
802 2813
2542 2814
2250 2815
1987 2816
643 2817
1724 2818
422 2819
1704 2820
209 2821
2549 2822
482 2823
1231 2824
1393 2825
2742 2826
2718 2827
1688 2828
441 2829
2671 2830
274 2831
2411 2832
1016 2833
1873 2834
225 2835
1287 2836
313 2837
1020 2838
1413 2839
215 2840
832 2841
1656 2842
1491 2843
1837 2844
1054 2845
1673 2846
1425 2847
1220 2848
1748 2849
2769 2850
242 2851
2300 2852
929 2853
698 2854
1053 2855
2723 2856
266 2857
567 2858
946 2859
1719 2860
2271 2861
1241 2862
990 2863
2636 2864
2045 2865
1067 2866
26 2867
2323 2868
588 2869
1081 2870
2649 2871
331 2872
415 2873
145 2874
1583 2875
1469 2876
571 2877
1692 2878
1242 2879
418 2880
240 2881
1289 2882
2668 2883
2701 2884
1553 2885
757 2886
1311 2887
734 2888
1152 2889
721 2890
1252 2891
899 2892
2227 2893
985 2894
2787 2895
2184 2896
801 2897
192 2898
482 2899
1244 2900
1055 2901
1217 2902
2645 2903
2260 2904
660 2905
1461 2906
214 2907
325 2908
2284 2909
2331 2910
765 2911
891 2912
2871 2913
727 2914
745 2915
1305 2916
965 2917
120 2918
1827 2919
1082 2920
2315 2921
2476 2922
2687 2923
2089 2924
1355 2925
1120 2926
622 2927
2468 2928
1020 2929
1166 2930
2228 2931
1314 2932
2535 2933
2870 2934
562 2935
584 2936
1171 2937
2496 2938
2417 2939
2493 2940
2633 2941
1003 2942
332 2943
1847 2944
2649 2945
1915 2946
1934 2947
927 2948
2590 2949
905 2950
594 2951
2370 2952
1843 2953
2684 2954
1846 2955
674 2956
1764 2957
2126 2958
2749 2959
311 2960
1898 2961
2717 2962
704 2963
779 2964
2745 2965
473 2966
676 2967
1306 2968
2464 2969
2104 2970
83 2971
1147 2972
1531 2973
2480 2974
2496 2975
1093 2976
1877 2977
2923 2978
2242 2979
1763 2980
46 2981
110 2982
2377 2983
1737 2984
931 2985
2892 2986
775 2987
2245 2988
1603 2989
123 2990
165 2991
2835 2992
646 2993
905 2994
2566 2995
2350 2996
2186 2997
5 2998
2159 2999
2444 3000
2802 3001
1232 3002
448 3003
1525 3004
1639 3005
126 3006
350 3007
2034 3008
2309 3009
2906 3010
2685 3011
2369 3012
1265 3013
902 3014
2956 3015
1445 3016
2924 3017
2651 3018
163 3019
2231 3020
2936 3021
1198 3022
1788 3023
2289 3024
2244 3025
362 3026
1627 3027
482 3028
1314 3029
1779 3030
2329 3031
506 3032
2399 3033
2669 3034
2382 3035
669 3036
1003 3037
2843 3038
1952 3039
1842 3040
2600 3041
256 3042
366 3043
354 3044
1386 3045
420 3046
608 3047
730 3048
442 3049
2819 3050
1015 3051
2474 3052
393 3053
2123 3054
1154 3055
2863 3056
2948 3057
1420 3058
1293 3059
948 3060
1079 3061
660 3062
1059 3063
423 3064
2113 3065
69 3066
1305 3067
1748 3068
2202 3069
375 3070
2898 3071
2648 3072
1988 3073
2160 3074
1222 3075
2284 3076
890 3077
1559 3078
1844 3079
146 3080
2227 3081
2868 3082
2663 3083
440 3084
895 3085
3001 3086
2713 3087
1277 3088
1000 3089
1949 3090
2550 3091
2051 3092
2866 3093
1460 3094
2244 3095
1563 3096
804 3097
2707 3098
1648 3099
1313 3100
1995 3101
1666 3102
1045 3103
2172 3104
1568 3105
2293 3106
1238 3107
429 3108
1753 3109
38 3110
1729 3111
1831 3112
1398 3113
2578 3114
1197 3115
1960 3116
2501 3117
1653 3118
1216 3119
1324 3120
2838 3121
523 3122
538 3123
434 3124
2375 3125
2153 3126
1206 3127
609 3128
2295 3129
161 3130
1939 3131
37 3132
2121 3133
2783 3134
2754 3135
735 3136
2998 3137
780 3138
2031 3139
346 3140
508 3141
3118 3142
297 3143
2256 3144
1350 3145
2582 3146
2799 3147
2098 3148
394 3149
864 3150
1672 3151
2093 3152
384 3153
184 3154
691 3155
451 3156
419 3157
1372 3158
2424 3159
1843 3160
1962 3161
1672 3162
2863 3163
67 3164
1335 3165
1627 3166
385 3167
1601 3168
1798 3169
321 3170
1762 3171
1555 3172
1628 3173
830 3174
660 3175
870 3176
2773 3177
1280 3178
420 3179
995 3180
2766 3181
2847 3182
2394 3183
2799 3184
1580 3185
2505 3186
693 3187
1394 3188
681 3189
2114 3190
1420 3191
2988 3192
97 3193
327 3194
2990 3195
1227 3196
1667 3197
1385 3198
1452 3199
2391 3200
1225 3201
52 3202
493 3203
2365 3204
2958 3205
1418 3206
1054 3207
277 3208
590 3209
503 3210
3070 3211
1980 3212
882 3213
2579 3214
2779 3215
2082 3216
944 3217
1702 3218
1216 3219
25 3220
2605 3221
2004 3222
2096 3223
3205 3224
2666 3225
2915 3226
2921 3227
56 3228
1258 3229
850 3230
543 3231
2657 3232
2924 3233
3027 3234
835 3235
536 3236
1150 3237
1213 3238
2502 3239
2729 3240
3000 3241
90 3242
434 3243
2375 3244
782 3245
1030 3246
1089 3247
217 3248
1432 3249
2961 3250
1474 3251
1327 3252
2887 3253
1368 3254
2890 3255
3198 3256
303 3257
2715 3258
2555 3259
585 3260
1060 3261
1185 3262
3108 3263
2819 3264
904 3265
2620 3266
2031 3267
1477 3268
2111 3269
3054 3270
3077 3271
2444 3272
821 3273
2232 3274
2601 3275
1150 3276
1011 3277
1507 3278
2403 3279
2954 3280
1217 3281
2575 3282
1925 3283
3023 3284
1495 3285
1478 3286
1528 3287
2378 3288
135 3289
723 3290
3158 3291
1070 3292
3173 3293
308 3294
534 3295
2244 3296
660 3297
1542 3298
1284 3299
2935 3300
2196 3301
607 3302
2424 3303
3252 3304
612 3305
2406 3306
2143 3307
1389 3308
2044 3309
534 3310
1586 3311
797 3312
189 3313
78 3314
2001 3315
2438 3316
532 3317
3190 3318
2410 3319
705 3320
60 3321
2031 3322
1481 3323
3059 3324
2506 3325
629 3326
2745 3327
1147 3328
1693 3329
1707 3330
1000 3331
2693 3332
3328 3333
1631 3334
1814 3335
2414 3336
669 3337
2310 3338
1180 3339
2137 3340
2011 3341
180 3342
1643 3343
1661 3344
1172 3345
3042 3346
3284 3347
1938 3348
1714 3349
2799 3350
1786 3351
1157 3352
735 3353
240 3354
3226 3355
2441 3356
2491 3357
1817 3358
1602 3359
1345 3360
1487 3361
1564 3362
2816 3363
2319 3364
1392 3365
1305 3366
2440 3367
1697 3368
326 3369
626 3370
1644 3371
1827 3372
1942 3373
615 3374
426 3375
1800 3376
1592 3377
2667 3378
1895 3379
2683 3380
3222 3381
2154 3382
3264 3383
2985 3384
2350 3385
2448 3386
2036 3387
18 3388
2741 3389
409 3390
576 3391
3076 3392
1567 3393
1898 3394
3170 3395
852 3396
2335 3397
2502 3398
1704 3399
1676 3400
3136 3401
1728 3402
604 3403
2050 3404
3354 3405
1044 3406
482 3407
882 3408
726 3409
1201 3410
1721 3411
1400 3412
2350 3413
1107 3414
2114 3415
764 3416
2115 3417
1352 3418
1278 3419
1870 3420
2226 3421
47 3422
3180 3423
2297 3424
1125 3425
2120 3426
592 3427
1923 3428
1540 3429
1097 3430
1722 3431
276 3432
486 3433
223 3434
2486 3435
661 3436
2681 3437
2574 3438
1565 3439
535 3440
876 3441
458 3442
2705 3443
1669 3444
514 3445
3141 3446
3431 3447
290 3448
1986 3449
1529 3450
2335 3451
2787 3452
1315 3453
965 3454
2875 3455
2285 3456
1766 3457
358 3458
3030 3459
2015 3460
2739 3461
502 3462
403 3463
3330 3464
1864 3465
2445 3466
1594 3467
335 3468
1100 3469
2538 3470
1532 3471
862 3472
2910 3473
1190 3474
3283 3475
1023 3476
1119 3477
279 3478
2947 3479
2239 3480
2289 3481
2839 3482
2110 3483
364 3484
621 3485
421 3486
1632 3487
1742 3488
921 3489
2570 3490
1590 3491
456 3492
1977 3493
577 3494
3374 3495
852 3496
947 3497
1876 3498
2893 3499
1946 3500
307 3501
2625 3502
971 3503
186 3504
1733 3505
3260 3506
439 3507
3099 3508
3373 3509
63 3510
1179 3511
600 3512
139 3513
1154 3514
2025 3515
2636 3516
2598 3517
2081 3518
1378 3519
2367 3520
1010 3521
1363 3522
1640 3523
1775 3524
1474 3525
2374 3526
797 3527
332 3528
33 3529
3127 3530
2628 3531
34 3532
2395 3533
2853 3534
943 3535
2303 3536
2446 3537
453 3538
309 3539
2472 3540
770 3541
2818 3542
3318 3543
2172 3544
519 3545
2511 3546
1560 3547
1814 3548
1694 3549
742 3550
2167 3551
1050 3552
3253 3553
3338 3554
948 3555
2211 3556
2154 3557
3180 3558
2696 3559
3126 3560
528 3561
1675 3562
1059 3563
2451 3564
1007 3565
2846 3566
1403 3567
536 3568
3250 3569
2726 3570
1123 3571
888 3572
1525 3573
1852 3574
1301 3575
1135 3576
850 3577
2582 3578
498 3579
121 3580
2584 3581
1995 3582
1113 3583
2143 3584
1255 3585
367 3586
749 3587
2070 3588
186 3589
2144 3590
256 3591
1140 3592
3359 3593
1140 3594
720 3595
3540 3596
2653 3597
1023 3598
3537 3599
1753 3600
1998 3601
211 3602
1076 3603
674 3604
1222 3605
329 3606
3547 3607
1317 3608
514 3609
619 3610
1920 3611
58 3612
2753 3613
3147 3614
307 3615
641 3616
1779 3617
81 3618
646 3619
2240 3620
1895 3621
2879 3622
540 3623
2773 3624
1601 3625
2160 3626
3385 3627
2246 3628
3270 3629
341 3630
2769 3631
2949 3632
1251 3633
2629 3634
3375 3635
3252 3636
1809 3637
237 3638
3065 3639
2522 3640
3571 3641
3446 3642
3459 3643
562 3644
3210 3645
3347 3646
1800 3647
664 3648
2270 3649
2288 3650
1141 3651
968 3652
2723 3653
256 3654
889 3655
1759 3656
881 3657
2693 3658
3379 3659
1821 3660
79 3661
1644 3662
2024 3663
781 3664
553 3665
560 3666
1841 3667
445 3668
144 3669
1994 3670
2846 3671
118 3672
864 3673
1555 3674
1031 3675
829 3676
3299 3677
2347 3678
2017 3679
3531 3680
735 3681
2629 3682
2169 3683
1123 3684
259 3685
2 3686
1894 3687
2954 3688
2055 3689
1906 3690
2474 3691
3208 3692
1369 3693
2295 3694
1076 3695
3361 3696
3283 3697
1020 3698
2943 3699
2256 3700
2092 3701
2080 3702
1857 3703
3123 3704
3588 3705
1310 3706
1767 3707
902 3708
266 3709
2330 3710
1427 3711
589 3712
204 3713
2671 3714
3416 3715
1057 3716
1173 3717
2286 3718
3066 3719
3147 3720
1779 3721
2164 3722
880 3723
152 3724
2636 3725
3689 3726
2479 3727
2911 3728
1234 3729
1324 3730
3598 3731
3716 3732
3567 3733
3233 3734
1078 3735
1716 3736
2442 3737
1599 3738
3135 3739
2057 3740
1553 3741
592 3742
1283 3743
3478 3744
1463 3745
2395 3746
2790 3747
3298 3748
871 3749
1495 3750
2627 3751
473 3752
1450 3753
2657 3754
2561 3755
1565 3756
638 3757
2478 3758
553 3759
22 3760
2999 3761
2677 3762
932 3763
2201 3764
2577 3765
1712 3766
3422 3767
3432 3768
484 3769
1038 3770
2218 3771
3450 3772
443 3773
1963 3774
2616 3775
188 3776
1329 3777
1329 3778
1657 3779
3085 3780
3387 3781
2657 3782
787 3783
1232 3784
2973 3785
954 3786
756 3787
2261 3788
2189 3789
648 3790
700 3791
2354 3792
2119 3793
491 3794
2416 3795
3785 3796
1530 3797
61 3798
3763 3799
2134 3800
1053 3801
757 3802
1618 3803
1135 3804
685 3805
3043 3806
498 3807
423 3808
1162 3809
1791 3810
157 3811
784 3812
665 3813
1018 3814
938 3815
591 3816
1382 3817
3204 3818
282 3819
2791 3820
3405 3821
2317 3822
2147 3823
1664 3824
1205 3825
1825 3826
1994 3827
3419 3828
595 3829
3571 3830
1393 3831
2228 3832
3553 3833
3801 3834
3702 3835
2788 3836
1032 3837
1176 3838
2674 3839
930 3840
2166 3841
124 3842
932 3843
399 3844
1894 3845
2255 3846
2149 3847
374 3848
1079 3849
180 3850
2127 3851
2809 3852
3059 3853
80 3854
1077 3855
238 3856
3831 3857
750 3858
1573 3859
387 3860
2762 3861
3281 3862
1560 3863
3024 3864
2863 3865
1891 3866
1643 3867
1692 3868
1784 3869
904 3870
556 3871
1703 3872
2260 3873
370 3874
1810 3875
2445 3876
3299 3877
1257 3878
3491 3879
2997 3880
3478 3881
2727 3882
760 3883
2737 3884
2400 3885
3812 3886
2049 3887
2186 3888
1050 3889
1983 3890
2145 3891
3832 3892
3049 3893
1186 3894
2775 3895
1947 3896
3266 3897
3308 3898
272 3899
3644 3900
1535 3901
2998 3902
1095 3903
1899 3904
248 3905
1099 3906
2391 3907
3694 3908
3731 3909
2005 3910
1544 3911
1753 3912
128 3913
1091 3914
2069 3915
2975 3916
3806 3917
671 3918
3623 3919
2980 3920
57 3921
25 3922
2788 3923
2496 3924
395 3925
3707 3926
1906 3927
3051 3928
3582 3929
237 3930
3210 3931
515 3932
30 3933
2959 3934
2939 3935
1670 3936
659 3937
2733 3938
3930 3939
1412 3940
2914 3941
2262 3942
401 3943
1757 3944
2804 3945
2679 3946
89 3947
1801 3948
2781 3949
1911 3950
2737 3951
3831 3952
3319 3953
215 3954
959 3955
3917 3956
281 3957
1841 3958
1831 3959
578 3960
881 3961
3454 3962
813 3963
1500 3964
542 3965
1575 3966
2116 3967
3485 3968
380 3969
117 3970
944 3971
402 3972
501 3973
2365 3974
792 3975
2480 3976
3495 3977
2501 3978
3724 3979
751 3980
3713 3981
3120 3982
3292 3983
1397 3984
44 3985
3110 3986
3052 3987
1744 3988
1657 3989
1848 3990
3948 3991
1298 3992
1282 3993
1267 3994
3793 3995
926 3996
3561 3997
1756 3998
539 3999
2176 4000
892 4001
2584 4002
2739 4003
1279 4004
3508 4005
88 4006
1273 4007
700 4008
1600 4009
417 4010
1326 4011
3399 4012
1025 4013
1463 4014
1630 4015
3034 4016
3929 4017
1430 4018
3485 4019
993 4020
96 4021
1507 4022
1044 4023
1281 4024
1660 4025
2814 4026
2031 4027
2720 4028
537 4029
4013 4030
3596 4031
1971 4032
3767 4033
2735 4034
748 4035
1665 4036
1327 4037
201 4038
3779 4039
2298 4040
321 4041
2547 4042
707 4043
2563 4044
1905 4045
2059 4046
1112 4047
3166 4048
1794 4049
1373 4050
2184 4051
2770 4052
1803 4053
3018 4054
1030 4055
804 4056
743 4057
709 4058
651 4059
2554 4060
676 4061
2851 4062
355 4063
2371 4064
1574 4065
2323 4066
591 4067
1120 4068
56 4069
930 4070
2928 4071
3537 4072
3594 4073
3489 4074
430 4075
3174 4076
1530 4077
935 4078
1933 4079
747 4080
3553 4081
3999 4082
626 4083
2244 4084
3420 4085
3709 4086
2547 4087
3448 4088
649 4089
1635 4090
1225 4091
2647 4092
772 4093
2650 4094
2546 4095
2577 4096
191 4097
3877 4098
2904 4099
3472 4100
3441 4101
1880 4102
2203 4103
2124 4104
1302 4105
1985 4106
273 4107
1479 4108
780 4109
1120 4110
1502 4111
1551 4112
1898 4113
796 4114
1288 4115
2696 4116
3172 4117
1351 4118
2326 4119
3050 4120
730 4121
1637 4122
1526 4123
1366 4124
3151 4125
3211 4126
1506 4127
4032 4128
783 4129
3718 4130
3957 4131
481 4132
2167 4133
3609 4134
528 4135
4017 4136
1360 4137
2278 4138
2198 4139
3005 4140
2946 4141
2276 4142
938 4143
2064 4144
2025 4145
3557 4146
1187 4147
1488 4148
336 4149
627 4150
430 4151
3503 4152
22 4153
3705 4154
2137 4155
1084 4156
1919 4157
2068 4158
450 4159
944 4160
3911 4161
2884 4162
2320 4163
2514 4164
323 4165
1142 4166
395 4167
814 4168
2566 4169
3413 4170
1074 4171
3184 4172
103 4173
1039 4174
1365 4175
3092 4176
1016 4177
1397 4178
107 4179
3776 4180
3293 4181
2036 4182
2119 4183
2635 4184
138 4185
580 4186
714 4187
3599 4188
2453 4189
3506 4190
3498 4191
2716 4192
438 4193
815 4194
2666 4195
2909 4196
970 4197
581 4198
748 4199
2603 4200
275 4201
2760 4202
1546 4203
3643 4204
3253 4205
2976 4206
1725 4207
134 4208
955 4209
3699 4210
2839 4211
3091 4212
1806 4213
909 4214
3519 4215
1625 4216
1509 4217
3228 4218
2798 4219
160 4220
4033 4221
1361 4222
2405 4223
1686 4224
1519 4225
1881 4226
1216 4227
815 4228
384 4229
2274 4230
2513 4231
3224 4232
867 4233
4209 4234
600 4235
2331 4236
2943 4237
4235 4238
3410 4239
3982 4240
3834 4241
358 4242
2875 4243
4111 4244
3478 4245
2411 4246
890 4247
3007 4248
1719 4249
2391 4250
836 4251
859 4252
613 4253
401 4254
2108 4255
2430 4256
3285 4257
3499 4258
2321 4259
2680 4260
806 4261
1088 4262
1429 4263
3051 4264
982 4265
3037 4266
2043 4267
1299 4268
2857 4269
2618 4270
4216 4271
1226 4272
3963 4273
2365 4274
15 4275
848 4276
2095 4277
2062 4278
1792 4279
4046 4280
4272 4281
1433 4282
2508 4283
1394 4284
865 4285
3376 4286
2701 4287
3502 4288
1919 4289
1228 4290
4044 4291
620 4292
962 4293
368 4294
2106 4295
2848 4296
1169 4297
1681 4298
3884 4299
1612 4300
1099 4301
3595 4302
3050 4303
3625 4304
651 4305
3211 4306
2600 4307
3747 4308
2437 4309
753 4310
4064 4311
3085 4312
2342 4313
3494 4314
2100 4315
1521 4316
691 4317
3250 4318
3218 4319
677 4320
299 4321
1274 4322
2297 4323
1353 4324
322 4325
1339 4326
2235 4327
1877 4328
2744 4329
1702 4330
1057 4331
2564 4332
1006 4333
2092 4334
3303 4335
673 4336
491 4337
1000 4338
4336 4339
1644 4340
3949 4341
1692 4342
1190 4343
3232 4344
1340 4345
2268 4346
3986 4347
507 4348
2086 4349
589 4350
2239 4351
4209 4352
3124 4353
2047 4354
1233 4355
701 4356
2629 4357
966 4358
3403 4359
1750 4360
466 4361
1032 4362
3131 4363
4163 4364
625 4365
902 4366
472 4367
1737 4368
1474 4369
541 4370
108 4371
4283 4372
2216 4373
2537 4374
3444 4375
2461 4376
3152 4377
1268 4378
1015 4379
3711 4380
1661 4381
3465 4382
3692 4383
2026 4384
1100 4385
3011 4386
1486 4387
3343 4388
3359 4389
316 4390
1581 4391
3557 4392
473 4393
1944 4394
3354 4395
679 4396
546 4397
2308 4398
3164 4399
508 4400
2540 4401
3721 4402
469 4403
4230 4404
3902 4405
1016 4406
315 4407
671 4408
2162 4409
3897 4410
4179 4411
3866 4412
2079 4413
3289 4414
3932 4415
2400 4416
692 4417
654 4418
3235 4419
1069 4420
3264 4421
3396 4422
4021 4423
1125 4424
614 4425
794 4426
2647 4427
1674 4428
1338 4429
2652 4430
144 4431
2723 4432
703 4433
1682 4434
225 4435
2556 4436
3971 4437
2828 4438
3176 4439
3399 4440
2902 4441
4056 4442
225 4443
853 4444
3058 4445
2409 4446
2613 4447
3205 4448
2141 4449
2232 4450
3049 4451
4297 4452
3584 4453
937 4454
1795 4455
2007 4456
4390 4457
3561 4458
711 4459
371 4460
2587 4461
3218 4462
1297 4463
4001 4464
916 4465
4195 4466
2143 4467
940 4468
1966 4469
1610 4470
3093 4471
3613 4472
345 4473
982 4474
2173 4475
1268 4476
2081 4477
2096 4478
1414 4479
4363 4480
3226 4481
3428 4482
3690 4483
4465 4484
2000 4485
493 4486
2666 4487
3249 4488
358 4489
4163 4490
3694 4491
1452 4492
3655 4493
3808 4494
1720 4495
2359 4496
3556 4497
4431 4498
3510 4499
2376 4500
1414 4501
2867 4502
2268 4503
3916 4504
2493 4505
1686 4506
304 4507
1933 4508
1198 4509
1645 4510
250 4511
541 4512
284 4513
2809 4514
3124 4515
3210 4516
2261 4517
3437 4518
1641 4519
341 4520
2907 4521
2326 4522
2294 4523
3868 4524
492 4525
954 4526
3514 4527
655 4528
3874 4529
4233 4530
790 4531
473 4532
3163 4533
2160 4534
3538 4535
650 4536
2641 4537
2857 4538
2988 4539
1024 4540
875 4541
3242 4542
138 4543
4354 4544
246 4545
1067 4546
1075 4547
4520 4548
3571 4549
1498 4550
1665 4551
3634 4552
2097 4553
3641 4554
1587 4555
1390 4556
2387 4557
2318 4558
534 4559
3336 4560
257 4561
115 4562
2180 4563
1432 4564
4349 4565
3262 4566
74 4567
4326 4568
1967 4569
1221 4570
379 4571
1714 4572
2382 4573
830 4574
2448 4575
1203 4576
3430 4577
1298 4578
2684 4579
1920 4580
3907 4581
1579 4582
2421 4583
4024 4584
4338 4585
1705 4586
2861 4587
3871 4588
919 4589
1192 4590
3848 4591
130 4592
901 4593
2720 4594
2829 4595
3189 4596
2449 4597
3603 4598
1003 4599
3108 4600
3122 4601
4013 4602
614 4603
3898 4604
416 4605
4124 4606
3465 4607
439 4608
2250 4609
2210 4610
1372 4611
4566 4612
423 4613
919 4614
3866 4615
746 4616
3470 4617
2357 4618
991 4619
2452 4620
2038 4621
1602 4622
4253 4623
4498 4624
3747 4625
1834 4626
1180 4627
4177 4628
118 4629
2186 4630
606 4631
4606 4632
3457 4633
1858 4634
2447 4635
1744 4636
615 4637
122 4638
4311 4639
2400 4640
1911 4641
709 4642
462 4643
3592 4644
2886 4645
1403 4646
2866 4647
2826 4648
3407 4649
117 4650
3670 4651
2275 4652
2127 4653
1799 4654
2749 4655
3736 4656
310 4657
3255 4658
477 4659
1549 4660
2175 4661
4204 4662
575 4663
1582 4664
3265 4665
1144 4666
140 4667
2607 4668
707 4669
3401 4670
4061 4671
2713 4672
1849 4673
3392 4674
394 4675
2427 4676
2669 4677
893 4678
2680 4679
1402 4680
1242 4681
4673 4682
2868 4683
3186 4684
2710 4685
3225 4686
3151 4687
3658 4688
1859 4689
2515 4690
4655 4691
1841 4692
2268 4693
2806 4694
1384 4695
1068 4696
764 4697
316 4698
517 4699
2095 4700
1989 4701
432 4702
3255 4703
422 4704
1959 4705
2225 4706
1539 4707
3702 4708
3228 4709
3800 4710
568 4711
1210 4712
1360 4713
1952 4714
4525 4715
4307 4716
2761 4717
3318 4718
1805 4719
1717 4720
1703 4721
3283 4722
2035 4723
1677 4724
3229 4725
1239 4726
994 4727
1227 4728
391 4729
2120 4730
1126 4731
417 4732
1604 4733
4119 4734
2016 4735
3051 4736
4314 4737
4580 4738
2952 4739
2950 4740
3838 4741
34 4742
778 4743
2379 4744
2969 4745
4058 4746
922 4747
1328 4748
4552 4749
3080 4750
4407 4751
3142 4752
1391 4753
1007 4754
3392 4755
1133 4756
2049 4757
4046 4758
4164 4759
3030 4760
1074 4761
2876 4762
740 4763
2330 4764
4222 4765
2302 4766
567 4767
1509 4768
1034 4769
1392 4770
3594 4771
3375 4772
844 4773
2026 4774
4277 4775
2008 4776
3898 4777
3659 4778
3239 4779
1848 4780
4577 4781
255 4782
4160 4783
2286 4784
1922 4785
4276 4786
3498 4787
2493 4788
3103 4789
3245 4790
2364 4791
2707 4792
3096 4793
3342 4794
4596 4795
2247 4796
3459 4797
3645 4798
3432 4799
530 4800
1241 4801
3916 4802
4164 4803
3296 4804
4141 4805
1150 4806
1640 4807
163 4808
4548 4809
2194 4810
2872 4811
226 4812
2557 4813
2331 4814
203 4815
1043 4816
1398 4817
1469 4818
738 4819
4268 4820
2318 4821
3493 4822
702 4823
2958 4824
4169 4825
2613 4826
2131 4827
2122 4828
4250 4829
2454 4830
2668 4831
3342 4832
3315 4833
2755 4834
18 4835
919 4836
170 4837
3885 4838
837 4839
3914 4840
3436 4841
1173 4842
3908 4843
3812 4844
3349 4845
1986 4846
159 4847
4442 4848
1655 4849
3294 4850
3266 4851
4242 4852
2535 4853
649 4854
2544 4855
2435 4856
2960 4857
2850 4858
1121 4859
1970 4860
2741 4861
2491 4862
2118 4863
3630 4864
4620 4865
3782 4866
3852 4867
1448 4868
1008 4869
1631 4870
378 4871
4609 4872
4468 4873
1523 4874
2884 4875
3308 4876
3935 4877
97 4878
1324 4879
100 4880
2813 4881
1109 4882
2395 4883
1755 4884
268 4885
4013 4886
1200 4887
3700 4888
1505 4889
2366 4890
842 4891
336 4892
1085 4893
2840 4894
3345 4895
4465 4896
3681 4897
4135 4898
1271 4899
3606 4900
3568 4901
4860 4902
4886 4903
3408 4904
459 4905
2396 4906
3950 4907
1603 4908
4837 4909
4794 4910
1333 4911
1323 4912
1032 4913
1827 4914
469 4915
2473 4916
4128 4917
3985 4918
1066 4919
3976 4920
2267 4921
2345 4922
4695 4923
4062 4924
2364 4925
3543 4926
4023 4927
3610 4928
2921 4929
3767 4930
2836 4931
419 4932
1866 4933
3734 4934
3169 4935
181 4936
3615 4937
3679 4938
3489 4939
1174 4940
4791 4941
3133 4942
1323 4943
1239 4944
586 4945
579 4946
2118 4947
4787 4948
1570 4949
4497 4950
4323 4951
4518 4952
2164 4953
2197 4954
2960 4955
133 4956
1821 4957
1795 4958
3853 4959
2929 4960
2762 4961
2318 4962
590 4963
3474 4964
4347 4965
3273 4966
868 4967
952 4968
2120 4969
4374 4970
3253 4971
4414 4972
1317 4973
2751 4974
2523 4975
3167 4976
211 4977
3513 4978
4357 4979
826 4980
2459 4981
2154 4982
3509 4983
3008 4984
1376 4985
521 4986
901 4987
4074 4988
3727 4989
2565 4990
1847 4991
4596 4992
2997 4993
2460 4994
2837 4995
4715 4996
2035 4997
83 4998
3103 4999
1765 5000
