1 2
2 3
1 4
3 5
4 6
5 7
7 8
6 9
7 10
8 11
8 12
6 13
3 14
5 15
2 16
10 17
2 18
8 19
3 20
15 21
9 22
14 23
13 24
22 25
12 26
1 27
16 28
25 29
22 30
30 31
3 32
21 33
28 34
32 35
28 36
10 37
1 38
27 39
12 40
40 41
16 42
22 43
20 44
41 45
26 46
37 47
19 48
26 49
40 50
17 51
28 52
5 53
24 54
35 55
28 56
33 57
8 58
58 59
27 60
8 61
34 62
30 63
11 64
61 65
39 66
2 67
17 68
56 69
33 70
25 71
49 72
61 73
68 74
12 75
5 76
63 77
18 78
28 79
62 80
57 81
14 82
35 83
49 84
56 85
4 86
30 87
87 88
12 89
30 90
23 91
43 92
46 93
44 94
64 95
88 96
16 97
7 98
44 99
99 100
65 101
11 102
73 103
77 104
102 105
69 106
12 107
19 108
104 109
31 110
2 111
31 112
2 113
89 114
18 115
67 116
29 117
96 118
77 119
16 120
89 121
54 122
81 123
105 124
123 125
14 126
70 127
122 128
108 129
19 130
46 131
18 132
127 133
15 134
2 135
53 136
23 137
103 138
20 139
132 140
36 141
51 142
125 143
59 144
61 145
13 146
108 147
142 148
108 149
59 150
120 151
137 152
16 153
43 154
61 155
56 156
154 157
47 158
126 159
106 160
108 161
25 162
72 163
71 164
61 165
40 166
156 167
83 168
36 169
43 170
167 171
121 172
5 173
93 174
42 175
110 176
54 177
168 178
66 179
148 180
138 181
151 182
161 183
122 184
31 185
129 186
105 187
94 188
46 189
9 190
121 191
145 192
174 193
91 194
122 195
26 196
138 197
168 198
171 199
140 200
64 201
162 202
194 203
121 204
158 205
4 206
198 207
76 208
138 209
195 210
17 211
122 212
50 213
122 214
26 215
99 216
27 217
207 218
127 219
148 220
157 221
78 222
26 223
14 224
109 225
172 226
141 227
156 228
221 229
175 230
214 231
80 232
145 233
17 234
33 235
62 236
178 237
35 238
35 239
92 240
70 241
53 242
189 243
85 244
110 245
124 246
68 247
54 248
243 249
224 250
18 251
217 252
237 253
62 254
242 255
252 256
103 257
100 258
114 259
104 260
251 261
38 262
20 263
3 264
145 265
210 266
208 267
156 268
135 269
162 270
29 271
51 272
136 273
34 274
165 275
265 276
209 277
36 278
127 279
263 280
23 281
132 282
214 283
169 284
39 285
24 286
270 287
251 288
188 289
12 290
11 291
240 292
145 293
243 294
214 295
147 296
203 297
69 298
72 299
64 300
8 301
163 302
109 303
278 304
301 305
287 306
121 307
110 308
13 309
125 310
67 311
277 312
223 313
104 314
86 315
220 316
315 317
141 318
210 319
23 320
278 321
143 322
250 323
153 324
143 325
167 326
112 327
60 328
24 329
77 330
215 331
159 332
98 333
92 334
160 335
276 336
150 337
140 338
12 339
78 340
203 341
120 342
228 343
28 344
135 345
63 346
186 347
114 348
119 349
76 350
135 351
156 352
262 353
183 354
291 355
13 356
311 357
348 358
320 359
223 360
152 361
89 362
233 363
4 364
120 365
251 366
314 367
218 368
210 369
8 370
202 371
327 372
156 373
32 374
235 375
230 376
185 377
249 378
300 379
147 380
71 381
41 382
175 383
22 384
128 385
204 386
85 387
259 388
347 389
133 390
30 391
13 392
228 393
229 394
365 395
312 396
302 397
58 398
145 399
40 400
234 401
201 402
299 403
8 404
262 405
197 406
126 407
260 408
368 409
200 410
402 411
134 412
196 413
324 414
65 415
351 416
181 417
304 418
126 419
43 420
66 421
255 422
227 423
247 424
362 425
111 426
121 427
348 428
222 429
115 430
12 431
379 432
432 433
206 434
18 435
105 436
172 437
85 438
394 439
407 440
325 441
279 442
82 443
204 444
247 445
189 446
446 447
171 448
357 449
151 450
402 451
393 452
52 453
58 454
227 455
403 456
455 457
31 458
92 459
429 460
41 461
102 462
125 463
277 464
131 465
284 466
312 467
124 468
378 469
87 470
154 471
25 472
87 473
36 474
290 475
475 476
74 477
315 478
373 479
406 480
61 481
404 482
355 483
66 484
90 485
192 486
361 487
390 488
135 489
205 490
436 491
112 492
69 493
35 494
387 495
65 496
112 497
119 498
334 499
270 500
89 501
380 502
392 503
283 504
122 505
261 506
249 507
360 508
71 509
73 510
391 511
139 512
260 513
513 514
388 515
33 516
494 517
156 518
417 519
212 520
381 521
186 522
434 523
75 524
507 525
265 526
328 527
354 528
63 529
261 530
267 531
231 532
283 533
112 534
515 535
207 536
135 537
65 538
232 539
193 540
293 541
375 542
423 543
210 544
173 545
103 546
36 547
39 548
190 549
94 550
471 551
57 552
329 553
382 554
160 555
518 556
345 557
183 558
376 559
384 560
264 561
492 562
557 563
263 564
472 565
234 566
114 567
563 568
143 569
468 570
253 571
165 572
183 573
422 574
541 575
562 576
29 577
437 578
309 579
529 580
307 581
519 582
357 583
327 584
180 585
327 586
137 587
223 588
480 589
61 590
518 591
80 592
101 593
69 594
222 595
313 596
461 597
411 598
254 599
563 600
173 601
47 602
532 603
332 604
536 605
308 606
28 607
249 608
127 609
462 610
139 611
74 612
81 613
372 614
545 615
461 616
503 617
418 618
477 619
396 620
592 621
323 622
243 623
431 624
541 625
4 626
554 627
495 628
239 629
534 630
273 631
595 632
219 633
578 634
76 635
202 636
512 637
305 638
292 639
323 640
194 641
416 642
399 643
166 644
535 645
379 646
371 647
249 648
453 649
146 650
637 651
462 652
559 653
639 654
324 655
444 656
427 657
575 658
293 659
317 660
402 661
457 662
517 663
112 664
656 665
92 666
413 667
447 668
370 669
103 670
652 671
135 672
203 673
654 674
91 675
643 676
537 677
670 678
115 679
537 680
403 681
87 682
324 683
439 684
422 685
529 686
71 687
484 688
13 689
618 690
614 691
569 692
375 693
509 694
18 695
548 696
562 697
226 698
63 699
358 700
354 701
322 702
58 703
690 704
328 705
70 706
400 707
25 708
487 709
207 710
608 711
506 712
75 713
294 714
336 715
296 716
705 717
303 718
344 719
702 720
391 721
527 722
222 723
156 724
631 725
399 726
500 727
61 728
601 729
510 730
246 731
126 732
359 733
292 734
697 735
43 736
375 737
333 738
325 739
21 740
589 741
156 742
640 743
432 744
228 745
279 746
181 747
545 748
172 749
378 750
189 751
370 752
705 753
50 754
394 755
436 756
209 757
652 758
704 759
747 760
222 761
594 762
521 763
188 764
99 765
681 766
741 767
578 768
385 769
723 770
118 771
191 772
336 773
593 774
347 775
266 776
520 777
196 778
276 779
398 780
581 781
384 782
340 783
106 784
480 785
766 786
65 787
425 788
115 789
770 790
105 791
773 792
443 793
575 794
557 795
89 796
678 797
659 798
157 799
19 800
797 801
723 802
669 803
46 804
474 805
460 806
294 807
770 808
636 809
124 810
697 811
411 812
390 813
255 814
672 815
318 816
538 817
698 818
636 819
605 820
174 821
561 822
747 823
702 824
113 825
792 826
191 827
498 828
330 829
593 830
388 831
277 832
381 833
618 834
144 835
298 836
136 837
529 838
109 839
476 840
436 841
354 842
679 843
332 844
122 845
464 846
719 847
743 848
353 849
567 850
172 851
176 852
823 853
257 854
717 855
63 856
539 857
415 858
190 859
373 860
35 861
144 862
57 863
668 864
31 865
555 866
191 867
153 868
343 869
134 870
501 871
71 872
404 873
360 874
757 875
123 876
27 877
421 878
296 879
115 880
334 881
252 882
606 883
435 884
150 885
478 886
874 887
332 888
129 889
164 890
664 891
245 892
668 893
20 894
826 895
429 896
427 897
204 898
448 899
226 900
775 901
435 902
444 903
59 904
500 905
357 906
703 907
118 908
763 909
599 910
205 911
503 912
349 913
373 914
696 915
671 916
109 917
337 918
832 919
594 920
433 921
533 922
922 923
529 924
730 925
181 926
595 927
53 928
761 929
716 930
768 931
112 932
719 933
194 934
65 935
537 936
397 937
469 938
845 939
851 940
912 941
494 942
183 943
504 944
120 945
429 946
255 947
698 948
931 949
632 950
715 951
578 952
396 953
795 954
191 955
407 956
335 957
834 958
505 959
798 960
332 961
715 962
349 963
158 964
826 965
937 966
210 967
386 968
840 969
399 970
620 971
421 972
372 973
410 974
934 975
812 976
486 977
623 978
417 979
400 980
174 981
912 982
339 983
464 984
807 985
19 986
39 987
30 988
711 989
800 990
277 991
760 992
739 993
85 994
881 995
877 996
67 997
996 998
354 999
477 1000
110 1001
832 1002
274 1003
192 1004
572 1005
46 1006
585 1007
360 1008
438 1009
149 1010
158 1011
308 1012
166 1013
256 1014
148 1015
811 1016
409 1017
386 1018
198 1019
76 1020
711 1021
814 1022
931 1023
456 1024
519 1025
427 1026
982 1027
184 1028
781 1029
904 1030
114 1031
447 1032
807 1033
854 1034
154 1035
632 1036
213 1037
639 1038
845 1039
970 1040
353 1041
983 1042
872 1043
745 1044
939 1045
169 1046
882 1047
1002 1048
711 1049
319 1050
535 1051
508 1052
81 1053
782 1054
566 1055
335 1056
623 1057
460 1058
354 1059
600 1060
338 1061
143 1062
620 1063
385 1064
1050 1065
767 1066
677 1067
250 1068
705 1069
937 1070
359 1071
651 1072
116 1073
218 1074
456 1075
257 1076
728 1077
510 1078
262 1079
15 1080
1033 1081
653 1082
222 1083
295 1084
499 1085
358 1086
717 1087
235 1088
360 1089
454 1090
257 1091
865 1092
1027 1093
662 1094
592 1095
405 1096
13 1097
403 1098
390 1099
46 1100
289 1101
706 1102
310 1103
1000 1104
312 1105
216 1106
232 1107
446 1108
195 1109
573 1110
1099 1111
331 1112
562 1113
412 1114
255 1115
394 1116
582 1117
254 1118
438 1119
100 1120
591 1121
25 1122
808 1123
624 1124
1016 1125
631 1126
274 1127
735 1128
1054 1129
883 1130
595 1131
421 1132
1041 1133
877 1134
1034 1135
966 1136
866 1137
210 1138
274 1139
151 1140
848 1141
929 1142
650 1143
1011 1144
800 1145
395 1146
867 1147
1116 1148
109 1149
1095 1150
379 1151
9 1152
895 1153
553 1154
668 1155
387 1156
1006 1157
116 1158
763 1159
326 1160
1030 1161
1114 1162
637 1163
471 1164
136 1165
89 1166
971 1167
207 1168
725 1169
74 1170
876 1171
501 1172
1093 1173
1141 1174
182 1175
1083 1176
118 1177
45 1178
55 1179
1085 1180
960 1181
1065 1182
1059 1183
325 1184
722 1185
366 1186
342 1187
550 1188
65 1189
326 1190
38 1191
357 1192
1107 1193
1006 1194
1110 1195
1020 1196
579 1197
181 1198
888 1199
989 1200
294 1201
270 1202
822 1203
294 1204
421 1205
1069 1206
476 1207
907 1208
107 1209
1042 1210
1132 1211
171 1212
929 1213
338 1214
749 1215
965 1216
630 1217
673 1218
551 1219
485 1220
237 1221
256 1222
555 1223
111 1224
773 1225
24 1226
1004 1227
234 1228
388 1229
4 1230
859 1231
371 1232
253 1233
794 1234
267 1235
1010 1236
9 1237
1004 1238
878 1239
499 1240
951 1241
337 1242
1207 1243
7 1244
316 1245
755 1246
146 1247
238 1248
659 1249
1065 1250
63 1251
1225 1252
855 1253
1141 1254
1193 1255
1113 1256
290 1257
1169 1258
1115 1259
411 1260
1184 1261
198 1262
912 1263
93 1264
261 1265
876 1266
1245 1267
1163 1268
713 1269
168 1270
956 1271
474 1272
1210 1273
469 1274
50 1275
810 1276
33 1277
318 1278
709 1279
668 1280
117 1281
617 1282
165 1283
1206 1284
509 1285
331 1286
132 1287
711 1288
689 1289
880 1290
1119 1291
692 1292
575 1293
1198 1294
387 1295
436 1296
687 1297
658 1298
106 1299
1185 1300
895 1301
1300 1302
691 1303
1204 1304
37 1305
642 1306
1029 1307
1023 1308
402 1309
261 1310
447 1311
902 1312
48 1313
536 1314
278 1315
796 1316
74 1317
829 1318
210 1319
415 1320
273 1321
79 1322
1026 1323
1006 1324
1199 1325
360 1326
1092 1327
1283 1328
725 1329
722 1330
673 1331
71 1332
139 1333
1266 1334
200 1335
422 1336
1021 1337
899 1338
20 1339
913 1340
396 1341
107 1342
931 1343
523 1344
214 1345
93 1346
271 1347
1028 1348
593 1349
121 1350
831 1351
1132 1352
844 1353
785 1354
1108 1355
772 1356
919 1357
800 1358
318 1359
327 1360
597 1361
688 1362
744 1363
529 1364
532 1365
1251 1366
1243 1367
1245 1368
108 1369
278 1370
767 1371
825 1372
118 1373
261 1374
158 1375
306 1376
1170 1377
806 1378
1345 1379
797 1380
1345 1381
428 1382
654 1383
1146 1384
180 1385
461 1386
47 1387
1218 1388
772 1389
476 1390
397 1391
1215 1392
1270 1393
705 1394
184 1395
575 1396
855 1397
1372 1398
314 1399
1327 1400
698 1401
92 1402
519 1403
387 1404
23 1405
930 1406
1087 1407
142 1408
345 1409
1148 1410
116 1411
1164 1412
838 1413
417 1414
1037 1415
668 1416
1155 1417
182 1418
629 1419
379 1420
202 1421
568 1422
219 1423
138 1424
1229 1425
458 1426
1070 1427
298 1428
48 1429
90 1430
1277 1431
209 1432
1310 1433
848 1434
971 1435
1118 1436
1345 1437
778 1438
927 1439
197 1440
624 1441
1301 1442
1110 1443
1389 1444
36 1445
556 1446
557 1447
478 1448
900 1449
478 1450
1347 1451
1298 1452
906 1453
737 1454
484 1455
243 1456
82 1457
29 1458
1117 1459
1433 1460
919 1461
280 1462
702 1463
488 1464
1170 1465
724 1466
54 1467
1197 1468
1121 1469
219 1470
868 1471
764 1472
1225 1473
1264 1474
73 1475
59 1476
1231 1477
1421 1478
620 1479
708 1480
912 1481
1049 1482
788 1483
1112 1484
137 1485
105 1486
382 1487
1045 1488
1198 1489
831 1490
1006 1491
1249 1492
232 1493
456 1494
371 1495
561 1496
1380 1497
959 1498
971 1499
84 1500
458 1501
342 1502
745 1503
905 1504
1336 1505
511 1506
400 1507
1349 1508
999 1509
145 1510
571 1511
1157 1512
271 1513
187 1514
639 1515
407 1516
1 1517
1498 1518
676 1519
1287 1520
1042 1521
256 1522
1396 1523
15 1524
412 1525
306 1526
697 1527
203 1528
1280 1529
1401 1530
297 1531
741 1532
1205 1533
1393 1534
481 1535
260 1536
1356 1537
1238 1538
144 1539
1137 1540
426 1541
139 1542
908 1543
828 1544
1000 1545
451 1546
229 1547
1350 1548
293 1549
762 1550
453 1551
122 1552
884 1553
1538 1554
311 1555
1321 1556
444 1557
115 1558
1278 1559
392 1560
985 1561
837 1562
1329 1563
708 1564
997 1565
62 1566
207 1567
589 1568
1244 1569
20 1570
1543 1571
1164 1572
505 1573
765 1574
104 1575
1318 1576
478 1577
278 1578
290 1579
422 1580
1437 1581
990 1582
817 1583
1177 1584
25 1585
1461 1586
1247 1587
431 1588
1555 1589
1565 1590
621 1591
458 1592
616 1593
1156 1594
1038 1595
1494 1596
444 1597
697 1598
760 1599
1457 1600
1437 1601
1131 1602
646 1603
1275 1604
132 1605
490 1606
416 1607
1362 1608
323 1609
948 1610
1282 1611
185 1612
734 1613
1518 1614
1110 1615
1434 1616
663 1617
1370 1618
1546 1619
767 1620
1350 1621
467 1622
1415 1623
1115 1624
1576 1625
358 1626
472 1627
935 1628
36 1629
1463 1630
234 1631
1113 1632
363 1633
300 1634
210 1635
350 1636
1382 1637
985 1638
1304 1639
889 1640
735 1641
186 1642
106 1643
967 1644
205 1645
1147 1646
975 1647
95 1648
1052 1649
552 1650
1505 1651
193 1652
754 1653
435 1654
659 1655
825 1656
435 1657
58 1658
1425 1659
1334 1660
1581 1661
1207 1662
776 1663
289 1664
1063 1665
639 1666
1574 1667
573 1668
1020 1669
401 1670
732 1671
11 1672
346 1673
1268 1674
1387 1675
209 1676
317 1677
379 1678
1394 1679
1663 1680
1052 1681
1518 1682
1654 1683
585 1684
220 1685
1093 1686
1531 1687
407 1688
920 1689
975 1690
1536 1691
1085 1692
102 1693
1654 1694
315 1695
909 1696
1016 1697
894 1698
445 1699
1659 1700
1553 1701
704 1702
959 1703
1678 1704
1221 1705
1082 1706
109 1707
301 1708
490 1709
1073 1710
562 1711
1552 1712
97 1713
501 1714
546 1715
1039 1716
1296 1717
1281 1718
1171 1719
1473 1720
1514 1721
704 1722
1542 1723
1716 1724
71 1725
582 1726
1397 1727
661 1728
1674 1729
183 1730
148 1731
765 1732
1626 1733
1383 1734
688 1735
137 1736
1175 1737
1487 1738
735 1739
153 1740
213 1741
951 1742
367 1743
95 1744
130 1745
307 1746
1097 1747
744 1748
115 1749
813 1750
953 1751
691 1752
291 1753
1220 1754
223 1755
1003 1756
272 1757
519 1758
1437 1759
303 1760
628 1761
229 1762
525 1763
1539 1764
1013 1765
1734 1766
1373 1767
137 1768
55 1769
1366 1770
501 1771
258 1772
255 1773
414 1774
1679 1775
830 1776
1184 1777
834 1778
360 1779
730 1780
98 1781
619 1782
669 1783
836 1784
1777 1785
1320 1786
1324 1787
764 1788
1669 1789
1425 1790
424 1791
1724 1792
579 1793
977 1794
493 1795
1427 1796
58 1797
198 1798
941 1799
465 1800
1084 1801
1374 1802
1251 1803
590 1804
1026 1805
1736 1806
270 1807
144 1808
267 1809
678 1810
324 1811
339 1812
148 1813
576 1814
1744 1815
303 1816
1552 1817
1044 1818
1083 1819
383 1820
583 1821
325 1822
562 1823
1047 1824
858 1825
956 1826
344 1827
25 1828
469 1829
875 1830
1254 1831
382 1832
1382 1833
1383 1834
1370 1835
1668 1836
1388 1837
477 1838
1644 1839
806 1840
1627 1841
942 1842
561 1843
910 1844
802 1845
105 1846
443 1847
1737 1848
1066 1849
1468 1850
1285 1851
27 1852
894 1853
1202 1854
195 1855
731 1856
1722 1857
1348 1858
1664 1859
1137 1860
1657 1861
1012 1862
386 1863
655 1864
423 1865
1084 1866
1015 1867
1019 1868
1478 1869
893 1870
1557 1871
122 1872
136 1873
632 1874
674 1875
272 1876
939 1877
959 1878
1022 1879
1628 1880
752 1881
515 1882
1092 1883
217 1884
1187 1885
172 1886
1702 1887
28 1888
760 1889
1375 1890
554 1891
1601 1892
1521 1893
1045 1894
539 1895
1254 1896
837 1897
1006 1898
798 1899
929 1900
415 1901
524 1902
317 1903
969 1904
419 1905
620 1906
1106 1907
548 1908
1695 1909
1683 1910
217 1911
1213 1912
1515 1913
449 1914
1309 1915
491 1916
809 1917
1785 1918
367 1919
460 1920
247 1921
1592 1922
635 1923
211 1924
1279 1925
1019 1926
59 1927
1093 1928
740 1929
676 1930
1154 1931
1908 1932
1880 1933
322 1934
1204 1935
503 1936
1259 1937
271 1938
382 1939
1117 1940
1932 1941
882 1942
1466 1943
1531 1944
1199 1945
1411 1946
326 1947
1398 1948
1067 1949
918 1950
1096 1951
1538 1952
331 1953
1313 1954
755 1955
619 1956
39 1957
1655 1958
1529 1959
802 1960
1243 1961
183 1962
60 1963
1539 1964
1033 1965
689 1966
694 1967
1603 1968
1024 1969
1172 1970
832 1971
448 1972
1435 1973
1199 1974
659 1975
1137 1976
734 1977
376 1978
1848 1979
1327 1980
1708 1981
1618 1982
158 1983
799 1984
641 1985
810 1986
72 1987
1093 1988
11 1989
805 1990
1373 1991
870 1992
1820 1993
1877 1994
1084 1995
1408 1996
724 1997
308 1998
1021 1999
1902 2000
533 2001
850 2002
604 2003
1653 2004
1408 2005
764 2006
721 2007
1752 2008
1525 2009
821 2010
655 2011
1725 2012
60 2013
108 2014
1125 2015
742 2016
1107 2017
484 2018
2011 2019
792 2020
1873 2021
193 2022
1639 2023
1127 2024
1258 2025
1013 2026
767 2027
717 2028
714 2029
1490 2030
1975 2031
382 2032
1923 2033
1516 2034
242 2035
206 2036
882 2037
1723 2038
1246 2039
229 2040
531 2041
899 2042
1100 2043
1636 2044
1053 2045
100 2046
45 2047
138 2048
116 2049
217 2050
877 2051
514 2052
45 2053
2052 2054
2009 2055
1218 2056
1876 2057
1200 2058
400 2059
80 2060
659 2061
955 2062
84 2063
548 2064
1744 2065
933 2066
1884 2067
1042 2068
535 2069
104 2070
548 2071
789 2072
872 2073
1783 2074
341 2075
193 2076
1930 2077
1211 2078
788 2079
1142 2080
1219 2081
1839 2082
706 2083
352 2084
1571 2085
1485 2086
776 2087
205 2088
912 2089
299 2090
1768 2091
325 2092
522 2093
1049 2094
1416 2095
573 2096
2004 2097
688 2098
630 2099
443 2100
96 2101
633 2102
190 2103
1477 2104
1795 2105
56 2106
369 2107
57 2108
1280 2109
1068 2110
1391 2111
1675 2112
1440 2113
1801 2114
627 2115
1459 2116
210 2117
888 2118
779 2119
74 2120
1291 2121
729 2122
508 2123
1793 2124
440 2125
373 2126
332 2127
693 2128
1384 2129
13 2130
1871 2131
529 2132
658 2133
1866 2134
998 2135
1096 2136
1765 2137
224 2138
1306 2139
1212 2140
719 2141
1584 2142
1647 2143
668 2144
697 2145
613 2146
1924 2147
2081 2148
323 2149
1694 2150
1670 2151
811 2152
1792 2153
1098 2154
477 2155
503 2156
666 2157
468 2158
1577 2159
1949 2160
984 2161
1898 2162
1614 2163
1402 2164
1106 2165
1265 2166
1453 2167
850 2168
334 2169
735 2170
2052 2171
164 2172
3 2173
987 2174
623 2175
1982 2176
471 2177
253 2178
56 2179
943 2180
1814 2181
556 2182
1808 2183
1009 2184
1223 2185
695 2186
839 2187
1396 2188
2014 2189
1748 2190
561 2191
923 2192
1954 2193
956 2194
713 2195
133 2196
321 2197
1574 2198
1822 2199
446 2200
225 2201
679 2202
2058 2203
501 2204
563 2205
220 2206
1443 2207
602 2208
1526 2209
1123 2210
1724 2211
398 2212
147 2213
524 2214
1959 2215
736 2216
2172 2217
2129 2218
1561 2219
1594 2220
1348 2221
2116 2222
417 2223
1653 2224
2013 2225
1787 2226
476 2227
262 2228
1451 2229
643 2230
1890 2231
1549 2232
558 2233
988 2234
1359 2235
1968 2236
609 2237
1548 2238
501 2239
687 2240
1345 2241
545 2242
1749 2243
396 2244
1355 2245
755 2246
42 2247
1913 2248
622 2249
500 2250
844 2251
2110 2252
416 2253
520 2254
836 2255
1322 2256
1542 2257
1105 2258
481 2259
723 2260
661 2261
1301 2262
1433 2263
905 2264
156 2265
1770 2266
517 2267
845 2268
355 2269
2023 2270
2104 2271
2160 2272
1680 2273
2250 2274
1576 2275
1673 2276
1763 2277
1521 2278
1504 2279
1036 2280
681 2281
2218 2282
1358 2283
1117 2284
1660 2285
1579 2286
1910 2287
684 2288
1006 2289
1209 2290
316 2291
1191 2292
1224 2293
1726 2294
233 2295
451 2296
920 2297
1810 2298
2233 2299
256 2300
1075 2301
28 2302
1427 2303
902 2304
330 2305
734 2306
485 2307
2056 2308
1898 2309
126 2310
2233 2311
1467 2312
1873 2313
670 2314
1956 2315
920 2316
1668 2317
1438 2318
1685 2319
2131 2320
368 2321
2099 2322
1341 2323
269 2324
1103 2325
1838 2326
1167 2327
1707 2328
1458 2329
387 2330
382 2331
1939 2332
1466 2333
239 2334
2086 2335
1097 2336
1403 2337
1002 2338
2312 2339
1292 2340
1169 2341
731 2342
333 2343
1361 2344
579 2345
776 2346
1457 2347
1290 2348
593 2349
2236 2350
2225 2351
592 2352
234 2353
1828 2354
1218 2355
2252 2356
1110 2357
1007 2358
1435 2359
106 2360
1583 2361
227 2362
1085 2363
1621 2364
167 2365
65 2366
1484 2367
1910 2368
1046 2369
80 2370
1003 2371
711 2372
707 2373
808 2374
622 2375
1048 2376
1306 2377
290 2378
42 2379
237 2380
2270 2381
52 2382
2193 2383
113 2384
981 2385
567 2386
1328 2387
1005 2388
1149 2389
2361 2390
2002 2391
330 2392
1738 2393
982 2394
1096 2395
1193 2396
1184 2397
2188 2398
1614 2399
1211 2400
895 2401
1135 2402
1208 2403
1096 2404
1183 2405
1375 2406
2308 2407
437 2408
1116 2409
946 2410
1493 2411
1836 2412
1045 2413
78 2414
1485 2415
1760 2416
136 2417
2249 2418
556 2419
28 2420
251 2421
668 2422
343 2423
975 2424
636 2425
1632 2426
2029 2427
688 2428
433 2429
1063 2430
1899 2431
172 2432
1405 2433
1958 2434
1175 2435
985 2436
2126 2437
1828 2438
1640 2439
1573 2440
1761 2441
267 2442
1819 2443
1540 2444
2338 2445
1992 2446
1291 2447
2414 2448
2410 2449
773 2450
734 2451
1736 2452
873 2453
945 2454
1221 2455
170 2456
121 2457
1361 2458
405 2459
481 2460
1451 2461
430 2462
2013 2463
73 2464
595 2465
2034 2466
87 2467
2146 2468
1110 2469
1488 2470
2464 2471
444 2472
530 2473
870 2474
2192 2475
1958 2476
816 2477
457 2478
1213 2479
168 2480
2268 2481
766 2482
892 2483
1630 2484
57 2485
536 2486
1161 2487
1612 2488
2200 2489
890 2490
292 2491
495 2492
105 2493
388 2494
1066 2495
1190 2496
2394 2497
660 2498
1191 2499
703 2500
2184 2501
1642 2502
1054 2503
2502 2504
957 2505
1442 2506
349 2507
760 2508
2188 2509
1562 2510
1515 2511
875 2512
633 2513
870 2514
1078 2515
1852 2516
2305 2517
988 2518
2106 2519
1953 2520
796 2521
1523 2522
639 2523
1510 2524
1178 2525
1471 2526
1974 2527
1842 2528
1269 2529
693 2530
450 2531
1394 2532
778 2533
1689 2534
1280 2535
344 2536
1902 2537
1700 2538
1478 2539
529 2540
482 2541
1184 2542
1630 2543
1248 2544
187 2545
1738 2546
955 2547
2019 2548
1801 2549
1578 2550
2317 2551
1493 2552
2421 2553
138 2554
584 2555
2236 2556
1111 2557
2250 2558
2041 2559
2451 2560
328 2561
709 2562
1575 2563
1893 2564
2377 2565
1502 2566
464 2567
2093 2568
410 2569
1728 2570
1186 2571
2534 2572
2431 2573
129 2574
819 2575
858 2576
415 2577
1082 2578
790 2579
320 2580
1305 2581
432 2582
241 2583
1975 2584
2122 2585
974 2586
849 2587
2562 2588
911 2589
2584 2590
2414 2591
2525 2592
2500 2593
1746 2594
687 2595
413 2596
2392 2597
184 2598
2055 2599
23 2600
2361 2601
333 2602
2573 2603
1758 2604
129 2605
146 2606
2069 2607
864 2608
2325 2609
1611 2610
2481 2611
2564 2612
1179 2613
896 2614
2445 2615
1561 2616
1438 2617
2341 2618
751 2619
1576 2620
2027 2621
964 2622
2193 2623
649 2624
1315 2625
688 2626
196 2627
1719 2628
2453 2629
974 2630
1083 2631
247 2632
2379 2633
334 2634
636 2635
1760 2636
1883 2637
2349 2638
2563 2639
702 2640
1560 2641
101 2642
917 2643
2553 2644
1731 2645
2230 2646
2624 2647
564 2648
1622 2649
202 2650
1844 2651
2139 2652
2301 2653
1842 2654
270 2655
376 2656
1250 2657
544 2658
1563 2659
662 2660
1370 2661
135 2662
2062 2663
804 2664
474 2665
962 2666
1752 2667
1100 2668
6 2669
425 2670
2234 2671
210 2672
257 2673
1859 2674
2397 2675
1761 2676
1463 2677
403 2678
94 2679
2257 2680
2099 2681
2299 2682
506 2683
2133 2684
2555 2685
1430 2686
2659 2687
2143 2688
462 2689
825 2690
1471 2691
2622 2692
989 2693
1971 2694
1482 2695
1984 2696
71 2697
1128 2698
1557 2699
2251 2700
1357 2701
1411 2702
586 2703
612 2704
2324 2705
1524 2706
1982 2707
1971 2708
1523 2709
2071 2710
77 2711
686 2712
871 2713
186 2714
2556 2715
1693 2716
1551 2717
233 2718
2168 2719
245 2720
1464 2721
365 2722
527 2723
2080 2724
1389 2725
1853 2726
2292 2727
1919 2728
582 2729
215 2730
1821 2731
1467 2732
1773 2733
882 2734
2439 2735
2732 2736
953 2737
1634 2738
587 2739
1134 2740
2361 2741
1587 2742
2074 2743
62 2744
1066 2745
549 2746
2612 2747
2468 2748
988 2749
505 2750
186 2751
2711 2752
2171 2753
257 2754
484 2755
2526 2756
1248 2757
1334 2758
409 2759
2721 2760
1249 2761
12 2762
2311 2763
284 2764
1180 2765
1422 2766
1407 2767
160 2768
1061 2769
974 2770
2534 2771
1762 2772
42 2773
483 2774
1972 2775
329 2776
502 2777
1670 2778
150 2779
2766 2780
2289 2781
2377 2782
2269 2783
2000 2784
69 2785
1849 2786
1608 2787
409 2788
2222 2789
851 2790
1028 2791
687 2792
1161 2793
1628 2794
2613 2795
316 2796
875 2797
46 2798
2300 2799
1328 2800
986 2801
626 2802
11 2803
373 2804
106 2805
2625 2806
1165 2807
2608 2808
1904 2809
1353 2810
1634 2811
2150 2812
533 2813
259 2814
857 2815
1782 2816
2548 2817
346 2818
978 2819
2750 2820
2093 2821
1500 2822
267 2823
2049 2824
2670 2825
1171 2826
12 2827
2498 2828
1194 2829
1303 2830
114 2831
828 2832
2308 2833
2028 2834
1189 2835
876 2836
1664 2837
933 2838
1090 2839
1057 2840
1179 2841
1777 2842
1851 2843
325 2844
138 2845
2014 2846
710 2847
2777 2848
2540 2849
158 2850
2432 2851
1654 2852
1433 2853
2841 2854
1775 2855
1902 2856
773 2857
1881 2858
2843 2859
2473 2860
2574 2861
2388 2862
2158 2863
917 2864
770 2865
2555 2866
892 2867
1035 2868
1387 2869
381 2870
142 2871
2291 2872
1708 2873
2463 2874
2329 2875
956 2876
1720 2877
2093 2878
2220 2879
1050 2880
1235 2881
1369 2882
2302 2883
424 2884
634 2885
132 2886
595 2887
1787 2888
2429 2889
534 2890
1627 2891
585 2892
2766 2893
924 2894
1514 2895
2342 2896
1019 2897
2450 2898
2129 2899
2294 2900
1796 2901
1158 2902
1528 2903
529 2904
496 2905
2510 2906
1383 2907
800 2908
134 2909
1109 2910
1193 2911
1624 2912
2142 2913
2635 2914
1689 2915
1064 2916
1494 2917
2412 2918
1726 2919
1184 2920
574 2921
1335 2922
1680 2923
1483 2924
1875 2925
786 2926
351 2927
1292 2928
1402 2929
1531 2930
2607 2931
585 2932
1234 2933
2587 2934
220 2935
1252 2936
2468 2937
1279 2938
1147 2939
2694 2940
1136 2941
1638 2942
2192 2943
2498 2944
1065 2945
2208 2946
252 2947
2789 2948
1493 2949
1381 2950
381 2951
50 2952
2260 2953
2083 2954
2629 2955
2643 2956
185 2957
832 2958
2174 2959
307 2960
2593 2961
196 2962
2367 2963
2476 2964
2280 2965
1752 2966
2878 2967
601 2968
2396 2969
2741 2970
2393 2971
503 2972
15 2973
2274 2974
229 2975
2560 2976
515 2977
234 2978
239 2979
2507 2980
2804 2981
1257 2982
1307 2983
139 2984
1136 2985
936 2986
1711 2987
1527 2988
2338 2989
2059 2990
2899 2991
2332 2992
666 2993
2687 2994
2288 2995
1343 2996
1887 2997
2849 2998
1882 2999
2032 3000
2740 3001
862 3002
93 3003
1164 3004
757 3005
1416 3006
2642 3007
1185 3008
295 3009
1364 3010
267 3011
801 3012
2634 3013
1803 3014
1765 3015
534 3016
75 3017
1242 3018
1785 3019
2854 3020
2025 3021
1482 3022
2772 3023
1026 3024
518 3025
1325 3026
2253 3027
360 3028
155 3029
1110 3030
1635 3031
18 3032
286 3033
2128 3034
2115 3035
310 3036
557 3037
1824 3038
2275 3039
1509 3040
1422 3041
101 3042
1665 3043
1065 3044
1017 3045
2919 3046
1219 3047
180 3048
321 3049
359 3050
2580 3051
2928 3052
581 3053
2835 3054
1516 3055
2421 3056
702 3057
1840 3058
2666 3059
2914 3060
2433 3061
1208 3062
290 3063
342 3064
609 3065
2624 3066
2649 3067
2588 3068
237 3069
1565 3070
2097 3071
597 3072
629 3073
1830 3074
1092 3075
1829 3076
1768 3077
2634 3078
2275 3079
51 3080
3077 3081
183 3082
2912 3083
1152 3084
3011 3085
570 3086
1391 3087
390 3088
99 3089
2003 3090
2911 3091
2187 3092
1634 3093
2332 3094
467 3095
1867 3096
2308 3097
1457 3098
433 3099
200 3100
1580 3101
504 3102
5 3103
1975 3104
116 3105
2000 3106
275 3107
41 3108
1376 3109
2615 3110
1319 3111
1194 3112
1083 3113
1612 3114
2132 3115
595 3116
2837 3117
417 3118
2347 3119
754 3120
1074 3121
2308 3122
1989 3123
1083 3124
2279 3125
332 3126
1589 3127
1924 3128
674 3129
1101 3130
820 3131
2403 3132
1995 3133
2342 3134
954 3135
216 3136
1285 3137
1202 3138
271 3139
2155 3140
915 3141
375 3142
1779 3143
431 3144
2463 3145
494 3146
2077 3147
342 3148
1061 3149
2966 3150
1813 3151
183 3152
549 3153
1747 3154
1806 3155
2906 3156
970 3157
1583 3158
506 3159
1695 3160
1173 3161
1235 3162
2407 3163
2754 3164
1073 3165
519 3166
231 3167
2509 3168
1308 3169
1125 3170
2832 3171
2081 3172
1341 3173
1897 3174
2217 3175
3 3176
24 3177
1417 3178
1564 3179
1768 3180
2519 3181
196 3182
2943 3183
49 3184
670 3185
2313 3186
3032 3187
1917 3188
1292 3189
793 3190
1771 3191
1882 3192
1120 3193
2864 3194
2122 3195
3029 3196
975 3197
798 3198
763 3199
2505 3200
1608 3201
3039 3202
1653 3203
1698 3204
2292 3205
2618 3206
2931 3207
2389 3208
84 3209
372 3210
289 3211
2135 3212
2700 3213
1110 3214
2825 3215
3001 3216
3152 3217
2949 3218
3016 3219
2594 3220
1477 3221
1764 3222
2630 3223
2821 3224
2326 3225
3183 3226
1314 3227
1082 3228
1102 3229
1555 3230
1298 3231
369 3232
1193 3233
232 3234
780 3235
1582 3236
2688 3237
2926 3238
1152 3239
2620 3240
1770 3241
1918 3242
139 3243
2777 3244
2421 3245
1290 3246
641 3247
684 3248
2239 3249
1084 3250
3034 3251
2064 3252
2636 3253
3047 3254
2788 3255
2026 3256
2179 3257
3224 3258
1306 3259
1925 3260
2663 3261
2484 3262
279 3263
718 3264
2603 3265
2715 3266
2881 3267
2426 3268
2210 3269
2272 3270
1342 3271
2006 3272
2687 3273
382 3274
1645 3275
3099 3276
1095 3277
1736 3278
1480 3279
2941 3280
3155 3281
1417 3282
1865 3283
1512 3284
1465 3285
1569 3286
1587 3287
2918 3288
2272 3289
1125 3290
3216 3291
763 3292
3145 3293
175 3294
1346 3295
210 3296
2541 3297
3278 3298
3 3299
787 3300
198 3301
437 3302
1266 3303
2187 3304
328 3305
921 3306
3157 3307
2748 3308
1367 3309
2265 3310
3101 3311
739 3312
1218 3313
1627 3314
866 3315
2992 3316
1901 3317
72 3318
2273 3319
1748 3320
1317 3321
1440 3322
728 3323
1502 3324
3191 3325
2480 3326
1574 3327
786 3328
2697 3329
1432 3330
1937 3331
1007 3332
1364 3333
2519 3334
2548 3335
1486 3336
757 3337
862 3338
1616 3339
2536 3340
2380 3341
2556 3342
654 3343
1856 3344
2653 3345
2543 3346
1832 3347
242 3348
2168 3349
663 3350
1840 3351
1208 3352
571 3353
1659 3354
3228 3355
403 3356
2168 3357
304 3358
2121 3359
2127 3360
2738 3361
1802 3362
1289 3363
2537 3364
2254 3365
3241 3366
42 3367
1091 3368
3202 3369
1229 3370
648 3371
105 3372
2949 3373
1349 3374
2731 3375
2506 3376
1423 3377
66 3378
2088 3379
2757 3380
404 3381
2770 3382
2358 3383
2427 3384
2445 3385
2292 3386
839 3387
54 3388
42 3389
360 3390
3142 3391
424 3392
651 3393
3154 3394
2563 3395
3255 3396
1828 3397
2609 3398
678 3399
3350 3400
1814 3401
2527 3402
2717 3403
1905 3404
1285 3405
2779 3406
3044 3407
926 3408
808 3409
1428 3410
738 3411
3107 3412
315 3413
833 3414
2170 3415
2661 3416
2670 3417
2404 3418
154 3419
2474 3420
234 3421
142 3422
2378 3423
2361 3424
3198 3425
1952 3426
839 3427
2735 3428
590 3429
2946 3430
1483 3431
2248 3432
2691 3433
3294 3434
1318 3435
457 3436
2482 3437
1572 3438
2014 3439
788 3440
3335 3441
991 3442
1843 3443
911 3444
3386 3445
1298 3446
709 3447
1467 3448
397 3449
3443 3450
2758 3451
1054 3452
796 3453
3185 3454
2687 3455
1988 3456
558 3457
353 3458
3428 3459
1795 3460
2342 3461
274 3462
2951 3463
1877 3464
40 3465
1474 3466
2002 3467
234 3468
997 3469
247 3470
3464 3471
2224 3472
1833 3473
1045 3474
2600 3475
2901 3476
112 3477
2768 3478
2853 3479
2867 3480
1193 3481
45 3482
1475 3483
992 3484
1131 3485
1224 3486
328 3487
647 3488
914 3489
3275 3490
1011 3491
1616 3492
1394 3493
1632 3494
1578 3495
2163 3496
263 3497
224 3498
1252 3499
3295 3500
1209 3501
3163 3502
2349 3503
3489 3504
2240 3505
805 3506
236 3507
70 3508
438 3509
2196 3510
507 3511
3240 3512
244 3513
1020 3514
2446 3515
1681 3516
3144 3517
1101 3518
729 3519
2796 3520
2851 3521
1722 3522
3179 3523
2 3524
536 3525
2241 3526
1087 3527
1097 3528
1136 3529
561 3530
2681 3531
1405 3532
3013 3533
609 3534
913 3535
945 3536
3296 3537
1136 3538
2298 3539
3052 3540
1689 3541
1001 3542
2187 3543
2551 3544
777 3545
1037 3546
3440 3547
755 3548
1940 3549
794 3550
976 3551
1161 3552
2159 3553
2523 3554
306 3555
850 3556
2039 3557
1184 3558
1937 3559
657 3560
1989 3561
1955 3562
1593 3563
2316 3564
3000 3565
3530 3566
977 3567
2100 3568
560 3569
284 3570
3086 3571
488 3572
954 3573
223 3574
3443 3575
1057 3576
3132 3577
2162 3578
2284 3579
1341 3580
1224 3581
1613 3582
249 3583
3517 3584
3516 3585
3535 3586
1649 3587
1908 3588
801 3589
524 3590
1441 3591
1853 3592
691 3593
898 3594
3106 3595
1324 3596
3512 3597
3249 3598
1342 3599
286 3600
774 3601
1672 3602
2709 3603
112 3604
2180 3605
408 3606
1979 3607
1905 3608
657 3609
2412 3610
2335 3611
421 3612
244 3613
3295 3614
3200 3615
3095 3616
1118 3617
365 3618
14 3619
1261 3620
685 3621
580 3622
1951 3623
739 3624
3104 3625
1935 3626
2869 3627
1112 3628
1723 3629
3319 3630
2152 3631
3021 3632
1685 3633
665 3634
2353 3635
2561 3636
2061 3637
2368 3638
481 3639
2787 3640
3055 3641
3232 3642
1803 3643
1104 3644
3410 3645
3327 3646
3612 3647
3538 3648
1158 3649
1547 3650
2094 3651
3052 3652
1231 3653
1738 3654
449 3655
1595 3656
1448 3657
2086 3658
1253 3659
1958 3660
541 3661
2245 3662
2560 3663
1855 3664
1318 3665
544 3666
699 3667
1625 3668
11 3669
3571 3670
2410 3671
523 3672
1746 3673
404 3674
2416 3675
1283 3676
680 3677
2140 3678
25 3679
2234 3680
273 3681
183 3682
690 3683
858 3684
1867 3685
533 3686
1390 3687
313 3688
901 3689
3310 3690
2153 3691
476 3692
846 3693
207 3694
369 3695
919 3696
2747 3697
2116 3698
2273 3699
1375 3700
1594 3701
2610 3702
2503 3703
2485 3704
1694 3705
3557 3706
1449 3707
304 3708
2615 3709
2519 3710
3093 3711
1868 3712
551 3713
3625 3714
3688 3715
111 3716
3493 3717
1330 3718
2925 3719
1883 3720
363 3721
767 3722
3575 3723
1845 3724
717 3725
384 3726
44 3727
2987 3728
1050 3729
1754 3730
2273 3731
1329 3732
2360 3733
2924 3734
1009 3735
3119 3736
1532 3737
3587 3738
3508 3739
2892 3740
1744 3741
2857 3742
1284 3743
3344 3744
606 3745
3109 3746
3310 3747
3043 3748
2623 3749
313 3750
346 3751
3680 3752
1142 3753
1460 3754
2395 3755
784 3756
1079 3757
898 3758
1265 3759
3742 3760
2547 3761
2337 3762
2212 3763
1679 3764
3684 3765
1738 3766
1273 3767
1032 3768
522 3769
387 3770
840 3771
645 3772
1011 3773
502 3774
1039 3775
439 3776
999 3777
2719 3778
1920 3779
1371 3780
2177 3781
2516 3782
2150 3783
2259 3784
1155 3785
514 3786
2848 3787
252 3788
3282 3789
1200 3790
31 3791
761 3792
1232 3793
1855 3794
603 3795
2062 3796
2143 3797
853 3798
1624 3799
262 3800
708 3801
462 3802
2560 3803
1165 3804
451 3805
3351 3806
264 3807
3576 3808
3614 3809
99 3810
2959 3811
2787 3812
1393 3813
2843 3814
49 3815
1195 3816
1016 3817
3292 3818
3030 3819
2672 3820
2469 3821
1904 3822
2524 3823
2704 3824
3121 3825
195 3826
2484 3827
1456 3828
1289 3829
609 3830
1573 3831
2735 3832
3301 3833
55 3834
465 3835
3410 3836
3391 3837
2713 3838
147 3839
2395 3840
3290 3841
1878 3842
2702 3843
2260 3844
3160 3845
347 3846
911 3847
2790 3848
2673 3849
2366 3850
183 3851
857 3852
2986 3853
43 3854
726 3855
1647 3856
1350 3857
2470 3858
654 3859
1736 3860
1982 3861
269 3862
1582 3863
383 3864
1757 3865
3289 3866
1026 3867
1951 3868
2121 3869
1649 3870
1179 3871
3837 3872
1038 3873
1891 3874
1628 3875
1840 3876
3349 3877
1582 3878
2191 3879
981 3880
3653 3881
2857 3882
3397 3883
2513 3884
1865 3885
1669 3886
938 3887
645 3888
2352 3889
3653 3890
177 3891
3835 3892
156 3893
1417 3894
2493 3895
1768 3896
142 3897
3386 3898
3357 3899
3850 3900
15 3901
1498 3902
1882 3903
373 3904
1317 3905
2871 3906
3345 3907
14 3908
1956 3909
2536 3910
1313 3911
3237 3912
3727 3913
1793 3914
2338 3915
3463 3916
2837 3917
958 3918
2686 3919
3366 3920
3418 3921
1736 3922
1887 3923
3070 3924
413 3925
345 3926
980 3927
2024 3928
98 3929
2251 3930
108 3931
548 3932
3174 3933
3822 3934
3065 3935
3005 3936
786 3937
3572 3938
109 3939
3223 3940
3015 3941
2034 3942
795 3943
3417 3944
2291 3945
1136 3946
3892 3947
2284 3948
1267 3949
3092 3950
2156 3951
70 3952
2309 3953
2467 3954
2342 3955
2971 3956
3657 3957
1393 3958
773 3959
924 3960
3400 3961
3310 3962
994 3963
3117 3964
3549 3965
260 3966
1493 3967
1160 3968
1154 3969
2499 3970
3353 3971
844 3972
3486 3973
2221 3974
3271 3975
2722 3976
2864 3977
346 3978
2212 3979
228 3980
171 3981
3047 3982
3880 3983
1240 3984
2099 3985
3366 3986
3217 3987
1243 3988
484 3989
942 3990
1198 3991
3282 3992
566 3993
2493 3994
3058 3995
2177 3996
3084 3997
3495 3998
1148 3999
3045 4000
3459 4001
978 4002
227 4003
164 4004
165 4005
3810 4006
3845 4007
2260 4008
2809 4009
1641 4010
3224 4011
2798 4012
1011 4013
3311 4014
3043 4015
392 4016
1642 4017
3560 4018
625 4019
1739 4020
280 4021
356 4022
1619 4023
1461 4024
3805 4025
691 4026
290 4027
2712 4028
3256 4029
2221 4030
2458 4031
2300 4032
272 4033
1756 4034
887 4035
269 4036
2266 4037
1358 4038
3626 4039
994 4040
2629 4041
42 4042
2746 4043
3316 4044
2868 4045
546 4046
3644 4047
3625 4048
2719 4049
3231 4050
558 4051
661 4052
1747 4053
125 4054
3443 4055
3889 4056
1101 4057
1555 4058
3302 4059
679 4060
3829 4061
3843 4062
3515 4063
3434 4064
2873 4065
74 4066
2054 4067
184 4068
391 4069
2095 4070
1660 4071
328 4072
3114 4073
1034 4074
923 4075
2156 4076
3710 4077
209 4078
865 4079
218 4080
2105 4081
2547 4082
2811 4083
344 4084
3367 4085
3247 4086
1133 4087
2992 4088
3232 4089
2064 4090
3606 4091
3775 4092
1676 4093
2478 4094
1274 4095
598 4096
3118 4097
2266 4098
1734 4099
39 4100
2248 4101
1045 4102
3937 4103
4030 4104
3756 4105
3254 4106
2035 4107
1348 4108
392 4109
2901 4110
4027 4111
1179 4112
3342 4113
1092 4114
3194 4115
3514 4116
2923 4117
2075 4118
3859 4119
4106 4120
2322 4121
662 4122
3626 4123
409 4124
513 4125
227 4126
1827 4127
462 4128
4075 4129
2507 4130
1730 4131
3474 4132
1277 4133
3445 4134
142 4135
2182 4136
2354 4137
2363 4138
2854 4139
970 4140
3041 4141
1312 4142
1934 4143
3363 4144
3742 4145
3475 4146
1094 4147
1975 4148
3951 4149
596 4150
1061 4151
2678 4152
1093 4153
682 4154
455 4155
1049 4156
4143 4157
2254 4158
1863 4159
301 4160
2383 4161
4066 4162
4135 4163
183 4164
2671 4165
182 4166
3514 4167
2450 4168
2957 4169
2957 4170
1504 4171
2867 4172
3273 4173
199 4174
1936 4175
3357 4176
3523 4177
3173 4178
252 4179
270 4180
1297 4181
1849 4182
2831 4183
3213 4184
3768 4185
844 4186
1037 4187
3818 4188
1946 4189
1849 4190
3333 4191
842 4192
1994 4193
2423 4194
1499 4195
2942 4196
538 4197
1633 4198
3304 4199
3274 4200
2770 4201
3064 4202
917 4203
881 4204
3566 4205
2814 4206
1839 4207
2287 4208
1353 4209
1053 4210
1523 4211
3508 4212
3961 4213
645 4214
940 4215
2358 4216
2649 4217
2803 4218
3878 4219
1097 4220
2187 4221
153 4222
1903 4223
73 4224
3365 4225
3684 4226
4192 4227
2189 4228
2436 4229
3331 4230
2936 4231
2823 4232
195 4233
3806 4234
3115 4235
715 4236
1983 4237
1281 4238
4089 4239
659 4240
283 4241
2852 4242
3044 4243
613 4244
4102 4245
836 4246
1948 4247
2056 4248
52 4249
1895 4250
1355 4251
1600 4252
4165 4253
462 4254
3003 4255
3371 4256
299 4257
2783 4258
4215 4259
2242 4260
3526 4261
3932 4262
1227 4263
3317 4264
259 4265
2214 4266
2943 4267
3224 4268
3394 4269
3593 4270
4033 4271
1771 4272
399 4273
1117 4274
3258 4275
3846 4276
3838 4277
1614 4278
111 4279
1076 4280
1324 4281
2090 4282
2084 4283
429 4284
2466 4285
3673 4286
4235 4287
1987 4288
3943 4289
1811 4290
2984 4291
2064 4292
2911 4293
684 4294
2744 4295
3704 4296
752 4297
1983 4298
3570 4299
4274 4300
2582 4301
222 4302
3519 4303
4226 4304
168 4305
392 4306
2870 4307
3506 4308
1909 4309
2638 4310
4004 4311
2719 4312
2975 4313
2785 4314
3955 4315
3393 4316
1504 4317
2714 4318
1011 4319
2181 4320
3215 4321
3653 4322
1191 4323
791 4324
2319 4325
2833 4326
1605 4327
2313 4328
2147 4329
4163 4330
3990 4331
1513 4332
31 4333
3600 4334
72 4335
3157 4336
3189 4337
4169 4338
2860 4339
2267 4340
889 4341
450 4342
3177 4343
3852 4344
4313 4345
2370 4346
525 4347
529 4348
26 4349
1534 4350
4306 4351
2805 4352
1986 4353
1633 4354
110 4355
3903 4356
3069 4357
3512 4358
1045 4359
1522 4360
3251 4361
2901 4362
1278 4363
273 4364
982 4365
1121 4366
98 4367
2004 4368
88 4369
570 4370
1801 4371
4035 4372
983 4373
738 4374
719 4375
2511 4376
4303 4377
10 4378
1456 4379
738 4380
3118 4381
1911 4382
454 4383
1187 4384
45 4385
3658 4386
3198 4387
2413 4388
3337 4389
1858 4390
1495 4391
1246 4392
2024 4393
4072 4394
2784 4395
4250 4396
2830 4397
1170 4398
1064 4399
3292 4400
2138 4401
1950 4402
3420 4403
880 4404
180 4405
3686 4406
1718 4407
442 4408
3556 4409
749 4410
2693 4411
2642 4412
1757 4413
4352 4414
558 4415
1605 4416
1757 4417
3633 4418
950 4419
2167 4420
491 4421
236 4422
4356 4423
3671 4424
2510 4425
73 4426
3711 4427
3921 4428
2415 4429
3054 4430
1440 4431
2229 4432
4274 4433
2722 4434
3031 4435
674 4436
262 4437
4197 4438
820 4439
1853 4440
2441 4441
1267 4442
2110 4443
3715 4444
3847 4445
1135 4446
1047 4447
435 4448
3408 4449
1117 4450
2064 4451
1399 4452
3395 4453
4282 4454
2164 4455
1656 4456
2348 4457
2439 4458
2347 4459
826 4460
1787 4461
4254 4462
1131 4463
1650 4464
4023 4465
3428 4466
1952 4467
129 4468
1460 4469
2421 4470
2445 4471
4199 4472
2725 4473
2902 4474
4083 4475
2786 4476
3491 4477
1107 4478
217 4479
878 4480
1194 4481
3106 4482
2606 4483
2457 4484
2135 4485
2980 4486
202 4487
2207 4488
2698 4489
3316 4490
3005 4491
96 4492
4320 4493
206 4494
4052 4495
126 4496
4061 4497
3690 4498
1613 4499
3795 4500
3687 4501
1184 4502
2600 4503
2788 4504
1760 4505
1241 4506
28 4507
1177 4508
3387 4509
553 4510
263 4511
2818 4512
3004 4513
3908 4514
100 4515
851 4516
2358 4517
107 4518
4218 4519
2044 4520
1772 4521
130 4522
2078 4523
4295 4524
3343 4525
336 4526
3289 4527
1024 4528
2035 4529
3191 4530
3695 4531
1855 4532
3540 4533
117 4534
29 4535
4126 4536
2977 4537
3509 4538
2330 4539
4231 4540
3476 4541
2253 4542
1274 4543
80 4544
2444 4545
1130 4546
4485 4547
3593 4548
3089 4549
1036 4550
3206 4551
2378 4552
952 4553
2489 4554
988 4555
4236 4556
96 4557
976 4558
1029 4559
724 4560
115 4561
3413 4562
1626 4563
3551 4564
1537 4565
4005 4566
2052 4567
3646 4568
2425 4569
2574 4570
1701 4571
2906 4572
1463 4573
943 4574
1055 4575
2624 4576
2383 4577
2259 4578
2794 4579
2103 4580
2819 4581
725 4582
2910 4583
33 4584
489 4585
4122 4586
1968 4587
1644 4588
1410 4589
1699 4590
3046 4591
4428 4592
953 4593
4496 4594
4261 4595
1949 4596
3971 4597
3188 4598
878 4599
160 4600
3212 4601
1453 4602
4365 4603
3230 4604
3592 4605
2635 4606
3519 4607
992 4608
2614 4609
594 4610
882 4611
2395 4612
2869 4613
2188 4614
3552 4615
2800 4616
3699 4617
1176 4618
1344 4619
4564 4620
560 4621
97 4622
434 4623
3157 4624
2082 4625
348 4626
2424 4627
1814 4628
3159 4629
181 4630
2758 4631
4433 4632
3605 4633
4629 4634
4195 4635
3624 4636
4439 4637
2339 4638
1883 4639
3090 4640
1750 4641
230 4642
1987 4643
491 4644
2910 4645
3080 4646
868 4647
35 4648
3632 4649
2979 4650
4316 4651
221 4652
2179 4653
788 4654
2961 4655
3361 4656
2864 4657
46 4658
2203 4659
3183 4660
2764 4661
1249 4662
636 4663
1994 4664
2593 4665
2706 4666
2098 4667
4006 4668
575 4669
902 4670
3728 4671
2098 4672
2151 4673
3088 4674
821 4675
2272 4676
2532 4677
758 4678
3211 4679
2932 4680
1433 4681
4308 4682
198 4683
4 4684
1570 4685
3023 4686
1403 4687
2994 4688
2207 4689
1817 4690
3506 4691
3450 4692
2621 4693
4214 4694
3636 4695
2307 4696
2798 4697
2607 4698
4304 4699
1396 4700
1330 4701
61 4702
2757 4703
1720 4704
58 4705
1861 4706
3776 4707
3401 4708
4258 4709
4648 4710
2477 4711
1490 4712
4452 4713
2488 4714
4317 4715
510 4716
1023 4717
1236 4718
4250 4719
4174 4720
1672 4721
2359 4722
3977 4723
2299 4724
4121 4725
1539 4726
1013 4727
1671 4728
2343 4729
2237 4730
246 4731
1961 4732
4503 4733
1343 4734
4181 4735
4556 4736
424 4737
752 4738
2002 4739
3654 4740
60 4741
1857 4742
4632 4743
1185 4744
4213 4745
3144 4746
1993 4747
57 4748
1232 4749
1935 4750
3537 4751
1646 4752
767 4753
3120 4754
4350 4755
835 4756
4718 4757
1778 4758
2257 4759
3813 4760
131 4761
39 4762
1885 4763
483 4764
3537 4765
250 4766
2742 4767
2459 4768
518 4769
4208 4770
2203 4771
3404 4772
717 4773
289 4774
1345 4775
1753 4776
3849 4777
187 4778
1496 4779
3821 4780
131 4781
2405 4782
3694 4783
4097 4784
4608 4785
2002 4786
4711 4787
3682 4788
3736 4789
3584 4790
2729 4791
2633 4792
1292 4793
1865 4794
1455 4795
4246 4796
2988 4797
2755 4798
2505 4799
2520 4800
4482 4801
2343 4802
882 4803
531 4804
3321 4805
2535 4806
3124 4807
3376 4808
3009 4809
1832 4810
3309 4811
3156 4812
1519 4813
4521 4814
710 4815
1693 4816
3005 4817
2351 4818
3577 4819
2335 4820
1383 4821
252 4822
2714 4823
3686 4824
3604 4825
2144 4826
1178 4827
3248 4828
528 4829
2793 4830
4068 4831
453 4832
4282 4833
2095 4834
2925 4835
4521 4836
1777 4837
457 4838
2650 4839
2323 4840
3862 4841
393 4842
714 4843
3411 4844
294 4845
1853 4846
612 4847
435 4848
3066 4849
3869 4850
451 4851
2642 4852
1029 4853
3936 4854
1350 4855
1564 4856
417 4857
2680 4858
3870 4859
1463 4860
3303 4861
4301 4862
3187 4863
1765 4864
1999 4865
1266 4866
4273 4867
457 4868
1474 4869
2031 4870
640 4871
339 4872
4131 4873
4702 4874
3006 4875
942 4876
3549 4877
2700 4878
2815 4879
786 4880
2389 4881
874 4882
2087 4883
798 4884
2084 4885
2812 4886
3984 4887
3804 4888
3243 4889
4060 4890
2538 4891
4292 4892
2161 4893
3980 4894
2148 4895
1120 4896
2683 4897
2882 4898
2984 4899
96 4900
2961 4901
839 4902
1184 4903
2914 4904
822 4905
3554 4906
1939 4907
136 4908
4023 4909
4540 4910
4758 4911
748 4912
495 4913
1671 4914
4415 4915
3422 4916
4150 4917
108 4918
660 4919
2649 4920
3224 4921
2744 4922
2391 4923
1389 4924
3105 4925
3431 4926
4752 4927
4594 4928
2735 4929
1454 4930
2032 4931
2572 4932
2383 4933
1920 4934
4725 4935
4652 4936
2602 4937
2411 4938
4329 4939
1149 4940
102 4941
443 4942
4173 4943
4874 4944
3551 4945
4631 4946
784 4947
4109 4948
4772 4949
1347 4950
3737 4951
2729 4952
2289 4953
724 4954
1716 4955
3275 4956
3248 4957
4170 4958
4406 4959
3593 4960
1217 4961
3650 4962
3544 4963
2255 4964
2504 4965
4193 4966
1286 4967
1844 4968
2332 4969
4575 4970
76 4971
4560 4972
2048 4973
4818 4974
729 4975
470 4976
414 4977
132 4978
1870 4979
934 4980
3009 4981
893 4982
1863 4983
3546 4984
2742 4985
742 4986
859 4987
4101 4988
2399 4989
114 4990
3644 4991
1497 4992
3728 4993
2939 4994
3078 4995
3155 4996
692 4997
575 4998
4554 4999
3391 5000
