1 2
2 3
1 4
1 5
2 6
6 7
7 8
7 9
5 10
1 11
11 12
12 13
13 14
5 15
2 16
10 17
4 18
15 19
16 20
19 21
18 22
21 23
17 24
20 25
24 26
8 27
2 28
7 29
1 30
24 31
19 32
14 33
3 34
32 35
14 36
32 37
17 38
15 39
25 40
3 41
39 42
37 43
36 44
5 45
14 46
2 47
28 48
28 49
40 50
43 51
25 52
9 53
16 54
41 55
11 56
5 57
6 58
41 59
34 60
57 61
48 62
7 63
14 64
48 65
14 66
8 67
37 68
64 69
10 70
53 71
48 72
55 73
63 74
48 75
69 76
26 77
41 78
12 79
60 80
70 81
37 82
1 83
57 84
73 85
63 86
68 87
22 88
6 89
89 90
82 91
7 92
3 93
12 94
67 95
69 96
5 97
58 98
53 99
21 100
24 101
59 102
99 103
58 104
80 105
27 106
31 107
38 108
108 109
104 110
101 111
80 112
44 113
41 114
80 115
5 116
64 117
106 118
91 119
22 120
111 121
55 122
88 123
11 124
95 125
1 126
103 127
12 128
64 129
97 130
115 131
116 132
81 133
34 134
24 135
31 136
17 137
87 138
126 139
42 140
1 141
29 142
41 143
67 144
48 145
45 146
119 147
138 148
91 149
27 150
52 151
115 152
14 153
149 154
32 155
139 156
151 157
115 158
143 159
36 160
32 161
17 162
81 163
23 164
151 165
71 166
13 167
130 168
72 169
47 170
115 171
72 172
30 173
165 174
147 175
145 176
127 177
14 178
167 179
68 180
70 181
90 182
95 183
153 184
96 185
46 186
95 187
122 188
161 189
2 190
135 191
167 192
3 193
26 194
7 195
78 196
116 197
37 198
196 199
122 200
34 201
6 202
157 203
113 204
162 205
43 206
117 207
64 208
69 209
207 210
165 211
60 212
53 213
161 214
172 215
171 216
104 217
114 218
85 219
33 220
15 221
80 222
33 223
175 224
108 225
152 226
158 227
144 228
226 229
2 230
128 231
73 232
6 233
122 234
27 235
67 236
149 237
124 238
148 239
135 240
191 241
203 242
189 243
91 244
202 245
102 246
67 247
199 248
195 249
35 250
7 251
200 252
139 253
13 254
215 255
106 256
98 257
225 258
139 259
239 260
57 261
1 262
199 263
174 264
66 265
98 266
253 267
130 268
132 269
137 270
217 271
111 272
259 273
195 274
142 275
27 276
55 277
222 278
262 279
70 280
261 281
272 282
280 283
111 284
141 285
164 286
223 287
193 288
75 289
182 290
98 291
129 292
101 293
68 294
291 295
34 296
216 297
5 298
102 299
278 300
246 301
102 302
95 303
285 304
176 305
232 306
247 307
81 308
294 309
27 310
155 311
24 312
241 313
126 314
280 315
89 316
148 317
78 318
80 319
14 320
236 321
299 322
92 323
56 324
10 325
235 326
21 327
57 328
270 329
310 330
314 331
154 332
77 333
178 334
292 335
195 336
83 337
78 338
32 339
127 340
247 341
302 342
162 343
269 344
131 345
231 346
129 347
95 348
115 349
199 350
45 351
61 352
284 353
286 354
57 355
135 356
37 357
40 358
223 359
155 360
219 361
130 362
320 363
319 364
206 365
241 366
265 367
181 368
322 369
147 370
324 371
302 372
91 373
261 374
227 375
273 376
316 377
307 378
31 379
357 380
61 381
132 382
291 383
377 384
27 385
59 386
200 387
350 388
129 389
204 390
201 391
380 392
60 393
87 394
353 395
306 396
178 397
185 398
252 399
176 400
392 401
385 402
175 403
230 404
387 405
132 406
39 407
11 408
173 409
274 410
331 411
2 412
280 413
67 414
284 415
224 416
312 417
408 418
198 419
134 420
33 421
7 422
194 423
223 424
354 425
28 426
308 427
151 428
222 429
220 430
125 431
420 432
288 433
413 434
253 435
413 436
242 437
50 438
417 439
164 440
346 441
140 442
57 443
291 444
261 445
70 446
34 447
69 448
312 449
258 450
140 451
277 452
142 453
135 454
404 455
19 456
3 457
333 458
120 459
48 460
405 461
96 462
111 463
440 464
199 465
289 466
393 467
161 468
1 469
83 470
55 471
338 472
219 473
305 474
376 475
319 476
474 477
439 478
279 479
414 480
175 481
140 482
184 483
29 484
62 485
70 486
181 487
157 488
402 489
110 490
211 491
323 492
161 493
352 494
463 495
104 496
402 497
15 498
187 499
419 500
333 501
77 502
446 503
465 504
465 505
383 506
41 507
168 508
145 509
140 510
242 511
118 512
306 513
270 514
455 515
217 516
31 517
151 518
10 519
268 520
77 521
382 522
80 523
385 524
229 525
365 526
482 527
257 528
291 529
326 530
26 531
121 532
329 533
240 534
277 535
477 536
423 537
499 538
110 539
281 540
247 541
345 542
76 543
34 544
129 545
3 546
128 547
283 548
255 549
331 550
37 551
336 552
265 553
59 554
533 555
165 556
50 557
78 558
410 559
253 560
200 561
176 562
124 563
253 564
270 565
218 566
445 567
199 568
427 569
364 570
241 571
160 572
260 573
332 574
14 575
237 576
245 577
217 578
359 579
390 580
12 581
90 582
326 583
223 584
150 585
430 586
238 587
342 588
223 589
152 590
534 591
554 592
249 593
53 594
472 595
308 596
430 597
404 598
571 599
450 600
216 601
510 602
585 603
487 604
205 605
93 606
462 607
444 608
44 609
196 610
271 611
380 612
218 613
371 614
15 615
120 616
203 617
395 618
312 619
309 620
472 621
51 622
609 623
58 624
59 625
260 626
138 627
250 628
128 629
217 630
616 631
46 632
564 633
530 634
623 635
384 636
162 637
623 638
484 639
301 640
13 641
475 642
502 643
465 644
294 645
588 646
52 647
614 648
84 649
565 650
553 651
561 652
167 653
95 654
258 655
330 656
388 657
24 658
301 659
458 660
293 661
153 662
160 663
170 664
500 665
335 666
9 667
367 668
187 669
16 670
654 671
562 672
350 673
539 674
415 675
160 676
396 677
139 678
596 679
219 680
421 681
222 682
23 683
338 684
2 685
30 686
338 687
60 688
322 689
65 690
672 691
572 692
355 693
366 694
495 695
438 696
334 697
487 698
588 699
671 700
281 701
432 702
593 703
145 704
201 705
285 706
524 707
534 708
369 709
566 710
336 711
429 712
633 713
441 714
643 715
208 716
690 717
533 718
39 719
464 720
23 721
564 722
389 723
270 724
70 725
176 726
717 727
222 728
133 729
614 730
491 731
317 732
216 733
655 734
389 735
91 736
304 737
697 738
143 739
128 740
697 741
732 742
627 743
190 744
674 745
351 746
722 747
520 748
708 749
262 750
683 751
708 752
176 753
559 754
717 755
531 756
683 757
560 758
313 759
551 760
478 761
21 762
189 763
465 764
605 765
77 766
713 767
374 768
493 769
668 770
379 771
651 772
330 773
442 774
367 775
304 776
458 777
737 778
25 779
261 780
586 781
504 782
245 783
588 784
84 785
94 786
653 787
280 788
722 789
432 790
739 791
108 792
96 793
546 794
567 795
33 796
624 797
271 798
62 799
5 800
413 801
699 802
322 803
508 804
143 805
172 806
278 807
80 808
691 809
283 810
191 811
658 812
387 813
490 814
723 815
149 816
512 817
600 818
271 819
515 820
475 821
190 822
110 823
206 824
322 825
502 826
209 827
135 828
503 829
266 830
669 831
492 832
200 833
513 834
224 835
756 836
817 837
784 838
246 839
689 840
692 841
552 842
271 843
114 844
405 845
271 846
714 847
649 848
176 849
402 850
151 851
627 852
581 853
838 854
477 855
440 856
250 857
354 858
694 859
562 860
271 861
119 862
267 863
5 864
754 865
450 866
127 867
735 868
714 869
755 870
190 871
587 872
633 873
408 874
95 875
430 876
581 877
701 878
777 879
78 880
605 881
511 882
601 883
284 884
651 885
355 886
280 887
217 888
738 889
314 890
594 891
602 892
56 893
785 894
232 895
653 896
810 897
752 898
797 899
888 900
292 901
195 902
862 903
775 904
353 905
457 906
286 907
304 908
379 909
352 910
253 911
598 912
616 913
796 914
590 915
833 916
564 917
451 918
698 919
717 920
801 921
598 922
846 923
255 924
629 925
885 926
722 927
343 928
652 929
70 930
682 931
159 932
203 933
836 934
552 935
861 936
881 937
608 938
621 939
901 940
373 941
868 942
394 943
87 944
811 945
333 946
113 947
188 948
809 949
525 950
737 951
326 952
918 953
105 954
432 955
689 956
807 957
252 958
396 959
880 960
227 961
886 962
954 963
624 964
273 965
714 966
333 967
907 968
672 969
832 970
235 971
137 972
101 973
160 974
17 975
97 976
668 977
250 978
14 979
867 980
473 981
791 982
296 983
737 984
517 985
263 986
751 987
817 988
341 989
825 990
540 991
274 992
750 993
825 994
989 995
512 996
220 997
384 998
39 999
313 1000
702 1001
33 1002
596 1003
999 1004
718 1005
757 1006
50 1007
247 1008
6 1009
656 1010
875 1011
1001 1012
982 1013
362 1014
596 1015
240 1016
449 1017
120 1018
727 1019
895 1020
688 1021
288 1022
569 1023
469 1024
624 1025
10 1026
504 1027
218 1028
415 1029
702 1030
332 1031
324 1032
825 1033
1025 1034
453 1035
587 1036
633 1037
162 1038
10 1039
340 1040
804 1041
867 1042
152 1043
677 1044
789 1045
946 1046
776 1047
940 1048
977 1049
367 1050
278 1051
3 1052
9 1053
751 1054
637 1055
693 1056
253 1057
45 1058
94 1059
194 1060
228 1061
665 1062
61 1063
588 1064
277 1065
128 1066
817 1067
549 1068
262 1069
1044 1070
1050 1071
430 1072
474 1073
214 1074
277 1075
1031 1076
1063 1077
205 1078
945 1079
530 1080
614 1081
907 1082
145 1083
276 1084
220 1085
340 1086
197 1087
928 1088
372 1089
687 1090
142 1091
957 1092
627 1093
539 1094
875 1095
450 1096
565 1097
764 1098
759 1099
87 1100
391 1101
984 1102
195 1103
815 1104
821 1105
695 1106
5 1107
814 1108
673 1109
803 1110
118 1111
357 1112
469 1113
37 1114
100 1115
398 1116
26 1117
61 1118
1025 1119
446 1120
1097 1121
595 1122
236 1123
132 1124
266 1125
742 1126
1049 1127
416 1128
936 1129
837 1130
331 1131
943 1132
1067 1133
179 1134
230 1135
139 1136
927 1137
1058 1138
584 1139
780 1140
1113 1141
1098 1142
984 1143
525 1144
218 1145
389 1146
243 1147
782 1148
951 1149
122 1150
363 1151
629 1152
430 1153
473 1154
218 1155
1140 1156
190 1157
959 1158
856 1159
98 1160
401 1161
1002 1162
108 1163
770 1164
353 1165
22 1166
510 1167
588 1168
545 1169
1084 1170
267 1171
591 1172
34 1173
806 1174
977 1175
893 1176
229 1177
74 1178
162 1179
42 1180
761 1181
291 1182
521 1183
433 1184
1061 1185
1031 1186
922 1187
719 1188
779 1189
173 1190
347 1191
957 1192
932 1193
367 1194
374 1195
864 1196
1016 1197
611 1198
961 1199
828 1200
331 1201
950 1202
613 1203
987 1204
543 1205
71 1206
11 1207
743 1208
666 1209
24 1210
381 1211
94 1212
657 1213
454 1214
527 1215
40 1216
317 1217
161 1218
203 1219
250 1220
1005 1221
698 1222
960 1223
3 1224
730 1225
96 1226
846 1227
828 1228
1112 1229
106 1230
1101 1231
947 1232
299 1233
359 1234
885 1235
1152 1236
404 1237
363 1238
264 1239
834 1240
1188 1241
111 1242
362 1243
1234 1244
597 1245
116 1246
267 1247
990 1248
356 1249
724 1250
454 1251
196 1252
358 1253
774 1254
883 1255
547 1256
50 1257
1061 1258
725 1259
259 1260
1077 1261
854 1262
39 1263
460 1264
1196 1265
66 1266
882 1267
457 1268
490 1269
1201 1270
1035 1271
132 1272
1134 1273
393 1274
565 1275
209 1276
1033 1277
435 1278
544 1279
830 1280
1211 1281
203 1282
416 1283
779 1284
846 1285
265 1286
931 1287
701 1288
301 1289
1108 1290
1176 1291
537 1292
13 1293
1280 1294
1201 1295
527 1296
13 1297
146 1298
743 1299
840 1300
1266 1301
1294 1302
132 1303
47 1304
376 1305
456 1306
1199 1307
603 1308
620 1309
729 1310
691 1311
1118 1312
806 1313
1178 1314
648 1315
112 1316
639 1317
443 1318
802 1319
1226 1320
350 1321
299 1322
1278 1323
872 1324
1180 1325
1154 1326
720 1327
777 1328
543 1329
1103 1330
1211 1331
1033 1332
1001 1333
1097 1334
974 1335
6 1336
748 1337
846 1338
1118 1339
1254 1340
525 1341
215 1342
456 1343
1280 1344
984 1345
71 1346
1214 1347
1259 1348
471 1349
117 1350
680 1351
710 1352
526 1353
1145 1354
257 1355
334 1356
1067 1357
209 1358
1310 1359
739 1360
545 1361
1000 1362
1052 1363
239 1364
505 1365
1286 1366
1105 1367
1017 1368
598 1369
100 1370
1137 1371
1159 1372
1122 1373
607 1374
1090 1375
1091 1376
324 1377
947 1378
841 1379
261 1380
338 1381
919 1382
124 1383
739 1384
1361 1385
1056 1386
758 1387
42 1388
68 1389
738 1390
427 1391
644 1392
950 1393
267 1394
407 1395
88 1396
1086 1397
761 1398
636 1399
998 1400
653 1401
693 1402
1380 1403
1086 1404
1097 1405
1075 1406
482 1407
1132 1408
499 1409
915 1410
378 1411
403 1412
379 1413
602 1414
417 1415
1364 1416
1302 1417
10 1418
1125 1419
244 1420
470 1421
943 1422
938 1423
1 1424
899 1425
1009 1426
1107 1427
249 1428
1160 1429
1239 1430
750 1431
691 1432
668 1433
1360 1434
708 1435
386 1436
852 1437
940 1438
236 1439
411 1440
1180 1441
1315 1442
400 1443
558 1444
822 1445
1030 1446
969 1447
127 1448
346 1449
1120 1450
1346 1451
677 1452
1060 1453
424 1454
200 1455
157 1456
906 1457
817 1458
1182 1459
941 1460
700 1461
1041 1462
1258 1463
154 1464
504 1465
869 1466
410 1467
1084 1468
796 1469
80 1470
810 1471
473 1472
131 1473
867 1474
489 1475
945 1476
1329 1477
657 1478
322 1479
951 1480
397 1481
200 1482
919 1483
574 1484
397 1485
1073 1486
715 1487
672 1488
1266 1489
520 1490
610 1491
523 1492
1211 1493
262 1494
494 1495
44 1496
229 1497
243 1498
1475 1499
1336 1500
1385 1501
251 1502
426 1503
606 1504
420 1505
1429 1506
503 1507
1212 1508
471 1509
910 1510
1315 1511
1026 1512
1384 1513
748 1514
675 1515
950 1516
1267 1517
1199 1518
799 1519
440 1520
946 1521
1360 1522
1013 1523
1137 1524
257 1525
163 1526
1351 1527
956 1528
343 1529
635 1530
366 1531
1007 1532
796 1533
895 1534
1067 1535
1473 1536
142 1537
596 1538
802 1539
558 1540
1098 1541
96 1542
702 1543
28 1544
151 1545
359 1546
1402 1547
1152 1548
540 1549
456 1550
1095 1551
669 1552
1486 1553
974 1554
1344 1555
555 1556
461 1557
712 1558
346 1559
101 1560
1433 1561
540 1562
532 1563
354 1564
1424 1565
1191 1566
1106 1567
1120 1568
749 1569
596 1570
113 1571
790 1572
213 1573
1359 1574
995 1575
891 1576
804 1577
837 1578
1370 1579
156 1580
1065 1581
1503 1582
1315 1583
1044 1584
433 1585
1577 1586
322 1587
87 1588
270 1589
685 1590
686 1591
510 1592
308 1593
1542 1594
117 1595
473 1596
1027 1597
649 1598
954 1599
546 1600
1188 1601
922 1602
935 1603
431 1604
1321 1605
294 1606
496 1607
889 1608
96 1609
1480 1610
319 1611
1003 1612
814 1613
1208 1614
1243 1615
756 1616
1068 1617
1282 1618
1341 1619
1442 1620
654 1621
713 1622
1204 1623
442 1624
670 1625
541 1626
1612 1627
524 1628
310 1629
84 1630
957 1631
278 1632
383 1633
468 1634
735 1635
867 1636
408 1637
681 1638
635 1639
1144 1640
835 1641
608 1642
1176 1643
955 1644
1038 1645
1430 1646
1088 1647
1047 1648
1321 1649
918 1650
808 1651
1583 1652
963 1653
940 1654
537 1655
534 1656
125 1657
781 1658
345 1659
1203 1660
1401 1661
165 1662
1175 1663
267 1664
274 1665
564 1666
385 1667
1174 1668
483 1669
1085 1670
395 1671
616 1672
324 1673
259 1674
1463 1675
1015 1676
1446 1677
20 1678
1035 1679
1640 1680
47 1681
488 1682
1491 1683
208 1684
680 1685
680 1686
399 1687
1352 1688
476 1689
840 1690
1564 1691
1518 1692
1042 1693
1526 1694
1109 1695
965 1696
11 1697
606 1698
1642 1699
729 1700
1220 1701
217 1702
300 1703
143 1704
707 1705
390 1706
1611 1707
877 1708
560 1709
931 1710
684 1711
998 1712
156 1713
718 1714
850 1715
199 1716
362 1717
823 1718
49 1719
1358 1720
1223 1721
331 1722
1229 1723
1048 1724
1410 1725
504 1726
882 1727
962 1728
565 1729
936 1730
1429 1731
25 1732
529 1733
1608 1734
1650 1735
1226 1736
5 1737
1565 1738
711 1739
1475 1740
623 1741
1566 1742
701 1743
1575 1744
175 1745
1411 1746
977 1747
781 1748
621 1749
1468 1750
1149 1751
656 1752
1276 1753
96 1754
544 1755
333 1756
725 1757
193 1758
51 1759
590 1760
154 1761
1556 1762
1622 1763
3 1764
8 1765
1041 1766
804 1767
523 1768
255 1769
1309 1770
457 1771
757 1772
301 1773
1033 1774
697 1775
1034 1776
948 1777
428 1778
1386 1779
118 1780
1405 1781
971 1782
192 1783
1287 1784
77 1785
725 1786
1176 1787
1699 1788
1436 1789
474 1790
607 1791
587 1792
1644 1793
1444 1794
1718 1795
1478 1796
99 1797
867 1798
1679 1799
1512 1800
1631 1801
1331 1802
1681 1803
1333 1804
974 1805
1534 1806
1772 1807
1676 1808
131 1809
1457 1810
1299 1811
1738 1812
272 1813
1558 1814
1711 1815
1463 1816
377 1817
760 1818
620 1819
567 1820
1208 1821
1597 1822
282 1823
62 1824
1040 1825
731 1826
1241 1827
1609 1828
497 1829
812 1830
1623 1831
1164 1832
321 1833
994 1834
1284 1835
1753 1836
1308 1837
1662 1838
997 1839
373 1840
564 1841
1643 1842
1833 1843
957 1844
800 1845
208 1846
1507 1847
941 1848
43 1849
898 1850
239 1851
580 1852
1661 1853
1508 1854
1798 1855
451 1856
771 1857
475 1858
643 1859
1247 1860
1456 1861
877 1862
1352 1863
716 1864
1483 1865
1820 1866
588 1867
1095 1868
1589 1869
229 1870
811 1871
722 1872
621 1873
125 1874
1460 1875
565 1876
567 1877
1726 1878
106 1879
1027 1880
664 1881
1492 1882
1466 1883
965 1884
707 1885
444 1886
1257 1887
1885 1888
498 1889
716 1890
966 1891
1123 1892
1718 1893
1024 1894
1802 1895
1131 1896
1804 1897
238 1898
1093 1899
1466 1900
1592 1901
1760 1902
205 1903
1182 1904
1886 1905
1819 1906
1432 1907
1300 1908
418 1909
595 1910
973 1911
1621 1912
1720 1913
388 1914
902 1915
961 1916
69 1917
955 1918
376 1919
784 1920
1699 1921
1468 1922
811 1923
406 1924
295 1925
320 1926
685 1927
1858 1928
452 1929
1002 1930
835 1931
676 1932
1056 1933
1442 1934
1588 1935
835 1936
1894 1937
1534 1938
1038 1939
849 1940
229 1941
575 1942
1643 1943
1786 1944
1663 1945
62 1946
234 1947
402 1948
230 1949
1306 1950
974 1951
1720 1952
1335 1953
410 1954
1478 1955
715 1956
625 1957
815 1958
1270 1959
1537 1960
433 1961
610 1962
1620 1963
1303 1964
1279 1965
1058 1966
258 1967
843 1968
1082 1969
525 1970
393 1971
1223 1972
395 1973
837 1974
1674 1975
1288 1976
1302 1977
80 1978
716 1979
1588 1980
1472 1981
634 1982
1343 1983
1876 1984
1246 1985
1640 1986
1541 1987
957 1988
635 1989
1817 1990
284 1991
289 1992
638 1993
587 1994
144 1995
963 1996
351 1997
531 1998
1652 1999
601 2000
1852 2001
1389 2002
160 2003
1560 2004
111 2005
1396 2006
1961 2007
1381 2008
1991 2009
787 2010
191 2011
145 2012
1682 2013
757 2014
710 2015
805 2016
746 2017
572 2018
1407 2019
419 2020
1855 2021
1674 2022
1599 2023
146 2024
1093 2025
468 2026
734 2027
1804 2028
388 2029
59 2030
1899 2031
1858 2032
1314 2033
1100 2034
947 2035
655 2036
885 2037
1910 2038
323 2039
472 2040
1577 2041
870 2042
1597 2043
725 2044
1394 2045
1752 2046
805 2047
704 2048
788 2049
1677 2050
320 2051
683 2052
1940 2053
1159 2054
2012 2055
297 2056
360 2057
1452 2058
1736 2059
219 2060
1200 2061
330 2062
743 2063
379 2064
619 2065
928 2066
1699 2067
369 2068
260 2069
36 2070
1266 2071
986 2072
1857 2073
935 2074
1912 2075
923 2076
1470 2077
1017 2078
1030 2079
44 2080
1663 2081
1680 2082
1861 2083
873 2084
1457 2085
730 2086
1924 2087
800 2088
119 2089
1380 2090
918 2091
448 2092
1257 2093
988 2094
1824 2095
2080 2096
642 2097
454 2098
542 2099
1553 2100
623 2101
1608 2102
1239 2103
1535 2104
960 2105
309 2106
1003 2107
1466 2108
635 2109
1989 2110
1360 2111
676 2112
576 2113
4 2114
773 2115
1602 2116
550 2117
892 2118
1551 2119
694 2120
403 2121
1523 2122
1479 2123
233 2124
1963 2125
70 2126
1358 2127
1116 2128
166 2129
2041 2130
1756 2131
1627 2132
1335 2133
2082 2134
1969 2135
1223 2136
1528 2137
852 2138
2030 2139
1 2140
533 2141
1703 2142
1906 2143
82 2144
2099 2145
602 2146
1772 2147
1356 2148
462 2149
566 2150
1905 2151
314 2152
1251 2153
333 2154
1398 2155
1740 2156
1180 2157
2145 2158
855 2159
1017 2160
668 2161
1278 2162
157 2163
1886 2164
2148 2165
519 2166
1011 2167
420 2168
1432 2169
1635 2170
1706 2171
660 2172
369 2173
807 2174
1881 2175
185 2176
866 2177
1825 2178
1711 2179
852 2180
1107 2181
1495 2182
1237 2183
212 2184
560 2185
959 2186
803 2187
1778 2188
137 2189
1973 2190
1785 2191
83 2192
1255 2193
1721 2194
698 2195
766 2196
780 2197
1442 2198
2011 2199
924 2200
721 2201
331 2202
145 2203
199 2204
2143 2205
411 2206
1669 2207
1969 2208
300 2209
1178 2210
949 2211
1808 2212
1337 2213
359 2214
1926 2215
1366 2216
778 2217
1225 2218
328 2219
167 2220
850 2221
258 2222
1590 2223
677 2224
1314 2225
545 2226
88 2227
1579 2228
2170 2229
1293 2230
1964 2231
156 2232
1103 2233
55 2234
2194 2235
1775 2236
1401 2237
131 2238
1286 2239
65 2240
692 2241
515 2242
761 2243
714 2244
795 2245
146 2246
302 2247
510 2248
1224 2249
1779 2250
728 2251
433 2252
2010 2253
2009 2254
94 2255
1742 2256
1126 2257
2067 2258
1957 2259
1835 2260
1389 2261
2225 2262
487 2263
87 2264
1582 2265
1432 2266
325 2267
1406 2268
158 2269
616 2270
744 2271
1265 2272
888 2273
1508 2274
2028 2275
1038 2276
1484 2277
642 2278
153 2279
431 2280
503 2281
896 2282
1561 2283
542 2284
358 2285
1076 2286
813 2287
2107 2288
1579 2289
806 2290
1859 2291
634 2292
1064 2293
1549 2294
426 2295
371 2296
1582 2297
1732 2298
443 2299
1688 2300
639 2301
1189 2302
398 2303
1876 2304
324 2305
2083 2306
419 2307
1541 2308
1936 2309
1463 2310
1337 2311
214 2312
1246 2313
1908 2314
562 2315
365 2316
660 2317
1933 2318
2303 2319
604 2320
519 2321
2176 2322
1292 2323
1814 2324
2297 2325
2022 2326
290 2327
824 2328
1978 2329
1661 2330
1293 2331
102 2332
318 2333
2156 2334
112 2335
1600 2336
455 2337
2312 2338
1737 2339
2160 2340
633 2341
558 2342
584 2343
1064 2344
503 2345
957 2346
2006 2347
818 2348
129 2349
141 2350
767 2351
1228 2352
1637 2353
1375 2354
1186 2355
1332 2356
1679 2357
1171 2358
1829 2359
1161 2360
507 2361
616 2362
1023 2363
935 2364
1698 2365
1021 2366
1708 2367
1411 2368
2139 2369
906 2370
408 2371
1168 2372
902 2373
2335 2374
615 2375
1962 2376
67 2377
2275 2378
1408 2379
956 2380
2135 2381
1759 2382
1251 2383
1303 2384
1132 2385
1579 2386
1416 2387
2052 2388
552 2389
1957 2390
963 2391
1914 2392
617 2393
1066 2394
922 2395
1107 2396
1978 2397
292 2398
436 2399
220 2400
1305 2401
1095 2402
413 2403
828 2404
1034 2405
2191 2406
380 2407
823 2408
1184 2409
1964 2410
37 2411
1527 2412
1658 2413
791 2414
758 2415
2329 2416
2057 2417
1516 2418
2069 2419
1221 2420
1072 2421
1973 2422
1633 2423
1970 2424
938 2425
1215 2426
1723 2427
2197 2428
1913 2429
2424 2430
1276 2431
1471 2432
257 2433
1480 2434
2220 2435
196 2436
1282 2437
493 2438
63 2439
2176 2440
923 2441
906 2442
242 2443
29 2444
449 2445
2326 2446
2202 2447
2098 2448
681 2449
261 2450
1212 2451
1043 2452
720 2453
2374 2454
1736 2455
392 2456
435 2457
972 2458
834 2459
823 2460
1873 2461
1680 2462
1787 2463
140 2464
450 2465
969 2466
2369 2467
1680 2468
2458 2469
1510 2470
710 2471
1440 2472
2218 2473
34 2474
2123 2475
565 2476
582 2477
1398 2478
1286 2479
2209 2480
1161 2481
2237 2482
229 2483
983 2484
1458 2485
642 2486
666 2487
1169 2488
1095 2489
264 2490
1237 2491
773 2492
2307 2493
869 2494
2421 2495
633 2496
1268 2497
1832 2498
2249 2499
149 2500
978 2501
1396 2502
768 2503
1822 2504
1942 2505
818 2506
996 2507
1123 2508
109 2509
991 2510
2381 2511
1780 2512
1106 2513
1031 2514
1008 2515
516 2516
1097 2517
1503 2518
2295 2519
2032 2520
499 2521
709 2522
2519 2523
2468 2524
2304 2525
2244 2526
430 2527
1329 2528
1272 2529
1748 2530
1164 2531
1824 2532
1136 2533
1434 2534
862 2535
2051 2536
1058 2537
379 2538
2206 2539
1347 2540
960 2541
815 2542
811 2543
345 2544
2196 2545
1091 2546
276 2547
1219 2548
1872 2549
38 2550
1717 2551
2008 2552
2510 2553
592 2554
2469 2555
2527 2556
1422 2557
1053 2558
1450 2559
1770 2560
1367 2561
2384 2562
188 2563
1514 2564
2348 2565
799 2566
1593 2567
1446 2568
1177 2569
237 2570
2292 2571
1578 2572
1099 2573
563 2574
1318 2575
347 2576
706 2577
539 2578
1366 2579
2429 2580
2521 2581
2212 2582
2016 2583
744 2584
1768 2585
735 2586
598 2587
2426 2588
1213 2589
2143 2590
1279 2591
2447 2592
147 2593
1355 2594
1800 2595
1689 2596
1379 2597
2214 2598
73 2599
1500 2600
1332 2601
2515 2602
2460 2603
1746 2604
636 2605
866 2606
2297 2607
1117 2608
2213 2609
226 2610
1388 2611
1699 2612
2444 2613
1948 2614
2035 2615
453 2616
2589 2617
918 2618
1568 2619
1920 2620
410 2621
2133 2622
2330 2623
1331 2624
1548 2625
2119 2626
1788 2627
873 2628
1525 2629
1289 2630
2078 2631
1457 2632
2588 2633
450 2634
2167 2635
1805 2636
1904 2637
2311 2638
691 2639
1373 2640
955 2641
1635 2642
1021 2643
2063 2644
2484 2645
905 2646
1725 2647
987 2648
982 2649
1796 2650
1356 2651
250 2652
196 2653
170 2654
1792 2655
2418 2656
1625 2657
987 2658
680 2659
342 2660
2213 2661
753 2662
1076 2663
466 2664
42 2665
425 2666
308 2667
1153 2668
2178 2669
2457 2670
248 2671
430 2672
1265 2673
581 2674
1983 2675
2400 2676
2 2677
32 2678
880 2679
1718 2680
2426 2681
1282 2682
1567 2683
1440 2684
985 2685
1735 2686
1535 2687
1975 2688
616 2689
913 2690
1332 2691
1887 2692
2110 2693
540 2694
945 2695
382 2696
262 2697
1179 2698
2002 2699
2354 2700
2082 2701
337 2702
2368 2703
600 2704
1889 2705
364 2706
1078 2707
1944 2708
482 2709
868 2710
1962 2711
2538 2712
1264 2713
131 2714
887 2715
2652 2716
64 2717
2450 2718
1502 2719
113 2720
2212 2721
1373 2722
1923 2723
470 2724
2396 2725
1810 2726
435 2727
1518 2728
15 2729
1618 2730
807 2731
1813 2732
1958 2733
1967 2734
525 2735
473 2736
988 2737
1118 2738
1827 2739
2529 2740
1959 2741
948 2742
1264 2743
995 2744
2321 2745
453 2746
2376 2747
2461 2748
1568 2749
1698 2750
2015 2751
909 2752
258 2753
1544 2754
1040 2755
1160 2756
456 2757
1148 2758
1293 2759
878 2760
971 2761
2014 2762
333 2763
1357 2764
1715 2765
475 2766
2438 2767
1082 2768
901 2769
843 2770
1865 2771
2384 2772
2765 2773
485 2774
668 2775
2685 2776
2468 2777
250 2778
2396 2779
1620 2780
1016 2781
1857 2782
1537 2783
96 2784
387 2785
891 2786
221 2787
2707 2788
610 2789
2077 2790
631 2791
214 2792
340 2793
1714 2794
2645 2795
1545 2796
2187 2797
2797 2798
2193 2799
726 2800
1711 2801
884 2802
2484 2803
1622 2804
260 2805
185 2806
441 2807
643 2808
1111 2809
1061 2810
1942 2811
2503 2812
1878 2813
380 2814
2552 2815
1217 2816
475 2817
2286 2818
1769 2819
1705 2820
1847 2821
2065 2822
51 2823
29 2824
2156 2825
280 2826
1578 2827
1678 2828
1816 2829
880 2830
2768 2831
239 2832
1497 2833
107 2834
1296 2835
2803 2836
923 2837
1474 2838
924 2839
868 2840
2175 2841
788 2842
1377 2843
2319 2844
729 2845
1046 2846
1672 2847
35 2848
1039 2849
1073 2850
2380 2851
2760 2852
763 2853
1869 2854
1984 2855
2114 2856
105 2857
1510 2858
39 2859
2658 2860
206 2861
2271 2862
196 2863
737 2864
310 2865
227 2866
1982 2867
2339 2868
2521 2869
1360 2870
1993 2871
2204 2872
1341 2873
1069 2874
446 2875
1395 2876
1341 2877
2534 2878
467 2879
2552 2880
648 2881
1612 2882
1870 2883
763 2884
1139 2885
1231 2886
2276 2887
2290 2888
2189 2889
343 2890
2734 2891
2331 2892
1289 2893
1949 2894
618 2895
843 2896
688 2897
1593 2898
491 2899
87 2900
1362 2901
2663 2902
1138 2903
2881 2904
1442 2905
2002 2906
1663 2907
594 2908
1463 2909
2477 2910
2288 2911
1921 2912
2482 2913
1265 2914
1865 2915
726 2916
1553 2917
2297 2918
670 2919
754 2920
2540 2921
584 2922
2720 2923
2643 2924
1668 2925
2195 2926
2450 2927
1587 2928
880 2929
2353 2930
1202 2931
2475 2932
1153 2933
2095 2934
2282 2935
178 2936
697 2937
773 2938
1756 2939
2199 2940
514 2941
2627 2942
232 2943
2165 2944
1082 2945
1646 2946
1644 2947
2902 2948
496 2949
971 2950
1290 2951
401 2952
976 2953
2210 2954
2201 2955
1248 2956
2357 2957
201 2958
2763 2959
652 2960
1067 2961
230 2962
318 2963
294 2964
88 2965
1639 2966
2686 2967
1585 2968
1973 2969
1155 2970
1989 2971
393 2972
2404 2973
2783 2974
1656 2975
492 2976
841 2977
2052 2978
2134 2979
1575 2980
234 2981
1629 2982
793 2983
1266 2984
2440 2985
395 2986
2081 2987
2429 2988
1310 2989
23 2990
591 2991
2724 2992
713 2993
1271 2994
2112 2995
205 2996
183 2997
1537 2998
722 2999
591 3000
2070 3001
2355 3002
1742 3003
2924 3004
2573 3005
2969 3006
1734 3007
1780 3008
1161 3009
666 3010
2843 3011
612 3012
733 3013
1691 3014
787 3015
1321 3016
224 3017
2122 3018
876 3019
1773 3020
60 3021
1041 3022
1427 3023
2677 3024
1121 3025
1870 3026
269 3027
1954 3028
2610 3029
346 3030
2609 3031
2534 3032
591 3033
1931 3034
2661 3035
1226 3036
1349 3037
1947 3038
802 3039
379 3040
913 3041
2364 3042
2593 3043
194 3044
2576 3045
962 3046
2269 3047
97 3048
2481 3049
896 3050
497 3051
1528 3052
2594 3053
2300 3054
13 3055
2948 3056
2631 3057
793 3058
2726 3059
2145 3060
1285 3061
2639 3062
2233 3063
2703 3064
1035 3065
316 3066
610 3067
688 3068
1448 3069
1458 3070
1065 3071
464 3072
1659 3073
1412 3074
351 3075
2305 3076
1872 3077
3014 3078
2116 3079
2809 3080
2583 3081
2400 3082
249 3083
1736 3084
1902 3085
2808 3086
1554 3087
2725 3088
212 3089
1894 3090
173 3091
1960 3092
1911 3093
2026 3094
129 3095
2852 3096
85 3097
1506 3098
672 3099
2003 3100
2793 3101
2925 3102
1430 3103
2105 3104
543 3105
2797 3106
2041 3107
2397 3108
2283 3109
2077 3110
2992 3111
2220 3112
1128 3113
3085 3114
918 3115
2867 3116
2636 3117
1124 3118
1966 3119
2987 3120
2911 3121
1843 3122
1556 3123
2003 3124
184 3125
1268 3126
996 3127
1363 3128
2232 3129
3105 3130
2678 3131
2618 3132
1148 3133
406 3134
1905 3135
1312 3136
1432 3137
3077 3138
2802 3139
2209 3140
2074 3141
2945 3142
810 3143
2756 3144
258 3145
1082 3146
1139 3147
1989 3148
517 3149
852 3150
1678 3151
798 3152
1514 3153
3138 3154
2766 3155
650 3156
661 3157
2395 3158
1928 3159
1161 3160
3098 3161
1140 3162
1287 3163
2177 3164
1105 3165
2754 3166
2095 3167
1347 3168
536 3169
2139 3170
2496 3171
292 3172
976 3173
2175 3174
2006 3175
503 3176
100 3177
2010 3178
1783 3179
1525 3180
2339 3181
2832 3182
2634 3183
2482 3184
1309 3185
1536 3186
1523 3187
808 3188
24 3189
1775 3190
2440 3191
114 3192
1694 3193
993 3194
2647 3195
3072 3196
546 3197
813 3198
40 3199
2239 3200
456 3201
1002 3202
993 3203
2656 3204
1554 3205
2624 3206
1230 3207
933 3208
2103 3209
1054 3210
1615 3211
1679 3212
1649 3213
2205 3214
2842 3215
314 3216
2307 3217
1471 3218
1937 3219
2799 3220
2767 3221
729 3222
2433 3223
1377 3224
2148 3225
2019 3226
1161 3227
958 3228
2569 3229
1275 3230
145 3231
1008 3232
2471 3233
1554 3234
1794 3235
2216 3236
1677 3237
2470 3238
2022 3239
1651 3240
2867 3241
795 3242
502 3243
2674 3244
2180 3245
445 3246
2172 3247
1820 3248
1182 3249
927 3250
1100 3251
1250 3252
1005 3253
1816 3254
725 3255
1471 3256
1715 3257
310 3258
715 3259
1879 3260
152 3261
1710 3262
3190 3263
1852 3264
835 3265
56 3266
1461 3267
1333 3268
949 3269
512 3270
2637 3271
1222 3272
734 3273
370 3274
2015 3275
1149 3276
2969 3277
48 3278
1390 3279
508 3280
1425 3281
3023 3282
1359 3283
1940 3284
962 3285
2945 3286
291 3287
1975 3288
227 3289
1602 3290
1236 3291
2773 3292
1014 3293
1227 3294
3081 3295
1470 3296
873 3297
2583 3298
2398 3299
825 3300
2543 3301
2505 3302
2602 3303
2672 3304
1159 3305
2475 3306
1415 3307
3216 3308
158 3309
1945 3310
1135 3311
2500 3312
2593 3313
616 3314
138 3315
1990 3316
829 3317
3154 3318
710 3319
3156 3320
2550 3321
2947 3322
1395 3323
58 3324
160 3325
1632 3326
2819 3327
1809 3328
1161 3329
2897 3330
492 3331
76 3332
1054 3333
2393 3334
1378 3335
1314 3336
1069 3337
1590 3338
1162 3339
3147 3340
1590 3341
2860 3342
2887 3343
1039 3344
1636 3345
107 3346
1848 3347
1452 3348
2042 3349
1924 3350
2668 3351
1146 3352
3071 3353
2662 3354
412 3355
1690 3356
842 3357
784 3358
2555 3359
178 3360
2941 3361
1597 3362
957 3363
985 3364
1527 3365
1270 3366
576 3367
1726 3368
829 3369
530 3370
2516 3371
1021 3372
1148 3373
1631 3374
2242 3375
884 3376
3193 3377
671 3378
2967 3379
961 3380
845 3381
2743 3382
1269 3383
1167 3384
1281 3385
1894 3386
394 3387
355 3388
3328 3389
2257 3390
587 3391
2203 3392
1303 3393
2706 3394
1351 3395
1936 3396
2286 3397
2341 3398
3184 3399
332 3400
2431 3401
1649 3402
1805 3403
3301 3404
1666 3405
470 3406
3060 3407
3008 3408
2999 3409
2154 3410
3397 3411
1240 3412
1611 3413
456 3414
1066 3415
14 3416
1103 3417
2250 3418
2509 3419
2273 3420
183 3421
92 3422
3023 3423
335 3424
193 3425
2794 3426
715 3427
3412 3428
2558 3429
2159 3430
2946 3431
517 3432
239 3433
3187 3434
1022 3435
1534 3436
1935 3437
967 3438
2119 3439
1167 3440
2720 3441
1679 3442
1199 3443
2942 3444
2207 3445
1576 3446
2270 3447
1997 3448
690 3449
3108 3450
2711 3451
2917 3452
1507 3453
45 3454
2703 3455
548 3456
600 3457
2739 3458
46 3459
3222 3460
3308 3461
958 3462
947 3463
985 3464
2039 3465
3114 3466
1628 3467
242 3468
684 3469
46 3470
2830 3471
1202 3472
1777 3473
2302 3474
1048 3475
678 3476
1476 3477
1076 3478
317 3479
131 3480
433 3481
51 3482
961 3483
3420 3484
2851 3485
2806 3486
976 3487
886 3488
3042 3489
734 3490
1799 3491
3262 3492
380 3493
2447 3494
2023 3495
402 3496
210 3497
591 3498
2706 3499
1945 3500
1231 3501
2504 3502
1675 3503
444 3504
2648 3505
2366 3506
1422 3507
780 3508
243 3509
1063 3510
2879 3511
1180 3512
1441 3513
3020 3514
1767 3515
828 3516
1848 3517
3164 3518
93 3519
3099 3520
2240 3521
604 3522
456 3523
2 3524
580 3525
1738 3526
3452 3527
1529 3528
629 3529
2514 3530
2254 3531
2255 3532
793 3533
259 3534
2888 3535
534 3536
2476 3537
2134 3538
1014 3539
427 3540
2311 3541
1284 3542
1742 3543
844 3544
1416 3545
1143 3546
2318 3547
3009 3548
23 3549
68 3550
1520 3551
878 3552
1214 3553
98 3554
1693 3555
683 3556
1809 3557
3124 3558
2717 3559
1081 3560
1191 3561
1536 3562
1176 3563
183 3564
3396 3565
998 3566
1120 3567
3079 3568
1246 3569
1302 3570
999 3571
514 3572
1862 3573
1176 3574
3384 3575
2344 3576
180 3577
40 3578
3158 3579
583 3580
1369 3581
2741 3582
58 3583
1290 3584
453 3585
2581 3586
3412 3587
2693 3588
3547 3589
1898 3590
131 3591
3078 3592
1100 3593
3226 3594
1258 3595
471 3596
3522 3597
3028 3598
1699 3599
2204 3600
170 3601
578 3602
54 3603
1476 3604
2868 3605
2289 3606
3181 3607
264 3608
1128 3609
916 3610
662 3611
1325 3612
2965 3613
1948 3614
2289 3615
1504 3616
3107 3617
3289 3618
2028 3619
1083 3620
1545 3621
1319 3622
937 3623
2825 3624
2341 3625
2959 3626
176 3627
477 3628
1496 3629
3329 3630
183 3631
1135 3632
1695 3633
524 3634
2446 3635
2102 3636
2577 3637
652 3638
3092 3639
1233 3640
2663 3641
2393 3642
547 3643
2653 3644
2738 3645
985 3646
1516 3647
2617 3648
3272 3649
2051 3650
3079 3651
955 3652
3542 3653
475 3654
3242 3655
235 3656
2980 3657
62 3658
3456 3659
504 3660
1708 3661
3147 3662
775 3663
2328 3664
453 3665
91 3666
296 3667
2292 3668
854 3669
1801 3670
2336 3671
1683 3672
3549 3673
1210 3674
3620 3675
97 3676
254 3677
1056 3678
3253 3679
2037 3680
408 3681
2463 3682
1798 3683
2377 3684
503 3685
2002 3686
407 3687
127 3688
3684 3689
3454 3690
657 3691
1175 3692
2668 3693
3033 3694
2244 3695
124 3696
2766 3697
765 3698
995 3699
2968 3700
3235 3701
1844 3702
3651 3703
636 3704
1162 3705
1005 3706
657 3707
1479 3708
2106 3709
1431 3710
1866 3711
3640 3712
2920 3713
3476 3714
2729 3715
923 3716
2547 3717
1200 3718
1709 3719
2925 3720
2465 3721
1866 3722
728 3723
3602 3724
3041 3725
3297 3726
1688 3727
2612 3728
1902 3729
2420 3730
175 3731
3578 3732
699 3733
3477 3734
2298 3735
3020 3736
2042 3737
1767 3738
3114 3739
974 3740
2913 3741
1096 3742
2362 3743
474 3744
3710 3745
3179 3746
261 3747
1788 3748
3165 3749
768 3750
2190 3751
3690 3752
586 3753
3436 3754
2130 3755
2255 3756
2015 3757
3179 3758
3052 3759
2511 3760
1258 3761
3426 3762
1975 3763
3076 3764
1210 3765
3753 3766
1277 3767
3340 3768
2934 3769
47 3770
2746 3771
1648 3772
2561 3773
4 3774
89 3775
2881 3776
651 3777
211 3778
1067 3779
3161 3780
2644 3781
1391 3782
746 3783
1634 3784
288 3785
255 3786
3043 3787
946 3788
573 3789
3624 3790
3228 3791
2705 3792
2663 3793
1985 3794
1086 3795
2342 3796
3112 3797
3174 3798
63 3799
593 3800
3542 3801
1333 3802
875 3803
2857 3804
2067 3805
3377 3806
981 3807
338 3808
3033 3809
609 3810
219 3811
3140 3812
3256 3813
1166 3814
3365 3815
1399 3816
270 3817
1613 3818
3746 3819
2724 3820
695 3821
3626 3822
243 3823
2658 3824
178 3825
183 3826
3720 3827
760 3828
1209 3829
187 3830
594 3831
2084 3832
1825 3833
236 3834
1341 3835
3302 3836
1975 3837
1548 3838
3181 3839
696 3840
2742 3841
3322 3842
2849 3843
1286 3844
1105 3845
1941 3846
824 3847
1189 3848
3772 3849
6 3850
1932 3851
241 3852
455 3853
189 3854
1699 3855
3407 3856
134 3857
610 3858
2632 3859
3668 3860
2149 3861
1161 3862
2349 3863
2543 3864
124 3865
2875 3866
2998 3867
2316 3868
2132 3869
452 3870
655 3871
496 3872
3739 3873
2720 3874
2636 3875
631 3876
1101 3877
1536 3878
2934 3879
1191 3880
1625 3881
2289 3882
2389 3883
1845 3884
3051 3885
3152 3886
2444 3887
2020 3888
1559 3889
498 3890
1256 3891
1216 3892
912 3893
226 3894
1511 3895
2628 3896
3271 3897
973 3898
3486 3899
2064 3900
983 3901
942 3902
16 3903
1813 3904
578 3905
2130 3906
1130 3907
2664 3908
2003 3909
3128 3910
355 3911
342 3912
1295 3913
654 3914
2459 3915
2463 3916
3403 3917
1997 3918
3276 3919
1980 3920
2618 3921
992 3922
1729 3923
3230 3924
3514 3925
1453 3926
365 3927
3907 3928
2260 3929
951 3930
1885 3931
17 3932
2312 3933
65 3934
3500 3935
455 3936
34 3937
938 3938
3063 3939
1856 3940
2274 3941
2950 3942
1905 3943
838 3944
659 3945
115 3946
2596 3947
2384 3948
1764 3949
560 3950
3122 3951
338 3952
3944 3953
3492 3954
1395 3955
1654 3956
529 3957
2237 3958
1749 3959
262 3960
120 3961
3751 3962
2238 3963
2408 3964
1956 3965
1859 3966
3026 3967
3551 3968
600 3969
3452 3970
861 3971
3645 3972
3501 3973
1245 3974
157 3975
3154 3976
75 3977
431 3978
2656 3979
1133 3980
381 3981
2781 3982
2567 3983
3406 3984
3928 3985
3945 3986
2945 3987
2594 3988
2973 3989
414 3990
1750 3991
3023 3992
1140 3993
1992 3994
3737 3995
1577 3996
1038 3997
3008 3998
36 3999
3329 4000
2349 4001
789 4002
1372 4003
710 4004
1782 4005
783 4006
368 4007
3965 4008
3386 4009
1199 4010
638 4011
2669 4012
2967 4013
1304 4014
3890 4015
944 4016
1431 4017
2697 4018
3036 4019
1641 4020
1923 4021
499 4022
2437 4023
1421 4024
682 4025
1066 4026
1713 4027
3034 4028
2858 4029
3299 4030
2673 4031
2336 4032
2121 4033
1640 4034
1384 4035
1336 4036
1327 4037
2888 4038
114 4039
1873 4040
2745 4041
1277 4042
884 4043
4032 4044
3829 4045
3574 4046
1579 4047
1390 4048
1927 4049
2315 4050
3721 4051
2304 4052
3254 4053
3960 4054
43 4055
582 4056
1014 4057
2996 4058
3404 4059
4047 4060
908 4061
1904 4062
2208 4063
2938 4064
2556 4065
1642 4066
1572 4067
1791 4068
822 4069
372 4070
827 4071
475 4072
3636 4073
3380 4074
2503 4075
3083 4076
3020 4077
2379 4078
2457 4079
1964 4080
1477 4081
3200 4082
2792 4083
2457 4084
2349 4085
4036 4086
3369 4087
446 4088
2728 4089
382 4090
2523 4091
1193 4092
2593 4093
845 4094
37 4095
126 4096
3328 4097
2285 4098
1839 4099
650 4100
1780 4101
3351 4102
957 4103
1642 4104
3334 4105
234 4106
1159 4107
2400 4108
1847 4109
2920 4110
1683 4111
88 4112
2770 4113
3490 4114
777 4115
116 4116
3491 4117
2782 4118
3688 4119
3051 4120
111 4121
2825 4122
121 4123
930 4124
530 4125
3493 4126
3804 4127
2960 4128
1413 4129
1265 4130
1657 4131
668 4132
2262 4133
2710 4134
3555 4135
3012 4136
4107 4137
1307 4138
756 4139
1627 4140
3180 4141
3571 4142
664 4143
292 4144
3116 4145
1129 4146
1306 4147
3183 4148
3381 4149
2097 4150
1462 4151
3160 4152
2114 4153
1048 4154
2781 4155
336 4156
978 4157
768 4158
405 4159
1761 4160
1561 4161
3975 4162
1106 4163
2851 4164
1290 4165
3159 4166
3685 4167
3895 4168
3888 4169
1806 4170
3229 4171
3897 4172
209 4173
3570 4174
3707 4175
598 4176
1263 4177
3398 4178
1741 4179
724 4180
1583 4181
3125 4182
1998 4183
1830 4184
184 4185
1205 4186
250 4187
1006 4188
1212 4189
3993 4190
2318 4191
44 4192
486 4193
2767 4194
3229 4195
1501 4196
4140 4197
358 4198
1814 4199
4080 4200
2704 4201
1299 4202
3446 4203
3188 4204
528 4205
3201 4206
1464 4207
2376 4208
2612 4209
2904 4210
3010 4211
948 4212
2254 4213
4086 4214
326 4215
3504 4216
462 4217
3199 4218
1684 4219
894 4220
3062 4221
2723 4222
4182 4223
1864 4224
3235 4225
835 4226
4094 4227
1908 4228
1878 4229
390 4230
3945 4231
8 4232
1712 4233
1518 4234
1415 4235
3618 4236
3844 4237
2822 4238
194 4239
2146 4240
2028 4241
2093 4242
2739 4243
628 4244
401 4245
2597 4246
3616 4247
3433 4248
1992 4249
1831 4250
3782 4251
2231 4252
1212 4253
407 4254
106 4255
2243 4256
1054 4257
1173 4258
2500 4259
1911 4260
278 4261
2517 4262
3147 4263
4180 4264
534 4265
501 4266
2366 4267
2615 4268
2435 4269
3316 4270
1367 4271
2382 4272
3149 4273
84 4274
3300 4275
565 4276
3472 4277
2369 4278
3905 4279
4262 4280
1944 4281
2109 4282
1597 4283
2801 4284
879 4285
2354 4286
1310 4287
3100 4288
1230 4289
2726 4290
4036 4291
2805 4292
3178 4293
3968 4294
3430 4295
2417 4296
2307 4297
3286 4298
1742 4299
3295 4300
2536 4301
2956 4302
2166 4303
2515 4304
4172 4305
2798 4306
1893 4307
1684 4308
1818 4309
1508 4310
1717 4311
327 4312
153 4313
1409 4314
672 4315
3265 4316
3763 4317
3226 4318
1277 4319
3231 4320
2361 4321
645 4322
3804 4323
1192 4324
2228 4325
2733 4326
4256 4327
2326 4328
2738 4329
848 4330
2328 4331
2348 4332
2636 4333
3337 4334
1021 4335
2749 4336
3948 4337
628 4338
3599 4339
3537 4340
1731 4341
1640 4342
3194 4343
1491 4344
1706 4345
669 4346
3130 4347
3772 4348
2096 4349
3148 4350
993 4351
1088 4352
3726 4353
2491 4354
4180 4355
1778 4356
4025 4357
931 4358
3120 4359
4270 4360
3222 4361
2431 4362
3336 4363
3166 4364
2985 4365
2390 4366
3418 4367
2773 4368
1555 4369
1223 4370
328 4371
394 4372
964 4373
3847 4374
1342 4375
353 4376
4252 4377
4346 4378
255 4379
3391 4380
4199 4381
2759 4382
2928 4383
2564 4384
3469 4385
838 4386
4370 4387
2398 4388
2870 4389
2063 4390
3000 4391
1803 4392
64 4393
162 4394
4172 4395
3347 4396
1754 4397
470 4398
1813 4399
2189 4400
3667 4401
3311 4402
2870 4403
2346 4404
3292 4405
2114 4406
2097 4407
1468 4408
2704 4409
1567 4410
1635 4411
849 4412
3710 4413
3908 4414
2600 4415
2481 4416
4312 4417
4249 4418
1497 4419
97 4420
1999 4421
1105 4422
3841 4423
551 4424
3877 4425
3068 4426
3886 4427
1850 4428
3320 4429
4426 4430
1985 4431
334 4432
700 4433
2092 4434
3480 4435
246 4436
1447 4437
2591 4438
3508 4439
3113 4440
1871 4441
4030 4442
3281 4443
3490 4444
819 4445
1178 4446
31 4447
3283 4448
1410 4449
3812 4450
3813 4451
3567 4452
1942 4453
778 4454
2504 4455
2974 4456
1725 4457
1005 4458
667 4459
159 4460
804 4461
242 4462
4048 4463
3916 4464
1660 4465
2890 4466
3607 4467
624 4468
114 4469
511 4470
3566 4471
3256 4472
4319 4473
893 4474
2525 4475
2812 4476
12 4477
3762 4478
4462 4479
4225 4480
2177 4481
2967 4482
1805 4483
129 4484
2242 4485
2172 4486
2808 4487
249 4488
3964 4489
3786 4490
228 4491
3970 4492
2187 4493
532 4494
192 4495
946 4496
2982 4497
572 4498
1533 4499
1465 4500
1353 4501
1142 4502
3241 4503
2197 4504
2928 4505
1873 4506
1595 4507
4094 4508
3680 4509
1521 4510
3102 4511
3801 4512
3993 4513
260 4514
3853 4515
598 4516
1350 4517
2271 4518
3519 4519
3732 4520
1324 4521
11 4522
1610 4523
3856 4524
1510 4525
3401 4526
1441 4527
3594 4528
731 4529
133 4530
930 4531
1012 4532
2778 4533
2703 4534
1229 4535
163 4536
1657 4537
716 4538
2499 4539
1264 4540
2104 4541
2097 4542
3468 4543
3086 4544
1747 4545
1586 4546
1646 4547
1475 4548
4080 4549
3778 4550
1571 4551
1538 4552
1204 4553
2392 4554
4252 4555
2993 4556
4501 4557
1511 4558
3439 4559
3483 4560
2290 4561
4437 4562
4478 4563
1664 4564
244 4565
2362 4566
4513 4567
3786 4568
4480 4569
3678 4570
2363 4571
96 4572
2901 4573
1289 4574
4479 4575
859 4576
3690 4577
2679 4578
1383 4579
337 4580
3744 4581
3628 4582
4076 4583
2568 4584
4490 4585
2678 4586
2525 4587
3265 4588
4206 4589
1371 4590
898 4591
1080 4592
1782 4593
379 4594
3087 4595
3269 4596
2395 4597
3784 4598
1747 4599
4445 4600
956 4601
1332 4602
405 4603
797 4604
170 4605
2200 4606
2936 4607
2535 4608
4569 4609
2659 4610
3502 4611
2736 4612
2963 4613
2885 4614
1337 4615
3811 4616
4123 4617
2509 4618
803 4619
2442 4620
2233 4621
2529 4622
655 4623
324 4624
1263 4625
3141 4626
4524 4627
994 4628
1708 4629
3976 4630
3082 4631
4578 4632
4296 4633
4195 4634
1633 4635
314 4636
570 4637
2241 4638
3260 4639
1902 4640
604 4641
3096 4642
1352 4643
2368 4644
4146 4645
938 4646
1280 4647
2356 4648
744 4649
3367 4650
536 4651
973 4652
818 4653
1951 4654
3969 4655
1385 4656
4218 4657
37 4658
4308 4659
1934 4660
643 4661
4365 4662
4569 4663
2804 4664
4447 4665
3913 4666
3444 4667
4588 4668
4277 4669
4603 4670
3487 4671
1310 4672
3060 4673
3493 4674
3128 4675
2208 4676
644 4677
114 4678
1953 4679
1143 4680
4452 4681
2233 4682
3507 4683
4310 4684
3277 4685
2853 4686
3130 4687
972 4688
2543 4689
1848 4690
271 4691
1222 4692
4261 4693
1844 4694
1431 4695
4607 4696
2902 4697
2120 4698
1216 4699
757 4700
4518 4701
671 4702
2169 4703
1385 4704
1220 4705
3904 4706
2295 4707
736 4708
111 4709
3952 4710
610 4711
3643 4712
1709 4713
3841 4714
1623 4715
642 4716
276 4717
1419 4718
1779 4719
1986 4720
2928 4721
2145 4722
1357 4723
217 4724
183 4725
2131 4726
4051 4727
1461 4728
4229 4729
3337 4730
272 4731
1956 4732
3964 4733
4415 4734
3052 4735
3727 4736
2131 4737
633 4738
130 4739
2632 4740
1014 4741
1875 4742
4477 4743
2425 4744
2428 4745
627 4746
1817 4747
255 4748
2120 4749
4140 4750
2845 4751
2254 4752
3783 4753
3647 4754
1 4755
3011 4756
3864 4757
261 4758
3837 4759
1017 4760
2761 4761
1514 4762
1351 4763
1760 4764
3095 4765
397 4766
3043 4767
2178 4768
3654 4769
3793 4770
3855 4771
1651 4772
375 4773
2681 4774
1331 4775
2102 4776
3685 4777
3825 4778
1568 4779
157 4780
903 4781
6 4782
2532 4783
1614 4784
4034 4785
1178 4786
4693 4787
3443 4788
4457 4789
2651 4790
3927 4791
1460 4792
150 4793
684 4794
2236 4795
4693 4796
1146 4797
4672 4798
196 4799
1059 4800
4187 4801
882 4802
10 4803
2832 4804
2902 4805
3598 4806
4250 4807
4054 4808
4374 4809
3422 4810
4224 4811
3168 4812
2729 4813
1049 4814
2990 4815
3954 4816
1785 4817
4243 4818
2537 4819
2596 4820
15 4821
1388 4822
3081 4823
2439 4824
2863 4825
4106 4826
1102 4827
198 4828
1782 4829
1703 4830
4513 4831
3498 4832
2398 4833
4751 4834
4213 4835
683 4836
2440 4837
2033 4838
4814 4839
4690 4840
2062 4841
341 4842
468 4843
4307 4844
3155 4845
576 4846
1354 4847
1777 4848
5 4849
2338 4850
436 4851
4161 4852
4406 4853
930 4854
65 4855
2888 4856
270 4857
1384 4858
1414 4859
664 4860
3657 4861
1876 4862
2209 4863
4606 4864
2646 4865
3637 4866
2535 4867
2570 4868
2696 4869
451 4870
4253 4871
4177 4872
367 4873
1846 4874
4647 4875
2623 4876
3404 4877
2638 4878
1653 4879
3275 4880
1390 4881
1665 4882
1823 4883
4668 4884
1628 4885
3620 4886
137 4887
117 4888
2700 4889
343 4890
3164 4891
2491 4892
2471 4893
3905 4894
9 4895
3653 4896
1394 4897
3798 4898
3622 4899
3718 4900
249 4901
3813 4902
4821 4903
4893 4904
13 4905
3235 4906
2651 4907
2214 4908
1414 4909
3958 4910
173 4911
3035 4912
4303 4913
523 4914
2959 4915
2650 4916
3984 4917
1792 4918
3418 4919
1806 4920
4293 4921
3342 4922
1992 4923
2891 4924
2868 4925
2601 4926
513 4927
4826 4928
2126 4929
1815 4930
2570 4931
2841 4932
3023 4933
256 4934
2347 4935
4264 4936
3872 4937
261 4938
1990 4939
1100 4940
2757 4941
264 4942
359 4943
3840 4944
2161 4945
1066 4946
3383 4947
360 4948
1131 4949
415 4950
3502 4951
417 4952
4032 4953
4915 4954
4499 4955
1795 4956
4209 4957
4062 4958
4639 4959
3783 4960
798 4961
165 4962
724 4963
4610 4964
1286 4965
2411 4966
3584 4967
1032 4968
3796 4969
3854 4970
1000 4971
2000 4972
2856 4973
3038 4974
4685 4975
3708 4976
2574 4977
3940 4978
3183 4979
3902 4980
3653 4981
1082 4982
3795 4983
4075 4984
4455 4985
4366 4986
1697 4987
3146 4988
4193 4989
732 4990
647 4991
1807 4992
1325 4993
2047 4994
850 4995
4667 4996
3246 4997
835 4998
1390 4999
517 5000
