1 2
2 3
3 4
3 5
4 6
4 7
5 8
5 9
8 10
8 11
8 12
12 13
11 14
5 15
3 16
8 17
13 18
8 19
9 20
9 21
20 22
2 23
14 24
8 25
24 26
25 27
25 28
24 29
26 30
21 31
29 32
24 33
4 34
27 35
26 36
15 37
5 38
10 39
4 40
18 41
16 42
30 43
28 44
10 45
31 46
31 47
30 48
17 49
38 50
23 51
28 52
2 53
44 54
4 55
53 56
42 57
6 58
52 59
34 60
12 61
61 62
4 63
9 64
59 65
29 66
52 67
58 68
28 69
57 70
31 71
37 72
19 73
37 74
55 75
40 76
48 77
37 78
51 79
2 80
34 81
32 82
12 83
15 84
12 85
7 86
69 87
23 88
61 89
28 90
86 91
51 92
51 93
3 94
88 95
11 96
52 97
22 98
9 99
34 100
57 101
58 102
72 103
16 104
91 105
88 106
22 107
40 108
75 109
13 110
68 111
51 112
85 113
45 114
90 115
34 116
106 117
25 118
28 119
73 120
114 121
82 122
66 123
94 124
83 125
122 126
102 127
86 128
90 129
27 130
66 131
20 132
9 133
82 134
65 135
52 136
48 137
63 138
21 139
8 140
128 141
94 142
75 143
46 144
36 145
74 146
82 147
128 148
73 149
2 150
98 151
66 152
11 153
121 154
42 155
32 156
129 157
97 158
49 159
50 160
46 161
15 162
162 163
51 164
2 165
117 166
92 167
65 168
69 169
3 170
110 171
77 172
90 173
163 174
22 175
137 176
30 177
81 178
104 179
84 180
113 181
107 182
71 183
153 184
46 185
37 186
25 187
178 188
93 189
49 190
39 191
36 192
91 193
89 194
55 195
34 196
12 197
185 198
39 199
8 200
79 201
6 202
51 203
195 204
203 205
166 206
44 207
74 208
170 209
107 210
205 211
91 212
56 213
8 214
161 215
153 216
98 217
94 218
73 219
23 220
207 221
103 222
62 223
18 224
8 225
35 226
16 227
160 228
23 229
37 230
87 231
161 232
226 233
17 234
118 235
204 236
227 237
62 238
31 239
52 240
76 241
77 242
101 243
122 244
179 245
159 246
66 247
149 248
77 249
226 250
95 251
53 252
46 253
57 254
233 255
45 256
239 257
5 258
104 259
184 260
176 261
46 262
234 263
246 264
108 265
244 266
18 267
20 268
231 269
95 270
269 271
17 272
11 273
170 274
78 275
92 276
79 277
57 278
63 279
55 280
51 281
178 282
147 283
107 284
24 285
185 286
207 287
82 288
243 289
273 290
185 291
68 292
176 293
242 294
103 295
244 296
255 297
293 298
33 299
266 300
128 301
3 302
72 303
165 304
71 305
64 306
3 307
253 308
299 309
234 310
272 311
234 312
311 313
207 314
177 315
181 316
26 317
216 318
156 319
21 320
177 321
58 322
131 323
15 324
71 325
57 326
257 327
281 328
319 329
157 330
195 331
173 332
81 333
215 334
73 335
335 336
313 337
102 338
61 339
241 340
88 341
316 342
322 343
215 344
1 345
137 346
35 347
256 348
96 349
187 350
147 351
116 352
64 353
179 354
277 355
121 356
220 357
59 358
35 359
355 360
130 361
32 362
207 363
274 364
30 365
304 366
156 367
8 368
277 369
196 370
76 371
132 372
70 373
141 374
237 375
108 376
326 377
271 378
257 379
373 380
323 381
108 382
70 383
134 384
372 385
11 386
346 387
170 388
293 389
386 390
237 391
86 392
157 393
317 394
276 395
159 396
314 397
170 398
79 399
290 400
266 401
314 402
113 403
106 404
68 405
72 406
278 407
99 408
316 409
154 410
305 411
260 412
255 413
160 414
135 415
224 416
362 417
119 418
226 419
42 420
314 421
34 422
185 423
171 424
58 425
140 426
406 427
211 428
187 429
426 430
268 431
49 432
153 433
140 434
91 435
324 436
261 437
129 438
432 439
323 440
249 441
183 442
329 443
407 444
29 445
231 446
343 447
53 448
362 449
432 450
87 451
434 452
80 453
151 454
112 455
303 456
295 457
124 458
329 459
359 460
173 461
299 462
298 463
125 464
117 465
125 466
421 467
109 468
339 469
256 470
333 471
401 472
370 473
225 474
470 475
455 476
355 477
246 478
303 479
55 480
51 481
129 482
237 483
247 484
304 485
170 486
269 487
483 488
91 489
229 490
21 491
406 492
462 493
343 494
382 495
262 496
401 497
244 498
345 499
377 500
115 501
282 502
133 503
61 504
340 505
347 506
410 507
102 508
420 509
293 510
148 511
53 512
372 513
483 514
85 515
376 516
432 517
269 518
151 519
206 520
328 521
374 522
159 523
436 524
207 525
211 526
355 527
287 528
355 529
199 530
144 531
273 532
376 533
166 534
438 535
430 536
303 537
438 538
395 539
323 540
495 541
41 542
427 543
152 544
282 545
469 546
359 547
214 548
290 549
216 550
276 551
1 552
501 553
150 554
459 555
555 556
535 557
482 558
221 559
167 560
58 561
523 562
89 563
172 564
231 565
404 566
273 567
54 568
76 569
553 570
186 571
561 572
87 573
417 574
299 575
214 576
522 577
308 578
199 579
173 580
389 581
484 582
522 583
295 584
9 585
370 586
311 587
36 588
354 589
58 590
145 591
25 592
65 593
166 594
152 595
343 596
560 597
469 598
356 599
553 600
593 601
312 602
103 603
141 604
284 605
207 606
499 607
362 608
513 609
19 610
362 611
67 612
90 613
313 614
378 615
425 616
136 617
324 618
487 619
215 620
388 621
315 622
207 623
110 624
300 625
425 626
251 627
272 628
456 629
189 630
101 631
513 632
457 633
539 634
596 635
129 636
635 637
261 638
634 639
36 640
190 641
232 642
615 643
428 644
417 645
391 646
39 647
623 648
46 649
443 650
178 651
108 652
342 653
582 654
102 655
143 656
136 657
605 658
516 659
416 660
411 661
457 662
438 663
135 664
331 665
642 666
533 667
203 668
204 669
474 670
617 671
13 672
191 673
370 674
314 675
586 676
426 677
429 678
227 679
532 680
73 681
186 682
606 683
142 684
282 685
640 686
657 687
1 688
578 689
567 690
317 691
192 692
271 693
404 694
384 695
53 696
583 697
517 698
608 699
306 700
91 701
64 702
538 703
662 704
617 705
168 706
247 707
548 708
128 709
419 710
315 711
3 712
124 713
490 714
157 715
84 716
180 717
338 718
73 719
458 720
678 721
138 722
517 723
246 724
258 725
130 726
140 727
202 728
339 729
227 730
198 731
653 732
54 733
487 734
117 735
359 736
26 737
547 738
60 739
559 740
678 741
321 742
138 743
193 744
375 745
465 746
609 747
316 748
514 749
100 750
724 751
696 752
736 753
549 754
751 755
303 756
39 757
605 758
467 759
321 760
92 761
552 762
452 763
519 764
455 765
717 766
761 767
280 768
17 769
295 770
365 771
336 772
248 773
468 774
184 775
119 776
156 777
10 778
283 779
53 780
740 781
272 782
241 783
414 784
692 785
644 786
53 787
318 788
418 789
208 790
556 791
147 792
192 793
63 794
210 795
225 796
225 797
87 798
322 799
226 800
488 801
36 802
324 803
781 804
676 805
253 806
781 807
389 808
323 809
659 810
289 811
258 812
293 813
80 814
12 815
335 816
707 817
306 818
153 819
154 820
638 821
67 822
12 823
304 824
160 825
740 826
114 827
806 828
295 829
431 830
658 831
567 832
476 833
518 834
362 835
143 836
630 837
215 838
328 839
198 840
86 841
287 842
673 843
592 844
292 845
73 846
806 847
616 848
829 849
659 850
384 851
606 852
586 853
254 854
637 855
60 856
247 857
111 858
213 859
764 860
741 861
402 862
10 863
499 864
485 865
698 866
197 867
344 868
778 869
359 870
683 871
742 872
273 873
69 874
441 875
51 876
28 877
357 878
61 879
822 880
742 881
686 882
808 883
111 884
613 885
381 886
155 887
379 888
341 889
648 890
824 891
9 892
276 893
708 894
865 895
676 896
707 897
38 898
698 899
121 900
717 901
836 902
667 903
888 904
226 905
630 906
813 907
517 908
680 909
594 910
275 911
278 912
268 913
429 914
262 915
213 916
251 917
41 918
183 919
180 920
701 921
619 922
859 923
570 924
86 925
606 926
811 927
808 928
226 929
293 930
881 931
224 932
873 933
295 934
311 935
538 936
114 937
466 938
653 939
157 940
199 941
99 942
124 943
901 944
2 945
793 946
52 947
453 948
569 949
633 950
294 951
830 952
672 953
249 954
237 955
758 956
47 957
285 958
277 959
836 960
313 961
289 962
391 963
522 964
845 965
108 966
48 967
445 968
437 969
356 970
300 971
312 972
579 973
962 974
967 975
605 976
452 977
332 978
92 979
733 980
352 981
786 982
939 983
790 984
936 985
331 986
775 987
510 988
361 989
668 990
769 991
433 992
885 993
620 994
659 995
370 996
780 997
760 998
364 999
80 1000
855 1001
372 1002
794 1003
120 1004
955 1005
140 1006
890 1007
505 1008
174 1009
140 1010
690 1011
160 1012
795 1013
662 1014
2 1015
712 1016
168 1017
496 1018
230 1019
806 1020
991 1021
336 1022
460 1023
171 1024
645 1025
195 1026
965 1027
696 1028
741 1029
630 1030
506 1031
377 1032
902 1033
778 1034
84 1035
722 1036
390 1037
340 1038
1005 1039
856 1040
312 1041
1033 1042
874 1043
819 1044
398 1045
100 1046
852 1047
995 1048
622 1049
505 1050
963 1051
74 1052
925 1053
696 1054
964 1055
934 1056
166 1057
986 1058
256 1059
342 1060
743 1061
351 1062
822 1063
256 1064
128 1065
417 1066
214 1067
456 1068
57 1069
70 1070
375 1071
771 1072
26 1073
797 1074
51 1075
594 1076
386 1077
588 1078
585 1079
729 1080
1054 1081
266 1082
133 1083
94 1084
733 1085
716 1086
232 1087
757 1088
560 1089
997 1090
850 1091
939 1092
794 1093
902 1094
1055 1095
810 1096
321 1097
373 1098
710 1099
338 1100
961 1101
7 1102
267 1103
331 1104
258 1105
63 1106
871 1107
851 1108
54 1109
678 1110
996 1111
311 1112
274 1113
40 1114
159 1115
544 1116
1064 1117
1037 1118
1108 1119
445 1120
816 1121
767 1122
881 1123
273 1124
587 1125
36 1126
715 1127
963 1128
578 1129
351 1130
96 1131
355 1132
826 1133
296 1134
489 1135
933 1136
294 1137
1035 1138
704 1139
860 1140
137 1141
855 1142
278 1143
724 1144
452 1145
124 1146
505 1147
239 1148
320 1149
707 1150
1 1151
980 1152
405 1153
299 1154
1040 1155
399 1156
1022 1157
559 1158
514 1159
436 1160
851 1161
1111 1162
615 1163
1158 1164
864 1165
341 1166
564 1167
530 1168
512 1169
895 1170
128 1171
178 1172
1040 1173
1021 1174
11 1175
802 1176
586 1177
40 1178
546 1179
300 1180
501 1181
686 1182
46 1183
593 1184
668 1185
486 1186
546 1187
627 1188
566 1189
783 1190
215 1191
889 1192
926 1193
490 1194
211 1195
819 1196
871 1197
944 1198
15 1199
980 1200
261 1201
693 1202
891 1203
394 1204
301 1205
307 1206
762 1207
533 1208
104 1209
893 1210
18 1211
405 1212
251 1213
655 1214
476 1215
573 1216
325 1217
984 1218
413 1219
82 1220
486 1221
484 1222
290 1223
34 1224
246 1225
185 1226
870 1227
214 1228
937 1229
1195 1230
675 1231
1014 1232
859 1233
657 1234
975 1235
665 1236
226 1237
687 1238
862 1239
542 1240
6 1241
1118 1242
30 1243
1038 1244
1163 1245
433 1246
1158 1247
1225 1248
933 1249
1002 1250
156 1251
487 1252
554 1253
91 1254
104 1255
527 1256
41 1257
1106 1258
411 1259
1108 1260
593 1261
682 1262
674 1263
1108 1264
317 1265
886 1266
662 1267
433 1268
563 1269
616 1270
249 1271
447 1272
518 1273
8 1274
587 1275
649 1276
869 1277
445 1278
87 1279
967 1280
558 1281
1180 1282
690 1283
835 1284
13 1285
997 1286
899 1287
868 1288
728 1289
1276 1290
241 1291
426 1292
833 1293
579 1294
1034 1295
1029 1296
1228 1297
871 1298
769 1299
331 1300
730 1301
1134 1302
1131 1303
216 1304
636 1305
781 1306
683 1307
827 1308
1165 1309
1305 1310
407 1311
379 1312
906 1313
537 1314
1096 1315
72 1316
511 1317
662 1318
393 1319
1090 1320
991 1321
1025 1322
401 1323
925 1324
55 1325
1206 1326
1181 1327
1224 1328
206 1329
1200 1330
20 1331
814 1332
468 1333
1062 1334
965 1335
63 1336
24 1337
453 1338
773 1339
709 1340
721 1341
324 1342
1270 1343
800 1344
83 1345
1046 1346
712 1347
1212 1348
598 1349
1116 1350
677 1351
1258 1352
609 1353
334 1354
410 1355
182 1356
274 1357
8 1358
716 1359
1238 1360
396 1361
1133 1362
83 1363
309 1364
609 1365
1042 1366
94 1367
1084 1368
945 1369
1272 1370
648 1371
703 1372
537 1373
479 1374
542 1375
786 1376
322 1377
71 1378
1067 1379
666 1380
837 1381
1072 1382
1130 1383
16 1384
863 1385
283 1386
826 1387
1117 1388
1022 1389
820 1390
1256 1391
504 1392
844 1393
207 1394
101 1395
94 1396
970 1397
502 1398
184 1399
63 1400
1237 1401
1127 1402
562 1403
530 1404
1341 1405
674 1406
199 1407
408 1408
401 1409
734 1410
703 1411
1206 1412
950 1413
97 1414
1098 1415
190 1416
801 1417
1012 1418
1165 1419
87 1420
602 1421
903 1422
1150 1423
1390 1424
488 1425
618 1426
617 1427
967 1428
1221 1429
1301 1430
1192 1431
1285 1432
516 1433
192 1434
986 1435
234 1436
363 1437
1187 1438
1326 1439
1305 1440
957 1441
412 1442
1319 1443
1075 1444
9 1445
1058 1446
546 1447
363 1448
1229 1449
1261 1450
584 1451
453 1452
507 1453
970 1454
791 1455
50 1456
141 1457
378 1458
451 1459
1106 1460
392 1461
1273 1462
1025 1463
194 1464
608 1465
1179 1466
813 1467
1041 1468
669 1469
740 1470
197 1471
662 1472
166 1473
736 1474
1212 1475
734 1476
551 1477
1390 1478
676 1479
1310 1480
679 1481
1073 1482
239 1483
1342 1484
1074 1485
1104 1486
971 1487
614 1488
513 1489
951 1490
949 1491
303 1492
1225 1493
230 1494
1123 1495
1359 1496
470 1497
1403 1498
862 1499
1243 1500
693 1501
888 1502
698 1503
1394 1504
394 1505
1178 1506
480 1507
125 1508
506 1509
481 1510
1202 1511
1309 1512
530 1513
728 1514
834 1515
404 1516
1377 1517
353 1518
378 1519
489 1520
1262 1521
1312 1522
1359 1523
574 1524
637 1525
1156 1526
1266 1527
306 1528
28 1529
5 1530
707 1531
1011 1532
1227 1533
49 1534
201 1535
83 1536
803 1537
32 1538
1259 1539
144 1540
690 1541
992 1542
1312 1543
1193 1544
557 1545
1209 1546
1418 1547
491 1548
466 1549
31 1550
104 1551
1028 1552
556 1553
1285 1554
531 1555
1186 1556
982 1557
1134 1558
1425 1559
19 1560
977 1561
482 1562
247 1563
308 1564
1315 1565
191 1566
369 1567
699 1568
369 1569
584 1570
1509 1571
1387 1572
1276 1573
91 1574
173 1575
742 1576
1246 1577
618 1578
126 1579
1479 1580
941 1581
1066 1582
374 1583
1438 1584
67 1585
469 1586
68 1587
9 1588
1134 1589
1252 1590
605 1591
806 1592
601 1593
986 1594
1534 1595
697 1596
906 1597
1365 1598
517 1599
112 1600
1317 1601
349 1602
678 1603
190 1604
43 1605
988 1606
307 1607
622 1608
529 1609
499 1610
1609 1611
478 1612
870 1613
240 1614
1073 1615
677 1616
1242 1617
292 1618
907 1619
189 1620
174 1621
914 1622
1390 1623
770 1624
1511 1625
1267 1626
1603 1627
1288 1628
469 1629
1367 1630
1611 1631
1147 1632
508 1633
1040 1634
350 1635
1486 1636
863 1637
1126 1638
328 1639
1300 1640
724 1641
421 1642
894 1643
1432 1644
1381 1645
871 1646
1547 1647
1079 1648
1587 1649
1038 1650
644 1651
665 1652
9 1653
1388 1654
1501 1655
1022 1656
1260 1657
302 1658
1483 1659
792 1660
823 1661
1589 1662
485 1663
1105 1664
207 1665
258 1666
1488 1667
373 1668
662 1669
228 1670
714 1671
79 1672
117 1673
637 1674
259 1675
1088 1676
820 1677
12 1678
1419 1679
1185 1680
1243 1681
350 1682
1053 1683
601 1684
703 1685
1351 1686
53 1687
1170 1688
88 1689
1479 1690
1464 1691
1124 1692
1635 1693
1605 1694
1064 1695
1289 1696
904 1697
703 1698
1526 1699
1371 1700
71 1701
957 1702
164 1703
562 1704
1504 1705
1542 1706
608 1707
1648 1708
29 1709
522 1710
535 1711
563 1712
1467 1713
426 1714
977 1715
977 1716
878 1717
249 1718
120 1719
234 1720
2 1721
352 1722
1576 1723
1711 1724
809 1725
929 1726
1011 1727
333 1728
1179 1729
241 1730
259 1731
160 1732
45 1733
1639 1734
688 1735
500 1736
86 1737
1245 1738
762 1739
773 1740
1324 1741
130 1742
975 1743
1256 1744
296 1745
82 1746
1532 1747
1467 1748
386 1749
891 1750
597 1751
1659 1752
780 1753
943 1754
1689 1755
9 1756
1449 1757
553 1758
1054 1759
388 1760
1047 1761
1231 1762
1576 1763
179 1764
799 1765
1505 1766
1296 1767
478 1768
865 1769
169 1770
179 1771
1020 1772
262 1773
1056 1774
1713 1775
506 1776
899 1777
912 1778
394 1779
1246 1780
986 1781
1395 1782
794 1783
259 1784
178 1785
119 1786
1305 1787
460 1788
1036 1789
1694 1790
148 1791
1499 1792
1642 1793
796 1794
421 1795
726 1796
25 1797
257 1798
827 1799
131 1800
1587 1801
1483 1802
1471 1803
1182 1804
1682 1805
915 1806
102 1807
877 1808
181 1809
1458 1810
231 1811
1497 1812
1277 1813
1810 1814
393 1815
1348 1816
1800 1817
871 1818
1565 1819
1575 1820
954 1821
1029 1822
1150 1823
1018 1824
1228 1825
1657 1826
1630 1827
1793 1828
1285 1829
1757 1830
1177 1831
596 1832
43 1833
1473 1834
510 1835
1458 1836
616 1837
1646 1838
1029 1839
751 1840
1187 1841
1652 1842
153 1843
139 1844
425 1845
1442 1846
1841 1847
69 1848
291 1849
1279 1850
1522 1851
1635 1852
371 1853
1589 1854
1699 1855
236 1856
1171 1857
267 1858
291 1859
578 1860
1416 1861
555 1862
1799 1863
51 1864
605 1865
517 1866
1101 1867
313 1868
701 1869
1763 1870
1868 1871
559 1872
685 1873
96 1874
296 1875
1664 1876
1260 1877
390 1878
1572 1879
1783 1880
1781 1881
703 1882
1119 1883
804 1884
1767 1885
560 1886
1678 1887
1360 1888
267 1889
1608 1890
1565 1891
337 1892
346 1893
1423 1894
987 1895
205 1896
1833 1897
611 1898
603 1899
151 1900
1406 1901
626 1902
1452 1903
710 1904
1563 1905
1333 1906
1348 1907
631 1908
92 1909
1894 1910
1354 1911
574 1912
1630 1913
1260 1914
554 1915
1567 1916
605 1917
185 1918
1223 1919
830 1920
913 1921
224 1922
944 1923
560 1924
254 1925
1840 1926
216 1927
1653 1928
1329 1929
992 1930
1405 1931
1019 1932
107 1933
364 1934
1090 1935
1817 1936
475 1937
654 1938
1143 1939
167 1940
953 1941
1126 1942
1709 1943
1688 1944
28 1945
1360 1946
1765 1947
1928 1948
695 1949
778 1950
309 1951
922 1952
60 1953
1362 1954
858 1955
364 1956
892 1957
692 1958
1113 1959
1317 1960
311 1961
631 1962
498 1963
904 1964
1511 1965
704 1966
405 1967
1373 1968
1712 1969
1967 1970
865 1971
1800 1972
1213 1973
309 1974
1170 1975
1640 1976
684 1977
1185 1978
841 1979
1410 1980
335 1981
1677 1982
1844 1983
1614 1984
947 1985
1584 1986
462 1987
1144 1988
1214 1989
833 1990
253 1991
1092 1992
755 1993
1771 1994
1986 1995
436 1996
348 1997
1627 1998
1458 1999
1204 2000
673 2001
361 2002
1864 2003
1242 2004
640 2005
400 2006
1458 2007
1641 2008
279 2009
1517 2010
846 2011
257 2012
586 2013
791 2014
1681 2015
932 2016
1909 2017
970 2018
842 2019
1734 2020
221 2021
47 2022
1916 2023
190 2024
1047 2025
999 2026
978 2027
1536 2028
706 2029
787 2030
1547 2031
320 2032
1353 2033
940 2034
1193 2035
1260 2036
1229 2037
271 2038
531 2039
554 2040
1139 2041
741 2042
1154 2043
817 2044
1606 2045
1639 2046
827 2047
820 2048
1001 2049
1528 2050
755 2051
744 2052
1675 2053
470 2054
1866 2055
1983 2056
17 2057
466 2058
699 2059
47 2060
1641 2061
789 2062
274 2063
144 2064
224 2065
439 2066
882 2067
1495 2068
1714 2069
845 2070
537 2071
1843 2072
1725 2073
1573 2074
1108 2075
1916 2076
460 2077
1930 2078
1010 2079
1272 2080
1635 2081
1837 2082
1787 2083
423 2084
1703 2085
509 2086
102 2087
355 2088
553 2089
647 2090
558 2091
1499 2092
594 2093
1149 2094
274 2095
1529 2096
478 2097
862 2098
260 2099
1721 2100
501 2101
377 2102
598 2103
837 2104
1482 2105
775 2106
1864 2107
1708 2108
1960 2109
1184 2110
1458 2111
1453 2112
1180 2113
1618 2114
2097 2115
1989 2116
500 2117
119 2118
621 2119
1347 2120
471 2121
1680 2122
1676 2123
1590 2124
1065 2125
880 2126
999 2127
1749 2128
1452 2129
430 2130
718 2131
471 2132
1683 2133
441 2134
1322 2135
676 2136
1550 2137
1445 2138
207 2139
1232 2140
949 2141
797 2142
584 2143
1077 2144
1067 2145
2107 2146
330 2147
187 2148
1060 2149
1401 2150
666 2151
27 2152
1307 2153
2104 2154
749 2155
676 2156
167 2157
278 2158
1432 2159
780 2160
1621 2161
1904 2162
520 2163
1359 2164
1704 2165
2051 2166
1439 2167
1572 2168
1759 2169
282 2170
140 2171
122 2172
1395 2173
1772 2174
1921 2175
1906 2176
352 2177
1638 2178
200 2179
20 2180
1592 2181
1996 2182
1451 2183
1101 2184
332 2185
459 2186
1673 2187
1837 2188
826 2189
412 2190
2185 2191
48 2192
708 2193
986 2194
750 2195
1139 2196
2095 2197
986 2198
1255 2199
1773 2200
1911 2201
1251 2202
354 2203
1770 2204
223 2205
1980 2206
754 2207
495 2208
1489 2209
1802 2210
1652 2211
879 2212
1874 2213
1490 2214
1310 2215
1477 2216
1039 2217
1278 2218
1159 2219
99 2220
1020 2221
1327 2222
164 2223
1176 2224
1821 2225
851 2226
2096 2227
888 2228
1169 2229
2181 2230
1660 2231
746 2232
1506 2233
1599 2234
1406 2235
66 2236
213 2237
866 2238
2136 2239
951 2240
2195 2241
1231 2242
127 2243
2231 2244
525 2245
313 2246
915 2247
2023 2248
1529 2249
1801 2250
1842 2251
2221 2252
1068 2253
1490 2254
659 2255
377 2256
898 2257
634 2258
53 2259
1573 2260
877 2261
1082 2262
1945 2263
2107 2264
1041 2265
2082 2266
524 2267
180 2268
1114 2269
460 2270
1730 2271
684 2272
2124 2273
464 2274
855 2275
257 2276
1668 2277
1606 2278
2270 2279
2114 2280
1491 2281
2154 2282
121 2283
1127 2284
1252 2285
2048 2286
1166 2287
35 2288
2104 2289
1925 2290
1465 2291
438 2292
2048 2293
1397 2294
363 2295
671 2296
2291 2297
1424 2298
1142 2299
1005 2300
2122 2301
1782 2302
381 2303
950 2304
319 2305
713 2306
1592 2307
1465 2308
1917 2309
503 2310
939 2311
2113 2312
1664 2313
1030 2314
1395 2315
1983 2316
124 2317
719 2318
1447 2319
2145 2320
2099 2321
122 2322
848 2323
14 2324
73 2325
737 2326
1855 2327
1059 2328
1230 2329
570 2330
2198 2331
389 2332
349 2333
1067 2334
927 2335
62 2336
1389 2337
1723 2338
2238 2339
2143 2340
461 2341
1638 2342
1742 2343
2239 2344
141 2345
1154 2346
1538 2347
822 2348
1806 2349
624 2350
379 2351
2252 2352
555 2353
1888 2354
2312 2355
1630 2356
430 2357
1650 2358
83 2359
1806 2360
667 2361
2120 2362
1812 2363
1187 2364
73 2365
766 2366
511 2367
70 2368
377 2369
555 2370
1608 2371
795 2372
1933 2373
1198 2374
1268 2375
765 2376
2355 2377
756 2378
1696 2379
1967 2380
1625 2381
1164 2382
1382 2383
1346 2384
1486 2385
992 2386
1994 2387
831 2388
579 2389
287 2390
930 2391
1864 2392
2152 2393
1902 2394
2254 2395
1957 2396
681 2397
1606 2398
980 2399
947 2400
143 2401
2188 2402
2060 2403
4 2404
1384 2405
1907 2406
2050 2407
426 2408
707 2409
389 2410
184 2411
412 2412
1367 2413
2081 2414
2095 2415
1140 2416
1146 2417
723 2418
384 2419
41 2420
1242 2421
399 2422
2320 2423
1851 2424
1250 2425
2080 2426
552 2427
2238 2428
1272 2429
1976 2430
929 2431
1393 2432
421 2433
1364 2434
2322 2435
167 2436
116 2437
945 2438
1955 2439
1517 2440
1027 2441
29 2442
827 2443
71 2444
796 2445
348 2446
1265 2447
1326 2448
1528 2449
1835 2450
2293 2451
370 2452
166 2453
217 2454
1179 2455
1904 2456
546 2457
2258 2458
1268 2459
1326 2460
913 2461
943 2462
1901 2463
805 2464
2321 2465
841 2466
1904 2467
509 2468
735 2469
294 2470
1040 2471
535 2472
2360 2473
1563 2474
1471 2475
2301 2476
26 2477
300 2478
2029 2479
1065 2480
2188 2481
1158 2482
785 2483
1920 2484
1342 2485
162 2486
2050 2487
1244 2488
133 2489
1098 2490
1078 2491
2424 2492
2483 2493
1208 2494
1515 2495
2451 2496
1004 2497
2306 2498
653 2499
564 2500
273 2501
1524 2502
860 2503
702 2504
678 2505
720 2506
1174 2507
2340 2508
653 2509
776 2510
1363 2511
2219 2512
1139 2513
715 2514
347 2515
2173 2516
212 2517
2449 2518
292 2519
2002 2520
272 2521
1288 2522
649 2523
1654 2524
1646 2525
2000 2526
155 2527
185 2528
1215 2529
1291 2530
1286 2531
12 2532
671 2533
534 2534
157 2535
334 2536
491 2537
2295 2538
1872 2539
1588 2540
443 2541
1114 2542
979 2543
1906 2544
952 2545
2070 2546
627 2547
1495 2548
289 2549
2027 2550
112 2551
1951 2552
729 2553
301 2554
847 2555
1864 2556
3 2557
1627 2558
1863 2559
1897 2560
1924 2561
1974 2562
589 2563
508 2564
1567 2565
631 2566
111 2567
475 2568
1327 2569
321 2570
2426 2571
1574 2572
378 2573
1109 2574
958 2575
2483 2576
1075 2577
735 2578
934 2579
1506 2580
460 2581
603 2582
126 2583
1937 2584
529 2585
2230 2586
1242 2587
1079 2588
844 2589
1485 2590
503 2591
1314 2592
1453 2593
2277 2594
166 2595
601 2596
635 2597
1792 2598
422 2599
1596 2600
1986 2601
1180 2602
1928 2603
1820 2604
1682 2605
222 2606
1642 2607
896 2608
411 2609
337 2610
865 2611
2076 2612
1663 2613
2261 2614
1035 2615
1268 2616
679 2617
745 2618
371 2619
1077 2620
2406 2621
655 2622
1632 2623
1560 2624
536 2625
1995 2626
31 2627
823 2628
1351 2629
1056 2630
750 2631
1814 2632
80 2633
1045 2634
1883 2635
869 2636
834 2637
1242 2638
899 2639
1366 2640
417 2641
2433 2642
975 2643
2642 2644
683 2645
1987 2646
85 2647
2324 2648
1560 2649
2432 2650
2554 2651
2484 2652
375 2653
304 2654
1098 2655
234 2656
2068 2657
443 2658
1361 2659
2057 2660
2143 2661
1906 2662
2652 2663
1651 2664
2283 2665
2410 2666
1589 2667
880 2668
465 2669
215 2670
215 2671
2223 2672
1346 2673
1061 2674
1622 2675
2032 2676
520 2677
225 2678
2431 2679
1112 2680
853 2681
1466 2682
1017 2683
2582 2684
2268 2685
1532 2686
2185 2687
478 2688
2585 2689
1127 2690
1704 2691
762 2692
1787 2693
2267 2694
276 2695
1616 2696
2181 2697
198 2698
586 2699
1840 2700
1243 2701
2152 2702
2409 2703
1913 2704
116 2705
9 2706
1456 2707
1801 2708
314 2709
457 2710
1359 2711
1866 2712
840 2713
1274 2714
124 2715
2005 2716
924 2717
2237 2718
1156 2719
2403 2720
492 2721
1093 2722
2308 2723
1484 2724
360 2725
1049 2726
204 2727
1316 2728
1141 2729
341 2730
739 2731
968 2732
2695 2733
2667 2734
2246 2735
2643 2736
95 2737
768 2738
1362 2739
209 2740
874 2741
328 2742
20 2743
2462 2744
1989 2745
1715 2746
1251 2747
801 2748
351 2749
876 2750
2127 2751
1880 2752
912 2753
642 2754
937 2755
2489 2756
647 2757
1970 2758
1165 2759
487 2760
919 2761
2565 2762
633 2763
11 2764
2062 2765
2673 2766
850 2767
2727 2768
695 2769
2477 2770
2453 2771
1065 2772
734 2773
2094 2774
2414 2775
781 2776
726 2777
2684 2778
1139 2779
359 2780
1287 2781
2672 2782
138 2783
2013 2784
2611 2785
2098 2786
1220 2787
997 2788
1042 2789
2347 2790
2670 2791
2275 2792
2215 2793
856 2794
1824 2795
2079 2796
1034 2797
416 2798
1952 2799
228 2800
1610 2801
2343 2802
1138 2803
1741 2804
2787 2805
1270 2806
2584 2807
403 2808
147 2809
1157 2810
131 2811
2711 2812
2489 2813
1679 2814
111 2815
1755 2816
946 2817
2470 2818
363 2819
605 2820
2589 2821
1023 2822
1322 2823
662 2824
598 2825
823 2826
905 2827
173 2828
513 2829
1792 2830
77 2831
518 2832
543 2833
818 2834
943 2835
413 2836
1491 2837
611 2838
1208 2839
2122 2840
2311 2841
116 2842
2191 2843
631 2844
34 2845
950 2846
2563 2847
7 2848
567 2849
1315 2850
2008 2851
152 2852
861 2853
2446 2854
2733 2855
818 2856
2517 2857
751 2858
1637 2859
557 2860
1861 2861
917 2862
911 2863
511 2864
729 2865
1969 2866
651 2867
1855 2868
1463 2869
1 2870
1356 2871
847 2872
220 2873
1658 2874
1277 2875
2804 2876
1400 2877
1089 2878
2806 2879
1004 2880
1132 2881
1916 2882
541 2883
1656 2884
89 2885
2323 2886
1314 2887
1677 2888
936 2889
1848 2890
2756 2891
652 2892
2855 2893
946 2894
2446 2895
1923 2896
2536 2897
74 2898
1583 2899
1309 2900
2315 2901
2400 2902
667 2903
1148 2904
1530 2905
2517 2906
188 2907
1047 2908
1437 2909
8 2910
1609 2911
2042 2912
2695 2913
889 2914
2586 2915
1834 2916
1976 2917
139 2918
1156 2919
844 2920
1113 2921
1211 2922
283 2923
2194 2924
584 2925
534 2926
724 2927
803 2928
2407 2929
2049 2930
1107 2931
948 2932
211 2933
665 2934
1910 2935
2420 2936
1990 2937
299 2938
1947 2939
1213 2940
2571 2941
118 2942
2821 2943
2543 2944
166 2945
2788 2946
94 2947
2596 2948
1376 2949
850 2950
1212 2951
2152 2952
2113 2953
2124 2954
772 2955
33 2956
709 2957
1263 2958
1900 2959
1143 2960
2094 2961
2142 2962
2696 2963
1659 2964
2122 2965
1826 2966
1831 2967
2925 2968
1621 2969
692 2970
1068 2971
468 2972
2537 2973
2413 2974
507 2975
2360 2976
2527 2977
454 2978
36 2979
1477 2980
565 2981
2772 2982
2271 2983
1942 2984
870 2985
318 2986
2347 2987
1860 2988
1479 2989
2564 2990
1303 2991
659 2992
354 2993
972 2994
1359 2995
2669 2996
2219 2997
2375 2998
2004 2999
1917 3000
2257 3001
552 3002
1381 3003
2721 3004
1886 3005
962 3006
2481 3007
653 3008
838 3009
480 3010
2095 3011
2728 3012
2767 3013
1115 3014
2008 3015
1636 3016
2610 3017
2234 3018
1111 3019
1371 3020
1143 3021
1957 3022
1509 3023
1881 3024
186 3025
1916 3026
874 3027
947 3028
1782 3029
387 3030
872 3031
1037 3032
2773 3033
218 3034
446 3035
2889 3036
2806 3037
313 3038
619 3039
1137 3040
151 3041
965 3042
283 3043
2176 3044
2202 3045
3025 3046
1487 3047
2189 3048
2085 3049
840 3050
1903 3051
760 3052
67 3053
2325 3054
1966 3055
2255 3056
2328 3057
2276 3058
2435 3059
2994 3060
1033 3061
1216 3062
2899 3063
2882 3064
1234 3065
587 3066
1841 3067
1451 3068
2715 3069
2408 3070
2994 3071
2089 3072
2629 3073
2941 3074
2666 3075
2744 3076
3036 3077
528 3078
3010 3079
386 3080
1709 3081
1741 3082
1515 3083
3025 3084
1676 3085
1357 3086
1452 3087
2431 3088
86 3089
2116 3090
1572 3091
1293 3092
849 3093
740 3094
2005 3095
1722 3096
2619 3097
1490 3098
767 3099
1434 3100
3053 3101
630 3102
2531 3103
1376 3104
2575 3105
865 3106
1626 3107
31 3108
504 3109
2538 3110
2765 3111
1893 3112
187 3113
456 3114
1675 3115
2450 3116
2344 3117
884 3118
860 3119
2220 3120
937 3121
706 3122
591 3123
3010 3124
2965 3125
1391 3126
646 3127
2780 3128
2932 3129
438 3130
1966 3131
1507 3132
496 3133
206 3134
1952 3135
1317 3136
1447 3137
1597 3138
700 3139
2043 3140
512 3141
533 3142
933 3143
146 3144
2893 3145
353 3146
392 3147
362 3148
2433 3149
938 3150
2233 3151
2169 3152
7 3153
2908 3154
240 3155
2706 3156
2270 3157
1698 3158
2152 3159
1190 3160
1817 3161
1627 3162
1459 3163
2569 3164
2746 3165
830 3166
1417 3167
2683 3168
1759 3169
383 3170
2953 3171
1877 3172
3039 3173
757 3174
1247 3175
2863 3176
2218 3177
3044 3178
2232 3179
1819 3180
2133 3181
3141 3182
2728 3183
2194 3184
2930 3185
2479 3186
1252 3187
1437 3188
841 3189
1896 3190
110 3191
796 3192
2372 3193
2550 3194
2897 3195
453 3196
1134 3197
824 3198
1011 3199
1540 3200
1354 3201
1110 3202
1682 3203
2352 3204
1238 3205
139 3206
2450 3207
1155 3208
777 3209
521 3210
403 3211
316 3212
2367 3213
1686 3214
1926 3215
2898 3216
948 3217
1243 3218
908 3219
2524 3220
922 3221
525 3222
997 3223
681 3224
3214 3225
2348 3226
308 3227
788 3228
853 3229
2210 3230
547 3231
117 3232
2817 3233
3217 3234
3107 3235
2436 3236
2042 3237
2218 3238
2902 3239
1068 3240
281 3241
2775 3242
1854 3243
1467 3244
2671 3245
4 3246
3011 3247
1889 3248
2515 3249
2846 3250
1402 3251
1806 3252
393 3253
2450 3254
2894 3255
1244 3256
2927 3257
595 3258
1801 3259
2147 3260
3052 3261
1240 3262
1257 3263
2159 3264
149 3265
2712 3266
90 3267
1011 3268
199 3269
250 3270
59 3271
1955 3272
2162 3273
1813 3274
3019 3275
993 3276
2126 3277
3074 3278
2160 3279
1418 3280
2363 3281
3175 3282
3195 3283
2889 3284
2356 3285
449 3286
1003 3287
1464 3288
854 3289
2718 3290
2186 3291
2192 3292
2894 3293
501 3294
1404 3295
1567 3296
61 3297
2049 3298
3056 3299
1643 3300
2228 3301
1154 3302
3225 3303
261 3304
917 3305
691 3306
1555 3307
1130 3308
2668 3309
283 3310
2724 3311
1653 3312
404 3313
2 3314
2475 3315
2300 3316
2848 3317
1312 3318
3259 3319
1287 3320
1409 3321
1692 3322
1912 3323
1238 3324
2211 3325
3037 3326
2547 3327
2880 3328
2970 3329
2289 3330
492 3331
1392 3332
142 3333
2342 3334
1267 3335
2774 3336
2015 3337
1298 3338
1013 3339
2279 3340
801 3341
2479 3342
1843 3343
3236 3344
1556 3345
2350 3346
171 3347
778 3348
3034 3349
2730 3350
3000 3351
3292 3352
2702 3353
1727 3354
2888 3355
3132 3356
2374 3357
2908 3358
2411 3359
797 3360
1194 3361
3177 3362
2962 3363
1501 3364
2621 3365
1404 3366
729 3367
920 3368
1516 3369
98 3370
501 3371
1148 3372
2467 3373
1478 3374
305 3375
2238 3376
1071 3377
769 3378
2514 3379
2011 3380
263 3381
1247 3382
1524 3383
2714 3384
1075 3385
1345 3386
1742 3387
2953 3388
2147 3389
2547 3390
2508 3391
93 3392
1876 3393
814 3394
132 3395
883 3396
3005 3397
375 3398
659 3399
1699 3400
2730 3401
574 3402
2937 3403
1802 3404
1573 3405
1246 3406
421 3407
1816 3408
2182 3409
628 3410
2718 3411
468 3412
2772 3413
2085 3414
51 3415
1456 3416
1998 3417
381 3418
817 3419
563 3420
3332 3421
932 3422
2067 3423
2065 3424
2655 3425
697 3426
1844 3427
3172 3428
45 3429
872 3430
784 3431
1372 3432
711 3433
2210 3434
2507 3435
1729 3436
1121 3437
163 3438
2591 3439
1046 3440
1720 3441
388 3442
881 3443
708 3444
2972 3445
2422 3446
771 3447
1928 3448
2361 3449
1002 3450
2469 3451
2118 3452
1585 3453
539 3454
2626 3455
2493 3456
1531 3457
2597 3458
1326 3459
402 3460
1769 3461
138 3462
3320 3463
517 3464
2964 3465
2834 3466
1183 3467
497 3468
1491 3469
2521 3470
190 3471
88 3472
1841 3473
2570 3474
2945 3475
3422 3476
2823 3477
3037 3478
3358 3479
1761 3480
1595 3481
2619 3482
3058 3483
2893 3484
2852 3485
2735 3486
1735 3487
2583 3488
339 3489
151 3490
1166 3491
675 3492
2234 3493
446 3494
2535 3495
2339 3496
3428 3497
2529 3498
1177 3499
2070 3500
2173 3501
263 3502
3457 3503
398 3504
1302 3505
1955 3506
2661 3507
646 3508
2528 3509
233 3510
973 3511
822 3512
1347 3513
2988 3514
299 3515
765 3516
1602 3517
604 3518
507 3519
1218 3520
2094 3521
3348 3522
825 3523
1227 3524
2051 3525
2616 3526
2487 3527
812 3528
2727 3529
1169 3530
2006 3531
2276 3532
3066 3533
3520 3534
1692 3535
553 3536
1749 3537
3151 3538
1619 3539
939 3540
1096 3541
1850 3542
1146 3543
2685 3544
2848 3545
216 3546
2357 3547
1817 3548
1428 3549
1697 3550
3244 3551
3478 3552
343 3553
3381 3554
3308 3555
2439 3556
2640 3557
3143 3558
82 3559
1539 3560
2571 3561
3041 3562
2581 3563
2659 3564
1469 3565
438 3566
1182 3567
2878 3568
1130 3569
1060 3570
2785 3571
2295 3572
1443 3573
1857 3574
281 3575
579 3576
1812 3577
2517 3578
904 3579
1026 3580
1109 3581
2588 3582
3313 3583
986 3584
2734 3585
923 3586
1498 3587
1138 3588
63 3589
757 3590
837 3591
2263 3592
55 3593
1727 3594
3558 3595
1883 3596
931 3597
3130 3598
892 3599
723 3600
1204 3601
304 3602
3087 3603
2397 3604
1626 3605
2402 3606
817 3607
2668 3608
3190 3609
454 3610
926 3611
1681 3612
3556 3613
732 3614
851 3615
1165 3616
146 3617
2942 3618
3069 3619
2778 3620
3076 3621
1314 3622
2785 3623
2783 3624
1541 3625
333 3626
639 3627
806 3628
1701 3629
2647 3630
1988 3631
197 3632
1442 3633
1001 3634
1336 3635
639 3636
2971 3637
3249 3638
1420 3639
2126 3640
1716 3641
1861 3642
59 3643
554 3644
2647 3645
2043 3646
1153 3647
1807 3648
3579 3649
2485 3650
2705 3651
345 3652
1088 3653
1391 3654
232 3655
1481 3656
965 3657
909 3658
2186 3659
2943 3660
2600 3661
3163 3662
3615 3663
2354 3664
1789 3665
2560 3666
693 3667
3138 3668
1434 3669
2873 3670
398 3671
3461 3672
2145 3673
294 3674
2309 3675
2054 3676
1254 3677
1205 3678
1324 3679
1710 3680
302 3681
991 3682
488 3683
866 3684
1973 3685
1216 3686
2144 3687
2250 3688
1742 3689
636 3690
1188 3691
887 3692
2668 3693
1964 3694
542 3695
1211 3696
2279 3697
2384 3698
3352 3699
2696 3700
2108 3701
1476 3702
2255 3703
146 3704
2817 3705
880 3706
1227 3707
1889 3708
1208 3709
1277 3710
527 3711
2641 3712
3283 3713
3107 3714
443 3715
3703 3716
1613 3717
2241 3718
1252 3719
1545 3720
2367 3721
686 3722
1192 3723
775 3724
3524 3725
3269 3726
888 3727
1513 3728
741 3729
1790 3730
2721 3731
2053 3732
3246 3733
1549 3734
291 3735
1197 3736
3420 3737
1855 3738
225 3739
2439 3740
1718 3741
3166 3742
3724 3743
2933 3744
2583 3745
206 3746
1989 3747
357 3748
680 3749
3531 3750
1617 3751
2265 3752
235 3753
2416 3754
1183 3755
3026 3756
2154 3757
105 3758
565 3759
1858 3760
1201 3761
435 3762
1800 3763
2140 3764
499 3765
77 3766
2185 3767
271 3768
3094 3769
2494 3770
1518 3771
1277 3772
222 3773
2546 3774
31 3775
2107 3776
2449 3777
1966 3778
2211 3779
3546 3780
1125 3781
2582 3782
68 3783
1853 3784
257 3785
2717 3786
1027 3787
3054 3788
471 3789
3202 3790
1030 3791
3602 3792
192 3793
2791 3794
2873 3795
1472 3796
1833 3797
943 3798
656 3799
1589 3800
2446 3801
873 3802
3558 3803
819 3804
660 3805
2331 3806
1959 3807
1753 3808
1091 3809
3195 3810
1099 3811
3224 3812
882 3813
1903 3814
1857 3815
2137 3816
2101 3817
3497 3818
2500 3819
3769 3820
1120 3821
1558 3822
2272 3823
132 3824
3816 3825
3332 3826
2647 3827
3394 3828
204 3829
990 3830
2795 3831
415 3832
479 3833
3133 3834
1610 3835
3678 3836
3529 3837
767 3838
678 3839
684 3840
3054 3841
3452 3842
2236 3843
232 3844
2565 3845
3633 3846
1680 3847
966 3848
280 3849
500 3850
1091 3851
1268 3852
91 3853
1945 3854
2086 3855
3742 3856
3275 3857
1993 3858
1276 3859
1391 3860
2435 3861
2084 3862
1048 3863
2511 3864
1723 3865
253 3866
2779 3867
933 3868
202 3869
316 3870
544 3871
2639 3872
181 3873
1311 3874
3317 3875
3123 3876
863 3877
2783 3878
1522 3879
797 3880
2085 3881
3764 3882
3025 3883
3 3884
3828 3885
1941 3886
139 3887
1402 3888
3490 3889
1879 3890
1910 3891
504 3892
3650 3893
111 3894
3657 3895
1792 3896
1043 3897
3564 3898
433 3899
3560 3900
395 3901
2232 3902
3380 3903
3175 3904
1704 3905
1186 3906
922 3907
1361 3908
2800 3909
144 3910
1958 3911
1762 3912
2387 3913
1617 3914
1297 3915
399 3916
1939 3917
1425 3918
3101 3919
1185 3920
2436 3921
860 3922
253 3923
1199 3924
2873 3925
3898 3926
518 3927
1780 3928
3631 3929
260 3930
2885 3931
2192 3932
3784 3933
682 3934
3330 3935
2328 3936
2730 3937
2396 3938
3514 3939
3220 3940
960 3941
393 3942
1970 3943
3163 3944
3275 3945
2774 3946
520 3947
3129 3948
2361 3949
3803 3950
1233 3951
3580 3952
2666 3953
1135 3954
2547 3955
3018 3956
3710 3957
1543 3958
2043 3959
1938 3960
3460 3961
1125 3962
1422 3963
3655 3964
1793 3965
1284 3966
2210 3967
2145 3968
740 3969
3307 3970
1723 3971
624 3972
1442 3973
1393 3974
1701 3975
3072 3976
3011 3977
149 3978
2029 3979
949 3980
3670 3981
2890 3982
2375 3983
519 3984
2498 3985
2850 3986
2428 3987
189 3988
3325 3989
2843 3990
2895 3991
2604 3992
2799 3993
2223 3994
181 3995
776 3996
214 3997
1537 3998
562 3999
1792 4000
555 4001
1334 4002
2618 4003
3992 4004
3248 4005
2849 4006
3009 4007
3841 4008
402 4009
2776 4010
579 4011
1374 4012
339 4013
2415 4014
891 4015
1402 4016
3579 4017
1704 4018
1294 4019
859 4020
1568 4021
2870 4022
3128 4023
3795 4024
1183 4025
1462 4026
518 4027
3344 4028
978 4029
1415 4030
3712 4031
2399 4032
1058 4033
1384 4034
1466 4035
2581 4036
3872 4037
3499 4038
3064 4039
2872 4040
699 4041
3379 4042
3723 4043
1475 4044
3173 4045
2099 4046
3466 4047
2561 4048
2516 4049
3344 4050
679 4051
2770 4052
2168 4053
1988 4054
157 4055
3233 4056
1223 4057
1873 4058
1006 4059
93 4060
366 4061
394 4062
2060 4063
1044 4064
1742 4065
1614 4066
473 4067
1803 4068
3292 4069
3417 4070
1104 4071
252 4072
4040 4073
2081 4074
921 4075
3495 4076
770 4077
3545 4078
3315 4079
2334 4080
91 4081
787 4082
3204 4083
2712 4084
3995 4085
632 4086
1692 4087
3823 4088
1879 4089
2507 4090
1010 4091
1850 4092
2124 4093
541 4094
3183 4095
2363 4096
1224 4097
2823 4098
3020 4099
1022 4100
3063 4101
662 4102
1568 4103
3594 4104
2367 4105
2115 4106
2538 4107
3621 4108
2302 4109
3733 4110
1594 4111
1149 4112
345 4113
561 4114
3190 4115
1731 4116
1778 4117
3833 4118
3779 4119
2785 4120
661 4121
1217 4122
1865 4123
2312 4124
756 4125
1432 4126
3279 4127
108 4128
3458 4129
326 4130
1255 4131
3194 4132
3966 4133
2649 4134
3763 4135
3674 4136
1560 4137
2803 4138
2569 4139
972 4140
1464 4141
3230 4142
496 4143
1098 4144
3355 4145
3940 4146
180 4147
1655 4148
4106 4149
2809 4150
1360 4151
2353 4152
3745 4153
229 4154
1143 4155
879 4156
1972 4157
779 4158
3135 4159
3812 4160
3606 4161
73 4162
2654 4163
924 4164
1681 4165
229 4166
3796 4167
378 4168
2748 4169
3293 4170
1753 4171
994 4172
69 4173
3682 4174
2476 4175
2609 4176
2059 4177
3694 4178
2283 4179
2719 4180
371 4181
2414 4182
274 4183
521 4184
63 4185
1571 4186
968 4187
3012 4188
2156 4189
3793 4190
1549 4191
1667 4192
1282 4193
2123 4194
16 4195
2911 4196
1282 4197
3786 4198
431 4199
1810 4200
3882 4201
3079 4202
3433 4203
2814 4204
3927 4205
569 4206
1378 4207
1549 4208
2656 4209
156 4210
2703 4211
85 4212
695 4213
1990 4214
1107 4215
1573 4216
2355 4217
414 4218
382 4219
1377 4220
34 4221
394 4222
1440 4223
4126 4224
1035 4225
451 4226
2171 4227
1949 4228
838 4229
3318 4230
1814 4231
3314 4232
1246 4233
3200 4234
2472 4235
1194 4236
3657 4237
930 4238
117 4239
580 4240
3780 4241
2476 4242
681 4243
4083 4244
2642 4245
4107 4246
1929 4247
1884 4248
3926 4249
1697 4250
1599 4251
4034 4252
3115 4253
2763 4254
1980 4255
3284 4256
1182 4257
4100 4258
1471 4259
1465 4260
1082 4261
3903 4262
3330 4263
2979 4264
977 4265
68 4266
868 4267
4145 4268
995 4269
1862 4270
2480 4271
2303 4272
3734 4273
2628 4274
1785 4275
2154 4276
1618 4277
4269 4278
2992 4279
2697 4280
1543 4281
1226 4282
3356 4283
3247 4284
3364 4285
1238 4286
2188 4287
1419 4288
352 4289
2580 4290
1183 4291
2397 4292
3993 4293
562 4294
2185 4295
4263 4296
4003 4297
1110 4298
4213 4299
2346 4300
3369 4301
353 4302
845 4303
2152 4304
3232 4305
1779 4306
1336 4307
1551 4308
2411 4309
1740 4310
477 4311
3942 4312
2575 4313
3141 4314
3382 4315
2118 4316
964 4317
2538 4318
1612 4319
2076 4320
2840 4321
948 4322
3669 4323
2487 4324
328 4325
1800 4326
3019 4327
710 4328
1073 4329
1378 4330
1665 4331
2788 4332
2727 4333
3987 4334
1592 4335
3275 4336
3454 4337
455 4338
3007 4339
3127 4340
1521 4341
733 4342
1816 4343
1067 4344
194 4345
579 4346
3990 4347
4080 4348
1389 4349
1148 4350
3795 4351
2020 4352
2511 4353
3641 4354
4323 4355
223 4356
3957 4357
338 4358
3712 4359
1219 4360
670 4361
1610 4362
1686 4363
2180 4364
2143 4365
4118 4366
2314 4367
1129 4368
2542 4369
2859 4370
3189 4371
2358 4372
402 4373
3695 4374
3226 4375
1428 4376
3759 4377
1917 4378
4122 4379
3603 4380
2819 4381
1215 4382
2152 4383
1783 4384
4340 4385
4289 4386
2873 4387
120 4388
533 4389
2558 4390
280 4391
3008 4392
50 4393
1056 4394
713 4395
2494 4396
3681 4397
2408 4398
182 4399
1465 4400
1126 4401
2685 4402
3503 4403
480 4404
2585 4405
683 4406
3500 4407
2852 4408
452 4409
2400 4410
180 4411
3388 4412
616 4413
1300 4414
2399 4415
974 4416
3415 4417
1649 4418
4328 4419
1003 4420
1818 4421
3239 4422
1612 4423
945 4424
3586 4425
2736 4426
2859 4427
446 4428
536 4429
2974 4430
2925 4431
505 4432
2901 4433
2700 4434
2526 4435
2411 4436
2924 4437
682 4438
4205 4439
996 4440
2206 4441
2088 4442
2655 4443
1784 4444
2772 4445
3553 4446
909 4447
2346 4448
2799 4449
4189 4450
2624 4451
1258 4452
3234 4453
4350 4454
756 4455
2314 4456
3415 4457
2979 4458
2519 4459
1013 4460
4424 4461
1361 4462
127 4463
2720 4464
2584 4465
3708 4466
3160 4467
2000 4468
873 4469
867 4470
1889 4471
2298 4472
3547 4473
3994 4474
1320 4475
2365 4476
3569 4477
3298 4478
2266 4479
395 4480
1890 4481
3085 4482
2368 4483
3936 4484
3137 4485
4252 4486
946 4487
3205 4488
2605 4489
1476 4490
1863 4491
988 4492
2838 4493
2572 4494
265 4495
4451 4496
1172 4497
3191 4498
2771 4499
2519 4500
4161 4501
2126 4502
3801 4503
2391 4504
4157 4505
2321 4506
3430 4507
2904 4508
3342 4509
864 4510
140 4511
1280 4512
2259 4513
1989 4514
2157 4515
3226 4516
1940 4517
935 4518
1422 4519
3508 4520
302 4521
2558 4522
883 4523
1124 4524
3815 4525
3340 4526
3920 4527
3089 4528
383 4529
2888 4530
3994 4531
2146 4532
4456 4533
2398 4534
1391 4535
766 4536
1836 4537
1802 4538
3721 4539
4123 4540
1091 4541
3895 4542
43 4543
3706 4544
392 4545
1556 4546
1635 4547
2248 4548
3577 4549
789 4550
259 4551
1218 4552
1839 4553
2454 4554
1834 4555
1026 4556
4292 4557
2484 4558
4211 4559
2998 4560
3040 4561
3665 4562
4376 4563
2871 4564
3080 4565
3059 4566
2567 4567
2621 4568
514 4569
576 4570
4471 4571
2802 4572
79 4573
4013 4574
2454 4575
531 4576
2566 4577
3940 4578
1311 4579
2711 4580
1296 4581
92 4582
1956 4583
2941 4584
3612 4585
1482 4586
1363 4587
662 4588
2261 4589
2421 4590
2775 4591
4340 4592
2376 4593
3987 4594
3540 4595
3961 4596
2787 4597
3652 4598
2371 4599
254 4600
1929 4601
2657 4602
119 4603
2153 4604
4578 4605
469 4606
3379 4607
3187 4608
3024 4609
3511 4610
4590 4611
3472 4612
3221 4613
4057 4614
189 4615
2400 4616
2170 4617
1120 4618
3932 4619
3166 4620
3346 4621
900 4622
3899 4623
421 4624
4471 4625
556 4626
2623 4627
711 4628
741 4629
3947 4630
1163 4631
2592 4632
2915 4633
188 4634
2073 4635
3275 4636
2583 4637
3142 4638
3864 4639
1566 4640
2797 4641
1151 4642
491 4643
3938 4644
3884 4645
2271 4646
1701 4647
2890 4648
4063 4649
4617 4650
3962 4651
515 4652
184 4653
2700 4654
3316 4655
3150 4656
1132 4657
880 4658
2737 4659
3798 4660
2887 4661
2940 4662
4519 4663
1152 4664
1125 4665
1022 4666
4183 4667
302 4668
3123 4669
2589 4670
2362 4671
963 4672
3604 4673
3064 4674
3027 4675
1957 4676
478 4677
1679 4678
317 4679
3584 4680
4647 4681
2412 4682
4148 4683
3451 4684
1588 4685
3885 4686
3614 4687
423 4688
2888 4689
4025 4690
4445 4691
4109 4692
1 4693
720 4694
2155 4695
1801 4696
3571 4697
4455 4698
1651 4699
2837 4700
3193 4701
1270 4702
1065 4703
1307 4704
2534 4705
4664 4706
1512 4707
3999 4708
345 4709
3143 4710
308 4711
4558 4712
2167 4713
3508 4714
2228 4715
1084 4716
694 4717
1383 4718
1942 4719
4666 4720
2649 4721
3539 4722
1653 4723
2790 4724
1690 4725
1712 4726
3819 4727
3846 4728
2919 4729
4649 4730
4077 4731
3644 4732
3872 4733
1650 4734
4597 4735
3316 4736
728 4737
3096 4738
4225 4739
2553 4740
3511 4741
791 4742
241 4743
2821 4744
4294 4745
554 4746
3745 4747
4017 4748
3449 4749
3427 4750
2459 4751
355 4752
2570 4753
3132 4754
2574 4755
1691 4756
1431 4757
4490 4758
4609 4759
1004 4760
4580 4761
3265 4762
2945 4763
859 4764
1417 4765
2001 4766
840 4767
1381 4768
3376 4769
4460 4770
4138 4771
3493 4772
3817 4773
4214 4774
2831 4775
4693 4776
659 4777
941 4778
1701 4779
4090 4780
650 4781
164 4782
1179 4783
3544 4784
2479 4785
1228 4786
232 4787
3392 4788
3205 4789
4311 4790
136 4791
730 4792
3908 4793
1478 4794
2881 4795
3053 4796
465 4797
670 4798
2407 4799
2499 4800
219 4801
4104 4802
3473 4803
1775 4804
1537 4805
3539 4806
1992 4807
3757 4808
2334 4809
3327 4810
4629 4811
1638 4812
4241 4813
1084 4814
2717 4815
3729 4816
4740 4817
4608 4818
3305 4819
3454 4820
1256 4821
2282 4822
295 4823
2110 4824
2021 4825
3996 4826
1425 4827
1855 4828
3475 4829
3200 4830
3100 4831
2877 4832
2016 4833
2637 4834
4380 4835
3173 4836
4226 4837
3145 4838
945 4839
89 4840
2986 4841
3175 4842
2155 4843
3374 4844
385 4845
3056 4846
3553 4847
1951 4848
2883 4849
2470 4850
728 4851
1607 4852
1042 4853
1190 4854
536 4855
1099 4856
4575 4857
4090 4858
4758 4859
692 4860
3520 4861
429 4862
4306 4863
1825 4864
1502 4865
2631 4866
2961 4867
15 4868
3077 4869
835 4870
4858 4871
3022 4872
3416 4873
3375 4874
2272 4875
3592 4876
3637 4877
2436 4878
3375 4879
508 4880
59 4881
4810 4882
4400 4883
2275 4884
4553 4885
1492 4886
3826 4887
2006 4888
4880 4889
2185 4890
1693 4891
4846 4892
1952 4893
4323 4894
2365 4895
2813 4896
3994 4897
3705 4898
2774 4899
2865 4900
2687 4901
939 4902
2894 4903
4706 4904
4547 4905
344 4906
4464 4907
558 4908
345 4909
798 4910
1933 4911
2423 4912
449 4913
1135 4914
4383 4915
2733 4916
3354 4917
4321 4918
1113 4919
1527 4920
3290 4921
1229 4922
2712 4923
1743 4924
1088 4925
1983 4926
2084 4927
610 4928
3565 4929
3731 4930
4726 4931
216 4932
1307 4933
2600 4934
2546 4935
456 4936
3384 4937
4211 4938
1733 4939
1319 4940
873 4941
1057 4942
2606 4943
1152 4944
1956 4945
3154 4946
1324 4947
1112 4948
3235 4949
1581 4950
3041 4951
2364 4952
575 4953
166 4954
1030 4955
4452 4956
986 4957
3190 4958
260 4959
1465 4960
2998 4961
3128 4962
4011 4963
3591 4964
4925 4965
2373 4966
4549 4967
400 4968
3438 4969
1482 4970
3390 4971
639 4972
2338 4973
3006 4974
1430 4975
3468 4976
1658 4977
4352 4978
954 4979
2158 4980
3990 4981
3618 4982
3500 4983
1038 4984
275 4985
523 4986
4748 4987
4325 4988
250 4989
3973 4990
3320 4991
3260 4992
1364 4993
3058 4994
2120 4995
3548 4996
763 4997
469 4998
1068 4999
2138 5000
