1 2
2 3
2 4
3 5
3 6
4 7
1 8
5 9
6 10
4 11
8 12
4 13
3 14
2 15
12 16
6 17
4 18
4 19
11 20
11 21
20 22
13 23
19 24
4 25
10 26
6 27
26 28
20 29
27 30
21 31
3 32
23 33
17 34
2 35
8 36
16 37
13 38
24 39
31 40
37 41
37 42
25 43
4 44
20 45
33 46
4 47
32 48
36 49
25 50
26 51
38 52
51 53
40 54
31 55
50 56
9 57
16 58
8 59
35 60
37 61
17 62
6 63
46 64
29 65
61 66
18 67
27 68
37 69
48 70
41 71
2 72
29 73
18 74
20 75
21 76
8 77
3 78
7 79
62 80
29 81
65 82
31 83
20 84
18 85
71 86
71 87
28 88
85 89
63 90
22 91
25 92
50 93
79 94
8 95
53 96
37 97
41 98
39 99
43 100
58 101
22 102
13 103
42 104
29 105
1 106
55 107
104 108
25 109
56 110
26 111
105 112
110 113
75 114
38 115
24 116
56 117
4 118
39 119
101 120
9 121
4 122
36 123
5 124
31 125
121 126
31 127
87 128
85 129
41 130
126 131
7 132
27 133
71 134
116 135
23 136
66 137
97 138
131 139
8 140
42 141
101 142
13 143
78 144
12 145
129 146
54 147
127 148
118 149
48 150
17 151
116 152
124 153
46 154
32 155
128 156
22 157
96 158
117 159
52 160
48 161
1 162
75 163
155 164
105 165
50 166
109 167
87 168
96 169
6 170
100 171
6 172
23 173
6 174
138 175
118 176
52 177
157 178
141 179
56 180
26 181
145 182
66 183
22 184
132 185
15 186
120 187
22 188
131 189
44 190
74 191
2 192
140 193
129 194
54 195
8 196
8 197
50 198
27 199
107 200
194 201
144 202
74 203
106 204
34 205
48 206
90 207
146 208
44 209
89 210
4 211
70 212
192 213
130 214
54 215
33 216
5 217
165 218
90 219
19 220
35 221
84 222
33 223
108 224
51 225
44 226
144 227
78 228
21 229
128 230
90 231
196 232
40 233
2 234
131 235
211 236
26 237
229 238
105 239
180 240
177 241
119 242
237 243
232 244
192 245
115 246
134 247
1 248
7 249
8 250
125 251
22 252
97 253
136 254
99 255
40 256
174 257
142 258
156 259
73 260
217 261
256 262
111 263
208 264
160 265
132 266
264 267
142 268
204 269
74 270
104 271
68 272
169 273
11 274
269 275
234 276
202 277
191 278
98 279
252 280
39 281
215 282
189 283
281 284
73 285
194 286
154 287
138 288
282 289
8 290
274 291
5 292
158 293
264 294
204 295
72 296
103 297
236 298
79 299
83 300
259 301
179 302
294 303
283 304
174 305
256 306
220 307
268 308
54 309
208 310
217 311
99 312
105 313
213 314
55 315
284 316
205 317
302 318
253 319
247 320
136 321
48 322
185 323
179 324
263 325
297 326
210 327
325 328
222 329
218 330
211 331
144 332
183 333
110 334
39 335
296 336
191 337
203 338
30 339
236 340
6 341
328 342
337 343
216 344
216 345
257 346
288 347
216 348
76 349
262 350
172 351
316 352
95 353
247 354
297 355
69 356
214 357
202 358
169 359
18 360
358 361
26 362
45 363
67 364
173 365
71 366
347 367
337 368
97 369
221 370
309 371
238 372
220 373
243 374
23 375
191 376
222 377
81 378
356 379
291 380
86 381
366 382
146 383
287 384
245 385
333 386
23 387
113 388
219 389
11 390
71 391
109 392
104 393
181 394
98 395
81 396
29 397
75 398
141 399
157 400
400 401
148 402
386 403
61 404
274 405
383 406
205 407
382 408
373 409
50 410
380 411
156 412
377 413
223 414
52 415
308 416
22 417
401 418
19 419
101 420
358 421
20 422
109 423
111 424
316 425
1 426
108 427
377 428
44 429
262 430
425 431
31 432
63 433
4 434
67 435
330 436
181 437
386 438
247 439
423 440
388 441
248 442
378 443
190 444
310 445
409 446
316 447
72 448
68 449
61 450
314 451
221 452
351 453
431 454
282 455
165 456
214 457
347 458
152 459
180 460
243 461
331 462
406 463
368 464
425 465
11 466
431 467
186 468
339 469
387 470
368 471
159 472
414 473
48 474
358 475
261 476
195 477
36 478
417 479
213 480
202 481
173 482
39 483
96 484
420 485
272 486
325 487
57 488
172 489
108 490
372 491
407 492
53 493
56 494
257 495
272 496
95 497
436 498
253 499
246 500
124 501
404 502
93 503
8 504
58 505
103 506
305 507
147 508
413 509
53 510
121 511
427 512
110 513
340 514
337 515
432 516
496 517
424 518
135 519
166 520
461 521
139 522
133 523
471 524
45 525
222 526
471 527
163 528
282 529
342 530
334 531
265 532
290 533
529 534
20 535
414 536
76 537
184 538
396 539
300 540
505 541
536 542
234 543
168 544
521 545
392 546
486 547
56 548
18 549
291 550
61 551
380 552
390 553
488 554
246 555
290 556
235 557
273 558
179 559
207 560
146 561
240 562
284 563
45 564
157 565
169 566
410 567
511 568
81 569
485 570
280 571
22 572
290 573
37 574
82 575
404 576
332 577
86 578
316 579
422 580
442 581
414 582
344 583
474 584
97 585
578 586
344 587
436 588
62 589
305 590
67 591
496 592
119 593
281 594
525 595
393 596
349 597
421 598
408 599
191 600
12 601
312 602
436 603
324 604
316 605
189 606
145 607
226 608
432 609
507 610
158 611
219 612
248 613
609 614
310 615
288 616
292 617
429 618
329 619
215 620
610 621
333 622
182 623
475 624
364 625
59 626
576 627
66 628
491 629
483 630
289 631
131 632
623 633
462 634
164 635
309 636
49 637
344 638
167 639
177 640
599 641
172 642
425 643
421 644
205 645
286 646
198 647
111 648
6 649
544 650
376 651
233 652
218 653
532 654
103 655
157 656
537 657
553 658
326 659
74 660
575 661
298 662
532 663
244 664
458 665
341 666
471 667
611 668
485 669
200 670
180 671
183 672
624 673
313 674
232 675
656 676
294 677
484 678
320 679
345 680
283 681
153 682
27 683
109 684
110 685
554 686
399 687
566 688
307 689
662 690
425 691
580 692
393 693
423 694
101 695
251 696
484 697
168 698
105 699
334 700
437 701
346 702
251 703
696 704
475 705
599 706
248 707
253 708
447 709
192 710
434 711
405 712
138 713
665 714
673 715
299 716
568 717
551 718
379 719
167 720
355 721
486 722
579 723
286 724
411 725
19 726
181 727
495 728
194 729
413 730
469 731
504 732
578 733
518 734
692 735
696 736
172 737
554 738
330 739
636 740
32 741
330 742
450 743
137 744
707 745
21 746
301 747
674 748
173 749
710 750
241 751
119 752
415 753
348 754
42 755
536 756
167 757
707 758
171 759
622 760
305 761
376 762
516 763
279 764
306 765
125 766
629 767
135 768
433 769
732 770
765 771
625 772
274 773
659 774
161 775
10 776
756 777
124 778
490 779
404 780
134 781
522 782
650 783
586 784
778 785
761 786
376 787
453 788
370 789
366 790
251 791
349 792
482 793
197 794
346 795
400 796
453 797
525 798
589 799
699 800
334 801
297 802
342 803
288 804
495 805
152 806
753 807
551 808
63 809
670 810
51 811
555 812
128 813
100 814
274 815
578 816
136 817
755 818
283 819
366 820
804 821
334 822
66 823
675 824
520 825
468 826
154 827
383 828
329 829
720 830
394 831
388 832
377 833
340 834
580 835
318 836
806 837
326 838
779 839
30 840
317 841
60 842
609 843
343 844
582 845
464 846
630 847
350 848
629 849
275 850
234 851
725 852
536 853
731 854
68 855
674 856
310 857
307 858
595 859
748 860
191 861
241 862
571 863
741 864
508 865
612 866
299 867
298 868
759 869
846 870
558 871
257 872
404 873
112 874
738 875
540 876
306 877
563 878
856 879
378 880
441 881
756 882
507 883
252 884
805 885
514 886
304 887
146 888
250 889
641 890
105 891
661 892
279 893
583 894
381 895
781 896
27 897
27 898
854 899
340 900
56 901
597 902
385 903
58 904
547 905
672 906
691 907
192 908
808 909
340 910
32 911
864 912
226 913
479 914
635 915
236 916
830 917
228 918
784 919
470 920
80 921
892 922
266 923
134 924
333 925
239 926
307 927
800 928
295 929
105 930
677 931
43 932
865 933
322 934
103 935
642 936
185 937
532 938
783 939
150 940
258 941
96 942
872 943
393 944
137 945
396 946
649 947
32 948
575 949
198 950
271 951
151 952
167 953
63 954
863 955
925 956
909 957
325 958
561 959
582 960
277 961
548 962
151 963
409 964
93 965
834 966
625 967
926 968
911 969
223 970
920 971
837 972
67 973
967 974
278 975
3 976
583 977
22 978
364 979
922 980
969 981
454 982
792 983
828 984
455 985
319 986
612 987
944 988
365 989
770 990
580 991
473 992
453 993
251 994
156 995
986 996
365 997
907 998
963 999
409 1000
353 1001
983 1002
922 1003
491 1004
587 1005
563 1006
567 1007
459 1008
385 1009
745 1010
157 1011
278 1012
742 1013
401 1014
108 1015
265 1016
1009 1017
47 1018
104 1019
960 1020
237 1021
606 1022
832 1023
790 1024
472 1025
160 1026
346 1027
48 1028
1020 1029
46 1030
125 1031
500 1032
90 1033
293 1034
270 1035
615 1036
35 1037
352 1038
830 1039
152 1040
158 1041
772 1042
884 1043
555 1044
780 1045
273 1046
328 1047
615 1048
589 1049
155 1050
8 1051
228 1052
1005 1053
574 1054
1046 1055
376 1056
54 1057
823 1058
650 1059
200 1060
728 1061
736 1062
1047 1063
162 1064
117 1065
914 1066
500 1067
671 1068
700 1069
154 1070
528 1071
230 1072
734 1073
20 1074
840 1075
1031 1076
387 1077
853 1078
949 1079
483 1080
772 1081
898 1082
293 1083
140 1084
774 1085
810 1086
685 1087
1045 1088
1050 1089
729 1090
52 1091
4 1092
416 1093
386 1094
259 1095
917 1096
450 1097
760 1098
605 1099
589 1100
628 1101
35 1102
24 1103
285 1104
199 1105
298 1106
140 1107
603 1108
40 1109
81 1110
183 1111
323 1112
1000 1113
51 1114
219 1115
588 1116
631 1117
1109 1118
781 1119
1069 1120
116 1121
1002 1122
549 1123
505 1124
332 1125
970 1126
354 1127
340 1128
974 1129
816 1130
1118 1131
1003 1132
345 1133
746 1134
68 1135
691 1136
74 1137
416 1138
630 1139
278 1140
313 1141
1097 1142
218 1143
711 1144
184 1145
1056 1146
629 1147
1076 1148
1088 1149
1137 1150
177 1151
391 1152
836 1153
880 1154
27 1155
737 1156
1114 1157
313 1158
1058 1159
66 1160
1020 1161
330 1162
1138 1163
40 1164
741 1165
165 1166
664 1167
917 1168
24 1169
158 1170
985 1171
749 1172
551 1173
812 1174
572 1175
119 1176
1152 1177
111 1178
420 1179
711 1180
1006 1181
286 1182
995 1183
870 1184
52 1185
855 1186
309 1187
87 1188
511 1189
1127 1190
1144 1191
377 1192
371 1193
780 1194
983 1195
599 1196
1097 1197
179 1198
705 1199
234 1200
894 1201
1053 1202
841 1203
1092 1204
731 1205
780 1206
1076 1207
1125 1208
947 1209
910 1210
366 1211
1046 1212
1094 1213
237 1214
53 1215
534 1216
762 1217
775 1218
454 1219
270 1220
244 1221
70 1222
334 1223
571 1224
310 1225
413 1226
458 1227
448 1228
667 1229
738 1230
831 1231
1208 1232
842 1233
150 1234
256 1235
372 1236
184 1237
678 1238
3 1239
1147 1240
896 1241
1055 1242
488 1243
119 1244
475 1245
620 1246
9 1247
450 1248
765 1249
783 1250
1008 1251
445 1252
1213 1253
946 1254
25 1255
150 1256
87 1257
979 1258
505 1259
1134 1260
52 1261
865 1262
728 1263
290 1264
332 1265
703 1266
245 1267
358 1268
689 1269
109 1270
80 1271
1022 1272
62 1273
971 1274
631 1275
467 1276
1263 1277
1010 1278
753 1279
1032 1280
943 1281
893 1282
365 1283
294 1284
394 1285
1159 1286
1066 1287
520 1288
458 1289
1288 1290
363 1291
1095 1292
504 1293
1024 1294
1060 1295
910 1296
68 1297
845 1298
1014 1299
206 1300
655 1301
645 1302
562 1303
836 1304
1145 1305
47 1306
1105 1307
852 1308
822 1309
412 1310
869 1311
442 1312
547 1313
697 1314
440 1315
658 1316
667 1317
720 1318
272 1319
517 1320
143 1321
1209 1322
264 1323
1033 1324
423 1325
650 1326
87 1327
799 1328
922 1329
926 1330
486 1331
807 1332
330 1333
1085 1334
734 1335
557 1336
555 1337
1337 1338
338 1339
8 1340
189 1341
502 1342
304 1343
304 1344
524 1345
1111 1346
854 1347
886 1348
1122 1349
95 1350
813 1351
77 1352
957 1353
607 1354
551 1355
470 1356
84 1357
764 1358
927 1359
829 1360
1213 1361
20 1362
380 1363
1352 1364
425 1365
58 1366
1004 1367
270 1368
91 1369
1028 1370
729 1371
347 1372
1138 1373
261 1374
279 1375
757 1376
542 1377
790 1378
1192 1379
212 1380
512 1381
177 1382
1165 1383
1310 1384
722 1385
351 1386
1038 1387
114 1388
1170 1389
882 1390
1075 1391
6 1392
805 1393
181 1394
716 1395
548 1396
1213 1397
1070 1398
1282 1399
317 1400
444 1401
1172 1402
162 1403
143 1404
19 1405
598 1406
963 1407
872 1408
707 1409
149 1410
547 1411
1278 1412
1075 1413
892 1414
769 1415
1364 1416
325 1417
996 1418
243 1419
509 1420
891 1421
360 1422
1097 1423
11 1424
283 1425
1323 1426
322 1427
1311 1428
57 1429
855 1430
1130 1431
1099 1432
1371 1433
180 1434
867 1435
544 1436
526 1437
1131 1438
111 1439
841 1440
370 1441
1142 1442
930 1443
946 1444
1161 1445
635 1446
1007 1447
532 1448
29 1449
649 1450
810 1451
513 1452
153 1453
1367 1454
1314 1455
436 1456
1085 1457
465 1458
1131 1459
1135 1460
1344 1461
972 1462
1253 1463
1153 1464
663 1465
687 1466
1023 1467
819 1468
1152 1469
58 1470
1271 1471
26 1472
1223 1473
687 1474
1046 1475
1038 1476
718 1477
856 1478
1030 1479
1325 1480
234 1481
807 1482
1141 1483
339 1484
1014 1485
11 1486
434 1487
1263 1488
154 1489
1484 1490
1112 1491
798 1492
1002 1493
1369 1494
988 1495
315 1496
733 1497
1223 1498
1264 1499
724 1500
1039 1501
986 1502
451 1503
33 1504
567 1505
1268 1506
16 1507
1078 1508
775 1509
431 1510
1111 1511
578 1512
38 1513
189 1514
1353 1515
655 1516
198 1517
284 1518
976 1519
1262 1520
1421 1521
1484 1522
1298 1523
291 1524
1174 1525
772 1526
1051 1527
190 1528
956 1529
676 1530
298 1531
36 1532
1403 1533
1487 1534
1445 1535
1149 1536
1423 1537
672 1538
1072 1539
1303 1540
1155 1541
223 1542
510 1543
462 1544
945 1545
1137 1546
661 1547
1196 1548
333 1549
501 1550
300 1551
921 1552
1080 1553
721 1554
564 1555
590 1556
1112 1557
1130 1558
316 1559
205 1560
285 1561
792 1562
514 1563
149 1564
433 1565
85 1566
1023 1567
95 1568
532 1569
1463 1570
473 1571
558 1572
903 1573
1100 1574
490 1575
1416 1576
15 1577
532 1578
498 1579
394 1580
308 1581
173 1582
1162 1583
300 1584
483 1585
687 1586
1011 1587
1121 1588
828 1589
436 1590
112 1591
175 1592
1096 1593
368 1594
221 1595
850 1596
894 1597
920 1598
312 1599
589 1600
1328 1601
767 1602
330 1603
1437 1604
855 1605
393 1606
861 1607
674 1608
1379 1609
328 1610
1397 1611
603 1612
975 1613
1457 1614
734 1615
795 1616
142 1617
955 1618
1391 1619
1267 1620
133 1621
1395 1622
21 1623
271 1624
1345 1625
419 1626
1091 1627
605 1628
324 1629
436 1630
1112 1631
683 1632
887 1633
903 1634
975 1635
1231 1636
1288 1637
57 1638
321 1639
1430 1640
687 1641
902 1642
1603 1643
3 1644
1612 1645
515 1646
1414 1647
610 1648
1348 1649
1125 1650
753 1651
469 1652
303 1653
1356 1654
20 1655
253 1656
35 1657
1192 1658
530 1659
576 1660
1177 1661
276 1662
1604 1663
1621 1664
329 1665
112 1666
224 1667
145 1668
1008 1669
602 1670
758 1671
176 1672
1640 1673
1213 1674
67 1675
338 1676
991 1677
1182 1678
855 1679
944 1680
279 1681
1446 1682
613 1683
361 1684
353 1685
102 1686
61 1687
1578 1688
1194 1689
950 1690
1447 1691
1095 1692
1675 1693
608 1694
1257 1695
1265 1696
1363 1697
302 1698
904 1699
565 1700
1661 1701
538 1702
41 1703
1596 1704
850 1705
27 1706
1336 1707
1253 1708
542 1709
1479 1710
479 1711
1197 1712
1336 1713
802 1714
196 1715
1324 1716
1543 1717
286 1718
729 1719
1553 1720
1128 1721
68 1722
363 1723
1656 1724
567 1725
979 1726
1353 1727
260 1728
1547 1729
263 1730
1315 1731
924 1732
1529 1733
71 1734
260 1735
1163 1736
205 1737
227 1738
754 1739
646 1740
816 1741
499 1742
249 1743
926 1744
38 1745
317 1746
1467 1747
1743 1748
750 1749
317 1750
524 1751
1312 1752
1090 1753
1013 1754
902 1755
1545 1756
830 1757
294 1758
1283 1759
196 1760
262 1761
1004 1762
428 1763
785 1764
1475 1765
132 1766
385 1767
1473 1768
1054 1769
1405 1770
604 1771
1190 1772
1329 1773
899 1774
522 1775
1650 1776
1272 1777
1472 1778
964 1779
12 1780
1505 1781
295 1782
633 1783
377 1784
1457 1785
1186 1786
1595 1787
629 1788
371 1789
1370 1790
434 1791
741 1792
639 1793
1122 1794
1214 1795
1261 1796
460 1797
623 1798
629 1799
1575 1800
1340 1801
516 1802
1337 1803
827 1804
880 1805
432 1806
1603 1807
64 1808
675 1809
512 1810
726 1811
1332 1812
192 1813
1066 1814
1277 1815
718 1816
1497 1817
1682 1818
1071 1819
1119 1820
520 1821
884 1822
100 1823
100 1824
994 1825
255 1826
719 1827
362 1828
284 1829
252 1830
614 1831
391 1832
874 1833
996 1834
260 1835
1213 1836
1152 1837
45 1838
756 1839
1483 1840
660 1841
1104 1842
1648 1843
109 1844
314 1845
1172 1846
1500 1847
1606 1848
844 1849
540 1850
1050 1851
1432 1852
977 1853
1647 1854
1616 1855
1639 1856
773 1857
248 1858
796 1859
641 1860
1015 1861
1306 1862
1280 1863
488 1864
1563 1865
593 1866
790 1867
1639 1868
634 1869
825 1870
1624 1871
956 1872
1106 1873
1783 1874
31 1875
76 1876
1525 1877
172 1878
148 1879
49 1880
168 1881
837 1882
604 1883
1133 1884
1015 1885
1337 1886
768 1887
73 1888
366 1889
325 1890
780 1891
741 1892
1182 1893
1427 1894
1373 1895
856 1896
1730 1897
497 1898
1246 1899
591 1900
383 1901
646 1902
123 1903
455 1904
1667 1905
85 1906
1618 1907
1047 1908
48 1909
1770 1910
144 1911
1353 1912
340 1913
1873 1914
828 1915
406 1916
359 1917
1419 1918
704 1919
149 1920
1004 1921
639 1922
612 1923
320 1924
541 1925
346 1926
16 1927
1511 1928
1854 1929
1759 1930
216 1931
1300 1932
668 1933
1157 1934
1388 1935
10 1936
1360 1937
1710 1938
635 1939
795 1940
949 1941
45 1942
474 1943
1212 1944
1542 1945
1444 1946
319 1947
1904 1948
977 1949
340 1950
1422 1951
605 1952
867 1953
1946 1954
1635 1955
240 1956
321 1957
959 1958
1210 1959
417 1960
62 1961
1698 1962
1630 1963
1453 1964
751 1965
1824 1966
1392 1967
960 1968
597 1969
1915 1970
233 1971
505 1972
651 1973
1014 1974
1870 1975
1798 1976
61 1977
1116 1978
1539 1979
205 1980
1378 1981
490 1982
1088 1983
1953 1984
380 1985
1899 1986
606 1987
1290 1988
415 1989
1054 1990
147 1991
74 1992
299 1993
1189 1994
1567 1995
1868 1996
1891 1997
826 1998
538 1999
1428 2000
916 2001
247 2002
181 2003
765 2004
1002 2005
1311 2006
276 2007
603 2008
269 2009
711 2010
1208 2011
653 2012
727 2013
939 2014
606 2015
1646 2016
346 2017
933 2018
1972 2019
138 2020
362 2021
1523 2022
403 2023
959 2024
467 2025
1861 2026
813 2027
104 2028
491 2029
237 2030
1786 2031
1403 2032
1035 2033
318 2034
2008 2035
39 2036
1204 2037
1019 2038
1676 2039
1601 2040
1225 2041
1119 2042
1081 2043
657 2044
1869 2045
365 2046
1302 2047
1676 2048
1491 2049
962 2050
352 2051
952 2052
1447 2053
158 2054
793 2055
588 2056
365 2057
1664 2058
1555 2059
93 2060
178 2061
1521 2062
1064 2063
882 2064
844 2065
354 2066
295 2067
1549 2068
1736 2069
966 2070
1731 2071
1922 2072
2040 2073
670 2074
1974 2075
237 2076
844 2077
1105 2078
837 2079
130 2080
1986 2081
427 2082
294 2083
800 2084
406 2085
914 2086
1518 2087
978 2088
1270 2089
466 2090
284 2091
731 2092
166 2093
566 2094
1673 2095
73 2096
1966 2097
1825 2098
1076 2099
1371 2100
955 2101
1995 2102
1539 2103
2075 2104
1412 2105
940 2106
1264 2107
820 2108
970 2109
1227 2110
1677 2111
1803 2112
1461 2113
850 2114
1842 2115
349 2116
762 2117
1754 2118
1726 2119
286 2120
826 2121
1674 2122
1335 2123
842 2124
1094 2125
2072 2126
331 2127
2020 2128
2045 2129
1965 2130
888 2131
706 2132
6 2133
1886 2134
150 2135
1695 2136
1519 2137
804 2138
1328 2139
2093 2140
2051 2141
1467 2142
1593 2143
1640 2144
268 2145
73 2146
454 2147
60 2148
764 2149
1139 2150
577 2151
445 2152
1311 2153
1560 2154
451 2155
830 2156
130 2157
1046 2158
2055 2159
1419 2160
696 2161
1901 2162
88 2163
1372 2164
276 2165
602 2166
1709 2167
1035 2168
1724 2169
1643 2170
104 2171
1655 2172
1138 2173
1118 2174
556 2175
2152 2176
767 2177
1360 2178
77 2179
582 2180
1841 2181
1677 2182
1176 2183
1972 2184
910 2185
440 2186
1734 2187
445 2188
154 2189
3 2190
544 2191
1289 2192
1472 2193
601 2194
550 2195
968 2196
160 2197
296 2198
1363 2199
1540 2200
1675 2201
125 2202
456 2203
540 2204
1831 2205
1264 2206
2025 2207
633 2208
1093 2209
1745 2210
997 2211
1184 2212
409 2213
500 2214
1140 2215
16 2216
1920 2217
709 2218
548 2219
1622 2220
1339 2221
1327 2222
1910 2223
875 2224
386 2225
2216 2226
428 2227
1773 2228
1990 2229
1215 2230
1245 2231
1786 2232
1768 2233
1937 2234
919 2235
276 2236
1714 2237
1658 2238
1803 2239
813 2240
497 2241
2239 2242
1229 2243
301 2244
1630 2245
261 2246
1680 2247
1842 2248
1942 2249
1275 2250
392 2251
420 2252
1965 2253
247 2254
345 2255
325 2256
2 2257
1182 2258
2047 2259
914 2260
1893 2261
2070 2262
2110 2263
1594 2264
961 2265
100 2266
66 2267
1667 2268
328 2269
1528 2270
982 2271
1298 2272
753 2273
657 2274
682 2275
199 2276
873 2277
691 2278
1187 2279
628 2280
1414 2281
538 2282
2060 2283
320 2284
1630 2285
2263 2286
1963 2287
45 2288
1668 2289
1046 2290
1706 2291
1828 2292
75 2293
1116 2294
727 2295
200 2296
469 2297
1005 2298
483 2299
396 2300
1269 2301
1288 2302
2297 2303
2144 2304
1517 2305
1815 2306
72 2307
1148 2308
679 2309
501 2310
767 2311
1023 2312
37 2313
2121 2314
1986 2315
797 2316
2201 2317
582 2318
1330 2319
2208 2320
1061 2321
985 2322
950 2323
1754 2324
2210 2325
624 2326
1101 2327
787 2328
1011 2329
2104 2330
472 2331
375 2332
250 2333
655 2334
2174 2335
251 2336
2218 2337
1237 2338
533 2339
1954 2340
1742 2341
2089 2342
293 2343
835 2344
1225 2345
374 2346
1678 2347
1270 2348
810 2349
149 2350
855 2351
1234 2352
944 2353
1871 2354
754 2355
916 2356
130 2357
1501 2358
1865 2359
1840 2360
1722 2361
1332 2362
241 2363
1201 2364
781 2365
2106 2366
800 2367
341 2368
1153 2369
994 2370
1405 2371
1282 2372
2003 2373
1452 2374
1860 2375
665 2376
1601 2377
584 2378
587 2379
811 2380
2289 2381
2037 2382
79 2383
396 2384
1128 2385
1344 2386
637 2387
2198 2388
2047 2389
2188 2390
1458 2391
201 2392
2075 2393
2283 2394
746 2395
2246 2396
530 2397
719 2398
2304 2399
1754 2400
1315 2401
579 2402
514 2403
378 2404
1584 2405
1086 2406
2156 2407
857 2408
1035 2409
20 2410
1351 2411
1041 2412
1047 2413
1076 2414
520 2415
1405 2416
271 2417
83 2418
412 2419
2273 2420
2032 2421
2366 2422
1183 2423
1606 2424
1218 2425
1553 2426
1127 2427
106 2428
1423 2429
1220 2430
647 2431
1261 2432
1704 2433
1424 2434
560 2435
1943 2436
984 2437
696 2438
810 2439
1608 2440
517 2441
630 2442
1055 2443
1564 2444
2158 2445
2414 2446
239 2447
836 2448
1489 2449
2316 2450
995 2451
1379 2452
485 2453
1186 2454
1111 2455
1004 2456
1640 2457
1657 2458
662 2459
1238 2460
522 2461
403 2462
28 2463
2068 2464
1873 2465
1291 2466
2450 2467
456 2468
1597 2469
996 2470
1923 2471
790 2472
2018 2473
463 2474
2131 2475
1831 2476
1246 2477
1897 2478
21 2479
1212 2480
231 2481
931 2482
584 2483
1555 2484
1532 2485
312 2486
519 2487
1945 2488
691 2489
645 2490
2025 2491
640 2492
1558 2493
404 2494
1024 2495
2317 2496
1550 2497
1765 2498
1384 2499
2315 2500
2169 2501
2361 2502
1151 2503
2263 2504
2221 2505
1325 2506
10 2507
2401 2508
1804 2509
661 2510
2267 2511
852 2512
633 2513
2216 2514
914 2515
1058 2516
1482 2517
902 2518
1720 2519
44 2520
1693 2521
2025 2522
2431 2523
1923 2524
2403 2525
2091 2526
2194 2527
2483 2528
433 2529
1751 2530
2081 2531
1503 2532
1205 2533
1460 2534
128 2535
39 2536
2274 2537
1619 2538
166 2539
476 2540
1157 2541
1883 2542
2245 2543
2363 2544
232 2545
914 2546
1722 2547
899 2548
66 2549
2466 2550
1767 2551
1016 2552
1192 2553
623 2554
835 2555
1633 2556
1004 2557
882 2558
114 2559
654 2560
2072 2561
67 2562
2266 2563
2076 2564
555 2565
1050 2566
481 2567
333 2568
1592 2569
505 2570
636 2571
933 2572
1893 2573
75 2574
1144 2575
119 2576
319 2577
1863 2578
1082 2579
1774 2580
1348 2581
1319 2582
675 2583
491 2584
1101 2585
1410 2586
125 2587
2130 2588
2305 2589
509 2590
873 2591
907 2592
360 2593
2256 2594
591 2595
1719 2596
2305 2597
1627 2598
2234 2599
2367 2600
641 2601
2456 2602
1835 2603
2592 2604
1668 2605
2430 2606
2034 2607
1956 2608
740 2609
2528 2610
1819 2611
1731 2612
2481 2613
2008 2614
2484 2615
760 2616
1156 2617
499 2618
1905 2619
251 2620
2300 2621
1263 2622
2164 2623
2242 2624
1325 2625
84 2626
1604 2627
530 2628
387 2629
243 2630
272 2631
318 2632
1260 2633
1513 2634
1928 2635
1082 2636
1612 2637
2513 2638
1730 2639
2199 2640
1277 2641
818 2642
401 2643
1332 2644
1587 2645
222 2646
2064 2647
1396 2648
119 2649
219 2650
828 2651
685 2652
1183 2653
1235 2654
1585 2655
1570 2656
598 2657
2008 2658
1466 2659
1005 2660
1139 2661
64 2662
2280 2663
2367 2664
2580 2665
868 2666
942 2667
2485 2668
604 2669
1361 2670
407 2671
2320 2672
1293 2673
917 2674
1753 2675
1793 2676
1357 2677
2314 2678
232 2679
837 2680
551 2681
1916 2682
796 2683
934 2684
1960 2685
1052 2686
590 2687
870 2688
2043 2689
1333 2690
1207 2691
668 2692
1301 2693
1763 2694
2425 2695
516 2696
641 2697
242 2698
1405 2699
433 2700
2114 2701
2654 2702
1609 2703
2241 2704
2415 2705
2208 2706
1736 2707
2664 2708
2197 2709
752 2710
1107 2711
262 2712
791 2713
1317 2714
2532 2715
2165 2716
47 2717
1178 2718
424 2719
1520 2720
2198 2721
2299 2722
1891 2723
2696 2724
1090 2725
907 2726
718 2727
851 2728
2694 2729
2571 2730
2234 2731
1472 2732
2284 2733
2337 2734
2396 2735
789 2736
303 2737
1209 2738
2443 2739
1145 2740
1571 2741
1950 2742
1733 2743
618 2744
1095 2745
2483 2746
1754 2747
2500 2748
214 2749
1257 2750
1226 2751
1097 2752
2407 2753
2224 2754
369 2755
2251 2756
98 2757
269 2758
1282 2759
2542 2760
712 2761
1909 2762
1320 2763
2473 2764
1143 2765
711 2766
159 2767
668 2768
2624 2769
2390 2770
2429 2771
558 2772
1261 2773
156 2774
2654 2775
2415 2776
1186 2777
705 2778
546 2779
679 2780
348 2781
1948 2782
1036 2783
1414 2784
755 2785
626 2786
2721 2787
1123 2788
1177 2789
536 2790
55 2791
1189 2792
1634 2793
907 2794
277 2795
1101 2796
1546 2797
2305 2798
622 2799
860 2800
2204 2801
1416 2802
1079 2803
222 2804
2775 2805
1888 2806
2306 2807
1676 2808
1870 2809
1571 2810
549 2811
1917 2812
1438 2813
2450 2814
408 2815
1938 2816
423 2817
349 2818
80 2819
2458 2820
1723 2821
860 2822
2657 2823
1057 2824
515 2825
1692 2826
1969 2827
1127 2828
61 2829
2437 2830
1168 2831
1587 2832
2238 2833
1059 2834
690 2835
1860 2836
1601 2837
1983 2838
2372 2839
2304 2840
743 2841
1041 2842
687 2843
1522 2844
449 2845
1322 2846
1491 2847
1482 2848
1776 2849
1647 2850
1873 2851
1278 2852
1351 2853
137 2854
1944 2855
516 2856
2703 2857
333 2858
2762 2859
113 2860
2815 2861
2661 2862
2129 2863
2069 2864
2465 2865
813 2866
1951 2867
2301 2868
2018 2869
1726 2870
1504 2871
62 2872
2236 2873
719 2874
180 2875
1187 2876
2642 2877
1512 2878
1263 2879
1254 2880
2195 2881
2078 2882
2774 2883
671 2884
245 2885
1465 2886
2687 2887
1339 2888
1174 2889
2242 2890
98 2891
1657 2892
1989 2893
354 2894
2608 2895
1424 2896
2770 2897
2502 2898
2809 2899
1842 2900
2635 2901
1712 2902
2146 2903
1238 2904
385 2905
1745 2906
1623 2907
543 2908
2475 2909
2539 2910
1318 2911
428 2912
242 2913
198 2914
1855 2915
2356 2916
1031 2917
92 2918
44 2919
2087 2920
510 2921
2173 2922
2503 2923
611 2924
746 2925
2480 2926
890 2927
997 2928
2430 2929
2459 2930
380 2931
1019 2932
2486 2933
462 2934
1108 2935
1587 2936
2744 2937
1107 2938
8 2939
490 2940
1273 2941
1825 2942
979 2943
2278 2944
220 2945
2598 2946
2041 2947
1250 2948
2706 2949
1578 2950
1220 2951
1767 2952
2091 2953
954 2954
1345 2955
2167 2956
2828 2957
1006 2958
1366 2959
736 2960
818 2961
293 2962
229 2963
743 2964
2674 2965
2348 2966
2205 2967
258 2968
918 2969
1148 2970
2017 2971
810 2972
1879 2973
1641 2974
1009 2975
2391 2976
1850 2977
2117 2978
78 2979
1295 2980
2079 2981
1798 2982
2008 2983
424 2984
2747 2985
1871 2986
576 2987
1836 2988
868 2989
2833 2990
1606 2991
2957 2992
1463 2993
827 2994
2965 2995
115 2996
536 2997
2339 2998
2234 2999
980 3000
1796 3001
1484 3002
2500 3003
644 3004
2680 3005
2378 3006
30 3007
315 3008
1194 3009
921 3010
1131 3011
6 3012
2952 3013
2488 3014
1056 3015
2498 3016
1798 3017
645 3018
2990 3019
1589 3020
719 3021
2137 3022
403 3023
2862 3024
1449 3025
1778 3026
1755 3027
2406 3028
211 3029
1127 3030
1822 3031
1007 3032
1824 3033
2956 3034
2883 3035
1758 3036
655 3037
1162 3038
249 3039
2051 3040
737 3041
463 3042
1256 3043
1249 3044
530 3045
837 3046
2260 3047
198 3048
784 3049
1548 3050
1681 3051
2815 3052
2239 3053
1322 3054
1036 3055
109 3056
931 3057
1678 3058
1671 3059
38 3060
1328 3061
1938 3062
2834 3063
1758 3064
1018 3065
2996 3066
2949 3067
2157 3068
817 3069
2067 3070
2524 3071
1132 3072
2298 3073
1228 3074
145 3075
748 3076
285 3077
99 3078
1768 3079
1472 3080
1537 3081
1548 3082
2256 3083
560 3084
1286 3085
2358 3086
1416 3087
957 3088
2586 3089
1090 3090
1162 3091
858 3092
2290 3093
3002 3094
764 3095
1955 3096
3009 3097
2169 3098
2770 3099
1925 3100
968 3101
1333 3102
1812 3103
967 3104
308 3105
1135 3106
1883 3107
2848 3108
1380 3109
1781 3110
2251 3111
98 3112
2028 3113
801 3114
1045 3115
1466 3116
1891 3117
711 3118
2240 3119
2199 3120
2001 3121
2162 3122
1812 3123
2488 3124
1095 3125
490 3126
584 3127
750 3128
1731 3129
896 3130
2463 3131
1064 3132
448 3133
1226 3134
2463 3135
2725 3136
1515 3137
436 3138
2523 3139
1413 3140
2985 3141
552 3142
1166 3143
490 3144
855 3145
1064 3146
1335 3147
2287 3148
2422 3149
2454 3150
259 3151
1333 3152
2036 3153
2531 3154
1198 3155
403 3156
2049 3157
3003 3158
1283 3159
2728 3160
2937 3161
999 3162
1444 3163
594 3164
685 3165
492 3166
2582 3167
2212 3168
2515 3169
2658 3170
2139 3171
790 3172
2352 3173
1508 3174
936 3175
2553 3176
1204 3177
2125 3178
2710 3179
1241 3180
1982 3181
753 3182
2706 3183
111 3184
3037 3185
2190 3186
1527 3187
2275 3188
1627 3189
2986 3190
2951 3191
2400 3192
197 3193
1584 3194
2982 3195
859 3196
1233 3197
55 3198
3151 3199
1336 3200
2682 3201
2201 3202
2129 3203
649 3204
2432 3205
2900 3206
1971 3207
1839 3208
1109 3209
2497 3210
2252 3211
2059 3212
1428 3213
2313 3214
3052 3215
2803 3216
3166 3217
1973 3218
2712 3219
750 3220
737 3221
1080 3222
151 3223
3190 3224
1569 3225
2066 3226
3023 3227
2057 3228
692 3229
2477 3230
2723 3231
784 3232
637 3233
2888 3234
2673 3235
730 3236
2235 3237
2155 3238
2523 3239
1224 3240
248 3241
7 3242
1027 3243
2003 3244
3140 3245
2505 3246
2399 3247
1810 3248
1027 3249
867 3250
1676 3251
2993 3252
2311 3253
203 3254
2266 3255
2268 3256
3252 3257
2995 3258
1793 3259
840 3260
1544 3261
1000 3262
1580 3263
1809 3264
302 3265
2765 3266
655 3267
1597 3268
797 3269
599 3270
2081 3271
1354 3272
2357 3273
563 3274
2959 3275
578 3276
400 3277
2025 3278
1492 3279
2353 3280
2960 3281
2649 3282
2876 3283
3079 3284
1159 3285
994 3286
1383 3287
1147 3288
2821 3289
1653 3290
2110 3291
1105 3292
1830 3293
2545 3294
2569 3295
1690 3296
3189 3297
1426 3298
414 3299
3013 3300
555 3301
180 3302
2316 3303
2008 3304
2345 3305
3199 3306
443 3307
3099 3308
2380 3309
2129 3310
425 3311
929 3312
705 3313
1776 3314
2802 3315
873 3316
3044 3317
934 3318
1448 3319
1622 3320
722 3321
3256 3322
3251 3323
3320 3324
2177 3325
2502 3326
8 3327
537 3328
717 3329
2881 3330
326 3331
1880 3332
715 3333
186 3334
1184 3335
3168 3336
1780 3337
174 3338
1629 3339
1780 3340
2442 3341
2501 3342
1550 3343
958 3344
3022 3345
804 3346
688 3347
1500 3348
692 3349
3154 3350
2846 3351
1071 3352
2576 3353
2144 3354
3228 3355
1001 3356
942 3357
2339 3358
242 3359
3300 3360
342 3361
866 3362
2135 3363
2260 3364
1215 3365
2191 3366
134 3367
528 3368
2857 3369
2349 3370
1531 3371
2767 3372
3151 3373
3285 3374
687 3375
2007 3376
5 3377
2977 3378
2331 3379
3008 3380
2080 3381
634 3382
1592 3383
1189 3384
467 3385
2162 3386
948 3387
1357 3388
265 3389
2327 3390
878 3391
242 3392
1262 3393
3225 3394
780 3395
524 3396
1869 3397
1291 3398
159 3399
10 3400
1874 3401
2140 3402
1526 3403
3327 3404
2691 3405
835 3406
807 3407
2658 3408
2761 3409
1338 3410
563 3411
1444 3412
1090 3413
903 3414
622 3415
489 3416
350 3417
1584 3418
1885 3419
1197 3420
126 3421
1442 3422
3257 3423
1303 3424
381 3425
3005 3426
3354 3427
1270 3428
3250 3429
1041 3430
890 3431
64 3432
1522 3433
3083 3434
3303 3435
1280 3436
3077 3437
1995 3438
3403 3439
2099 3440
2518 3441
2490 3442
3381 3443
966 3444
1995 3445
332 3446
1961 3447
2214 3448
1894 3449
2609 3450
1750 3451
210 3452
599 3453
2597 3454
1197 3455
2862 3456
1928 3457
666 3458
696 3459
1190 3460
2643 3461
1383 3462
2194 3463
2855 3464
3220 3465
2769 3466
1563 3467
1536 3468
3037 3469
1831 3470
2636 3471
143 3472
1160 3473
2126 3474
3007 3475
600 3476
1605 3477
1147 3478
1476 3479
1583 3480
469 3481
1717 3482
3254 3483
2350 3484
1738 3485
2663 3486
887 3487
1083 3488
2586 3489
2065 3490
2769 3491
1691 3492
1038 3493
1123 3494
1554 3495
764 3496
2777 3497
2426 3498
3244 3499
1233 3500
318 3501
1985 3502
2169 3503
2066 3504
2816 3505
1528 3506
1548 3507
2458 3508
1851 3509
2467 3510
790 3511
1008 3512
1839 3513
2064 3514
1579 3515
2043 3516
3035 3517
3348 3518
2574 3519
680 3520
2188 3521
1391 3522
2161 3523
1610 3524
1258 3525
2870 3526
803 3527
3089 3528
1509 3529
2 3530
2178 3531
2603 3532
3052 3533
2442 3534
1216 3535
306 3536
522 3537
3396 3538
3414 3539
3095 3540
321 3541
1634 3542
2185 3543
319 3544
451 3545
1208 3546
3371 3547
2826 3548
2291 3549
2463 3550
2527 3551
257 3552
8 3553
3025 3554
1951 3555
601 3556
3420 3557
2103 3558
722 3559
3199 3560
1204 3561
352 3562
1412 3563
2958 3564
1426 3565
2956 3566
1611 3567
779 3568
2616 3569
762 3570
3442 3571
2248 3572
3338 3573
809 3574
1047 3575
3080 3576
672 3577
3308 3578
2673 3579
2827 3580
1143 3581
2052 3582
123 3583
2571 3584
2477 3585
983 3586
1767 3587
2180 3588
1971 3589
3308 3590
803 3591
921 3592
515 3593
3084 3594
659 3595
1555 3596
2791 3597
1458 3598
1026 3599
276 3600
1476 3601
22 3602
3430 3603
2124 3604
1725 3605
2834 3606
1516 3607
1716 3608
2363 3609
2015 3610
1827 3611
2546 3612
1442 3613
1069 3614
58 3615
2007 3616
1187 3617
1077 3618
2471 3619
730 3620
380 3621
1915 3622
2359 3623
728 3624
2287 3625
3328 3626
1705 3627
2912 3628
1721 3629
3433 3630
166 3631
397 3632
976 3633
2474 3634
1106 3635
3601 3636
898 3637
3378 3638
3524 3639
2446 3640
1018 3641
2633 3642
14 3643
581 3644
1621 3645
1754 3646
3531 3647
285 3648
936 3649
2478 3650
790 3651
2864 3652
2087 3653
1547 3654
368 3655
3336 3656
557 3657
120 3658
1255 3659
902 3660
644 3661
2208 3662
1448 3663
263 3664
2433 3665
2026 3666
871 3667
151 3668
3662 3669
1451 3670
659 3671
1513 3672
880 3673
1052 3674
332 3675
2677 3676
1592 3677
1327 3678
1928 3679
661 3680
1855 3681
3392 3682
91 3683
3671 3684
3187 3685
2571 3686
2933 3687
3325 3688
2776 3689
3378 3690
3166 3691
1608 3692
2371 3693
1628 3694
2052 3695
2162 3696
2099 3697
46 3698
2442 3699
1172 3700
218 3701
3448 3702
1729 3703
641 3704
1284 3705
2312 3706
734 3707
2585 3708
521 3709
1513 3710
2280 3711
1979 3712
229 3713
3291 3714
549 3715
3022 3716
1658 3717
3211 3718
333 3719
3245 3720
2795 3721
867 3722
1043 3723
2134 3724
541 3725
3654 3726
3363 3727
3130 3728
3276 3729
2473 3730
1296 3731
3026 3732
2311 3733
3285 3734
1469 3735
1229 3736
3009 3737
872 3738
2247 3739
3016 3740
3529 3741
3550 3742
2077 3743
2882 3744
872 3745
692 3746
3363 3747
1626 3748
2907 3749
3599 3750
834 3751
1123 3752
2983 3753
2514 3754
2627 3755
1123 3756
3229 3757
3337 3758
1865 3759
2222 3760
2060 3761
2057 3762
934 3763
3202 3764
1448 3765
1293 3766
3148 3767
279 3768
1191 3769
3044 3770
194 3771
621 3772
1533 3773
1833 3774
884 3775
2240 3776
1218 3777
3684 3778
304 3779
1924 3780
875 3781
2316 3782
199 3783
3190 3784
2544 3785
2624 3786
89 3787
2703 3788
61 3789
697 3790
3140 3791
1359 3792
3431 3793
1236 3794
968 3795
3256 3796
365 3797
1231 3798
3591 3799
308 3800
546 3801
1868 3802
3667 3803
3546 3804
2244 3805
932 3806
160 3807
2023 3808
286 3809
986 3810
443 3811
2413 3812
39 3813
349 3814
410 3815
1063 3816
1293 3817
3798 3818
3369 3819
653 3820
2442 3821
768 3822
1967 3823
1880 3824
221 3825
2317 3826
553 3827
13 3828
3028 3829
3822 3830
1118 3831
2261 3832
3600 3833
1505 3834
2321 3835
1210 3836
684 3837
1374 3838
1073 3839
1348 3840
155 3841
2583 3842
959 3843
1098 3844
3185 3845
1924 3846
1473 3847
2594 3848
152 3849
618 3850
2986 3851
672 3852
1901 3853
946 3854
924 3855
1708 3856
835 3857
1819 3858
3750 3859
3276 3860
1571 3861
3115 3862
927 3863
2547 3864
297 3865
128 3866
1421 3867
1268 3868
3120 3869
1854 3870
1447 3871
3335 3872
2702 3873
3418 3874
3860 3875
1164 3876
3532 3877
1012 3878
2495 3879
3713 3880
3500 3881
2115 3882
1885 3883
3013 3884
1901 3885
1676 3886
2426 3887
1346 3888
884 3889
473 3890
2458 3891
2532 3892
3249 3893
140 3894
1862 3895
2170 3896
2864 3897
1060 3898
1742 3899
1582 3900
798 3901
639 3902
1706 3903
3742 3904
2164 3905
2924 3906
2148 3907
2940 3908
653 3909
2265 3910
812 3911
1573 3912
1569 3913
822 3914
2993 3915
626 3916
1580 3917
3539 3918
1362 3919
1487 3920
2206 3921
3269 3922
1527 3923
1054 3924
2436 3925
3696 3926
1443 3927
1460 3928
2222 3929
3 3930
1098 3931
3917 3932
996 3933
1462 3934
1170 3935
2341 3936
1750 3937
3900 3938
2668 3939
2398 3940
738 3941
351 3942
1230 3943
2039 3944
2059 3945
2919 3946
3183 3947
89 3948
2551 3949
2917 3950
2410 3951
3506 3952
579 3953
2056 3954
369 3955
3832 3956
3938 3957
799 3958
1158 3959
1301 3960
2320 3961
1804 3962
687 3963
2704 3964
2253 3965
2207 3966
585 3967
1292 3968
194 3969
207 3970
1922 3971
1328 3972
2031 3973
197 3974
2115 3975
3672 3976
1673 3977
2575 3978
2143 3979
3526 3980
3612 3981
956 3982
568 3983
2776 3984
2445 3985
1155 3986
2241 3987
2905 3988
3201 3989
3850 3990
3017 3991
2724 3992
1675 3993
3748 3994
89 3995
3703 3996
3528 3997
1116 3998
1283 3999
3554 4000
2501 4001
3955 4002
2892 4003
1565 4004
1318 4005
3828 4006
271 4007
3686 4008
943 4009
41 4010
1119 4011
2465 4012
1250 4013
1180 4014
170 4015
1937 4016
337 4017
2771 4018
3700 4019
3493 4020
1235 4021
3763 4022
3489 4023
1268 4024
1043 4025
2739 4026
2796 4027
1833 4028
3265 4029
3112 4030
3753 4031
2857 4032
1631 4033
2727 4034
3179 4035
1292 4036
3078 4037
1847 4038
2202 4039
486 4040
3325 4041
502 4042
2169 4043
3383 4044
187 4045
3251 4046
2744 4047
739 4048
1534 4049
902 4050
819 4051
636 4052
3604 4053
1911 4054
3263 4055
1542 4056
804 4057
3601 4058
585 4059
1013 4060
108 4061
1818 4062
3760 4063
869 4064
1546 4065
3606 4066
1968 4067
88 4068
3212 4069
416 4070
559 4071
3833 4072
2075 4073
336 4074
1129 4075
2296 4076
704 4077
1423 4078
1583 4079
3636 4080
2420 4081
831 4082
420 4083
3196 4084
1594 4085
3126 4086
141 4087
432 4088
1838 4089
945 4090
20 4091
2628 4092
84 4093
2022 4094
2084 4095
3358 4096
811 4097
1954 4098
703 4099
171 4100
1726 4101
3335 4102
2499 4103
246 4104
1811 4105
3940 4106
4099 4107
1248 4108
2551 4109
46 4110
837 4111
1536 4112
2655 4113
3862 4114
225 4115
2142 4116
3705 4117
2816 4118
2253 4119
3091 4120
723 4121
2458 4122
1655 4123
1141 4124
1795 4125
1084 4126
276 4127
335 4128
3364 4129
3762 4130
2731 4131
3671 4132
979 4133
1523 4134
2991 4135
1696 4136
3495 4137
3928 4138
3158 4139
3004 4140
2513 4141
589 4142
898 4143
359 4144
2422 4145
486 4146
2014 4147
2492 4148
459 4149
2433 4150
4007 4151
2038 4152
1620 4153
2761 4154
3634 4155
475 4156
217 4157
2191 4158
853 4159
309 4160
1802 4161
1857 4162
2901 4163
1447 4164
1419 4165
3987 4166
1376 4167
1372 4168
957 4169
1170 4170
2025 4171
560 4172
3047 4173
3513 4174
1756 4175
2695 4176
50 4177
2298 4178
2538 4179
16 4180
1032 4181
485 4182
1137 4183
2485 4184
3747 4185
424 4186
1059 4187
2316 4188
3560 4189
233 4190
1704 4191
1110 4192
438 4193
2822 4194
552 4195
1701 4196
1639 4197
1634 4198
1063 4199
346 4200
2189 4201
2972 4202
1695 4203
2293 4204
3455 4205
2448 4206
2088 4207
2256 4208
3309 4209
461 4210
2939 4211
2202 4212
3925 4213
1306 4214
1922 4215
3598 4216
1003 4217
1906 4218
2513 4219
3716 4220
4123 4221
2986 4222
4077 4223
1749 4224
762 4225
635 4226
2819 4227
2822 4228
963 4229
3402 4230
2770 4231
2590 4232
3677 4233
1776 4234
2335 4235
3331 4236
746 4237
1313 4238
1754 4239
90 4240
760 4241
1543 4242
1949 4243
4133 4244
3407 4245
312 4246
2133 4247
1962 4248
2419 4249
1517 4250
3449 4251
3604 4252
753 4253
1019 4254
3127 4255
2279 4256
257 4257
2750 4258
2408 4259
3824 4260
3169 4261
1206 4262
4163 4263
2019 4264
2965 4265
2317 4266
191 4267
2602 4268
245 4269
2457 4270
486 4271
2422 4272
3138 4273
2295 4274
529 4275
1825 4276
94 4277
33 4278
3554 4279
2672 4280
4120 4281
43 4282
1189 4283
434 4284
2616 4285
3946 4286
1040 4287
1447 4288
686 4289
1617 4290
364 4291
2199 4292
1354 4293
2392 4294
678 4295
3151 4296
2579 4297
99 4298
1854 4299
2994 4300
376 4301
3107 4302
2477 4303
809 4304
792 4305
1522 4306
942 4307
3561 4308
1185 4309
1026 4310
4200 4311
2530 4312
2476 4313
2841 4314
520 4315
2053 4316
1143 4317
393 4318
1246 4319
1916 4320
4028 4321
1663 4322
1943 4323
3583 4324
1446 4325
3331 4326
4317 4327
371 4328
368 4329
3649 4330
2625 4331
1171 4332
1206 4333
1855 4334
666 4335
1613 4336
2683 4337
4027 4338
1635 4339
2283 4340
1208 4341
3340 4342
1091 4343
178 4344
2474 4345
2755 4346
3296 4347
2864 4348
1611 4349
556 4350
3030 4351
4256 4352
1093 4353
1185 4354
3648 4355
1252 4356
2286 4357
3056 4358
4288 4359
828 4360
1084 4361
1307 4362
2066 4363
2736 4364
1841 4365
2032 4366
1749 4367
514 4368
3726 4369
882 4370
4339 4371
1825 4372
2831 4373
1186 4374
4061 4375
4137 4376
152 4377
566 4378
2276 4379
3365 4380
744 4381
2860 4382
1084 4383
1645 4384
2009 4385
3731 4386
354 4387
3425 4388
1120 4389
2052 4390
2809 4391
3910 4392
2154 4393
2909 4394
1491 4395
1374 4396
1766 4397
3368 4398
2380 4399
2916 4400
2516 4401
518 4402
481 4403
378 4404
3259 4405
2439 4406
2553 4407
1258 4408
3565 4409
4238 4410
1839 4411
2499 4412
709 4413
1109 4414
4096 4415
2235 4416
2091 4417
2599 4418
3717 4419
2299 4420
1572 4421
831 4422
2063 4423
1703 4424
3673 4425
2614 4426
839 4427
4131 4428
549 4429
4203 4430
539 4431
3490 4432
1508 4433
413 4434
1354 4435
2884 4436
4039 4437
2085 4438
1791 4439
1004 4440
731 4441
3336 4442
3123 4443
2721 4444
580 4445
4036 4446
4329 4447
3086 4448
4377 4449
1809 4450
3386 4451
3410 4452
3119 4453
1525 4454
4135 4455
1300 4456
2620 4457
2549 4458
1469 4459
3018 4460
3442 4461
1409 4462
1903 4463
1054 4464
1195 4465
925 4466
5 4467
4039 4468
1052 4469
2585 4470
190 4471
3384 4472
615 4473
2704 4474
4097 4475
1838 4476
378 4477
506 4478
2940 4479
1914 4480
131 4481
4181 4482
3618 4483
3918 4484
3677 4485
2039 4486
3277 4487
3724 4488
1189 4489
2332 4490
3774 4491
631 4492
3414 4493
2378 4494
4045 4495
4287 4496
4296 4497
1986 4498
3622 4499
1530 4500
133 4501
935 4502
2018 4503
4393 4504
1138 4505
4022 4506
2279 4507
1577 4508
1493 4509
1480 4510
2626 4511
3133 4512
3822 4513
1630 4514
377 4515
3040 4516
2308 4517
2850 4518
1750 4519
2893 4520
2526 4521
3177 4522
1874 4523
509 4524
2947 4525
4215 4526
1352 4527
972 4528
1010 4529
2018 4530
1042 4531
4290 4532
693 4533
2109 4534
1584 4535
1013 4536
2806 4537
540 4538
2097 4539
2906 4540
2786 4541
360 4542
881 4543
32 4544
683 4545
2804 4546
3863 4547
1388 4548
2316 4549
3263 4550
962 4551
512 4552
3839 4553
46 4554
4033 4555
1263 4556
131 4557
2485 4558
4145 4559
2844 4560
1777 4561
3823 4562
1559 4563
67 4564
917 4565
4497 4566
4299 4567
650 4568
3321 4569
3829 4570
110 4571
4521 4572
3827 4573
2370 4574
1712 4575
4101 4576
1900 4577
644 4578
2763 4579
2522 4580
1280 4581
2489 4582
2943 4583
2593 4584
3244 4585
3659 4586
4472 4587
3076 4588
2502 4589
4130 4590
369 4591
746 4592
4363 4593
1903 4594
2110 4595
2243 4596
1844 4597
2780 4598
43 4599
1167 4600
4198 4601
3038 4602
2670 4603
1100 4604
1559 4605
2341 4606
3385 4607
3138 4608
3595 4609
1562 4610
4342 4611
4466 4612
3149 4613
2394 4614
119 4615
1445 4616
1428 4617
3750 4618
1215 4619
1719 4620
106 4621
4350 4622
1439 4623
3914 4624
3149 4625
2401 4626
3355 4627
2673 4628
3490 4629
3308 4630
2159 4631
664 4632
1761 4633
1513 4634
3076 4635
2246 4636
1148 4637
3310 4638
289 4639
4451 4640
1330 4641
964 4642
4171 4643
1736 4644
4275 4645
751 4646
354 4647
2660 4648
2798 4649
1074 4650
1054 4651
107 4652
3209 4653
3275 4654
2414 4655
4595 4656
4334 4657
4105 4658
4654 4659
2033 4660
3114 4661
1629 4662
1247 4663
1682 4664
2908 4665
1195 4666
792 4667
3774 4668
4336 4669
997 4670
4347 4671
752 4672
3996 4673
4039 4674
3114 4675
512 4676
3872 4677
2392 4678
1924 4679
1501 4680
3801 4681
2822 4682
3607 4683
2069 4684
1605 4685
3000 4686
3563 4687
2859 4688
3151 4689
4391 4690
3414 4691
1320 4692
2240 4693
4289 4694
3926 4695
1528 4696
4153 4697
804 4698
381 4699
4524 4700
1634 4701
3081 4702
2686 4703
795 4704
2049 4705
3835 4706
1330 4707
1820 4708
1839 4709
1561 4710
2136 4711
1991 4712
2437 4713
2141 4714
4487 4715
93 4716
4548 4717
4056 4718
224 4719
436 4720
871 4721
3404 4722
3837 4723
2708 4724
3253 4725
297 4726
5 4727
3943 4728
3678 4729
1312 4730
4390 4731
3465 4732
3926 4733
2370 4734
2929 4735
943 4736
1047 4737
2833 4738
3333 4739
3462 4740
3716 4741
52 4742
1148 4743
2999 4744
2835 4745
533 4746
1108 4747
2603 4748
1813 4749
4018 4750
3973 4751
1473 4752
4172 4753
1164 4754
611 4755
2194 4756
1508 4757
1687 4758
1823 4759
3924 4760
2770 4761
3268 4762
2390 4763
2836 4764
3021 4765
3845 4766
1965 4767
247 4768
4451 4769
693 4770
3153 4771
2761 4772
3156 4773
2125 4774
1012 4775
2205 4776
3578 4777
3026 4778
243 4779
2652 4780
1550 4781
3651 4782
3899 4783
4488 4784
261 4785
1767 4786
3309 4787
309 4788
932 4789
1097 4790
3783 4791
4040 4792
3459 4793
1985 4794
1010 4795
1638 4796
4777 4797
1436 4798
4037 4799
4607 4800
1111 4801
866 4802
3034 4803
1817 4804
69 4805
4371 4806
735 4807
2648 4808
2335 4809
4067 4810
3486 4811
1043 4812
1690 4813
1512 4814
2246 4815
39 4816
194 4817
200 4818
3340 4819
2026 4820
1985 4821
3241 4822
3190 4823
4555 4824
3788 4825
2503 4826
3854 4827
3065 4828
1842 4829
3721 4830
4412 4831
3573 4832
4206 4833
1488 4834
2977 4835
3991 4836
2039 4837
1979 4838
3977 4839
438 4840
1379 4841
207 4842
2973 4843
3782 4844
2093 4845
1223 4846
3840 4847
2049 4848
1486 4849
111 4850
4521 4851
4629 4852
3560 4853
1380 4854
2580 4855
4550 4856
3299 4857
806 4858
4286 4859
1864 4860
4561 4861
3812 4862
137 4863
3274 4864
3480 4865
4780 4866
4005 4867
2439 4868
3300 4869
4664 4870
2333 4871
3396 4872
566 4873
242 4874
1649 4875
209 4876
4199 4877
2924 4878
3365 4879
4043 4880
1081 4881
1898 4882
4343 4883
4674 4884
1745 4885
2660 4886
1865 4887
3435 4888
3425 4889
1290 4890
2825 4891
391 4892
4529 4893
624 4894
2571 4895
3823 4896
3637 4897
4162 4898
4660 4899
3619 4900
4334 4901
3465 4902
3976 4903
836 4904
1054 4905
731 4906
3078 4907
1567 4908
749 4909
1728 4910
4087 4911
1436 4912
1609 4913
3639 4914
341 4915
594 4916
102 4917
2852 4918
237 4919
4823 4920
1116 4921
2596 4922
702 4923
2207 4924
723 4925
2235 4926
4179 4927
2458 4928
1255 4929
3859 4930
1627 4931
3250 4932
4779 4933
49 4934
890 4935
477 4936
518 4937
1497 4938
3315 4939
2235 4940
3463 4941
186 4942
3030 4943
1441 4944
4452 4945
1844 4946
4755 4947
122 4948
2059 4949
2724 4950
771 4951
3100 4952
301 4953
3436 4954
4407 4955
4239 4956
2960 4957
368 4958
1835 4959
199 4960
2326 4961
694 4962
1133 4963
3935 4964
343 4965
1619 4966
111 4967
665 4968
4336 4969
4845 4970
2712 4971
3030 4972
4239 4973
1170 4974
4600 4975
3928 4976
1562 4977
988 4978
147 4979
826 4980
3682 4981
71 4982
3350 4983
2361 4984
2753 4985
4449 4986
3284 4987
3058 4988
2955 4989
2834 4990
4284 4991
395 4992
4352 4993
3354 4994
1891 4995
4155 4996
4066 4997
2648 4998
3366 4999
206 5000
