1 2
1 3
2 4
2 5
2 6
2 7
2 8
8 9
1 10
7 11
1 12
11 13
1 14
14 15
15 16
11 17
8 18
7 19
6 20
7 21
20 22
17 23
7 24
6 25
5 26
9 27
19 28
19 29
16 30
27 31
26 32
29 33
23 34
9 35
6 36
18 37
31 38
10 39
13 40
22 41
17 42
26 43
7 44
18 45
18 46
32 47
21 48
23 49
10 50
35 51
30 52
46 53
8 54
21 55
40 56
23 57
47 58
56 59
34 60
22 61
49 62
46 63
12 64
41 65
12 66
58 67
15 68
19 69
42 70
15 71
27 72
58 73
45 74
4 75
3 76
23 77
58 78
48 79
70 80
49 81
60 82
27 83
68 84
71 85
82 86
27 87
36 88
43 89
66 90
45 91
86 92
16 93
54 94
36 95
78 96
77 97
94 98
95 99
48 100
14 101
73 102
17 103
49 104
52 105
62 106
59 107
91 108
56 109
92 110
4 111
86 112
75 113
62 114
95 115
110 116
113 117
112 118
80 119
24 120
21 121
67 122
32 123
117 124
88 125
45 126
55 127
61 128
83 129
85 130
130 131
121 132
83 133
24 134
130 135
29 136
91 137
24 138
77 139
44 140
9 141
21 142
52 143
44 144
131 145
111 146
115 147
54 148
50 149
112 150
23 151
1 152
9 153
25 154
36 155
50 156
46 157
20 158
53 159
152 160
8 161
127 162
129 163
69 164
146 165
66 166
63 167
119 168
143 169
84 170
8 171
103 172
169 173
172 174
9 175
132 176
169 177
171 178
144 179
88 180
86 181
56 182
114 183
151 184
148 185
84 186
19 187
181 188
138 189
105 190
169 191
175 192
105 193
46 194
123 195
134 196
112 197
14 198
27 199
104 200
22 201
46 202
72 203
41 204
79 205
39 206
5 207
76 208
2 209
106 210
195 211
140 212
145 213
203 214
185 215
70 216
93 217
74 218
41 219
15 220
92 221
116 222
70 223
39 224
10 225
206 226
65 227
53 228
117 229
17 230
200 231
81 232
46 233
232 234
142 235
197 236
46 237
157 238
72 239
222 240
215 241
149 242
231 243
191 244
93 245
195 246
3 247
34 248
123 249
184 250
46 251
194 252
197 253
36 254
73 255
11 256
64 257
219 258
45 259
211 260
166 261
103 262
61 263
33 264
146 265
32 266
104 267
188 268
87 269
231 270
153 271
177 272
112 273
7 274
111 275
102 276
57 277
39 278
143 279
34 280
119 281
4 282
18 283
248 284
89 285
255 286
235 287
58 288
116 289
49 290
153 291
30 292
85 293
259 294
71 295
225 296
46 297
76 298
271 299
80 300
10 301
256 302
250 303
248 304
105 305
161 306
38 307
78 308
203 309
164 310
147 311
74 312
215 313
52 314
307 315
126 316
173 317
234 318
72 319
278 320
62 321
3 322
239 323
301 324
249 325
51 326
196 327
151 328
119 329
73 330
110 331
249 332
180 333
94 334
40 335
171 336
225 337
227 338
278 339
33 340
144 341
204 342
42 343
53 344
59 345
270 346
110 347
19 348
10 349
30 350
255 351
256 352
330 353
220 354
39 355
165 356
176 357
349 358
217 359
253 360
208 361
61 362
214 363
66 364
27 365
174 366
353 367
364 368
291 369
82 370
64 371
272 372
96 373
233 374
129 375
316 376
332 377
364 378
214 379
56 380
346 381
322 382
357 383
256 384
166 385
301 386
305 387
210 388
245 389
17 390
180 391
374 392
120 393
376 394
331 395
281 396
238 397
113 398
205 399
118 400
259 401
321 402
205 403
29 404
12 405
10 406
235 407
384 408
4 409
295 410
381 411
304 412
383 413
314 414
281 415
23 416
17 417
319 418
112 419
293 420
9 421
338 422
422 423
102 424
401 425
119 426
9 427
362 428
326 429
99 430
351 431
273 432
58 433
35 434
383 435
211 436
300 437
285 438
48 439
197 440
383 441
370 442
67 443
410 444
202 445
277 446
312 447
42 448
99 449
406 450
80 451
221 452
247 453
37 454
382 455
178 456
59 457
215 458
10 459
231 460
359 461
47 462
269 463
291 464
36 465
430 466
312 467
91 468
398 469
122 470
232 471
415 472
347 473
273 474
244 475
36 476
128 477
292 478
207 479
100 480
293 481
83 482
213 483
77 484
350 485
357 486
232 487
412 488
75 489
328 490
355 491
158 492
434 493
45 494
432 495
453 496
59 497
328 498
329 499
469 500
492 501
35 502
148 503
67 504
353 505
397 506
12 507
392 508
266 509
162 510
72 511
172 512
399 513
257 514
244 515
7 516
130 517
404 518
486 519
120 520
494 521
309 522
452 523
168 524
12 525
243 526
333 527
435 528
399 529
258 530
258 531
46 532
465 533
256 534
166 535
476 536
79 537
129 538
91 539
96 540
433 541
291 542
333 543
275 544
46 545
336 546
241 547
108 548
104 549
124 550
299 551
422 552
117 553
19 554
241 555
382 556
239 557
556 558
346 559
368 560
464 561
339 562
446 563
458 564
439 565
210 566
166 567
141 568
246 569
81 570
419 571
61 572
140 573
544 574
228 575
509 576
332 577
344 578
512 579
149 580
308 581
406 582
235 583
64 584
82 585
381 586
131 587
572 588
502 589
29 590
188 591
451 592
442 593
231 594
39 595
543 596
581 597
206 598
533 599
139 600
464 601
346 602
243 603
299 604
563 605
433 606
47 607
509 608
503 609
356 610
597 611
608 612
120 613
472 614
136 615
267 616
125 617
584 618
196 619
22 620
572 621
462 622
462 623
552 624
439 625
354 626
500 627
468 628
112 629
111 630
623 631
314 632
584 633
67 634
601 635
266 636
522 637
497 638
221 639
388 640
573 641
75 642
391 643
416 644
80 645
396 646
82 647
34 648
563 649
43 650
146 651
145 652
115 653
286 654
12 655
452 656
136 657
59 658
380 659
450 660
313 661
524 662
655 663
449 664
480 665
631 666
235 667
268 668
175 669
645 670
364 671
83 672
237 673
601 674
146 675
294 676
81 677
374 678
592 679
263 680
521 681
621 682
606 683
7 684
666 685
531 686
583 687
411 688
573 689
651 690
612 691
91 692
269 693
248 694
556 695
266 696
184 697
91 698
461 699
215 700
689 701
373 702
414 703
204 704
241 705
12 706
137 707
84 708
101 709
357 710
403 711
582 712
607 713
92 714
427 715
442 716
704 717
482 718
380 719
683 720
413 721
328 722
199 723
43 724
446 725
577 726
186 727
135 728
313 729
225 730
143 731
111 732
640 733
249 734
219 735
498 736
558 737
378 738
102 739
45 740
693 741
352 742
636 743
42 744
222 745
720 746
54 747
730 748
75 749
514 750
269 751
439 752
581 753
200 754
334 755
595 756
109 757
277 758
273 759
641 760
341 761
204 762
281 763
277 764
678 765
666 766
748 767
339 768
247 769
649 770
71 771
391 772
106 773
669 774
235 775
467 776
368 777
690 778
745 779
65 780
602 781
638 782
6 783
669 784
350 785
376 786
234 787
465 788
777 789
674 790
587 791
568 792
62 793
593 794
5 795
792 796
786 797
388 798
119 799
175 800
638 801
260 802
668 803
326 804
59 805
373 806
563 807
589 808
129 809
646 810
786 811
524 812
179 813
780 814
41 815
282 816
750 817
144 818
627 819
14 820
683 821
623 822
538 823
40 824
407 825
238 826
600 827
300 828
739 829
481 830
241 831
668 832
758 833
321 834
471 835
273 836
215 837
384 838
737 839
745 840
251 841
239 842
223 843
502 844
587 845
291 846
442 847
564 848
735 849
692 850
580 851
470 852
434 853
715 854
725 855
706 856
77 857
189 858
473 859
180 860
840 861
49 862
606 863
592 864
310 865
492 866
816 867
603 868
538 869
305 870
492 871
767 872
826 873
634 874
601 875
756 876
705 877
507 878
343 879
116 880
824 881
230 882
233 883
414 884
52 885
789 886
583 887
38 888
344 889
9 890
211 891
600 892
475 893
584 894
379 895
61 896
97 897
520 898
310 899
198 900
3 901
663 902
341 903
141 904
553 905
572 906
361 907
604 908
493 909
713 910
251 911
336 912
327 913
167 914
30 915
127 916
48 917
168 918
127 919
226 920
861 921
322 922
154 923
905 924
323 925
502 926
668 927
301 928
294 929
884 930
535 931
202 932
631 933
709 934
497 935
254 936
553 937
146 938
67 939
186 940
539 941
236 942
122 943
620 944
770 945
129 946
647 947
21 948
769 949
358 950
885 951
453 952
383 953
230 954
605 955
762 956
595 957
322 958
252 959
511 960
92 961
336 962
345 963
684 964
713 965
405 966
456 967
358 968
281 969
901 970
956 971
1 972
361 973
487 974
60 975
829 976
189 977
876 978
353 979
219 980
53 981
408 982
389 983
727 984
886 985
732 986
62 987
516 988
652 989
323 990
635 991
272 992
756 993
287 994
137 995
703 996
876 997
567 998
966 999
988 1000
801 1001
74 1002
755 1003
399 1004
772 1005
747 1006
720 1007
529 1008
100 1009
667 1010
621 1011
872 1012
348 1013
790 1014
463 1015
587 1016
851 1017
268 1018
148 1019
251 1020
507 1021
99 1022
302 1023
688 1024
926 1025
461 1026
599 1027
385 1028
459 1029
762 1030
889 1031
73 1032
11 1033
634 1034
942 1035
859 1036
568 1037
736 1038
48 1039
353 1040
680 1041
79 1042
480 1043
657 1044
175 1045
613 1046
1011 1047
613 1048
380 1049
1035 1050
56 1051
331 1052
454 1053
103 1054
422 1055
475 1056
901 1057
1047 1058
686 1059
1054 1060
609 1061
539 1062
980 1063
663 1064
519 1065
386 1066
1039 1067
985 1068
109 1069
41 1070
435 1071
965 1072
777 1073
738 1074
313 1075
636 1076
1052 1077
484 1078
84 1079
918 1080
151 1081
100 1082
89 1083
265 1084
375 1085
613 1086
625 1087
927 1088
408 1089
189 1090
386 1091
181 1092
355 1093
826 1094
635 1095
53 1096
462 1097
437 1098
954 1099
717 1100
164 1101
1022 1102
856 1103
1072 1104
572 1105
502 1106
108 1107
71 1108
611 1109
563 1110
645 1111
835 1112
122 1113
816 1114
934 1115
882 1116
1091 1117
1043 1118
176 1119
77 1120
401 1121
1077 1122
714 1123
81 1124
190 1125
1005 1126
380 1127
618 1128
519 1129
130 1130
446 1131
245 1132
877 1133
250 1134
667 1135
393 1136
174 1137
224 1138
800 1139
527 1140
156 1141
104 1142
556 1143
879 1144
816 1145
942 1146
428 1147
1008 1148
387 1149
547 1150
1013 1151
608 1152
189 1153
434 1154
852 1155
248 1156
315 1157
1061 1158
1022 1159
605 1160
876 1161
674 1162
299 1163
186 1164
475 1165
935 1166
227 1167
781 1168
542 1169
369 1170
655 1171
536 1172
568 1173
869 1174
6 1175
1099 1176
806 1177
432 1178
1046 1179
941 1180
549 1181
451 1182
509 1183
638 1184
469 1185
871 1186
1011 1187
181 1188
78 1189
78 1190
439 1191
1015 1192
254 1193
3 1194
978 1195
158 1196
97 1197
307 1198
273 1199
911 1200
916 1201
67 1202
401 1203
1020 1204
678 1205
1191 1206
1149 1207
439 1208
786 1209
827 1210
583 1211
399 1212
275 1213
195 1214
242 1215
252 1216
492 1217
856 1218
552 1219
1066 1220
494 1221
238 1222
742 1223
499 1224
701 1225
436 1226
1197 1227
239 1228
132 1229
151 1230
66 1231
955 1232
593 1233
291 1234
124 1235
205 1236
349 1237
201 1238
1193 1239
691 1240
418 1241
301 1242
952 1243
817 1244
930 1245
1221 1246
571 1247
346 1248
1178 1249
21 1250
850 1251
639 1252
58 1253
938 1254
583 1255
760 1256
35 1257
915 1258
673 1259
615 1260
475 1261
787 1262
950 1263
519 1264
729 1265
304 1266
50 1267
991 1268
279 1269
1260 1270
922 1271
498 1272
702 1273
741 1274
499 1275
951 1276
59 1277
71 1278
251 1279
412 1280
402 1281
193 1282
814 1283
496 1284
456 1285
340 1286
1013 1287
140 1288
873 1289
635 1290
376 1291
411 1292
153 1293
839 1294
471 1295
289 1296
85 1297
589 1298
1001 1299
60 1300
72 1301
1154 1302
784 1303
1167 1304
774 1305
475 1306
728 1307
143 1308
1249 1309
647 1310
842 1311
1156 1312
754 1313
457 1314
81 1315
570 1316
918 1317
772 1318
434 1319
563 1320
800 1321
901 1322
991 1323
416 1324
943 1325
987 1326
416 1327
1019 1328
687 1329
1077 1330
985 1331
1207 1332
1081 1333
1203 1334
476 1335
360 1336
782 1337
123 1338
509 1339
1228 1340
147 1341
332 1342
419 1343
254 1344
1202 1345
1096 1346
693 1347
509 1348
1203 1349
842 1350
1001 1351
36 1352
314 1353
1107 1354
1185 1355
367 1356
722 1357
253 1358
606 1359
878 1360
1045 1361
288 1362
784 1363
153 1364
1350 1365
332 1366
1322 1367
764 1368
369 1369
1105 1370
457 1371
1087 1372
1008 1373
556 1374
181 1375
437 1376
671 1377
106 1378
86 1379
960 1380
68 1381
365 1382
984 1383
188 1384
780 1385
1377 1386
1194 1387
1327 1388
541 1389
381 1390
77 1391
1360 1392
47 1393
697 1394
556 1395
209 1396
519 1397
895 1398
549 1399
126 1400
304 1401
973 1402
1228 1403
775 1404
1282 1405
506 1406
1105 1407
472 1408
413 1409
277 1410
1063 1411
718 1412
1026 1413
603 1414
997 1415
811 1416
733 1417
1206 1418
289 1419
1278 1420
1374 1421
1355 1422
1091 1423
943 1424
952 1425
279 1426
212 1427
343 1428
635 1429
30 1430
329 1431
318 1432
930 1433
57 1434
511 1435
762 1436
119 1437
566 1438
349 1439
1144 1440
1406 1441
168 1442
138 1443
408 1444
499 1445
155 1446
913 1447
233 1448
1310 1449
987 1450
1205 1451
418 1452
99 1453
1179 1454
969 1455
343 1456
170 1457
824 1458
306 1459
94 1460
474 1461
1032 1462
640 1463
1234 1464
1258 1465
958 1466
937 1467
560 1468
1037 1469
148 1470
886 1471
366 1472
67 1473
1047 1474
677 1475
144 1476
23 1477
1393 1478
552 1479
407 1480
842 1481
1012 1482
443 1483
278 1484
1083 1485
321 1486
1089 1487
902 1488
1301 1489
462 1490
286 1491
682 1492
681 1493
1142 1494
206 1495
212 1496
183 1497
283 1498
1080 1499
249 1500
725 1501
1126 1502
1231 1503
76 1504
1173 1505
888 1506
1077 1507
1117 1508
1067 1509
1023 1510
611 1511
506 1512
143 1513
202 1514
204 1515
1371 1516
1275 1517
746 1518
1353 1519
460 1520
331 1521
790 1522
212 1523
898 1524
629 1525
1264 1526
1235 1527
1193 1528
460 1529
1043 1530
920 1531
87 1532
1320 1533
803 1534
577 1535
793 1536
607 1537
814 1538
924 1539
1026 1540
684 1541
407 1542
36 1543
767 1544
687 1545
1174 1546
1444 1547
899 1548
1330 1549
705 1550
356 1551
77 1552
1485 1553
1436 1554
807 1555
921 1556
512 1557
1160 1558
529 1559
784 1560
297 1561
65 1562
1431 1563
710 1564
634 1565
819 1566
57 1567
1120 1568
310 1569
325 1570
784 1571
1559 1572
1559 1573
1413 1574
817 1575
1256 1576
1355 1577
189 1578
1135 1579
921 1580
339 1581
167 1582
792 1583
1466 1584
1225 1585
529 1586
1014 1587
510 1588
249 1589
229 1590
1149 1591
894 1592
1425 1593
380 1594
365 1595
35 1596
314 1597
476 1598
1409 1599
388 1600
540 1601
128 1602
233 1603
795 1604
582 1605
636 1606
729 1607
1359 1608
1009 1609
877 1610
199 1611
1355 1612
1074 1613
779 1614
837 1615
541 1616
195 1617
621 1618
1179 1619
1393 1620
893 1621
75 1622
1374 1623
1414 1624
571 1625
469 1626
715 1627
33 1628
340 1629
432 1630
1075 1631
1344 1632
1064 1633
1393 1634
646 1635
1432 1636
1022 1637
159 1638
1096 1639
975 1640
345 1641
1381 1642
767 1643
612 1644
1059 1645
256 1646
196 1647
807 1648
1413 1649
1303 1650
837 1651
1275 1652
229 1653
642 1654
1532 1655
73 1656
741 1657
409 1658
1559 1659
340 1660
232 1661
1152 1662
659 1663
493 1664
718 1665
466 1666
1459 1667
1558 1668
708 1669
541 1670
1286 1671
817 1672
397 1673
1368 1674
1106 1675
787 1676
973 1677
949 1678
49 1679
1030 1680
436 1681
1128 1682
1306 1683
873 1684
1240 1685
1511 1686
1131 1687
1032 1688
123 1689
933 1690
217 1691
737 1692
351 1693
446 1694
202 1695
616 1696
1361 1697
893 1698
542 1699
866 1700
1267 1701
308 1702
456 1703
686 1704
812 1705
1397 1706
60 1707
661 1708
436 1709
1660 1710
1305 1711
541 1712
926 1713
298 1714
1123 1715
167 1716
1443 1717
804 1718
711 1719
535 1720
738 1721
1231 1722
1576 1723
1529 1724
983 1725
889 1726
101 1727
722 1728
894 1729
1033 1730
1414 1731
682 1732
1416 1733
126 1734
657 1735
860 1736
448 1737
1192 1738
1606 1739
1344 1740
1632 1741
3 1742
1219 1743
917 1744
1103 1745
1399 1746
488 1747
468 1748
656 1749
656 1750
55 1751
1083 1752
257 1753
1430 1754
5 1755
1540 1756
1224 1757
351 1758
1546 1759
946 1760
1438 1761
960 1762
388 1763
971 1764
1379 1765
466 1766
277 1767
573 1768
336 1769
353 1770
1070 1771
1249 1772
546 1773
659 1774
1568 1775
1429 1776
1347 1777
1308 1778
1174 1779
108 1780
1578 1781
969 1782
214 1783
1605 1784
301 1785
1614 1786
437 1787
233 1788
799 1789
1486 1790
552 1791
379 1792
1217 1793
871 1794
1478 1795
303 1796
1580 1797
820 1798
1028 1799
1318 1800
599 1801
1477 1802
343 1803
1525 1804
671 1805
1383 1806
1362 1807
406 1808
1686 1809
1139 1810
1633 1811
1496 1812
1088 1813
1807 1814
773 1815
1391 1816
1297 1817
1455 1818
8 1819
47 1820
1198 1821
10 1822
1564 1823
639 1824
1654 1825
1746 1826
1436 1827
1234 1828
859 1829
1386 1830
338 1831
557 1832
267 1833
1142 1834
320 1835
103 1836
1367 1837
1712 1838
138 1839
556 1840
189 1841
1214 1842
1120 1843
832 1844
832 1845
1347 1846
45 1847
1212 1848
1043 1849
1331 1850
1491 1851
407 1852
1275 1853
845 1854
1723 1855
1742 1856
332 1857
541 1858
519 1859
131 1860
1258 1861
419 1862
542 1863
193 1864
229 1865
1336 1866
311 1867
753 1868
892 1869
1134 1870
1610 1871
1622 1872
812 1873
977 1874
764 1875
1582 1876
85 1877
1421 1878
761 1879
158 1880
43 1881
862 1882
435 1883
1799 1884
1743 1885
12 1886
12 1887
280 1888
1750 1889
68 1890
1162 1891
1177 1892
693 1893
1671 1894
847 1895
927 1896
1025 1897
305 1898
42 1899
1425 1900
1217 1901
433 1902
433 1903
40 1904
1608 1905
1197 1906
1318 1907
1512 1908
12 1909
1530 1910
1278 1911
1082 1912
656 1913
1451 1914
718 1915
852 1916
485 1917
936 1918
421 1919
1041 1920
1883 1921
345 1922
973 1923
1879 1924
133 1925
4 1926
1387 1927
1899 1928
371 1929
1400 1930
516 1931
1701 1932
1219 1933
1623 1934
138 1935
1584 1936
841 1937
547 1938
1440 1939
721 1940
1857 1941
827 1942
1505 1943
1598 1944
1427 1945
387 1946
1840 1947
546 1948
592 1949
1746 1950
1062 1951
811 1952
1649 1953
128 1954
1535 1955
1095 1956
815 1957
1474 1958
1004 1959
1293 1960
1543 1961
1645 1962
493 1963
192 1964
248 1965
855 1966
1350 1967
1550 1968
630 1969
1700 1970
1243 1971
1001 1972
1631 1973
320 1974
1408 1975
1831 1976
1400 1977
1878 1978
867 1979
684 1980
78 1981
1827 1982
690 1983
992 1984
1702 1985
1853 1986
480 1987
1916 1988
145 1989
660 1990
681 1991
1305 1992
489 1993
2 1994
94 1995
949 1996
1002 1997
943 1998
852 1999
1939 2000
1818 2001
1961 2002
1539 2003
181 2004
905 2005
212 2006
1480 2007
259 2008
1914 2009
1781 2010
778 2011
82 2012
151 2013
143 2014
1398 2015
573 2016
1820 2017
763 2018
1793 2019
478 2020
883 2021
832 2022
272 2023
1474 2024
502 2025
950 2026
743 2027
1558 2028
355 2029
743 2030
1053 2031
1967 2032
1796 2033
277 2034
493 2035
1536 2036
1011 2037
112 2038
849 2039
1537 2040
161 2041
899 2042
1126 2043
1715 2044
1436 2045
1478 2046
2026 2047
1806 2048
1568 2049
118 2050
1604 2051
1236 2052
1085 2053
275 2054
1178 2055
784 2056
1979 2057
630 2058
1910 2059
174 2060
1708 2061
787 2062
160 2063
1466 2064
574 2065
85 2066
1018 2067
1651 2068
171 2069
41 2070
1503 2071
1371 2072
374 2073
28 2074
554 2075
1713 2076
577 2077
1338 2078
1195 2079
152 2080
1198 2081
772 2082
245 2083
1629 2084
621 2085
1037 2086
216 2087
973 2088
1238 2089
231 2090
115 2091
1087 2092
290 2093
1100 2094
1926 2095
1785 2096
1671 2097
1739 2098
1606 2099
1262 2100
606 2101
990 2102
1578 2103
220 2104
374 2105
1457 2106
2083 2107
17 2108
1391 2109
1816 2110
1886 2111
1629 2112
1190 2113
1266 2114
587 2115
898 2116
1448 2117
1470 2118
1164 2119
731 2120
788 2121
1571 2122
186 2123
609 2124
375 2125
165 2126
895 2127
604 2128
1430 2129
1317 2130
902 2131
804 2132
1098 2133
937 2134
1501 2135
1388 2136
842 2137
1669 2138
1348 2139
1061 2140
622 2141
1462 2142
264 2143
932 2144
523 2145
632 2146
1596 2147
1286 2148
228 2149
1939 2150
1709 2151
1328 2152
869 2153
632 2154
482 2155
1664 2156
1009 2157
1554 2158
1917 2159
530 2160
972 2161
1397 2162
915 2163
1784 2164
1127 2165
419 2166
153 2167
540 2168
1815 2169
256 2170
912 2171
226 2172
275 2173
1031 2174
120 2175
431 2176
1023 2177
1437 2178
1904 2179
112 2180
1020 2181
2123 2182
1144 2183
1026 2184
1404 2185
978 2186
1014 2187
908 2188
136 2189
663 2190
1630 2191
1212 2192
1569 2193
155 2194
937 2195
1989 2196
2085 2197
798 2198
59 2199
1142 2200
763 2201
519 2202
2116 2203
1481 2204
386 2205
1084 2206
799 2207
337 2208
1614 2209
1012 2210
2076 2211
1530 2212
2077 2213
900 2214
1691 2215
1330 2216
2122 2217
1751 2218
1072 2219
224 2220
744 2221
1682 2222
1634 2223
2106 2224
1138 2225
2201 2226
1095 2227
296 2228
892 2229
2177 2230
214 2231
196 2232
489 2233
2093 2234
1767 2235
390 2236
7 2237
202 2238
2231 2239
224 2240
1062 2241
1455 2242
1300 2243
1672 2244
387 2245
1055 2246
2081 2247
1672 2248
1250 2249
1418 2250
616 2251
1579 2252
566 2253
1953 2254
47 2255
1777 2256
176 2257
72 2258
583 2259
761 2260
1121 2261
239 2262
1170 2263
1731 2264
1225 2265
1484 2266
1386 2267
1263 2268
63 2269
866 2270
384 2271
577 2272
931 2273
145 2274
1954 2275
1960 2276
1389 2277
1594 2278
1736 2279
1997 2280
1301 2281
938 2282
448 2283
1944 2284
937 2285
33 2286
1837 2287
2104 2288
210 2289
1447 2290
607 2291
2213 2292
2097 2293
1557 2294
340 2295
1929 2296
445 2297
826 2298
1065 2299
966 2300
2012 2301
1038 2302
1103 2303
1779 2304
1675 2305
627 2306
1558 2307
1399 2308
1822 2309
1032 2310
132 2311
297 2312
1825 2313
2246 2314
1347 2315
1219 2316
1092 2317
69 2318
2252 2319
1009 2320
789 2321
2042 2322
211 2323
2288 2324
374 2325
546 2326
898 2327
1322 2328
1188 2329
2311 2330
1319 2331
1089 2332
242 2333
435 2334
996 2335
122 2336
1835 2337
1334 2338
683 2339
1962 2340
2288 2341
132 2342
617 2343
730 2344
282 2345
2203 2346
1470 2347
1751 2348
966 2349
491 2350
2174 2351
924 2352
605 2353
1709 2354
1819 2355
1122 2356
663 2357
1003 2358
298 2359
413 2360
2163 2361
600 2362
730 2363
1034 2364
617 2365
213 2366
2210 2367
1458 2368
356 2369
77 2370
2016 2371
1275 2372
1001 2373
1525 2374
1088 2375
1316 2376
560 2377
1812 2378
118 2379
1827 2380
2053 2381
1222 2382
1557 2383
2060 2384
1469 2385
745 2386
1743 2387
493 2388
1317 2389
749 2390
1347 2391
71 2392
2111 2393
1803 2394
601 2395
570 2396
2189 2397
977 2398
255 2399
777 2400
1379 2401
957 2402
267 2403
693 2404
1543 2405
808 2406
1392 2407
1964 2408
924 2409
2325 2410
1386 2411
930 2412
1841 2413
995 2414
1603 2415
1172 2416
2122 2417
1831 2418
1804 2419
485 2420
550 2421
1457 2422
1797 2423
2352 2424
313 2425
325 2426
1227 2427
2315 2428
1843 2429
2355 2430
333 2431
1393 2432
830 2433
1585 2434
658 2435
975 2436
1357 2437
2343 2438
314 2439
115 2440
2341 2441
1970 2442
455 2443
1784 2444
1311 2445
303 2446
2134 2447
1052 2448
1917 2449
2324 2450
2421 2451
2427 2452
876 2453
73 2454
1878 2455
1470 2456
1434 2457
2449 2458
249 2459
1780 2460
1623 2461
139 2462
1450 2463
1441 2464
1978 2465
587 2466
464 2467
1032 2468
1290 2469
2171 2470
452 2471
1558 2472
840 2473
1658 2474
1883 2475
1809 2476
1092 2477
2288 2478
1076 2479
1622 2480
1129 2481
92 2482
165 2483
2091 2484
1947 2485
1750 2486
807 2487
1309 2488
2016 2489
2047 2490
367 2491
2107 2492
1875 2493
447 2494
1860 2495
554 2496
412 2497
2443 2498
400 2499
1072 2500
1052 2501
1344 2502
862 2503
1183 2504
484 2505
432 2506
51 2507
1627 2508
1226 2509
1589 2510
817 2511
1752 2512
83 2513
1119 2514
1496 2515
1505 2516
464 2517
1251 2518
2321 2519
2150 2520
732 2521
936 2522
2085 2523
1945 2524
54 2525
668 2526
1546 2527
1191 2528
563 2529
1380 2530
579 2531
1855 2532
1760 2533
1541 2534
2169 2535
529 2536
800 2537
2423 2538
2206 2539
1274 2540
4 2541
368 2542
33 2543
2504 2544
1160 2545
1160 2546
1680 2547
2203 2548
2088 2549
299 2550
789 2551
1562 2552
1046 2553
481 2554
336 2555
507 2556
74 2557
2175 2558
1825 2559
2228 2560
2205 2561
447 2562
110 2563
922 2564
1565 2565
276 2566
11 2567
2035 2568
347 2569
1668 2570
1448 2571
1257 2572
858 2573
1225 2574
569 2575
1270 2576
1840 2577
2286 2578
930 2579
571 2580
2126 2581
695 2582
1350 2583
1038 2584
1889 2585
1258 2586
156 2587
2407 2588
2570 2589
2215 2590
1376 2591
805 2592
1508 2593
687 2594
1140 2595
764 2596
2173 2597
44 2598
387 2599
1405 2600
2540 2601
1734 2602
861 2603
209 2604
2103 2605
410 2606
1354 2607
112 2608
2270 2609
2354 2610
1932 2611
1640 2612
2400 2613
885 2614
448 2615
481 2616
2430 2617
2335 2618
1271 2619
1104 2620
2556 2621
836 2622
1716 2623
2335 2624
2396 2625
2474 2626
2043 2627
357 2628
502 2629
1150 2630
1123 2631
1547 2632
1229 2633
2420 2634
240 2635
1305 2636
799 2637
1826 2638
2023 2639
713 2640
1459 2641
917 2642
604 2643
36 2644
1981 2645
507 2646
337 2647
609 2648
1301 2649
292 2650
2576 2651
2161 2652
437 2653
824 2654
1001 2655
1809 2656
1571 2657
1800 2658
1911 2659
575 2660
856 2661
149 2662
925 2663
1019 2664
1546 2665
1082 2666
1661 2667
1587 2668
183 2669
1876 2670
1009 2671
1929 2672
458 2673
710 2674
2056 2675
2489 2676
1585 2677
2379 2678
2096 2679
1808 2680
501 2681
2645 2682
749 2683
925 2684
788 2685
258 2686
826 2687
746 2688
1456 2689
29 2690
2571 2691
209 2692
2494 2693
1137 2694
249 2695
1759 2696
1019 2697
2438 2698
1724 2699
2567 2700
1751 2701
133 2702
2119 2703
1449 2704
178 2705
566 2706
438 2707
809 2708
2645 2709
1645 2710
1172 2711
2261 2712
750 2713
1743 2714
850 2715
1172 2716
48 2717
949 2718
1218 2719
2164 2720
299 2721
1631 2722
1182 2723
112 2724
959 2725
1970 2726
426 2727
2681 2728
2432 2729
1485 2730
1007 2731
1780 2732
1332 2733
2271 2734
878 2735
2654 2736
2588 2737
825 2738
1025 2739
106 2740
1256 2741
1191 2742
2335 2743
2465 2744
1166 2745
1862 2746
1111 2747
345 2748
2441 2749
2045 2750
1187 2751
96 2752
1507 2753
1919 2754
2086 2755
44 2756
1006 2757
2503 2758
2116 2759
1386 2760
2346 2761
731 2762
2286 2763
1253 2764
1791 2765
1146 2766
907 2767
428 2768
2560 2769
713 2770
444 2771
720 2772
2233 2773
2709 2774
1308 2775
532 2776
1382 2777
2209 2778
258 2779
2675 2780
1896 2781
1870 2782
659 2783
883 2784
2411 2785
401 2786
1031 2787
2555 2788
508 2789
2283 2790
2159 2791
365 2792
1782 2793
913 2794
2617 2795
2647 2796
247 2797
2431 2798
1494 2799
730 2800
1302 2801
2016 2802
2495 2803
2018 2804
1518 2805
557 2806
2748 2807
555 2808
2370 2809
1002 2810
2271 2811
2543 2812
2307 2813
667 2814
815 2815
2427 2816
1823 2817
1766 2818
2335 2819
443 2820
1236 2821
1783 2822
787 2823
457 2824
2615 2825
422 2826
391 2827
492 2828
2027 2829
998 2830
2504 2831
2221 2832
1771 2833
101 2834
283 2835
1121 2836
1758 2837
1889 2838
2672 2839
1810 2840
607 2841
1235 2842
1155 2843
1077 2844
2668 2845
333 2846
1986 2847
2296 2848
517 2849
1853 2850
837 2851
2772 2852
2635 2853
942 2854
1401 2855
696 2856
763 2857
739 2858
1387 2859
2275 2860
1394 2861
1453 2862
1607 2863
915 2864
1178 2865
1772 2866
413 2867
1318 2868
2223 2869
1522 2870
2177 2871
515 2872
2627 2873
2035 2874
699 2875
1779 2876
1429 2877
194 2878
2595 2879
538 2880
820 2881
2844 2882
1669 2883
1770 2884
201 2885
2559 2886
2447 2887
680 2888
2440 2889
1569 2890
2063 2891
1763 2892
118 2893
359 2894
870 2895
1768 2896
2641 2897
861 2898
663 2899
2243 2900
1712 2901
918 2902
2303 2903
2601 2904
2770 2905
824 2906
416 2907
1295 2908
1262 2909
2260 2910
2251 2911
28 2912
2729 2913
888 2914
156 2915
2495 2916
1776 2917
2623 2918
2265 2919
826 2920
1309 2921
2653 2922
649 2923
258 2924
2105 2925
2114 2926
2024 2927
1902 2928
446 2929
1144 2930
1884 2931
672 2932
2456 2933
1589 2934
2196 2935
2579 2936
2121 2937
1944 2938
1759 2939
2476 2940
1669 2941
2424 2942
2547 2943
1125 2944
2142 2945
1928 2946
1535 2947
2903 2948
2096 2949
1557 2950
332 2951
627 2952
1906 2953
1079 2954
462 2955
200 2956
1854 2957
2186 2958
720 2959
1212 2960
1542 2961
813 2962
2264 2963
74 2964
426 2965
60 2966
2721 2967
2152 2968
98 2969
615 2970
1737 2971
2910 2972
2226 2973
2898 2974
1577 2975
1008 2976
458 2977
2786 2978
263 2979
2489 2980
1245 2981
350 2982
1114 2983
572 2984
2660 2985
1856 2986
1973 2987
1265 2988
93 2989
2456 2990
1915 2991
472 2992
2039 2993
2916 2994
1267 2995
2804 2996
1649 2997
2972 2998
375 2999
1492 3000
627 3001
2577 3002
2705 3003
1033 3004
2508 3005
1661 3006
2474 3007
403 3008
286 3009
718 3010
2208 3011
1697 3012
1774 3013
2071 3014
1828 3015
1813 3016
2840 3017
218 3018
1472 3019
2911 3020
2032 3021
1000 3022
2087 3023
1556 3024
2689 3025
1431 3026
2377 3027
1608 3028
1028 3029
2531 3030
2245 3031
2769 3032
3031 3033
1073 3034
2278 3035
785 3036
2814 3037
2419 3038
2553 3039
374 3040
1269 3041
1856 3042
1064 3043
922 3044
468 3045
82 3046
2636 3047
2663 3048
2981 3049
2088 3050
2594 3051
2800 3052
1217 3053
1394 3054
1326 3055
151 3056
2366 3057
1728 3058
289 3059
2939 3060
1671 3061
954 3062
205 3063
1145 3064
2883 3065
1187 3066
2942 3067
2015 3068
2265 3069
109 3070
2553 3071
2971 3072
2780 3073
1857 3074
732 3075
2457 3076
534 3077
2205 3078
2590 3079
127 3080
1593 3081
647 3082
39 3083
1622 3084
1365 3085
2867 3086
674 3087
1304 3088
1257 3089
2960 3090
537 3091
1956 3092
1916 3093
999 3094
2871 3095
1132 3096
1077 3097
2110 3098
3008 3099
126 3100
180 3101
2554 3102
1690 3103
110 3104
594 3105
813 3106
1157 3107
2406 3108
1001 3109
713 3110
418 3111
2490 3112
1182 3113
2544 3114
2058 3115
1507 3116
399 3117
871 3118
2601 3119
2136 3120
1539 3121
56 3122
1804 3123
75 3124
539 3125
95 3126
3091 3127
1205 3128
310 3129
1523 3130
2154 3131
2770 3132
1919 3133
622 3134
2204 3135
1936 3136
2891 3137
1086 3138
797 3139
758 3140
2451 3141
2088 3142
554 3143
306 3144
2539 3145
2308 3146
983 3147
1207 3148
1409 3149
2174 3150
575 3151
1708 3152
756 3153
1151 3154
2589 3155
1183 3156
2713 3157
738 3158
2456 3159
74 3160
2890 3161
1741 3162
1698 3163
214 3164
525 3165
554 3166
54 3167
1072 3168
242 3169
638 3170
1653 3171
1357 3172
1193 3173
2879 3174
2397 3175
754 3176
364 3177
2754 3178
1503 3179
387 3180
676 3181
1586 3182
1311 3183
2728 3184
1652 3185
971 3186
2045 3187
3052 3188
910 3189
1788 3190
3023 3191
1481 3192
2374 3193
1929 3194
1146 3195
2545 3196
943 3197
1967 3198
2710 3199
2979 3200
2167 3201
1233 3202
2730 3203
383 3204
28 3205
1795 3206
1736 3207
1029 3208
636 3209
518 3210
3060 3211
2513 3212
2569 3213
271 3214
1690 3215
1436 3216
2774 3217
372 3218
3185 3219
1069 3220
1560 3221
1345 3222
3147 3223
1034 3224
2974 3225
1193 3226
2193 3227
2322 3228
2151 3229
1878 3230
23 3231
195 3232
2124 3233
1930 3234
1201 3235
3104 3236
912 3237
1067 3238
1798 3239
222 3240
221 3241
787 3242
1646 3243
1975 3244
172 3245
1857 3246
1741 3247
2556 3248
387 3249
1750 3250
2628 3251
2971 3252
578 3253
2762 3254
2388 3255
2 3256
1720 3257
386 3258
290 3259
471 3260
1107 3261
1175 3262
2980 3263
2700 3264
548 3265
642 3266
1840 3267
2016 3268
871 3269
898 3270
2037 3271
2690 3272
2259 3273
2467 3274
69 3275
2797 3276
807 3277
64 3278
2727 3279
2277 3280
977 3281
1561 3282
1807 3283
2785 3284
2714 3285
966 3286
2971 3287
111 3288
1804 3289
483 3290
1022 3291
2998 3292
2867 3293
680 3294
2174 3295
3281 3296
334 3297
1580 3298
414 3299
617 3300
2894 3301
2522 3302
1545 3303
1181 3304
2283 3305
182 3306
2435 3307
1827 3308
1562 3309
1954 3310
3020 3311
1250 3312
331 3313
1203 3314
2572 3315
369 3316
573 3317
1755 3318
966 3319
1766 3320
3130 3321
269 3322
560 3323
1422 3324
1749 3325
2705 3326
3147 3327
493 3328
2883 3329
1873 3330
253 3331
1378 3332
705 3333
3162 3334
1541 3335
2494 3336
2155 3337
238 3338
1962 3339
2300 3340
356 3341
2234 3342
1443 3343
984 3344
59 3345
9 3346
452 3347
2877 3348
1164 3349
3057 3350
3119 3351
2632 3352
1282 3353
867 3354
1315 3355
3278 3356
2018 3357
2219 3358
961 3359
2712 3360
3142 3361
1616 3362
2908 3363
2783 3364
2898 3365
705 3366
3207 3367
10 3368
2706 3369
1211 3370
1193 3371
2689 3372
1570 3373
2612 3374
3350 3375
2041 3376
3119 3377
59 3378
2305 3379
3342 3380
1236 3381
1461 3382
721 3383
619 3384
2662 3385
347 3386
1816 3387
74 3388
124 3389
1189 3390
1818 3391
537 3392
2635 3393
2903 3394
492 3395
901 3396
2143 3397
2119 3398
3134 3399
2624 3400
1379 3401
3070 3402
3239 3403
3364 3404
2022 3405
3397 3406
3316 3407
1779 3408
243 3409
1371 3410
931 3411
206 3412
2545 3413
2519 3414
3182 3415
2620 3416
2913 3417
477 3418
3327 3419
1270 3420
463 3421
1702 3422
585 3423
1141 3424
1978 3425
1088 3426
3172 3427
3004 3428
1577 3429
1742 3430
2739 3431
381 3432
91 3433
1756 3434
3350 3435
1181 3436
1646 3437
1368 3438
2736 3439
1541 3440
605 3441
3239 3442
1848 3443
3383 3444
1914 3445
245 3446
2356 3447
2482 3448
1179 3449
875 3450
1635 3451
542 3452
2498 3453
78 3454
1147 3455
617 3456
2123 3457
333 3458
2640 3459
717 3460
3268 3461
840 3462
405 3463
3085 3464
1966 3465
327 3466
2163 3467
932 3468
1115 3469
1385 3470
1647 3471
243 3472
345 3473
2092 3474
688 3475
543 3476
2582 3477
2776 3478
1084 3479
2844 3480
2020 3481
1569 3482
1252 3483
1940 3484
1398 3485
1606 3486
3157 3487
2034 3488
2173 3489
552 3490
355 3491
3088 3492
1767 3493
1114 3494
3088 3495
747 3496
3326 3497
122 3498
349 3499
1041 3500
3415 3501
677 3502
2053 3503
1686 3504
365 3505
2308 3506
1884 3507
815 3508
662 3509
2882 3510
241 3511
196 3512
1985 3513
2721 3514
2457 3515
3346 3516
1893 3517
2364 3518
1399 3519
695 3520
3226 3521
2800 3522
1346 3523
2466 3524
1718 3525
2129 3526
134 3527
1159 3528
2098 3529
1592 3530
1770 3531
1209 3532
3486 3533
2819 3534
1318 3535
789 3536
2719 3537
1192 3538
2783 3539
78 3540
3039 3541
3422 3542
955 3543
2097 3544
1520 3545
2974 3546
642 3547
32 3548
2218 3549
2248 3550
1971 3551
3261 3552
2789 3553
1760 3554
987 3555
2656 3556
477 3557
1766 3558
2208 3559
2333 3560
1812 3561
908 3562
1625 3563
1821 3564
1222 3565
472 3566
1415 3567
2931 3568
27 3569
3231 3570
252 3571
900 3572
2114 3573
3093 3574
808 3575
2979 3576
1953 3577
2019 3578
331 3579
1307 3580
685 3581
620 3582
1988 3583
3485 3584
73 3585
1187 3586
110 3587
565 3588
3222 3589
2089 3590
108 3591
1045 3592
1770 3593
115 3594
2729 3595
1929 3596
949 3597
1322 3598
3448 3599
1740 3600
1503 3601
3303 3602
3504 3603
1306 3604
796 3605
2868 3606
1034 3607
3166 3608
2271 3609
3017 3610
426 3611
2575 3612
1171 3613
2258 3614
3214 3615
40 3616
1977 3617
231 3618
18 3619
2491 3620
3305 3621
495 3622
1347 3623
1426 3624
1087 3625
2338 3626
2609 3627
1179 3628
3024 3629
2759 3630
3043 3631
1723 3632
390 3633
576 3634
2598 3635
776 3636
1190 3637
1507 3638
2751 3639
748 3640
1007 3641
2779 3642
454 3643
3079 3644
3393 3645
1028 3646
2069 3647
2448 3648
3397 3649
3274 3650
2506 3651
3529 3652
1811 3653
2360 3654
1937 3655
1298 3656
139 3657
1949 3658
3448 3659
3458 3660
2820 3661
1090 3662
274 3663
1378 3664
2497 3665
1662 3666
1752 3667
2736 3668
1731 3669
856 3670
888 3671
2255 3672
3482 3673
1807 3674
1035 3675
2633 3676
1895 3677
1765 3678
1592 3679
1441 3680
3609 3681
1853 3682
823 3683
785 3684
1052 3685
2319 3686
2422 3687
3122 3688
3322 3689
1712 3690
1939 3691
1402 3692
2424 3693
1845 3694
613 3695
294 3696
937 3697
995 3698
1566 3699
1607 3700
954 3701
1554 3702
1479 3703
673 3704
1964 3705
1352 3706
195 3707
1271 3708
1411 3709
2467 3710
134 3711
3250 3712
1445 3713
878 3714
151 3715
1184 3716
89 3717
897 3718
2991 3719
2444 3720
1709 3721
3378 3722
659 3723
3382 3724
1361 3725
3083 3726
1245 3727
3562 3728
1290 3729
2552 3730
1415 3731
2872 3732
2582 3733
1078 3734
998 3735
487 3736
3307 3737
2855 3738
729 3739
3580 3740
1013 3741
2567 3742
661 3743
2571 3744
347 3745
1542 3746
2578 3747
1601 3748
913 3749
3094 3750
3595 3751
1687 3752
1447 3753
2520 3754
3144 3755
112 3756
307 3757
147 3758
1857 3759
2769 3760
2252 3761
1913 3762
2102 3763
1843 3764
723 3765
1843 3766
3646 3767
2813 3768
526 3769
1168 3770
3651 3771
3581 3772
3585 3773
223 3774
1949 3775
795 3776
304 3777
3767 3778
1731 3779
787 3780
2544 3781
2274 3782
3597 3783
2044 3784
3366 3785
1901 3786
3091 3787
1112 3788
287 3789
2434 3790
1730 3791
2459 3792
1831 3793
2544 3794
2125 3795
3662 3796
3270 3797
3284 3798
1156 3799
2136 3800
3605 3801
2947 3802
3258 3803
1284 3804
1847 3805
652 3806
500 3807
2193 3808
3008 3809
2478 3810
2477 3811
2195 3812
2013 3813
383 3814
1955 3815
1597 3816
3794 3817
675 3818
515 3819
842 3820
3714 3821
2548 3822
1298 3823
1833 3824
2662 3825
325 3826
145 3827
2492 3828
1654 3829
1380 3830
1812 3831
842 3832
247 3833
1377 3834
1614 3835
1918 3836
1263 3837
969 3838
2270 3839
2136 3840
302 3841
3510 3842
3477 3843
3398 3844
2970 3845
249 3846
1838 3847
1030 3848
490 3849
2270 3850
157 3851
2626 3852
2509 3853
2131 3854
2251 3855
1798 3856
1148 3857
580 3858
1442 3859
160 3860
1219 3861
64 3862
844 3863
1639 3864
3130 3865
705 3866
2122 3867
1455 3868
1521 3869
2539 3870
1077 3871
3700 3872
3529 3873
3207 3874
3582 3875
635 3876
2078 3877
1089 3878
1158 3879
3857 3880
1647 3881
2406 3882
445 3883
319 3884
2090 3885
1579 3886
1117 3887
2958 3888
18 3889
2666 3890
679 3891
1199 3892
1055 3893
3851 3894
753 3895
2150 3896
2925 3897
775 3898
2848 3899
1663 3900
2759 3901
898 3902
1357 3903
3210 3904
2990 3905
1177 3906
3714 3907
1121 3908
1073 3909
1984 3910
390 3911
2273 3912
167 3913
1538 3914
3227 3915
1547 3916
1429 3917
371 3918
1207 3919
710 3920
1383 3921
1659 3922
3450 3923
196 3924
830 3925
2781 3926
329 3927
1669 3928
1111 3929
1766 3930
2015 3931
3547 3932
52 3933
3820 3934
1936 3935
294 3936
3000 3937
2668 3938
1101 3939
2712 3940
3580 3941
1720 3942
2863 3943
3604 3944
3075 3945
1512 3946
1401 3947
443 3948
1281 3949
138 3950
3279 3951
737 3952
3742 3953
1943 3954
3058 3955
2012 3956
1609 3957
1957 3958
1276 3959
645 3960
125 3961
2863 3962
1155 3963
2453 3964
3742 3965
3143 3966
3003 3967
997 3968
2631 3969
1657 3970
1873 3971
2492 3972
603 3973
2471 3974
6 3975
3450 3976
3051 3977
3646 3978
2375 3979
1651 3980
2999 3981
1589 3982
3352 3983
3020 3984
676 3985
2324 3986
506 3987
513 3988
2890 3989
84 3990
93 3991
3018 3992
2723 3993
2496 3994
1249 3995
523 3996
2212 3997
2370 3998
1570 3999
3842 4000
2061 4001
424 4002
1029 4003
883 4004
3676 4005
2495 4006
357 4007
1769 4008
2462 4009
2138 4010
2503 4011
191 4012
1759 4013
497 4014
3273 4015
2981 4016
2364 4017
456 4018
1361 4019
2211 4020
3309 4021
1341 4022
2279 4023
47 4024
2829 4025
3328 4026
2536 4027
3509 4028
2874 4029
3596 4030
3292 4031
381 4032
2289 4033
1577 4034
2962 4035
3148 4036
376 4037
3934 4038
2978 4039
1625 4040
1869 4041
1047 4042
2804 4043
1925 4044
3445 4045
2764 4046
2204 4047
564 4048
2846 4049
1926 4050
237 4051
4022 4052
2099 4053
976 4054
722 4055
152 4056
2079 4057
2329 4058
2893 4059
1895 4060
1268 4061
603 4062
31 4063
3086 4064
2456 4065
2663 4066
2104 4067
2933 4068
1087 4069
3139 4070
3368 4071
640 4072
2672 4073
2037 4074
2964 4075
1676 4076
2616 4077
3343 4078
3209 4079
2880 4080
1775 4081
135 4082
3038 4083
743 4084
1676 4085
1179 4086
1103 4087
2110 4088
1711 4089
1706 4090
3138 4091
3065 4092
81 4093
2845 4094
1556 4095
3393 4096
1878 4097
1766 4098
413 4099
2380 4100
4074 4101
1665 4102
1282 4103
1876 4104
1084 4105
2882 4106
161 4107
1198 4108
3613 4109
1638 4110
4096 4111
574 4112
1764 4113
1386 4114
509 4115
1797 4116
3179 4117
44 4118
1835 4119
1665 4120
1387 4121
3102 4122
2064 4123
571 4124
2364 4125
3630 4126
1599 4127
518 4128
3893 4129
4015 4130
3590 4131
841 4132
1917 4133
2528 4134
2942 4135
2927 4136
2045 4137
4015 4138
3676 4139
3623 4140
2354 4141
983 4142
1352 4143
194 4144
2592 4145
508 4146
848 4147
3643 4148
3297 4149
3321 4150
1415 4151
2279 4152
3503 4153
3264 4154
2557 4155
2308 4156
1957 4157
3028 4158
4149 4159
1006 4160
1711 4161
4069 4162
2638 4163
3159 4164
863 4165
4163 4166
3536 4167
4055 4168
3660 4169
3422 4170
1394 4171
3407 4172
2484 4173
127 4174
284 4175
1278 4176
1357 4177
1219 4178
700 4179
1862 4180
3917 4181
3323 4182
4102 4183
2736 4184
1363 4185
3901 4186
1059 4187
57 4188
1866 4189
2592 4190
698 4191
3340 4192
4033 4193
290 4194
3682 4195
1236 4196
837 4197
3953 4198
2653 4199
497 4200
900 4201
1033 4202
1077 4203
3966 4204
2229 4205
919 4206
2048 4207
330 4208
383 4209
1555 4210
3791 4211
3505 4212
3234 4213
3085 4214
3626 4215
1153 4216
3574 4217
4181 4218
404 4219
449 4220
3540 4221
1948 4222
3280 4223
3672 4224
2313 4225
1439 4226
333 4227
1495 4228
1720 4229
2812 4230
2042 4231
3133 4232
3784 4233
3038 4234
2024 4235
3530 4236
688 4237
3947 4238
3895 4239
977 4240
4139 4241
757 4242
203 4243
2064 4244
3520 4245
1065 4246
2406 4247
792 4248
2471 4249
3446 4250
2925 4251
2010 4252
3325 4253
2773 4254
324 4255
2300 4256
1827 4257
3223 4258
1996 4259
2523 4260
2990 4261
3553 4262
1628 4263
1951 4264
1124 4265
1184 4266
4063 4267
83 4268
1207 4269
2411 4270
3699 4271
3492 4272
4208 4273
1422 4274
3789 4275
2001 4276
3 4277
2348 4278
3093 4279
1735 4280
3819 4281
2401 4282
417 4283
1996 4284
3098 4285
3 4286
3641 4287
4236 4288
1457 4289
901 4290
4205 4291
3842 4292
4062 4293
2305 4294
1398 4295
3791 4296
2807 4297
3356 4298
4161 4299
2284 4300
1778 4301
4264 4302
2775 4303
49 4304
446 4305
932 4306
3365 4307
1101 4308
2353 4309
3015 4310
2980 4311
1240 4312
2686 4313
1266 4314
1306 4315
3554 4316
2273 4317
3165 4318
3749 4319
268 4320
4146 4321
3440 4322
3797 4323
2317 4324
2439 4325
911 4326
2925 4327
4079 4328
1664 4329
1593 4330
2114 4331
3037 4332
4209 4333
568 4334
3059 4335
2710 4336
3033 4337
2925 4338
1135 4339
2498 4340
1945 4341
4282 4342
893 4343
1476 4344
3311 4345
844 4346
1228 4347
57 4348
2453 4349
4320 4350
2139 4351
950 4352
1231 4353
1943 4354
240 4355
670 4356
709 4357
3995 4358
1449 4359
2880 4360
20 4361
753 4362
3673 4363
1177 4364
1456 4365
1309 4366
878 4367
3777 4368
1069 4369
829 4370
2669 4371
2960 4372
1572 4373
1070 4374
2797 4375
3419 4376
4369 4377
3593 4378
3249 4379
841 4380
3575 4381
3401 4382
1023 4383
3495 4384
4019 4385
2879 4386
2200 4387
1826 4388
213 4389
334 4390
4280 4391
2328 4392
3401 4393
1070 4394
1730 4395
2059 4396
117 4397
3473 4398
4082 4399
4222 4400
1751 4401
2322 4402
3499 4403
3713 4404
3642 4405
2056 4406
1040 4407
480 4408
870 4409
3336 4410
2036 4411
3831 4412
3323 4413
1976 4414
1622 4415
1113 4416
868 4417
2136 4418
3888 4419
83 4420
118 4421
21 4422
1573 4423
2768 4424
2676 4425
3668 4426
4187 4427
2114 4428
382 4429
3521 4430
3920 4431
2366 4432
2915 4433
2404 4434
3496 4435
1399 4436
3175 4437
1197 4438
4420 4439
2780 4440
759 4441
4264 4442
2731 4443
788 4444
3813 4445
147 4446
540 4447
884 4448
1751 4449
2731 4450
323 4451
3489 4452
3672 4453
1278 4454
3176 4455
3096 4456
466 4457
3037 4458
2093 4459
2689 4460
2728 4461
3548 4462
1828 4463
2079 4464
508 4465
687 4466
188 4467
2331 4468
3629 4469
1477 4470
4467 4471
4085 4472
227 4473
1605 4474
2740 4475
2927 4476
155 4477
308 4478
2657 4479
433 4480
2636 4481
4314 4482
109 4483
1333 4484
2424 4485
1394 4486
823 4487
635 4488
3338 4489
1430 4490
1708 4491
737 4492
2344 4493
2292 4494
1357 4495
2458 4496
49 4497
4447 4498
4017 4499
4142 4500
3423 4501
1675 4502
1700 4503
827 4504
2461 4505
3451 4506
77 4507
1400 4508
1883 4509
2019 4510
89 4511
1319 4512
3727 4513
646 4514
403 4515
12 4516
496 4517
2272 4518
846 4519
735 4520
2730 4521
1382 4522
3995 4523
2279 4524
2943 4525
1704 4526
2144 4527
1538 4528
3228 4529
2390 4530
583 4531
3523 4532
4234 4533
3632 4534
2982 4535
2679 4536
1723 4537
1985 4538
3244 4539
3147 4540
2933 4541
3164 4542
1016 4543
1138 4544
97 4545
4023 4546
4392 4547
894 4548
1923 4549
2971 4550
952 4551
1938 4552
2748 4553
332 4554
3423 4555
309 4556
4416 4557
487 4558
496 4559
4339 4560
4307 4561
4219 4562
1069 4563
464 4564
1265 4565
3404 4566
2334 4567
97 4568
3654 4569
1270 4570
3556 4571
2033 4572
3188 4573
3387 4574
2132 4575
1944 4576
2126 4577
4425 4578
3032 4579
1431 4580
3238 4581
2761 4582
2271 4583
825 4584
1355 4585
2467 4586
3169 4587
3222 4588
2872 4589
3622 4590
3199 4591
42 4592
3335 4593
1275 4594
1087 4595
3185 4596
186 4597
3011 4598
47 4599
3353 4600
2535 4601
4279 4602
3324 4603
3894 4604
575 4605
3507 4606
3293 4607
3592 4608
2004 4609
2292 4610
3385 4611
3919 4612
3849 4613
1266 4614
225 4615
727 4616
4085 4617
3625 4618
3308 4619
1229 4620
2189 4621
1774 4622
2472 4623
2284 4624
4390 4625
4454 4626
1461 4627
2030 4628
2275 4629
281 4630
2483 4631
568 4632
963 4633
579 4634
2901 4635
3433 4636
2663 4637
3788 4638
2128 4639
4607 4640
484 4641
888 4642
3331 4643
4511 4644
756 4645
150 4646
2053 4647
1438 4648
3284 4649
3690 4650
2944 4651
2147 4652
463 4653
1850 4654
4410 4655
2292 4656
2064 4657
3356 4658
1911 4659
894 4660
1578 4661
288 4662
4029 4663
2588 4664
4517 4665
2671 4666
674 4667
3830 4668
1559 4669
1797 4670
1373 4671
1598 4672
659 4673
4262 4674
785 4675
2609 4676
828 4677
1624 4678
3145 4679
4492 4680
62 4681
2093 4682
1711 4683
3000 4684
4557 4685
2125 4686
183 4687
30 4688
4358 4689
3020 4690
3855 4691
1096 4692
2343 4693
3460 4694
461 4695
3619 4696
4614 4697
3439 4698
1956 4699
4131 4700
3261 4701
1870 4702
1188 4703
3840 4704
1324 4705
4412 4706
1 4707
1844 4708
4580 4709
724 4710
1326 4711
255 4712
195 4713
3455 4714
2985 4715
829 4716
2357 4717
3320 4718
292 4719
12 4720
2562 4721
2482 4722
2487 4723
2424 4724
1392 4725
252 4726
3879 4727
51 4728
61 4729
1176 4730
3645 4731
659 4732
72 4733
2041 4734
2511 4735
16 4736
2146 4737
1687 4738
840 4739
963 4740
1554 4741
2575 4742
2808 4743
2871 4744
4093 4745
4616 4746
2249 4747
2056 4748
963 4749
1562 4750
1969 4751
668 4752
2796 4753
3056 4754
4468 4755
1860 4756
574 4757
2198 4758
4370 4759
1941 4760
4473 4761
472 4762
2729 4763
115 4764
2517 4765
4050 4766
4052 4767
618 4768
1422 4769
2518 4770
1014 4771
2450 4772
1194 4773
811 4774
2315 4775
242 4776
277 4777
2138 4778
1448 4779
4767 4780
2163 4781
3613 4782
3150 4783
1758 4784
2907 4785
2172 4786
4399 4787
4570 4788
3457 4789
550 4790
271 4791
3563 4792
1898 4793
168 4794
1761 4795
486 4796
3213 4797
2472 4798
4391 4799
2879 4800
3662 4801
3764 4802
1103 4803
4244 4804
3669 4805
1279 4806
1710 4807
1973 4808
2857 4809
887 4810
4804 4811
270 4812
1786 4813
1102 4814
1212 4815
858 4816
2319 4817
3106 4818
291 4819
1282 4820
940 4821
832 4822
295 4823
807 4824
1484 4825
2412 4826
1062 4827
4146 4828
1110 4829
3355 4830
4575 4831
4328 4832
3202 4833
414 4834
944 4835
325 4836
4135 4837
449 4838
4183 4839
1431 4840
3661 4841
2705 4842
1598 4843
1396 4844
1764 4845
3093 4846
3431 4847
1688 4848
4166 4849
4320 4850
3751 4851
4135 4852
4681 4853
4355 4854
3523 4855
259 4856
2392 4857
1585 4858
2252 4859
2727 4860
4782 4861
3969 4862
3722 4863
3012 4864
2245 4865
4587 4866
221 4867
1973 4868
1214 4869
859 4870
2496 4871
854 4872
4543 4873
2693 4874
4533 4875
1743 4876
2087 4877
3678 4878
646 4879
1189 4880
4278 4881
119 4882
1308 4883
122 4884
778 4885
1174 4886
1277 4887
651 4888
4619 4889
4599 4890
138 4891
4427 4892
3086 4893
874 4894
2922 4895
1954 4896
1536 4897
3767 4898
4280 4899
2288 4900
1448 4901
2494 4902
4892 4903
4612 4904
2186 4905
2588 4906
4580 4907
3006 4908
924 4909
1340 4910
2268 4911
998 4912
610 4913
3262 4914
3781 4915
4862 4916
3140 4917
4447 4918
4441 4919
3086 4920
1169 4921
2423 4922
1922 4923
4474 4924
4034 4925
2523 4926
4177 4927
3516 4928
3984 4929
2917 4930
3294 4931
3166 4932
528 4933
2421 4934
2626 4935
2634 4936
1293 4937
259 4938
138 4939
10 4940
2215 4941
4761 4942
3137 4943
2248 4944
2787 4945
4001 4946
2783 4947
1943 4948
3822 4949
3336 4950
3791 4951
4265 4952
1818 4953
4206 4954
4687 4955
435 4956
1153 4957
2368 4958
2745 4959
2251 4960
2684 4961
2124 4962
896 4963
3528 4964
1502 4965
4570 4966
3366 4967
2278 4968
4093 4969
3975 4970
986 4971
2804 4972
3079 4973
2225 4974
1103 4975
3751 4976
2856 4977
4764 4978
4357 4979
1532 4980
2560 4981
447 4982
4364 4983
405 4984
4454 4985
2599 4986
2930 4987
4278 4988
2023 4989
391 4990
8 4991
572 4992
1067 4993
3561 4994
3996 4995
1224 4996
66 4997
457 4998
1895 4999
1166 5000
