1 2
1 3
2 4
1 5
1 6
6 7
6 8
3 9
4 10
1 11
8 12
12 13
11 14
13 15
4 16
5 17
11 18
3 19
17 20
20 21
20 22
20 23
14 24
8 25
19 26
3 27
7 28
12 29
29 30
20 31
10 32
16 33
4 34
3 35
3 36
2 37
26 38
38 39
25 40
35 41
6 42
40 43
18 44
20 45
30 46
45 47
33 48
5 49
3 50
3 51
36 52
48 53
28 54
19 55
22 56
48 57
9 58
2 59
58 60
30 61
60 62
57 63
6 64
22 65
51 66
41 67
50 68
30 69
29 70
51 71
42 72
32 73
54 74
62 75
8 76
61 77
74 78
4 79
72 80
27 81
21 82
4 83
14 84
63 85
79 86
10 87
8 88
77 89
6 90
59 91
33 92
38 93
43 94
66 95
53 96
60 97
74 98
62 99
26 100
96 101
15 102
71 103
57 104
25 105
61 106
7 107
65 108
99 109
40 110
95 111
38 112
85 113
38 114
65 115
52 116
71 117
9 118
79 119
96 120
77 121
102 122
119 123
45 124
108 125
3 126
22 127
27 128
77 129
68 130
36 131
77 132
112 133
22 134
68 135
25 136
28 137
73 138
21 139
7 140
3 141
57 142
24 143
4 144
1 145
5 146
117 147
94 148
110 149
124 150
14 151
18 152
39 153
109 154
56 155
124 156
120 157
122 158
47 159
141 160
9 161
131 162
126 163
1 164
7 165
46 166
107 167
80 168
129 169
19 170
131 171
67 172
152 173
94 174
163 175
7 176
30 177
70 178
128 179
44 180
13 181
14 182
179 183
145 184
85 185
90 186
43 187
148 188
127 189
52 190
117 191
46 192
11 193
31 194
132 195
89 196
132 197
151 198
20 199
48 200
197 201
162 202
107 203
169 204
65 205
76 206
35 207
200 208
50 209
168 210
188 211
83 212
110 213
43 214
22 215
173 216
35 217
25 218
149 219
1 220
198 221
183 222
197 223
14 224
96 225
113 226
68 227
157 228
33 229
138 230
125 231
100 232
102 233
221 234
150 235
148 236
199 237
9 238
157 239
48 240
155 241
71 242
25 243
12 244
236 245
215 246
123 247
199 248
69 249
11 250
122 251
36 252
133 253
156 254
151 255
189 256
107 257
193 258
240 259
132 260
14 261
16 262
226 263
256 264
13 265
7 266
262 267
51 268
111 269
164 270
82 271
228 272
139 273
105 274
224 275
46 276
24 277
36 278
214 279
214 280
63 281
276 282
177 283
26 284
66 285
70 286
260 287
101 288
240 289
201 290
67 291
167 292
29 293
4 294
119 295
231 296
109 297
268 298
80 299
70 300
170 301
84 302
198 303
288 304
63 305
261 306
144 307
139 308
255 309
280 310
90 311
166 312
39 313
309 314
204 315
185 316
48 317
143 318
56 319
181 320
209 321
11 322
200 323
113 324
44 325
191 326
86 327
24 328
212 329
218 330
17 331
47 332
30 333
145 334
75 335
241 336
184 337
305 338
311 339
147 340
64 341
17 342
314 343
262 344
303 345
241 346
15 347
188 348
312 349
261 350
222 351
110 352
240 353
298 354
131 355
102 356
224 357
171 358
112 359
267 360
176 361
303 362
169 363
332 364
274 365
42 366
144 367
85 368
311 369
253 370
310 371
204 372
81 373
302 374
213 375
244 376
291 377
252 378
66 379
347 380
66 381
147 382
304 383
360 384
377 385
58 386
4 387
353 388
215 389
232 390
102 391
350 392
211 393
9 394
269 395
189 396
136 397
108 398
205 399
222 400
211 401
93 402
145 403
399 404
194 405
42 406
95 407
47 408
236 409
160 410
406 411
252 412
158 413
362 414
101 415
150 416
303 417
178 418
287 419
20 420
244 421
246 422
304 423
2 424
195 425
342 426
340 427
264 428
316 429
213 430
50 431
328 432
425 433
372 434
83 435
341 436
343 437
267 438
298 439
432 440
193 441
194 442
429 443
289 444
150 445
301 446
122 447
81 448
202 449
406 450
409 451
310 452
72 453
149 454
425 455
15 456
122 457
447 458
94 459
230 460
274 461
7 462
294 463
299 464
16 465
196 466
400 467
405 468
163 469
106 470
54 471
57 472
363 473
109 474
116 475
218 476
113 477
116 478
191 479
314 480
401 481
228 482
373 483
426 484
337 485
482 486
289 487
360 488
332 489
239 490
404 491
59 492
465 493
286 494
250 495
406 496
436 497
361 498
85 499
471 500
260 501
444 502
404 503
88 504
244 505
396 506
426 507
275 508
475 509
84 510
457 511
133 512
381 513
365 514
75 515
424 516
480 517
328 518
415 519
154 520
108 521
151 522
414 523
163 524
253 525
354 526
142 527
354 528
35 529
434 530
351 531
498 532
483 533
493 534
410 535
55 536
324 537
177 538
440 539
538 540
183 541
366 542
229 543
77 544
274 545
247 546
510 547
437 548
214 549
24 550
119 551
479 552
252 553
55 554
490 555
265 556
414 557
376 558
178 559
39 560
81 561
428 562
13 563
134 564
208 565
208 566
248 567
214 568
474 569
551 570
102 571
415 572
98 573
312 574
12 575
308 576
43 577
124 578
326 579
136 580
310 581
12 582
489 583
478 584
531 585
323 586
276 587
552 588
177 589
522 590
249 591
552 592
351 593
559 594
427 595
54 596
590 597
495 598
559 599
501 600
315 601
243 602
272 603
333 604
18 605
131 606
182 607
367 608
35 609
57 610
599 611
179 612
559 613
45 614
570 615
195 616
481 617
358 618
490 619
31 620
378 621
197 622
619 623
435 624
239 625
581 626
606 627
338 628
526 629
161 630
245 631
161 632
599 633
151 634
365 635
552 636
602 637
146 638
275 639
280 640
426 641
529 642
227 643
366 644
593 645
240 646
548 647
546 648
432 649
141 650
88 651
108 652
2 653
366 654
120 655
466 656
230 657
645 658
380 659
441 660
395 661
161 662
445 663
14 664
431 665
300 666
504 667
339 668
341 669
231 670
305 671
523 672
222 673
642 674
405 675
458 676
257 677
403 678
197 679
514 680
246 681
504 682
81 683
15 684
408 685
288 686
65 687
128 688
84 689
455 690
178 691
308 692
176 693
195 694
400 695
607 696
612 697
15 698
167 699
600 700
264 701
77 702
660 703
200 704
610 705
404 706
589 707
693 708
9 709
270 710
251 711
189 712
326 713
86 714
582 715
262 716
373 717
615 718
614 719
11 720
715 721
272 722
366 723
93 724
385 725
484 726
219 727
271 728
638 729
348 730
501 731
297 732
249 733
578 734
123 735
395 736
735 737
119 738
261 739
438 740
579 741
270 742
231 743
694 744
591 745
507 746
24 747
233 748
467 749
129 750
495 751
582 752
411 753
701 754
258 755
615 756
457 757
47 758
482 759
88 760
626 761
452 762
623 763
516 764
560 765
715 766
461 767
12 768
680 769
678 770
555 771
101 772
351 773
309 774
526 775
402 776
623 777
198 778
747 779
660 780
376 781
529 782
85 783
454 784
668 785
742 786
65 787
743 788
123 789
39 790
350 791
740 792
111 793
4 794
284 795
310 796
210 797
130 798
379 799
140 800
562 801
459 802
509 803
694 804
257 805
664 806
716 807
351 808
186 809
168 810
309 811
121 812
431 813
242 814
751 815
664 816
662 817
537 818
709 819
692 820
327 821
427 822
659 823
168 824
193 825
162 826
114 827
294 828
175 829
635 830
779 831
440 832
698 833
717 834
404 835
44 836
75 837
607 838
293 839
337 840
816 841
474 842
84 843
371 844
735 845
592 846
511 847
833 848
702 849
98 850
385 851
818 852
275 853
737 854
713 855
486 856
215 857
395 858
111 859
793 860
649 861
451 862
704 863
658 864
233 865
761 866
595 867
499 868
71 869
786 870
860 871
705 872
855 873
693 874
435 875
604 876
830 877
170 878
278 879
364 880
704 881
459 882
423 883
712 884
276 885
303 886
793 887
428 888
440 889
843 890
745 891
45 892
294 893
338 894
95 895
571 896
619 897
806 898
852 899
135 900
567 901
782 902
641 903
752 904
421 905
267 906
359 907
565 908
795 909
280 910
664 911
227 912
338 913
852 914
846 915
478 916
611 917
463 918
856 919
121 920
441 921
140 922
840 923
218 924
764 925
651 926
789 927
689 928
326 929
395 930
850 931
499 932
500 933
269 934
217 935
820 936
765 937
271 938
390 939
372 940
379 941
49 942
731 943
431 944
729 945
511 946
803 947
187 948
98 949
46 950
684 951
474 952
814 953
87 954
498 955
216 956
91 957
657 958
485 959
153 960
52 961
557 962
40 963
34 964
580 965
738 966
505 967
602 968
449 969
927 970
237 971
943 972
675 973
726 974
592 975
410 976
6 977
812 978
209 979
82 980
536 981
793 982
788 983
779 984
965 985
239 986
708 987
814 988
960 989
848 990
672 991
622 992
447 993
146 994
194 995
179 996
902 997
301 998
671 999
959 1000
176 1001
933 1002
459 1003
308 1004
386 1005
756 1006
908 1007
242 1008
970 1009
711 1010
738 1011
242 1012
588 1013
490 1014
443 1015
400 1016
187 1017
455 1018
132 1019
638 1020
211 1021
644 1022
797 1023
204 1024
434 1025
569 1026
12 1027
951 1028
623 1029
465 1030
91 1031
340 1032
55 1033
305 1034
567 1035
694 1036
530 1037
375 1038
977 1039
388 1040
999 1041
479 1042
655 1043
1011 1044
731 1045
582 1046
713 1047
642 1048
285 1049
419 1050
62 1051
257 1052
393 1053
187 1054
21 1055
737 1056
874 1057
949 1058
52 1059
822 1060
642 1061
591 1062
534 1063
279 1064
705 1065
677 1066
685 1067
130 1068
884 1069
272 1070
163 1071
465 1072
1011 1073
17 1074
395 1075
200 1076
597 1077
59 1078
364 1079
241 1080
781 1081
599 1082
574 1083
781 1084
727 1085
345 1086
847 1087
170 1088
793 1089
181 1090
536 1091
632 1092
68 1093
28 1094
222 1095
958 1096
339 1097
422 1098
1014 1099
580 1100
285 1101
1047 1102
245 1103
428 1104
234 1105
792 1106
564 1107
586 1108
444 1109
619 1110
29 1111
621 1112
1029 1113
763 1114
818 1115
520 1116
365 1117
853 1118
1112 1119
149 1120
658 1121
27 1122
275 1123
1004 1124
313 1125
1056 1126
630 1127
270 1128
1097 1129
201 1130
439 1131
726 1132
739 1133
431 1134
36 1135
592 1136
780 1137
609 1138
909 1139
867 1140
596 1141
487 1142
667 1143
745 1144
1077 1145
953 1146
439 1147
482 1148
737 1149
1089 1150
549 1151
1028 1152
1098 1153
1094 1154
353 1155
358 1156
1019 1157
829 1158
228 1159
4 1160
274 1161
715 1162
939 1163
401 1164
999 1165
491 1166
420 1167
328 1168
160 1169
670 1170
241 1171
1000 1172
493 1173
182 1174
743 1175
128 1176
170 1177
691 1178
1037 1179
862 1180
1126 1181
347 1182
684 1183
757 1184
1139 1185
935 1186
873 1187
744 1188
1091 1189
644 1190
52 1191
513 1192
367 1193
179 1194
193 1195
898 1196
1132 1197
199 1198
800 1199
274 1200
670 1201
761 1202
999 1203
453 1204
49 1205
19 1206
191 1207
12 1208
942 1209
119 1210
637 1211
660 1212
1024 1213
1052 1214
102 1215
746 1216
795 1217
988 1218
1158 1219
1005 1220
1190 1221
928 1222
81 1223
629 1224
447 1225
540 1226
407 1227
810 1228
849 1229
708 1230
868 1231
219 1232
357 1233
919 1234
294 1235
1190 1236
1158 1237
154 1238
437 1239
982 1240
176 1241
567 1242
1064 1243
495 1244
325 1245
912 1246
1211 1247
157 1248
515 1249
839 1250
429 1251
431 1252
1050 1253
498 1254
770 1255
598 1256
240 1257
1103 1258
107 1259
767 1260
129 1261
986 1262
419 1263
886 1264
518 1265
941 1266
221 1267
427 1268
416 1269
1115 1270
677 1271
894 1272
11 1273
1032 1274
1152 1275
684 1276
1124 1277
711 1278
545 1279
1159 1280
528 1281
1253 1282
387 1283
477 1284
294 1285
119 1286
685 1287
709 1288
617 1289
1132 1290
456 1291
1040 1292
1050 1293
1110 1294
711 1295
864 1296
176 1297
1259 1298
1186 1299
1249 1300
309 1301
986 1302
1144 1303
471 1304
1163 1305
1214 1306
423 1307
34 1308
1281 1309
1281 1310
309 1311
194 1312
137 1313
144 1314
760 1315
253 1316
344 1317
297 1318
298 1319
926 1320
614 1321
1210 1322
329 1323
354 1324
1280 1325
1008 1326
826 1327
1211 1328
204 1329
641 1330
874 1331
19 1332
1157 1333
93 1334
250 1335
1013 1336
1181 1337
305 1338
53 1339
244 1340
502 1341
13 1342
491 1343
538 1344
894 1345
1105 1346
1220 1347
508 1348
891 1349
1005 1350
1047 1351
19 1352
357 1353
33 1354
312 1355
228 1356
1259 1357
600 1358
242 1359
728 1360
60 1361
683 1362
312 1363
1047 1364
966 1365
358 1366
799 1367
242 1368
236 1369
1081 1370
1337 1371
205 1372
789 1373
1135 1374
245 1375
1002 1376
481 1377
876 1378
500 1379
1339 1380
1296 1381
956 1382
1285 1383
736 1384
614 1385
8 1386
213 1387
207 1388
394 1389
912 1390
1069 1391
1218 1392
1148 1393
1162 1394
283 1395
1307 1396
1157 1397
299 1398
75 1399
426 1400
482 1401
1107 1402
438 1403
1039 1404
619 1405
472 1406
133 1407
379 1408
1308 1409
1383 1410
64 1411
239 1412
652 1413
162 1414
942 1415
344 1416
1042 1417
563 1418
974 1419
756 1420
772 1421
222 1422
374 1423
430 1424
12 1425
111 1426
135 1427
1106 1428
35 1429
578 1430
116 1431
257 1432
804 1433
477 1434
742 1435
328 1436
956 1437
1129 1438
1192 1439
393 1440
461 1441
542 1442
668 1443
1073 1444
818 1445
1241 1446
910 1447
727 1448
379 1449
879 1450
1360 1451
983 1452
1277 1453
720 1454
398 1455
302 1456
1223 1457
1104 1458
1007 1459
845 1460
1147 1461
780 1462
469 1463
1123 1464
142 1465
1126 1466
488 1467
1383 1468
1198 1469
836 1470
13 1471
139 1472
154 1473
844 1474
891 1475
1020 1476
38 1477
1309 1478
1229 1479
712 1480
1457 1481
1301 1482
1397 1483
130 1484
82 1485
999 1486
574 1487
71 1488
1378 1489
1262 1490
190 1491
374 1492
1352 1493
238 1494
1123 1495
1326 1496
1479 1497
1368 1498
855 1499
1456 1500
659 1501
1417 1502
609 1503
219 1504
1016 1505
151 1506
1078 1507
820 1508
890 1509
932 1510
1466 1511
267 1512
310 1513
1338 1514
3 1515
1472 1516
678 1517
320 1518
349 1519
1252 1520
864 1521
1293 1522
139 1523
21 1524
1087 1525
364 1526
371 1527
630 1528
1445 1529
1255 1530
1285 1531
593 1532
524 1533
397 1534
1049 1535
862 1536
1303 1537
364 1538
314 1539
564 1540
694 1541
1120 1542
1481 1543
991 1544
464 1545
1426 1546
513 1547
981 1548
92 1549
1520 1550
893 1551
1080 1552
947 1553
1267 1554
544 1555
10 1556
1065 1557
751 1558
974 1559
625 1560
1289 1561
241 1562
987 1563
1213 1564
812 1565
839 1566
165 1567
1132 1568
116 1569
180 1570
564 1571
1390 1572
1543 1573
1121 1574
1008 1575
268 1576
1026 1577
641 1578
795 1579
487 1580
190 1581
788 1582
297 1583
114 1584
1140 1585
1168 1586
1056 1587
492 1588
1125 1589
590 1590
1151 1591
44 1592
412 1593
1324 1594
901 1595
1235 1596
531 1597
1111 1598
1232 1599
1113 1600
1271 1601
963 1602
320 1603
1559 1604
144 1605
1475 1606
11 1607
1141 1608
405 1609
1173 1610
770 1611
776 1612
1473 1613
1578 1614
1347 1615
1602 1616
781 1617
478 1618
520 1619
1605 1620
1494 1621
1195 1622
1612 1623
101 1624
467 1625
1006 1626
591 1627
15 1628
1260 1629
1434 1630
183 1631
1392 1632
1138 1633
1342 1634
1057 1635
37 1636
277 1637
912 1638
1222 1639
1186 1640
559 1641
1380 1642
1324 1643
59 1644
486 1645
980 1646
984 1647
1502 1648
1054 1649
1474 1650
1648 1651
827 1652
684 1653
485 1654
148 1655
1299 1656
1380 1657
820 1658
516 1659
1533 1660
153 1661
998 1662
5 1663
522 1664
209 1665
1018 1666
320 1667
764 1668
867 1669
310 1670
1407 1671
1596 1672
547 1673
1627 1674
746 1675
658 1676
1391 1677
389 1678
133 1679
1625 1680
1652 1681
1378 1682
1365 1683
37 1684
13 1685
1679 1686
855 1687
382 1688
734 1689
324 1690
1687 1691
1039 1692
1314 1693
527 1694
1512 1695
1099 1696
895 1697
692 1698
1568 1699
347 1700
515 1701
1516 1702
1551 1703
845 1704
663 1705
1689 1706
585 1707
1166 1708
1346 1709
680 1710
1690 1711
151 1712
815 1713
244 1714
967 1715
1596 1716
912 1717
350 1718
642 1719
386 1720
1019 1721
971 1722
1174 1723
582 1724
1427 1725
1692 1726
1629 1727
55 1728
1273 1729
21 1730
1272 1731
470 1732
1201 1733
606 1734
1333 1735
583 1736
663 1737
1545 1738
961 1739
1093 1740
167 1741
166 1742
936 1743
1252 1744
3 1745
33 1746
626 1747
592 1748
984 1749
1605 1750
930 1751
690 1752
769 1753
507 1754
1230 1755
349 1756
561 1757
123 1758
1456 1759
1179 1760
159 1761
668 1762
1670 1763
1759 1764
1518 1765
517 1766
617 1767
18 1768
1660 1769
885 1770
1107 1771
1599 1772
1006 1773
1 1774
529 1775
883 1776
484 1777
73 1778
1374 1779
297 1780
750 1781
752 1782
1373 1783
690 1784
1205 1785
407 1786
1493 1787
839 1788
586 1789
1115 1790
1666 1791
638 1792
1233 1793
1649 1794
687 1795
454 1796
181 1797
1689 1798
1588 1799
544 1800
1511 1801
487 1802
586 1803
133 1804
683 1805
1544 1806
171 1807
220 1808
1009 1809
923 1810
933 1811
756 1812
1418 1813
375 1814
1714 1815
1374 1816
21 1817
458 1818
452 1819
1119 1820
108 1821
825 1822
780 1823
1002 1824
1653 1825
1466 1826
249 1827
1488 1828
1797 1829
1764 1830
1113 1831
1494 1832
751 1833
1425 1834
1527 1835
1347 1836
1647 1837
1555 1838
1017 1839
1287 1840
894 1841
135 1842
640 1843
1329 1844
118 1845
1505 1846
792 1847
860 1848
1405 1849
322 1850
206 1851
904 1852
1831 1853
1006 1854
1294 1855
621 1856
1611 1857
557 1858
189 1859
572 1860
936 1861
1152 1862
487 1863
1800 1864
52 1865
1500 1866
1661 1867
539 1868
270 1869
122 1870
578 1871
225 1872
906 1873
878 1874
1004 1875
919 1876
651 1877
1660 1878
1408 1879
1289 1880
274 1881
30 1882
1670 1883
670 1884
199 1885
55 1886
391 1887
410 1888
1278 1889
1191 1890
107 1891
1341 1892
586 1893
883 1894
1521 1895
761 1896
332 1897
931 1898
1856 1899
1828 1900
63 1901
728 1902
131 1903
1768 1904
1455 1905
372 1906
1236 1907
1348 1908
1136 1909
1024 1910
654 1911
1007 1912
190 1913
784 1914
1785 1915
1001 1916
1357 1917
1083 1918
1566 1919
1087 1920
1847 1921
1021 1922
593 1923
987 1924
33 1925
1183 1926
510 1927
1550 1928
1451 1929
1756 1930
1581 1931
1755 1932
1517 1933
1201 1934
273 1935
1727 1936
261 1937
1189 1938
1935 1939
739 1940
1870 1941
1090 1942
925 1943
1261 1944
1177 1945
310 1946
1813 1947
872 1948
1001 1949
419 1950
1723 1951
1823 1952
1221 1953
1064 1954
256 1955
606 1956
971 1957
1154 1958
1859 1959
1567 1960
744 1961
140 1962
836 1963
617 1964
326 1965
293 1966
1100 1967
1960 1968
1566 1969
1027 1970
336 1971
652 1972
1292 1973
588 1974
1768 1975
1936 1976
1091 1977
107 1978
1700 1979
575 1980
862 1981
568 1982
1399 1983
1160 1984
1656 1985
1636 1986
1123 1987
1140 1988
1745 1989
1446 1990
1954 1991
1473 1992
1870 1993
572 1994
717 1995
1087 1996
1927 1997
211 1998
1126 1999
1448 2000
776 2001
1686 2002
1906 2003
591 2004
919 2005
679 2006
225 2007
591 2008
601 2009
1825 2010
20 2011
109 2012
1079 2013
1350 2014
483 2015
397 2016
14 2017
1741 2018
1510 2019
44 2020
41 2021
213 2022
1464 2023
999 2024
115 2025
1513 2026
1240 2027
873 2028
1709 2029
1190 2030
1407 2031
1786 2032
195 2033
272 2034
449 2035
60 2036
471 2037
1383 2038
1685 2039
1856 2040
581 2041
2011 2042
1676 2043
974 2044
1142 2045
1990 2046
1393 2047
1282 2048
1305 2049
1672 2050
1970 2051
1480 2052
1209 2053
1385 2054
1586 2055
1421 2056
1711 2057
1209 2058
1850 2059
749 2060
1004 2061
1767 2062
792 2063
1405 2064
2049 2065
1229 2066
1151 2067
1673 2068
1644 2069
1910 2070
1415 2071
1573 2072
1209 2073
547 2074
1967 2075
494 2076
1300 2077
1613 2078
1416 2079
801 2080
79 2081
1708 2082
540 2083
51 2084
1324 2085
1310 2086
1503 2087
1142 2088
1755 2089
1358 2090
1693 2091
65 2092
2071 2093
1510 2094
1123 2095
1204 2096
654 2097
626 2098
2007 2099
1234 2100
1505 2101
730 2102
1191 2103
1460 2104
906 2105
425 2106
1162 2107
1368 2108
1297 2109
11 2110
1116 2111
344 2112
1754 2113
2058 2114
1264 2115
1213 2116
920 2117
1134 2118
1733 2119
1413 2120
1626 2121
746 2122
332 2123
348 2124
1190 2125
742 2126
2041 2127
897 2128
1693 2129
1948 2130
1723 2131
484 2132
675 2133
1649 2134
1098 2135
1150 2136
135 2137
147 2138
626 2139
750 2140
1038 2141
1273 2142
1498 2143
995 2144
1021 2145
1602 2146
765 2147
505 2148
1617 2149
592 2150
1432 2151
2070 2152
781 2153
1890 2154
1394 2155
1315 2156
99 2157
604 2158
8 2159
2025 2160
1352 2161
1056 2162
1113 2163
1987 2164
506 2165
1961 2166
457 2167
942 2168
219 2169
1762 2170
1165 2171
1142 2172
169 2173
681 2174
164 2175
1222 2176
1409 2177
1031 2178
221 2179
2063 2180
980 2181
1394 2182
2025 2183
449 2184
1157 2185
287 2186
833 2187
1022 2188
1140 2189
826 2190
1247 2191
2067 2192
539 2193
1822 2194
2127 2195
1083 2196
1922 2197
1767 2198
600 2199
1379 2200
223 2201
618 2202
1607 2203
611 2204
303 2205
1517 2206
22 2207
1374 2208
608 2209
1262 2210
1750 2211
1561 2212
43 2213
1625 2214
1619 2215
923 2216
835 2217
672 2218
755 2219
737 2220
1341 2221
117 2222
2178 2223
1226 2224
1199 2225
739 2226
398 2227
220 2228
1601 2229
380 2230
96 2231
1357 2232
1386 2233
1976 2234
2155 2235
641 2236
538 2237
110 2238
535 2239
177 2240
766 2241
618 2242
463 2243
695 2244
909 2245
555 2246
688 2247
34 2248
106 2249
860 2250
2153 2251
109 2252
1225 2253
45 2254
373 2255
557 2256
129 2257
1366 2258
473 2259
1037 2260
1136 2261
446 2262
1880 2263
2049 2264
213 2265
458 2266
329 2267
1003 2268
1586 2269
1616 2270
1706 2271
1502 2272
1474 2273
527 2274
236 2275
2156 2276
883 2277
668 2278
434 2279
373 2280
579 2281
2062 2282
134 2283
518 2284
23 2285
688 2286
870 2287
1232 2288
23 2289
929 2290
1146 2291
716 2292
1936 2293
1123 2294
675 2295
1762 2296
2290 2297
2168 2298
684 2299
199 2300
1370 2301
1188 2302
887 2303
1614 2304
449 2305
1940 2306
874 2307
1766 2308
2170 2309
1575 2310
1816 2311
1814 2312
1321 2313
326 2314
1503 2315
153 2316
587 2317
474 2318
239 2319
1255 2320
1097 2321
1744 2322
1860 2323
730 2324
2213 2325
1164 2326
1290 2327
2058 2328
1310 2329
2134 2330
1232 2331
209 2332
1909 2333
2052 2334
1924 2335
23 2336
600 2337
735 2338
431 2339
171 2340
1743 2341
938 2342
358 2343
2201 2344
1053 2345
1954 2346
1313 2347
520 2348
1551 2349
2319 2350
654 2351
2237 2352
266 2353
2323 2354
29 2355
1821 2356
116 2357
2329 2358
1473 2359
1445 2360
1594 2361
2048 2362
2044 2363
901 2364
265 2365
2204 2366
1289 2367
1680 2368
1314 2369
1060 2370
1332 2371
385 2372
311 2373
1581 2374
2111 2375
1640 2376
190 2377
843 2378
1369 2379
1959 2380
2066 2381
148 2382
2103 2383
183 2384
1409 2385
1128 2386
1943 2387
954 2388
624 2389
2266 2390
1248 2391
419 2392
864 2393
180 2394
2267 2395
2357 2396
1737 2397
2166 2398
875 2399
2067 2400
2111 2401
2248 2402
723 2403
1245 2404
907 2405
1763 2406
1576 2407
148 2408
1887 2409
25 2410
1975 2411
485 2412
640 2413
2031 2414
343 2415
2214 2416
1147 2417
2309 2418
1398 2419
233 2420
2308 2421
273 2422
2061 2423
992 2424
1357 2425
1435 2426
1733 2427
2343 2428
1800 2429
1915 2430
489 2431
2381 2432
1255 2433
2295 2434
1683 2435
1110 2436
1094 2437
1834 2438
196 2439
812 2440
464 2441
867 2442
420 2443
53 2444
917 2445
931 2446
1159 2447
1522 2448
447 2449
2228 2450
1438 2451
1474 2452
2095 2453
1019 2454
2310 2455
490 2456
667 2457
860 2458
2315 2459
630 2460
444 2461
1794 2462
1712 2463
1866 2464
193 2465
419 2466
639 2467
199 2468
761 2469
1042 2470
2192 2471
1061 2472
1712 2473
2357 2474
610 2475
252 2476
1150 2477
1908 2478
2179 2479
1786 2480
1552 2481
604 2482
1823 2483
1286 2484
2473 2485
2395 2486
616 2487
1880 2488
563 2489
2296 2490
2239 2491
936 2492
971 2493
941 2494
669 2495
166 2496
1979 2497
705 2498
2174 2499
1777 2500
681 2501
1065 2502
1210 2503
821 2504
2322 2505
48 2506
1516 2507
471 2508
978 2509
1455 2510
1809 2511
185 2512
507 2513
1851 2514
2150 2515
963 2516
531 2517
156 2518
103 2519
2434 2520
41 2521
2478 2522
72 2523
2500 2524
402 2525
1167 2526
1351 2527
841 2528
2183 2529
1229 2530
734 2531
1028 2532
1714 2533
2317 2534
166 2535
1369 2536
1112 2537
1154 2538
2248 2539
351 2540
883 2541
1799 2542
1762 2543
516 2544
2153 2545
1935 2546
841 2547
73 2548
1598 2549
951 2550
840 2551
584 2552
1573 2553
1418 2554
2478 2555
110 2556
1591 2557
2244 2558
1330 2559
2055 2560
779 2561
2243 2562
2210 2563
212 2564
1545 2565
2463 2566
427 2567
227 2568
115 2569
2450 2570
543 2571
243 2572
108 2573
450 2574
1754 2575
1129 2576
2146 2577
2351 2578
2432 2579
1290 2580
2216 2581
1117 2582
456 2583
1553 2584
934 2585
359 2586
303 2587
568 2588
289 2589
1472 2590
2164 2591
726 2592
1755 2593
1543 2594
1000 2595
861 2596
1415 2597
633 2598
12 2599
2138 2600
2299 2601
404 2602
670 2603
2434 2604
1771 2605
1209 2606
80 2607
2182 2608
2000 2609
734 2610
633 2611
2275 2612
951 2613
2357 2614
1768 2615
1992 2616
1638 2617
2610 2618
563 2619
1304 2620
2353 2621
2512 2622
1692 2623
1634 2624
216 2625
2150 2626
1947 2627
2607 2628
415 2629
1842 2630
313 2631
1096 2632
1679 2633
2010 2634
1554 2635
474 2636
472 2637
1489 2638
777 2639
1147 2640
1050 2641
896 2642
1002 2643
1018 2644
1390 2645
2529 2646
1783 2647
1594 2648
2472 2649
209 2650
1249 2651
2304 2652
311 2653
242 2654
1961 2655
290 2656
2047 2657
1224 2658
942 2659
1018 2660
2587 2661
2627 2662
1019 2663
2327 2664
112 2665
1363 2666
1399 2667
2314 2668
1775 2669
1690 2670
1875 2671
850 2672
2409 2673
2517 2674
328 2675
382 2676
2605 2677
2097 2678
1880 2679
830 2680
1658 2681
2504 2682
1175 2683
90 2684
1766 2685
547 2686
1975 2687
1135 2688
1877 2689
2497 2690
137 2691
2555 2692
207 2693
368 2694
2166 2695
1661 2696
195 2697
968 2698
1470 2699
1987 2700
227 2701
1080 2702
1496 2703
1515 2704
299 2705
2609 2706
1287 2707
338 2708
1388 2709
2638 2710
145 2711
130 2712
1957 2713
1025 2714
921 2715
1770 2716
146 2717
1085 2718
785 2719
2418 2720
1419 2721
2713 2722
2079 2723
566 2724
2205 2725
2355 2726
1527 2727
145 2728
2439 2729
1550 2730
1779 2731
300 2732
141 2733
655 2734
2439 2735
2647 2736
753 2737
263 2738
826 2739
8 2740
2038 2741
2614 2742
569 2743
1750 2744
1999 2745
546 2746
1894 2747
1429 2748
599 2749
253 2750
632 2751
189 2752
1285 2753
674 2754
1473 2755
629 2756
1396 2757
1314 2758
1915 2759
2104 2760
2267 2761
1452 2762
2061 2763
1125 2764
1615 2765
272 2766
1706 2767
579 2768
1607 2769
664 2770
1185 2771
2025 2772
485 2773
2458 2774
2274 2775
934 2776
181 2777
1956 2778
2555 2779
1313 2780
264 2781
182 2782
2154 2783
2436 2784
938 2785
912 2786
1673 2787
502 2788
1258 2789
1217 2790
2508 2791
1980 2792
180 2793
2416 2794
2021 2795
1949 2796
563 2797
337 2798
2579 2799
2622 2800
1352 2801
1268 2802
56 2803
9 2804
1623 2805
1240 2806
955 2807
1924 2808
810 2809
2181 2810
1005 2811
446 2812
536 2813
1566 2814
2743 2815
2240 2816
2741 2817
1490 2818
1490 2819
1477 2820
1906 2821
2671 2822
979 2823
2796 2824
1657 2825
796 2826
1424 2827
2464 2828
2742 2829
797 2830
629 2831
1323 2832
1864 2833
2661 2834
1524 2835
699 2836
42 2837
2049 2838
667 2839
309 2840
2582 2841
7 2842
133 2843
1173 2844
2594 2845
2403 2846
1243 2847
1101 2848
680 2849
1269 2850
876 2851
2115 2852
714 2853
1296 2854
683 2855
1839 2856
2447 2857
2754 2858
2425 2859
2550 2860
64 2861
1464 2862
484 2863
2017 2864
197 2865
1168 2866
2345 2867
792 2868
665 2869
2506 2870
848 2871
30 2872
644 2873
2637 2874
841 2875
1351 2876
2689 2877
1747 2878
690 2879
666 2880
2677 2881
484 2882
951 2883
1127 2884
782 2885
698 2886
1353 2887
1217 2888
1221 2889
840 2890
136 2891
1627 2892
1801 2893
193 2894
1552 2895
2590 2896
235 2897
2453 2898
2253 2899
644 2900
1013 2901
235 2902
631 2903
2285 2904
725 2905
2160 2906
2424 2907
986 2908
2557 2909
1307 2910
2390 2911
2055 2912
2417 2913
2071 2914
974 2915
573 2916
1491 2917
1635 2918
1387 2919
759 2920
2181 2921
1124 2922
1617 2923
181 2924
79 2925
35 2926
2337 2927
2659 2928
2819 2929
1369 2930
711 2931
2719 2932
2205 2933
2481 2934
2793 2935
2475 2936
2288 2937
2120 2938
2694 2939
1283 2940
2171 2941
1588 2942
1394 2943
2363 2944
2331 2945
462 2946
1857 2947
1219 2948
1158 2949
2586 2950
1759 2951
2621 2952
787 2953
1763 2954
1969 2955
2508 2956
134 2957
2879 2958
1827 2959
1146 2960
2509 2961
2922 2962
1107 2963
1673 2964
2777 2965
62 2966
244 2967
180 2968
2344 2969
1644 2970
844 2971
1836 2972
1781 2973
174 2974
2837 2975
1380 2976
500 2977
1965 2978
2294 2979
163 2980
1755 2981
1248 2982
2841 2983
1675 2984
1198 2985
1658 2986
2177 2987
2347 2988
1611 2989
696 2990
2204 2991
276 2992
1992 2993
1225 2994
1028 2995
2374 2996
626 2997
1493 2998
476 2999
51 3000
710 3001
244 3002
488 3003
2694 3004
2534 3005
1785 3006
1698 3007
2469 3008
25 3009
35 3010
729 3011
1999 3012
2387 3013
1600 3014
1506 3015
961 3016
2286 3017
2637 3018
2396 3019
1769 3020
2365 3021
1580 3022
2482 3023
1551 3024
2897 3025
1947 3026
1570 3027
798 3028
1988 3029
2229 3030
1248 3031
139 3032
8 3033
536 3034
2784 3035
365 3036
477 3037
2900 3038
16 3039
1128 3040
1491 3041
2814 3042
687 3043
2445 3044
1531 3045
808 3046
116 3047
1509 3048
1277 3049
396 3050
349 3051
1733 3052
1737 3053
1890 3054
2919 3055
1904 3056
710 3057
365 3058
1203 3059
2282 3060
2439 3061
1511 3062
1118 3063
818 3064
835 3065
2297 3066
2349 3067
2448 3068
1149 3069
952 3070
2108 3071
1037 3072
972 3073
2698 3074
471 3075
172 3076
483 3077
577 3078
2894 3079
948 3080
326 3081
2764 3082
2259 3083
726 3084
1363 3085
1782 3086
1341 3087
2006 3088
35 3089
154 3090
51 3091
1197 3092
193 3093
1738 3094
2856 3095
593 3096
1632 3097
1592 3098
3094 3099
2801 3100
689 3101
1709 3102
3031 3103
1452 3104
1968 3105
2947 3106
2137 3107
1236 3108
1483 3109
1662 3110
215 3111
758 3112
589 3113
945 3114
2892 3115
2286 3116
257 3117
2618 3118
3055 3119
910 3120
2181 3121
2751 3122
2641 3123
3117 3124
2661 3125
613 3126
1875 3127
1495 3128
362 3129
440 3130
2695 3131
1253 3132
2807 3133
577 3134
397 3135
1091 3136
1905 3137
606 3138
1303 3139
1923 3140
1119 3141
929 3142
912 3143
1951 3144
3118 3145
2378 3146
1599 3147
2827 3148
2154 3149
504 3150
2597 3151
1921 3152
2237 3153
1161 3154
1795 3155
1391 3156
1213 3157
1255 3158
926 3159
1309 3160
533 3161
2609 3162
1649 3163
1632 3164
754 3165
1451 3166
1680 3167
484 3168
989 3169
1855 3170
281 3171
1249 3172
130 3173
2201 3174
1474 3175
582 3176
3164 3177
922 3178
2152 3179
3018 3180
401 3181
482 3182
804 3183
1723 3184
401 3185
765 3186
2361 3187
763 3188
816 3189
2785 3190
2775 3191
1890 3192
1367 3193
1100 3194
1275 3195
1523 3196
90 3197
254 3198
992 3199
2910 3200
1047 3201
1735 3202
964 3203
2636 3204
1862 3205
594 3206
2196 3207
2497 3208
3024 3209
1081 3210
1363 3211
1458 3212
2236 3213
257 3214
2833 3215
2949 3216
1595 3217
3211 3218
1231 3219
1988 3220
738 3221
1876 3222
1025 3223
1260 3224
664 3225
2593 3226
1293 3227
2260 3228
860 3229
2969 3230
2490 3231
2925 3232
2231 3233
605 3234
433 3235
957 3236
2198 3237
1875 3238
1878 3239
3217 3240
1825 3241
3228 3242
2636 3243
1145 3244
984 3245
1976 3246
171 3247
23 3248
801 3249
2283 3250
1641 3251
1907 3252
342 3253
2029 3254
2820 3255
2459 3256
2848 3257
889 3258
323 3259
1967 3260
511 3261
2130 3262
3090 3263
2300 3264
1479 3265
2707 3266
622 3267
2689 3268
2741 3269
2150 3270
1006 3271
2940 3272
2375 3273
2107 3274
319 3275
1881 3276
2953 3277
533 3278
3229 3279
2281 3280
3237 3281
484 3282
3196 3283
485 3284
966 3285
1671 3286
3060 3287
1522 3288
2134 3289
1903 3290
1404 3291
2230 3292
3015 3293
3279 3294
3170 3295
2116 3296
517 3297
435 3298
97 3299
1572 3300
934 3301
2761 3302
3011 3303
581 3304
1540 3305
1539 3306
394 3307
1747 3308
592 3309
1266 3310
1009 3311
1793 3312
2384 3313
2305 3314
2710 3315
2604 3316
870 3317
2823 3318
1276 3319
351 3320
674 3321
527 3322
481 3323
3058 3324
2011 3325
716 3326
1668 3327
750 3328
2948 3329
227 3330
676 3331
366 3332
1495 3333
2365 3334
2353 3335
2484 3336
2399 3337
410 3338
1607 3339
929 3340
1298 3341
2925 3342
593 3343
1419 3344
1753 3345
2984 3346
2290 3347
1283 3348
125 3349
2504 3350
379 3351
278 3352
775 3353
2463 3354
1372 3355
3307 3356
604 3357
82 3358
9 3359
612 3360
1867 3361
849 3362
244 3363
1352 3364
3255 3365
1634 3366
1227 3367
863 3368
905 3369
2440 3370
1705 3371
1349 3372
2470 3373
1407 3374
2272 3375
209 3376
2266 3377
2962 3378
3126 3379
1147 3380
2834 3381
2591 3382
3256 3383
3183 3384
1803 3385
2191 3386
2548 3387
1705 3388
2775 3389
3174 3390
647 3391
77 3392
654 3393
3217 3394
2440 3395
1276 3396
1927 3397
2586 3398
1826 3399
1286 3400
244 3401
2361 3402
2605 3403
1962 3404
2539 3405
351 3406
2947 3407
2373 3408
459 3409
2065 3410
1967 3411
3125 3412
2962 3413
2330 3414
1528 3415
1123 3416
1097 3417
3347 3418
337 3419
654 3420
1359 3421
1306 3422
3124 3423
1165 3424
2649 3425
125 3426
847 3427
723 3428
1698 3429
2070 3430
3079 3431
2528 3432
2918 3433
178 3434
2170 3435
449 3436
375 3437
2693 3438
1577 3439
1181 3440
2353 3441
1707 3442
2108 3443
1982 3444
2680 3445
1684 3446
1271 3447
1946 3448
2038 3449
1846 3450
936 3451
2025 3452
404 3453
1517 3454
3441 3455
1868 3456
2420 3457
2417 3458
3107 3459
3022 3460
1247 3461
3395 3462
3024 3463
1880 3464
2557 3465
1599 3466
759 3467
1994 3468
2632 3469
2452 3470
2885 3471
484 3472
1713 3473
662 3474
328 3475
249 3476
2148 3477
1127 3478
2059 3479
1577 3480
961 3481
2005 3482
2561 3483
3207 3484
2294 3485
2671 3486
3230 3487
2372 3488
43 3489
1901 3490
2890 3491
403 3492
3109 3493
2168 3494
2098 3495
2316 3496
729 3497
92 3498
291 3499
1450 3500
773 3501
639 3502
2313 3503
3245 3504
2493 3505
3274 3506
3015 3507
1583 3508
1190 3509
829 3510
1721 3511
1139 3512
901 3513
1903 3514
2492 3515
79 3516
613 3517
984 3518
2868 3519
1420 3520
3301 3521
482 3522
955 3523
3087 3524
741 3525
1121 3526
1504 3527
2740 3528
1646 3529
878 3530
1614 3531
2994 3532
2605 3533
3332 3534
224 3535
1090 3536
741 3537
168 3538
562 3539
104 3540
396 3541
764 3542
619 3543
1145 3544
3064 3545
1156 3546
527 3547
2088 3548
336 3549
2449 3550
1543 3551
2344 3552
538 3553
2836 3554
3396 3555
2613 3556
468 3557
3209 3558
448 3559
1702 3560
2256 3561
2957 3562
3404 3563
23 3564
2707 3565
834 3566
543 3567
492 3568
729 3569
1466 3570
545 3571
358 3572
1340 3573
3005 3574
374 3575
1964 3576
2206 3577
92 3578
181 3579
53 3580
2898 3581
2921 3582
1493 3583
1442 3584
2492 3585
1720 3586
1034 3587
1659 3588
2318 3589
1607 3590
1927 3591
824 3592
211 3593
848 3594
3192 3595
1286 3596
3321 3597
1066 3598
2924 3599
469 3600
1749 3601
1452 3602
3071 3603
9 3604
1576 3605
2230 3606
1198 3607
3508 3608
706 3609
1396 3610
1431 3611
3055 3612
2905 3613
997 3614
3493 3615
3594 3616
14 3617
2593 3618
745 3619
3229 3620
1707 3621
2346 3622
917 3623
3215 3624
786 3625
3587 3626
2223 3627
1622 3628
1135 3629
2087 3630
1718 3631
1181 3632
2516 3633
877 3634
1030 3635
3004 3636
3071 3637
2988 3638
3048 3639
2012 3640
1178 3641
3298 3642
409 3643
2519 3644
2172 3645
461 3646
1125 3647
2545 3648
1316 3649
2876 3650
2883 3651
2897 3652
2793 3653
634 3654
2296 3655
525 3656
3248 3657
2088 3658
1430 3659
3212 3660
1565 3661
3416 3662
834 3663
2097 3664
3478 3665
1048 3666
3363 3667
3179 3668
2306 3669
610 3670
1224 3671
1525 3672
532 3673
2243 3674
1645 3675
547 3676
2628 3677
3328 3678
3301 3679
2434 3680
198 3681
7 3682
253 3683
2042 3684
1250 3685
1505 3686
3682 3687
1185 3688
594 3689
1859 3690
2628 3691
3534 3692
474 3693
1407 3694
1492 3695
557 3696
1938 3697
1800 3698
1400 3699
3540 3700
685 3701
1517 3702
2533 3703
682 3704
3120 3705
2545 3706
2242 3707
1908 3708
662 3709
3212 3710
1605 3711
3601 3712
216 3713
1797 3714
274 3715
3469 3716
3455 3717
1302 3718
2320 3719
548 3720
3306 3721
74 3722
634 3723
713 3724
1513 3725
1478 3726
3015 3727
82 3728
1997 3729
2725 3730
2272 3731
2454 3732
1185 3733
2111 3734
1704 3735
1644 3736
2705 3737
2742 3738
3138 3739
2537 3740
383 3741
1995 3742
773 3743
829 3744
3143 3745
2952 3746
1555 3747
2349 3748
1344 3749
678 3750
2450 3751
1918 3752
1760 3753
1767 3754
3588 3755
3369 3756
240 3757
303 3758
1684 3759
2365 3760
417 3761
9 3762
926 3763
3615 3764
197 3765
2817 3766
639 3767
1942 3768
2345 3769
2666 3770
479 3771
1369 3772
2091 3773
1002 3774
874 3775
2926 3776
3025 3777
2291 3778
429 3779
3675 3780
2018 3781
5 3782
2526 3783
3587 3784
1695 3785
3206 3786
2793 3787
1301 3788
2807 3789
2428 3790
961 3791
3697 3792
97 3793
2069 3794
706 3795
2985 3796
1290 3797
3122 3798
1635 3799
873 3800
2484 3801
403 3802
720 3803
2694 3804
910 3805
1252 3806
1006 3807
3196 3808
518 3809
3730 3810
3324 3811
1210 3812
1905 3813
2982 3814
162 3815
454 3816
694 3817
35 3818
3769 3819
2236 3820
1113 3821
2730 3822
1335 3823
3389 3824
1923 3825
116 3826
1322 3827
272 3828
1134 3829
2584 3830
423 3831
2142 3832
3607 3833
3567 3834
2494 3835
27 3836
3547 3837
1388 3838
670 3839
1914 3840
1354 3841
1561 3842
527 3843
709 3844
475 3845
2417 3846
1970 3847
1196 3848
1835 3849
2474 3850
1476 3851
2623 3852
1173 3853
3635 3854
1531 3855
3717 3856
1709 3857
1453 3858
3771 3859
3243 3860
2554 3861
3117 3862
1812 3863
3026 3864
1336 3865
3015 3866
1315 3867
3692 3868
1733 3869
2919 3870
2265 3871
1222 3872
1206 3873
3459 3874
2184 3875
623 3876
2205 3877
1821 3878
1768 3879
2182 3880
1293 3881
3163 3882
2750 3883
3464 3884
3090 3885
1186 3886
762 3887
3881 3888
3487 3889
2 3890
863 3891
3674 3892
250 3893
2141 3894
2721 3895
232 3896
3116 3897
1096 3898
1242 3899
3573 3900
2359 3901
2090 3902
13 3903
510 3904
657 3905
3301 3906
639 3907
3344 3908
551 3909
1186 3910
2789 3911
1425 3912
3849 3913
5 3914
1752 3915
830 3916
389 3917
309 3918
421 3919
1371 3920
295 3921
1590 3922
3118 3923
1763 3924
3613 3925
702 3926
2308 3927
1313 3928
490 3929
2093 3930
2954 3931
3198 3932
469 3933
2859 3934
571 3935
1403 3936
2468 3937
1098 3938
377 3939
1441 3940
206 3941
2443 3942
2318 3943
738 3944
2020 3945
3589 3946
3377 3947
2878 3948
3656 3949
25 3950
2469 3951
3453 3952
853 3953
3545 3954
2391 3955
3083 3956
1708 3957
1490 3958
921 3959
2437 3960
3049 3961
2003 3962
2277 3963
3241 3964
2086 3965
3134 3966
295 3967
3362 3968
1480 3969
2881 3970
3074 3971
3869 3972
3567 3973
2636 3974
389 3975
3622 3976
238 3977
730 3978
1928 3979
2617 3980
3112 3981
3327 3982
331 3983
3700 3984
3555 3985
364 3986
3348 3987
3353 3988
1488 3989
501 3990
2128 3991
219 3992
1007 3993
3371 3994
3630 3995
2672 3996
1371 3997
2049 3998
2211 3999
3792 4000
132 4001
715 4002
2603 4003
75 4004
1083 4005
2012 4006
1411 4007
1918 4008
2455 4009
965 4010
3387 4011
2732 4012
3808 4013
1123 4014
973 4015
3850 4016
806 4017
308 4018
983 4019
1419 4020
1587 4021
1923 4022
1455 4023
3435 4024
3043 4025
712 4026
2713 4027
764 4028
1263 4029
118 4030
1215 4031
1403 4032
1701 4033
3622 4034
1863 4035
3376 4036
3151 4037
3997 4038
43 4039
2056 4040
3575 4041
3859 4042
3408 4043
2057 4044
3831 4045
508 4046
3317 4047
942 4048
1732 4049
3418 4050
2136 4051
1031 4052
1545 4053
855 4054
1991 4055
3184 4056
3246 4057
2454 4058
2487 4059
3772 4060
172 4061
3136 4062
959 4063
172 4064
1097 4065
2579 4066
1451 4067
2508 4068
1675 4069
1613 4070
2365 4071
3689 4072
2984 4073
3790 4074
3427 4075
3379 4076
1535 4077
3779 4078
3449 4079
431 4080
1637 4081
3476 4082
1111 4083
3796 4084
3129 4085
197 4086
332 4087
1251 4088
395 4089
648 4090
3675 4091
1316 4092
2030 4093
168 4094
662 4095
2641 4096
1563 4097
2229 4098
1257 4099
3409 4100
2048 4101
4041 4102
2291 4103
857 4104
1615 4105
3426 4106
1934 4107
1443 4108
1012 4109
3070 4110
2067 4111
3359 4112
3588 4113
3449 4114
1250 4115
1070 4116
2414 4117
2447 4118
1523 4119
3563 4120
2278 4121
321 4122
4071 4123
2540 4124
2870 4125
1915 4126
1091 4127
4010 4128
2288 4129
2121 4130
3714 4131
70 4132
3775 4133
883 4134
2557 4135
3283 4136
1530 4137
3464 4138
3172 4139
3626 4140
1016 4141
31 4142
3245 4143
898 4144
313 4145
3972 4146
2252 4147
2437 4148
2666 4149
3252 4150
1694 4151
3123 4152
3476 4153
3765 4154
3201 4155
1023 4156
2118 4157
4011 4158
929 4159
2251 4160
2549 4161
3406 4162
1427 4163
3622 4164
471 4165
1117 4166
3592 4167
3324 4168
3902 4169
126 4170
2696 4171
761 4172
2571 4173
2808 4174
1962 4175
565 4176
2860 4177
3023 4178
2998 4179
679 4180
1807 4181
3336 4182
1684 4183
2862 4184
1544 4185
3698 4186
480 4187
3917 4188
791 4189
3441 4190
3162 4191
2734 4192
3921 4193
488 4194
2661 4195
632 4196
1649 4197
1477 4198
2088 4199
3636 4200
3104 4201
1956 4202
407 4203
3930 4204
3939 4205
216 4206
1609 4207
2093 4208
800 4209
583 4210
2765 4211
1967 4212
727 4213
1869 4214
1533 4215
2922 4216
2544 4217
1852 4218
1980 4219
3883 4220
3683 4221
3109 4222
1226 4223
814 4224
133 4225
374 4226
1007 4227
2081 4228
437 4229
4 4230
2208 4231
2714 4232
2107 4233
900 4234
1258 4235
3816 4236
885 4237
2093 4238
1485 4239
138 4240
2310 4241
355 4242
1590 4243
1351 4244
3630 4245
1329 4246
4190 4247
16 4248
4000 4249
457 4250
1838 4251
3339 4252
1291 4253
1282 4254
396 4255
741 4256
2258 4257
2875 4258
927 4259
202 4260
2559 4261
1323 4262
1447 4263
2905 4264
2211 4265
2476 4266
416 4267
1030 4268
519 4269
3065 4270
1323 4271
1428 4272
2181 4273
876 4274
871 4275
3344 4276
670 4277
1296 4278
296 4279
1966 4280
2481 4281
3883 4282
3835 4283
2364 4284
1709 4285
266 4286
367 4287
2438 4288
2188 4289
1204 4290
2763 4291
2134 4292
304 4293
1372 4294
2483 4295
1632 4296
3701 4297
2525 4298
3126 4299
184 4300
2281 4301
161 4302
847 4303
868 4304
3417 4305
2813 4306
2801 4307
788 4308
385 4309
2127 4310
2454 4311
2433 4312
862 4313
366 4314
2214 4315
59 4316
3003 4317
1528 4318
3972 4319
2242 4320
3333 4321
1273 4322
3633 4323
2049 4324
233 4325
983 4326
3974 4327
4231 4328
1138 4329
240 4330
229 4331
4045 4332
2008 4333
1388 4334
186 4335
3618 4336
3901 4337
1994 4338
1963 4339
3059 4340
2711 4341
1117 4342
144 4343
1765 4344
4189 4345
47 4346
2388 4347
2465 4348
2578 4349
1033 4350
3914 4351
1623 4352
2134 4353
4009 4354
2044 4355
1690 4356
619 4357
3295 4358
1091 4359
3183 4360
1413 4361
1733 4362
2619 4363
1447 4364
1809 4365
1317 4366
1219 4367
2931 4368
3840 4369
1923 4370
127 4371
1201 4372
4253 4373
842 4374
1448 4375
748 4376
1941 4377
3108 4378
2008 4379
410 4380
4376 4381
976 4382
3473 4383
2249 4384
2834 4385
3464 4386
1223 4387
2009 4388
3211 4389
2373 4390
3811 4391
3722 4392
3215 4393
1939 4394
3490 4395
3874 4396
3904 4397
1897 4398
2267 4399
1039 4400
1057 4401
2557 4402
2244 4403
1263 4404
1699 4405
3738 4406
4365 4407
1337 4408
1293 4409
647 4410
280 4411
2160 4412
1789 4413
2292 4414
2673 4415
85 4416
2297 4417
2038 4418
3049 4419
2019 4420
2895 4421
209 4422
763 4423
4358 4424
4175 4425
3061 4426
3227 4427
911 4428
3728 4429
831 4430
2373 4431
3519 4432
2658 4433
1444 4434
3438 4435
788 4436
1496 4437
4314 4438
3127 4439
4413 4440
2647 4441
2453 4442
2556 4443
1646 4444
2150 4445
2178 4446
3907 4447
2496 4448
3579 4449
3789 4450
4211 4451
277 4452
1595 4453
1236 4454
2345 4455
2527 4456
506 4457
2675 4458
4079 4459
530 4460
3077 4461
3565 4462
1744 4463
4102 4464
2224 4465
4352 4466
231 4467
2021 4468
1060 4469
3050 4470
1779 4471
3052 4472
3879 4473
3586 4474
183 4475
2170 4476
3291 4477
1941 4478
4156 4479
4083 4480
4237 4481
3549 4482
3563 4483
3549 4484
1085 4485
2539 4486
2098 4487
3881 4488
4199 4489
3508 4490
2849 4491
4313 4492
2545 4493
1410 4494
2434 4495
2299 4496
4451 4497
2921 4498
1436 4499
2106 4500
847 4501
1797 4502
4148 4503
3649 4504
3485 4505
2816 4506
2155 4507
1511 4508
374 4509
1024 4510
3024 4511
1936 4512
2410 4513
2846 4514
1241 4515
293 4516
4499 4517
3698 4518
1553 4519
3534 4520
1290 4521
2251 4522
1335 4523
201 4524
3138 4525
2433 4526
620 4527
1235 4528
1807 4529
1961 4530
3007 4531
3201 4532
4395 4533
696 4534
3096 4535
4089 4536
2285 4537
1613 4538
2841 4539
410 4540
2273 4541
3670 4542
916 4543
2837 4544
324 4545
2976 4546
701 4547
1565 4548
3041 4549
4544 4550
4065 4551
899 4552
1332 4553
1328 4554
4334 4555
4440 4556
1437 4557
3566 4558
3779 4559
1094 4560
600 4561
1077 4562
1094 4563
4102 4564
4178 4565
1740 4566
2264 4567
3692 4568
2323 4569
461 4570
4105 4571
1605 4572
1215 4573
2036 4574
822 4575
3784 4576
575 4577
1027 4578
3243 4579
3342 4580
1312 4581
3147 4582
2357 4583
2118 4584
2847 4585
2279 4586
1298 4587
899 4588
1024 4589
449 4590
2917 4591
2097 4592
3087 4593
119 4594
1636 4595
2777 4596
88 4597
2478 4598
4503 4599
3473 4600
2699 4601
1633 4602
3266 4603
1349 4604
1835 4605
690 4606
2802 4607
4373 4608
1203 4609
3906 4610
2157 4611
2133 4612
3881 4613
3818 4614
2348 4615
2413 4616
1972 4617
2319 4618
1031 4619
1940 4620
2343 4621
2558 4622
4539 4623
3151 4624
1502 4625
2306 4626
4513 4627
4050 4628
1206 4629
1310 4630
1631 4631
2350 4632
713 4633
3097 4634
4009 4635
67 4636
4420 4637
2241 4638
4392 4639
3528 4640
2628 4641
1520 4642
4505 4643
3626 4644
4216 4645
525 4646
2980 4647
3886 4648
1521 4649
1693 4650
4289 4651
2384 4652
154 4653
2209 4654
2229 4655
4583 4656
1510 4657
184 4658
1957 4659
1540 4660
4651 4661
1752 4662
4652 4663
4214 4664
1374 4665
56 4666
430 4667
3168 4668
4462 4669
2973 4670
366 4671
1798 4672
529 4673
642 4674
366 4675
1809 4676
3905 4677
748 4678
3155 4679
3982 4680
2635 4681
2702 4682
2218 4683
2520 4684
749 4685
2437 4686
245 4687
3379 4688
1629 4689
2258 4690
2601 4691
3444 4692
1346 4693
3670 4694
1509 4695
838 4696
4556 4697
3242 4698
2473 4699
786 4700
2111 4701
1343 4702
3498 4703
1027 4704
752 4705
3830 4706
3247 4707
4138 4708
1235 4709
3255 4710
561 4711
1639 4712
2647 4713
572 4714
3667 4715
4631 4716
199 4717
2765 4718
1269 4719
238 4720
3787 4721
787 4722
4130 4723
710 4724
1877 4725
1945 4726
779 4727
4589 4728
4680 4729
2818 4730
1006 4731
1390 4732
4021 4733
1726 4734
2168 4735
3905 4736
3864 4737
1511 4738
3393 4739
1252 4740
50 4741
2461 4742
3454 4743
842 4744
944 4745
2111 4746
897 4747
4430 4748
4208 4749
970 4750
3410 4751
2753 4752
534 4753
1316 4754
4258 4755
2831 4756
4116 4757
4382 4758
3995 4759
2174 4760
2773 4761
1704 4762
4267 4763
1035 4764
97 4765
3984 4766
4749 4767
3782 4768
4336 4769
1485 4770
947 4771
1767 4772
752 4773
3752 4774
1151 4775
1866 4776
652 4777
122 4778
481 4779
2325 4780
4148 4781
4623 4782
3642 4783
2730 4784
3581 4785
3909 4786
3547 4787
3985 4788
4779 4789
2484 4790
1513 4791
2626 4792
1404 4793
3472 4794
2621 4795
4407 4796
2347 4797
471 4798
484 4799
4319 4800
3018 4801
4126 4802
2835 4803
2640 4804
3398 4805
1933 4806
3815 4807
3081 4808
3848 4809
446 4810
4684 4811
4400 4812
3326 4813
4040 4814
1311 4815
2676 4816
2629 4817
622 4818
4803 4819
4128 4820
537 4821
4419 4822
2670 4823
2385 4824
2892 4825
3597 4826
1664 4827
4630 4828
1942 4829
4619 4830
1321 4831
2223 4832
4276 4833
361 4834
3553 4835
4608 4836
4756 4837
3270 4838
2083 4839
229 4840
3949 4841
4811 4842
4178 4843
54 4844
1751 4845
4382 4846
2792 4847
4513 4848
518 4849
3392 4850
1309 4851
1266 4852
799 4853
3189 4854
830 4855
2047 4856
4173 4857
116 4858
3665 4859
249 4860
3462 4861
3136 4862
3774 4863
1657 4864
1968 4865
3911 4866
2438 4867
4195 4868
3287 4869
1046 4870
2103 4871
2115 4872
1115 4873
1773 4874
874 4875
1033 4876
2988 4877
230 4878
1375 4879
1162 4880
4659 4881
4265 4882
4355 4883
3190 4884
4485 4885
3294 4886
4811 4887
1781 4888
396 4889
1246 4890
3242 4891
3827 4892
2161 4893
4504 4894
3250 4895
1300 4896
3923 4897
3233 4898
801 4899
4573 4900
3689 4901
2327 4902
2784 4903
4693 4904
45 4905
1418 4906
481 4907
4573 4908
4423 4909
3520 4910
3635 4911
2443 4912
1159 4913
1950 4914
2728 4915
3594 4916
2933 4917
2771 4918
751 4919
4786 4920
4385 4921
35 4922
503 4923
1553 4924
4103 4925
321 4926
2762 4927
3230 4928
2767 4929
3624 4930
9 4931
2298 4932
3720 4933
4092 4934
3327 4935
2004 4936
1262 4937
3840 4938
1870 4939
3385 4940
4595 4941
4297 4942
1347 4943
3595 4944
15 4945
2649 4946
3002 4947
2435 4948
1355 4949
767 4950
553 4951
2149 4952
4574 4953
4823 4954
4305 4955
960 4956
2213 4957
2953 4958
3631 4959
4939 4960
1319 4961
1865 4962
2357 4963
1344 4964
4440 4965
1190 4966
1264 4967
2930 4968
956 4969
1124 4970
4280 4971
4288 4972
3323 4973
1335 4974
653 4975
167 4976
1034 4977
2854 4978
1268 4979
4065 4980
247 4981
399 4982
561 4983
263 4984
1916 4985
3221 4986
2189 4987
3519 4988
1724 4989
1099 4990
1405 4991
3596 4992
4387 4993
1986 4994
1058 4995
3223 4996
4967 4997
1131 4998
2113 4999
2476 5000
