1 2
2 3
3 4
2 5
5 6
3 7
1 8
4 9
4 10
1 11
3 12
10 13
6 14
14 15
10 16
2 17
16 18
2 19
6 20
10 21
9 22
16 23
19 24
14 25
17 26
21 27
22 28
2 29
24 30
5 31
31 32
2 33
23 34
28 35
13 36
1 37
5 38
37 39
8 40
17 41
20 42
11 43
23 44
3 45
43 46
37 47
44 48
18 49
6 50
21 51
24 52
28 53
5 54
32 55
2 56
32 57
2 58
41 59
50 60
53 61
5 62
60 63
52 64
18 65
23 66
8 67
22 68
3 69
52 70
60 71
5 72
59 73
23 74
14 75
4 76
66 77
41 78
38 79
58 80
21 81
26 82
44 83
46 84
77 85
31 86
9 87
82 88
48 89
20 90
76 91
4 92
18 93
78 94
5 95
28 96
48 97
70 98
27 99
53 100
27 101
85 102
52 103
27 104
45 105
95 106
88 107
38 108
48 109
50 110
90 111
78 112
67 113
55 114
49 115
71 116
56 117
35 118
6 119
94 120
70 121
65 122
90 123
58 124
13 125
16 126
62 127
28 128
76 129
107 130
130 131
3 132
119 133
33 134
89 135
93 136
111 137
56 138
34 139
55 140
50 141
11 142
32 143
52 144
72 145
67 146
104 147
80 148
108 149
107 150
45 151
57 152
57 153
53 154
45 155
21 156
147 157
75 158
103 159
41 160
9 161
54 162
1 163
52 164
84 165
94 166
138 167
137 168
42 169
64 170
160 171
58 172
34 173
52 174
54 175
39 176
53 177
82 178
120 179
30 180
19 181
96 182
118 183
90 184
87 185
13 186
145 187
6 188
110 189
120 190
78 191
101 192
188 193
175 194
61 195
14 196
28 197
92 198
19 199
65 200
191 201
65 202
122 203
87 204
57 205
137 206
13 207
52 208
17 209
68 210
49 211
84 212
10 213
137 214
211 215
214 216
48 217
172 218
189 219
210 220
111 221
86 222
72 223
24 224
213 225
146 226
11 227
157 228
220 229
168 230
53 231
2 232
171 233
64 234
109 235
115 236
143 237
208 238
213 239
181 240
161 241
197 242
85 243
87 244
209 245
9 246
180 247
63 248
45 249
150 250
73 251
248 252
164 253
63 254
220 255
90 256
238 257
201 258
196 259
171 260
255 261
122 262
85 263
74 264
162 265
67 266
184 267
261 268
234 269
52 270
213 271
137 272
127 273
9 274
107 275
105 276
61 277
92 278
201 279
107 280
9 281
67 282
158 283
148 284
190 285
245 286
82 287
39 288
261 289
263 290
50 291
211 292
261 293
274 294
140 295
201 296
16 297
9 298
295 299
55 300
31 301
73 302
100 303
65 304
288 305
260 306
72 307
234 308
208 309
245 310
116 311
48 312
75 313
287 314
282 315
97 316
35 317
83 318
91 319
289 320
228 321
54 322
105 323
191 324
148 325
311 326
199 327
220 328
167 329
273 330
124 331
308 332
96 333
95 334
6 335
190 336
48 337
262 338
13 339
199 340
35 341
225 342
301 343
131 344
81 345
172 346
57 347
313 348
255 349
220 350
292 351
46 352
270 353
28 354
114 355
226 356
78 357
78 358
309 359
65 360
157 361
174 362
16 363
257 364
44 365
55 366
36 367
99 368
91 369
282 370
370 371
50 372
59 373
11 374
55 375
248 376
24 377
68 378
31 379
209 380
342 381
115 382
121 383
77 384
163 385
55 386
291 387
237 388
17 389
171 390
157 391
185 392
390 393
37 394
33 395
133 396
298 397
332 398
181 399
198 400
143 401
330 402
212 403
113 404
319 405
105 406
157 407
125 408
20 409
97 410
363 411
250 412
170 413
321 414
107 415
412 416
331 417
172 418
199 419
50 420
339 421
241 422
45 423
32 424
94 425
92 426
262 427
93 428
69 429
417 430
94 431
173 432
304 433
79 434
288 435
360 436
390 437
13 438
21 439
419 440
428 441
90 442
36 443
121 444
164 445
128 446
354 447
107 448
400 449
325 450
4 451
352 452
264 453
50 454
245 455
335 456
257 457
147 458
53 459
314 460
358 461
354 462
260 463
260 464
42 465
255 466
208 467
126 468
68 469
179 470
299 471
148 472
450 473
180 474
6 475
154 476
376 477
391 478
289 479
112 480
178 481
284 482
120 483
24 484
293 485
93 486
320 487
12 488
96 489
162 490
324 491
188 492
300 493
88 494
83 495
421 496
478 497
261 498
94 499
16 500
255 501
410 502
66 503
324 504
93 505
261 506
501 507
203 508
18 509
389 510
363 511
424 512
189 513
84 514
64 515
80 516
389 517
17 518
258 519
155 520
380 521
253 522
299 523
243 524
40 525
262 526
422 527
187 528
405 529
163 530
83 531
142 532
108 533
391 534
398 535
428 536
62 537
213 538
4 539
134 540
62 541
171 542
168 543
99 544
31 545
231 546
403 547
31 548
114 549
343 550
322 551
477 552
526 553
330 554
457 555
142 556
340 557
429 558
154 559
454 560
325 561
309 562
238 563
441 564
157 565
236 566
93 567
5 568
326 569
454 570
200 571
548 572
382 573
150 574
541 575
9 576
454 577
87 578
485 579
308 580
263 581
506 582
308 583
543 584
272 585
217 586
435 587
332 588
175 589
458 590
438 591
256 592
430 593
459 594
214 595
313 596
331 597
30 598
105 599
442 600
564 601
267 602
544 603
158 604
16 605
49 606
270 607
500 608
120 609
440 610
574 611
187 612
175 613
585 614
603 615
531 616
335 617
13 618
446 619
31 620
18 621
6 622
560 623
157 624
214 625
466 626
208 627
615 628
588 629
73 630
533 631
581 632
591 633
306 634
237 635
112 636
303 637
428 638
247 639
126 640
152 641
424 642
463 643
619 644
408 645
106 646
193 647
545 648
531 649
187 650
622 651
177 652
454 653
136 654
417 655
448 656
208 657
54 658
619 659
127 660
638 661
500 662
289 663
614 664
194 665
598 666
361 667
360 668
49 669
51 670
627 671
86 672
223 673
664 674
527 675
637 676
151 677
622 678
154 679
378 680
299 681
115 682
580 683
457 684
338 685
14 686
615 687
564 688
614 689
402 690
15 691
92 692
171 693
304 694
181 695
538 696
627 697
262 698
41 699
158 700
499 701
227 702
130 703
553 704
654 705
261 706
286 707
156 708
567 709
545 710
102 711
303 712
479 713
393 714
249 715
441 716
414 717
552 718
3 719
568 720
578 721
514 722
65 723
694 724
3 725
78 726
676 727
724 728
567 729
184 730
6 731
483 732
504 733
514 734
376 735
692 736
179 737
552 738
357 739
597 740
212 741
261 742
345 743
178 744
294 745
576 746
648 747
547 748
400 749
149 750
117 751
562 752
64 753
660 754
293 755
112 756
506 757
98 758
695 759
258 760
595 761
426 762
173 763
681 764
542 765
546 766
338 767
26 768
154 769
450 770
350 771
294 772
557 773
610 774
93 775
654 776
621 777
486 778
144 779
518 780
574 781
144 782
702 783
290 784
505 785
73 786
41 787
111 788
364 789
93 790
223 791
744 792
691 793
182 794
458 795
279 796
111 797
555 798
358 799
30 800
433 801
258 802
718 803
534 804
719 805
589 806
669 807
630 808
137 809
598 810
63 811
280 812
764 813
231 814
574 815
532 816
182 817
262 818
230 819
101 820
264 821
295 822
241 823
104 824
280 825
289 826
117 827
5 828
564 829
163 830
619 831
393 832
773 833
693 834
701 835
147 836
373 837
505 838
84 839
7 840
21 841
393 842
494 843
659 844
644 845
769 846
328 847
262 848
833 849
101 850
327 851
265 852
101 853
773 854
334 855
163 856
848 857
311 858
451 859
530 860
7 861
810 862
745 863
830 864
586 865
60 866
180 867
98 868
88 869
726 870
718 871
95 872
524 873
428 874
350 875
274 876
556 877
350 878
516 879
528 880
749 881
202 882
486 883
802 884
141 885
564 886
311 887
476 888
619 889
681 890
44 891
748 892
67 893
665 894
635 895
734 896
367 897
39 898
249 899
108 900
559 901
190 902
375 903
405 904
479 905
704 906
11 907
71 908
410 909
216 910
75 911
274 912
759 913
324 914
839 915
259 916
578 917
641 918
171 919
247 920
6 921
436 922
892 923
690 924
633 925
411 926
922 927
903 928
923 929
286 930
826 931
760 932
403 933
567 934
890 935
240 936
861 937
359 938
567 939
234 940
73 941
721 942
65 943
220 944
922 945
121 946
97 947
597 948
700 949
227 950
466 951
147 952
210 953
606 954
926 955
862 956
603 957
224 958
120 959
19 960
807 961
194 962
831 963
412 964
661 965
589 966
35 967
846 968
474 969
265 970
964 971
252 972
469 973
392 974
384 975
915 976
744 977
39 978
622 979
510 980
220 981
227 982
796 983
270 984
689 985
530 986
187 987
584 988
647 989
823 990
42 991
486 992
653 993
381 994
885 995
575 996
323 997
877 998
416 999
364 1000
252 1001
400 1002
555 1003
754 1004
149 1005
671 1006
836 1007
149 1008
340 1009
644 1010
176 1011
768 1012
266 1013
603 1014
424 1015
513 1016
889 1017
538 1018
479 1019
469 1020
853 1021
448 1022
648 1023
650 1024
374 1025
937 1026
57 1027
347 1028
599 1029
195 1030
808 1031
69 1032
481 1033
153 1034
548 1035
65 1036
254 1037
733 1038
280 1039
343 1040
950 1041
86 1042
32 1043
318 1044
819 1045
76 1046
320 1047
856 1048
324 1049
299 1050
184 1051
714 1052
802 1053
66 1054
113 1055
987 1056
366 1057
53 1058
137 1059
298 1060
214 1061
242 1062
455 1063
172 1064
863 1065
990 1066
907 1067
359 1068
297 1069
397 1070
254 1071
659 1072
786 1073
1007 1074
311 1075
498 1076
814 1077
1043 1078
1066 1079
1055 1080
932 1081
64 1082
217 1083
677 1084
114 1085
372 1086
979 1087
239 1088
272 1089
233 1090
854 1091
548 1092
645 1093
698 1094
844 1095
660 1096
71 1097
998 1098
1035 1099
1035 1100
1069 1101
867 1102
399 1103
1035 1104
485 1105
620 1106
1060 1107
486 1108
584 1109
1105 1110
754 1111
954 1112
954 1113
212 1114
931 1115
333 1116
288 1117
458 1118
1047 1119
915 1120
1068 1121
563 1122
101 1123
1055 1124
593 1125
203 1126
822 1127
417 1128
1091 1129
494 1130
664 1131
742 1132
365 1133
830 1134
951 1135
474 1136
86 1137
1053 1138
903 1139
1043 1140
989 1141
168 1142
583 1143
510 1144
246 1145
651 1146
1096 1147
604 1148
227 1149
168 1150
537 1151
82 1152
737 1153
627 1154
665 1155
298 1156
9 1157
502 1158
614 1159
629 1160
234 1161
56 1162
342 1163
908 1164
352 1165
866 1166
499 1167
495 1168
158 1169
1020 1170
310 1171
442 1172
57 1173
566 1174
864 1175
613 1176
399 1177
323 1178
129 1179
953 1180
187 1181
928 1182
774 1183
553 1184
1120 1185
781 1186
743 1187
185 1188
333 1189
165 1190
1014 1191
647 1192
1169 1193
1139 1194
684 1195
209 1196
390 1197
684 1198
19 1199
683 1200
587 1201
473 1202
123 1203
859 1204
206 1205
757 1206
790 1207
222 1208
35 1209
495 1210
560 1211
115 1212
954 1213
702 1214
108 1215
364 1216
967 1217
1041 1218
642 1219
1137 1220
189 1221
386 1222
266 1223
923 1224
267 1225
1028 1226
201 1227
1183 1228
687 1229
1220 1230
142 1231
427 1232
127 1233
357 1234
1055 1235
21 1236
193 1237
527 1238
446 1239
467 1240
425 1241
921 1242
787 1243
517 1244
1110 1245
238 1246
604 1247
863 1248
542 1249
353 1250
721 1251
891 1252
456 1253
699 1254
692 1255
1107 1256
709 1257
423 1258
1236 1259
52 1260
581 1261
1019 1262
954 1263
1200 1264
671 1265
826 1266
406 1267
841 1268
307 1269
1132 1270
258 1271
1205 1272
364 1273
1142 1274
51 1275
1094 1276
890 1277
879 1278
809 1279
1022 1280
730 1281
945 1282
1049 1283
330 1284
682 1285
1268 1286
19 1287
276 1288
710 1289
166 1290
319 1291
807 1292
428 1293
919 1294
181 1295
450 1296
271 1297
1278 1298
497 1299
866 1300
491 1301
1117 1302
335 1303
925 1304
661 1305
637 1306
516 1307
304 1308
301 1309
817 1310
117 1311
540 1312
1008 1313
858 1314
1046 1315
270 1316
963 1317
764 1318
257 1319
778 1320
402 1321
64 1322
347 1323
506 1324
709 1325
991 1326
1284 1327
1300 1328
108 1329
1182 1330
154 1331
39 1332
690 1333
1039 1334
1052 1335
949 1336
1068 1337
46 1338
617 1339
1332 1340
805 1341
74 1342
336 1343
218 1344
290 1345
453 1346
428 1347
1050 1348
226 1349
770 1350
905 1351
742 1352
9 1353
1228 1354
793 1355
1266 1356
1118 1357
1204 1358
1230 1359
970 1360
1135 1361
1340 1362
596 1363
623 1364
1156 1365
632 1366
146 1367
481 1368
1067 1369
110 1370
556 1371
798 1372
201 1373
323 1374
626 1375
589 1376
939 1377
1134 1378
565 1379
1162 1380
154 1381
859 1382
1090 1383
583 1384
1169 1385
128 1386
117 1387
111 1388
828 1389
831 1390
1379 1391
530 1392
817 1393
395 1394
244 1395
1165 1396
892 1397
104 1398
563 1399
145 1400
1311 1401
182 1402
1294 1403
185 1404
604 1405
1003 1406
587 1407
1353 1408
711 1409
669 1410
488 1411
43 1412
518 1413
962 1414
1135 1415
471 1416
766 1417
862 1418
276 1419
716 1420
377 1421
1401 1422
208 1423
103 1424
375 1425
957 1426
1248 1427
799 1428
777 1429
472 1430
549 1431
990 1432
510 1433
512 1434
1298 1435
595 1436
792 1437
736 1438
1158 1439
905 1440
16 1441
228 1442
213 1443
140 1444
479 1445
1273 1446
1064 1447
615 1448
88 1449
1378 1450
397 1451
100 1452
1172 1453
702 1454
40 1455
708 1456
366 1457
1205 1458
91 1459
727 1460
735 1461
1284 1462
1414 1463
571 1464
579 1465
1343 1466
436 1467
714 1468
271 1469
184 1470
416 1471
1143 1472
969 1473
1044 1474
958 1475
763 1476
877 1477
1337 1478
1363 1479
900 1480
1054 1481
1261 1482
388 1483
282 1484
656 1485
210 1486
278 1487
309 1488
1299 1489
1313 1490
758 1491
692 1492
1291 1493
1348 1494
266 1495
1166 1496
853 1497
102 1498
564 1499
229 1500
127 1501
1451 1502
575 1503
1207 1504
458 1505
925 1506
1315 1507
1002 1508
36 1509
273 1510
462 1511
1337 1512
1073 1513
570 1514
374 1515
658 1516
1261 1517
113 1518
1176 1519
146 1520
494 1521
1438 1522
1236 1523
156 1524
1124 1525
318 1526
504 1527
473 1528
1291 1529
1525 1530
1425 1531
804 1532
228 1533
529 1534
1092 1535
1133 1536
870 1537
1138 1538
829 1539
302 1540
477 1541
661 1542
1183 1543
1356 1544
1195 1545
1275 1546
1088 1547
709 1548
466 1549
1248 1550
1299 1551
138 1552
1060 1553
378 1554
85 1555
245 1556
1434 1557
1136 1558
1366 1559
1525 1560
1084 1561
1555 1562
11 1563
821 1564
902 1565
521 1566
1342 1567
826 1568
943 1569
175 1570
1467 1571
347 1572
1470 1573
34 1574
689 1575
295 1576
1453 1577
1356 1578
816 1579
948 1580
440 1581
1209 1582
1146 1583
1430 1584
728 1585
1145 1586
1408 1587
629 1588
161 1589
1150 1590
1314 1591
291 1592
306 1593
637 1594
485 1595
166 1596
1414 1597
740 1598
921 1599
52 1600
124 1601
1015 1602
725 1603
577 1604
486 1605
1418 1606
280 1607
37 1608
1554 1609
47 1610
1110 1611
1347 1612
714 1613
1185 1614
1368 1615
1599 1616
837 1617
586 1618
1246 1619
760 1620
311 1621
796 1622
157 1623
210 1624
878 1625
1053 1626
222 1627
1197 1628
1255 1629
1497 1630
766 1631
1148 1632
641 1633
1280 1634
603 1635
1280 1636
694 1637
617 1638
242 1639
1053 1640
1406 1641
625 1642
27 1643
855 1644
1088 1645
1370 1646
992 1647
370 1648
1095 1649
1046 1650
886 1651
124 1652
108 1653
695 1654
244 1655
1112 1656
1433 1657
387 1658
1098 1659
558 1660
120 1661
444 1662
1261 1663
770 1664
283 1665
686 1666
988 1667
1218 1668
974 1669
375 1670
840 1671
962 1672
834 1673
1289 1674
1006 1675
1114 1676
1595 1677
1272 1678
1640 1679
1112 1680
1323 1681
1669 1682
557 1683
485 1684
991 1685
81 1686
753 1687
871 1688
227 1689
174 1690
800 1691
1478 1692
1490 1693
519 1694
1379 1695
731 1696
1023 1697
1284 1698
537 1699
477 1700
505 1701
1545 1702
770 1703
1102 1704
1103 1705
1188 1706
1336 1707
1314 1708
1683 1709
1165 1710
1306 1711
69 1712
379 1713
854 1714
1181 1715
798 1716
875 1717
647 1718
169 1719
629 1720
1719 1721
1626 1722
1188 1723
1644 1724
1089 1725
286 1726
885 1727
421 1728
1264 1729
1513 1730
601 1731
467 1732
904 1733
816 1734
1488 1735
1432 1736
382 1737
378 1738
111 1739
785 1740
239 1741
1179 1742
1233 1743
301 1744
144 1745
1397 1746
990 1747
55 1748
637 1749
5 1750
1729 1751
670 1752
46 1753
822 1754
1638 1755
618 1756
1134 1757
705 1758
287 1759
299 1760
1562 1761
1471 1762
1401 1763
1144 1764
478 1765
121 1766
614 1767
1033 1768
726 1769
654 1770
236 1771
1273 1772
1628 1773
1479 1774
178 1775
494 1776
1190 1777
1608 1778
246 1779
743 1780
1147 1781
1111 1782
371 1783
1030 1784
1105 1785
539 1786
745 1787
298 1788
167 1789
320 1790
611 1791
1322 1792
679 1793
1695 1794
1605 1795
204 1796
654 1797
178 1798
1543 1799
1091 1800
1210 1801
1297 1802
1710 1803
1124 1804
442 1805
1723 1806
245 1807
1468 1808
1429 1809
67 1810
1414 1811
472 1812
1256 1813
977 1814
387 1815
1175 1816
407 1817
389 1818
339 1819
1436 1820
647 1821
275 1822
514 1823
1209 1824
1477 1825
46 1826
342 1827
564 1828
37 1829
884 1830
738 1831
1050 1832
1058 1833
490 1834
754 1835
750 1836
432 1837
1811 1838
588 1839
680 1840
1302 1841
1101 1842
933 1843
1053 1844
1679 1845
769 1846
133 1847
1451 1848
1220 1849
607 1850
550 1851
732 1852
305 1853
578 1854
1474 1855
1565 1856
455 1857
972 1858
619 1859
1520 1860
333 1861
1292 1862
1333 1863
993 1864
447 1865
892 1866
758 1867
772 1868
1302 1869
978 1870
148 1871
798 1872
840 1873
551 1874
7 1875
1137 1876
1523 1877
1794 1878
400 1879
1787 1880
1556 1881
1216 1882
348 1883
1001 1884
895 1885
633 1886
1581 1887
911 1888
1793 1889
1193 1890
67 1891
1742 1892
1534 1893
1507 1894
989 1895
970 1896
882 1897
1799 1898
1817 1899
1203 1900
438 1901
123 1902
1001 1903
1561 1904
1188 1905
1235 1906
884 1907
1148 1908
1475 1909
1496 1910
829 1911
816 1912
1202 1913
810 1914
1909 1915
958 1916
1403 1917
1661 1918
444 1919
1286 1920
1288 1921
1457 1922
1749 1923
391 1924
1370 1925
499 1926
1619 1927
396 1928
519 1929
1461 1930
1707 1931
1868 1932
1289 1933
1461 1934
619 1935
463 1936
686 1937
988 1938
1527 1939
1056 1940
931 1941
1762 1942
718 1943
1479 1944
780 1945
435 1946
695 1947
252 1948
781 1949
1936 1950
418 1951
1917 1952
1653 1953
1775 1954
1906 1955
315 1956
1754 1957
139 1958
230 1959
1361 1960
170 1961
1382 1962
147 1963
939 1964
1794 1965
983 1966
418 1967
1462 1968
885 1969
335 1970
1430 1971
994 1972
1149 1973
351 1974
1045 1975
64 1976
492 1977
1616 1978
652 1979
17 1980
1959 1981
158 1982
631 1983
1515 1984
880 1985
727 1986
1548 1987
272 1988
1034 1989
1528 1990
351 1991
1308 1992
1805 1993
1758 1994
1721 1995
776 1996
526 1997
1373 1998
584 1999
145 2000
334 2001
125 2002
318 2003
1215 2004
829 2005
1043 2006
1647 2007
712 2008
1887 2009
1706 2010
1469 2011
358 2012
1319 2013
1755 2014
201 2015
1380 2016
1432 2017
1491 2018
351 2019
1554 2020
1069 2021
714 2022
1678 2023
1911 2024
51 2025
275 2026
1472 2027
1477 2028
642 2029
1227 2030
615 2031
1400 2032
1097 2033
1444 2034
707 2035
429 2036
147 2037
274 2038
884 2039
1685 2040
1998 2041
499 2042
919 2043
378 2044
211 2045
798 2046
1962 2047
1293 2048
1943 2049
1321 2050
1203 2051
87 2052
578 2053
1974 2054
1185 2055
1933 2056
2035 2057
278 2058
820 2059
524 2060
980 2061
1848 2062
1457 2063
250 2064
200 2065
1857 2066
1235 2067
1580 2068
658 2069
1095 2070
1617 2071
772 2072
1000 2073
405 2074
1032 2075
1361 2076
1945 2077
1526 2078
1222 2079
1339 2080
1662 2081
833 2082
1785 2083
934 2084
2012 2085
1340 2086
1514 2087
490 2088
824 2089
269 2090
1186 2091
956 2092
1153 2093
1602 2094
1352 2095
846 2096
1053 2097
598 2098
1051 2099
320 2100
1425 2101
1439 2102
1620 2103
925 2104
777 2105
844 2106
2104 2107
139 2108
1040 2109
246 2110
675 2111
1395 2112
1945 2113
1246 2114
240 2115
1581 2116
859 2117
379 2118
466 2119
1894 2120
1012 2121
1355 2122
1722 2123
1345 2124
1258 2125
1793 2126
120 2127
1607 2128
1228 2129
1045 2130
1738 2131
99 2132
513 2133
911 2134
914 2135
1795 2136
1341 2137
997 2138
507 2139
297 2140
1066 2141
677 2142
2062 2143
2098 2144
975 2145
285 2146
1490 2147
1853 2148
1803 2149
1984 2150
1528 2151
547 2152
875 2153
1677 2154
1939 2155
362 2156
1127 2157
1770 2158
358 2159
1598 2160
1905 2161
896 2162
1720 2163
940 2164
392 2165
117 2166
1821 2167
107 2168
2152 2169
89 2170
2109 2171
196 2172
910 2173
662 2174
773 2175
1467 2176
2080 2177
1542 2178
2021 2179
1019 2180
1415 2181
2037 2182
549 2183
776 2184
1456 2185
1986 2186
906 2187
1347 2188
1188 2189
1406 2190
1936 2191
2151 2192
521 2193
2175 2194
1791 2195
929 2196
1525 2197
1023 2198
1499 2199
147 2200
158 2201
832 2202
1163 2203
280 2204
1119 2205
274 2206
1025 2207
833 2208
1248 2209
1891 2210
1637 2211
1089 2212
1148 2213
2100 2214
308 2215
338 2216
771 2217
490 2218
1378 2219
2039 2220
1666 2221
1961 2222
1247 2223
707 2224
1019 2225
1545 2226
395 2227
1812 2228
1937 2229
1657 2230
1692 2231
256 2232
550 2233
1869 2234
1064 2235
765 2236
141 2237
558 2238
1116 2239
66 2240
529 2241
1955 2242
1982 2243
1416 2244
1188 2245
653 2246
1037 2247
346 2248
157 2249
784 2250
1052 2251
1639 2252
1767 2253
1795 2254
398 2255
1838 2256
1660 2257
1192 2258
1236 2259
1706 2260
1196 2261
2197 2262
855 2263
487 2264
622 2265
1360 2266
660 2267
1926 2268
676 2269
743 2270
1846 2271
1735 2272
1412 2273
788 2274
1214 2275
1658 2276
660 2277
1618 2278
346 2279
66 2280
917 2281
1846 2282
662 2283
673 2284
49 2285
2016 2286
785 2287
466 2288
2106 2289
2117 2290
383 2291
1421 2292
165 2293
269 2294
1383 2295
1017 2296
1423 2297
1399 2298
917 2299
1257 2300
1479 2301
155 2302
1787 2303
1147 2304
2039 2305
1636 2306
2198 2307
2272 2308
2015 2309
202 2310
1412 2311
1849 2312
475 2313
2025 2314
1305 2315
1754 2316
614 2317
2004 2318
2220 2319
1725 2320
2158 2321
2052 2322
437 2323
835 2324
1784 2325
1099 2326
1809 2327
579 2328
328 2329
959 2330
701 2331
1503 2332
263 2333
2157 2334
2292 2335
1697 2336
470 2337
723 2338
1919 2339
760 2340
989 2341
803 2342
2258 2343
1466 2344
58 2345
2084 2346
1948 2347
1491 2348
2081 2349
1592 2350
437 2351
1087 2352
2346 2353
2345 2354
1679 2355
707 2356
1991 2357
1494 2358
1609 2359
1143 2360
928 2361
1954 2362
2055 2363
1981 2364
282 2365
1887 2366
499 2367
640 2368
998 2369
1290 2370
1357 2371
669 2372
1487 2373
498 2374
786 2375
1771 2376
875 2377
168 2378
1393 2379
2051 2380
693 2381
1240 2382
1149 2383
451 2384
601 2385
257 2386
1158 2387
810 2388
1541 2389
673 2390
1782 2391
1719 2392
2376 2393
628 2394
180 2395
635 2396
114 2397
1989 2398
755 2399
1720 2400
2042 2401
54 2402
2296 2403
1454 2404
479 2405
1581 2406
827 2407
1474 2408
1306 2409
191 2410
895 2411
1178 2412
257 2413
901 2414
627 2415
1419 2416
2362 2417
2358 2418
1286 2419
85 2420
429 2421
28 2422
880 2423
360 2424
1495 2425
1183 2426
1411 2427
1542 2428
1172 2429
1565 2430
44 2431
67 2432
2007 2433
530 2434
2249 2435
1902 2436
30 2437
2255 2438
1490 2439
1759 2440
2213 2441
724 2442
364 2443
1935 2444
1407 2445
446 2446
753 2447
2390 2448
553 2449
1658 2450
2025 2451
34 2452
1350 2453
1495 2454
816 2455
1872 2456
1335 2457
1310 2458
950 2459
1121 2460
1849 2461
1334 2462
1607 2463
2048 2464
34 2465
968 2466
1379 2467
1345 2468
584 2469
2415 2470
833 2471
1211 2472
2098 2473
1376 2474
1643 2475
603 2476
931 2477
1480 2478
1235 2479
2100 2480
2351 2481
913 2482
889 2483
248 2484
952 2485
1021 2486
1315 2487
2383 2488
299 2489
1908 2490
2448 2491
39 2492
219 2493
1824 2494
1516 2495
2021 2496
1471 2497
1664 2498
2397 2499
1068 2500
1692 2501
1813 2502
933 2503
1866 2504
1072 2505
1366 2506
598 2507
814 2508
1045 2509
2397 2510
1367 2511
835 2512
2164 2513
1381 2514
2235 2515
755 2516
1216 2517
2063 2518
2085 2519
591 2520
2174 2521
1816 2522
528 2523
2166 2524
1717 2525
633 2526
1459 2527
2342 2528
2404 2529
1504 2530
2365 2531
2507 2532
1552 2533
2469 2534
247 2535
1525 2536
1350 2537
1287 2538
1626 2539
1737 2540
315 2541
855 2542
668 2543
1046 2544
460 2545
1986 2546
969 2547
1850 2548
1262 2549
2415 2550
2066 2551
890 2552
603 2553
135 2554
1929 2555
1449 2556
2305 2557
2119 2558
1311 2559
1217 2560
2259 2561
1129 2562
913 2563
80 2564
707 2565
928 2566
1824 2567
368 2568
714 2569
98 2570
855 2571
992 2572
2153 2573
76 2574
873 2575
755 2576
2017 2577
1793 2578
323 2579
209 2580
1231 2581
2286 2582
1512 2583
1829 2584
2320 2585
782 2586
2339 2587
1042 2588
1966 2589
712 2590
90 2591
2134 2592
2558 2593
2023 2594
226 2595
1062 2596
1664 2597
1528 2598
1859 2599
206 2600
2594 2601
198 2602
2125 2603
565 2604
1076 2605
2278 2606
1950 2607
2605 2608
98 2609
1763 2610
841 2611
1552 2612
243 2613
2088 2614
2351 2615
865 2616
2079 2617
1411 2618
680 2619
2095 2620
129 2621
365 2622
559 2623
666 2624
944 2625
2291 2626
329 2627
995 2628
1886 2629
1701 2630
1074 2631
1606 2632
998 2633
2388 2634
306 2635
528 2636
466 2637
1754 2638
808 2639
2509 2640
2411 2641
2499 2642
1875 2643
2374 2644
2415 2645
1361 2646
2173 2647
2642 2648
1090 2649
2037 2650
154 2651
1697 2652
743 2653
2134 2654
2036 2655
1448 2656
654 2657
2377 2658
996 2659
492 2660
1967 2661
609 2662
2319 2663
2535 2664
597 2665
2242 2666
199 2667
2491 2668
2383 2669
1738 2670
1477 2671
2228 2672
357 2673
2323 2674
77 2675
2522 2676
1321 2677
798 2678
432 2679
1646 2680
659 2681
754 2682
1078 2683
91 2684
1738 2685
2662 2686
1875 2687
2081 2688
1580 2689
1528 2690
2504 2691
1713 2692
2509 2693
1115 2694
1574 2695
1195 2696
1054 2697
1833 2698
1865 2699
2694 2700
1728 2701
2557 2702
1798 2703
655 2704
648 2705
1436 2706
1911 2707
2370 2708
26 2709
2398 2710
289 2711
1688 2712
192 2713
1811 2714
125 2715
1276 2716
1220 2717
357 2718
578 2719
1910 2720
1207 2721
2472 2722
2671 2723
1267 2724
1265 2725
1664 2726
2564 2727
988 2728
1008 2729
1711 2730
1053 2731
2148 2732
737 2733
205 2734
1766 2735
384 2736
1364 2737
2203 2738
2592 2739
6 2740
2558 2741
1950 2742
1611 2743
1284 2744
1377 2745
961 2746
624 2747
630 2748
2464 2749
2487 2750
107 2751
2116 2752
601 2753
278 2754
1956 2755
1266 2756
1663 2757
573 2758
1594 2759
82 2760
1323 2761
2712 2762
294 2763
309 2764
518 2765
1119 2766
2202 2767
625 2768
1635 2769
2123 2770
2234 2771
2216 2772
321 2773
989 2774
1396 2775
2325 2776
2704 2777
2356 2778
2186 2779
882 2780
1833 2781
754 2782
829 2783
837 2784
2174 2785
1438 2786
952 2787
451 2788
805 2789
1742 2790
970 2791
1347 2792
2691 2793
2026 2794
2788 2795
1649 2796
1604 2797
2430 2798
2510 2799
922 2800
1801 2801
742 2802
920 2803
2485 2804
1588 2805
2344 2806
171 2807
1810 2808
1107 2809
912 2810
106 2811
2131 2812
1162 2813
1255 2814
1134 2815
2094 2816
2227 2817
162 2818
323 2819
25 2820
1296 2821
1152 2822
2224 2823
1348 2824
595 2825
369 2826
2002 2827
94 2828
2213 2829
859 2830
2561 2831
824 2832
1040 2833
971 2834
1299 2835
767 2836
1993 2837
985 2838
1847 2839
1942 2840
1961 2841
2531 2842
2159 2843
1562 2844
2486 2845
911 2846
2549 2847
2388 2848
266 2849
29 2850
2045 2851
89 2852
2599 2853
1183 2854
1850 2855
1653 2856
35 2857
2329 2858
2471 2859
2694 2860
726 2861
1444 2862
2810 2863
332 2864
1306 2865
2395 2866
153 2867
1959 2868
2161 2869
1740 2870
268 2871
535 2872
2699 2873
1495 2874
113 2875
2480 2876
2759 2877
1539 2878
1200 2879
2690 2880
1835 2881
574 2882
3 2883
1170 2884
2571 2885
1160 2886
2531 2887
1238 2888
112 2889
1284 2890
2395 2891
2766 2892
2588 2893
2360 2894
499 2895
2069 2896
2754 2897
2126 2898
1050 2899
1493 2900
2623 2901
1207 2902
127 2903
2190 2904
1855 2905
146 2906
250 2907
799 2908
1929 2909
456 2910
896 2911
389 2912
625 2913
2758 2914
1994 2915
2326 2916
859 2917
1212 2918
2336 2919
2560 2920
2002 2921
1035 2922
1635 2923
1672 2924
642 2925
559 2926
1850 2927
1700 2928
2926 2929
1052 2930
1564 2931
906 2932
2219 2933
2673 2934
2644 2935
2666 2936
872 2937
93 2938
1780 2939
674 2940
2595 2941
2475 2942
1711 2943
1447 2944
2163 2945
234 2946
1793 2947
1714 2948
1811 2949
2856 2950
1460 2951
956 2952
2356 2953
673 2954
869 2955
2756 2956
2114 2957
1754 2958
778 2959
1833 2960
2150 2961
2843 2962
1909 2963
120 2964
1255 2965
1845 2966
672 2967
2253 2968
1678 2969
588 2970
177 2971
971 2972
565 2973
1583 2974
522 2975
1094 2976
601 2977
1009 2978
439 2979
2564 2980
1801 2981
2417 2982
1966 2983
2416 2984
1393 2985
1139 2986
1696 2987
745 2988
1168 2989
2644 2990
2627 2991
2094 2992
2935 2993
194 2994
2672 2995
1528 2996
2533 2997
2528 2998
2043 2999
2001 3000
2094 3001
1852 3002
1076 3003
1585 3004
1293 3005
2700 3006
2750 3007
2906 3008
1502 3009
1590 3010
2688 3011
2268 3012
1332 3013
1676 3014
186 3015
2595 3016
2864 3017
2212 3018
158 3019
2358 3020
670 3021
177 3022
1139 3023
2386 3024
911 3025
1634 3026
2719 3027
2617 3028
2503 3029
1455 3030
2335 3031
1576 3032
2941 3033
592 3034
2396 3035
1037 3036
2816 3037
234 3038
811 3039
932 3040
1900 3041
2259 3042
36 3043
1644 3044
2350 3045
1682 3046
423 3047
834 3048
729 3049
1412 3050
1118 3051
556 3052
1586 3053
1815 3054
182 3055
2684 3056
2896 3057
27 3058
88 3059
1816 3060
809 3061
331 3062
1811 3063
1193 3064
1918 3065
2601 3066
2386 3067
1933 3068
369 3069
2253 3070
573 3071
423 3072
1049 3073
815 3074
823 3075
206 3076
365 3077
2670 3078
1300 3079
1497 3080
2720 3081
2804 3082
1647 3083
457 3084
1074 3085
2590 3086
2355 3087
789 3088
1464 3089
997 3090
53 3091
886 3092
3033 3093
470 3094
1663 3095
411 3096
1189 3097
2180 3098
1529 3099
2355 3100
2882 3101
582 3102
1990 3103
324 3104
2549 3105
1974 3106
669 3107
2507 3108
1992 3109
2309 3110
76 3111
440 3112
2698 3113
2555 3114
1953 3115
2865 3116
921 3117
2696 3118
2867 3119
2412 3120
52 3121
453 3122
553 3123
2134 3124
1781 3125
2344 3126
1065 3127
2444 3128
1563 3129
1117 3130
11 3131
2965 3132
1976 3133
1994 3134
786 3135
3038 3136
855 3137
1990 3138
2869 3139
2718 3140
2920 3141
818 3142
702 3143
2612 3144
196 3145
928 3146
953 3147
170 3148
2551 3149
1340 3150
227 3151
1721 3152
539 3153
2793 3154
1492 3155
834 3156
2725 3157
3040 3158
900 3159
1521 3160
3100 3161
260 3162
995 3163
2413 3164
1822 3165
2333 3166
2935 3167
1800 3168
2531 3169
1772 3170
1751 3171
943 3172
2866 3173
1968 3174
528 3175
1163 3176
176 3177
1201 3178
2421 3179
370 3180
924 3181
726 3182
1935 3183
2221 3184
1777 3185
1710 3186
2425 3187
2162 3188
823 3189
821 3190
53 3191
2555 3192
2473 3193
1603 3194
536 3195
1627 3196
1133 3197
2519 3198
1259 3199
1444 3200
386 3201
2457 3202
2551 3203
2323 3204
2224 3205
675 3206
1063 3207
735 3208
2903 3209
821 3210
163 3211
1447 3212
885 3213
3065 3214
1302 3215
1906 3216
705 3217
1925 3218
2518 3219
907 3220
1582 3221
1990 3222
1771 3223
716 3224
22 3225
882 3226
530 3227
2902 3228
92 3229
1989 3230
2201 3231
1206 3232
2733 3233
1671 3234
1359 3235
3049 3236
1586 3237
2284 3238
1523 3239
540 3240
3 3241
1265 3242
712 3243
232 3244
2977 3245
910 3246
2861 3247
1461 3248
1073 3249
846 3250
1569 3251
2794 3252
997 3253
155 3254
2742 3255
740 3256
1253 3257
779 3258
2665 3259
356 3260
2497 3261
2639 3262
1621 3263
3037 3264
385 3265
2509 3266
1575 3267
698 3268
1003 3269
788 3270
978 3271
790 3272
3226 3273
878 3274
1598 3275
1881 3276
212 3277
411 3278
1955 3279
2257 3280
3182 3281
1301 3282
1336 3283
823 3284
989 3285
3043 3286
1281 3287
2698 3288
3062 3289
644 3290
2713 3291
36 3292
1191 3293
552 3294
1878 3295
2170 3296
347 3297
639 3298
2848 3299
2490 3300
2018 3301
1173 3302
1622 3303
1821 3304
2033 3305
1725 3306
1749 3307
122 3308
216 3309
938 3310
1495 3311
1650 3312
2779 3313
2961 3314
305 3315
1117 3316
1029 3317
1163 3318
965 3319
1349 3320
1810 3321
3165 3322
428 3323
2962 3324
2138 3325
2391 3326
563 3327
2862 3328
1648 3329
1566 3330
2600 3331
2282 3332
2097 3333
2153 3334
50 3335
2585 3336
587 3337
1320 3338
1199 3339
3202 3340
1276 3341
1103 3342
953 3343
281 3344
3044 3345
2059 3346
2923 3347
238 3348
625 3349
3084 3350
1622 3351
1188 3352
2908 3353
1840 3354
3248 3355
164 3356
2948 3357
450 3358
697 3359
465 3360
1582 3361
1077 3362
2753 3363
3329 3364
3098 3365
1157 3366
2663 3367
3303 3368
2827 3369
2132 3370
3286 3371
2513 3372
634 3373
1082 3374
2792 3375
2431 3376
397 3377
3375 3378
2914 3379
780 3380
3073 3381
28 3382
389 3383
1012 3384
2019 3385
2806 3386
2653 3387
875 3388
3300 3389
3355 3390
1131 3391
1032 3392
1989 3393
681 3394
1745 3395
1277 3396
3335 3397
597 3398
1978 3399
2079 3400
1347 3401
1207 3402
294 3403
1869 3404
2976 3405
994 3406
3280 3407
1262 3408
3009 3409
3306 3410
3202 3411
3342 3412
3370 3413
56 3414
1971 3415
2595 3416
2432 3417
2488 3418
320 3419
1860 3420
2406 3421
714 3422
1387 3423
1471 3424
1917 3425
2182 3426
1301 3427
2637 3428
1237 3429
1768 3430
1843 3431
208 3432
1770 3433
3079 3434
1891 3435
2446 3436
3120 3437
2866 3438
901 3439
1061 3440
953 3441
1623 3442
74 3443
650 3444
916 3445
474 3446
2611 3447
2552 3448
2303 3449
3120 3450
1561 3451
924 3452
2463 3453
2286 3454
2766 3455
38 3456
715 3457
1114 3458
2599 3459
2627 3460
846 3461
1285 3462
265 3463
2434 3464
651 3465
1597 3466
2388 3467
2486 3468
1004 3469
2396 3470
413 3471
1774 3472
412 3473
2837 3474
2448 3475
1726 3476
269 3477
3106 3478
3352 3479
299 3480
3359 3481
1303 3482
1028 3483
303 3484
1337 3485
3204 3486
672 3487
1022 3488
1961 3489
2499 3490
520 3491
1424 3492
601 3493
1217 3494
1934 3495
8 3496
2354 3497
3170 3498
3002 3499
452 3500
1093 3501
2732 3502
3262 3503
1440 3504
1984 3505
2694 3506
2792 3507
1105 3508
3425 3509
2693 3510
1478 3511
435 3512
2533 3513
3173 3514
1090 3515
2996 3516
1633 3517
2861 3518
1820 3519
1723 3520
1634 3521
1086 3522
136 3523
789 3524
2934 3525
1082 3526
907 3527
3064 3528
3473 3529
2674 3530
1657 3531
1863 3532
1739 3533
1292 3534
1017 3535
2730 3536
1679 3537
2942 3538
1384 3539
168 3540
1875 3541
469 3542
970 3543
1927 3544
1956 3545
2201 3546
1916 3547
2423 3548
585 3549
2890 3550
703 3551
435 3552
2862 3553
3538 3554
2903 3555
3452 3556
1437 3557
405 3558
156 3559
708 3560
2758 3561
352 3562
3513 3563
2578 3564
942 3565
1261 3566
1866 3567
146 3568
1535 3569
1641 3570
1140 3571
3343 3572
3408 3573
1543 3574
3464 3575
1869 3576
543 3577
2839 3578
1171 3579
1896 3580
3521 3581
330 3582
1781 3583
1197 3584
3288 3585
368 3586
95 3587
1582 3588
3199 3589
1342 3590
2033 3591
1057 3592
1508 3593
1746 3594
2719 3595
3134 3596
3043 3597
3028 3598
1786 3599
943 3600
2025 3601
2046 3602
1692 3603
1443 3604
3090 3605
1559 3606
1513 3607
526 3608
2242 3609
745 3610
1599 3611
2534 3612
3592 3613
3442 3614
2345 3615
1486 3616
3120 3617
199 3618
2182 3619
600 3620
2214 3621
1109 3622
1919 3623
2487 3624
53 3625
2494 3626
1052 3627
1080 3628
2692 3629
3312 3630
3289 3631
1111 3632
1754 3633
777 3634
958 3635
3188 3636
2422 3637
2728 3638
364 3639
839 3640
1714 3641
3015 3642
1131 3643
1189 3644
1405 3645
1914 3646
3512 3647
1548 3648
2439 3649
2521 3650
1560 3651
2058 3652
1300 3653
2255 3654
3081 3655
3383 3656
1579 3657
3636 3658
318 3659
2018 3660
3531 3661
1784 3662
2523 3663
608 3664
3149 3665
2144 3666
3437 3667
136 3668
148 3669
1851 3670
571 3671
2177 3672
1747 3673
2649 3674
2742 3675
3116 3676
2842 3677
189 3678
1355 3679
2246 3680
1503 3681
1033 3682
2104 3683
2723 3684
699 3685
313 3686
1557 3687
2704 3688
803 3689
1572 3690
3403 3691
3254 3692
151 3693
2141 3694
325 3695
3299 3696
137 3697
2980 3698
2569 3699
2953 3700
983 3701
2261 3702
1476 3703
2519 3704
2773 3705
226 3706
1738 3707
3429 3708
860 3709
1452 3710
3159 3711
1659 3712
840 3713
2637 3714
3523 3715
2329 3716
1613 3717
1968 3718
3438 3719
1344 3720
2777 3721
2572 3722
3037 3723
845 3724
1467 3725
2730 3726
1923 3727
1063 3728
3614 3729
1028 3730
914 3731
200 3732
49 3733
386 3734
3524 3735
2561 3736
2306 3737
1724 3738
1717 3739
1119 3740
1865 3741
2136 3742
1388 3743
2560 3744
1684 3745
1826 3746
1771 3747
1155 3748
1241 3749
1953 3750
1320 3751
3330 3752
2065 3753
2881 3754
2601 3755
1284 3756
1594 3757
116 3758
1335 3759
2036 3760
1982 3761
588 3762
3365 3763
1183 3764
3099 3765
2170 3766
569 3767
2392 3768
2079 3769
529 3770
501 3771
2667 3772
3135 3773
2186 3774
2578 3775
2087 3776
262 3777
1661 3778
1348 3779
1642 3780
2569 3781
2024 3782
1820 3783
1550 3784
1851 3785
3502 3786
1334 3787
656 3788
303 3789
3164 3790
828 3791
3027 3792
843 3793
1015 3794
1730 3795
775 3796
1245 3797
2103 3798
2383 3799
1140 3800
1982 3801
2104 3802
183 3803
2111 3804
2512 3805
412 3806
2810 3807
1427 3808
893 3809
1278 3810
2314 3811
3198 3812
1088 3813
3309 3814
1403 3815
85 3816
2151 3817
1646 3818
190 3819
2343 3820
3018 3821
3450 3822
3255 3823
656 3824
3652 3825
254 3826
2625 3827
1263 3828
3010 3829
2941 3830
685 3831
1916 3832
2764 3833
886 3834
620 3835
917 3836
75 3837
2514 3838
3287 3839
3689 3840
3727 3841
3427 3842
2492 3843
844 3844
268 3845
2902 3846
3672 3847
771 3848
1266 3849
2925 3850
572 3851
3348 3852
1576 3853
996 3854
1845 3855
1550 3856
1900 3857
299 3858
1039 3859
2134 3860
713 3861
2378 3862
1260 3863
2200 3864
3454 3865
1510 3866
1930 3867
43 3868
590 3869
948 3870
945 3871
819 3872
3840 3873
1278 3874
2488 3875
1137 3876
3033 3877
1175 3878
3380 3879
1880 3880
301 3881
1653 3882
1516 3883
3037 3884
127 3885
1660 3886
2900 3887
855 3888
3680 3889
36 3890
527 3891
796 3892
3257 3893
2252 3894
1847 3895
183 3896
2513 3897
3327 3898
1948 3899
521 3900
892 3901
2345 3902
3450 3903
2664 3904
3509 3905
476 3906
332 3907
13 3908
3501 3909
1800 3910
1517 3911
2470 3912
1856 3913
1326 3914
179 3915
2926 3916
767 3917
2909 3918
3771 3919
244 3920
3272 3921
2755 3922
3755 3923
2503 3924
2192 3925
1447 3926
1289 3927
13 3928
1729 3929
1047 3930
3625 3931
2165 3932
3222 3933
2712 3934
2202 3935
3927 3936
2280 3937
427 3938
3484 3939
2409 3940
1217 3941
2260 3942
3000 3943
1020 3944
2377 3945
704 3946
794 3947
2145 3948
1598 3949
2847 3950
1271 3951
2281 3952
2082 3953
1980 3954
3732 3955
195 3956
2341 3957
2982 3958
2827 3959
3071 3960
280 3961
2488 3962
541 3963
3684 3964
2577 3965
948 3966
1203 3967
2703 3968
65 3969
3396 3970
1765 3971
3385 3972
3789 3973
3513 3974
56 3975
2390 3976
1800 3977
3745 3978
212 3979
690 3980
2432 3981
2594 3982
3725 3983
3120 3984
18 3985
1625 3986
746 3987
1535 3988
1384 3989
1245 3990
2535 3991
3496 3992
2918 3993
3747 3994
3290 3995
111 3996
2865 3997
1987 3998
2441 3999
1427 4000
3200 4001
1940 4002
3908 4003
1468 4004
1178 4005
3244 4006
785 4007
1767 4008
1120 4009
3589 4010
3233 4011
3703 4012
3742 4013
305 4014
407 4015
588 4016
2598 4017
2223 4018
1649 4019
3899 4020
1875 4021
3198 4022
2897 4023
2140 4024
300 4025
2802 4026
2368 4027
1271 4028
3789 4029
121 4030
76 4031
754 4032
1363 4033
3321 4034
585 4035
3059 4036
2936 4037
88 4038
934 4039
3519 4040
1358 4041
1528 4042
3084 4043
844 4044
315 4045
1713 4046
3611 4047
239 4048
4029 4049
609 4050
3713 4051
2079 4052
2426 4053
2671 4054
2059 4055
2187 4056
633 4057
1557 4058
3730 4059
1500 4060
2408 4061
2543 4062
3853 4063
1624 4064
2569 4065
2975 4066
1821 4067
2468 4068
1002 4069
3191 4070
3765 4071
2367 4072
2982 4073
2644 4074
4019 4075
1220 4076
818 4077
191 4078
2880 4079
1642 4080
3052 4081
1149 4082
1522 4083
3552 4084
4016 4085
3446 4086
612 4087
399 4088
2109 4089
3981 4090
2415 4091
2500 4092
1449 4093
3575 4094
4080 4095
4064 4096
2877 4097
3514 4098
1960 4099
3401 4100
2604 4101
1207 4102
2460 4103
221 4104
251 4105
324 4106
4020 4107
656 4108
610 4109
2235 4110
2191 4111
2225 4112
418 4113
4010 4114
1336 4115
528 4116
3453 4117
1699 4118
3608 4119
3506 4120
2041 4121
3756 4122
432 4123
127 4124
3530 4125
2455 4126
3861 4127
3178 4128
1162 4129
580 4130
1370 4131
2983 4132
1128 4133
3636 4134
459 4135
1354 4136
3499 4137
3368 4138
2933 4139
1565 4140
3167 4141
186 4142
2707 4143
1662 4144
2893 4145
2945 4146
2789 4147
1554 4148
999 4149
1682 4150
2159 4151
4115 4152
341 4153
3249 4154
2644 4155
1395 4156
1455 4157
2721 4158
556 4159
3422 4160
3577 4161
3415 4162
4061 4163
2855 4164
2639 4165
3607 4166
423 4167
1210 4168
427 4169
328 4170
4162 4171
3025 4172
2673 4173
221 4174
2695 4175
527 4176
1789 4177
2219 4178
1550 4179
4144 4180
1326 4181
1911 4182
2978 4183
278 4184
255 4185
3960 4186
4005 4187
2692 4188
2071 4189
127 4190
1369 4191
529 4192
3608 4193
3085 4194
1016 4195
2723 4196
2964 4197
355 4198
4042 4199
1095 4200
2060 4201
520 4202
1450 4203
418 4204
1452 4205
3670 4206
2263 4207
1858 4208
2739 4209
4198 4210
2918 4211
223 4212
2928 4213
1725 4214
2479 4215
3095 4216
3803 4217
378 4218
923 4219
3922 4220
1544 4221
1996 4222
2 4223
1141 4224
1663 4225
932 4226
3820 4227
1577 4228
1158 4229
2016 4230
3781 4231
1127 4232
3141 4233
3660 4234
2846 4235
3003 4236
217 4237
3553 4238
2336 4239
678 4240
1905 4241
2618 4242
3959 4243
1897 4244
4092 4245
2330 4246
3013 4247
1191 4248
3327 4249
970 4250
349 4251
3142 4252
3441 4253
591 4254
2477 4255
2545 4256
1292 4257
2030 4258
3713 4259
508 4260
1255 4261
3357 4262
332 4263
377 4264
1650 4265
2292 4266
287 4267
1018 4268
204 4269
560 4270
2814 4271
3052 4272
1258 4273
2571 4274
521 4275
325 4276
2212 4277
1821 4278
3299 4279
1270 4280
2702 4281
510 4282
3155 4283
386 4284
2295 4285
3318 4286
1801 4287
1593 4288
2661 4289
4018 4290
1519 4291
1157 4292
3265 4293
4060 4294
953 4295
2400 4296
1827 4297
3170 4298
3844 4299
3616 4300
2230 4301
590 4302
2886 4303
476 4304
4128 4305
685 4306
1831 4307
969 4308
2699 4309
4012 4310
4173 4311
173 4312
4267 4313
814 4314
1390 4315
1846 4316
2378 4317
3989 4318
545 4319
3634 4320
1129 4321
3695 4322
1085 4323
2676 4324
1358 4325
264 4326
3728 4327
1168 4328
1372 4329
2531 4330
965 4331
1215 4332
465 4333
919 4334
2357 4335
3509 4336
2246 4337
4106 4338
2250 4339
2827 4340
2099 4341
3433 4342
1341 4343
1902 4344
1782 4345
314 4346
1302 4347
468 4348
1467 4349
3810 4350
465 4351
1867 4352
2309 4353
256 4354
1840 4355
175 4356
1397 4357
1180 4358
4109 4359
309 4360
439 4361
3839 4362
1943 4363
1532 4364
4110 4365
3243 4366
517 4367
4354 4368
152 4369
3432 4370
1313 4371
1523 4372
1980 4373
3537 4374
1614 4375
1391 4376
4069 4377
1085 4378
922 4379
115 4380
1763 4381
681 4382
3282 4383
3205 4384
3906 4385
3317 4386
2198 4387
104 4388
1655 4389
1622 4390
4115 4391
2926 4392
2835 4393
3338 4394
3938 4395
2245 4396
2786 4397
1405 4398
1804 4399
4039 4400
4122 4401
125 4402
2659 4403
766 4404
3294 4405
3295 4406
1675 4407
3225 4408
4372 4409
2854 4410
3835 4411
810 4412
3253 4413
1550 4414
1788 4415
189 4416
1409 4417
2402 4418
4217 4419
1672 4420
819 4421
610 4422
4394 4423
3483 4424
2570 4425
2356 4426
2193 4427
3546 4428
4017 4429
2111 4430
783 4431
1636 4432
3836 4433
4082 4434
189 4435
27 4436
2590 4437
896 4438
1190 4439
3119 4440
2343 4441
2963 4442
467 4443
2512 4444
1004 4445
3869 4446
3084 4447
4331 4448
3929 4449
646 4450
3569 4451
2034 4452
1228 4453
3012 4454
3701 4455
1497 4456
1065 4457
4231 4458
4199 4459
998 4460
475 4461
3945 4462
309 4463
638 4464
3783 4465
707 4466
892 4467
4024 4468
1684 4469
1154 4470
579 4471
4009 4472
2676 4473
1205 4474
3623 4475
3930 4476
3939 4477
3957 4478
862 4479
3710 4480
2392 4481
3309 4482
3498 4483
1884 4484
196 4485
1146 4486
791 4487
757 4488
3269 4489
1007 4490
2651 4491
2522 4492
2844 4493
2150 4494
3465 4495
2621 4496
314 4497
395 4498
1179 4499
1912 4500
3330 4501
3402 4502
3203 4503
1551 4504
769 4505
113 4506
658 4507
1895 4508
1166 4509
2337 4510
4427 4511
2203 4512
3313 4513
3428 4514
1057 4515
3506 4516
1696 4517
561 4518
3911 4519
3011 4520
2630 4521
2428 4522
1352 4523
1310 4524
2635 4525
305 4526
1433 4527
3955 4528
949 4529
1450 4530
2529 4531
1343 4532
3429 4533
2251 4534
1241 4535
4070 4536
1017 4537
4285 4538
1710 4539
300 4540
1797 4541
866 4542
19 4543
4495 4544
4150 4545
2587 4546
916 4547
2809 4548
819 4549
3176 4550
2708 4551
3642 4552
2429 4553
116 4554
1522 4555
3597 4556
2256 4557
163 4558
2289 4559
2278 4560
2269 4561
1910 4562
4537 4563
3519 4564
3248 4565
749 4566
2389 4567
1323 4568
524 4569
1685 4570
2534 4571
1043 4572
3801 4573
2783 4574
1035 4575
2663 4576
2716 4577
3350 4578
3049 4579
1434 4580
3726 4581
837 4582
899 4583
2640 4584
2189 4585
24 4586
204 4587
4083 4588
2721 4589
3999 4590
238 4591
517 4592
306 4593
1417 4594
3159 4595
4099 4596
2978 4597
1528 4598
2514 4599
2428 4600
4288 4601
1743 4602
380 4603
2624 4604
316 4605
2480 4606
3823 4607
376 4608
1036 4609
2528 4610
178 4611
4199 4612
4609 4613
4502 4614
4015 4615
2201 4616
638 4617
865 4618
3924 4619
1379 4620
3964 4621
13 4622
1845 4623
3849 4624
498 4625
2350 4626
3178 4627
3864 4628
3709 4629
298 4630
1424 4631
536 4632
1277 4633
3336 4634
1590 4635
1838 4636
1892 4637
1235 4638
426 4639
4350 4640
1430 4641
439 4642
364 4643
4517 4644
967 4645
289 4646
4223 4647
3528 4648
1924 4649
136 4650
2318 4651
3890 4652
1867 4653
542 4654
2298 4655
268 4656
2868 4657
2153 4658
2219 4659
983 4660
587 4661
2756 4662
2334 4663
685 4664
883 4665
1492 4666
4182 4667
2949 4668
3421 4669
1961 4670
2986 4671
2573 4672
2447 4673
816 4674
216 4675
4490 4676
482 4677
1659 4678
2436 4679
3406 4680
4648 4681
872 4682
3036 4683
3163 4684
976 4685
2674 4686
1545 4687
3776 4688
1715 4689
495 4690
661 4691
2738 4692
1236 4693
3966 4694
1725 4695
3154 4696
1784 4697
639 4698
3328 4699
2077 4700
274 4701
1609 4702
1457 4703
2741 4704
1333 4705
666 4706
719 4707
706 4708
863 4709
3496 4710
2301 4711
109 4712
3297 4713
38 4714
974 4715
3484 4716
2823 4717
1303 4718
1522 4719
3785 4720
3993 4721
2530 4722
1601 4723
208 4724
4605 4725
3027 4726
1932 4727
4016 4728
1194 4729
2045 4730
1794 4731
2183 4732
3072 4733
3349 4734
2834 4735
1627 4736
34 4737
56 4738
2768 4739
1460 4740
873 4741
2994 4742
3751 4743
700 4744
4176 4745
1577 4746
1495 4747
3395 4748
3302 4749
1617 4750
1106 4751
3171 4752
2668 4753
2074 4754
1840 4755
255 4756
2231 4757
4305 4758
2953 4759
289 4760
227 4761
1732 4762
3755 4763
676 4764
3625 4765
2976 4766
1872 4767
4571 4768
1528 4769
1150 4770
62 4771
3268 4772
1013 4773
2182 4774
4410 4775
608 4776
3706 4777
4103 4778
4468 4779
2962 4780
337 4781
2276 4782
4167 4783
3297 4784
1611 4785
272 4786
2908 4787
4309 4788
3070 4789
2772 4790
2976 4791
2557 4792
1292 4793
1927 4794
3511 4795
3589 4796
4001 4797
2187 4798
1132 4799
3589 4800
1251 4801
1384 4802
4655 4803
1054 4804
1012 4805
961 4806
3453 4807
4182 4808
1111 4809
1243 4810
1638 4811
449 4812
2136 4813
4006 4814
2686 4815
1943 4816
119 4817
4399 4818
1352 4819
1355 4820
1562 4821
227 4822
3734 4823
1781 4824
4566 4825
2182 4826
1851 4827
4656 4828
4050 4829
180 4830
3638 4831
4399 4832
4572 4833
1880 4834
2832 4835
2254 4836
4239 4837
1419 4838
1961 4839
2062 4840
1558 4841
1216 4842
2739 4843
2538 4844
1658 4845
3273 4846
13 4847
2252 4848
4839 4849
4399 4850
4765 4851
888 4852
1811 4853
703 4854
263 4855
2919 4856
1028 4857
4501 4858
4508 4859
784 4860
2353 4861
1562 4862
4543 4863
4430 4864
1423 4865
3022 4866
2206 4867
3898 4868
2232 4869
2921 4870
525 4871
4349 4872
4491 4873
4492 4874
1431 4875
1020 4876
4397 4877
4872 4878
654 4879
2283 4880
2341 4881
3389 4882
2006 4883
1949 4884
1502 4885
3839 4886
2926 4887
4209 4888
2547 4889
4877 4890
3513 4891
4744 4892
2693 4893
4834 4894
1971 4895
2302 4896
618 4897
2139 4898
2402 4899
149 4900
803 4901
4711 4902
1253 4903
1132 4904
3956 4905
3484 4906
1907 4907
1841 4908
4837 4909
4877 4910
4625 4911
1207 4912
2677 4913
2158 4914
492 4915
4505 4916
1157 4917
2659 4918
1930 4919
3978 4920
4170 4921
3060 4922
146 4923
3930 4924
2973 4925
1468 4926
3031 4927
4244 4928
1731 4929
642 4930
2757 4931
1312 4932
2687 4933
1074 4934
381 4935
759 4936
1682 4937
2383 4938
450 4939
4166 4940
704 4941
4243 4942
4478 4943
689 4944
2521 4945
1698 4946
3236 4947
2829 4948
1739 4949
1179 4950
680 4951
2805 4952
1545 4953
3350 4954
1373 4955
4936 4956
3357 4957
4408 4958
2353 4959
897 4960
220 4961
3787 4962
3117 4963
1927 4964
4486 4965
1486 4966
2460 4967
2642 4968
1484 4969
2648 4970
315 4971
1982 4972
981 4973
4595 4974
3938 4975
1006 4976
4274 4977
276 4978
3315 4979
1158 4980
3700 4981
237 4982
3552 4983
3237 4984
910 4985
3773 4986
1404 4987
1490 4988
1325 4989
1470 4990
1663 4991
344 4992
2958 4993
3733 4994
1231 4995
1334 4996
1444 4997
4735 4998
242 4999
1369 5000
