1 2
1 3
1 4
2 5
3 6
1 7
6 8
3 9
3 10
3 11
1 12
7 13
5 14
13 15
10 16
15 17
8 18
6 19
3 20
10 21
1 22
1 23
2 24
15 25
8 26
16 27
26 28
6 29
27 30
28 31
11 32
17 33
10 34
12 35
18 36
6 37
3 38
34 39
17 40
2 41
33 42
15 43
36 44
6 45
5 46
19 47
9 48
18 49
27 50
16 51
35 52
18 53
17 54
15 55
49 56
39 57
44 58
31 59
36 60
12 61
45 62
50 63
35 64
63 65
4 66
65 67
66 68
48 69
12 70
60 71
43 72
53 73
62 74
28 75
44 76
76 77
23 78
70 79
74 80
11 81
65 82
69 83
69 84
10 85
11 86
32 87
3 88
69 89
1 90
85 91
11 92
50 93
10 94
66 95
78 96
50 97
49 98
83 99
4 100
81 101
59 102
42 103
6 104
50 105
56 106
8 107
61 108
16 109
18 110
12 111
12 112
107 113
29 114
34 115
79 116
11 117
93 118
8 119
102 120
14 121
39 122
9 123
4 124
22 125
27 126
74 127
57 128
102 129
120 130
77 131
118 132
44 133
87 134
62 135
64 136
69 137
79 138
14 139
130 140
65 141
17 142
55 143
5 144
125 145
67 146
125 147
1 148
68 149
136 150
2 151
128 152
66 153
91 154
31 155
54 156
18 157
64 158
73 159
86 160
12 161
152 162
123 163
103 164
151 165
45 166
68 167
120 168
148 169
166 170
46 171
136 172
81 173
30 174
99 175
111 176
19 177
112 178
56 179
61 180
80 181
57 182
63 183
60 184
79 185
164 186
176 187
1 188
10 189
35 190
111 191
112 192
112 193
120 194
89 195
59 196
20 197
50 198
14 199
31 200
65 201
137 202
139 203
48 204
174 205
4 206
197 207
134 208
135 209
138 210
201 211
15 212
62 213
149 214
90 215
164 216
96 217
195 218
190 219
160 220
32 221
182 222
82 223
27 224
166 225
112 226
29 227
170 228
185 229
51 230
31 231
199 232
36 233
192 234
62 235
142 236
142 237
204 238
209 239
13 240
12 241
149 242
75 243
136 244
129 245
61 246
168 247
231 248
94 249
211 250
192 251
244 252
154 253
75 254
251 255
143 256
175 257
1 258
93 259
208 260
47 261
55 262
77 263
40 264
70 265
164 266
237 267
178 268
266 269
101 270
169 271
74 272
256 273
87 274
213 275
212 276
34 277
14 278
129 279
268 280
43 281
7 282
163 283
159 284
140 285
163 286
82 287
213 288
249 289
110 290
269 291
237 292
209 293
179 294
143 295
217 296
65 297
217 298
137 299
149 300
140 301
206 302
268 303
61 304
245 305
198 306
189 307
274 308
295 309
298 310
146 311
125 312
2 313
180 314
111 315
115 316
44 317
2 318
292 319
178 320
212 321
132 322
177 323
143 324
173 325
109 326
120 327
244 328
308 329
228 330
160 331
180 332
111 333
241 334
10 335
68 336
213 337
12 338
151 339
126 340
295 341
294 342
132 343
93 344
195 345
78 346
100 347
94 348
68 349
103 350
45 351
305 352
246 353
321 354
314 355
7 356
53 357
108 358
127 359
125 360
156 361
1 362
152 363
107 364
163 365
117 366
197 367
346 368
56 369
28 370
277 371
237 372
168 373
184 374
74 375
1 376
33 377
87 378
160 379
347 380
167 381
341 382
10 383
130 384
182 385
309 386
99 387
169 388
11 389
177 390
267 391
157 392
122 393
360 394
316 395
340 396
290 397
213 398
320 399
115 400
353 401
83 402
340 403
231 404
11 405
191 406
63 407
347 408
151 409
13 410
41 411
340 412
336 413
211 414
66 415
56 416
151 417
269 418
414 419
268 420
148 421
94 422
266 423
20 424
227 425
205 426
111 427
216 428
340 429
80 430
248 431
32 432
175 433
312 434
183 435
146 436
53 437
267 438
416 439
236 440
78 441
334 442
292 443
283 444
224 445
30 446
112 447
211 448
217 449
163 450
208 451
50 452
152 453
371 454
406 455
154 456
18 457
254 458
269 459
40 460
237 461
359 462
50 463
71 464
456 465
344 466
24 467
382 468
290 469
147 470
56 471
11 472
131 473
206 474
470 475
337 476
336 477
233 478
308 479
174 480
233 481
137 482
42 483
211 484
274 485
16 486
210 487
472 488
316 489
199 490
277 491
437 492
387 493
140 494
400 495
161 496
341 497
489 498
79 499
337 500
429 501
425 502
443 503
236 504
41 505
192 506
139 507
289 508
388 509
417 510
324 511
315 512
469 513
6 514
154 515
146 516
263 517
340 518
336 519
68 520
5 521
80 522
477 523
398 524
133 525
140 526
336 527
433 528
132 529
312 530
272 531
168 532
370 533
8 534
62 535
338 536
47 537
289 538
455 539
7 540
366 541
459 542
523 543
110 544
133 545
217 546
333 547
56 548
57 549
351 550
301 551
346 552
369 553
457 554
150 555
189 556
22 557
371 558
314 559
253 560
422 561
283 562
278 563
542 564
209 565
456 566
252 567
373 568
316 569
331 570
201 571
165 572
328 573
234 574
248 575
323 576
381 577
530 578
352 579
85 580
161 581
163 582
166 583
542 584
43 585
17 586
61 587
227 588
174 589
289 590
208 591
390 592
426 593
338 594
589 595
257 596
218 597
332 598
24 599
368 600
488 601
581 602
215 603
386 604
432 605
325 606
302 607
232 608
94 609
568 610
406 611
89 612
556 613
366 614
562 615
58 616
274 617
391 618
197 619
365 620
525 621
393 622
162 623
53 624
357 625
111 626
206 627
284 628
130 629
620 630
577 631
11 632
525 633
220 634
620 635
246 636
536 637
505 638
461 639
465 640
628 641
466 642
627 643
455 644
350 645
154 646
206 647
646 648
7 649
368 650
395 651
551 652
79 653
612 654
223 655
114 656
87 657
165 658
646 659
87 660
597 661
556 662
391 663
587 664
614 665
357 666
362 667
278 668
63 669
119 670
513 671
632 672
379 673
517 674
146 675
316 676
410 677
429 678
339 679
427 680
604 681
372 682
469 683
523 684
103 685
623 686
614 687
677 688
514 689
454 690
241 691
3 692
267 693
291 694
106 695
337 696
497 697
155 698
13 699
114 700
257 701
329 702
20 703
27 704
136 705
364 706
103 707
61 708
435 709
242 710
50 711
529 712
27 713
182 714
149 715
425 716
361 717
123 718
27 719
502 720
267 721
461 722
504 723
164 724
87 725
561 726
522 727
272 728
705 729
476 730
542 731
222 732
425 733
112 734
484 735
588 736
728 737
245 738
472 739
187 740
476 741
150 742
159 743
448 744
19 745
496 746
393 747
689 748
418 749
520 750
55 751
144 752
625 753
26 754
580 755
307 756
78 757
227 758
569 759
53 760
503 761
513 762
107 763
303 764
507 765
664 766
307 767
317 768
449 769
16 770
571 771
175 772
635 773
222 774
569 775
622 776
249 777
701 778
549 779
364 780
747 781
294 782
47 783
588 784
112 785
157 786
622 787
389 788
615 789
554 790
764 791
262 792
677 793
670 794
519 795
444 796
325 797
549 798
64 799
50 800
714 801
284 802
370 803
702 804
452 805
791 806
543 807
656 808
238 809
672 810
265 811
647 812
562 813
193 814
500 815
209 816
584 817
291 818
27 819
717 820
433 821
273 822
118 823
256 824
472 825
348 826
633 827
565 828
111 829
262 830
325 831
63 832
525 833
128 834
595 835
747 836
726 837
65 838
44 839
345 840
27 841
393 842
402 843
429 844
374 845
13 846
771 847
94 848
622 849
550 850
613 851
268 852
468 853
435 854
712 855
775 856
461 857
336 858
180 859
112 860
189 861
855 862
402 863
172 864
277 865
28 866
621 867
517 868
233 869
195 870
451 871
668 872
303 873
248 874
313 875
687 876
289 877
780 878
277 879
827 880
475 881
796 882
302 883
287 884
560 885
66 886
50 887
252 888
693 889
244 890
50 891
600 892
153 893
572 894
561 895
139 896
568 897
525 898
539 899
12 900
402 901
420 902
429 903
449 904
35 905
140 906
659 907
784 908
88 909
502 910
262 911
169 912
354 913
158 914
337 915
661 916
79 917
40 918
897 919
780 920
102 921
328 922
858 923
333 924
291 925
358 926
416 927
141 928
803 929
575 930
763 931
819 932
861 933
870 934
346 935
150 936
705 937
827 938
856 939
697 940
829 941
348 942
881 943
3 944
630 945
388 946
270 947
316 948
509 949
55 950
730 951
338 952
529 953
268 954
165 955
790 956
142 957
546 958
130 959
123 960
287 961
755 962
101 963
113 964
912 965
66 966
798 967
722 968
346 969
697 970
210 971
893 972
513 973
560 974
141 975
440 976
319 977
543 978
60 979
55 980
311 981
337 982
598 983
538 984
406 985
821 986
841 987
473 988
756 989
591 990
990 991
1 992
135 993
946 994
298 995
476 996
258 997
252 998
581 999
251 1000
773 1001
589 1002
640 1003
518 1004
430 1005
880 1006
230 1007
482 1008
78 1009
85 1010
993 1011
87 1012
292 1013
366 1014
946 1015
107 1016
111 1017
872 1018
220 1019
900 1020
750 1021
750 1022
757 1023
324 1024
420 1025
128 1026
79 1027
118 1028
238 1029
866 1030
471 1031
556 1032
746 1033
837 1034
812 1035
968 1036
319 1037
1007 1038
1027 1039
348 1040
254 1041
574 1042
160 1043
959 1044
814 1045
281 1046
308 1047
400 1048
815 1049
726 1050
515 1051
120 1052
763 1053
3 1054
839 1055
1021 1056
87 1057
999 1058
794 1059
423 1060
655 1061
315 1062
853 1063
209 1064
862 1065
660 1066
459 1067
345 1068
387 1069
864 1070
436 1071
679 1072
619 1073
124 1074
414 1075
666 1076
231 1077
1071 1078
368 1079
1033 1080
679 1081
787 1082
761 1083
489 1084
1062 1085
563 1086
212 1087
511 1088
677 1089
687 1090
1082 1091
874 1092
544 1093
213 1094
814 1095
160 1096
722 1097
746 1098
135 1099
138 1100
41 1101
921 1102
275 1103
888 1104
640 1105
347 1106
586 1107
201 1108
211 1109
642 1110
424 1111
657 1112
290 1113
791 1114
832 1115
374 1116
756 1117
741 1118
181 1119
671 1120
590 1121
132 1122
375 1123
562 1124
216 1125
361 1126
1078 1127
562 1128
535 1129
869 1130
748 1131
197 1132
242 1133
924 1134
532 1135
1096 1136
427 1137
333 1138
981 1139
297 1140
1057 1141
495 1142
180 1143
766 1144
976 1145
361 1146
639 1147
380 1148
275 1149
526 1150
582 1151
414 1152
269 1153
1052 1154
123 1155
184 1156
528 1157
415 1158
265 1159
429 1160
425 1161
786 1162
539 1163
67 1164
724 1165
571 1166
1073 1167
595 1168
1040 1169
1050 1170
337 1171
577 1172
1123 1173
903 1174
1081 1175
69 1176
524 1177
323 1178
942 1179
951 1180
258 1181
576 1182
538 1183
894 1184
30 1185
323 1186
1030 1187
313 1188
159 1189
186 1190
961 1191
206 1192
360 1193
824 1194
896 1195
1183 1196
186 1197
780 1198
405 1199
258 1200
499 1201
683 1202
478 1203
1088 1204
775 1205
618 1206
706 1207
1142 1208
574 1209
892 1210
379 1211
1071 1212
335 1213
818 1214
917 1215
278 1216
159 1217
331 1218
482 1219
334 1220
1033 1221
964 1222
1163 1223
588 1224
1161 1225
964 1226
384 1227
149 1228
1107 1229
747 1230
189 1231
767 1232
367 1233
227 1234
308 1235
22 1236
497 1237
1190 1238
881 1239
188 1240
489 1241
862 1242
318 1243
243 1244
820 1245
1194 1246
639 1247
411 1248
332 1249
735 1250
857 1251
788 1252
183 1253
1096 1254
357 1255
1155 1256
778 1257
636 1258
219 1259
204 1260
220 1261
95 1262
693 1263
65 1264
1243 1265
1110 1266
978 1267
476 1268
482 1269
547 1270
1059 1271
138 1272
69 1273
860 1274
586 1275
229 1276
1214 1277
661 1278
414 1279
519 1280
994 1281
579 1282
501 1283
1190 1284
706 1285
449 1286
1028 1287
1069 1288
208 1289
1158 1290
1174 1291
914 1292
560 1293
1032 1294
268 1295
268 1296
1153 1297
274 1298
948 1299
1019 1300
458 1301
760 1302
28 1303
490 1304
599 1305
1069 1306
452 1307
602 1308
62 1309
1189 1310
1206 1311
597 1312
773 1313
624 1314
684 1315
400 1316
306 1317
1105 1318
251 1319
1083 1320
287 1321
298 1322
103 1323
922 1324
1026 1325
1046 1326
497 1327
1265 1328
973 1329
525 1330
564 1331
497 1332
441 1333
156 1334
763 1335
53 1336
976 1337
1074 1338
1223 1339
1208 1340
312 1341
413 1342
861 1343
56 1344
867 1345
38 1346
492 1347
227 1348
876 1349
1077 1350
209 1351
965 1352
197 1353
607 1354
498 1355
240 1356
766 1357
1015 1358
862 1359
606 1360
65 1361
958 1362
343 1363
860 1364
170 1365
270 1366
1042 1367
229 1368
509 1369
367 1370
1235 1371
1099 1372
763 1373
871 1374
1009 1375
1030 1376
653 1377
637 1378
595 1379
134 1380
1265 1381
947 1382
213 1383
638 1384
745 1385
244 1386
233 1387
70 1388
963 1389
1193 1390
889 1391
869 1392
391 1393
199 1394
1324 1395
278 1396
618 1397
770 1398
998 1399
800 1400
489 1401
354 1402
1195 1403
591 1404
938 1405
843 1406
795 1407
953 1408
752 1409
1099 1410
1364 1411
216 1412
1388 1413
524 1414
8 1415
709 1416
942 1417
1056 1418
184 1419
967 1420
710 1421
485 1422
607 1423
375 1424
1150 1425
1007 1426
928 1427
622 1428
634 1429
568 1430
1077 1431
17 1432
259 1433
292 1434
996 1435
1058 1436
785 1437
1379 1438
1214 1439
1431 1440
858 1441
210 1442
1132 1443
740 1444
130 1445
835 1446
520 1447
1037 1448
58 1449
30 1450
1303 1451
489 1452
889 1453
148 1454
1296 1455
459 1456
523 1457
1149 1458
1209 1459
56 1460
826 1461
1017 1462
126 1463
1090 1464
6 1465
641 1466
430 1467
1181 1468
261 1469
896 1470
243 1471
1154 1472
1224 1473
891 1474
1046 1475
1015 1476
61 1477
846 1478
1327 1479
322 1480
615 1481
24 1482
471 1483
280 1484
1124 1485
1375 1486
1010 1487
874 1488
922 1489
75 1490
953 1491
640 1492
677 1493
850 1494
1098 1495
1415 1496
561 1497
680 1498
211 1499
1445 1500
1063 1501
464 1502
793 1503
1290 1504
227 1505
1039 1506
480 1507
1489 1508
98 1509
732 1510
187 1511
737 1512
186 1513
311 1514
1381 1515
776 1516
35 1517
1249 1518
352 1519
916 1520
1437 1521
761 1522
1475 1523
650 1524
1069 1525
1008 1526
969 1527
342 1528
1354 1529
1424 1530
404 1531
86 1532
1392 1533
237 1534
1438 1535
1401 1536
1322 1537
74 1538
935 1539
1214 1540
1197 1541
916 1542
1103 1543
857 1544
1353 1545
257 1546
818 1547
890 1548
1394 1549
763 1550
315 1551
653 1552
436 1553
293 1554
1288 1555
1221 1556
711 1557
1338 1558
1478 1559
1434 1560
43 1561
561 1562
1519 1563
1150 1564
396 1565
1150 1566
447 1567
511 1568
464 1569
61 1570
1482 1571
1254 1572
1166 1573
152 1574
548 1575
288 1576
837 1577
1465 1578
308 1579
1449 1580
744 1581
828 1582
461 1583
466 1584
617 1585
1209 1586
1266 1587
257 1588
1449 1589
1584 1590
602 1591
552 1592
1307 1593
1593 1594
82 1595
925 1596
123 1597
787 1598
126 1599
408 1600
215 1601
590 1602
447 1603
1601 1604
1193 1605
596 1606
1425 1607
250 1608
621 1609
46 1610
130 1611
1084 1612
690 1613
135 1614
1519 1615
168 1616
1533 1617
1607 1618
1061 1619
354 1620
1156 1621
1527 1622
453 1623
1548 1624
1245 1625
1094 1626
1405 1627
978 1628
568 1629
1109 1630
491 1631
381 1632
1205 1633
394 1634
966 1635
384 1636
48 1637
983 1638
1291 1639
1312 1640
1556 1641
572 1642
1464 1643
1029 1644
1601 1645
1285 1646
1343 1647
280 1648
1472 1649
60 1650
1217 1651
941 1652
3 1653
1149 1654
793 1655
387 1656
303 1657
1158 1658
997 1659
880 1660
1554 1661
851 1662
422 1663
274 1664
1459 1665
1241 1666
419 1667
750 1668
420 1669
39 1670
663 1671
734 1672
1599 1673
1538 1674
1290 1675
939 1676
151 1677
1317 1678
1531 1679
1000 1680
1278 1681
338 1682
306 1683
591 1684
679 1685
626 1686
785 1687
1090 1688
1040 1689
632 1690
84 1691
1064 1692
176 1693
654 1694
1490 1695
655 1696
1018 1697
1559 1698
817 1699
1503 1700
1021 1701
824 1702
647 1703
1506 1704
1610 1705
629 1706
843 1707
283 1708
1044 1709
60 1710
675 1711
929 1712
1067 1713
1596 1714
1377 1715
1051 1716
1002 1717
1676 1718
1206 1719
201 1720
66 1721
613 1722
920 1723
377 1724
1330 1725
524 1726
999 1727
1154 1728
723 1729
854 1730
1087 1731
807 1732
705 1733
1335 1734
1689 1735
901 1736
193 1737
866 1738
1140 1739
1691 1740
1456 1741
1470 1742
66 1743
468 1744
703 1745
490 1746
647 1747
602 1748
1058 1749
91 1750
1060 1751
1578 1752
706 1753
601 1754
948 1755
1416 1756
454 1757
1363 1758
926 1759
515 1760
852 1761
198 1762
1023 1763
53 1764
319 1765
769 1766
183 1767
1353 1768
930 1769
624 1770
1465 1771
261 1772
1098 1773
1680 1774
838 1775
426 1776
505 1777
1631 1778
312 1779
150 1780
1515 1781
653 1782
1123 1783
920 1784
1555 1785
1296 1786
732 1787
332 1788
1447 1789
1758 1790
1132 1791
80 1792
25 1793
664 1794
622 1795
1510 1796
792 1797
138 1798
427 1799
928 1800
664 1801
1066 1802
418 1803
145 1804
290 1805
205 1806
563 1807
1423 1808
39 1809
1152 1810
375 1811
407 1812
1074 1813
346 1814
1808 1815
653 1816
1094 1817
348 1818
241 1819
1075 1820
908 1821
424 1822
16 1823
206 1824
1417 1825
50 1826
93 1827
1358 1828
1498 1829
1325 1830
1688 1831
1627 1832
227 1833
779 1834
564 1835
1082 1836
1051 1837
1190 1838
151 1839
525 1840
144 1841
4 1842
1149 1843
205 1844
327 1845
86 1846
740 1847
1762 1848
1322 1849
1698 1850
1460 1851
1617 1852
133 1853
1573 1854
71 1855
540 1856
886 1857
484 1858
1413 1859
1319 1860
994 1861
1534 1862
1562 1863
1614 1864
1817 1865
1712 1866
1050 1867
431 1868
20 1869
1066 1870
1147 1871
290 1872
359 1873
1140 1874
1644 1875
1808 1876
249 1877
1391 1878
389 1879
944 1880
1119 1881
514 1882
377 1883
1710 1884
25 1885
1529 1886
939 1887
1706 1888
611 1889
1547 1890
1144 1891
1774 1892
144 1893
594 1894
376 1895
1436 1896
1316 1897
1167 1898
767 1899
924 1900
1576 1901
1254 1902
933 1903
1764 1904
1458 1905
1884 1906
1693 1907
23 1908
637 1909
42 1910
1572 1911
1039 1912
1436 1913
27 1914
1531 1915
1525 1916
1193 1917
1816 1918
1383 1919
1387 1920
1118 1921
1582 1922
677 1923
1506 1924
1041 1925
998 1926
965 1927
596 1928
1584 1929
1687 1930
822 1931
506 1932
1435 1933
384 1934
168 1935
90 1936
1006 1937
1169 1938
342 1939
1908 1940
1392 1941
503 1942
1827 1943
1700 1944
470 1945
1570 1946
76 1947
724 1948
1829 1949
1145 1950
614 1951
42 1952
1117 1953
1514 1954
1481 1955
1428 1956
1954 1957
1130 1958
1876 1959
1624 1960
589 1961
587 1962
1584 1963
302 1964
788 1965
805 1966
502 1967
1308 1968
1032 1969
613 1970
660 1971
74 1972
85 1973
1414 1974
1405 1975
1414 1976
89 1977
24 1978
1713 1979
1192 1980
1311 1981
1395 1982
690 1983
265 1984
1097 1985
1848 1986
464 1987
442 1988
267 1989
1770 1990
1920 1991
113 1992
1745 1993
1472 1994
337 1995
72 1996
1564 1997
917 1998
26 1999
1857 2000
514 2001
749 2002
1010 2003
248 2004
1992 2005
691 2006
914 2007
1221 2008
1642 2009
848 2010
1265 2011
1127 2012
1704 2013
585 2014
1587 2015
316 2016
788 2017
12 2018
66 2019
749 2020
1925 2021
288 2022
1419 2023
1669 2024
1739 2025
1020 2026
1108 2027
247 2028
1152 2029
1130 2030
2024 2031
1114 2032
942 2033
1986 2034
169 2035
1913 2036
1927 2037
70 2038
1275 2039
1377 2040
212 2041
1569 2042
953 2043
727 2044
2029 2045
719 2046
913 2047
383 2048
1609 2049
1195 2050
1537 2051
1511 2052
635 2053
330 2054
2007 2055
493 2056
282 2057
162 2058
650 2059
730 2060
449 2061
21 2062
197 2063
1906 2064
1599 2065
1437 2066
362 2067
1337 2068
1474 2069
390 2070
1101 2071
491 2072
1474 2073
974 2074
1438 2075
3 2076
1143 2077
1761 2078
1104 2079
764 2080
181 2081
1278 2082
1976 2083
1183 2084
985 2085
1221 2086
1710 2087
252 2088
839 2089
275 2090
1867 2091
47 2092
223 2093
1911 2094
1816 2095
1277 2096
88 2097
1183 2098
1500 2099
1446 2100
2022 2101
851 2102
1106 2103
1771 2104
361 2105
701 2106
795 2107
1473 2108
1072 2109
1111 2110
10 2111
250 2112
1632 2113
244 2114
688 2115
1476 2116
851 2117
996 2118
1844 2119
547 2120
450 2121
1524 2122
657 2123
775 2124
727 2125
1065 2126
2027 2127
1934 2128
1042 2129
743 2130
160 2131
2107 2132
1817 2133
893 2134
2091 2135
536 2136
693 2137
2013 2138
888 2139
381 2140
12 2141
136 2142
1804 2143
573 2144
1229 2145
402 2146
1652 2147
59 2148
1514 2149
875 2150
1849 2151
1692 2152
697 2153
293 2154
1607 2155
1904 2156
1657 2157
58 2158
340 2159
538 2160
1839 2161
1218 2162
1770 2163
44 2164
914 2165
51 2166
1922 2167
1462 2168
104 2169
693 2170
1162 2171
592 2172
2002 2173
2009 2174
1896 2175
533 2176
1039 2177
1167 2178
215 2179
253 2180
161 2181
1774 2182
501 2183
256 2184
1465 2185
175 2186
77 2187
422 2188
811 2189
1077 2190
1524 2191
1089 2192
1202 2193
904 2194
1507 2195
123 2196
2022 2197
913 2198
987 2199
1244 2200
2022 2201
2114 2202
1810 2203
628 2204
1272 2205
283 2206
490 2207
2064 2208
1897 2209
1285 2210
919 2211
2190 2212
461 2213
515 2214
1781 2215
236 2216
1156 2217
1021 2218
391 2219
176 2220
38 2221
385 2222
722 2223
2061 2224
1595 2225
911 2226
1593 2227
1343 2228
559 2229
391 2230
2211 2231
1145 2232
188 2233
961 2234
1860 2235
1762 2236
1702 2237
1462 2238
1517 2239
487 2240
1107 2241
1613 2242
1590 2243
1802 2244
1882 2245
51 2246
1172 2247
1070 2248
227 2249
36 2250
449 2251
2088 2252
464 2253
392 2254
657 2255
2203 2256
1318 2257
603 2258
868 2259
1093 2260
127 2261
611 2262
714 2263
1785 2264
1397 2265
818 2266
2255 2267
217 2268
2015 2269
1480 2270
1677 2271
105 2272
749 2273
1708 2274
232 2275
1288 2276
70 2277
1934 2278
1113 2279
2088 2280
1877 2281
1394 2282
594 2283
808 2284
1373 2285
698 2286
356 2287
370 2288
100 2289
1904 2290
462 2291
1940 2292
322 2293
737 2294
14 2295
715 2296
667 2297
2204 2298
1820 2299
256 2300
1376 2301
2050 2302
447 2303
1871 2304
1283 2305
2254 2306
908 2307
1431 2308
2065 2309
348 2310
161 2311
1589 2312
2176 2313
1245 2314
808 2315
2313 2316
2093 2317
18 2318
1405 2319
379 2320
1709 2321
681 2322
1494 2323
664 2324
1109 2325
631 2326
1192 2327
356 2328
110 2329
1724 2330
1099 2331
1076 2332
2205 2333
1042 2334
1970 2335
1257 2336
725 2337
1547 2338
532 2339
1561 2340
46 2341
1231 2342
973 2343
878 2344
3 2345
2144 2346
1366 2347
198 2348
2216 2349
945 2350
534 2351
1469 2352
1371 2353
15 2354
2130 2355
1163 2356
1228 2357
2332 2358
1394 2359
1397 2360
630 2361
2089 2362
522 2363
1340 2364
1270 2365
1927 2366
1026 2367
916 2368
1021 2369
2317 2370
195 2371
1905 2372
855 2373
1052 2374
1083 2375
2361 2376
1104 2377
462 2378
1836 2379
269 2380
2134 2381
2251 2382
1054 2383
2357 2384
1976 2385
846 2386
1312 2387
2045 2388
2273 2389
495 2390
1215 2391
1293 2392
764 2393
2358 2394
1416 2395
1652 2396
1009 2397
326 2398
1816 2399
1657 2400
498 2401
1200 2402
1254 2403
2037 2404
2209 2405
700 2406
689 2407
452 2408
946 2409
1400 2410
837 2411
1711 2412
1821 2413
1151 2414
1301 2415
180 2416
1149 2417
1481 2418
953 2419
1699 2420
1271 2421
492 2422
1216 2423
1329 2424
648 2425
1329 2426
2239 2427
1157 2428
1320 2429
1369 2430
711 2431
957 2432
705 2433
1005 2434
1884 2435
685 2436
312 2437
2192 2438
425 2439
973 2440
8 2441
2227 2442
2265 2443
428 2444
631 2445
2266 2446
1793 2447
747 2448
444 2449
1362 2450
1971 2451
1129 2452
1992 2453
2065 2454
1690 2455
1100 2456
560 2457
1125 2458
1051 2459
2330 2460
1578 2461
175 2462
2353 2463
1660 2464
342 2465
1596 2466
868 2467
1678 2468
2089 2469
2107 2470
1611 2471
325 2472
1972 2473
1715 2474
1156 2475
615 2476
2381 2477
873 2478
70 2479
1221 2480
1841 2481
267 2482
2148 2483
1314 2484
443 2485
153 2486
1016 2487
1972 2488
1016 2489
512 2490
1135 2491
620 2492
1925 2493
248 2494
2003 2495
461 2496
777 2497
193 2498
73 2499
1701 2500
710 2501
738 2502
751 2503
177 2504
1552 2505
1281 2506
226 2507
1441 2508
468 2509
2443 2510
1963 2511
1493 2512
1438 2513
1870 2514
1975 2515
1972 2516
472 2517
117 2518
1297 2519
328 2520
2228 2521
1471 2522
1698 2523
258 2524
96 2525
1460 2526
665 2527
2489 2528
396 2529
1284 2530
2522 2531
2410 2532
2305 2533
1395 2534
498 2535
1290 2536
81 2537
2011 2538
529 2539
1282 2540
829 2541
1576 2542
1806 2543
1841 2544
1121 2545
1992 2546
1974 2547
737 2548
2054 2549
1491 2550
1917 2551
1103 2552
2111 2553
1205 2554
426 2555
977 2556
1036 2557
1489 2558
643 2559
450 2560
1694 2561
935 2562
1688 2563
1075 2564
119 2565
2285 2566
51 2567
2245 2568
1677 2569
2284 2570
1065 2571
1707 2572
1422 2573
749 2574
2546 2575
359 2576
299 2577
2037 2578
482 2579
1263 2580
1241 2581
209 2582
1562 2583
908 2584
348 2585
2355 2586
842 2587
2347 2588
775 2589
572 2590
607 2591
2470 2592
455 2593
879 2594
1640 2595
1433 2596
248 2597
2043 2598
450 2599
2119 2600
1522 2601
1716 2602
2037 2603
2563 2604
2565 2605
1459 2606
1102 2607
2337 2608
666 2609
283 2610
483 2611
548 2612
2116 2613
992 2614
1343 2615
1484 2616
1017 2617
1835 2618
1873 2619
2308 2620
7 2621
1060 2622
488 2623
103 2624
1634 2625
883 2626
551 2627
2254 2628
2247 2629
1913 2630
573 2631
1599 2632
1845 2633
117 2634
105 2635
453 2636
412 2637
1271 2638
1286 2639
2335 2640
301 2641
341 2642
2422 2643
174 2644
2361 2645
1872 2646
2535 2647
1478 2648
2156 2649
192 2650
1920 2651
778 2652
1743 2653
858 2654
1123 2655
97 2656
2434 2657
119 2658
838 2659
543 2660
947 2661
1066 2662
1425 2663
94 2664
1407 2665
1361 2666
1696 2667
996 2668
821 2669
1689 2670
2435 2671
1697 2672
2286 2673
28 2674
1643 2675
2435 2676
19 2677
2294 2678
1256 2679
356 2680
464 2681
253 2682
1114 2683
1194 2684
2290 2685
1643 2686
2350 2687
221 2688
75 2689
1477 2690
1688 2691
1048 2692
2526 2693
753 2694
1761 2695
150 2696
2574 2697
2128 2698
1346 2699
1341 2700
1456 2701
1995 2702
1736 2703
1775 2704
1936 2705
1418 2706
776 2707
2309 2708
255 2709
2670 2710
1490 2711
2162 2712
1468 2713
665 2714
603 2715
1635 2716
1152 2717
1199 2718
1545 2719
2541 2720
1935 2721
1335 2722
1870 2723
1006 2724
1752 2725
779 2726
2647 2727
1632 2728
1457 2729
152 2730
1160 2731
1284 2732
808 2733
274 2734
1526 2735
687 2736
1871 2737
2300 2738
1682 2739
133 2740
854 2741
2106 2742
821 2743
1209 2744
1179 2745
969 2746
1866 2747
2478 2748
1084 2749
2197 2750
2168 2751
569 2752
504 2753
52 2754
166 2755
2138 2756
1049 2757
2256 2758
3 2759
141 2760
1270 2761
1430 2762
2195 2763
1559 2764
1057 2765
2449 2766
2184 2767
1058 2768
522 2769
2602 2770
1533 2771
1931 2772
1274 2773
2364 2774
2554 2775
322 2776
1658 2777
1596 2778
1739 2779
2279 2780
143 2781
79 2782
1396 2783
288 2784
284 2785
1443 2786
2156 2787
753 2788
106 2789
1713 2790
2758 2791
145 2792
2558 2793
1337 2794
167 2795
2137 2796
746 2797
1437 2798
901 2799
2210 2800
113 2801
413 2802
854 2803
113 2804
1100 2805
939 2806
154 2807
2636 2808
833 2809
2255 2810
2321 2811
815 2812
2478 2813
2648 2814
452 2815
2460 2816
818 2817
1227 2818
2681 2819
2454 2820
1893 2821
306 2822
2477 2823
317 2824
565 2825
2778 2826
357 2827
310 2828
2529 2829
911 2830
816 2831
1370 2832
296 2833
2082 2834
1942 2835
500 2836
81 2837
632 2838
1465 2839
2049 2840
1999 2841
2364 2842
1429 2843
284 2844
27 2845
1324 2846
2762 2847
2572 2848
2783 2849
894 2850
241 2851
1995 2852
2165 2853
2105 2854
1566 2855
1695 2856
337 2857
1582 2858
1578 2859
2841 2860
849 2861
709 2862
988 2863
975 2864
1924 2865
1501 2866
1908 2867
38 2868
277 2869
2624 2870
1438 2871
1162 2872
2224 2873
2246 2874
1023 2875
1884 2876
2730 2877
817 2878
1788 2879
917 2880
2672 2881
1522 2882
1315 2883
2851 2884
2344 2885
1997 2886
2456 2887
1782 2888
1853 2889
1612 2890
979 2891
1612 2892
2266 2893
2418 2894
509 2895
926 2896
338 2897
2297 2898
2392 2899
897 2900
149 2901
376 2902
1552 2903
2090 2904
1831 2905
2525 2906
634 2907
2674 2908
392 2909
2254 2910
2477 2911
1696 2912
2426 2913
205 2914
2047 2915
1158 2916
883 2917
2868 2918
2589 2919
2275 2920
424 2921
2430 2922
1495 2923
1435 2924
1731 2925
1286 2926
2316 2927
490 2928
361 2929
1951 2930
1557 2931
2231 2932
1995 2933
185 2934
454 2935
1155 2936
1494 2937
1723 2938
2803 2939
809 2940
1688 2941
2938 2942
2469 2943
949 2944
1027 2945
1707 2946
2402 2947
128 2948
578 2949
1058 2950
2435 2951
2402 2952
893 2953
576 2954
1588 2955
2165 2956
1268 2957
2044 2958
157 2959
2951 2960
707 2961
94 2962
2784 2963
1023 2964
1986 2965
2874 2966
2225 2967
1831 2968
456 2969
1475 2970
204 2971
2191 2972
6 2973
1697 2974
695 2975
394 2976
1576 2977
2530 2978
320 2979
1063 2980
2924 2981
2101 2982
378 2983
2394 2984
715 2985
202 2986
2640 2987
1886 2988
530 2989
595 2990
870 2991
1995 2992
1069 2993
97 2994
449 2995
648 2996
2686 2997
1078 2998
605 2999
1911 3000
1304 3001
1372 3002
2163 3003
1802 3004
1528 3005
838 3006
1878 3007
589 3008
1590 3009
1151 3010
859 3011
311 3012
2243 3013
2905 3014
2168 3015
1440 3016
1325 3017
2020 3018
1132 3019
519 3020
345 3021
1745 3022
2577 3023
186 3024
634 3025
878 3026
2849 3027
1590 3028
940 3029
932 3030
2245 3031
417 3032
991 3033
1668 3034
2229 3035
914 3036
426 3037
885 3038
2059 3039
2830 3040
2532 3041
1455 3042
2642 3043
915 3044
954 3045
2013 3046
1483 3047
1146 3048
1472 3049
65 3050
2633 3051
161 3052
2951 3053
31 3054
340 3055
2774 3056
2210 3057
2065 3058
1655 3059
382 3060
411 3061
2203 3062
946 3063
207 3064
2020 3065
2251 3066
406 3067
486 3068
2431 3069
2308 3070
159 3071
189 3072
2179 3073
1751 3074
1386 3075
1071 3076
2022 3077
1953 3078
2245 3079
1196 3080
956 3081
2414 3082
2665 3083
2741 3084
1431 3085
1785 3086
627 3087
2336 3088
322 3089
884 3090
2370 3091
637 3092
1458 3093
2957 3094
1085 3095
1617 3096
1908 3097
2390 3098
2213 3099
17 3100
1329 3101
1963 3102
2977 3103
3097 3104
1875 3105
637 3106
2869 3107
1284 3108
1233 3109
176 3110
2357 3111
1432 3112
2167 3113
1956 3114
1461 3115
2110 3116
976 3117
2475 3118
1053 3119
2133 3120
2237 3121
3114 3122
2127 3123
939 3124
1069 3125
2801 3126
1661 3127
153 3128
119 3129
807 3130
107 3131
1426 3132
694 3133
2902 3134
659 3135
2245 3136
1174 3137
59 3138
1984 3139
840 3140
639 3141
2773 3142
1994 3143
400 3144
3133 3145
1498 3146
2576 3147
3131 3148
1328 3149
605 3150
936 3151
2364 3152
2083 3153
910 3154
1825 3155
1172 3156
447 3157
125 3158
1134 3159
1226 3160
195 3161
2168 3162
1130 3163
2072 3164
1840 3165
2006 3166
256 3167
2916 3168
1841 3169
2298 3170
566 3171
1891 3172
341 3173
1970 3174
652 3175
1167 3176
2817 3177
1240 3178
1792 3179
1673 3180
2582 3181
2096 3182
2197 3183
1405 3184
1391 3185
2352 3186
3126 3187
2729 3188
1744 3189
52 3190
1721 3191
1509 3192
1517 3193
678 3194
282 3195
261 3196
2910 3197
678 3198
2320 3199
2695 3200
82 3201
2933 3202
732 3203
1493 3204
185 3205
2315 3206
916 3207
1462 3208
248 3209
1695 3210
677 3211
1526 3212
2556 3213
2213 3214
1330 3215
378 3216
3052 3217
552 3218
2976 3219
3141 3220
2295 3221
2022 3222
47 3223
1142 3224
995 3225
72 3226
2069 3227
2543 3228
313 3229
1209 3230
2982 3231
3146 3232
2960 3233
2863 3234
1330 3235
1423 3236
2019 3237
3061 3238
131 3239
1606 3240
2631 3241
849 3242
2883 3243
2893 3244
175 3245
2229 3246
2675 3247
2831 3248
2039 3249
21 3250
2294 3251
2696 3252
1805 3253
362 3254
1058 3255
1824 3256
462 3257
2564 3258
2163 3259
366 3260
1642 3261
3096 3262
1459 3263
2021 3264
657 3265
2608 3266
2933 3267
2823 3268
3189 3269
2989 3270
2869 3271
172 3272
753 3273
3039 3274
984 3275
881 3276
2353 3277
2014 3278
2438 3279
1201 3280
2951 3281
3167 3282
3059 3283
2842 3284
2127 3285
1058 3286
2501 3287
736 3288
1759 3289
1016 3290
3098 3291
2408 3292
454 3293
1099 3294
118 3295
911 3296
2430 3297
2903 3298
2169 3299
2173 3300
1668 3301
1349 3302
1746 3303
2375 3304
2638 3305
940 3306
1045 3307
1215 3308
261 3309
3210 3310
784 3311
209 3312
2519 3313
2591 3314
1470 3315
758 3316
539 3317
1194 3318
1293 3319
2848 3320
2261 3321
2343 3322
1395 3323
2477 3324
2287 3325
508 3326
2384 3327
1525 3328
455 3329
3156 3330
39 3331
1475 3332
2820 3333
2043 3334
3235 3335
2010 3336
2558 3337
586 3338
3070 3339
1604 3340
659 3341
3275 3342
3082 3343
766 3344
1768 3345
1039 3346
311 3347
2503 3348
667 3349
3040 3350
1198 3351
1914 3352
799 3353
2855 3354
1715 3355
301 3356
2051 3357
1979 3358
1634 3359
1708 3360
175 3361
1561 3362
1176 3363
1958 3364
135 3365
2386 3366
498 3367
820 3368
2865 3369
2207 3370
2675 3371
2343 3372
2223 3373
220 3374
986 3375
552 3376
251 3377
1040 3378
1966 3379
2316 3380
804 3381
756 3382
1899 3383
1102 3384
1185 3385
779 3386
1040 3387
476 3388
866 3389
1765 3390
2916 3391
1528 3392
179 3393
2227 3394
964 3395
3022 3396
1081 3397
2311 3398
2463 3399
905 3400
1576 3401
1569 3402
3380 3403
729 3404
2254 3405
2446 3406
581 3407
2930 3408
2168 3409
1866 3410
298 3411
2138 3412
3341 3413
1491 3414
1369 3415
91 3416
1262 3417
224 3418
2356 3419
98 3420
23 3421
2355 3422
2791 3423
794 3424
462 3425
1842 3426
880 3427
353 3428
3410 3429
2346 3430
131 3431
203 3432
679 3433
1025 3434
2178 3435
816 3436
1202 3437
688 3438
2577 3439
2684 3440
2924 3441
550 3442
3134 3443
158 3444
1145 3445
650 3446
1754 3447
1375 3448
581 3449
419 3450
769 3451
272 3452
3282 3453
846 3454
2173 3455
1082 3456
3220 3457
2895 3458
1134 3459
2268 3460
2497 3461
1608 3462
3409 3463
2633 3464
3378 3465
902 3466
650 3467
1508 3468
3203 3469
1196 3470
3338 3471
297 3472
1940 3473
2755 3474
1010 3475
1505 3476
1473 3477
2128 3478
596 3479
1132 3480
2583 3481
2809 3482
998 3483
3385 3484
1959 3485
3451 3486
1471 3487
260 3488
1699 3489
2777 3490
1542 3491
2536 3492
210 3493
1208 3494
2835 3495
1274 3496
2676 3497
3060 3498
723 3499
509 3500
1504 3501
256 3502
140 3503
2079 3504
2476 3505
2283 3506
1746 3507
1617 3508
103 3509
1534 3510
1549 3511
2185 3512
861 3513
1379 3514
3061 3515
1192 3516
1303 3517
3069 3518
2098 3519
1780 3520
3 3521
690 3522
2012 3523
2534 3524
3096 3525
2896 3526
3193 3527
2432 3528
3097 3529
2596 3530
3052 3531
1153 3532
2046 3533
783 3534
3143 3535
726 3536
2218 3537
1062 3538
2448 3539
3408 3540
11 3541
1162 3542
1515 3543
861 3544
2097 3545
1190 3546
3210 3547
3527 3548
2799 3549
3037 3550
1523 3551
1789 3552
2294 3553
2915 3554
1446 3555
391 3556
2573 3557
2179 3558
672 3559
486 3560
2169 3561
2687 3562
848 3563
280 3564
2724 3565
585 3566
2839 3567
468 3568
2167 3569
2985 3570
3044 3571
2774 3572
843 3573
347 3574
173 3575
1826 3576
2593 3577
1040 3578
1174 3579
525 3580
1661 3581
1860 3582
3226 3583
2339 3584
555 3585
1376 3586
1833 3587
2916 3588
1790 3589
97 3590
2157 3591
970 3592
721 3593
2578 3594
3098 3595
2044 3596
1132 3597
1552 3598
147 3599
1298 3600
3227 3601
459 3602
155 3603
3288 3604
2333 3605
3162 3606
1580 3607
2148 3608
3284 3609
118 3610
536 3611
667 3612
731 3613
1334 3614
2151 3615
3095 3616
2392 3617
3597 3618
1002 3619
2824 3620
486 3621
1951 3622
474 3623
818 3624
135 3625
3371 3626
208 3627
3194 3628
2978 3629
3 3630
2829 3631
2334 3632
1541 3633
2436 3634
1413 3635
2147 3636
362 3637
252 3638
3502 3639
3426 3640
1081 3641
332 3642
2173 3643
3307 3644
496 3645
1601 3646
1745 3647
169 3648
508 3649
1265 3650
1260 3651
2195 3652
1496 3653
156 3654
2166 3655
3476 3656
1834 3657
3379 3658
2821 3659
1061 3660
1365 3661
1212 3662
1547 3663
584 3664
976 3665
952 3666
2648 3667
2642 3668
2102 3669
3194 3670
651 3671
1459 3672
340 3673
3438 3674
2565 3675
1623 3676
3419 3677
2692 3678
3584 3679
3010 3680
3550 3681
2258 3682
486 3683
2946 3684
1363 3685
284 3686
1590 3687
767 3688
3432 3689
703 3690
3153 3691
899 3692
1541 3693
1630 3694
66 3695
2926 3696
716 3697
2399 3698
59 3699
1258 3700
3272 3701
3134 3702
1108 3703
3234 3704
985 3705
798 3706
1259 3707
3492 3708
3634 3709
1169 3710
3636 3711
3424 3712
2586 3713
2545 3714
2422 3715
1024 3716
2395 3717
2621 3718
1675 3719
718 3720
2729 3721
1947 3722
3094 3723
1967 3724
3294 3725
374 3726
2888 3727
3358 3728
3262 3729
583 3730
335 3731
3360 3732
2670 3733
2405 3734
1923 3735
849 3736
660 3737
808 3738
3166 3739
2955 3740
661 3741
3682 3742
10 3743
1273 3744
1385 3745
3703 3746
2271 3747
1894 3748
435 3749
3192 3750
401 3751
2195 3752
3152 3753
3305 3754
2755 3755
3033 3756
2924 3757
2749 3758
1281 3759
2632 3760
1312 3761
3080 3762
1028 3763
55 3764
1687 3765
3630 3766
697 3767
2025 3768
3106 3769
2640 3770
1173 3771
822 3772
2084 3773
1353 3774
2779 3775
2557 3776
1464 3777
2710 3778
2030 3779
3220 3780
1489 3781
1978 3782
3091 3783
2541 3784
2364 3785
1426 3786
2545 3787
3022 3788
2177 3789
3461 3790
1874 3791
753 3792
3067 3793
2515 3794
1284 3795
2790 3796
156 3797
1342 3798
1818 3799
2057 3800
2623 3801
2955 3802
2741 3803
3404 3804
2877 3805
3665 3806
1739 3807
2968 3808
1546 3809
3445 3810
460 3811
3617 3812
194 3813
159 3814
2446 3815
1486 3816
3625 3817
3010 3818
6 3819
69 3820
123 3821
2784 3822
1263 3823
3125 3824
2927 3825
2747 3826
634 3827
2029 3828
3110 3829
1530 3830
802 3831
3404 3832
470 3833
996 3834
2147 3835
2879 3836
167 3837
3604 3838
14 3839
943 3840
2225 3841
3633 3842
2422 3843
3247 3844
1400 3845
2189 3846
285 3847
344 3848
2663 3849
2919 3850
806 3851
3363 3852
3543 3853
738 3854
1863 3855
2131 3856
3185 3857
264 3858
2005 3859
3808 3860
2882 3861
2638 3862
495 3863
2701 3864
1769 3865
3320 3866
2956 3867
1512 3868
2067 3869
1063 3870
1303 3871
2005 3872
2386 3873
2125 3874
1023 3875
1399 3876
1518 3877
2672 3878
70 3879
612 3880
1919 3881
3865 3882
736 3883
1593 3884
1412 3885
3090 3886
1268 3887
2974 3888
292 3889
265 3890
1945 3891
83 3892
2534 3893
2113 3894
3783 3895
68 3896
1317 3897
1868 3898
2906 3899
2992 3900
1113 3901
2733 3902
728 3903
590 3904
2825 3905
1645 3906
800 3907
1287 3908
2839 3909
3503 3910
1002 3911
144 3912
3649 3913
3080 3914
1305 3915
3063 3916
1657 3917
2427 3918
3786 3919
856 3920
2201 3921
1486 3922
2503 3923
902 3924
1755 3925
2628 3926
3369 3927
3020 3928
3542 3929
1756 3930
3353 3931
1714 3932
798 3933
2858 3934
1900 3935
3842 3936
3100 3937
3690 3938
2811 3939
3488 3940
2760 3941
3367 3942
3062 3943
2615 3944
3346 3945
2099 3946
1943 3947
352 3948
3380 3949
1966 3950
2642 3951
2458 3952
1697 3953
139 3954
631 3955
288 3956
3709 3957
3941 3958
3401 3959
280 3960
110 3961
3562 3962
1362 3963
21 3964
3070 3965
2351 3966
1182 3967
924 3968
3795 3969
578 3970
1762 3971
1347 3972
1810 3973
618 3974
3391 3975
158 3976
1381 3977
3437 3978
373 3979
1690 3980
2600 3981
1300 3982
2119 3983
2032 3984
1387 3985
2356 3986
1397 3987
2624 3988
2372 3989
2481 3990
1376 3991
2468 3992
2146 3993
1069 3994
3578 3995
2982 3996
2847 3997
1375 3998
3497 3999
1741 4000
2895 4001
3837 4002
2167 4003
3915 4004
1943 4005
3310 4006
3372 4007
3186 4008
3460 4009
1066 4010
853 4011
1477 4012
3486 4013
255 4014
1237 4015
1136 4016
3557 4017
3643 4018
3868 4019
1530 4020
1488 4021
1764 4022
218 4023
1239 4024
1169 4025
2154 4026
3133 4027
187 4028
1412 4029
3759 4030
3235 4031
3281 4032
438 4033
1351 4034
2426 4035
2808 4036
169 4037
2178 4038
3801 4039
1040 4040
469 4041
2255 4042
1713 4043
2483 4044
1172 4045
3455 4046
2144 4047
1907 4048
1059 4049
3620 4050
3883 4051
1461 4052
349 4053
401 4054
1622 4055
3389 4056
58 4057
3793 4058
2794 4059
1952 4060
768 4061
3739 4062
3022 4063
2472 4064
1540 4065
1020 4066
1973 4067
837 4068
1188 4069
1545 4070
731 4071
2785 4072
3649 4073
3248 4074
2022 4075
106 4076
2166 4077
3132 4078
114 4079
1083 4080
1868 4081
3649 4082
3043 4083
2317 4084
2331 4085
2630 4086
2002 4087
374 4088
2863 4089
1105 4090
2478 4091
1895 4092
3915 4093
3196 4094
3789 4095
3777 4096
2565 4097
193 4098
1770 4099
1500 4100
445 4101
610 4102
2183 4103
2972 4104
2431 4105
3960 4106
1412 4107
1730 4108
1555 4109
1588 4110
320 4111
2547 4112
1282 4113
1625 4114
1073 4115
1116 4116
2427 4117
2490 4118
1520 4119
2706 4120
3139 4121
1837 4122
3769 4123
1807 4124
50 4125
2556 4126
1347 4127
1577 4128
756 4129
97 4130
1158 4131
1526 4132
3318 4133
1867 4134
2359 4135
150 4136
2796 4137
4095 4138
3564 4139
1200 4140
2219 4141
2934 4142
172 4143
2211 4144
1437 4145
1731 4146
2731 4147
2038 4148
3125 4149
483 4150
1978 4151
1109 4152
2885 4153
2317 4154
2657 4155
3575 4156
2095 4157
3888 4158
1942 4159
1862 4160
1554 4161
618 4162
854 4163
1312 4164
419 4165
1104 4166
634 4167
10 4168
2004 4169
2897 4170
1520 4171
2911 4172
3040 4173
319 4174
3608 4175
1099 4176
2604 4177
3613 4178
4115 4179
1569 4180
780 4181
3764 4182
2384 4183
3330 4184
2152 4185
2991 4186
651 4187
2239 4188
2824 4189
342 4190
721 4191
2745 4192
218 4193
411 4194
3778 4195
2941 4196
3149 4197
1499 4198
2752 4199
690 4200
3470 4201
4181 4202
424 4203
1129 4204
1498 4205
4104 4206
1571 4207
3936 4208
1587 4209
545 4210
260 4211
3081 4212
1150 4213
2107 4214
2948 4215
914 4216
3421 4217
4094 4218
2664 4219
989 4220
2901 4221
1162 4222
3299 4223
4068 4224
1032 4225
2989 4226
1730 4227
1857 4228
2379 4229
1021 4230
3797 4231
3464 4232
2940 4233
1167 4234
4069 4235
2191 4236
3581 4237
3731 4238
3231 4239
2196 4240
1945 4241
3215 4242
902 4243
1399 4244
1502 4245
1265 4246
25 4247
2906 4248
766 4249
2525 4250
3251 4251
3078 4252
2201 4253
4046 4254
24 4255
721 4256
936 4257
2626 4258
4140 4259
803 4260
397 4261
1281 4262
774 4263
2914 4264
3048 4265
3191 4266
1630 4267
2674 4268
954 4269
2499 4270
4013 4271
944 4272
668 4273
1014 4274
3626 4275
1063 4276
898 4277
1412 4278
2143 4279
3107 4280
3270 4281
3329 4282
358 4283
3063 4284
867 4285
1574 4286
2614 4287
2397 4288
2612 4289
1532 4290
2125 4291
4119 4292
2879 4293
3764 4294
4082 4295
1597 4296
2632 4297
3729 4298
1958 4299
119 4300
2405 4301
2698 4302
1943 4303
2404 4304
884 4305
3779 4306
113 4307
1125 4308
3912 4309
1274 4310
3993 4311
4083 4312
3254 4313
1484 4314
2307 4315
3105 4316
1947 4317
4040 4318
666 4319
3154 4320
2846 4321
1966 4322
2438 4323
1287 4324
3312 4325
4211 4326
2373 4327
3771 4328
3570 4329
983 4330
1348 4331
1077 4332
829 4333
961 4334
3337 4335
1380 4336
326 4337
765 4338
1516 4339
1417 4340
54 4341
1157 4342
3580 4343
4282 4344
871 4345
3414 4346
3757 4347
2381 4348
381 4349
1651 4350
2543 4351
1753 4352
1842 4353
1082 4354
2634 4355
1613 4356
519 4357
2475 4358
3567 4359
1590 4360
4023 4361
3885 4362
4319 4363
3225 4364
2162 4365
2150 4366
4345 4367
1479 4368
3974 4369
530 4370
1424 4371
996 4372
2392 4373
2464 4374
279 4375
537 4376
286 4377
1619 4378
3312 4379
580 4380
224 4381
1285 4382
1582 4383
4218 4384
3021 4385
238 4386
3450 4387
4157 4388
3431 4389
1764 4390
267 4391
891 4392
2104 4393
2600 4394
2779 4395
3451 4396
3267 4397
3482 4398
610 4399
126 4400
4271 4401
3501 4402
498 4403
3413 4404
1875 4405
151 4406
2172 4407
96 4408
177 4409
4392 4410
1400 4411
2055 4412
3293 4413
2197 4414
3410 4415
63 4416
2886 4417
1968 4418
2380 4419
710 4420
1662 4421
4217 4422
1732 4423
458 4424
60 4425
648 4426
2975 4427
1827 4428
544 4429
2926 4430
3730 4431
4155 4432
1044 4433
4076 4434
3830 4435
2353 4436
2422 4437
4231 4438
560 4439
2127 4440
1198 4441
278 4442
808 4443
2630 4444
3455 4445
3453 4446
3902 4447
1808 4448
2444 4449
1702 4450
4172 4451
3243 4452
974 4453
2881 4454
511 4455
2462 4456
1467 4457
3886 4458
3316 4459
3626 4460
3571 4461
1964 4462
1212 4463
537 4464
4030 4465
3094 4466
2479 4467
3098 4468
3061 4469
1741 4470
1525 4471
2055 4472
3682 4473
4466 4474
3980 4475
3061 4476
340 4477
2231 4478
3341 4479
4036 4480
1023 4481
344 4482
1676 4483
2372 4484
2352 4485
2167 4486
1597 4487
2664 4488
3364 4489
2658 4490
3536 4491
1306 4492
2186 4493
3692 4494
2521 4495
2264 4496
1537 4497
2242 4498
3719 4499
2152 4500
1514 4501
2928 4502
2691 4503
2377 4504
420 4505
4343 4506
1461 4507
1068 4508
4128 4509
348 4510
3225 4511
379 4512
1628 4513
1478 4514
712 4515
3088 4516
3887 4517
1628 4518
2737 4519
3465 4520
2302 4521
2476 4522
4206 4523
2007 4524
1856 4525
1189 4526
1647 4527
2473 4528
4157 4529
815 4530
2175 4531
3399 4532
2741 4533
3790 4534
1245 4535
3148 4536
4430 4537
3622 4538
4422 4539
1886 4540
1084 4541
1323 4542
4326 4543
1901 4544
197 4545
733 4546
3242 4547
648 4548
3003 4549
3909 4550
795 4551
1856 4552
3539 4553
1612 4554
3362 4555
1961 4556
1826 4557
4454 4558
3442 4559
1809 4560
2728 4561
2352 4562
1509 4563
2208 4564
2470 4565
4565 4566
1092 4567
1384 4568
1733 4569
1457 4570
2939 4571
260 4572
1500 4573
659 4574
1765 4575
3658 4576
3953 4577
3358 4578
2125 4579
1790 4580
3528 4581
1802 4582
2696 4583
4178 4584
1332 4585
2710 4586
3230 4587
4301 4588
3525 4589
3735 4590
4366 4591
4065 4592
529 4593
1196 4594
823 4595
2290 4596
3514 4597
261 4598
2294 4599
2792 4600
3663 4601
194 4602
4600 4603
3732 4604
3678 4605
785 4606
1926 4607
1780 4608
2944 4609
1180 4610
148 4611
2541 4612
2083 4613
1603 4614
1535 4615
1767 4616
1813 4617
3849 4618
598 4619
2666 4620
1775 4621
825 4622
1811 4623
532 4624
223 4625
3191 4626
4525 4627
3918 4628
4102 4629
810 4630
1477 4631
3623 4632
3463 4633
1373 4634
1398 4635
4627 4636
251 4637
668 4638
1425 4639
424 4640
4524 4641
30 4642
1146 4643
1939 4644
2095 4645
1076 4646
3534 4647
2801 4648
4634 4649
552 4650
1782 4651
1296 4652
2911 4653
351 4654
874 4655
3736 4656
2489 4657
2822 4658
948 4659
4498 4660
214 4661
2210 4662
2876 4663
209 4664
1418 4665
4129 4666
341 4667
1133 4668
3292 4669
1879 4670
2405 4671
2989 4672
3441 4673
1070 4674
4469 4675
4649 4676
1588 4677
4489 4678
3092 4679
1587 4680
3790 4681
1036 4682
3987 4683
734 4684
441 4685
1787 4686
551 4687
449 4688
177 4689
3517 4690
2716 4691
3003 4692
1547 4693
538 4694
150 4695
4224 4696
21 4697
2726 4698
3523 4699
1331 4700
952 4701
824 4702
2934 4703
3522 4704
1458 4705
362 4706
736 4707
2677 4708
860 4709
3757 4710
1856 4711
2061 4712
2898 4713
749 4714
1689 4715
2553 4716
1086 4717
3724 4718
605 4719
825 4720
1949 4721
4103 4722
3134 4723
631 4724
667 4725
516 4726
2159 4727
366 4728
244 4729
359 4730
1356 4731
675 4732
1147 4733
3753 4734
1399 4735
3688 4736
625 4737
3595 4738
879 4739
1731 4740
3034 4741
769 4742
4316 4743
2927 4744
1559 4745
4656 4746
1775 4747
202 4748
2976 4749
3150 4750
3876 4751
1947 4752
2492 4753
1349 4754
638 4755
1186 4756
2509 4757
1894 4758
2597 4759
821 4760
3621 4761
177 4762
3888 4763
898 4764
1653 4765
2322 4766
4187 4767
3658 4768
374 4769
3952 4770
1997 4771
3305 4772
2178 4773
2347 4774
1755 4775
492 4776
2696 4777
2646 4778
1997 4779
321 4780
4310 4781
2968 4782
1097 4783
1063 4784
704 4785
4344 4786
2204 4787
1107 4788
2095 4789
298 4790
3479 4791
957 4792
2691 4793
3923 4794
2163 4795
268 4796
704 4797
4238 4798
2170 4799
685 4800
3441 4801
1638 4802
2065 4803
223 4804
4059 4805
3656 4806
4638 4807
3235 4808
1910 4809
3905 4810
4649 4811
3292 4812
1337 4813
2276 4814
2148 4815
4002 4816
4808 4817
4038 4818
1876 4819
4454 4820
30 4821
817 4822
448 4823
3687 4824
4319 4825
4583 4826
1010 4827
1294 4828
1446 4829
1158 4830
670 4831
2091 4832
3884 4833
3277 4834
1744 4835
1071 4836
1819 4837
4185 4838
1645 4839
1866 4840
3494 4841
3315 4842
2704 4843
4248 4844
1146 4845
1601 4846
3194 4847
740 4848
1489 4849
4240 4850
1930 4851
1268 4852
2247 4853
3656 4854
1136 4855
2005 4856
4001 4857
674 4858
1090 4859
3092 4860
4323 4861
353 4862
1183 4863
4286 4864
4535 4865
3427 4866
1356 4867
1944 4868
4730 4869
4473 4870
1117 4871
723 4872
4851 4873
4439 4874
2039 4875
4841 4876
3717 4877
534 4878
4371 4879
2852 4880
799 4881
1042 4882
2740 4883
3591 4884
4329 4885
1248 4886
2670 4887
909 4888
1223 4889
418 4890
4102 4891
2432 4892
4199 4893
3669 4894
2612 4895
2087 4896
143 4897
2322 4898
2069 4899
3745 4900
4884 4901
1210 4902
3526 4903
3859 4904
1164 4905
3426 4906
4443 4907
1068 4908
2614 4909
11 4910
1703 4911
3342 4912
602 4913
2563 4914
308 4915
3463 4916
177 4917
3711 4918
127 4919
4855 4920
138 4921
1632 4922
4501 4923
3346 4924
3722 4925
3916 4926
1802 4927
2780 4928
574 4929
3669 4930
159 4931
3617 4932
4454 4933
59 4934
3397 4935
582 4936
1448 4937
2751 4938
4726 4939
162 4940
1781 4941
3576 4942
138 4943
1226 4944
2517 4945
2475 4946
1607 4947
2702 4948
3411 4949
1123 4950
884 4951
1365 4952
4191 4953
2203 4954
718 4955
201 4956
3143 4957
4797 4958
4443 4959
1644 4960
3308 4961
3377 4962
4152 4963
2673 4964
3101 4965
4559 4966
4121 4967
4521 4968
498 4969
605 4970
4421 4971
3751 4972
4409 4973
243 4974
4825 4975
2076 4976
3506 4977
2101 4978
2419 4979
3517 4980
4610 4981
524 4982
422 4983
3689 4984
4660 4985
3384 4986
4353 4987
2986 4988
4602 4989
2616 4990
1174 4991
2115 4992
1149 4993
3726 4994
2026 4995
1661 4996
2805 4997
4434 4998
2139 4999
2043 5000
