1 2
2 3
2 4
3 5
2 6
3 7
3 8
4 9
1 10
8 11
11 12
6 13
6 14
3 15
2 16
8 17
1 18
11 19
8 20
2 21
7 22
9 23
5 24
19 25
12 26
5 27
23 28
19 29
12 30
7 31
15 32
2 33
24 34
17 35
26 36
27 37
14 38
5 39
12 40
31 41
5 42
42 43
10 44
44 45
18 46
26 47
7 48
45 49
25 50
14 51
14 52
50 53
33 54
24 55
11 56
53 57
5 58
32 59
49 60
48 61
17 62
29 63
52 64
8 65
46 66
34 67
42 68
61 69
18 70
51 71
60 72
70 73
54 74
38 75
53 76
1 77
12 78
3 79
67 80
66 81
49 82
79 83
76 84
58 85
77 86
81 87
59 88
11 89
20 90
79 91
5 92
62 93
76 94
55 95
79 96
44 97
5 98
22 99
53 100
47 101
20 102
75 103
73 104
8 105
46 106
51 107
89 108
14 109
7 110
30 111
82 112
24 113
103 114
61 115
52 116
113 117
112 118
43 119
45 120
9 121
33 122
104 123
114 124
80 125
33 126
31 127
32 128
64 129
20 130
34 131
38 132
29 133
8 134
123 135
88 136
54 137
86 138
2 139
115 140
74 141
58 142
49 143
131 144
60 145
129 146
74 147
16 148
46 149
113 150
63 151
69 152
47 153
88 154
110 155
113 156
4 157
9 158
49 159
140 160
14 161
38 162
113 163
28 164
141 165
73 166
2 167
28 168
52 169
164 170
46 171
79 172
87 173
134 174
14 175
34 176
15 177
61 178
164 179
98 180
5 181
93 182
161 183
131 184
30 185
78 186
108 187
74 188
61 189
158 190
171 191
123 192
29 193
136 194
17 195
63 196
27 197
17 198
47 199
47 200
79 201
111 202
15 203
144 204
78 205
99 206
5 207
199 208
7 209
20 210
168 211
31 212
8 213
19 214
98 215
172 216
47 217
217 218
215 219
147 220
182 221
138 222
34 223
149 224
45 225
103 226
213 227
189 228
154 229
82 230
213 231
184 232
137 233
156 234
123 235
154 236
56 237
2 238
230 239
119 240
205 241
205 242
223 243
124 244
189 245
187 246
156 247
169 248
200 249
30 250
94 251
81 252
55 253
168 254
19 255
209 256
213 257
140 258
6 259
143 260
179 261
182 262
231 263
47 264
142 265
91 266
252 267
229 268
19 269
13 270
75 271
169 272
74 273
12 274
243 275
34 276
31 277
256 278
206 279
185 280
233 281
226 282
215 283
148 284
272 285
255 286
147 287
48 288
262 289
235 290
266 291
215 292
88 293
26 294
263 295
124 296
118 297
129 298
178 299
274 300
272 301
184 302
271 303
128 304
212 305
110 306
224 307
120 308
244 309
194 310
227 311
127 312
79 313
221 314
9 315
158 316
28 317
233 318
263 319
222 320
48 321
189 322
212 323
41 324
197 325
323 326
269 327
262 328
12 329
279 330
322 331
302 332
162 333
16 334
64 335
15 336
18 337
129 338
21 339
47 340
219 341
221 342
150 343
159 344
70 345
124 346
227 347
208 348
274 349
27 350
243 351
137 352
149 353
175 354
168 355
149 356
285 357
130 358
214 359
247 360
26 361
351 362
239 363
363 364
90 365
278 366
72 367
293 368
151 369
217 370
169 371
300 372
151 373
16 374
49 375
337 376
326 377
319 378
161 379
289 380
112 381
102 382
258 383
177 384
262 385
182 386
58 387
32 388
58 389
167 390
266 391
41 392
140 393
356 394
328 395
331 396
122 397
221 398
20 399
175 400
310 401
280 402
367 403
84 404
96 405
388 406
404 407
284 408
140 409
264 410
267 411
56 412
326 413
255 414
223 415
245 416
149 417
233 418
26 419
13 420
368 421
321 422
359 423
244 424
105 425
274 426
268 427
397 428
14 429
331 430
429 431
59 432
344 433
161 434
407 435
209 436
170 437
107 438
176 439
163 440
117 441
425 442
95 443
106 444
242 445
282 446
147 447
330 448
411 449
129 450
185 451
330 452
324 453
382 454
208 455
446 456
220 457
86 458
400 459
420 460
3 461
392 462
168 463
43 464
458 465
278 466
139 467
204 468
320 469
338 470
2 471
224 472
225 473
299 474
432 475
213 476
442 477
179 478
28 479
6 480
297 481
67 482
211 483
426 484
86 485
26 486
4 487
60 488
356 489
69 490
168 491
84 492
471 493
373 494
31 495
239 496
47 497
215 498
292 499
370 500
455 501
428 502
29 503
101 504
136 505
7 506
11 507
142 508
491 509
294 510
335 511
508 512
459 513
266 514
337 515
436 516
38 517
95 518
279 519
464 520
503 521
125 522
178 523
192 524
214 525
354 526
16 527
377 528
103 529
111 530
119 531
256 532
210 533
278 534
385 535
321 536
254 537
215 538
237 539
82 540
272 541
434 542
43 543
64 544
361 545
1 546
22 547
60 548
508 549
360 550
30 551
420 552
384 553
272 554
427 555
254 556
378 557
139 558
465 559
78 560
210 561
245 562
111 563
301 564
16 565
455 566
75 567
30 568
331 569
551 570
480 571
405 572
92 573
73 574
370 575
365 576
402 577
497 578
524 579
503 580
192 581
360 582
10 583
348 584
20 585
236 586
585 587
237 588
357 589
259 590
225 591
217 592
179 593
84 594
533 595
105 596
353 597
168 598
403 599
318 600
440 601
434 602
298 603
62 604
281 605
113 606
373 607
139 608
154 609
249 610
91 611
261 612
274 613
544 614
599 615
64 616
555 617
177 618
218 619
465 620
238 621
93 622
218 623
589 624
456 625
611 626
324 627
443 628
616 629
352 630
606 631
446 632
275 633
89 634
562 635
438 636
229 637
118 638
424 639
57 640
128 641
591 642
357 643
361 644
300 645
325 646
637 647
225 648
490 649
389 650
577 651
258 652
436 653
600 654
296 655
86 656
248 657
197 658
383 659
198 660
287 661
169 662
59 663
381 664
328 665
315 666
344 667
500 668
184 669
577 670
291 671
7 672
367 673
505 674
307 675
661 676
194 677
246 678
640 679
110 680
6 681
648 682
187 683
527 684
514 685
284 686
85 687
160 688
354 689
89 690
654 691
138 692
10 693
27 694
300 695
579 696
551 697
139 698
482 699
267 700
288 701
615 702
641 703
514 704
154 705
594 706
68 707
430 708
407 709
453 710
490 711
462 712
260 713
515 714
300 715
184 716
201 717
257 718
246 719
345 720
489 721
129 722
510 723
335 724
226 725
257 726
295 727
407 728
423 729
704 730
147 731
159 732
644 733
644 734
612 735
660 736
68 737
726 738
241 739
322 740
487 741
576 742
567 743
389 744
89 745
501 746
668 747
46 748
340 749
78 750
137 751
570 752
408 753
374 754
502 755
18 756
634 757
380 758
151 759
82 760
122 761
435 762
266 763
550 764
250 765
691 766
82 767
705 768
106 769
127 770
90 771
700 772
63 773
368 774
10 775
390 776
378 777
84 778
91 779
474 780
662 781
414 782
170 783
315 784
535 785
71 786
24 787
518 788
243 789
415 790
291 791
113 792
443 793
634 794
629 795
98 796
654 797
344 798
218 799
714 800
148 801
578 802
382 803
724 804
765 805
662 806
603 807
479 808
216 809
734 810
211 811
704 812
478 813
350 814
698 815
717 816
182 817
799 818
373 819
534 820
33 821
73 822
747 823
446 824
433 825
426 826
664 827
352 828
227 829
748 830
404 831
817 832
405 833
2 834
495 835
646 836
420 837
108 838
40 839
290 840
5 841
591 842
608 843
47 844
96 845
161 846
140 847
256 848
355 849
726 850
666 851
199 852
288 853
788 854
139 855
495 856
690 857
756 858
5 859
304 860
568 861
617 862
286 863
846 864
277 865
497 866
398 867
362 868
127 869
122 870
87 871
773 872
348 873
109 874
291 875
600 876
607 877
257 878
159 879
714 880
462 881
633 882
768 883
247 884
64 885
453 886
882 887
569 888
728 889
140 890
527 891
654 892
317 893
283 894
779 895
128 896
793 897
594 898
854 899
609 900
801 901
645 902
648 903
727 904
255 905
731 906
200 907
689 908
107 909
383 910
55 911
265 912
405 913
227 914
883 915
741 916
498 917
397 918
218 919
483 920
205 921
26 922
433 923
23 924
285 925
480 926
183 927
394 928
326 929
426 930
157 931
790 932
799 933
203 934
382 935
833 936
56 937
177 938
536 939
640 940
568 941
793 942
318 943
905 944
367 945
41 946
658 947
382 948
459 949
271 950
149 951
437 952
688 953
105 954
568 955
720 956
747 957
923 958
180 959
82 960
409 961
101 962
838 963
823 964
193 965
29 966
854 967
721 968
710 969
331 970
496 971
745 972
835 973
320 974
192 975
532 976
466 977
258 978
145 979
573 980
593 981
734 982
808 983
189 984
863 985
209 986
13 987
607 988
649 989
202 990
691 991
510 992
462 993
931 994
841 995
779 996
197 997
683 998
707 999
582 1000
977 1001
910 1002
728 1003
88 1004
240 1005
722 1006
601 1007
615 1008
133 1009
653 1010
394 1011
937 1012
703 1013
610 1014
583 1015
947 1016
714 1017
537 1018
401 1019
317 1020
283 1021
734 1022
612 1023
463 1024
912 1025
496 1026
458 1027
805 1028
881 1029
549 1030
542 1031
72 1032
791 1033
411 1034
411 1035
853 1036
251 1037
28 1038
616 1039
896 1040
708 1041
767 1042
671 1043
90 1044
87 1045
1019 1046
455 1047
839 1048
775 1049
156 1050
216 1051
537 1052
764 1053
459 1054
503 1055
167 1056
419 1057
4 1058
775 1059
908 1060
693 1061
848 1062
410 1063
1021 1064
333 1065
444 1066
120 1067
520 1068
946 1069
177 1070
1018 1071
147 1072
576 1073
149 1074
845 1075
297 1076
253 1077
1065 1078
149 1079
309 1080
934 1081
535 1082
694 1083
366 1084
94 1085
473 1086
909 1087
540 1088
4 1089
571 1090
547 1091
140 1092
149 1093
367 1094
676 1095
136 1096
979 1097
633 1098
164 1099
874 1100
725 1101
516 1102
858 1103
521 1104
961 1105
796 1106
333 1107
480 1108
642 1109
1013 1110
1078 1111
578 1112
9 1113
826 1114
251 1115
1098 1116
601 1117
495 1118
722 1119
202 1120
757 1121
782 1122
744 1123
964 1124
622 1125
619 1126
129 1127
524 1128
1110 1129
1051 1130
84 1131
315 1132
645 1133
711 1134
992 1135
624 1136
605 1137
847 1138
444 1139
941 1140
1080 1141
433 1142
328 1143
970 1144
337 1145
331 1146
407 1147
914 1148
55 1149
1092 1150
583 1151
645 1152
825 1153
976 1154
422 1155
163 1156
865 1157
985 1158
939 1159
150 1160
1137 1161
1142 1162
1016 1163
849 1164
1022 1165
510 1166
551 1167
473 1168
169 1169
971 1170
301 1171
586 1172
317 1173
201 1174
382 1175
153 1176
108 1177
929 1178
734 1179
277 1180
993 1181
550 1182
417 1183
919 1184
51 1185
1103 1186
554 1187
207 1188
399 1189
613 1190
632 1191
521 1192
679 1193
1098 1194
326 1195
1026 1196
31 1197
769 1198
850 1199
112 1200
927 1201
95 1202
1112 1203
551 1204
919 1205
469 1206
901 1207
353 1208
279 1209
972 1210
1148 1211
425 1212
115 1213
831 1214
440 1215
465 1216
288 1217
876 1218
249 1219
60 1220
832 1221
311 1222
1052 1223
468 1224
1087 1225
462 1226
196 1227
430 1228
444 1229
960 1230
481 1231
832 1232
1153 1233
946 1234
561 1235
88 1236
277 1237
591 1238
1196 1239
162 1240
703 1241
637 1242
809 1243
616 1244
523 1245
358 1246
1068 1247
678 1248
161 1249
964 1250
276 1251
499 1252
1022 1253
504 1254
499 1255
801 1256
1005 1257
935 1258
723 1259
354 1260
1015 1261
314 1262
168 1263
1181 1264
1101 1265
1107 1266
1111 1267
1150 1268
1127 1269
994 1270
383 1271
734 1272
550 1273
889 1274
158 1275
525 1276
259 1277
974 1278
355 1279
353 1280
752 1281
315 1282
846 1283
667 1284
457 1285
748 1286
750 1287
1257 1288
1078 1289
149 1290
38 1291
577 1292
588 1293
896 1294
539 1295
998 1296
387 1297
1287 1298
706 1299
538 1300
1268 1301
529 1302
69 1303
1093 1304
814 1305
34 1306
629 1307
242 1308
1145 1309
452 1310
285 1311
73 1312
426 1313
887 1314
316 1315
1237 1316
954 1317
737 1318
684 1319
365 1320
466 1321
577 1322
987 1323
900 1324
1151 1325
539 1326
1156 1327
34 1328
1204 1329
247 1330
774 1331
457 1332
794 1333
1222 1334
797 1335
589 1336
166 1337
970 1338
777 1339
146 1340
365 1341
753 1342
6 1343
1204 1344
454 1345
630 1346
666 1347
246 1348
1183 1349
853 1350
969 1351
1066 1352
214 1353
162 1354
778 1355
455 1356
21 1357
113 1358
93 1359
206 1360
629 1361
793 1362
391 1363
1105 1364
815 1365
769 1366
796 1367
366 1368
1021 1369
113 1370
983 1371
877 1372
19 1373
1045 1374
18 1375
751 1376
491 1377
1334 1378
30 1379
582 1380
1137 1381
1215 1382
1094 1383
1315 1384
786 1385
593 1386
1029 1387
1084 1388
911 1389
967 1390
563 1391
133 1392
1014 1393
759 1394
905 1395
874 1396
1266 1397
54 1398
729 1399
550 1400
182 1401
9 1402
178 1403
790 1404
205 1405
1010 1406
750 1407
10 1408
268 1409
501 1410
481 1411
749 1412
343 1413
770 1414
478 1415
1369 1416
397 1417
64 1418
340 1419
1194 1420
674 1421
191 1422
1265 1423
1393 1424
635 1425
907 1426
850 1427
1196 1428
1340 1429
744 1430
738 1431
675 1432
411 1433
1359 1434
159 1435
389 1436
1328 1437
485 1438
231 1439
804 1440
671 1441
1241 1442
1272 1443
593 1444
877 1445
400 1446
1089 1447
887 1448
742 1449
403 1450
1410 1451
1215 1452
636 1453
926 1454
1064 1455
102 1456
1276 1457
460 1458
1377 1459
756 1460
1042 1461
665 1462
217 1463
172 1464
215 1465
1340 1466
924 1467
594 1468
133 1469
1418 1470
823 1471
1186 1472
646 1473
580 1474
101 1475
58 1476
80 1477
1342 1478
486 1479
588 1480
1091 1481
927 1482
138 1483
874 1484
781 1485
60 1486
584 1487
1451 1488
671 1489
1456 1490
1456 1491
513 1492
1070 1493
1225 1494
328 1495
1264 1496
200 1497
553 1498
470 1499
1236 1500
1459 1501
114 1502
930 1503
819 1504
357 1505
661 1506
1069 1507
1159 1508
367 1509
137 1510
452 1511
389 1512
1179 1513
1298 1514
1493 1515
499 1516
1246 1517
288 1518
959 1519
1282 1520
1304 1521
1089 1522
388 1523
607 1524
842 1525
1072 1526
1344 1527
933 1528
346 1529
11 1530
1020 1531
645 1532
423 1533
1063 1534
22 1535
1251 1536
1343 1537
528 1538
1036 1539
719 1540
1055 1541
370 1542
199 1543
1519 1544
1188 1545
1200 1546
646 1547
1040 1548
935 1549
667 1550
1018 1551
608 1552
1020 1553
590 1554
1390 1555
251 1556
1398 1557
1349 1558
1104 1559
746 1560
1528 1561
228 1562
981 1563
650 1564
1292 1565
139 1566
1552 1567
962 1568
663 1569
772 1570
160 1571
1014 1572
721 1573
764 1574
1061 1575
620 1576
1550 1577
566 1578
1112 1579
554 1580
981 1581
698 1582
270 1583
963 1584
1510 1585
1507 1586
919 1587
1063 1588
1264 1589
375 1590
318 1591
1558 1592
202 1593
92 1594
219 1595
143 1596
661 1597
1443 1598
843 1599
660 1600
877 1601
294 1602
1228 1603
1416 1604
1517 1605
579 1606
543 1607
1605 1608
645 1609
954 1610
1518 1611
23 1612
1252 1613
217 1614
1160 1615
1556 1616
341 1617
39 1618
1316 1619
1084 1620
1148 1621
1451 1622
1465 1623
11 1624
163 1625
549 1626
954 1627
1116 1628
1261 1629
1091 1630
1402 1631
1174 1632
1231 1633
159 1634
62 1635
391 1636
508 1637
1256 1638
751 1639
312 1640
655 1641
1405 1642
45 1643
453 1644
200 1645
1033 1646
32 1647
895 1648
190 1649
1110 1650
1171 1651
146 1652
780 1653
884 1654
1271 1655
1320 1656
881 1657
1231 1658
1393 1659
423 1660
611 1661
992 1662
627 1663
413 1664
709 1665
634 1666
627 1667
498 1668
506 1669
878 1670
130 1671
376 1672
1392 1673
1604 1674
40 1675
306 1676
256 1677
1031 1678
402 1679
1299 1680
1349 1681
50 1682
521 1683
197 1684
1483 1685
562 1686
1534 1687
633 1688
96 1689
1592 1690
1585 1691
937 1692
1263 1693
1142 1694
652 1695
603 1696
183 1697
380 1698
1574 1699
1154 1700
702 1701
1479 1702
1412 1703
1119 1704
327 1705
557 1706
910 1707
150 1708
1582 1709
1653 1710
785 1711
633 1712
1594 1713
283 1714
1375 1715
1195 1716
1196 1717
1001 1718
1425 1719
83 1720
1167 1721
1126 1722
645 1723
1344 1724
1388 1725
1202 1726
1311 1727
801 1728
930 1729
385 1730
1569 1731
588 1732
182 1733
1157 1734
580 1735
549 1736
1411 1737
651 1738
489 1739
448 1740
1594 1741
1459 1742
954 1743
1341 1744
112 1745
721 1746
882 1747
517 1748
702 1749
484 1750
1400 1751
655 1752
944 1753
104 1754
912 1755
1360 1756
293 1757
1386 1758
1457 1759
635 1760
612 1761
1199 1762
414 1763
1020 1764
458 1765
344 1766
1538 1767
612 1768
230 1769
1127 1770
1335 1771
1075 1772
4 1773
1162 1774
321 1775
831 1776
743 1777
69 1778
1358 1779
1269 1780
641 1781
2 1782
577 1783
546 1784
1488 1785
1672 1786
1012 1787
207 1788
161 1789
1181 1790
1151 1791
660 1792
1113 1793
1321 1794
1545 1795
634 1796
1017 1797
749 1798
249 1799
1258 1800
424 1801
1769 1802
1699 1803
1781 1804
1748 1805
421 1806
367 1807
1038 1808
815 1809
801 1810
570 1811
535 1812
1665 1813
648 1814
608 1815
875 1816
767 1817
611 1818
1475 1819
1722 1820
1167 1821
1019 1822
1057 1823
1742 1824
1373 1825
322 1826
261 1827
560 1828
1338 1829
884 1830
1020 1831
1622 1832
61 1833
74 1834
946 1835
269 1836
1617 1837
1368 1838
1643 1839
1433 1840
1728 1841
518 1842
1644 1843
1785 1844
453 1845
1323 1846
601 1847
1100 1848
982 1849
487 1850
1326 1851
131 1852
542 1853
56 1854
170 1855
570 1856
609 1857
1569 1858
787 1859
1466 1860
659 1861
612 1862
1736 1863
1337 1864
604 1865
994 1866
1808 1867
1176 1868
1771 1869
482 1870
1837 1871
1508 1872
1711 1873
1417 1874
462 1875
810 1876
1601 1877
1681 1878
488 1879
86 1880
1706 1881
597 1882
609 1883
139 1884
1677 1885
1520 1886
169 1887
336 1888
1562 1889
1086 1890
191 1891
252 1892
575 1893
1341 1894
412 1895
1429 1896
601 1897
141 1898
788 1899
348 1900
466 1901
607 1902
1521 1903
992 1904
1023 1905
547 1906
1098 1907
639 1908
721 1909
663 1910
599 1911
755 1912
1802 1913
735 1914
361 1915
1719 1916
1530 1917
1460 1918
1415 1919
352 1920
663 1921
1890 1922
1840 1923
804 1924
88 1925
893 1926
974 1927
217 1928
1453 1929
1750 1930
350 1931
1456 1932
1418 1933
1603 1934
885 1935
695 1936
43 1937
1271 1938
84 1939
323 1940
129 1941
413 1942
321 1943
1598 1944
1086 1945
484 1946
530 1947
882 1948
1535 1949
1246 1950
336 1951
1319 1952
938 1953
146 1954
1763 1955
1687 1956
172 1957
402 1958
722 1959
1123 1960
1590 1961
1501 1962
856 1963
179 1964
111 1965
1259 1966
1297 1967
1331 1968
741 1969
361 1970
1942 1971
1493 1972
80 1973
110 1974
546 1975
1475 1976
1127 1977
766 1978
513 1979
1485 1980
951 1981
1908 1982
1742 1983
1919 1984
1586 1985
1962 1986
14 1987
1794 1988
592 1989
198 1990
1530 1991
727 1992
311 1993
1471 1994
99 1995
123 1996
771 1997
805 1998
1928 1999
276 2000
1393 2001
1095 2002
491 2003
1167 2004
1577 2005
883 2006
390 2007
1082 2008
581 2009
795 2010
129 2011
983 2012
387 2013
1025 2014
246 2015
1607 2016
1397 2017
884 2018
781 2019
1544 2020
524 2021
1923 2022
1150 2023
679 2024
1747 2025
923 2026
731 2027
1884 2028
139 2029
1734 2030
1216 2031
1348 2032
1070 2033
1649 2034
1820 2035
1541 2036
1629 2037
1247 2038
429 2039
1545 2040
1517 2041
735 2042
1992 2043
125 2044
738 2045
1618 2046
150 2047
834 2048
1618 2049
889 2050
799 2051
1301 2052
2028 2053
562 2054
1691 2055
1330 2056
1675 2057
1869 2058
1194 2059
784 2060
1477 2061
85 2062
1873 2063
656 2064
1422 2065
1578 2066
173 2067
1089 2068
1778 2069
354 2070
494 2071
2030 2072
728 2073
815 2074
926 2075
1843 2076
778 2077
96 2078
675 2079
783 2080
1047 2081
752 2082
1858 2083
493 2084
1877 2085
741 2086
883 2087
855 2088
297 2089
272 2090
92 2091
1839 2092
1687 2093
1546 2094
401 2095
1484 2096
674 2097
1647 2098
550 2099
2017 2100
412 2101
1354 2102
555 2103
1110 2104
1728 2105
1671 2106
316 2107
1638 2108
1391 2109
84 2110
1520 2111
1477 2112
1440 2113
969 2114
879 2115
1308 2116
2047 2117
2097 2118
1138 2119
515 2120
1214 2121
516 2122
1093 2123
1039 2124
1954 2125
690 2126
393 2127
876 2128
527 2129
1907 2130
1356 2131
1964 2132
250 2133
475 2134
1519 2135
2037 2136
1216 2137
636 2138
1178 2139
970 2140
1077 2141
1056 2142
1212 2143
1718 2144
705 2145
27 2146
412 2147
197 2148
1626 2149
1695 2150
73 2151
152 2152
1931 2153
2079 2154
1839 2155
473 2156
518 2157
133 2158
1101 2159
1298 2160
985 2161
1495 2162
1239 2163
1313 2164
1293 2165
1123 2166
1587 2167
1097 2168
2056 2169
1879 2170
601 2171
854 2172
483 2173
1575 2174
111 2175
62 2176
923 2177
1002 2178
302 2179
577 2180
46 2181
1021 2182
85 2183
2045 2184
410 2185
1129 2186
976 2187
632 2188
1116 2189
1818 2190
1048 2191
1854 2192
1619 2193
702 2194
1508 2195
599 2196
1816 2197
1035 2198
344 2199
142 2200
67 2201
314 2202
495 2203
445 2204
380 2205
196 2206
2133 2207
1727 2208
605 2209
965 2210
1878 2211
1962 2212
841 2213
213 2214
2055 2215
687 2216
290 2217
1032 2218
2186 2219
1444 2220
1011 2221
1454 2222
1672 2223
1856 2224
441 2225
1057 2226
1573 2227
1668 2228
861 2229
1113 2230
958 2231
1311 2232
1947 2233
1265 2234
1005 2235
999 2236
2224 2237
207 2238
1850 2239
1202 2240
2231 2241
1996 2242
2181 2243
1066 2244
1213 2245
837 2246
2155 2247
427 2248
1959 2249
1592 2250
679 2251
1703 2252
706 2253
2009 2254
6 2255
205 2256
667 2257
803 2258
19 2259
700 2260
685 2261
875 2262
1723 2263
684 2264
1493 2265
1449 2266
548 2267
802 2268
1811 2269
128 2270
1902 2271
565 2272
1988 2273
1892 2274
1598 2275
770 2276
1002 2277
434 2278
1558 2279
646 2280
249 2281
1134 2282
1877 2283
1845 2284
146 2285
976 2286
1027 2287
1915 2288
2209 2289
2061 2290
1456 2291
2032 2292
255 2293
2066 2294
1418 2295
1148 2296
1920 2297
2016 2298
2267 2299
374 2300
2079 2301
1640 2302
1789 2303
1711 2304
1655 2305
293 2306
1663 2307
1042 2308
1527 2309
1782 2310
473 2311
2308 2312
520 2313
995 2314
1950 2315
494 2316
2040 2317
1327 2318
1065 2319
92 2320
1400 2321
224 2322
1215 2323
360 2324
1683 2325
386 2326
682 2327
1586 2328
1368 2329
569 2330
11 2331
1646 2332
1240 2333
2281 2334
125 2335
377 2336
1517 2337
2 2338
1500 2339
2054 2340
2311 2341
1254 2342
258 2343
201 2344
388 2345
601 2346
575 2347
1888 2348
779 2349
2196 2350
2070 2351
1728 2352
1839 2353
1174 2354
2082 2355
80 2356
801 2357
467 2358
945 2359
986 2360
1463 2361
244 2362
216 2363
2070 2364
1551 2365
929 2366
1605 2367
2006 2368
1740 2369
1126 2370
766 2371
1165 2372
927 2373
124 2374
302 2375
1137 2376
1523 2377
1362 2378
2238 2379
527 2380
2172 2381
1493 2382
1580 2383
1280 2384
326 2385
1517 2386
1976 2387
1822 2388
436 2389
1842 2390
2070 2391
1355 2392
1034 2393
1277 2394
1249 2395
1457 2396
57 2397
241 2398
746 2399
2290 2400
1907 2401
2262 2402
1284 2403
305 2404
611 2405
155 2406
902 2407
1634 2408
993 2409
1831 2410
1900 2411
1306 2412
2200 2413
528 2414
1429 2415
1266 2416
137 2417
2311 2418
116 2419
682 2420
161 2421
929 2422
2247 2423
1292 2424
1615 2425
498 2426
1440 2427
2050 2428
2017 2429
1630 2430
147 2431
2216 2432
398 2433
945 2434
2387 2435
1607 2436
1626 2437
1430 2438
2373 2439
579 2440
955 2441
1472 2442
1441 2443
421 2444
2212 2445
2099 2446
1497 2447
401 2448
422 2449
2344 2450
740 2451
1393 2452
671 2453
2422 2454
246 2455
1035 2456
1028 2457
934 2458
2112 2459
2145 2460
1794 2461
2025 2462
1333 2463
1607 2464
1924 2465
1643 2466
1035 2467
790 2468
598 2469
2144 2470
1116 2471
766 2472
1377 2473
5 2474
645 2475
1371 2476
293 2477
1084 2478
1819 2479
287 2480
2321 2481
1698 2482
338 2483
1707 2484
551 2485
1913 2486
1625 2487
991 2488
1213 2489
2105 2490
156 2491
1232 2492
2231 2493
2447 2494
2485 2495
44 2496
480 2497
698 2498
751 2499
2066 2500
189 2501
1946 2502
829 2503
691 2504
1432 2505
302 2506
2204 2507
2427 2508
2232 2509
53 2510
47 2511
719 2512
1088 2513
583 2514
2505 2515
1401 2516
105 2517
471 2518
1053 2519
452 2520
1030 2521
2436 2522
2231 2523
1528 2524
1306 2525
471 2526
1628 2527
1376 2528
2443 2529
1453 2530
23 2531
1391 2532
1166 2533
37 2534
1539 2535
1326 2536
539 2537
1468 2538
738 2539
1625 2540
14 2541
892 2542
2031 2543
932 2544
497 2545
838 2546
114 2547
1641 2548
1022 2549
519 2550
2139 2551
1901 2552
2436 2553
2091 2554
746 2555
2437 2556
1020 2557
2187 2558
675 2559
1729 2560
641 2561
2255 2562
1811 2563
1952 2564
2011 2565
1913 2566
417 2567
1752 2568
2369 2569
303 2570
413 2571
970 2572
694 2573
9 2574
1249 2575
2141 2576
288 2577
2196 2578
810 2579
722 2580
736 2581
236 2582
277 2583
338 2584
453 2585
95 2586
1323 2587
2356 2588
566 2589
2514 2590
663 2591
2337 2592
1639 2593
449 2594
1257 2595
1637 2596
434 2597
1164 2598
2450 2599
299 2600
326 2601
419 2602
2127 2603
527 2604
550 2605
2267 2606
1769 2607
985 2608
1135 2609
866 2610
1162 2611
2564 2612
188 2613
753 2614
1431 2615
750 2616
1000 2617
1253 2618
2030 2619
1205 2620
521 2621
1262 2622
2227 2623
2364 2624
1520 2625
707 2626
2619 2627
1277 2628
1074 2629
2180 2630
1945 2631
2076 2632
2560 2633
278 2634
366 2635
560 2636
1102 2637
46 2638
2607 2639
546 2640
1741 2641
384 2642
1720 2643
2391 2644
1299 2645
1700 2646
1004 2647
2206 2648
859 2649
487 2650
267 2651
1567 2652
1086 2653
1094 2654
1299 2655
1142 2656
1092 2657
156 2658
1677 2659
1451 2660
1243 2661
160 2662
2192 2663
1095 2664
1347 2665
1133 2666
339 2667
150 2668
1207 2669
1281 2670
1401 2671
2343 2672
188 2673
755 2674
412 2675
2326 2676
1660 2677
772 2678
247 2679
165 2680
1615 2681
1141 2682
497 2683
213 2684
1571 2685
426 2686
1721 2687
2577 2688
298 2689
332 2690
1795 2691
816 2692
2316 2693
2155 2694
2113 2695
1707 2696
1603 2697
774 2698
2361 2699
1889 2700
560 2701
2202 2702
530 2703
563 2704
904 2705
2460 2706
2601 2707
2305 2708
1978 2709
572 2710
1967 2711
2031 2712
2355 2713
2056 2714
990 2715
181 2716
722 2717
811 2718
710 2719
1733 2720
243 2721
466 2722
1370 2723
2047 2724
1805 2725
1155 2726
701 2727
1568 2728
1978 2729
1565 2730
1184 2731
1631 2732
1665 2733
2429 2734
209 2735
2478 2736
1734 2737
703 2738
1646 2739
2201 2740
119 2741
2132 2742
33 2743
1189 2744
1324 2745
1181 2746
2446 2747
2461 2748
885 2749
217 2750
1829 2751
2086 2752
25 2753
1209 2754
461 2755
2729 2756
1124 2757
2301 2758
2401 2759
2658 2760
1506 2761
1348 2762
656 2763
847 2764
2216 2765
2633 2766
1380 2767
2752 2768
2221 2769
1108 2770
1252 2771
1420 2772
1104 2773
669 2774
1374 2775
399 2776
2695 2777
311 2778
2739 2779
840 2780
357 2781
885 2782
1157 2783
1817 2784
2173 2785
877 2786
1420 2787
116 2788
1005 2789
1579 2790
1347 2791
1176 2792
260 2793
2696 2794
2503 2795
2530 2796
1657 2797
261 2798
891 2799
190 2800
2142 2801
219 2802
1604 2803
50 2804
856 2805
1882 2806
133 2807
1918 2808
2169 2809
755 2810
1907 2811
755 2812
2275 2813
231 2814
2738 2815
2171 2816
2052 2817
1683 2818
341 2819
2301 2820
1505 2821
486 2822
2419 2823
2028 2824
620 2825
409 2826
1262 2827
327 2828
1021 2829
1288 2830
2012 2831
813 2832
2211 2833
2079 2834
167 2835
1386 2836
478 2837
933 2838
2595 2839
2675 2840
1357 2841
1383 2842
2232 2843
147 2844
1127 2845
169 2846
2609 2847
1211 2848
638 2849
2577 2850
2762 2851
424 2852
2803 2853
2521 2854
1739 2855
185 2856
2427 2857
443 2858
810 2859
2831 2860
2591 2861
475 2862
51 2863
2495 2864
2087 2865
1926 2866
1562 2867
1248 2868
299 2869
1733 2870
1068 2871
2077 2872
2015 2873
2262 2874
1716 2875
1996 2876
2340 2877
372 2878
1024 2879
1760 2880
142 2881
851 2882
2137 2883
103 2884
154 2885
1049 2886
1332 2887
391 2888
2434 2889
906 2890
798 2891
2118 2892
1663 2893
2737 2894
1647 2895
2562 2896
43 2897
1523 2898
1748 2899
1746 2900
630 2901
624 2902
1853 2903
2062 2904
1110 2905
267 2906
2074 2907
264 2908
2485 2909
2166 2910
1876 2911
1383 2912
445 2913
1167 2914
1136 2915
2041 2916
992 2917
520 2918
32 2919
367 2920
1082 2921
606 2922
2018 2923
306 2924
2376 2925
930 2926
2736 2927
728 2928
1564 2929
2744 2930
778 2931
2426 2932
2650 2933
1004 2934
83 2935
1595 2936
1968 2937
2691 2938
90 2939
1681 2940
1653 2941
1978 2942
2484 2943
2044 2944
2697 2945
2170 2946
1061 2947
256 2948
27 2949
2056 2950
1151 2951
2219 2952
2072 2953
714 2954
166 2955
1157 2956
660 2957
1655 2958
880 2959
1271 2960
2487 2961
1324 2962
157 2963
921 2964
1812 2965
2784 2966
138 2967
127 2968
1407 2969
2528 2970
2451 2971
1650 2972
2305 2973
2204 2974
775 2975
2487 2976
1121 2977
201 2978
2629 2979
765 2980
1426 2981
2906 2982
1629 2983
517 2984
1151 2985
2689 2986
1908 2987
922 2988
802 2989
2156 2990
1990 2991
1132 2992
2159 2993
2388 2994
198 2995
1757 2996
411 2997
2309 2998
1517 2999
850 3000
1686 3001
2256 3002
2919 3003
702 3004
712 3005
2856 3006
2416 3007
615 3008
2683 3009
1837 3010
1838 3011
1320 3012
82 3013
315 3014
1759 3015
1284 3016
157 3017
2401 3018
2834 3019
1166 3020
2539 3021
275 3022
98 3023
165 3024
2648 3025
371 3026
886 3027
2039 3028
2374 3029
1536 3030
1462 3031
403 3032
902 3033
2542 3034
940 3035
746 3036
175 3037
2049 3038
1445 3039
1158 3040
139 3041
1159 3042
1190 3043
426 3044
2121 3045
2493 3046
1298 3047
1991 3048
300 3049
2363 3050
2081 3051
453 3052
1219 3053
2132 3054
2134 3055
1412 3056
846 3057
528 3058
753 3059
2028 3060
2923 3061
1326 3062
1452 3063
2218 3064
2465 3065
2077 3066
1920 3067
980 3068
731 3069
770 3070
362 3071
404 3072
2744 3073
2710 3074
378 3075
651 3076
2060 3077
2357 3078
2524 3079
913 3080
3024 3081
1787 3082
151 3083
2647 3084
172 3085
1088 3086
2394 3087
2630 3088
492 3089
2610 3090
1191 3091
31 3092
1542 3093
1518 3094
245 3095
2938 3096
2243 3097
2435 3098
1892 3099
1206 3100
2006 3101
1774 3102
248 3103
1696 3104
2188 3105
829 3106
3006 3107
2971 3108
2658 3109
2601 3110
1845 3111
1410 3112
1376 3113
152 3114
2934 3115
1178 3116
1958 3117
2281 3118
1417 3119
2032 3120
1380 3121
890 3122
2138 3123
2624 3124
244 3125
1546 3126
2040 3127
2001 3128
976 3129
1236 3130
285 3131
2100 3132
226 3133
2576 3134
1719 3135
1615 3136
2247 3137
1769 3138
2548 3139
2930 3140
2023 3141
639 3142
1883 3143
93 3144
2678 3145
365 3146
2785 3147
1241 3148
2571 3149
1603 3150
1277 3151
1908 3152
370 3153
748 3154
2628 3155
2152 3156
2399 3157
500 3158
823 3159
2882 3160
2403 3161
27 3162
728 3163
2091 3164
2627 3165
2098 3166
1321 3167
2204 3168
553 3169
2902 3170
548 3171
828 3172
2800 3173
2344 3174
3128 3175
1509 3176
988 3177
2343 3178
58 3179
1703 3180
2769 3181
751 3182
807 3183
2335 3184
2281 3185
2468 3186
2642 3187
139 3188
843 3189
139 3190
933 3191
1714 3192
672 3193
1569 3194
1295 3195
2943 3196
386 3197
3172 3198
777 3199
1254 3200
1452 3201
1185 3202
796 3203
1876 3204
470 3205
2948 3206
3027 3207
214 3208
779 3209
994 3210
3193 3211
1637 3212
1163 3213
3068 3214
283 3215
1414 3216
1722 3217
2182 3218
1155 3219
785 3220
471 3221
1692 3222
3184 3223
2890 3224
2841 3225
1004 3226
619 3227
787 3228
2674 3229
3050 3230
1327 3231
1801 3232
1471 3233
1104 3234
2676 3235
948 3236
8 3237
950 3238
17 3239
916 3240
2377 3241
1262 3242
888 3243
996 3244
1560 3245
1061 3246
2245 3247
2248 3248
2029 3249
270 3250
1845 3251
1118 3252
2270 3253
3110 3254
2204 3255
1249 3256
1612 3257
1561 3258
3241 3259
2263 3260
1845 3261
1828 3262
787 3263
1526 3264
1123 3265
1078 3266
3195 3267
3143 3268
197 3269
387 3270
2234 3271
693 3272
1710 3273
2325 3274
761 3275
779 3276
2184 3277
2735 3278
1822 3279
493 3280
2024 3281
400 3282
2470 3283
1633 3284
2153 3285
1101 3286
1869 3287
739 3288
111 3289
2293 3290
1213 3291
1629 3292
651 3293
2330 3294
2780 3295
793 3296
558 3297
22 3298
3171 3299
3266 3300
30 3301
1024 3302
357 3303
2265 3304
1957 3305
2071 3306
559 3307
841 3308
536 3309
1329 3310
949 3311
1627 3312
741 3313
3082 3314
3083 3315
2619 3316
2773 3317
3026 3318
849 3319
2733 3320
1269 3321
1274 3322
1727 3323
3235 3324
1010 3325
1939 3326
2572 3327
1988 3328
3204 3329
1512 3330
962 3331
2460 3332
157 3333
580 3334
34 3335
1242 3336
2143 3337
1985 3338
2130 3339
470 3340
1108 3341
2287 3342
771 3343
1686 3344
1931 3345
3012 3346
95 3347
971 3348
1190 3349
2158 3350
2529 3351
2577 3352
3149 3353
1274 3354
1048 3355
2066 3356
1315 3357
3248 3358
1098 3359
563 3360
2987 3361
338 3362
1660 3363
1558 3364
1882 3365
1985 3366
3347 3367
1730 3368
2507 3369
467 3370
2008 3371
3264 3372
1609 3373
456 3374
541 3375
1291 3376
434 3377
3116 3378
203 3379
2583 3380
1819 3381
3154 3382
2531 3383
2440 3384
3172 3385
1051 3386
1709 3387
1225 3388
2531 3389
1004 3390
1557 3391
1360 3392
2161 3393
199 3394
1306 3395
778 3396
2406 3397
1296 3398
2947 3399
517 3400
66 3401
26 3402
712 3403
2129 3404
804 3405
1534 3406
1132 3407
751 3408
569 3409
3356 3410
2231 3411
1746 3412
2701 3413
664 3414
2497 3415
2146 3416
2710 3417
2696 3418
533 3419
1069 3420
3209 3421
293 3422
2275 3423
1321 3424
499 3425
1318 3426
2763 3427
1330 3428
1150 3429
1261 3430
3063 3431
2352 3432
163 3433
253 3434
1887 3435
1114 3436
805 3437
3061 3438
1941 3439
1628 3440
1313 3441
1380 3442
1343 3443
167 3444
2401 3445
2164 3446
1529 3447
2602 3448
821 3449
1134 3450
3445 3451
2393 3452
3145 3453
1648 3454
2200 3455
1387 3456
2281 3457
235 3458
2140 3459
2544 3460
1188 3461
1690 3462
1131 3463
1303 3464
976 3465
3215 3466
2739 3467
2182 3468
2715 3469
2230 3470
2522 3471
3051 3472
3422 3473
2646 3474
316 3475
195 3476
2265 3477
2984 3478
1868 3479
2539 3480
1896 3481
2576 3482
1119 3483
200 3484
1492 3485
2878 3486
1836 3487
3334 3488
3184 3489
184 3490
1149 3491
3166 3492
2296 3493
2310 3494
905 3495
903 3496
478 3497
2937 3498
1212 3499
657 3500
1551 3501
12 3502
766 3503
789 3504
2230 3505
176 3506
3282 3507
1195 3508
468 3509
993 3510
2461 3511
359 3512
852 3513
892 3514
146 3515
1581 3516
1870 3517
322 3518
3369 3519
663 3520
3364 3521
628 3522
2917 3523
2400 3524
2409 3525
2896 3526
3165 3527
1931 3528
3008 3529
1690 3530
983 3531
1546 3532
2320 3533
1195 3534
1945 3535
3404 3536
1632 3537
2748 3538
800 3539
1692 3540
2797 3541
1123 3542
2519 3543
1258 3544
2746 3545
1717 3546
3421 3547
3332 3548
2481 3549
1715 3550
2789 3551
317 3552
666 3553
2966 3554
2918 3555
1995 3556
1151 3557
500 3558
2555 3559
1016 3560
1159 3561
3428 3562
1448 3563
784 3564
3555 3565
1902 3566
2594 3567
3032 3568
3320 3569
1138 3570
3519 3571
3245 3572
1823 3573
872 3574
333 3575
2058 3576
2212 3577
1649 3578
462 3579
3069 3580
2530 3581
3561 3582
1171 3583
3274 3584
731 3585
1335 3586
502 3587
1809 3588
878 3589
1468 3590
2434 3591
1684 3592
1865 3593
3183 3594
3563 3595
1446 3596
1935 3597
1103 3598
2829 3599
3462 3600
114 3601
527 3602
1539 3603
313 3604
1897 3605
2989 3606
2428 3607
3517 3608
416 3609
3019 3610
2416 3611
1251 3612
3030 3613
1610 3614
390 3615
1836 3616
1901 3617
1904 3618
3327 3619
1680 3620
3198 3621
71 3622
2287 3623
1232 3624
428 3625
3560 3626
152 3627
148 3628
2720 3629
661 3630
2727 3631
321 3632
2461 3633
982 3634
877 3635
2195 3636
2923 3637
1534 3638
2382 3639
1806 3640
1480 3641
3540 3642
2063 3643
3478 3644
289 3645
3208 3646
43 3647
803 3648
3071 3649
684 3650
927 3651
2348 3652
1765 3653
1602 3654
2966 3655
2476 3656
1738 3657
3562 3658
694 3659
1484 3660
1717 3661
2680 3662
1989 3663
1101 3664
2283 3665
677 3666
517 3667
113 3668
104 3669
1739 3670
466 3671
2480 3672
3122 3673
837 3674
1123 3675
2083 3676
1372 3677
2823 3678
2632 3679
1948 3680
1330 3681
1715 3682
2224 3683
2432 3684
1461 3685
1754 3686
2115 3687
3365 3688
3230 3689
2196 3690
845 3691
1394 3692
3198 3693
905 3694
1678 3695
2675 3696
2746 3697
3272 3698
3370 3699
3039 3700
485 3701
918 3702
2383 3703
2015 3704
2292 3705
2150 3706
1306 3707
1629 3708
3388 3709
3112 3710
3130 3711
3429 3712
1864 3713
947 3714
48 3715
3624 3716
3680 3717
3598 3718
2279 3719
600 3720
1279 3721
1078 3722
1839 3723
977 3724
929 3725
3678 3726
1868 3727
3079 3728
1269 3729
2802 3730
3717 3731
2465 3732
1048 3733
1708 3734
2378 3735
2849 3736
1729 3737
2412 3738
2800 3739
705 3740
1585 3741
2975 3742
3690 3743
3024 3744
3121 3745
474 3746
847 3747
870 3748
2247 3749
1485 3750
3063 3751
3284 3752
1418 3753
2553 3754
2487 3755
3705 3756
2762 3757
906 3758
3509 3759
2720 3760
534 3761
2592 3762
3730 3763
1589 3764
1552 3765
2242 3766
3303 3767
2606 3768
2180 3769
1406 3770
1163 3771
3687 3772
2449 3773
1510 3774
2268 3775
2854 3776
1840 3777
381 3778
2578 3779
600 3780
3017 3781
1175 3782
1976 3783
1429 3784
2609 3785
1160 3786
2555 3787
2316 3788
1991 3789
2349 3790
2844 3791
3578 3792
124 3793
1942 3794
1664 3795
838 3796
1274 3797
796 3798
3123 3799
996 3800
1062 3801
2905 3802
1543 3803
2588 3804
2827 3805
2403 3806
571 3807
168 3808
1663 3809
3553 3810
652 3811
3303 3812
1609 3813
2723 3814
11 3815
75 3816
3292 3817
3550 3818
3141 3819
3341 3820
2810 3821
1870 3822
2467 3823
904 3824
2384 3825
264 3826
2909 3827
3643 3828
686 3829
652 3830
1519 3831
3473 3832
1933 3833
1612 3834
2869 3835
105 3836
2668 3837
1112 3838
1747 3839
1302 3840
463 3841
2565 3842
2868 3843
2191 3844
20 3845
2225 3846
2094 3847
2331 3848
1243 3849
1614 3850
2287 3851
2842 3852
2200 3853
900 3854
3140 3855
3449 3856
2034 3857
1310 3858
2877 3859
665 3860
469 3861
2089 3862
3135 3863
1595 3864
2679 3865
1796 3866
11 3867
3463 3868
1185 3869
2000 3870
899 3871
792 3872
2676 3873
2792 3874
2884 3875
3280 3876
3493 3877
3493 3878
215 3879
3188 3880
2545 3881
1946 3882
2495 3883
702 3884
1662 3885
917 3886
2070 3887
114 3888
738 3889
285 3890
462 3891
2485 3892
2498 3893
344 3894
3446 3895
2591 3896
1620 3897
1404 3898
820 3899
1791 3900
1534 3901
1990 3902
1568 3903
3168 3904
2848 3905
3905 3906
3357 3907
1213 3908
160 3909
2952 3910
70 3911
3355 3912
1542 3913
1586 3914
3408 3915
1356 3916
2118 3917
3237 3918
1395 3919
1862 3920
2802 3921
1634 3922
1191 3923
3172 3924
3498 3925
1491 3926
1379 3927
2452 3928
1788 3929
1370 3930
2467 3931
3101 3932
3590 3933
2368 3934
1042 3935
1564 3936
3001 3937
1510 3938
3154 3939
3882 3940
3342 3941
2462 3942
85 3943
3155 3944
812 3945
2896 3946
1352 3947
1598 3948
1155 3949
3700 3950
2166 3951
2396 3952
3336 3953
3935 3954
3161 3955
2702 3956
1109 3957
1461 3958
3591 3959
414 3960
2846 3961
2033 3962
2845 3963
434 3964
82 3965
402 3966
2092 3967
2807 3968
896 3969
3151 3970
694 3971
1960 3972
2157 3973
919 3974
710 3975
220 3976
3337 3977
963 3978
3017 3979
3117 3980
1026 3981
1195 3982
3925 3983
1367 3984
57 3985
1247 3986
3174 3987
3898 3988
3610 3989
1516 3990
1965 3991
1821 3992
63 3993
2211 3994
1519 3995
1147 3996
970 3997
2348 3998
3611 3999
2313 4000
2239 4001
3992 4002
3831 4003
225 4004
725 4005
860 4006
2685 4007
2690 4008
2857 4009
1525 4010
538 4011
294 4012
378 4013
3392 4014
1545 4015
1140 4016
2522 4017
1193 4018
3276 4019
3474 4020
1345 4021
75 4022
1676 4023
3150 4024
3011 4025
3145 4026
2857 4027
2252 4028
3751 4029
2796 4030
3884 4031
3041 4032
758 4033
594 4034
3181 4035
2687 4036
2505 4037
2137 4038
1266 4039
1473 4040
708 4041
600 4042
485 4043
3893 4044
1816 4045
741 4046
1474 4047
1225 4048
3059 4049
1641 4050
855 4051
3307 4052
1532 4053
3273 4054
2971 4055
3906 4056
1537 4057
4047 4058
3573 4059
2994 4060
2942 4061
1298 4062
2441 4063
980 4064
3218 4065
871 4066
3256 4067
4009 4068
136 4069
1493 4070
3684 4071
2998 4072
354 4073
956 4074
749 4075
1486 4076
1116 4077
1324 4078
3545 4079
712 4080
2649 4081
3006 4082
3015 4083
1074 4084
236 4085
742 4086
3487 4087
3551 4088
2473 4089
747 4090
2686 4091
1103 4092
2689 4093
1853 4094
4016 4095
2211 4096
463 4097
307 4098
3575 4099
2409 4100
1339 4101
2416 4102
3767 4103
2657 4104
2496 4105
2689 4106
1771 4107
262 4108
858 4109
1949 4110
876 4111
177 4112
379 4113
2980 4114
2281 4115
1232 4116
552 4117
1733 4118
732 4119
2704 4120
3571 4121
512 4122
326 4123
2320 4124
452 4125
3532 4126
1147 4127
1382 4128
2320 4129
73 4130
3971 4131
2236 4132
396 4133
3756 4134
3803 4135
4089 4136
792 4137
1918 4138
4131 4139
231 4140
727 4141
3854 4142
3906 4143
1368 4144
990 4145
2084 4146
3381 4147
2971 4148
2252 4149
1683 4150
1916 4151
3245 4152
540 4153
2167 4154
3192 4155
2681 4156
573 4157
1070 4158
2507 4159
2360 4160
2446 4161
3906 4162
3794 4163
3784 4164
2729 4165
2161 4166
2284 4167
1142 4168
1619 4169
2751 4170
3795 4171
1322 4172
3234 4173
3801 4174
2339 4175
3077 4176
288 4177
3810 4178
178 4179
3207 4180
335 4181
2399 4182
2069 4183
600 4184
3427 4185
3906 4186
841 4187
137 4188
1488 4189
3190 4190
904 4191
109 4192
938 4193
2009 4194
1413 4195
3577 4196
1188 4197
2882 4198
839 4199
975 4200
2064 4201
2407 4202
3304 4203
1887 4204
3230 4205
1096 4206
2189 4207
2910 4208
2193 4209
2591 4210
428 4211
3976 4212
2271 4213
3789 4214
3894 4215
2121 4216
2719 4217
2699 4218
4078 4219
2609 4220
3356 4221
3635 4222
764 4223
3795 4224
2359 4225
2770 4226
3991 4227
1150 4228
3880 4229
1699 4230
710 4231
1268 4232
314 4233
1531 4234
13 4235
936 4236
164 4237
2439 4238
1269 4239
486 4240
1563 4241
3350 4242
3508 4243
647 4244
1255 4245
1592 4246
2367 4247
1694 4248
1605 4249
242 4250
2900 4251
914 4252
951 4253
3322 4254
1717 4255
2167 4256
3881 4257
310 4258
3440 4259
255 4260
3480 4261
862 4262
79 4263
3947 4264
2410 4265
1548 4266
2443 4267
2805 4268
3163 4269
1942 4270
1010 4271
4244 4272
1215 4273
2067 4274
821 4275
2811 4276
4224 4277
2280 4278
209 4279
2110 4280
592 4281
3540 4282
395 4283
3961 4284
114 4285
432 4286
544 4287
921 4288
520 4289
3462 4290
2833 4291
3597 4292
106 4293
1149 4294
3801 4295
365 4296
1078 4297
1202 4298
593 4299
4213 4300
2476 4301
1579 4302
4043 4303
285 4304
2791 4305
4160 4306
4279 4307
2715 4308
577 4309
4092 4310
2418 4311
2409 4312
2773 4313
2686 4314
3572 4315
1898 4316
2032 4317
450 4318
456 4319
2583 4320
3303 4321
2525 4322
628 4323
2831 4324
4261 4325
1086 4326
510 4327
4087 4328
2390 4329
3291 4330
629 4331
1582 4332
337 4333
2785 4334
2 4335
1767 4336
2785 4337
1866 4338
876 4339
3388 4340
354 4341
2313 4342
291 4343
2821 4344
57 4345
3637 4346
743 4347
3420 4348
1652 4349
981 4350
1140 4351
2156 4352
2593 4353
2493 4354
494 4355
3847 4356
1130 4357
1460 4358
447 4359
1464 4360
1811 4361
99 4362
2598 4363
1330 4364
1077 4365
3243 4366
1382 4367
3342 4368
1989 4369
1924 4370
3095 4371
3146 4372
3303 4373
3491 4374
3819 4375
3717 4376
73 4377
1535 4378
3244 4379
2826 4380
2621 4381
702 4382
2184 4383
3833 4384
3111 4385
3635 4386
3155 4387
4149 4388
172 4389
4389 4390
419 4391
2248 4392
3435 4393
3926 4394
2307 4395
4103 4396
1875 4397
3185 4398
463 4399
3975 4400
2596 4401
3300 4402
4111 4403
2824 4404
522 4405
1667 4406
1135 4407
3270 4408
421 4409
2005 4410
714 4411
4351 4412
2459 4413
3331 4414
306 4415
2594 4416
3108 4417
1176 4418
3314 4419
4237 4420
3592 4421
727 4422
1772 4423
3464 4424
498 4425
458 4426
4364 4427
4283 4428
371 4429
3511 4430
2616 4431
333 4432
1095 4433
1311 4434
981 4435
401 4436
1539 4437
1115 4438
3907 4439
4428 4440
2409 4441
157 4442
4319 4443
2890 4444
2558 4445
2747 4446
1234 4447
3760 4448
3676 4449
1818 4450
2950 4451
3578 4452
2008 4453
1185 4454
1146 4455
245 4456
3003 4457
445 4458
3592 4459
1370 4460
932 4461
3315 4462
2370 4463
637 4464
1536 4465
3865 4466
1084 4467
1201 4468
1096 4469
558 4470
3613 4471
1370 4472
2059 4473
1926 4474
1896 4475
1467 4476
3298 4477
1991 4478
645 4479
591 4480
2135 4481
328 4482
3096 4483
2581 4484
257 4485
1108 4486
3738 4487
617 4488
4352 4489
693 4490
166 4491
3061 4492
26 4493
4388 4494
3820 4495
965 4496
1704 4497
3487 4498
553 4499
3841 4500
546 4501
3858 4502
1518 4503
3911 4504
3431 4505
1664 4506
921 4507
2317 4508
1355 4509
4085 4510
1265 4511
2570 4512
3064 4513
3151 4514
758 4515
617 4516
641 4517
2352 4518
2084 4519
2855 4520
2945 4521
2507 4522
3889 4523
442 4524
3351 4525
3046 4526
2135 4527
1362 4528
4260 4529
3807 4530
3778 4531
2946 4532
1731 4533
4430 4534
3181 4535
3974 4536
2150 4537
2179 4538
2950 4539
1782 4540
536 4541
1631 4542
4460 4543
4204 4544
616 4545
855 4546
421 4547
3972 4548
1882 4549
447 4550
274 4551
4221 4552
3134 4553
1805 4554
571 4555
3107 4556
3232 4557
3133 4558
3449 4559
3061 4560
3999 4561
3394 4562
907 4563
1027 4564
2689 4565
2531 4566
1813 4567
2649 4568
2372 4569
2708 4570
3346 4571
2688 4572
2713 4573
4107 4574
2606 4575
4347 4576
540 4577
1185 4578
1955 4579
13 4580
2891 4581
2720 4582
3849 4583
4229 4584
484 4585
3390 4586
3753 4587
3648 4588
2880 4589
3587 4590
1032 4591
3751 4592
299 4593
654 4594
519 4595
3021 4596
1024 4597
1718 4598
2189 4599
4009 4600
2451 4601
3368 4602
2073 4603
4446 4604
4067 4605
2453 4606
21 4607
120 4608
1173 4609
3811 4610
2723 4611
3432 4612
1842 4613
1821 4614
1417 4615
1205 4616
2966 4617
2801 4618
2106 4619
285 4620
104 4621
4031 4622
520 4623
1485 4624
1262 4625
3341 4626
381 4627
1625 4628
566 4629
1664 4630
409 4631
3660 4632
1628 4633
4294 4634
594 4635
2338 4636
3419 4637
2408 4638
2233 4639
3427 4640
94 4641
1468 4642
681 4643
3398 4644
4274 4645
3817 4646
107 4647
738 4648
2850 4649
1074 4650
3480 4651
3670 4652
1238 4653
926 4654
140 4655
3991 4656
557 4657
3899 4658
2031 4659
4493 4660
3467 4661
3813 4662
1 4663
95 4664
2451 4665
2819 4666
3398 4667
3540 4668
3565 4669
2271 4670
2416 4671
744 4672
511 4673
3060 4674
3859 4675
3589 4676
519 4677
3703 4678
595 4679
1354 4680
390 4681
1800 4682
3323 4683
3809 4684
2716 4685
1183 4686
56 4687
514 4688
1050 4689
2542 4690
3458 4691
489 4692
1513 4693
2635 4694
1983 4695
669 4696
181 4697
1048 4698
1031 4699
3680 4700
1430 4701
1618 4702
4039 4703
2338 4704
3137 4705
327 4706
1599 4707
3084 4708
2499 4709
3575 4710
4125 4711
3950 4712
1558 4713
2261 4714
3668 4715
1916 4716
4259 4717
2885 4718
4222 4719
3445 4720
406 4721
4395 4722
1961 4723
3103 4724
4294 4725
1710 4726
3567 4727
427 4728
3496 4729
2562 4730
4149 4731
2573 4732
631 4733
2859 4734
3541 4735
3524 4736
2294 4737
3503 4738
3204 4739
2588 4740
1910 4741
1108 4742
1359 4743
1615 4744
2534 4745
3378 4746
4371 4747
4534 4748
418 4749
1181 4750
1515 4751
3296 4752
3199 4753
3626 4754
3630 4755
1869 4756
274 4757
3287 4758
1072 4759
1869 4760
56 4761
4184 4762
3448 4763
2265 4764
4151 4765
4584 4766
1134 4767
1757 4768
1125 4769
2185 4770
501 4771
3516 4772
1594 4773
421 4774
4200 4775
4572 4776
2379 4777
20 4778
4215 4779
4227 4780
3169 4781
2311 4782
1163 4783
2131 4784
3408 4785
2385 4786
107 4787
2296 4788
2538 4789
4371 4790
641 4791
4071 4792
431 4793
302 4794
4287 4795
3013 4796
4094 4797
1347 4798
2477 4799
3440 4800
880 4801
2251 4802
1085 4803
2403 4804
1229 4805
2946 4806
225 4807
4326 4808
3223 4809
502 4810
4661 4811
115 4812
3987 4813
4476 4814
3036 4815
4463 4816
1664 4817
1497 4818
4058 4819
257 4820
1675 4821
1196 4822
3123 4823
2268 4824
2544 4825
2116 4826
1815 4827
349 4828
1287 4829
1800 4830
2543 4831
3352 4832
2356 4833
2352 4834
1557 4835
2586 4836
1179 4837
36 4838
1015 4839
2966 4840
68 4841
1871 4842
1332 4843
46 4844
3705 4845
714 4846
183 4847
686 4848
1483 4849
1864 4850
740 4851
2689 4852
2898 4853
1969 4854
3710 4855
788 4856
1860 4857
3815 4858
295 4859
2984 4860
739 4861
183 4862
1134 4863
1506 4864
1013 4865
2033 4866
1580 4867
2176 4868
3947 4869
1418 4870
542 4871
3226 4872
2803 4873
3102 4874
4530 4875
256 4876
1761 4877
228 4878
3903 4879
2755 4880
3256 4881
2851 4882
3950 4883
3296 4884
3162 4885
3556 4886
525 4887
990 4888
3519 4889
3019 4890
2071 4891
2689 4892
4805 4893
1101 4894
4404 4895
676 4896
156 4897
3844 4898
1503 4899
3876 4900
1108 4901
3531 4902
1284 4903
4279 4904
1363 4905
297 4906
1530 4907
2301 4908
2038 4909
3125 4910
3666 4911
537 4912
2055 4913
1265 4914
3844 4915
709 4916
2077 4917
4087 4918
2930 4919
993 4920
4715 4921
3756 4922
3688 4923
3397 4924
2384 4925
43 4926
4589 4927
4073 4928
3179 4929
473 4930
2517 4931
675 4932
2274 4933
92 4934
2743 4935
257 4936
4769 4937
3511 4938
2058 4939
1897 4940
4873 4941
869 4942
3297 4943
4033 4944
2239 4945
4428 4946
1017 4947
32 4948
2243 4949
3703 4950
4352 4951
2089 4952
3609 4953
1238 4954
2371 4955
4420 4956
1386 4957
2792 4958
872 4959
3977 4960
1879 4961
1518 4962
804 4963
893 4964
1602 4965
774 4966
3767 4967
141 4968
638 4969
1685 4970
1793 4971
890 4972
325 4973
122 4974
4440 4975
2399 4976
1687 4977
1569 4978
139 4979
2633 4980
256 4981
4055 4982
1685 4983
718 4984
2301 4985
4617 4986
49 4987
3906 4988
3124 4989
149 4990
3331 4991
418 4992
4775 4993
2289 4994
4304 4995
2097 4996
2721 4997
4510 4998
3430 4999
220 5000
