1 2
1 3
1 4
4 5
4 6
5 7
1 8
5 9
3 10
9 11
7 12
2 13
13 14
11 15
5 16
14 17
16 18
10 19
17 20
16 21
20 22
7 23
19 24
23 25
17 26
23 27
22 28
15 29
24 30
2 31
10 32
31 33
29 34
2 35
31 36
14 37
33 38
26 39
9 40
25 41
25 42
17 43
18 44
16 45
43 46
5 47
36 48
12 49
35 50
21 51
11 52
45 53
38 54
52 55
15 56
14 57
17 58
49 59
15 60
33 61
54 62
32 63
61 64
25 65
12 66
10 67
8 68
4 69
36 70
53 71
13 72
12 73
40 74
18 75
8 76
4 77
24 78
9 79
52 80
56 81
13 82
45 83
69 84
14 85
19 86
32 87
57 88
23 89
64 90
19 91
25 92
19 93
71 94
30 95
92 96
90 97
62 98
38 99
19 100
77 101
66 102
62 103
97 104
66 105
22 106
77 107
24 108
21 109
22 110
91 111
55 112
4 113
109 114
33 115
83 116
107 117
25 118
117 119
21 120
94 121
106 122
71 123
78 124
100 125
22 126
24 127
89 128
41 129
94 130
66 131
93 132
91 133
118 134
18 135
61 136
46 137
33 138
127 139
37 140
14 141
2 142
53 143
18 144
92 145
107 146
135 147
142 148
83 149
102 150
71 151
25 152
6 153
88 154
7 155
17 156
68 157
70 158
128 159
115 160
112 161
25 162
146 163
23 164
127 165
89 166
162 167
53 168
63 169
113 170
156 171
49 172
114 173
72 174
147 175
93 176
176 177
43 178
59 179
109 180
131 181
34 182
135 183
57 184
179 185
28 186
90 187
53 188
174 189
127 190
143 191
148 192
124 193
80 194
103 195
162 196
135 197
95 198
157 199
135 200
84 201
59 202
129 203
75 204
168 205
127 206
30 207
26 208
198 209
102 210
98 211
3 212
104 213
35 214
188 215
9 216
97 217
88 218
65 219
33 220
5 221
162 222
14 223
17 224
59 225
150 226
170 227
132 228
147 229
224 230
37 231
98 232
176 233
145 234
58 235
43 236
97 237
43 238
15 239
97 240
93 241
152 242
86 243
222 244
112 245
2 246
209 247
127 248
26 249
200 250
83 251
191 252
8 253
47 254
250 255
27 256
225 257
122 258
16 259
182 260
118 261
168 262
71 263
26 264
168 265
137 266
74 267
251 268
179 269
48 270
240 271
224 272
270 273
25 274
77 275
55 276
276 277
217 278
220 279
44 280
275 281
27 282
67 283
269 284
185 285
160 286
203 287
159 288
207 289
146 290
136 291
131 292
110 293
32 294
13 295
145 296
40 297
119 298
236 299
89 300
93 301
110 302
196 303
63 304
138 305
59 306
196 307
6 308
38 309
304 310
254 311
211 312
106 313
277 314
255 315
257 316
312 317
163 318
247 319
20 320
293 321
76 322
130 323
93 324
29 325
286 326
171 327
60 328
66 329
164 330
203 331
119 332
328 333
80 334
174 335
165 336
50 337
193 338
150 339
111 340
11 341
333 342
238 343
101 344
23 345
90 346
135 347
283 348
96 349
141 350
240 351
168 352
25 353
224 354
311 355
316 356
112 357
179 358
87 359
341 360
261 361
42 362
172 363
135 364
346 365
24 366
342 367
333 368
22 369
320 370
20 371
105 372
360 373
348 374
311 375
210 376
46 377
95 378
200 379
206 380
331 381
108 382
143 383
111 384
222 385
5 386
297 387
340 388
354 389
30 390
240 391
88 392
218 393
180 394
371 395
249 396
166 397
56 398
6 399
96 400
357 401
232 402
179 403
22 404
80 405
384 406
194 407
151 408
278 409
269 410
290 411
16 412
140 413
187 414
270 415
242 416
309 417
8 418
106 419
113 420
333 421
218 422
394 423
163 424
177 425
93 426
210 427
358 428
141 429
55 430
96 431
315 432
270 433
371 434
179 435
4 436
190 437
349 438
1 439
212 440
226 441
130 442
291 443
373 444
292 445
114 446
178 447
386 448
89 449
439 450
449 451
97 452
25 453
190 454
332 455
115 456
281 457
191 458
9 459
5 460
280 461
129 462
353 463
182 464
396 465
130 466
204 467
286 468
385 469
106 470
254 471
289 472
78 473
74 474
302 475
316 476
165 477
313 478
458 479
171 480
157 481
149 482
345 483
304 484
287 485
386 486
300 487
406 488
285 489
171 490
406 491
416 492
376 493
348 494
241 495
387 496
343 497
121 498
2 499
33 500
17 501
481 502
167 503
318 504
21 505
164 506
278 507
503 508
337 509
461 510
327 511
26 512
93 513
284 514
33 515
351 516
107 517
175 518
38 519
91 520
26 521
105 522
380 523
56 524
500 525
127 526
497 527
323 528
312 529
65 530
498 531
355 532
359 533
63 534
329 535
412 536
305 537
207 538
396 539
88 540
377 541
536 542
355 543
389 544
216 545
374 546
258 547
323 548
521 549
185 550
155 551
69 552
177 553
19 554
386 555
526 556
469 557
512 558
230 559
506 560
46 561
403 562
417 563
443 564
338 565
46 566
352 567
333 568
19 569
461 570
285 571
478 572
64 573
550 574
76 575
390 576
440 577
306 578
77 579
349 580
22 581
354 582
408 583
199 584
250 585
101 586
245 587
168 588
162 589
238 590
461 591
205 592
450 593
458 594
255 595
503 596
396 597
360 598
199 599
62 600
422 601
347 602
322 603
141 604
540 605
8 606
370 607
13 608
179 609
372 610
508 611
506 612
510 613
410 614
94 615
336 616
174 617
281 618
152 619
60 620
607 621
148 622
79 623
220 624
242 625
433 626
257 627
134 628
450 629
358 630
178 631
335 632
632 633
142 634
519 635
182 636
450 637
543 638
634 639
241 640
214 641
87 642
191 643
331 644
314 645
28 646
114 647
208 648
131 649
155 650
35 651
302 652
616 653
417 654
82 655
492 656
367 657
19 658
524 659
476 660
443 661
140 662
184 663
200 664
581 665
295 666
372 667
181 668
655 669
613 670
325 671
181 672
399 673
200 674
483 675
289 676
35 677
653 678
582 679
597 680
32 681
153 682
576 683
158 684
187 685
464 686
486 687
232 688
588 689
371 690
588 691
576 692
311 693
36 694
590 695
519 696
576 697
213 698
40 699
300 700
630 701
333 702
207 703
257 704
526 705
687 706
336 707
226 708
192 709
426 710
2 711
546 712
221 713
566 714
49 715
61 716
590 717
85 718
508 719
169 720
593 721
355 722
166 723
629 724
694 725
488 726
467 727
330 728
655 729
137 730
9 731
698 732
252 733
717 734
605 735
705 736
295 737
200 738
652 739
504 740
604 741
319 742
158 743
273 744
71 745
611 746
476 747
129 748
610 749
715 750
32 751
532 752
248 753
154 754
543 755
146 756
190 757
176 758
723 759
533 760
708 761
445 762
182 763
391 764
243 765
368 766
93 767
559 768
395 769
357 770
25 771
311 772
612 773
110 774
140 775
349 776
181 777
6 778
67 779
411 780
747 781
255 782
377 783
343 784
330 785
178 786
715 787
36 788
100 789
15 790
758 791
511 792
149 793
390 794
343 795
229 796
682 797
193 798
798 799
794 800
425 801
278 802
488 803
616 804
304 805
601 806
86 807
597 808
27 809
247 810
393 811
597 812
343 813
121 814
575 815
587 816
515 817
95 818
323 819
135 820
525 821
603 822
54 823
719 824
197 825
771 826
424 827
78 828
312 829
154 830
485 831
11 832
675 833
285 834
473 835
437 836
625 837
441 838
340 839
272 840
763 841
372 842
127 843
563 844
833 845
308 846
168 847
4 848
432 849
546 850
495 851
135 852
828 853
787 854
603 855
666 856
662 857
835 858
783 859
312 860
203 861
691 862
491 863
217 864
565 865
659 866
629 867
600 868
109 869
349 870
262 871
344 872
840 873
196 874
449 875
590 876
800 877
550 878
606 879
664 880
638 881
192 882
160 883
774 884
269 885
334 886
799 887
163 888
754 889
540 890
461 891
528 892
649 893
197 894
875 895
22 896
189 897
579 898
835 899
97 900
392 901
310 902
25 903
868 904
763 905
25 906
150 907
254 908
596 909
334 910
606 911
247 912
439 913
381 914
191 915
85 916
144 917
795 918
792 919
745 920
187 921
81 922
267 923
61 924
315 925
870 926
747 927
651 928
264 929
247 930
324 931
703 932
352 933
641 934
169 935
705 936
662 937
901 938
937 939
724 940
761 941
826 942
763 943
411 944
213 945
99 946
532 947
106 948
472 949
466 950
29 951
848 952
683 953
370 954
456 955
295 956
760 957
839 958
137 959
93 960
897 961
716 962
331 963
311 964
238 965
673 966
730 967
498 968
880 969
244 970
83 971
172 972
933 973
350 974
458 975
973 976
615 977
870 978
929 979
557 980
222 981
44 982
660 983
456 984
747 985
895 986
684 987
64 988
157 989
222 990
632 991
987 992
445 993
575 994
307 995
539 996
782 997
500 998
828 999
204 1000
517 1001
670 1002
45 1003
760 1004
344 1005
433 1006
347 1007
59 1008
397 1009
938 1010
303 1011
778 1012
956 1013
350 1014
450 1015
817 1016
798 1017
136 1018
538 1019
115 1020
492 1021
15 1022
292 1023
502 1024
280 1025
537 1026
793 1027
134 1028
78 1029
668 1030
798 1031
976 1032
685 1033
630 1034
9 1035
626 1036
207 1037
785 1038
881 1039
450 1040
29 1041
621 1042
567 1043
597 1044
738 1045
491 1046
485 1047
14 1048
314 1049
746 1050
899 1051
829 1052
516 1053
454 1054
729 1055
951 1056
752 1057
836 1058
849 1059
1012 1060
659 1061
106 1062
911 1063
488 1064
829 1065
1028 1066
928 1067
457 1068
926 1069
345 1070
708 1071
172 1072
980 1073
767 1074
492 1075
651 1076
447 1077
143 1078
477 1079
15 1080
954 1081
182 1082
30 1083
392 1084
658 1085
43 1086
479 1087
831 1088
541 1089
84 1090
566 1091
380 1092
511 1093
483 1094
711 1095
1043 1096
1079 1097
1071 1098
1045 1099
662 1100
535 1101
427 1102
388 1103
1028 1104
219 1105
634 1106
337 1107
944 1108
137 1109
764 1110
818 1111
707 1112
1010 1113
788 1114
419 1115
156 1116
613 1117
106 1118
52 1119
272 1120
443 1121
1071 1122
483 1123
254 1124
114 1125
23 1126
768 1127
478 1128
1104 1129
210 1130
778 1131
74 1132
473 1133
719 1134
270 1135
988 1136
217 1137
887 1138
93 1139
933 1140
249 1141
892 1142
234 1143
658 1144
587 1145
170 1146
407 1147
983 1148
135 1149
440 1150
575 1151
66 1152
29 1153
872 1154
881 1155
402 1156
580 1157
76 1158
731 1159
217 1160
720 1161
185 1162
240 1163
6 1164
586 1165
1117 1166
769 1167
879 1168
401 1169
368 1170
622 1171
866 1172
1079 1173
742 1174
558 1175
186 1176
324 1177
675 1178
770 1179
1 1180
564 1181
1002 1182
328 1183
920 1184
1168 1185
829 1186
434 1187
36 1188
486 1189
831 1190
1085 1191
413 1192
143 1193
1142 1194
58 1195
891 1196
41 1197
584 1198
526 1199
571 1200
798 1201
305 1202
238 1203
136 1204
911 1205
481 1206
905 1207
260 1208
190 1209
311 1210
31 1211
1154 1212
713 1213
274 1214
434 1215
974 1216
581 1217
570 1218
1175 1219
142 1220
751 1221
140 1222
386 1223
385 1224
424 1225
965 1226
458 1227
395 1228
925 1229
854 1230
1152 1231
745 1232
199 1233
702 1234
190 1235
1120 1236
941 1237
1078 1238
201 1239
531 1240
503 1241
193 1242
983 1243
393 1244
913 1245
1146 1246
195 1247
530 1248
140 1249
164 1250
292 1251
407 1252
1044 1253
739 1254
80 1255
924 1256
1048 1257
685 1258
315 1259
1132 1260
761 1261
606 1262
781 1263
581 1264
301 1265
1232 1266
15 1267
1102 1268
1051 1269
643 1270
1216 1271
553 1272
874 1273
939 1274
1219 1275
61 1276
172 1277
867 1278
893 1279
585 1280
44 1281
65 1282
934 1283
621 1284
1189 1285
133 1286
1201 1287
1101 1288
48 1289
276 1290
174 1291
189 1292
1118 1293
40 1294
378 1295
1289 1296
926 1297
737 1298
98 1299
784 1300
803 1301
381 1302
64 1303
823 1304
154 1305
793 1306
1182 1307
700 1308
1297 1309
759 1310
1268 1311
701 1312
978 1313
688 1314
350 1315
383 1316
642 1317
1090 1318
872 1319
979 1320
532 1321
514 1322
349 1323
1128 1324
79 1325
650 1326
1057 1327
878 1328
310 1329
628 1330
1087 1331
1259 1332
428 1333
422 1334
397 1335
413 1336
842 1337
1063 1338
376 1339
209 1340
669 1341
664 1342
867 1343
176 1344
363 1345
842 1346
985 1347
189 1348
1092 1349
510 1350
1177 1351
1022 1352
554 1353
1217 1354
616 1355
531 1356
1171 1357
170 1358
267 1359
986 1360
829 1361
648 1362
1098 1363
1043 1364
210 1365
556 1366
435 1367
886 1368
1009 1369
946 1370
1180 1371
748 1372
1147 1373
1075 1374
985 1375
283 1376
1290 1377
602 1378
317 1379
34 1380
927 1381
74 1382
1127 1383
1185 1384
1366 1385
73 1386
1129 1387
1382 1388
772 1389
602 1390
577 1391
551 1392
74 1393
1241 1394
1158 1395
912 1396
12 1397
976 1398
1391 1399
1065 1400
822 1401
494 1402
12 1403
679 1404
778 1405
1270 1406
360 1407
1165 1408
7 1409
418 1410
390 1411
299 1412
143 1413
790 1414
808 1415
1231 1416
1013 1417
101 1418
305 1419
836 1420
352 1421
125 1422
1163 1423
246 1424
1282 1425
82 1426
866 1427
512 1428
351 1429
620 1430
347 1431
24 1432
616 1433
11 1434
1019 1435
394 1436
520 1437
1179 1438
1158 1439
1250 1440
834 1441
42 1442
964 1443
1387 1444
196 1445
1375 1446
1305 1447
1442 1448
599 1449
5 1450
710 1451
606 1452
651 1453
617 1454
527 1455
1327 1456
1057 1457
1363 1458
1255 1459
334 1460
309 1461
1307 1462
1216 1463
1450 1464
419 1465
714 1466
168 1467
1346 1468
961 1469
1075 1470
1416 1471
1353 1472
50 1473
804 1474
690 1475
1216 1476
11 1477
582 1478
538 1479
1428 1480
850 1481
58 1482
602 1483
100 1484
1467 1485
1366 1486
204 1487
51 1488
899 1489
352 1490
338 1491
1233 1492
1125 1493
473 1494
1026 1495
831 1496
181 1497
1410 1498
16 1499
1463 1500
904 1501
719 1502
1013 1503
203 1504
461 1505
271 1506
55 1507
855 1508
715 1509
1007 1510
1376 1511
431 1512
775 1513
503 1514
383 1515
1287 1516
475 1517
204 1518
1044 1519
1117 1520
230 1521
440 1522
728 1523
1048 1524
1182 1525
265 1526
1331 1527
820 1528
1451 1529
1440 1530
887 1531
216 1532
462 1533
573 1534
107 1535
1525 1536
644 1537
421 1538
292 1539
894 1540
1001 1541
210 1542
437 1543
686 1544
1086 1545
1119 1546
102 1547
879 1548
1144 1549
919 1550
390 1551
528 1552
1394 1553
805 1554
946 1555
1399 1556
1204 1557
81 1558
176 1559
426 1560
255 1561
1013 1562
551 1563
1153 1564
1042 1565
799 1566
1038 1567
953 1568
1371 1569
1018 1570
245 1571
1036 1572
352 1573
841 1574
1417 1575
1482 1576
970 1577
486 1578
464 1579
97 1580
504 1581
1079 1582
1198 1583
577 1584
1284 1585
945 1586
953 1587
354 1588
1252 1589
699 1590
521 1591
880 1592
1485 1593
526 1594
1370 1595
702 1596
799 1597
1476 1598
746 1599
1495 1600
819 1601
645 1602
1179 1603
1502 1604
70 1605
674 1606
523 1607
197 1608
1064 1609
1119 1610
998 1611
1601 1612
517 1613
1229 1614
245 1615
431 1616
462 1617
1420 1618
1481 1619
499 1620
1301 1621
1548 1622
309 1623
222 1624
1493 1625
1351 1626
167 1627
797 1628
1212 1629
986 1630
1318 1631
1403 1632
497 1633
344 1634
514 1635
922 1636
1396 1637
25 1638
574 1639
88 1640
830 1641
1116 1642
770 1643
940 1644
1638 1645
184 1646
1282 1647
839 1648
283 1649
1371 1650
142 1651
705 1652
1468 1653
391 1654
1301 1655
1442 1656
609 1657
1562 1658
1478 1659
1621 1660
1459 1661
1108 1662
1079 1663
757 1664
626 1665
117 1666
923 1667
1508 1668
444 1669
1254 1670
1618 1671
1300 1672
152 1673
1672 1674
488 1675
858 1676
1587 1677
813 1678
638 1679
1542 1680
23 1681
1551 1682
668 1683
160 1684
1348 1685
1579 1686
171 1687
841 1688
21 1689
1193 1690
1376 1691
1575 1692
133 1693
104 1694
282 1695
828 1696
1529 1697
775 1698
1024 1699
594 1700
693 1701
1231 1702
1407 1703
1297 1704
1142 1705
741 1706
616 1707
1328 1708
1277 1709
1079 1710
1589 1711
897 1712
1139 1713
1318 1714
663 1715
194 1716
263 1717
1248 1718
1387 1719
742 1720
562 1721
702 1722
396 1723
83 1724
71 1725
1032 1726
1241 1727
1269 1728
337 1729
340 1730
489 1731
363 1732
33 1733
950 1734
559 1735
1555 1736
955 1737
1247 1738
578 1739
1087 1740
1024 1741
936 1742
578 1743
353 1744
1512 1745
1517 1746
427 1747
472 1748
603 1749
371 1750
1436 1751
1271 1752
666 1753
1513 1754
1112 1755
1001 1756
1721 1757
1003 1758
1749 1759
1383 1760
628 1761
638 1762
1598 1763
1384 1764
1117 1765
1068 1766
1314 1767
793 1768
1297 1769
1651 1770
771 1771
1132 1772
179 1773
321 1774
534 1775
438 1776
187 1777
259 1778
1241 1779
909 1780
389 1781
1766 1782
1660 1783
26 1784
1605 1785
650 1786
759 1787
459 1788
534 1789
472 1790
1300 1791
562 1792
1218 1793
764 1794
153 1795
552 1796
963 1797
264 1798
1351 1799
1546 1800
1482 1801
240 1802
1797 1803
45 1804
764 1805
832 1806
792 1807
151 1808
816 1809
1201 1810
1325 1811
1135 1812
1299 1813
821 1814
1225 1815
1778 1816
1007 1817
505 1818
103 1819
1254 1820
1220 1821
309 1822
216 1823
1096 1824
1638 1825
1014 1826
1786 1827
467 1828
659 1829
125 1830
1481 1831
865 1832
670 1833
1143 1834
1821 1835
1544 1836
634 1837
470 1838
1172 1839
659 1840
1348 1841
1432 1842
842 1843
463 1844
1659 1845
946 1846
46 1847
569 1848
1587 1849
1367 1850
1431 1851
319 1852
1668 1853
1180 1854
1645 1855
643 1856
733 1857
859 1858
1627 1859
1041 1860
821 1861
931 1862
350 1863
258 1864
787 1865
1476 1866
909 1867
1122 1868
678 1869
1673 1870
1470 1871
731 1872
1077 1873
83 1874
1324 1875
389 1876
1096 1877
1631 1878
1838 1879
1057 1880
413 1881
187 1882
917 1883
1087 1884
993 1885
381 1886
1233 1887
594 1888
594 1889
109 1890
71 1891
652 1892
1014 1893
389 1894
147 1895
1123 1896
357 1897
79 1898
508 1899
1259 1900
884 1901
1518 1902
1809 1903
1186 1904
1573 1905
789 1906
205 1907
263 1908
951 1909
1524 1910
1277 1911
37 1912
344 1913
213 1914
297 1915
822 1916
1066 1917
1042 1918
884 1919
1364 1920
1000 1921
1167 1922
210 1923
5 1924
1131 1925
1034 1926
1842 1927
80 1928
1201 1929
166 1930
658 1931
1331 1932
287 1933
1876 1934
1063 1935
154 1936
1154 1937
1064 1938
1647 1939
303 1940
432 1941
1560 1942
170 1943
1867 1944
415 1945
681 1946
442 1947
14 1948
1015 1949
260 1950
1547 1951
149 1952
57 1953
989 1954
152 1955
828 1956
1599 1957
1657 1958
1615 1959
1853 1960
1889 1961
690 1962
1169 1963
1610 1964
517 1965
246 1966
831 1967
1245 1968
1916 1969
702 1970
633 1971
1644 1972
702 1973
921 1974
771 1975
1523 1976
270 1977
227 1978
66 1979
457 1980
1132 1981
398 1982
733 1983
744 1984
1240 1985
758 1986
427 1987
517 1988
1026 1989
1304 1990
195 1991
1775 1992
1357 1993
1637 1994
427 1995
1651 1996
846 1997
1717 1998
1375 1999
1376 2000
821 2001
1455 2002
272 2003
1007 2004
531 2005
1942 2006
1805 2007
114 2008
400 2009
1590 2010
207 2011
1878 2012
1437 2013
1568 2014
1129 2015
873 2016
1836 2017
1452 2018
1822 2019
474 2020
816 2021
1947 2022
901 2023
1299 2024
1985 2025
971 2026
1855 2027
1965 2028
376 2029
111 2030
67 2031
939 2032
221 2033
628 2034
1817 2035
463 2036
755 2037
1671 2038
1280 2039
556 2040
1164 2041
401 2042
1132 2043
809 2044
332 2045
1160 2046
1454 2047
710 2048
730 2049
728 2050
1702 2051
222 2052
1587 2053
1770 2054
1762 2055
859 2056
1633 2057
1171 2058
1378 2059
282 2060
571 2061
1963 2062
1081 2063
1095 2064
624 2065
1188 2066
707 2067
1894 2068
909 2069
777 2070
1515 2071
1155 2072
1766 2073
250 2074
2011 2075
1188 2076
911 2077
1549 2078
701 2079
1341 2080
1718 2081
2024 2082
722 2083
1694 2084
1299 2085
1175 2086
878 2087
1448 2088
719 2089
1239 2090
2034 2091
944 2092
11 2093
540 2094
807 2095
1780 2096
415 2097
1701 2098
897 2099
1876 2100
721 2101
1985 2102
1410 2103
42 2104
80 2105
2058 2106
1974 2107
268 2108
1229 2109
671 2110
860 2111
39 2112
1327 2113
965 2114
393 2115
1580 2116
161 2117
1827 2118
863 2119
785 2120
993 2121
1800 2122
1025 2123
67 2124
1311 2125
651 2126
2029 2127
324 2128
410 2129
1403 2130
577 2131
1871 2132
905 2133
654 2134
2061 2135
1582 2136
1322 2137
912 2138
737 2139
1028 2140
336 2141
194 2142
561 2143
1028 2144
2114 2145
118 2146
1750 2147
1454 2148
1378 2149
1653 2150
570 2151
304 2152
1283 2153
2037 2154
1923 2155
1567 2156
333 2157
1754 2158
2120 2159
503 2160
786 2161
491 2162
873 2163
302 2164
953 2165
1034 2166
313 2167
1721 2168
1778 2169
1684 2170
373 2171
1576 2172
2057 2173
1183 2174
710 2175
471 2176
14 2177
1184 2178
613 2179
1813 2180
2164 2181
1657 2182
1451 2183
2056 2184
1603 2185
1512 2186
1406 2187
1983 2188
1469 2189
758 2190
1945 2191
401 2192
327 2193
1948 2194
974 2195
2014 2196
149 2197
2019 2198
1386 2199
1989 2200
1476 2201
698 2202
1815 2203
2005 2204
1358 2205
1432 2206
1427 2207
106 2208
545 2209
248 2210
1029 2211
867 2212
2135 2213
479 2214
729 2215
1482 2216
455 2217
598 2218
691 2219
138 2220
1728 2221
271 2222
835 2223
254 2224
359 2225
616 2226
1934 2227
1736 2228
312 2229
2061 2230
352 2231
946 2232
503 2233
1517 2234
1389 2235
2051 2236
2079 2237
872 2238
1307 2239
2035 2240
1216 2241
1668 2242
597 2243
703 2244
129 2245
1686 2246
1294 2247
1680 2248
91 2249
173 2250
192 2251
54 2252
1915 2253
1304 2254
891 2255
263 2256
386 2257
299 2258
1858 2259
196 2260
1977 2261
183 2262
2248 2263
1454 2264
626 2265
1816 2266
1306 2267
876 2268
2005 2269
1595 2270
1054 2271
750 2272
1776 2273
695 2274
241 2275
2119 2276
1859 2277
217 2278
2109 2279
849 2280
855 2281
1268 2282
558 2283
1373 2284
1290 2285
1700 2286
1246 2287
1214 2288
2016 2289
1394 2290
1478 2291
387 2292
2147 2293
2268 2294
1195 2295
834 2296
1326 2297
853 2298
1666 2299
1696 2300
1676 2301
279 2302
1502 2303
1430 2304
362 2305
1807 2306
1113 2307
746 2308
776 2309
128 2310
1001 2311
1757 2312
455 2313
2181 2314
2288 2315
372 2316
969 2317
1373 2318
1644 2319
1907 2320
383 2321
485 2322
2298 2323
1636 2324
1106 2325
1739 2326
420 2327
1724 2328
670 2329
692 2330
884 2331
396 2332
2124 2333
821 2334
1711 2335
1978 2336
1117 2337
2271 2338
1309 2339
1702 2340
216 2341
983 2342
800 2343
1908 2344
959 2345
1101 2346
1924 2347
2084 2348
1390 2349
2129 2350
2136 2351
301 2352
280 2353
1230 2354
1126 2355
2189 2356
2294 2357
112 2358
1057 2359
404 2360
1394 2361
1004 2362
1417 2363
2113 2364
1034 2365
136 2366
255 2367
1507 2368
1512 2369
438 2370
1985 2371
294 2372
761 2373
1971 2374
385 2375
254 2376
835 2377
398 2378
910 2379
245 2380
1956 2381
2331 2382
2031 2383
1411 2384
982 2385
870 2386
1374 2387
819 2388
1134 2389
708 2390
2289 2391
824 2392
1674 2393
2321 2394
1772 2395
917 2396
2340 2397
311 2398
691 2399
187 2400
1896 2401
802 2402
1628 2403
1482 2404
564 2405
2103 2406
620 2407
966 2408
378 2409
985 2410
2366 2411
1729 2412
1470 2413
818 2414
212 2415
134 2416
713 2417
1510 2418
1040 2419
558 2420
1299 2421
1029 2422
1432 2423
250 2424
2071 2425
1262 2426
1546 2427
1612 2428
80 2429
44 2430
13 2431
312 2432
1643 2433
1907 2434
1306 2435
1669 2436
2250 2437
1879 2438
436 2439
1896 2440
478 2441
715 2442
2133 2443
1725 2444
263 2445
2019 2446
1995 2447
1470 2448
1008 2449
230 2450
1053 2451
2088 2452
595 2453
1703 2454
2025 2455
263 2456
822 2457
2280 2458
1824 2459
496 2460
814 2461
106 2462
836 2463
558 2464
1957 2465
1850 2466
2258 2467
1753 2468
1296 2469
2276 2470
408 2471
809 2472
634 2473
1794 2474
1018 2475
1484 2476
2 2477
1082 2478
720 2479
1866 2480
2417 2481
2481 2482
893 2483
2470 2484
299 2485
163 2486
1984 2487
2286 2488
995 2489
1854 2490
110 2491
2384 2492
771 2493
2087 2494
1354 2495
654 2496
1383 2497
2018 2498
1996 2499
1695 2500
1699 2501
1569 2502
1082 2503
1617 2504
2078 2505
1524 2506
285 2507
2247 2508
1304 2509
10 2510
1679 2511
1755 2512
1803 2513
1601 2514
123 2515
2448 2516
1499 2517
2082 2518
1384 2519
1559 2520
1164 2521
55 2522
1839 2523
1774 2524
2278 2525
42 2526
588 2527
1647 2528
117 2529
544 2530
1415 2531
1310 2532
2102 2533
310 2534
1636 2535
982 2536
202 2537
1272 2538
81 2539
1630 2540
268 2541
1128 2542
1996 2543
1317 2544
645 2545
2109 2546
2142 2547
42 2548
280 2549
1038 2550
946 2551
1333 2552
182 2553
689 2554
182 2555
1957 2556
2320 2557
126 2558
2343 2559
555 2560
1054 2561
831 2562
702 2563
855 2564
428 2565
1566 2566
2049 2567
2047 2568
1953 2569
1723 2570
1166 2571
1083 2572
637 2573
310 2574
1164 2575
203 2576
734 2577
1310 2578
713 2579
941 2580
2271 2581
569 2582
1719 2583
2337 2584
1085 2585
1009 2586
1963 2587
1073 2588
10 2589
1401 2590
2389 2591
1790 2592
2129 2593
1171 2594
411 2595
1325 2596
2104 2597
1003 2598
888 2599
787 2600
1889 2601
35 2602
862 2603
2085 2604
2269 2605
1050 2606
674 2607
1872 2608
2069 2609
675 2610
1278 2611
1902 2612
1960 2613
2057 2614
2546 2615
854 2616
195 2617
2468 2618
1041 2619
2155 2620
753 2621
135 2622
1824 2623
779 2624
1441 2625
2271 2626
305 2627
1975 2628
2349 2629
24 2630
1088 2631
2237 2632
6 2633
1736 2634
31 2635
232 2636
1540 2637
861 2638
1020 2639
1108 2640
197 2641
1283 2642
1530 2643
2522 2644
1606 2645
1177 2646
1919 2647
1238 2648
300 2649
424 2650
1205 2651
524 2652
607 2653
588 2654
2402 2655
451 2656
2521 2657
1978 2658
1100 2659
1165 2660
376 2661
1297 2662
2155 2663
2438 2664
2655 2665
1384 2666
1521 2667
1978 2668
1347 2669
1136 2670
926 2671
780 2672
614 2673
1325 2674
546 2675
616 2676
2355 2677
1667 2678
2008 2679
978 2680
1620 2681
60 2682
733 2683
1631 2684
2646 2685
2390 2686
1706 2687
1866 2688
2500 2689
1467 2690
1363 2691
1016 2692
1199 2693
2419 2694
2172 2695
2311 2696
1110 2697
1355 2698
1457 2699
2647 2700
1046 2701
2215 2702
1673 2703
2558 2704
671 2705
1821 2706
2143 2707
2542 2708
133 2709
1157 2710
1424 2711
2068 2712
382 2713
1368 2714
2241 2715
2369 2716
1330 2717
1463 2718
195 2719
2522 2720
2697 2721
1400 2722
2429 2723
1604 2724
2190 2725
2625 2726
31 2727
2677 2728
2261 2729
254 2730
588 2731
750 2732
2079 2733
1208 2734
2616 2735
2375 2736
2734 2737
489 2738
627 2739
2576 2740
1242 2741
1750 2742
1565 2743
776 2744
1870 2745
1568 2746
1803 2747
1566 2748
2366 2749
386 2750
2641 2751
215 2752
1912 2753
2071 2754
2179 2755
2484 2756
2458 2757
44 2758
893 2759
2010 2760
1905 2761
518 2762
1885 2763
12 2764
1069 2765
1748 2766
2108 2767
1030 2768
621 2769
2469 2770
1030 2771
866 2772
646 2773
1046 2774
2143 2775
486 2776
1628 2777
2261 2778
1175 2779
1948 2780
2715 2781
1722 2782
2443 2783
1140 2784
402 2785
1983 2786
915 2787
345 2788
1544 2789
2443 2790
1338 2791
1256 2792
1378 2793
2736 2794
1405 2795
2297 2796
1165 2797
562 2798
1675 2799
16 2800
2303 2801
1603 2802
1709 2803
2767 2804
2077 2805
2076 2806
2481 2807
140 2808
1007 2809
336 2810
2712 2811
2460 2812
2493 2813
2074 2814
1976 2815
723 2816
1449 2817
2191 2818
747 2819
1842 2820
291 2821
1723 2822
1650 2823
1001 2824
546 2825
2479 2826
2034 2827
2409 2828
27 2829
793 2830
847 2831
2322 2832
2546 2833
2085 2834
276 2835
129 2836
285 2837
1820 2838
2570 2839
673 2840
1848 2841
1453 2842
2113 2843
1336 2844
1338 2845
1138 2846
34 2847
2774 2848
114 2849
768 2850
1290 2851
212 2852
2220 2853
1750 2854
666 2855
1903 2856
21 2857
345 2858
764 2859
436 2860
1942 2861
1425 2862
759 2863
2738 2864
30 2865
2648 2866
2480 2867
2444 2868
2053 2869
2582 2870
259 2871
1580 2872
411 2873
2056 2874
2477 2875
1011 2876
474 2877
2386 2878
1059 2879
1841 2880
239 2881
2142 2882
1075 2883
530 2884
846 2885
1407 2886
1072 2887
1515 2888
1940 2889
533 2890
735 2891
535 2892
1738 2893
1986 2894
2506 2895
2192 2896
421 2897
1114 2898
1760 2899
2674 2900
2796 2901
1467 2902
1576 2903
2862 2904
2216 2905
473 2906
815 2907
1060 2908
2116 2909
2681 2910
2130 2911
2181 2912
375 2913
512 2914
1149 2915
1605 2916
1605 2917
1022 2918
2843 2919
1649 2920
234 2921
2329 2922
2382 2923
2452 2924
1617 2925
1514 2926
536 2927
1788 2928
1058 2929
2744 2930
1151 2931
2732 2932
1074 2933
2799 2934
946 2935
978 2936
2064 2937
2074 2938
2285 2939
734 2940
498 2941
697 2942
784 2943
2838 2944
2175 2945
671 2946
1817 2947
2858 2948
2487 2949
295 2950
2511 2951
1840 2952
781 2953
452 2954
1434 2955
2552 2956
498 2957
1529 2958
765 2959
110 2960
1587 2961
910 2962
2226 2963
2834 2964
2099 2965
2033 2966
149 2967
1268 2968
1044 2969
799 2970
1455 2971
1823 2972
2367 2973
2705 2974
841 2975
2383 2976
2965 2977
2271 2978
2636 2979
2942 2980
2228 2981
1905 2982
2349 2983
1762 2984
2435 2985
1524 2986
31 2987
1548 2988
572 2989
2789 2990
2752 2991
120 2992
2711 2993
732 2994
2002 2995
1383 2996
359 2997
1795 2998
671 2999
409 3000
181 3001
2850 3002
525 3003
948 3004
1760 3005
2886 3006
67 3007
2298 3008
342 3009
1166 3010
499 3011
409 3012
792 3013
2086 3014
1581 3015
1564 3016
2902 3017
2549 3018
2065 3019
2861 3020
2815 3021
2111 3022
2945 3023
2344 3024
2880 3025
1261 3026
2559 3027
1065 3028
39 3029
619 3030
2241 3031
2307 3032
2800 3033
157 3034
1977 3035
999 3036
110 3037
2719 3038
1975 3039
1985 3040
1794 3041
1053 3042
858 3043
1184 3044
319 3045
554 3046
2090 3047
670 3048
907 3049
2382 3050
1993 3051
1826 3052
1772 3053
1827 3054
102 3055
161 3056
844 3057
2324 3058
1782 3059
2627 3060
2708 3061
2149 3062
2728 3063
419 3064
1704 3065
30 3066
2905 3067
2066 3068
418 3069
1188 3070
99 3071
1765 3072
883 3073
1685 3074
632 3075
1687 3076
324 3077
2592 3078
3037 3079
384 3080
3030 3081
2931 3082
1530 3083
1081 3084
2364 3085
1736 3086
2804 3087
1882 3088
2847 3089
2797 3090
240 3091
2515 3092
2457 3093
1505 3094
510 3095
1893 3096
107 3097
1988 3098
169 3099
2737 3100
2569 3101
1168 3102
2413 3103
1234 3104
2972 3105
688 3106
841 3107
54 3108
822 3109
1812 3110
2722 3111
2621 3112
1612 3113
2676 3114
2787 3115
1844 3116
517 3117
1225 3118
2235 3119
614 3120
1942 3121
494 3122
99 3123
1918 3124
161 3125
264 3126
919 3127
228 3128
1971 3129
1081 3130
2447 3131
481 3132
2160 3133
1989 3134
1968 3135
1652 3136
1871 3137
145 3138
1897 3139
2479 3140
687 3141
1302 3142
1480 3143
2402 3144
507 3145
1255 3146
1827 3147
397 3148
45 3149
3133 3150
2050 3151
1012 3152
2460 3153
878 3154
2868 3155
2738 3156
611 3157
973 3158
2950 3159
131 3160
2280 3161
1137 3162
518 3163
294 3164
614 3165
3072 3166
387 3167
2832 3168
1869 3169
1340 3170
1766 3171
643 3172
2866 3173
2568 3174
490 3175
1803 3176
2612 3177
2796 3178
2545 3179
1790 3180
476 3181
997 3182
1505 3183
1488 3184
2287 3185
2288 3186
471 3187
1590 3188
887 3189
1101 3190
2250 3191
450 3192
2057 3193
1892 3194
607 3195
440 3196
575 3197
1956 3198
481 3199
431 3200
1994 3201
13 3202
1004 3203
62 3204
1324 3205
2616 3206
1291 3207
1474 3208
1558 3209
1690 3210
94 3211
1387 3212
2555 3213
3044 3214
838 3215
2510 3216
2130 3217
1558 3218
547 3219
1113 3220
1716 3221
3086 3222
3085 3223
359 3224
1067 3225
1915 3226
2648 3227
3226 3228
553 3229
1363 3230
2655 3231
1672 3232
1496 3233
865 3234
628 3235
1700 3236
2895 3237
2789 3238
568 3239
3118 3240
1695 3241
355 3242
903 3243
3044 3244
1715 3245
694 3246
379 3247
1433 3248
2164 3249
631 3250
3190 3251
1295 3252
499 3253
1261 3254
1363 3255
2687 3256
119 3257
331 3258
133 3259
120 3260
1045 3261
1842 3262
2546 3263
982 3264
2104 3265
2801 3266
2375 3267
780 3268
2501 3269
172 3270
991 3271
2979 3272
2337 3273
1783 3274
2863 3275
2874 3276
1338 3277
2116 3278
2586 3279
291 3280
995 3281
267 3282
219 3283
945 3284
2494 3285
1091 3286
2086 3287
2284 3288
1998 3289
223 3290
574 3291
622 3292
1854 3293
1098 3294
1162 3295
1218 3296
1983 3297
3085 3298
2231 3299
3042 3300
3162 3301
955 3302
2773 3303
2240 3304
975 3305
582 3306
2963 3307
2837 3308
1325 3309
1254 3310
1520 3311
2015 3312
212 3313
900 3314
338 3315
1390 3316
896 3317
682 3318
1795 3319
1620 3320
3006 3321
3042 3322
119 3323
3043 3324
2678 3325
1395 3326
2811 3327
1403 3328
2794 3329
904 3330
266 3331
454 3332
2666 3333
1349 3334
2796 3335
1075 3336
171 3337
2265 3338
2887 3339
1299 3340
2852 3341
2284 3342
2436 3343
475 3344
1138 3345
2577 3346
2974 3347
2 3348
2657 3349
1894 3350
2150 3351
128 3352
228 3353
1103 3354
2203 3355
847 3356
811 3357
901 3358
1154 3359
22 3360
1147 3361
869 3362
3156 3363
708 3364
2461 3365
1137 3366
2489 3367
2410 3368
553 3369
632 3370
411 3371
286 3372
92 3373
2135 3374
945 3375
2417 3376
1876 3377
2250 3378
2333 3379
2245 3380
1402 3381
2206 3382
1458 3383
2992 3384
62 3385
2311 3386
1164 3387
2820 3388
2856 3389
821 3390
1031 3391
2874 3392
1778 3393
2347 3394
1938 3395
1122 3396
3049 3397
2683 3398
3083 3399
614 3400
918 3401
741 3402
2252 3403
25 3404
1021 3405
1395 3406
2925 3407
256 3408
1037 3409
3194 3410
1462 3411
74 3412
1768 3413
2870 3414
2710 3415
2136 3416
3238 3417
3082 3418
1910 3419
1406 3420
3394 3421
3128 3422
403 3423
707 3424
2614 3425
748 3426
3153 3427
1034 3428
3159 3429
613 3430
2323 3431
2464 3432
1932 3433
655 3434
2307 3435
804 3436
329 3437
1502 3438
2262 3439
2384 3440
925 3441
2779 3442
1598 3443
627 3444
1511 3445
707 3446
709 3447
2682 3448
803 3449
726 3450
1412 3451
2455 3452
645 3453
2948 3454
3142 3455
13 3456
1801 3457
2963 3458
2968 3459
3095 3460
3256 3461
2244 3462
3324 3463
2567 3464
2160 3465
238 3466
566 3467
2037 3468
2038 3469
20 3470
2741 3471
2592 3472
1694 3473
2663 3474
2621 3475
3272 3476
2818 3477
1535 3478
1684 3479
2251 3480
2142 3481
3025 3482
1983 3483
98 3484
156 3485
2494 3486
803 3487
2009 3488
2916 3489
2281 3490
14 3491
530 3492
1349 3493
33 3494
106 3495
2919 3496
1020 3497
2096 3498
382 3499
297 3500
830 3501
399 3502
2224 3503
1549 3504
77 3505
3199 3506
3165 3507
2348 3508
950 3509
1117 3510
1384 3511
2842 3512
2775 3513
432 3514
2740 3515
2670 3516
2201 3517
2680 3518
2200 3519
73 3520
6 3521
1741 3522
2177 3523
541 3524
1347 3525
1964 3526
1379 3527
2790 3528
1002 3529
3469 3530
669 3531
1920 3532
2969 3533
1335 3534
2873 3535
3375 3536
1795 3537
747 3538
141 3539
1084 3540
1507 3541
1304 3542
2152 3543
1436 3544
3486 3545
3329 3546
1207 3547
485 3548
1201 3549
352 3550
335 3551
1716 3552
2217 3553
634 3554
2289 3555
2572 3556
259 3557
3065 3558
1960 3559
2735 3560
2767 3561
1866 3562
1258 3563
2923 3564
2549 3565
3232 3566
2210 3567
380 3568
3530 3569
805 3570
2755 3571
300 3572
2988 3573
1299 3574
3077 3575
190 3576
414 3577
3076 3578
2938 3579
622 3580
957 3581
2260 3582
413 3583
538 3584
2160 3585
1683 3586
1408 3587
3140 3588
393 3589
131 3590
3305 3591
1452 3592
1066 3593
3168 3594
889 3595
1937 3596
1552 3597
2140 3598
216 3599
2371 3600
2502 3601
2431 3602
1515 3603
1584 3604
2621 3605
3473 3606
1138 3607
1434 3608
612 3609
568 3610
923 3611
3393 3612
3205 3613
977 3614
847 3615
224 3616
789 3617
2007 3618
725 3619
1499 3620
3348 3621
1769 3622
2492 3623
2559 3624
1261 3625
1007 3626
2555 3627
1261 3628
2805 3629
2353 3630
719 3631
3582 3632
919 3633
168 3634
3322 3635
571 3636
1728 3637
2586 3638
3593 3639
1691 3640
2489 3641
3612 3642
282 3643
2131 3644
2113 3645
3504 3646
1532 3647
3168 3648
3226 3649
2768 3650
1252 3651
1341 3652
2844 3653
925 3654
3075 3655
2185 3656
3464 3657
2957 3658
879 3659
838 3660
1801 3661
3257 3662
1258 3663
2570 3664
3619 3665
2591 3666
531 3667
2514 3668
3376 3669
1617 3670
312 3671
2343 3672
1789 3673
2019 3674
2185 3675
1708 3676
580 3677
3610 3678
2721 3679
1172 3680
2591 3681
2305 3682
1194 3683
971 3684
2666 3685
1708 3686
3584 3687
752 3688
2102 3689
2618 3690
2820 3691
922 3692
1584 3693
2821 3694
3033 3695
41 3696
2277 3697
3488 3698
3597 3699
581 3700
3633 3701
3103 3702
3012 3703
2013 3704
1403 3705
1006 3706
990 3707
2601 3708
2360 3709
1373 3710
796 3711
1727 3712
2038 3713
3226 3714
2095 3715
1000 3716
3472 3717
2340 3718
23 3719
2814 3720
3537 3721
2954 3722
826 3723
2719 3724
40 3725
242 3726
324 3727
1722 3728
1578 3729
623 3730
257 3731
2928 3732
585 3733
3482 3734
808 3735
870 3736
3188 3737
2491 3738
3093 3739
1494 3740
685 3741
881 3742
3334 3743
386 3744
2567 3745
2399 3746
839 3747
3631 3748
1935 3749
3093 3750
665 3751
1338 3752
95 3753
1366 3754
2039 3755
1747 3756
776 3757
1721 3758
256 3759
1121 3760
2635 3761
3281 3762
2909 3763
1841 3764
1731 3765
3738 3766
3333 3767
2994 3768
1700 3769
3295 3770
1212 3771
3414 3772
1107 3773
245 3774
2061 3775
1769 3776
2152 3777
1174 3778
1155 3779
2750 3780
3094 3781
2213 3782
1478 3783
1332 3784
3181 3785
2502 3786
70 3787
3711 3788
227 3789
3700 3790
2536 3791
213 3792
385 3793
3569 3794
3347 3795
3050 3796
1896 3797
1678 3798
2543 3799
1131 3800
231 3801
131 3802
2788 3803
1348 3804
3330 3805
366 3806
977 3807
3038 3808
2985 3809
3171 3810
3009 3811
3737 3812
884 3813
3306 3814
2506 3815
2606 3816
141 3817
3653 3818
900 3819
1416 3820
910 3821
988 3822
3207 3823
2586 3824
479 3825
3247 3826
126 3827
702 3828
821 3829
803 3830
1756 3831
781 3832
3031 3833
1442 3834
3288 3835
1348 3836
3745 3837
2449 3838
2989 3839
3227 3840
400 3841
527 3842
3389 3843
637 3844
1199 3845
1078 3846
3468 3847
2770 3848
2838 3849
2192 3850
1231 3851
2264 3852
297 3853
1630 3854
1591 3855
116 3856
2955 3857
2701 3858
1326 3859
1044 3860
618 3861
2914 3862
1160 3863
665 3864
2073 3865
1094 3866
950 3867
2574 3868
889 3869
3772 3870
3353 3871
3367 3872
2637 3873
2062 3874
647 3875
2087 3876
3208 3877
3216 3878
1448 3879
2655 3880
197 3881
2838 3882
1770 3883
1916 3884
1672 3885
2240 3886
2683 3887
1162 3888
2462 3889
2292 3890
3673 3891
1119 3892
3566 3893
2526 3894
3690 3895
3298 3896
1205 3897
2418 3898
3034 3899
2311 3900
2115 3901
3501 3902
1508 3903
395 3904
789 3905
1242 3906
2239 3907
3244 3908
603 3909
1820 3910
1411 3911
2530 3912
572 3913
1410 3914
774 3915
297 3916
2960 3917
1217 3918
1487 3919
3200 3920
1517 3921
2421 3922
2565 3923
1541 3924
255 3925
609 3926
3472 3927
267 3928
461 3929
3486 3930
2060 3931
92 3932
3203 3933
2045 3934
2860 3935
2912 3936
3525 3937
1977 3938
3105 3939
598 3940
2953 3941
1659 3942
390 3943
3612 3944
2546 3945
3573 3946
3309 3947
3032 3948
3250 3949
1636 3950
1058 3951
3180 3952
1983 3953
804 3954
2744 3955
1362 3956
920 3957
3246 3958
156 3959
1805 3960
3921 3961
3445 3962
495 3963
2723 3964
3358 3965
3826 3966
910 3967
2539 3968
3153 3969
2935 3970
3728 3971
3059 3972
3710 3973
3261 3974
2174 3975
2125 3976
292 3977
331 3978
3265 3979
3768 3980
662 3981
659 3982
1457 3983
64 3984
1303 3985
202 3986
1221 3987
1341 3988
1790 3989
468 3990
2509 3991
2985 3992
1010 3993
2384 3994
1546 3995
1492 3996
2597 3997
3485 3998
1039 3999
1317 4000
3136 4001
2412 4002
1713 4003
1693 4004
916 4005
319 4006
2187 4007
785 4008
3633 4009
1698 4010
2000 4011
2544 4012
128 4013
1200 4014
3670 4015
1160 4016
2738 4017
1653 4018
3731 4019
526 4020
2766 4021
3797 4022
3786 4023
3625 4024
64 4025
3017 4026
2730 4027
1711 4028
137 4029
3867 4030
1729 4031
3498 4032
2823 4033
2275 4034
3349 4035
1290 4036
1795 4037
3152 4038
2802 4039
1992 4040
1466 4041
2504 4042
2582 4043
2244 4044
3657 4045
356 4046
1650 4047
1279 4048
1829 4049
2177 4050
115 4051
2448 4052
339 4053
3833 4054
3608 4055
3152 4056
1006 4057
2441 4058
3641 4059
1200 4060
3630 4061
2143 4062
3483 4063
501 4064
704 4065
3963 4066
681 4067
2389 4068
4022 4069
3852 4070
2524 4071
1344 4072
1808 4073
4003 4074
152 4075
2540 4076
1968 4077
919 4078
2696 4079
2259 4080
3466 4081
3954 4082
3839 4083
4007 4084
1105 4085
406 4086
1537 4087
1106 4088
3365 4089
3752 4090
943 4091
1059 4092
3555 4093
3772 4094
1514 4095
45 4096
3369 4097
1032 4098
3279 4099
985 4100
1803 4101
2437 4102
3082 4103
1033 4104
1217 4105
3535 4106
1668 4107
1644 4108
1387 4109
3082 4110
945 4111
479 4112
3944 4113
2119 4114
2218 4115
2302 4116
176 4117
2356 4118
3842 4119
3328 4120
1558 4121
3992 4122
3963 4123
3481 4124
2192 4125
907 4126
1372 4127
2266 4128
139 4129
805 4130
4025 4131
1323 4132
1313 4133
142 4134
2820 4135
3694 4136
609 4137
1495 4138
435 4139
2689 4140
23 4141
2234 4142
938 4143
1811 4144
2444 4145
1399 4146
802 4147
778 4148
2431 4149
2346 4150
2697 4151
2755 4152
3613 4153
1176 4154
201 4155
4067 4156
1846 4157
3810 4158
1418 4159
3438 4160
4007 4161
3369 4162
2365 4163
1698 4164
2980 4165
4100 4166
3550 4167
1124 4168
1187 4169
3644 4170
1386 4171
2910 4172
2711 4173
675 4174
2578 4175
3316 4176
2180 4177
556 4178
4141 4179
4139 4180
544 4181
1824 4182
1813 4183
1917 4184
1121 4185
3478 4186
43 4187
2787 4188
2747 4189
227 4190
1441 4191
2901 4192
3791 4193
1004 4194
2484 4195
2834 4196
3803 4197
2514 4198
3761 4199
1866 4200
423 4201
3058 4202
1249 4203
4075 4204
631 4205
1359 4206
555 4207
462 4208
904 4209
328 4210
2876 4211
2542 4212
1308 4213
1872 4214
2094 4215
3773 4216
2374 4217
1958 4218
2724 4219
1525 4220
1318 4221
1584 4222
2066 4223
3660 4224
3039 4225
1182 4226
716 4227
489 4228
1931 4229
2271 4230
2007 4231
109 4232
3258 4233
1770 4234
1853 4235
2350 4236
2880 4237
3119 4238
1973 4239
3061 4240
3751 4241
1618 4242
3791 4243
2245 4244
1985 4245
1454 4246
522 4247
3020 4248
1546 4249
2547 4250
1322 4251
2375 4252
120 4253
439 4254
3557 4255
2417 4256
1203 4257
2952 4258
439 4259
3192 4260
2937 4261
98 4262
3007 4263
3449 4264
2579 4265
2301 4266
1730 4267
588 4268
2346 4269
1463 4270
1856 4271
1720 4272
530 4273
1312 4274
2045 4275
11 4276
1036 4277
3143 4278
3755 4279
979 4280
548 4281
3316 4282
2606 4283
1443 4284
2037 4285
963 4286
3427 4287
3968 4288
4066 4289
2926 4290
3277 4291
1390 4292
2287 4293
1115 4294
1571 4295
373 4296
352 4297
3962 4298
3910 4299
3326 4300
3307 4301
1677 4302
2710 4303
1742 4304
3354 4305
869 4306
1410 4307
369 4308
1108 4309
3153 4310
2380 4311
3172 4312
4011 4313
3912 4314
3002 4315
2559 4316
66 4317
3100 4318
2940 4319
1961 4320
3977 4321
1272 4322
235 4323
3276 4324
841 4325
2463 4326
2245 4327
316 4328
554 4329
845 4330
480 4331
223 4332
1907 4333
1423 4334
1652 4335
2683 4336
502 4337
196 4338
953 4339
545 4340
3089 4341
3948 4342
1065 4343
2555 4344
2068 4345
167 4346
1243 4347
1915 4348
1013 4349
355 4350
3779 4351
2252 4352
4233 4353
583 4354
2674 4355
267 4356
3438 4357
4168 4358
3659 4359
2659 4360
3098 4361
1186 4362
692 4363
188 4364
1228 4365
1645 4366
3725 4367
3204 4368
3924 4369
447 4370
1410 4371
2147 4372
1580 4373
3071 4374
2491 4375
2648 4376
2924 4377
3682 4378
2287 4379
1109 4380
1835 4381
2404 4382
1689 4383
978 4384
1889 4385
2465 4386
4036 4387
3399 4388
2893 4389
2040 4390
3189 4391
3741 4392
2653 4393
3695 4394
1348 4395
1907 4396
3496 4397
1742 4398
2521 4399
2240 4400
3897 4401
938 4402
1482 4403
4008 4404
2433 4405
398 4406
2160 4407
4364 4408
2502 4409
2647 4410
3427 4411
4297 4412
1290 4413
2141 4414
1497 4415
534 4416
129 4417
627 4418
3266 4419
3158 4420
262 4421
2983 4422
4040 4423
2989 4424
1036 4425
3214 4426
2823 4427
4304 4428
729 4429
1105 4430
1113 4431
70 4432
2722 4433
396 4434
1014 4435
1275 4436
2879 4437
717 4438
1536 4439
4139 4440
422 4441
919 4442
1524 4443
1596 4444
287 4445
3001 4446
1281 4447
1808 4448
75 4449
4324 4450
2912 4451
2613 4452
2490 4453
1874 4454
930 4455
3719 4456
2150 4457
1991 4458
3679 4459
4089 4460
1589 4461
2144 4462
3338 4463
432 4464
361 4465
2231 4466
2441 4467
2351 4468
3044 4469
954 4470
2018 4471
2414 4472
3473 4473
52 4474
3834 4475
1485 4476
2869 4477
394 4478
2568 4479
2473 4480
784 4481
4088 4482
1608 4483
4003 4484
4437 4485
1226 4486
2434 4487
977 4488
2408 4489
177 4490
2169 4491
114 4492
3233 4493
2246 4494
2575 4495
2841 4496
2121 4497
2667 4498
3714 4499
1805 4500
2261 4501
3695 4502
3327 4503
269 4504
3558 4505
482 4506
3020 4507
2366 4508
1064 4509
3816 4510
819 4511
485 4512
2505 4513
2500 4514
1693 4515
1654 4516
486 4517
3068 4518
240 4519
2547 4520
774 4521
2242 4522
2022 4523
346 4524
3860 4525
125 4526
3792 4527
3284 4528
3707 4529
3941 4530
1308 4531
3127 4532
4244 4533
3195 4534
914 4535
1969 4536
1797 4537
368 4538
2701 4539
2014 4540
1122 4541
23 4542
3681 4543
320 4544
817 4545
2188 4546
1323 4547
1276 4548
4444 4549
3849 4550
409 4551
3689 4552
244 4553
2358 4554
4260 4555
3325 4556
3004 4557
2506 4558
4186 4559
2338 4560
3738 4561
3516 4562
1612 4563
3204 4564
1140 4565
1475 4566
1974 4567
4082 4568
129 4569
2755 4570
3798 4571
920 4572
243 4573
1450 4574
2646 4575
4389 4576
4149 4577
311 4578
898 4579
836 4580
4368 4581
4139 4582
777 4583
3407 4584
2731 4585
4248 4586
2824 4587
2920 4588
1150 4589
3140 4590
2011 4591
3334 4592
1750 4593
2982 4594
629 4595
3189 4596
1729 4597
621 4598
4470 4599
162 4600
419 4601
1980 4602
2512 4603
4060 4604
1356 4605
2764 4606
4437 4607
3864 4608
3805 4609
214 4610
4395 4611
516 4612
4502 4613
3942 4614
3075 4615
674 4616
1641 4617
674 4618
2911 4619
4474 4620
193 4621
711 4622
2789 4623
3888 4624
36 4625
78 4626
876 4627
2206 4628
2048 4629
111 4630
93 4631
2961 4632
1235 4633
294 4634
1006 4635
3648 4636
278 4637
3336 4638
1576 4639
4615 4640
666 4641
4435 4642
1715 4643
3821 4644
2663 4645
3109 4646
1926 4647
2699 4648
3797 4649
2833 4650
3997 4651
1884 4652
2614 4653
2561 4654
2048 4655
342 4656
3902 4657
2148 4658
2481 4659
1738 4660
258 4661
1230 4662
4474 4663
1669 4664
3127 4665
2518 4666
1875 4667
457 4668
4484 4669
2404 4670
1525 4671
1246 4672
3698 4673
379 4674
4065 4675
3909 4676
506 4677
3418 4678
684 4679
3371 4680
4429 4681
2410 4682
3851 4683
3733 4684
4019 4685
2120 4686
3033 4687
485 4688
788 4689
3655 4690
3190 4691
1798 4692
3871 4693
698 4694
4662 4695
2061 4696
520 4697
1818 4698
2725 4699
3104 4700
2033 4701
1248 4702
4619 4703
3764 4704
1137 4705
554 4706
323 4707
1430 4708
1707 4709
664 4710
3127 4711
2242 4712
973 4713
4493 4714
2191 4715
1231 4716
1433 4717
3629 4718
1198 4719
4051 4720
1550 4721
3426 4722
1043 4723
853 4724
223 4725
2105 4726
2948 4727
2779 4728
4026 4729
3 4730
480 4731
1876 4732
3305 4733
1822 4734
3678 4735
452 4736
1623 4737
348 4738
2386 4739
1490 4740
808 4741
788 4742
1647 4743
3135 4744
1374 4745
1326 4746
3658 4747
4377 4748
357 4749
3798 4750
4031 4751
23 4752
2754 4753
136 4754
1382 4755
270 4756
585 4757
2488 4758
233 4759
2269 4760
2406 4761
3866 4762
3070 4763
1540 4764
4483 4765
2501 4766
4288 4767
4226 4768
607 4769
897 4770
3161 4771
4486 4772
3279 4773
3038 4774
2827 4775
4146 4776
2860 4777
1661 4778
4530 4779
1505 4780
3386 4781
3052 4782
1574 4783
560 4784
4772 4785
3682 4786
4250 4787
4077 4788
1197 4789
2754 4790
257 4791
3321 4792
4245 4793
579 4794
3265 4795
1424 4796
3318 4797
2237 4798
1524 4799
2506 4800
2086 4801
2352 4802
1340 4803
3690 4804
4401 4805
1270 4806
1849 4807
2062 4808
3076 4809
2966 4810
1888 4811
2946 4812
2239 4813
3189 4814
2746 4815
3193 4816
391 4817
705 4818
1851 4819
1321 4820
808 4821
20 4822
1406 4823
2181 4824
271 4825
3737 4826
1188 4827
1564 4828
2433 4829
3097 4830
4405 4831
4222 4832
175 4833
759 4834
2867 4835
1816 4836
1997 4837
2715 4838
4578 4839
2379 4840
767 4841
290 4842
2008 4843
2237 4844
1721 4845
920 4846
828 4847
3846 4848
2179 4849
2328 4850
3862 4851
1849 4852
2661 4853
1522 4854
3674 4855
4598 4856
560 4857
361 4858
4721 4859
3001 4860
2433 4861
3870 4862
416 4863
3532 4864
3876 4865
1779 4866
2395 4867
4831 4868
4435 4869
3074 4870
216 4871
2142 4872
4444 4873
459 4874
4825 4875
2138 4876
2812 4877
612 4878
3033 4879
4081 4880
1585 4881
2414 4882
4330 4883
1635 4884
3638 4885
3034 4886
4783 4887
2911 4888
3294 4889
2477 4890
2781 4891
82 4892
1526 4893
2124 4894
541 4895
3321 4896
4761 4897
2048 4898
3244 4899
3894 4900
2888 4901
3296 4902
1405 4903
687 4904
1198 4905
976 4906
3224 4907
2115 4908
1160 4909
3337 4910
3433 4911
1996 4912
214 4913
3465 4914
2102 4915
1033 4916
1456 4917
666 4918
2877 4919
2780 4920
324 4921
3893 4922
1494 4923
3272 4924
3582 4925
492 4926
4727 4927
2751 4928
807 4929
1855 4930
126 4931
1264 4932
4522 4933
2814 4934
4670 4935
76 4936
4620 4937
2747 4938
2429 4939
269 4940
3463 4941
1889 4942
924 4943
3618 4944
2104 4945
363 4946
4846 4947
3166 4948
542 4949
1891 4950
787 4951
4538 4952
4796 4953
2948 4954
4247 4955
1347 4956
4109 4957
1432 4958
2020 4959
2928 4960
3743 4961
4849 4962
2548 4963
4514 4964
1852 4965
121 4966
2537 4967
1937 4968
1879 4969
4792 4970
3470 4971
4463 4972
3482 4973
3313 4974
1875 4975
3409 4976
939 4977
725 4978
4475 4979
2676 4980
2315 4981
3986 4982
3145 4983
920 4984
1611 4985
2361 4986
1138 4987
4653 4988
1664 4989
1925 4990
284 4991
1912 4992
3392 4993
1332 4994
4931 4995
4908 4996
3148 4997
3035 4998
248 4999
2551 5000
