1 2
1 3
1 4
2 5
3 6
5 7
4 8
7 9
1 10
4 11
11 12
4 13
6 14
11 15
8 16
1 17
5 18
1 19
6 20
15 21
5 22
4 23
8 24
22 25
10 26
13 27
20 28
21 29
8 30
9 31
21 32
29 33
9 34
11 35
1 36
31 37
31 38
16 39
19 40
33 41
41 42
32 43
22 44
37 45
36 46
13 47
35 48
22 49
35 50
46 51
14 52
13 53
37 54
51 55
47 56
30 57
21 58
27 59
16 60
48 61
31 62
5 63
9 64
41 65
28 66
62 67
47 68
8 69
52 70
22 71
42 72
25 73
47 74
45 75
16 76
67 77
44 78
69 79
19 80
4 81
42 82
53 83
25 84
67 85
73 86
18 87
23 88
11 89
45 90
60 91
64 92
16 93
4 94
13 95
77 96
12 97
59 98
55 99
32 100
75 101
30 102
75 103
70 104
22 105
105 106
100 107
16 108
62 109
40 110
3 111
69 112
1 113
60 114
85 115
3 116
75 117
10 118
1 119
41 120
98 121
56 122
2 123
55 124
72 125
71 126
76 127
73 128
91 129
88 130
96 131
95 132
11 133
116 134
63 135
111 136
90 137
79 138
74 139
56 140
71 141
31 142
41 143
126 144
108 145
34 146
126 147
111 148
28 149
132 150
45 151
40 152
104 153
66 154
139 155
81 156
23 157
19 158
52 159
151 160
17 161
124 162
95 163
61 164
80 165
141 166
98 167
133 168
111 169
130 170
137 171
26 172
42 173
56 174
140 175
165 176
103 177
55 178
113 179
167 180
145 181
25 182
177 183
119 184
141 185
127 186
41 187
97 188
118 189
62 190
24 191
48 192
60 193
187 194
142 195
70 196
164 197
83 198
21 199
5 200
148 201
11 202
93 203
5 204
168 205
40 206
172 207
1 208
31 209
37 210
108 211
43 212
135 213
95 214
20 215
29 216
102 217
156 218
62 219
182 220
9 221
14 222
203 223
59 224
144 225
69 226
216 227
219 228
166 229
69 230
180 231
143 232
5 233
184 234
24 235
160 236
43 237
105 238
221 239
138 240
239 241
33 242
116 243
158 244
92 245
198 246
185 247
150 248
89 249
165 250
14 251
169 252
157 253
184 254
13 255
237 256
136 257
32 258
217 259
162 260
38 261
158 262
75 263
64 264
237 265
42 266
64 267
143 268
64 269
201 270
90 271
232 272
55 273
148 274
78 275
263 276
119 277
156 278
211 279
147 280
189 281
66 282
130 283
190 284
16 285
13 286
4 287
287 288
150 289
203 290
185 291
51 292
271 293
256 294
197 295
90 296
217 297
209 298
98 299
209 300
192 301
222 302
258 303
16 304
159 305
141 306
271 307
296 308
228 309
29 310
142 311
118 312
137 313
84 314
202 315
38 316
140 317
119 318
198 319
294 320
79 321
62 322
117 323
60 324
46 325
112 326
1 327
210 328
75 329
156 330
163 331
186 332
203 333
324 334
34 335
194 336
64 337
163 338
188 339
297 340
325 341
275 342
178 343
243 344
112 345
252 346
277 347
37 348
42 349
96 350
151 351
111 352
154 353
152 354
252 355
131 356
289 357
100 358
106 359
149 360
341 361
254 362
321 363
354 364
153 365
56 366
291 367
285 368
40 369
12 370
337 371
72 372
145 373
321 374
150 375
132 376
102 377
27 378
224 379
151 380
195 381
147 382
46 383
129 384
196 385
330 386
104 387
331 388
299 389
293 390
343 391
223 392
52 393
339 394
303 395
75 396
119 397
42 398
17 399
240 400
272 401
254 402
278 403
308 404
173 405
58 406
302 407
142 408
358 409
250 410
359 411
70 412
37 413
252 414
127 415
103 416
163 417
368 418
178 419
262 420
63 421
45 422
174 423
192 424
120 425
159 426
60 427
227 428
222 429
71 430
228 431
326 432
257 433
85 434
59 435
1 436
11 437
84 438
36 439
406 440
46 441
160 442
194 443
113 444
312 445
335 446
217 447
385 448
224 449
294 450
43 451
20 452
190 453
186 454
416 455
23 456
244 457
32 458
185 459
453 460
269 461
112 462
242 463
174 464
64 465
64 466
45 467
227 468
339 469
393 470
359 471
374 472
20 473
409 474
361 475
292 476
269 477
280 478
335 479
329 480
90 481
409 482
88 483
121 484
94 485
228 486
380 487
285 488
406 489
279 490
29 491
209 492
333 493
209 494
184 495
300 496
81 497
73 498
191 499
448 500
193 501
319 502
82 503
485 504
469 505
189 506
214 507
178 508
424 509
239 510
370 511
27 512
176 513
247 514
289 515
314 516
267 517
80 518
183 519
431 520
247 521
227 522
108 523
326 524
387 525
291 526
293 527
59 528
185 529
420 530
372 531
165 532
256 533
514 534
448 535
65 536
504 537
311 538
260 539
48 540
431 541
492 542
221 543
380 544
267 545
246 546
539 547
325 548
309 549
465 550
414 551
329 552
253 553
507 554
453 555
136 556
226 557
261 558
389 559
107 560
462 561
414 562
77 563
216 564
452 565
405 566
471 567
184 568
236 569
209 570
120 571
395 572
37 573
362 574
453 575
341 576
492 577
119 578
472 579
229 580
356 581
333 582
376 583
563 584
510 585
49 586
18 587
464 588
70 589
202 590
231 591
266 592
48 593
451 594
250 595
108 596
194 597
81 598
350 599
539 600
149 601
121 602
465 603
543 604
594 605
292 606
465 607
63 608
422 609
49 610
168 611
358 612
540 613
45 614
106 615
579 616
146 617
241 618
402 619
71 620
185 621
150 622
502 623
347 624
325 625
164 626
426 627
111 628
132 629
511 630
315 631
506 632
624 633
175 634
436 635
63 636
550 637
610 638
202 639
184 640
156 641
147 642
580 643
159 644
562 645
420 646
330 647
160 648
145 649
217 650
563 651
415 652
379 653
4 654
59 655
78 656
638 657
58 658
35 659
71 660
66 661
7 662
79 663
115 664
585 665
516 666
625 667
294 668
23 669
564 670
272 671
58 672
522 673
505 674
180 675
202 676
604 677
484 678
644 679
387 680
101 681
75 682
178 683
612 684
36 685
342 686
343 687
619 688
492 689
85 690
463 691
262 692
17 693
242 694
287 695
533 696
636 697
191 698
282 699
163 700
538 701
482 702
610 703
461 704
169 705
590 706
114 707
647 708
223 709
681 710
345 711
320 712
596 713
203 714
471 715
409 716
584 717
405 718
101 719
305 720
367 721
525 722
76 723
69 724
237 725
273 726
680 727
61 728
268 729
110 730
79 731
436 732
600 733
494 734
13 735
728 736
257 737
269 738
180 739
228 740
397 741
589 742
690 743
598 744
375 745
181 746
359 747
397 748
91 749
259 750
700 751
385 752
254 753
433 754
346 755
464 756
625 757
290 758
560 759
319 760
84 761
697 762
720 763
269 764
213 765
653 766
224 767
647 768
633 769
190 770
564 771
687 772
676 773
463 774
665 775
154 776
109 777
681 778
574 779
742 780
611 781
88 782
440 783
165 784
258 785
502 786
218 787
111 788
773 789
711 790
177 791
87 792
477 793
270 794
736 795
350 796
784 797
757 798
304 799
518 800
254 801
223 802
703 803
492 804
311 805
289 806
801 807
162 808
442 809
287 810
456 811
638 812
586 813
527 814
673 815
243 816
250 817
816 818
685 819
352 820
535 821
720 822
415 823
638 824
237 825
15 826
694 827
221 828
716 829
570 830
790 831
699 832
304 833
130 834
356 835
670 836
237 837
183 838
194 839
374 840
420 841
74 842
646 843
565 844
661 845
37 846
239 847
759 848
801 849
682 850
599 851
634 852
548 853
749 854
166 855
395 856
667 857
566 858
292 859
490 860
6 861
825 862
479 863
579 864
409 865
399 866
407 867
65 868
412 869
264 870
251 871
292 872
219 873
134 874
720 875
576 876
604 877
350 878
85 879
99 880
657 881
81 882
747 883
702 884
113 885
724 886
190 887
730 888
556 889
353 890
351 891
144 892
828 893
752 894
354 895
89 896
330 897
574 898
672 899
865 900
90 901
67 902
241 903
290 904
199 905
146 906
528 907
263 908
78 909
735 910
635 911
877 912
794 913
409 914
573 915
675 916
58 917
797 918
83 919
422 920
312 921
894 922
92 923
109 924
792 925
687 926
506 927
299 928
15 929
731 930
522 931
492 932
851 933
669 934
145 935
292 936
39 937
173 938
356 939
333 940
657 941
925 942
805 943
4 944
438 945
186 946
700 947
594 948
109 949
29 950
159 951
770 952
920 953
712 954
803 955
640 956
433 957
305 958
301 959
109 960
765 961
441 962
20 963
244 964
395 965
796 966
815 967
925 968
645 969
437 970
946 971
240 972
531 973
152 974
458 975
682 976
675 977
33 978
890 979
717 980
125 981
86 982
307 983
207 984
968 985
479 986
689 987
971 988
99 989
577 990
658 991
919 992
262 993
775 994
815 995
606 996
545 997
297 998
973 999
644 1000
36 1001
81 1002
424 1003
361 1004
507 1005
507 1006
3 1007
377 1008
777 1009
147 1010
403 1011
433 1012
27 1013
462 1014
554 1015
464 1016
834 1017
813 1018
498 1019
524 1020
286 1021
52 1022
425 1023
145 1024
272 1025
491 1026
269 1027
918 1028
631 1029
99 1030
102 1031
94 1032
110 1033
690 1034
850 1035
253 1036
174 1037
480 1038
8 1039
226 1040
643 1041
1007 1042
687 1043
189 1044
244 1045
828 1046
765 1047
854 1048
114 1049
736 1050
493 1051
89 1052
185 1053
855 1054
905 1055
424 1056
323 1057
307 1058
586 1059
89 1060
1019 1061
411 1062
255 1063
120 1064
494 1065
564 1066
478 1067
395 1068
540 1069
54 1070
433 1071
670 1072
481 1073
922 1074
189 1075
304 1076
300 1077
532 1078
288 1079
259 1080
865 1081
370 1082
224 1083
873 1084
251 1085
602 1086
22 1087
468 1088
371 1089
520 1090
389 1091
228 1092
476 1093
895 1094
430 1095
289 1096
732 1097
473 1098
102 1099
454 1100
390 1101
990 1102
544 1103
735 1104
103 1105
411 1106
997 1107
499 1108
1092 1109
144 1110
362 1111
110 1112
913 1113
428 1114
24 1115
1092 1116
239 1117
501 1118
291 1119
207 1120
539 1121
1042 1122
900 1123
807 1124
37 1125
1037 1126
804 1127
235 1128
958 1129
650 1130
209 1131
872 1132
765 1133
190 1134
339 1135
128 1136
113 1137
173 1138
285 1139
320 1140
349 1141
563 1142
198 1143
120 1144
823 1145
985 1146
1113 1147
1079 1148
846 1149
644 1150
500 1151
829 1152
364 1153
391 1154
1124 1155
444 1156
427 1157
64 1158
859 1159
162 1160
185 1161
591 1162
271 1163
577 1164
162 1165
363 1166
46 1167
1022 1168
1037 1169
907 1170
1162 1171
676 1172
453 1173
342 1174
290 1175
1090 1176
485 1177
262 1178
970 1179
490 1180
684 1181
57 1182
117 1183
772 1184
71 1185
71 1186
202 1187
473 1188
38 1189
306 1190
1145 1191
5 1192
442 1193
681 1194
1020 1195
547 1196
112 1197
1001 1198
635 1199
309 1200
561 1201
1114 1202
915 1203
1134 1204
1175 1205
410 1206
742 1207
134 1208
291 1209
50 1210
691 1211
194 1212
1133 1213
327 1214
138 1215
878 1216
831 1217
649 1218
669 1219
77 1220
170 1221
273 1222
989 1223
790 1224
1058 1225
674 1226
1146 1227
758 1228
462 1229
776 1230
14 1231
750 1232
851 1233
674 1234
45 1235
894 1236
677 1237
103 1238
237 1239
877 1240
11 1241
167 1242
1194 1243
974 1244
625 1245
1121 1246
356 1247
786 1248
1223 1249
1186 1250
157 1251
493 1252
643 1253
176 1254
272 1255
158 1256
680 1257
555 1258
1089 1259
556 1260
505 1261
477 1262
341 1263
443 1264
1250 1265
934 1266
769 1267
1244 1268
451 1269
936 1270
216 1271
382 1272
748 1273
1241 1274
1044 1275
968 1276
578 1277
1028 1278
1252 1279
768 1280
635 1281
726 1282
1273 1283
95 1284
197 1285
934 1286
91 1287
32 1288
364 1289
464 1290
582 1291
1219 1292
255 1293
1098 1294
1221 1295
451 1296
362 1297
699 1298
999 1299
454 1300
404 1301
378 1302
49 1303
231 1304
403 1305
47 1306
1020 1307
864 1308
582 1309
322 1310
509 1311
120 1312
1188 1313
613 1314
801 1315
1027 1316
1111 1317
1173 1318
541 1319
1122 1320
1279 1321
441 1322
274 1323
878 1324
614 1325
880 1326
421 1327
1165 1328
850 1329
657 1330
1096 1331
719 1332
37 1333
1079 1334
1244 1335
14 1336
761 1337
392 1338
584 1339
1283 1340
540 1341
193 1342
1333 1343
773 1344
227 1345
721 1346
1300 1347
608 1348
1170 1349
525 1350
518 1351
654 1352
493 1353
215 1354
191 1355
1192 1356
1178 1357
901 1358
872 1359
709 1360
1123 1361
376 1362
722 1363
1075 1364
26 1365
530 1366
949 1367
773 1368
680 1369
780 1370
1017 1371
1336 1372
63 1373
756 1374
51 1375
6 1376
1359 1377
108 1378
1039 1379
1042 1380
204 1381
813 1382
1253 1383
23 1384
189 1385
688 1386
1210 1387
561 1388
704 1389
1138 1390
1116 1391
678 1392
228 1393
394 1394
335 1395
1292 1396
177 1397
1271 1398
1030 1399
1004 1400
528 1401
395 1402
527 1403
1235 1404
344 1405
1203 1406
1306 1407
1016 1408
906 1409
381 1410
19 1411
1269 1412
1366 1413
930 1414
838 1415
44 1416
539 1417
563 1418
73 1419
299 1420
632 1421
223 1422
83 1423
906 1424
1250 1425
729 1426
452 1427
386 1428
1312 1429
151 1430
817 1431
938 1432
391 1433
304 1434
2 1435
497 1436
990 1437
937 1438
435 1439
1037 1440
481 1441
190 1442
831 1443
108 1444
1012 1445
613 1446
361 1447
864 1448
961 1449
1358 1450
1450 1451
634 1452
1177 1453
245 1454
1437 1455
1063 1456
443 1457
714 1458
324 1459
1121 1460
270 1461
393 1462
708 1463
495 1464
565 1465
54 1466
448 1467
202 1468
419 1469
1217 1470
823 1471
1226 1472
1461 1473
561 1474
1287 1475
96 1476
200 1477
1153 1478
41 1479
869 1480
1079 1481
1363 1482
59 1483
948 1484
1085 1485
392 1486
416 1487
189 1488
799 1489
742 1490
135 1491
149 1492
1020 1493
1419 1494
1091 1495
1353 1496
619 1497
43 1498
708 1499
91 1500
105 1501
927 1502
975 1503
411 1504
361 1505
1208 1506
445 1507
799 1508
1194 1509
417 1510
1399 1511
364 1512
74 1513
1141 1514
245 1515
488 1516
1480 1517
617 1518
1117 1519
741 1520
636 1521
325 1522
1215 1523
1072 1524
1502 1525
1312 1526
1255 1527
1412 1528
436 1529
135 1530
1304 1531
528 1532
1237 1533
1299 1534
1275 1535
417 1536
809 1537
17 1538
422 1539
1520 1540
1342 1541
1297 1542
1003 1543
480 1544
1414 1545
1349 1546
725 1547
383 1548
1374 1549
486 1550
735 1551
277 1552
3 1553
819 1554
676 1555
513 1556
693 1557
852 1558
1098 1559
1526 1560
595 1561
1051 1562
890 1563
1513 1564
674 1565
508 1566
1459 1567
655 1568
198 1569
1338 1570
557 1571
321 1572
221 1573
1464 1574
841 1575
98 1576
774 1577
671 1578
903 1579
33 1580
1308 1581
95 1582
372 1583
1196 1584
530 1585
931 1586
423 1587
493 1588
273 1589
1511 1590
1194 1591
329 1592
428 1593
1459 1594
507 1595
1504 1596
1459 1597
32 1598
1201 1599
1321 1600
509 1601
1247 1602
1576 1603
1566 1604
546 1605
33 1606
1300 1607
702 1608
1596 1609
1072 1610
733 1611
714 1612
955 1613
477 1614
541 1615
24 1616
744 1617
1567 1618
1366 1619
304 1620
1050 1621
1542 1622
1413 1623
1348 1624
390 1625
287 1626
1104 1627
544 1628
530 1629
1155 1630
366 1631
1464 1632
174 1633
886 1634
497 1635
294 1636
1445 1637
885 1638
517 1639
1368 1640
647 1641
1268 1642
1385 1643
1234 1644
1547 1645
433 1646
1527 1647
1381 1648
1492 1649
1130 1650
1097 1651
1041 1652
721 1653
1258 1654
1454 1655
1197 1656
1402 1657
505 1658
69 1659
1094 1660
1084 1661
614 1662
265 1663
237 1664
215 1665
799 1666
651 1667
1038 1668
453 1669
602 1670
71 1671
525 1672
1402 1673
1261 1674
673 1675
494 1676
581 1677
2 1678
424 1679
1535 1680
1611 1681
1381 1682
1384 1683
321 1684
1680 1685
1491 1686
55 1687
295 1688
845 1689
716 1690
1063 1691
296 1692
1659 1693
1089 1694
202 1695
911 1696
915 1697
1608 1698
1600 1699
1044 1700
522 1701
161 1702
131 1703
1191 1704
794 1705
1338 1706
222 1707
97 1708
601 1709
577 1710
27 1711
1541 1712
956 1713
1615 1714
1026 1715
1443 1716
782 1717
1195 1718
1034 1719
1704 1720
1302 1721
1264 1722
332 1723
878 1724
782 1725
1102 1726
1021 1727
1658 1728
576 1729
556 1730
114 1731
975 1732
463 1733
889 1734
1717 1735
985 1736
1461 1737
1147 1738
545 1739
201 1740
1277 1741
646 1742
1610 1743
400 1744
1255 1745
35 1746
624 1747
325 1748
327 1749
738 1750
182 1751
649 1752
1506 1753
99 1754
615 1755
760 1756
1606 1757
297 1758
845 1759
1009 1760
1302 1761
1165 1762
686 1763
206 1764
1117 1765
323 1766
645 1767
1181 1768
431 1769
246 1770
1051 1771
725 1772
361 1773
1733 1774
487 1775
951 1776
775 1777
589 1778
844 1779
272 1780
315 1781
732 1782
901 1783
229 1784
343 1785
409 1786
358 1787
876 1788
1363 1789
1182 1790
461 1791
292 1792
1230 1793
1329 1794
178 1795
879 1796
1016 1797
1424 1798
716 1799
330 1800
739 1801
177 1802
288 1803
1495 1804
1587 1805
384 1806
403 1807
250 1808
785 1809
339 1810
346 1811
552 1812
1323 1813
234 1814
1571 1815
214 1816
1638 1817
1452 1818
1353 1819
1044 1820
809 1821
509 1822
81 1823
1430 1824
250 1825
822 1826
264 1827
452 1828
1783 1829
1802 1830
380 1831
1753 1832
966 1833
1731 1834
1139 1835
866 1836
903 1837
689 1838
852 1839
644 1840
1822 1841
1357 1842
978 1843
1622 1844
1695 1845
314 1846
687 1847
225 1848
123 1849
285 1850
1849 1851
1010 1852
1424 1853
1282 1854
616 1855
65 1856
415 1857
352 1858
950 1859
795 1860
712 1861
1839 1862
330 1863
596 1864
42 1865
1346 1866
1132 1867
1509 1868
416 1869
827 1870
787 1871
1492 1872
456 1873
1286 1874
1759 1875
1052 1876
147 1877
642 1878
1203 1879
1743 1880
1703 1881
1150 1882
1878 1883
1130 1884
968 1885
1507 1886
616 1887
1369 1888
1201 1889
142 1890
586 1891
982 1892
782 1893
1326 1894
138 1895
1277 1896
105 1897
40 1898
942 1899
466 1900
892 1901
1794 1902
918 1903
404 1904
1800 1905
805 1906
112 1907
1814 1908
805 1909
1546 1910
1662 1911
1646 1912
484 1913
441 1914
1595 1915
1905 1916
355 1917
1377 1918
1271 1919
789 1920
881 1921
1522 1922
1558 1923
716 1924
1138 1925
1056 1926
590 1927
220 1928
340 1929
287 1930
1546 1931
18 1932
1840 1933
1710 1934
1511 1935
672 1936
1862 1937
520 1938
1633 1939
193 1940
1160 1941
79 1942
919 1943
794 1944
1229 1945
291 1946
1306 1947
1762 1948
557 1949
320 1950
604 1951
112 1952
595 1953
761 1954
181 1955
1785 1956
734 1957
321 1958
896 1959
826 1960
1035 1961
450 1962
1251 1963
265 1964
1022 1965
173 1966
903 1967
1361 1968
6 1969
33 1970
1683 1971
1049 1972
1917 1973
453 1974
54 1975
1345 1976
459 1977
1393 1978
1953 1979
698 1980
1451 1981
885 1982
1702 1983
701 1984
1836 1985
1564 1986
1771 1987
1587 1988
1559 1989
450 1990
1875 1991
73 1992
1529 1993
1339 1994
960 1995
1433 1996
1688 1997
805 1998
884 1999
1548 2000
1488 2001
1090 2002
993 2003
1126 2004
713 2005
316 2006
2003 2007
1042 2008
1404 2009
1181 2010
73 2011
591 2012
1045 2013
1029 2014
255 2015
1322 2016
569 2017
741 2018
570 2019
709 2020
839 2021
1389 2022
1956 2023
595 2024
1875 2025
304 2026
504 2027
1493 2028
626 2029
563 2030
426 2031
1792 2032
656 2033
1092 2034
884 2035
1770 2036
1499 2037
1583 2038
93 2039
567 2040
1349 2041
1206 2042
1270 2043
1427 2044
869 2045
1306 2046
1709 2047
969 2048
1234 2049
1024 2050
612 2051
19 2052
1895 2053
1729 2054
1649 2055
378 2056
1207 2057
315 2058
630 2059
849 2060
56 2061
1136 2062
1571 2063
21 2064
1700 2065
713 2066
364 2067
73 2068
454 2069
1644 2070
1895 2071
373 2072
1257 2073
1782 2074
1393 2075
312 2076
641 2077
434 2078
1627 2079
2067 2080
1256 2081
773 2082
1191 2083
1625 2084
368 2085
465 2086
1606 2087
1990 2088
1358 2089
327 2090
1840 2091
380 2092
93 2093
528 2094
701 2095
1661 2096
1635 2097
297 2098
1724 2099
96 2100
373 2101
1054 2102
629 2103
327 2104
1902 2105
1325 2106
1527 2107
645 2108
995 2109
1256 2110
53 2111
1837 2112
1166 2113
1816 2114
963 2115
1329 2116
316 2117
612 2118
429 2119
1308 2120
2119 2121
687 2122
821 2123
167 2124
575 2125
2076 2126
179 2127
860 2128
1421 2129
409 2130
302 2131
1087 2132
1439 2133
910 2134
1194 2135
1114 2136
496 2137
934 2138
442 2139
851 2140
793 2141
1845 2142
916 2143
928 2144
438 2145
1447 2146
811 2147
1382 2148
1372 2149
47 2150
1344 2151
1308 2152
174 2153
203 2154
1287 2155
2044 2156
19 2157
1029 2158
1618 2159
1459 2160
1767 2161
583 2162
1087 2163
442 2164
1098 2165
192 2166
1517 2167
797 2168
2030 2169
1970 2170
1866 2171
1618 2172
158 2173
646 2174
398 2175
799 2176
1534 2177
1761 2178
2091 2179
1150 2180
1398 2181
376 2182
1501 2183
1941 2184
761 2185
807 2186
1551 2187
1229 2188
1578 2189
1202 2190
1977 2191
1686 2192
1256 2193
1205 2194
1550 2195
209 2196
1821 2197
1413 2198
1737 2199
250 2200
2198 2201
1658 2202
1116 2203
722 2204
563 2205
767 2206
2113 2207
939 2208
1474 2209
1790 2210
1071 2211
445 2212
674 2213
1905 2214
459 2215
1696 2216
247 2217
514 2218
544 2219
73 2220
1092 2221
1294 2222
254 2223
1271 2224
25 2225
593 2226
2033 2227
1742 2228
2104 2229
1171 2230
1055 2231
22 2232
872 2233
1769 2234
2233 2235
1153 2236
1755 2237
16 2238
1323 2239
175 2240
1214 2241
749 2242
693 2243
1438 2244
111 2245
527 2246
1285 2247
145 2248
881 2249
73 2250
37 2251
1772 2252
2063 2253
1051 2254
130 2255
1172 2256
1820 2257
789 2258
135 2259
1709 2260
948 2261
1782 2262
2108 2263
1807 2264
1698 2265
626 2266
1098 2267
1649 2268
1036 2269
2122 2270
2192 2271
1015 2272
1467 2273
404 2274
1315 2275
2071 2276
171 2277
76 2278
1624 2279
973 2280
1665 2281
103 2282
577 2283
1094 2284
242 2285
1977 2286
2272 2287
1664 2288
1726 2289
834 2290
1273 2291
1202 2292
792 2293
544 2294
416 2295
1495 2296
1795 2297
1956 2298
1218 2299
1149 2300
368 2301
2081 2302
1667 2303
914 2304
444 2305
705 2306
272 2307
1012 2308
1582 2309
938 2310
2000 2311
2149 2312
926 2313
1113 2314
2194 2315
413 2316
1222 2317
970 2318
309 2319
2270 2320
1395 2321
399 2322
119 2323
1060 2324
1708 2325
2094 2326
639 2327
454 2328
579 2329
298 2330
1319 2331
1955 2332
542 2333
254 2334
249 2335
623 2336
587 2337
2208 2338
668 2339
618 2340
1031 2341
1736 2342
2259 2343
1918 2344
9 2345
2013 2346
749 2347
1480 2348
1954 2349
218 2350
1462 2351
269 2352
1626 2353
901 2354
973 2355
998 2356
1946 2357
1872 2358
1780 2359
1480 2360
446 2361
1380 2362
177 2363
1773 2364
1228 2365
550 2366
2199 2367
1349 2368
1367 2369
2238 2370
205 2371
1866 2372
1706 2373
691 2374
1521 2375
1104 2376
1074 2377
1458 2378
1591 2379
1642 2380
1294 2381
58 2382
346 2383
24 2384
783 2385
1780 2386
839 2387
687 2388
1313 2389
1277 2390
2264 2391
1680 2392
1069 2393
1113 2394
823 2395
280 2396
2090 2397
1681 2398
1578 2399
1410 2400
2017 2401
142 2402
302 2403
2165 2404
2180 2405
139 2406
1788 2407
1948 2408
975 2409
1114 2410
720 2411
231 2412
1639 2413
753 2414
2234 2415
78 2416
1901 2417
1312 2418
989 2419
696 2420
990 2421
36 2422
2070 2423
848 2424
920 2425
130 2426
946 2427
2115 2428
1975 2429
383 2430
1295 2431
940 2432
901 2433
1634 2434
1157 2435
299 2436
633 2437
1478 2438
2107 2439
382 2440
1491 2441
2124 2442
1944 2443
1346 2444
565 2445
2431 2446
333 2447
1101 2448
1488 2449
915 2450
1237 2451
1047 2452
1194 2453
1633 2454
216 2455
1408 2456
2108 2457
1245 2458
1410 2459
1667 2460
482 2461
595 2462
160 2463
1030 2464
1662 2465
1954 2466
1422 2467
1529 2468
1271 2469
823 2470
2101 2471
647 2472
1255 2473
1577 2474
1005 2475
295 2476
1172 2477
1484 2478
453 2479
743 2480
1541 2481
1647 2482
1754 2483
968 2484
95 2485
175 2486
82 2487
1475 2488
843 2489
868 2490
883 2491
1180 2492
328 2493
1682 2494
397 2495
1903 2496
888 2497
2010 2498
2356 2499
1413 2500
698 2501
2400 2502
250 2503
934 2504
943 2505
563 2506
1387 2507
149 2508
1506 2509
1206 2510
514 2511
164 2512
1453 2513
276 2514
1665 2515
1887 2516
2236 2517
594 2518
1759 2519
2313 2520
701 2521
868 2522
1691 2523
10 2524
2056 2525
1302 2526
172 2527
548 2528
782 2529
2505 2530
896 2531
2304 2532
1867 2533
1611 2534
133 2535
2524 2536
2186 2537
1802 2538
2224 2539
25 2540
1978 2541
76 2542
1008 2543
1911 2544
1043 2545
453 2546
544 2547
602 2548
1850 2549
84 2550
1943 2551
1514 2552
1947 2553
2423 2554
1154 2555
1562 2556
328 2557
866 2558
367 2559
1146 2560
1730 2561
2446 2562
1035 2563
1107 2564
200 2565
2120 2566
1161 2567
2428 2568
2498 2569
1591 2570
346 2571
1431 2572
2275 2573
133 2574
577 2575
938 2576
843 2577
1621 2578
382 2579
632 2580
2107 2581
1861 2582
113 2583
1574 2584
1927 2585
1434 2586
92 2587
1374 2588
327 2589
1589 2590
1998 2591
1191 2592
1696 2593
638 2594
2181 2595
916 2596
1996 2597
2196 2598
1396 2599
2592 2600
517 2601
297 2602
916 2603
760 2604
1755 2605
813 2606
258 2607
2482 2608
599 2609
1538 2610
457 2611
880 2612
1185 2613
1195 2614
22 2615
1154 2616
2124 2617
697 2618
1735 2619
1149 2620
23 2621
2579 2622
1236 2623
555 2624
661 2625
1317 2626
926 2627
2592 2628
1599 2629
918 2630
21 2631
138 2632
2619 2633
916 2634
1602 2635
2572 2636
1559 2637
2632 2638
1272 2639
2403 2640
2625 2641
568 2642
1706 2643
1911 2644
2088 2645
2412 2646
1131 2647
2256 2648
341 2649
2241 2650
2265 2651
2135 2652
1695 2653
1161 2654
323 2655
1453 2656
414 2657
1679 2658
2036 2659
2058 2660
1097 2661
2658 2662
1267 2663
670 2664
792 2665
1229 2666
708 2667
163 2668
2048 2669
2030 2670
1883 2671
7 2672
2530 2673
2322 2674
1633 2675
2022 2676
829 2677
2549 2678
955 2679
2120 2680
367 2681
2155 2682
2470 2683
1768 2684
1700 2685
1832 2686
1346 2687
457 2688
783 2689
827 2690
2232 2691
53 2692
1827 2693
576 2694
2336 2695
2294 2696
1180 2697
2331 2698
1116 2699
2628 2700
1840 2701
1621 2702
1124 2703
2073 2704
374 2705
1289 2706
424 2707
103 2708
1416 2709
1659 2710
1343 2711
70 2712
902 2713
132 2714
710 2715
184 2716
1392 2717
1051 2718
1302 2719
1315 2720
1522 2721
1052 2722
148 2723
2057 2724
2419 2725
2658 2726
2219 2727
2042 2728
2691 2729
1211 2730
981 2731
1612 2732
1441 2733
919 2734
1773 2735
1632 2736
970 2737
2301 2738
2213 2739
1298 2740
1571 2741
344 2742
591 2743
107 2744
1529 2745
1614 2746
1924 2747
881 2748
2100 2749
1963 2750
114 2751
705 2752
1857 2753
2278 2754
2385 2755
319 2756
1711 2757
124 2758
1110 2759
1997 2760
2289 2761
1937 2762
681 2763
2422 2764
2308 2765
721 2766
1978 2767
355 2768
2721 2769
2587 2770
2442 2771
2425 2772
2398 2773
777 2774
2036 2775
1171 2776
1032 2777
363 2778
1974 2779
1902 2780
155 2781
1775 2782
2026 2783
2696 2784
1366 2785
1084 2786
2438 2787
1846 2788
859 2789
327 2790
1945 2791
2573 2792
2665 2793
2004 2794
148 2795
2395 2796
1586 2797
1456 2798
849 2799
551 2800
2616 2801
1302 2802
2411 2803
2566 2804
645 2805
1503 2806
1009 2807
1695 2808
1799 2809
1288 2810
1210 2811
1191 2812
376 2813
98 2814
1531 2815
2163 2816
1465 2817
1830 2818
2192 2819
2806 2820
701 2821
13 2822
45 2823
58 2824
1823 2825
2754 2826
1183 2827
1720 2828
2649 2829
835 2830
351 2831
181 2832
1165 2833
627 2834
1544 2835
691 2836
226 2837
1936 2838
2615 2839
1920 2840
2779 2841
661 2842
1983 2843
454 2844
253 2845
1567 2846
1578 2847
1183 2848
129 2849
1633 2850
2795 2851
1270 2852
306 2853
634 2854
1256 2855
739 2856
191 2857
33 2858
2328 2859
1275 2860
2321 2861
746 2862
1964 2863
2324 2864
1893 2865
2643 2866
151 2867
137 2868
1679 2869
1980 2870
2041 2871
583 2872
2224 2873
1096 2874
2563 2875
51 2876
1098 2877
408 2878
1949 2879
1417 2880
143 2881
759 2882
1111 2883
1757 2884
879 2885
1658 2886
1467 2887
1345 2888
978 2889
758 2890
202 2891
451 2892
2267 2893
125 2894
536 2895
1337 2896
2390 2897
491 2898
1582 2899
1937 2900
2266 2901
1094 2902
2139 2903
415 2904
815 2905
1217 2906
1386 2907
274 2908
2884 2909
2086 2910
137 2911
2831 2912
2113 2913
2393 2914
1830 2915
2554 2916
2342 2917
1382 2918
2497 2919
2119 2920
848 2921
581 2922
2255 2923
806 2924
1067 2925
2390 2926
821 2927
1077 2928
183 2929
2520 2930
1275 2931
2569 2932
2020 2933
1813 2934
2347 2935
1628 2936
2664 2937
1424 2938
1913 2939
759 2940
1080 2941
1728 2942
566 2943
661 2944
1469 2945
443 2946
2225 2947
366 2948
2127 2949
1176 2950
412 2951
927 2952
1353 2953
2404 2954
1888 2955
884 2956
1583 2957
1568 2958
2348 2959
2115 2960
54 2961
198 2962
1886 2963
599 2964
1191 2965
25 2966
2081 2967
1648 2968
331 2969
711 2970
831 2971
2714 2972
2685 2973
2021 2974
1091 2975
2027 2976
490 2977
2334 2978
2841 2979
1084 2980
2304 2981
2307 2982
1896 2983
834 2984
2652 2985
1776 2986
800 2987
1473 2988
1032 2989
2721 2990
2129 2991
714 2992
2879 2993
2879 2994
1283 2995
1621 2996
31 2997
2906 2998
1630 2999
1884 3000
737 3001
1200 3002
159 3003
2090 3004
1369 3005
643 3006
1091 3007
279 3008
608 3009
2395 3010
1959 3011
1575 3012
1471 3013
1070 3014
2580 3015
339 3016
2392 3017
963 3018
1509 3019
546 3020
2267 3021
963 3022
1721 3023
1957 3024
941 3025
2667 3026
1587 3027
2577 3028
2744 3029
2839 3030
1658 3031
1589 3032
2791 3033
177 3034
424 3035
2989 3036
2766 3037
1215 3038
2881 3039
2631 3040
285 3041
498 3042
790 3043
589 3044
1661 3045
971 3046
288 3047
290 3048
765 3049
990 3050
1735 3051
1227 3052
2113 3053
1121 3054
1610 3055
1802 3056
627 3057
2902 3058
90 3059
1705 3060
1458 3061
182 3062
3 3063
2224 3064
1479 3065
152 3066
2267 3067
2041 3068
2899 3069
347 3070
2506 3071
2709 3072
886 3073
1029 3074
2227 3075
839 3076
478 3077
1379 3078
344 3079
229 3080
1706 3081
3063 3082
560 3083
2774 3084
353 3085
955 3086
482 3087
1866 3088
1753 3089
28 3090
966 3091
1311 3092
1440 3093
2205 3094
204 3095
1313 3096
492 3097
3086 3098
990 3099
1425 3100
751 3101
757 3102
800 3103
2502 3104
2007 3105
2614 3106
2811 3107
2613 3108
2876 3109
2572 3110
2804 3111
2996 3112
35 3113
3078 3114
899 3115
2496 3116
3053 3117
2695 3118
2796 3119
2883 3120
395 3121
1747 3122
1201 3123
859 3124
2807 3125
113 3126
1784 3127
2280 3128
2250 3129
377 3130
2663 3131
368 3132
805 3133
1400 3134
1522 3135
1840 3136
455 3137
1459 3138
744 3139
24 3140
452 3141
3101 3142
2878 3143
3120 3144
2076 3145
1957 3146
602 3147
1927 3148
127 3149
952 3150
818 3151
2291 3152
135 3153
164 3154
995 3155
644 3156
966 3157
1468 3158
2104 3159
2403 3160
624 3161
1703 3162
1353 3163
2606 3164
149 3165
2198 3166
1581 3167
714 3168
1237 3169
620 3170
3071 3171
163 3172
1468 3173
897 3174
1354 3175
2394 3176
115 3177
1752 3178
2567 3179
2242 3180
2878 3181
2002 3182
3016 3183
2280 3184
536 3185
2968 3186
1984 3187
1356 3188
3170 3189
1162 3190
1294 3191
2958 3192
1133 3193
913 3194
1954 3195
576 3196
1304 3197
774 3198
553 3199
2319 3200
2387 3201
1171 3202
2830 3203
465 3204
2976 3205
1731 3206
69 3207
135 3208
3133 3209
1132 3210
1336 3211
253 3212
1613 3213
2582 3214
2370 3215
2132 3216
2628 3217
3122 3218
1647 3219
1520 3220
391 3221
443 3222
510 3223
1788 3224
3070 3225
2677 3226
765 3227
1772 3228
124 3229
1590 3230
1190 3231
1400 3232
2490 3233
1622 3234
3029 3235
2901 3236
2670 3237
13 3238
3185 3239
239 3240
2534 3241
2194 3242
2505 3243
2475 3244
1212 3245
3163 3246
1178 3247
2543 3248
1239 3249
1295 3250
1566 3251
2479 3252
255 3253
331 3254
2349 3255
2434 3256
2991 3257
2833 3258
1789 3259
2142 3260
620 3261
1308 3262
1554 3263
2773 3264
1341 3265
2006 3266
904 3267
1118 3268
3126 3269
2317 3270
869 3271
202 3272
3097 3273
2737 3274
2131 3275
108 3276
2954 3277
3061 3278
828 3279
1139 3280
2112 3281
1626 3282
3087 3283
2695 3284
1630 3285
138 3286
2374 3287
2166 3288
156 3289
3269 3290
470 3291
3114 3292
2467 3293
2805 3294
3133 3295
451 3296
1074 3297
2093 3298
982 3299
1987 3300
867 3301
3258 3302
3001 3303
1169 3304
1133 3305
2472 3306
2665 3307
805 3308
675 3309
1187 3310
1363 3311
2553 3312
3257 3313
2827 3314
2527 3315
845 3316
3223 3317
332 3318
1923 3319
1766 3320
2107 3321
3208 3322
2434 3323
2293 3324
2765 3325
2519 3326
829 3327
2921 3328
3198 3329
954 3330
504 3331
2093 3332
424 3333
2233 3334
1764 3335
1954 3336
2676 3337
138 3338
2226 3339
1048 3340
104 3341
940 3342
344 3343
2925 3344
2987 3345
646 3346
451 3347
1665 3348
3193 3349
2655 3350
1023 3351
2390 3352
2214 3353
1341 3354
1295 3355
1816 3356
2523 3357
1332 3358
2095 3359
3243 3360
2434 3361
2636 3362
1213 3363
1733 3364
2832 3365
2150 3366
3020 3367
486 3368
256 3369
521 3370
1914 3371
1845 3372
1318 3373
3337 3374
1170 3375
2241 3376
1516 3377
681 3378
1765 3379
1002 3380
302 3381
1632 3382
2732 3383
551 3384
428 3385
2571 3386
421 3387
1898 3388
335 3389
817 3390
2513 3391
2273 3392
466 3393
106 3394
1594 3395
2326 3396
958 3397
3340 3398
1021 3399
3390 3400
1309 3401
2123 3402
1821 3403
1458 3404
338 3405
1780 3406
2730 3407
1248 3408
1973 3409
2144 3410
1146 3411
2548 3412
68 3413
3252 3414
510 3415
1331 3416
2120 3417
2229 3418
2067 3419
3401 3420
33 3421
975 3422
2797 3423
1683 3424
812 3425
1990 3426
2771 3427
1673 3428
10 3429
734 3430
1504 3431
58 3432
1510 3433
2783 3434
3051 3435
1354 3436
1843 3437
1054 3438
3394 3439
1059 3440
2069 3441
975 3442
3261 3443
2735 3444
2211 3445
3423 3446
2443 3447
1858 3448
168 3449
2890 3450
1898 3451
850 3452
147 3453
1387 3454
918 3455
3252 3456
2230 3457
1418 3458
1914 3459
1778 3460
586 3461
2919 3462
136 3463
1501 3464
347 3465
767 3466
565 3467
3181 3468
2849 3469
603 3470
1399 3471
1330 3472
1805 3473
159 3474
1191 3475
3136 3476
2343 3477
934 3478
919 3479
661 3480
1453 3481
2520 3482
316 3483
888 3484
1557 3485
2034 3486
3289 3487
473 3488
3436 3489
2064 3490
3350 3491
1756 3492
2150 3493
2549 3494
2121 3495
929 3496
924 3497
2725 3498
696 3499
804 3500
2673 3501
1441 3502
29 3503
1979 3504
3211 3505
58 3506
2642 3507
1551 3508
2551 3509
2552 3510
1846 3511
3292 3512
2182 3513
2368 3514
1710 3515
2199 3516
1871 3517
2863 3518
113 3519
333 3520
490 3521
2370 3522
2356 3523
3315 3524
3087 3525
989 3526
891 3527
2991 3528
3185 3529
2682 3530
2595 3531
2982 3532
2271 3533
3439 3534
1124 3535
2796 3536
2449 3537
1883 3538
1010 3539
770 3540
2502 3541
2334 3542
1269 3543
209 3544
3512 3545
3538 3546
3329 3547
1929 3548
2569 3549
3497 3550
1236 3551
3352 3552
866 3553
3131 3554
1744 3555
1198 3556
381 3557
1443 3558
448 3559
2516 3560
721 3561
1114 3562
3031 3563
2869 3564
1671 3565
673 3566
166 3567
2733 3568
1999 3569
1461 3570
1399 3571
2402 3572
2363 3573
2654 3574
3314 3575
647 3576
633 3577
74 3578
1837 3579
2769 3580
2580 3581
3070 3582
3281 3583
2203 3584
1192 3585
1792 3586
3070 3587
1530 3588
358 3589
3312 3590
3059 3591
2472 3592
2466 3593
1950 3594
2017 3595
1936 3596
1559 3597
289 3598
3430 3599
1656 3600
3170 3601
3540 3602
1605 3603
3127 3604
695 3605
1515 3606
3081 3607
2016 3608
1633 3609
584 3610
937 3611
160 3612
2265 3613
1914 3614
926 3615
926 3616
1798 3617
435 3618
1231 3619
2519 3620
1836 3621
408 3622
1492 3623
3028 3624
2692 3625
847 3626
3500 3627
539 3628
609 3629
2331 3630
1044 3631
3385 3632
3395 3633
1 3634
2578 3635
1360 3636
2132 3637
2326 3638
2905 3639
1549 3640
2703 3641
1099 3642
2256 3643
1648 3644
650 3645
969 3646
167 3647
1484 3648
2322 3649
3643 3650
389 3651
3325 3652
2421 3653
3616 3654
561 3655
599 3656
2173 3657
411 3658
3280 3659
2200 3660
3645 3661
1660 3662
377 3663
208 3664
1889 3665
293 3666
2034 3667
693 3668
446 3669
810 3670
2666 3671
555 3672
3355 3673
2889 3674
93 3675
1141 3676
2931 3677
3000 3678
392 3679
373 3680
2933 3681
284 3682
1991 3683
1812 3684
2507 3685
2119 3686
2893 3687
1433 3688
252 3689
1142 3690
2849 3691
888 3692
1130 3693
2242 3694
1438 3695
2938 3696
1827 3697
1279 3698
2820 3699
2968 3700
3658 3701
529 3702
1217 3703
984 3704
1257 3705
2142 3706
3513 3707
1412 3708
444 3709
745 3710
2192 3711
3250 3712
1375 3713
925 3714
3469 3715
774 3716
2924 3717
1438 3718
684 3719
1717 3720
711 3721
1699 3722
3368 3723
196 3724
1401 3725
1211 3726
170 3727
3486 3728
778 3729
1981 3730
386 3731
337 3732
124 3733
2053 3734
2532 3735
3681 3736
522 3737
2134 3738
2748 3739
3436 3740
181 3741
3666 3742
1358 3743
3095 3744
2880 3745
183 3746
955 3747
1519 3748
3575 3749
173 3750
529 3751
2881 3752
161 3753
3040 3754
1476 3755
1913 3756
3128 3757
1090 3758
1623 3759
809 3760
842 3761
2278 3762
1999 3763
2321 3764
406 3765
821 3766
1658 3767
1669 3768
375 3769
3697 3770
2079 3771
1895 3772
5 3773
197 3774
2374 3775
1224 3776
1958 3777
3225 3778
1482 3779
2928 3780
1519 3781
1690 3782
588 3783
3521 3784
1019 3785
2737 3786
3273 3787
1749 3788
3622 3789
3170 3790
2010 3791
1 3792
2831 3793
1334 3794
2812 3795
2275 3796
3497 3797
1853 3798
3416 3799
2664 3800
2233 3801
2737 3802
966 3803
1345 3804
772 3805
161 3806
2111 3807
3796 3808
210 3809
1174 3810
1822 3811
1610 3812
1854 3813
1312 3814
3051 3815
2917 3816
909 3817
1950 3818
1356 3819
1555 3820
410 3821
572 3822
2015 3823
651 3824
851 3825
637 3826
2504 3827
420 3828
3284 3829
1840 3830
683 3831
193 3832
3260 3833
3829 3834
2306 3835
1463 3836
266 3837
1527 3838
902 3839
1290 3840
450 3841
2004 3842
34 3843
1785 3844
3501 3845
2158 3846
258 3847
2276 3848
3093 3849
198 3850
3278 3851
418 3852
2551 3853
3814 3854
3115 3855
2215 3856
2638 3857
1155 3858
156 3859
2239 3860
1606 3861
3724 3862
3309 3863
1329 3864
551 3865
656 3866
325 3867
44 3868
283 3869
3532 3870
3836 3871
1214 3872
1303 3873
1471 3874
2603 3875
2540 3876
3728 3877
2460 3878
2407 3879
775 3880
976 3881
3437 3882
2011 3883
326 3884
3712 3885
1647 3886
716 3887
2885 3888
2250 3889
346 3890
246 3891
2982 3892
712 3893
139 3894
1455 3895
1852 3896
3799 3897
3027 3898
269 3899
1662 3900
1836 3901
1182 3902
991 3903
3281 3904
3728 3905
1832 3906
2587 3907
1859 3908
1860 3909
2114 3910
1773 3911
964 3912
2333 3913
415 3914
1996 3915
447 3916
1418 3917
1918 3918
2976 3919
3885 3920
3113 3921
3542 3922
1831 3923
2684 3924
420 3925
1071 3926
499 3927
1 3928
3272 3929
2875 3930
414 3931
1681 3932
285 3933
1500 3934
3656 3935
126 3936
788 3937
883 3938
3029 3939
818 3940
3444 3941
1861 3942
2804 3943
3392 3944
3251 3945
1600 3946
843 3947
2575 3948
682 3949
1470 3950
477 3951
2749 3952
311 3953
1199 3954
3714 3955
2152 3956
1443 3957
2981 3958
409 3959
3547 3960
3639 3961
3151 3962
121 3963
1151 3964
3416 3965
2390 3966
3218 3967
1236 3968
3967 3969
1883 3970
1902 3971
913 3972
2987 3973
888 3974
3548 3975
2058 3976
2747 3977
2682 3978
371 3979
2861 3980
557 3981
2684 3982
1531 3983
3860 3984
3980 3985
3938 3986
1032 3987
1470 3988
1860 3989
3676 3990
472 3991
292 3992
536 3993
2166 3994
3411 3995
2018 3996
2497 3997
579 3998
2947 3999
1962 4000
3991 4001
1088 4002
3477 4003
397 4004
1903 4005
3339 4006
3234 4007
2762 4008
2037 4009
2230 4010
498 4011
1210 4012
1624 4013
1642 4014
3395 4015
1945 4016
173 4017
2551 4018
1279 4019
496 4020
2757 4021
1070 4022
3844 4023
571 4024
361 4025
3725 4026
531 4027
1437 4028
3795 4029
2830 4030
401 4031
594 4032
1754 4033
464 4034
1370 4035
17 4036
391 4037
3115 4038
2002 4039
911 4040
3971 4041
3262 4042
988 4043
1251 4044
3116 4045
3435 4046
1239 4047
2364 4048
3016 4049
3797 4050
249 4051
2133 4052
3188 4053
3624 4054
4025 4055
3054 4056
978 4057
2727 4058
496 4059
914 4060
2996 4061
907 4062
2968 4063
3793 4064
3260 4065
3537 4066
1235 4067
305 4068
2432 4069
3598 4070
3576 4071
3455 4072
589 4073
2533 4074
1842 4075
1967 4076
1735 4077
2783 4078
2961 4079
3664 4080
1283 4081
3743 4082
3759 4083
1760 4084
798 4085
2025 4086
3698 4087
2486 4088
1472 4089
1906 4090
1031 4091
3375 4092
1391 4093
1258 4094
3160 4095
2740 4096
1798 4097
3275 4098
491 4099
3520 4100
2494 4101
2474 4102
558 4103
602 4104
3238 4105
169 4106
2751 4107
608 4108
1384 4109
367 4110
1082 4111
602 4112
2705 4113
3274 4114
3378 4115
3714 4116
2498 4117
1700 4118
1513 4119
3429 4120
23 4121
834 4122
2574 4123
1627 4124
2124 4125
2967 4126
1010 4127
3329 4128
3571 4129
2471 4130
4121 4131
2241 4132
1673 4133
2437 4134
852 4135
1255 4136
2033 4137
1693 4138
669 4139
3529 4140
4113 4141
3110 4142
3143 4143
2073 4144
1864 4145
3139 4146
1228 4147
2537 4148
3896 4149
1924 4150
3102 4151
2953 4152
1377 4153
340 4154
1583 4155
3167 4156
3273 4157
3649 4158
97 4159
1731 4160
19 4161
3720 4162
1873 4163
2561 4164
3896 4165
1460 4166
2789 4167
1169 4168
3600 4169
720 4170
3459 4171
3096 4172
892 4173
2501 4174
3620 4175
994 4176
345 4177
1359 4178
1994 4179
4020 4180
3382 4181
118 4182
1686 4183
935 4184
1601 4185
914 4186
308 4187
935 4188
243 4189
3365 4190
2796 4191
484 4192
3427 4193
3483 4194
3564 4195
381 4196
3046 4197
1165 4198
3490 4199
3373 4200
2087 4201
393 4202
2393 4203
2195 4204
2088 4205
3114 4206
3482 4207
529 4208
1170 4209
799 4210
181 4211
3248 4212
3986 4213
1658 4214
2913 4215
926 4216
1882 4217
1067 4218
859 4219
975 4220
3614 4221
3391 4222
2800 4223
1620 4224
2269 4225
1027 4226
3431 4227
2117 4228
2576 4229
6 4230
2967 4231
1109 4232
3731 4233
513 4234
3675 4235
3180 4236
2460 4237
2799 4238
2397 4239
1758 4240
2983 4241
729 4242
2264 4243
240 4244
708 4245
2709 4246
2934 4247
696 4248
3499 4249
737 4250
3382 4251
2350 4252
1168 4253
1235 4254
1276 4255
358 4256
3865 4257
2030 4258
742 4259
3638 4260
535 4261
2996 4262
676 4263
121 4264
215 4265
3730 4266
668 4267
319 4268
2102 4269
1382 4270
839 4271
327 4272
4227 4273
2247 4274
1209 4275
3118 4276
935 4277
1861 4278
3116 4279
4192 4280
387 4281
1448 4282
2341 4283
2928 4284
1157 4285
1937 4286
1271 4287
2586 4288
901 4289
3058 4290
3810 4291
300 4292
1033 4293
1887 4294
522 4295
1338 4296
823 4297
4091 4298
2350 4299
610 4300
3879 4301
451 4302
865 4303
1992 4304
2141 4305
1096 4306
88 4307
2779 4308
945 4309
1511 4310
3973 4311
749 4312
2189 4313
19 4314
1066 4315
1760 4316
2714 4317
2692 4318
3150 4319
227 4320
947 4321
2192 4322
2490 4323
3730 4324
1228 4325
4170 4326
2568 4327
175 4328
1051 4329
221 4330
788 4331
2416 4332
2076 4333
840 4334
308 4335
1417 4336
1774 4337
50 4338
2324 4339
2804 4340
3646 4341
2215 4342
113 4343
1439 4344
189 4345
1221 4346
1340 4347
4036 4348
3992 4349
3792 4350
3764 4351
1159 4352
3578 4353
2863 4354
495 4355
2603 4356
4134 4357
1618 4358
946 4359
583 4360
2559 4361
3743 4362
4208 4363
2060 4364
2273 4365
812 4366
1735 4367
3867 4368
3642 4369
4017 4370
1129 4371
903 4372
1407 4373
2139 4374
1576 4375
2280 4376
3786 4377
2823 4378
3489 4379
2718 4380
53 4381
3376 4382
1029 4383
4319 4384
885 4385
3403 4386
3676 4387
215 4388
2867 4389
4296 4390
1951 4391
3930 4392
3230 4393
3528 4394
3702 4395
1604 4396
2752 4397
3916 4398
2538 4399
3921 4400
2022 4401
488 4402
1647 4403
4391 4404
2086 4405
1288 4406
942 4407
2672 4408
2554 4409
1179 4410
1565 4411
1446 4412
2734 4413
1897 4414
3305 4415
2454 4416
2851 4417
3547 4418
2098 4419
1054 4420
2101 4421
3999 4422
166 4423
3600 4424
57 4425
1159 4426
349 4427
3611 4428
2788 4429
1047 4430
3555 4431
4378 4432
3078 4433
1033 4434
2249 4435
3473 4436
2373 4437
2020 4438
2490 4439
594 4440
488 4441
3159 4442
1888 4443
837 4444
1234 4445
3220 4446
2455 4447
3935 4448
3583 4449
1882 4450
1213 4451
2060 4452
472 4453
3397 4454
3877 4455
3962 4456
446 4457
523 4458
2694 4459
3402 4460
3953 4461
2856 4462
2137 4463
4008 4464
2491 4465
1484 4466
2443 4467
1206 4468
2375 4469
1082 4470
4026 4471
3289 4472
2328 4473
2302 4474
2536 4475
3456 4476
1310 4477
3693 4478
2185 4479
1257 4480
769 4481
2134 4482
2365 4483
2059 4484
1002 4485
1555 4486
2462 4487
3206 4488
2674 4489
65 4490
1090 4491
3780 4492
2 4493
3675 4494
189 4495
472 4496
220 4497
1998 4498
460 4499
3905 4500
2594 4501
3530 4502
1077 4503
42 4504
479 4505
1887 4506
3554 4507
234 4508
3366 4509
3785 4510
1332 4511
3882 4512
2624 4513
3410 4514
3802 4515
3584 4516
1153 4517
2876 4518
2990 4519
4053 4520
1480 4521
2554 4522
3569 4523
3549 4524
2790 4525
253 4526
3321 4527
1803 4528
3099 4529
473 4530
1473 4531
4210 4532
4416 4533
270 4534
2891 4535
1667 4536
2211 4537
1256 4538
2343 4539
2980 4540
1030 4541
2017 4542
560 4543
1966 4544
1789 4545
4070 4546
1459 4547
1492 4548
654 4549
3905 4550
1553 4551
2234 4552
1221 4553
1379 4554
599 4555
1715 4556
1672 4557
2263 4558
1019 4559
1936 4560
642 4561
1928 4562
657 4563
4091 4564
2343 4565
4062 4566
4259 4567
1020 4568
719 4569
354 4570
786 4571
3346 4572
383 4573
653 4574
3199 4575
377 4576
2190 4577
1454 4578
3112 4579
76 4580
1935 4581
144 4582
2770 4583
3490 4584
118 4585
896 4586
1395 4587
917 4588
4533 4589
1996 4590
1312 4591
3843 4592
960 4593
3281 4594
2367 4595
4036 4596
4001 4597
2002 4598
4463 4599
1114 4600
4021 4601
2770 4602
646 4603
3183 4604
3190 4605
810 4606
2559 4607
653 4608
1911 4609
1242 4610
3173 4611
4597 4612
3474 4613
447 4614
994 4615
1466 4616
2990 4617
1173 4618
548 4619
2907 4620
1864 4621
1143 4622
628 4623
1163 4624
1339 4625
3936 4626
3037 4627
3489 4628
2996 4629
1457 4630
706 4631
428 4632
4565 4633
3354 4634
3958 4635
2021 4636
4618 4637
1524 4638
1158 4639
1420 4640
4314 4641
2217 4642
2876 4643
2962 4644
2626 4645
2752 4646
3612 4647
1788 4648
3601 4649
2190 4650
3949 4651
4272 4652
370 4653
1500 4654
404 4655
2457 4656
984 4657
433 4658
1415 4659
3140 4660
4348 4661
1042 4662
4574 4663
2698 4664
3172 4665
759 4666
3269 4667
4494 4668
2196 4669
4407 4670
2687 4671
2489 4672
1982 4673
1535 4674
4595 4675
1804 4676
1520 4677
1741 4678
1639 4679
2045 4680
4602 4681
4141 4682
1532 4683
4187 4684
3898 4685
3571 4686
2915 4687
1425 4688
4165 4689
977 4690
4201 4691
3787 4692
2633 4693
3412 4694
4133 4695
4225 4696
385 4697
3145 4698
889 4699
192 4700
3846 4701
4144 4702
4071 4703
1436 4704
282 4705
1656 4706
736 4707
4460 4708
3556 4709
2941 4710
1605 4711
940 4712
3352 4713
4478 4714
994 4715
3545 4716
302 4717
3796 4718
1513 4719
2436 4720
2733 4721
4492 4722
2951 4723
1849 4724
4517 4725
4266 4726
3632 4727
1860 4728
3874 4729
2643 4730
2955 4731
3250 4732
1353 4733
640 4734
55 4735
3456 4736
2119 4737
2254 4738
809 4739
2049 4740
1119 4741
2083 4742
3931 4743
2288 4744
2801 4745
1120 4746
228 4747
717 4748
2894 4749
4458 4750
2621 4751
2908 4752
1321 4753
4562 4754
3033 4755
1365 4756
1230 4757
2277 4758
2894 4759
4438 4760
3181 4761
3256 4762
2375 4763
3811 4764
1715 4765
4230 4766
3650 4767
1774 4768
1857 4769
100 4770
3295 4771
4090 4772
1409 4773
3808 4774
1168 4775
1697 4776
3102 4777
3713 4778
3438 4779
116 4780
4423 4781
1602 4782
4545 4783
3314 4784
2949 4785
213 4786
2794 4787
3100 4788
1481 4789
1321 4790
2607 4791
2734 4792
2221 4793
1055 4794
1559 4795
4365 4796
258 4797
406 4798
2911 4799
4118 4800
4186 4801
1765 4802
4135 4803
12 4804
4335 4805
2304 4806
1458 4807
668 4808
4404 4809
1792 4810
2828 4811
4542 4812
1568 4813
899 4814
2272 4815
3834 4816
969 4817
2224 4818
3710 4819
2064 4820
2851 4821
2868 4822
2751 4823
1172 4824
4476 4825
3650 4826
745 4827
3102 4828
2211 4829
4469 4830
1829 4831
1007 4832
3226 4833
2204 4834
1507 4835
4295 4836
2306 4837
339 4838
303 4839
978 4840
808 4841
4338 4842
4351 4843
614 4844
2427 4845
264 4846
3240 4847
846 4848
4262 4849
8 4850
4807 4851
1726 4852
3203 4853
3946 4854
2129 4855
1938 4856
4375 4857
4120 4858
2938 4859
1768 4860
1386 4861
747 4862
4824 4863
2457 4864
3971 4865
2915 4866
732 4867
1448 4868
3174 4869
358 4870
4309 4871
3656 4872
448 4873
4171 4874
796 4875
1057 4876
66 4877
1262 4878
829 4879
3605 4880
874 4881
3571 4882
3695 4883
2646 4884
2196 4885
3179 4886
1658 4887
4616 4888
2044 4889
1495 4890
2444 4891
3836 4892
2420 4893
3150 4894
1759 4895
784 4896
341 4897
1749 4898
4088 4899
4813 4900
361 4901
1967 4902
1139 4903
4543 4904
4574 4905
4304 4906
1471 4907
4517 4908
2724 4909
3596 4910
889 4911
4767 4912
1759 4913
4115 4914
2698 4915
1973 4916
408 4917
4342 4918
67 4919
4836 4920
1225 4921
2845 4922
1113 4923
2719 4924
903 4925
3438 4926
2712 4927
167 4928
434 4929
2637 4930
575 4931
3209 4932
3512 4933
1005 4934
3114 4935
280 4936
165 4937
2657 4938
1835 4939
1236 4940
350 4941
3401 4942
1795 4943
4716 4944
2172 4945
1132 4946
960 4947
1931 4948
2369 4949
575 4950
333 4951
216 4952
679 4953
154 4954
950 4955
3951 4956
900 4957
4262 4958
4711 4959
1561 4960
794 4961
2800 4962
111 4963
881 4964
324 4965
2265 4966
118 4967
410 4968
1311 4969
869 4970
2548 4971
709 4972
1960 4973
1085 4974
4624 4975
882 4976
4746 4977
423 4978
3125 4979
954 4980
1748 4981
2880 4982
4149 4983
276 4984
1647 4985
1250 4986
4605 4987
4780 4988
2652 4989
1675 4990
1652 4991
3946 4992
4958 4993
3447 4994
4188 4995
2148 4996
547 4997
2395 4998
3756 4999
1776 5000
