1 2
1 3
2 4
2 5
4 6
5 7
2 8
3 9
3 10
9 11
2 12
7 13
11 14
1 15
4 16
11 17
3 18
13 19
8 20
7 21
1 22
11 23
19 24
7 25
20 26
3 27
14 28
22 29
10 30
4 31
20 32
13 33
24 34
3 35
8 36
24 37
3 38
13 39
35 40
17 41
16 42
13 43
39 44
20 45
41 46
12 47
8 48
13 49
24 50
38 51
34 52
16 53
33 54
35 55
24 56
43 57
12 58
23 59
1 60
37 61
35 62
42 63
24 64
21 65
37 66
32 67
30 68
65 69
56 70
63 71
9 72
28 73
21 74
40 75
43 76
44 77
1 78
38 79
78 80
30 81
64 82
70 83
61 84
13 85
25 86
74 87
15 88
74 89
84 90
25 91
16 92
56 93
5 94
38 95
19 96
12 97
62 98
45 99
62 100
36 101
36 102
91 103
39 104
89 105
104 106
102 107
15 108
51 109
100 110
47 111
75 112
85 113
59 114
12 115
84 116
32 117
16 118
56 119
95 120
39 121
31 122
109 123
73 124
90 125
23 126
33 127
20 128
85 129
29 130
61 131
90 132
82 133
2 134
91 135
32 136
106 137
121 138
25 139
72 140
52 141
36 142
71 143
82 144
142 145
104 146
125 147
28 148
117 149
74 150
80 151
26 152
22 153
143 154
35 155
44 156
84 157
71 158
22 159
56 160
52 161
121 162
1 163
24 164
119 165
54 166
110 167
6 168
53 169
136 170
166 171
79 172
88 173
163 174
162 175
29 176
174 177
122 178
17 179
143 180
99 181
127 182
2 183
165 184
13 185
95 186
144 187
104 188
120 189
177 190
130 191
89 192
62 193
72 194
61 195
155 196
91 197
81 198
45 199
159 200
108 201
170 202
159 203
185 204
142 205
85 206
11 207
203 208
168 209
113 210
5 211
173 212
112 213
148 214
158 215
117 216
22 217
105 218
36 219
47 220
28 221
173 222
127 223
163 224
7 225
151 226
151 227
219 228
135 229
213 230
202 231
104 232
180 233
159 234
96 235
203 236
48 237
160 238
20 239
20 240
45 241
19 242
198 243
77 244
222 245
104 246
229 247
80 248
121 249
72 250
181 251
99 252
204 253
176 254
131 255
146 256
25 257
250 258
227 259
115 260
112 261
179 262
33 263
131 264
73 265
241 266
239 267
99 268
2 269
227 270
70 271
166 272
205 273
181 274
54 275
111 276
251 277
23 278
136 279
98 280
171 281
182 282
82 283
174 284
37 285
67 286
92 287
131 288
37 289
136 290
78 291
244 292
283 293
55 294
183 295
284 296
289 297
163 298
57 299
61 300
193 301
170 302
104 303
184 304
73 305
1 306
176 307
222 308
216 309
156 310
159 311
247 312
260 313
224 314
97 315
228 316
288 317
5 318
187 319
261 320
255 321
116 322
138 323
14 324
209 325
83 326
277 327
223 328
321 329
123 330
67 331
35 332
115 333
215 334
168 335
303 336
201 337
210 338
232 339
23 340
198 341
18 342
175 343
243 344
71 345
240 346
68 347
255 348
82 349
1 350
321 351
293 352
348 353
113 354
30 355
197 356
354 357
278 358
65 359
315 360
64 361
100 362
274 363
352 364
160 365
335 366
145 367
319 368
308 369
171 370
153 371
302 372
59 373
156 374
110 375
338 376
133 377
133 378
56 379
1 380
373 381
274 382
100 383
244 384
257 385
124 386
168 387
232 388
243 389
131 390
14 391
159 392
245 393
76 394
340 395
112 396
168 397
171 398
178 399
144 400
45 401
285 402
372 403
37 404
403 405
102 406
297 407
352 408
257 409
200 410
389 411
288 412
68 413
51 414
404 415
44 416
2 417
380 418
95 419
343 420
207 421
205 422
85 423
253 424
386 425
37 426
45 427
248 428
296 429
418 430
17 431
145 432
365 433
38 434
51 435
204 436
356 437
62 438
338 439
396 440
194 441
15 442
369 443
80 444
140 445
330 446
417 447
421 448
58 449
61 450
40 451
429 452
342 453
68 454
402 455
169 456
31 457
275 458
374 459
410 460
26 461
343 462
402 463
459 464
24 465
413 466
14 467
71 468
16 469
152 470
284 471
160 472
112 473
139 474
46 475
475 476
441 477
242 478
478 479
22 480
268 481
327 482
115 483
100 484
393 485
341 486
6 487
412 488
5 489
24 490
44 491
259 492
292 493
24 494
40 495
69 496
18 497
493 498
1 499
141 500
289 501
337 502
198 503
104 504
194 505
31 506
69 507
110 508
307 509
508 510
433 511
497 512
277 513
208 514
148 515
455 516
436 517
296 518
484 519
401 520
488 521
169 522
500 523
131 524
201 525
153 526
72 527
135 528
255 529
272 530
166 531
213 532
281 533
394 534
512 535
222 536
253 537
128 538
96 539
305 540
490 541
326 542
323 543
164 544
389 545
372 546
279 547
208 548
361 549
328 550
161 551
102 552
217 553
156 554
158 555
132 556
441 557
121 558
454 559
552 560
149 561
175 562
535 563
169 564
13 565
427 566
405 567
470 568
514 569
151 570
405 571
241 572
190 573
564 574
466 575
278 576
106 577
143 578
354 579
206 580
32 581
231 582
240 583
74 584
405 585
165 586
560 587
391 588
189 589
349 590
510 591
91 592
28 593
468 594
7 595
412 596
344 597
189 598
336 599
412 600
244 601
556 602
322 603
562 604
12 605
82 606
89 607
3 608
67 609
430 610
90 611
287 612
483 613
330 614
419 615
3 616
106 617
565 618
74 619
243 620
424 621
405 622
118 623
138 624
581 625
251 626
478 627
187 628
95 629
356 630
582 631
60 632
536 633
530 634
607 635
246 636
54 637
131 638
444 639
360 640
161 641
390 642
423 643
230 644
207 645
432 646
466 647
134 648
262 649
27 650
632 651
7 652
392 653
344 654
118 655
91 656
362 657
210 658
312 659
246 660
355 661
515 662
114 663
204 664
548 665
338 666
21 667
308 668
118 669
182 670
643 671
499 672
132 673
550 674
581 675
268 676
420 677
209 678
211 679
217 680
288 681
622 682
186 683
468 684
60 685
532 686
606 687
92 688
635 689
672 690
164 691
325 692
464 693
529 694
340 695
121 696
234 697
515 698
181 699
208 700
390 701
414 702
556 703
127 704
632 705
96 706
322 707
440 708
468 709
662 710
80 711
371 712
489 713
466 714
48 715
494 716
157 717
568 718
429 719
187 720
4 721
586 722
109 723
95 724
284 725
27 726
114 727
482 728
48 729
113 730
189 731
431 732
332 733
177 734
7 735
536 736
443 737
675 738
124 739
279 740
234 741
431 742
479 743
273 744
530 745
629 746
344 747
59 748
308 749
745 750
93 751
25 752
182 753
708 754
240 755
504 756
611 757
598 758
560 759
556 760
32 761
287 762
426 763
696 764
630 765
721 766
127 767
689 768
486 769
685 770
110 771
360 772
127 773
579 774
395 775
52 776
253 777
381 778
114 779
438 780
722 781
128 782
287 783
25 784
621 785
731 786
176 787
304 788
773 789
86 790
372 791
331 792
519 793
83 794
628 795
763 796
495 797
790 798
443 799
661 800
605 801
145 802
532 803
724 804
615 805
793 806
559 807
183 808
705 809
447 810
419 811
184 812
439 813
630 814
433 815
396 816
418 817
65 818
325 819
261 820
170 821
242 822
63 823
378 824
515 825
765 826
676 827
748 828
756 829
680 830
747 831
175 832
794 833
148 834
598 835
233 836
707 837
741 838
6 839
248 840
374 841
171 842
480 843
367 844
486 845
90 846
363 847
107 848
539 849
376 850
530 851
54 852
380 853
406 854
319 855
331 856
520 857
13 858
452 859
271 860
143 861
428 862
620 863
715 864
126 865
301 866
439 867
137 868
344 869
497 870
673 871
466 872
55 873
161 874
555 875
192 876
524 877
11 878
532 879
674 880
821 881
405 882
342 883
609 884
845 885
235 886
260 887
785 888
216 889
735 890
811 891
266 892
40 893
313 894
679 895
318 896
94 897
312 898
756 899
797 900
416 901
325 902
815 903
557 904
676 905
740 906
571 907
381 908
192 909
407 910
797 911
318 912
335 913
844 914
556 915
131 916
170 917
398 918
518 919
83 920
834 921
62 922
507 923
327 924
863 925
358 926
726 927
769 928
97 929
421 930
919 931
635 932
804 933
689 934
218 935
721 936
497 937
301 938
163 939
373 940
785 941
249 942
894 943
389 944
85 945
799 946
723 947
54 948
150 949
762 950
742 951
610 952
608 953
879 954
372 955
273 956
712 957
122 958
664 959
780 960
871 961
108 962
280 963
781 964
79 965
638 966
708 967
350 968
353 969
1 970
43 971
46 972
285 973
409 974
938 975
464 976
385 977
693 978
950 979
629 980
821 981
866 982
776 983
949 984
30 985
610 986
968 987
366 988
310 989
698 990
812 991
557 992
581 993
465 994
896 995
557 996
918 997
312 998
843 999
621 1000
245 1001
281 1002
852 1003
559 1004
255 1005
1004 1006
338 1007
744 1008
53 1009
60 1010
134 1011
21 1012
353 1013
826 1014
591 1015
26 1016
753 1017
744 1018
5 1019
20 1020
704 1021
226 1022
341 1023
342 1024
771 1025
605 1026
95 1027
102 1028
722 1029
423 1030
223 1031
605 1032
477 1033
428 1034
428 1035
750 1036
439 1037
818 1038
116 1039
999 1040
521 1041
136 1042
171 1043
999 1044
337 1045
37 1046
396 1047
107 1048
424 1049
445 1050
831 1051
23 1052
722 1053
824 1054
30 1055
913 1056
589 1057
184 1058
641 1059
402 1060
760 1061
195 1062
803 1063
84 1064
734 1065
225 1066
852 1067
677 1068
281 1069
950 1070
601 1071
300 1072
314 1073
969 1074
154 1075
206 1076
811 1077
300 1078
616 1079
198 1080
255 1081
320 1082
974 1083
457 1084
231 1085
654 1086
205 1087
845 1088
1032 1089
693 1090
335 1091
363 1092
1081 1093
1055 1094
528 1095
325 1096
308 1097
213 1098
629 1099
563 1100
42 1101
244 1102
545 1103
420 1104
199 1105
1076 1106
1093 1107
455 1108
251 1109
159 1110
986 1111
1064 1112
727 1113
301 1114
478 1115
726 1116
960 1117
193 1118
114 1119
41 1120
530 1121
835 1122
739 1123
748 1124
765 1125
776 1126
412 1127
17 1128
966 1129
478 1130
1093 1131
583 1132
431 1133
352 1134
1126 1135
541 1136
20 1137
785 1138
702 1139
1012 1140
673 1141
699 1142
906 1143
27 1144
7 1145
312 1146
969 1147
784 1148
372 1149
974 1150
766 1151
240 1152
1055 1153
978 1154
743 1155
715 1156
34 1157
1134 1158
837 1159
357 1160
1023 1161
278 1162
337 1163
589 1164
46 1165
582 1166
481 1167
656 1168
674 1169
846 1170
487 1171
161 1172
375 1173
738 1174
1123 1175
737 1176
1097 1177
728 1178
844 1179
911 1180
1172 1181
1097 1182
201 1183
454 1184
1053 1185
1008 1186
531 1187
865 1188
700 1189
295 1190
67 1191
403 1192
273 1193
614 1194
306 1195
674 1196
192 1197
186 1198
930 1199
905 1200
13 1201
135 1202
532 1203
693 1204
535 1205
902 1206
372 1207
1181 1208
236 1209
150 1210
22 1211
477 1212
420 1213
177 1214
674 1215
113 1216
625 1217
1155 1218
252 1219
516 1220
671 1221
877 1222
486 1223
590 1224
1183 1225
693 1226
608 1227
183 1228
431 1229
403 1230
23 1231
396 1232
788 1233
36 1234
422 1235
409 1236
1229 1237
1057 1238
816 1239
357 1240
205 1241
522 1242
517 1243
1045 1244
1092 1245
405 1246
1000 1247
382 1248
948 1249
796 1250
984 1251
1032 1252
956 1253
1008 1254
1249 1255
710 1256
799 1257
527 1258
518 1259
387 1260
1025 1261
1083 1262
1067 1263
199 1264
1028 1265
875 1266
862 1267
33 1268
1149 1269
469 1270
1045 1271
32 1272
1141 1273
602 1274
293 1275
635 1276
461 1277
24 1278
1101 1279
844 1280
161 1281
781 1282
1088 1283
633 1284
926 1285
572 1286
1142 1287
1163 1288
597 1289
1024 1290
1201 1291
583 1292
877 1293
46 1294
110 1295
318 1296
325 1297
840 1298
1224 1299
69 1300
415 1301
111 1302
783 1303
86 1304
756 1305
1081 1306
91 1307
1307 1308
951 1309
6 1310
528 1311
736 1312
768 1313
57 1314
74 1315
991 1316
288 1317
676 1318
664 1319
66 1320
4 1321
879 1322
918 1323
473 1324
285 1325
279 1326
375 1327
860 1328
1129 1329
1135 1330
692 1331
93 1332
1273 1333
1015 1334
615 1335
988 1336
616 1337
432 1338
800 1339
856 1340
1013 1341
217 1342
1059 1343
932 1344
320 1345
154 1346
1284 1347
896 1348
732 1349
615 1350
475 1351
963 1352
131 1353
799 1354
1288 1355
146 1356
1190 1357
494 1358
1291 1359
64 1360
1154 1361
596 1362
741 1363
1299 1364
465 1365
1133 1366
1223 1367
882 1368
383 1369
378 1370
313 1371
32 1372
89 1373
1076 1374
1195 1375
1107 1376
425 1377
950 1378
1352 1379
638 1380
1378 1381
918 1382
1160 1383
1069 1384
499 1385
980 1386
865 1387
1066 1388
1267 1389
273 1390
765 1391
296 1392
568 1393
832 1394
929 1395
271 1396
631 1397
874 1398
1190 1399
1282 1400
1043 1401
844 1402
343 1403
1213 1404
989 1405
1283 1406
1068 1407
281 1408
1305 1409
1104 1410
1402 1411
341 1412
1017 1413
315 1414
9 1415
1202 1416
985 1417
735 1418
1234 1419
1120 1420
690 1421
313 1422
890 1423
1052 1424
656 1425
1008 1426
1033 1427
906 1428
1042 1429
840 1430
1379 1431
198 1432
1158 1433
476 1434
575 1435
525 1436
941 1437
742 1438
473 1439
203 1440
712 1441
1028 1442
1393 1443
1207 1444
995 1445
398 1446
1208 1447
684 1448
1410 1449
864 1450
828 1451
266 1452
1152 1453
1090 1454
1056 1455
256 1456
1103 1457
172 1458
763 1459
839 1460
1131 1461
558 1462
685 1463
1404 1464
446 1465
572 1466
254 1467
210 1468
1378 1469
1137 1470
1076 1471
1001 1472
826 1473
419 1474
1097 1475
1201 1476
261 1477
1351 1478
989 1479
182 1480
1421 1481
777 1482
385 1483
19 1484
796 1485
181 1486
268 1487
209 1488
1147 1489
447 1490
248 1491
984 1492
1218 1493
1287 1494
527 1495
1438 1496
1128 1497
310 1498
1430 1499
1219 1500
1159 1501
1209 1502
757 1503
1241 1504
417 1505
629 1506
1337 1507
353 1508
296 1509
918 1510
835 1511
1027 1512
697 1513
247 1514
1208 1515
304 1516
1446 1517
730 1518
245 1519
382 1520
953 1521
256 1522
973 1523
896 1524
301 1525
317 1526
864 1527
412 1528
927 1529
1469 1530
257 1531
162 1532
699 1533
104 1534
1288 1535
840 1536
1146 1537
706 1538
845 1539
1089 1540
343 1541
870 1542
695 1543
1180 1544
445 1545
639 1546
1534 1547
509 1548
1282 1549
524 1550
398 1551
394 1552
906 1553
163 1554
25 1555
496 1556
1302 1557
1140 1558
1493 1559
1360 1560
52 1561
1458 1562
709 1563
1185 1564
263 1565
1338 1566
915 1567
258 1568
714 1569
607 1570
857 1571
1007 1572
446 1573
306 1574
936 1575
262 1576
1480 1577
64 1578
677 1579
21 1580
98 1581
1009 1582
618 1583
94 1584
283 1585
347 1586
173 1587
653 1588
1554 1589
988 1590
304 1591
1294 1592
644 1593
626 1594
639 1595
26 1596
525 1597
1449 1598
1482 1599
1357 1600
242 1601
440 1602
1523 1603
934 1604
1015 1605
988 1606
7 1607
969 1608
631 1609
1287 1610
719 1611
327 1612
560 1613
520 1614
1535 1615
1350 1616
709 1617
1462 1618
255 1619
289 1620
1183 1621
317 1622
329 1623
853 1624
147 1625
241 1626
1032 1627
724 1628
1122 1629
217 1630
454 1631
163 1632
228 1633
704 1634
757 1635
1117 1636
1360 1637
965 1638
375 1639
581 1640
1517 1641
1190 1642
315 1643
352 1644
1479 1645
1500 1646
1147 1647
1144 1648
247 1649
998 1650
1091 1651
1118 1652
1094 1653
678 1654
1098 1655
776 1656
1536 1657
1167 1658
544 1659
1233 1660
427 1661
1107 1662
708 1663
893 1664
1208 1665
1261 1666
618 1667
386 1668
1102 1669
504 1670
1132 1671
661 1672
1570 1673
48 1674
769 1675
949 1676
752 1677
389 1678
1607 1679
933 1680
1643 1681
1154 1682
1124 1683
1615 1684
64 1685
1526 1686
167 1687
978 1688
945 1689
321 1690
62 1691
1271 1692
1581 1693
436 1694
1192 1695
550 1696
382 1697
1492 1698
788 1699
1135 1700
39 1701
824 1702
787 1703
311 1704
938 1705
45 1706
951 1707
1436 1708
1388 1709
1449 1710
1066 1711
1613 1712
90 1713
1146 1714
731 1715
513 1716
230 1717
81 1718
696 1719
188 1720
1518 1721
464 1722
628 1723
297 1724
1406 1725
646 1726
1542 1727
1415 1728
799 1729
1274 1730
24 1731
942 1732
630 1733
662 1734
73 1735
1394 1736
935 1737
738 1738
1110 1739
681 1740
735 1741
23 1742
135 1743
1597 1744
1003 1745
1352 1746
1565 1747
1700 1748
1543 1749
1598 1750
635 1751
731 1752
1316 1753
184 1754
519 1755
1151 1756
1016 1757
921 1758
670 1759
195 1760
638 1761
518 1762
740 1763
721 1764
1716 1765
510 1766
228 1767
413 1768
441 1769
1665 1770
863 1771
1743 1772
533 1773
613 1774
1158 1775
1468 1776
671 1777
1525 1778
431 1779
157 1780
130 1781
747 1782
456 1783
852 1784
231 1785
1135 1786
670 1787
1605 1788
1253 1789
321 1790
1789 1791
1134 1792
1732 1793
9 1794
1760 1795
1417 1796
542 1797
80 1798
885 1799
1004 1800
341 1801
451 1802
1686 1803
1078 1804
187 1805
933 1806
106 1807
1047 1808
358 1809
947 1810
1118 1811
1594 1812
1388 1813
73 1814
1665 1815
522 1816
298 1817
1233 1818
357 1819
1433 1820
139 1821
1295 1822
302 1823
82 1824
61 1825
446 1826
1182 1827
1039 1828
348 1829
517 1830
1817 1831
1068 1832
906 1833
949 1834
1375 1835
1826 1836
15 1837
693 1838
660 1839
1737 1840
1713 1841
1050 1842
880 1843
1810 1844
1834 1845
711 1846
575 1847
201 1848
833 1849
1299 1850
1679 1851
860 1852
1224 1853
1321 1854
906 1855
801 1856
512 1857
763 1858
531 1859
139 1860
876 1861
378 1862
1280 1863
1761 1864
1576 1865
1591 1866
501 1867
1077 1868
745 1869
845 1870
1481 1871
1458 1872
1170 1873
1559 1874
736 1875
957 1876
1470 1877
28 1878
869 1879
1590 1880
1552 1881
642 1882
320 1883
947 1884
1568 1885
1643 1886
948 1887
837 1888
1125 1889
23 1890
650 1891
624 1892
1503 1893
678 1894
1394 1895
167 1896
221 1897
1687 1898
497 1899
217 1900
611 1901
1013 1902
1556 1903
1604 1904
725 1905
1187 1906
1502 1907
232 1908
1497 1909
1149 1910
1577 1911
1280 1912
1750 1913
385 1914
312 1915
1084 1916
321 1917
576 1918
1139 1919
1555 1920
1914 1921
1765 1922
394 1923
911 1924
570 1925
1819 1926
263 1927
224 1928
987 1929
1126 1930
293 1931
113 1932
444 1933
188 1934
1449 1935
1912 1936
754 1937
64 1938
233 1939
1751 1940
471 1941
83 1942
1634 1943
964 1944
1129 1945
245 1946
1922 1947
1843 1948
612 1949
1140 1950
1135 1951
1668 1952
689 1953
553 1954
598 1955
480 1956
789 1957
384 1958
137 1959
197 1960
1671 1961
1291 1962
1880 1963
73 1964
1560 1965
884 1966
1104 1967
1522 1968
799 1969
269 1970
1078 1971
1313 1972
1435 1973
305 1974
459 1975
1183 1976
1068 1977
1398 1978
1533 1979
1557 1980
519 1981
693 1982
1080 1983
1837 1984
585 1985
1621 1986
664 1987
1163 1988
1697 1989
123 1990
1511 1991
441 1992
1578 1993
143 1994
369 1995
1602 1996
153 1997
98 1998
1104 1999
1177 2000
55 2001
153 2002
1140 2003
908 2004
1206 2005
58 2006
537 2007
1360 2008
1815 2009
664 2010
602 2011
1485 2012
1076 2013
606 2014
336 2015
1043 2016
1370 2017
807 2018
114 2019
962 2020
1688 2021
621 2022
186 2023
260 2024
1505 2025
971 2026
417 2027
750 2028
1606 2029
1927 2030
420 2031
879 2032
1445 2033
67 2034
1591 2035
932 2036
1683 2037
1310 2038
214 2039
522 2040
234 2041
1884 2042
1593 2043
1650 2044
961 2045
1850 2046
2028 2047
702 2048
459 2049
1487 2050
597 2051
947 2052
373 2053
515 2054
42 2055
1929 2056
23 2057
1744 2058
73 2059
928 2060
399 2061
994 2062
159 2063
584 2064
461 2065
545 2066
1714 2067
1211 2068
176 2069
249 2070
1919 2071
83 2072
1015 2073
1840 2074
9 2075
1866 2076
1161 2077
1251 2078
1697 2079
1730 2080
287 2081
642 2082
980 2083
985 2084
268 2085
1895 2086
142 2087
49 2088
214 2089
1198 2090
1329 2091
837 2092
1496 2093
451 2094
1414 2095
271 2096
1222 2097
789 2098
1060 2099
549 2100
1912 2101
1913 2102
1065 2103
449 2104
997 2105
702 2106
1761 2107
1973 2108
1002 2109
957 2110
1493 2111
723 2112
1479 2113
1399 2114
332 2115
107 2116
321 2117
1800 2118
1115 2119
421 2120
1859 2121
2102 2122
2070 2123
943 2124
163 2125
1977 2126
896 2127
1129 2128
934 2129
1985 2130
1962 2131
1371 2132
1630 2133
1910 2134
1838 2135
1387 2136
1113 2137
1190 2138
1644 2139
1320 2140
747 2141
1528 2142
1186 2143
1705 2144
1664 2145
821 2146
1702 2147
252 2148
1931 2149
645 2150
938 2151
1871 2152
1550 2153
38 2154
1047 2155
2006 2156
1636 2157
2064 2158
1910 2159
1606 2160
60 2161
1161 2162
69 2163
28 2164
1075 2165
382 2166
1965 2167
2028 2168
1463 2169
2034 2170
916 2171
1399 2172
669 2173
650 2174
2010 2175
1792 2176
489 2177
380 2178
1407 2179
2109 2180
553 2181
415 2182
889 2183
952 2184
919 2185
610 2186
518 2187
2062 2188
79 2189
1122 2190
90 2191
1103 2192
1198 2193
1930 2194
305 2195
1777 2196
405 2197
566 2198
1704 2199
1812 2200
2003 2201
1152 2202
755 2203
444 2204
1921 2205
1380 2206
786 2207
337 2208
805 2209
512 2210
1277 2211
1236 2212
302 2213
467 2214
2172 2215
1665 2216
835 2217
445 2218
1120 2219
394 2220
69 2221
252 2222
591 2223
2023 2224
1938 2225
1089 2226
234 2227
1257 2228
1887 2229
788 2230
1102 2231
576 2232
263 2233
1354 2234
203 2235
2041 2236
1487 2237
1343 2238
476 2239
117 2240
1677 2241
29 2242
59 2243
102 2244
1258 2245
1540 2246
1115 2247
1731 2248
1551 2249
757 2250
1923 2251
353 2252
1087 2253
1299 2254
1197 2255
1402 2256
211 2257
1277 2258
136 2259
332 2260
1358 2261
1381 2262
1373 2263
1846 2264
1199 2265
109 2266
16 2267
1416 2268
1037 2269
1817 2270
1737 2271
172 2272
687 2273
400 2274
2237 2275
589 2276
232 2277
1675 2278
278 2279
812 2280
1178 2281
112 2282
557 2283
2055 2284
1741 2285
644 2286
199 2287
32 2288
1439 2289
200 2290
72 2291
1536 2292
1237 2293
1428 2294
1179 2295
381 2296
2053 2297
525 2298
659 2299
2180 2300
154 2301
1234 2302
1496 2303
1930 2304
1496 2305
1990 2306
1614 2307
1548 2308
2129 2309
1891 2310
2045 2311
1044 2312
46 2313
1381 2314
1591 2315
1363 2316
862 2317
360 2318
1520 2319
2088 2320
1956 2321
501 2322
1419 2323
202 2324
1358 2325
467 2326
570 2327
1395 2328
161 2329
715 2330
228 2331
1407 2332
633 2333
168 2334
2257 2335
2151 2336
1774 2337
167 2338
1675 2339
2234 2340
1227 2341
1814 2342
1711 2343
109 2344
1940 2345
328 2346
536 2347
2096 2348
329 2349
1112 2350
1793 2351
1520 2352
657 2353
1653 2354
1111 2355
216 2356
814 2357
271 2358
861 2359
6 2360
543 2361
2168 2362
734 2363
906 2364
826 2365
1060 2366
896 2367
1206 2368
1828 2369
486 2370
1894 2371
2264 2372
1397 2373
1814 2374
2087 2375
1161 2376
2133 2377
2051 2378
2242 2379
1097 2380
582 2381
764 2382
2271 2383
2136 2384
347 2385
1520 2386
2044 2387
1147 2388
1804 2389
1359 2390
602 2391
91 2392
871 2393
468 2394
355 2395
1608 2396
290 2397
1681 2398
1414 2399
1558 2400
460 2401
1561 2402
1476 2403
990 2404
878 2405
319 2406
935 2407
1710 2408
397 2409
446 2410
37 2411
1843 2412
2061 2413
1117 2414
1127 2415
2311 2416
765 2417
389 2418
542 2419
429 2420
1421 2421
54 2422
497 2423
546 2424
1048 2425
106 2426
984 2427
1791 2428
899 2429
689 2430
1054 2431
518 2432
1493 2433
1440 2434
1743 2435
34 2436
1030 2437
1085 2438
1272 2439
1501 2440
1346 2441
579 2442
1446 2443
322 2444
2075 2445
740 2446
894 2447
1577 2448
75 2449
2022 2450
1096 2451
666 2452
782 2453
633 2454
1893 2455
2095 2456
964 2457
470 2458
1631 2459
2089 2460
162 2461
434 2462
1698 2463
340 2464
1591 2465
911 2466
2381 2467
1566 2468
2326 2469
1300 2470
903 2471
121 2472
1810 2473
1590 2474
603 2475
1821 2476
1053 2477
1275 2478
2080 2479
245 2480
917 2481
717 2482
808 2483
578 2484
2264 2485
2416 2486
756 2487
734 2488
1146 2489
1810 2490
333 2491
1528 2492
151 2493
2400 2494
2149 2495
2191 2496
461 2497
1449 2498
761 2499
1019 2500
2438 2501
1693 2502
2372 2503
1719 2504
1144 2505
326 2506
2106 2507
1993 2508
2031 2509
574 2510
1463 2511
1658 2512
844 2513
613 2514
2075 2515
1217 2516
2352 2517
994 2518
992 2519
1126 2520
1736 2521
2290 2522
1119 2523
2137 2524
1818 2525
1362 2526
856 2527
176 2528
1698 2529
544 2530
714 2531
479 2532
2204 2533
1240 2534
17 2535
550 2536
1820 2537
171 2538
2015 2539
1827 2540
1964 2541
218 2542
46 2543
867 2544
543 2545
498 2546
2087 2547
1231 2548
490 2549
1509 2550
2357 2551
1522 2552
1333 2553
1096 2554
1431 2555
630 2556
25 2557
2452 2558
719 2559
970 2560
2522 2561
1647 2562
2452 2563
2408 2564
431 2565
1308 2566
1062 2567
1045 2568
441 2569
777 2570
1292 2571
733 2572
668 2573
1265 2574
996 2575
1986 2576
915 2577
1985 2578
2490 2579
1084 2580
1610 2581
88 2582
1678 2583
2390 2584
123 2585
2079 2586
2405 2587
966 2588
2496 2589
1831 2590
1033 2591
1920 2592
2186 2593
2194 2594
2217 2595
1259 2596
1205 2597
1758 2598
706 2599
439 2600
304 2601
695 2602
2340 2603
558 2604
1738 2605
1509 2606
1311 2607
2277 2608
1578 2609
600 2610
836 2611
979 2612
64 2613
1913 2614
2119 2615
2087 2616
2203 2617
634 2618
1689 2619
202 2620
147 2621
1577 2622
1001 2623
599 2624
1448 2625
2284 2626
32 2627
924 2628
617 2629
2500 2630
915 2631
1452 2632
520 2633
981 2634
2084 2635
2307 2636
1900 2637
2416 2638
969 2639
566 2640
2582 2641
1394 2642
2467 2643
686 2644
1879 2645
953 2646
784 2647
1699 2648
1570 2649
1594 2650
2621 2651
1583 2652
1196 2653
567 2654
2457 2655
1267 2656
1263 2657
2378 2658
1909 2659
1775 2660
587 2661
2588 2662
742 2663
896 2664
2109 2665
273 2666
875 2667
738 2668
2188 2669
1093 2670
2657 2671
1101 2672
2068 2673
1896 2674
917 2675
862 2676
1534 2677
1995 2678
1015 2679
233 2680
138 2681
1892 2682
1286 2683
2301 2684
2154 2685
322 2686
2618 2687
2 2688
2055 2689
2563 2690
180 2691
2330 2692
1376 2693
804 2694
309 2695
168 2696
2018 2697
1515 2698
1893 2699
2656 2700
1774 2701
737 2702
2222 2703
1800 2704
847 2705
875 2706
754 2707
17 2708
154 2709
758 2710
304 2711
1282 2712
2599 2713
187 2714
2440 2715
517 2716
2091 2717
516 2718
1315 2719
523 2720
2194 2721
1599 2722
1880 2723
2332 2724
425 2725
763 2726
1582 2727
1084 2728
1323 2729
2728 2730
549 2731
2565 2732
1292 2733
793 2734
1370 2735
839 2736
1460 2737
515 2738
946 2739
2154 2740
2077 2741
1096 2742
640 2743
1534 2744
1262 2745
2384 2746
801 2747
215 2748
1446 2749
2311 2750
1394 2751
158 2752
2546 2753
657 2754
1578 2755
2111 2756
147 2757
2498 2758
2575 2759
1714 2760
998 2761
323 2762
2507 2763
2640 2764
804 2765
2555 2766
1039 2767
1172 2768
2750 2769
1635 2770
1972 2771
1671 2772
111 2773
2259 2774
2492 2775
2298 2776
2641 2777
1546 2778
1664 2779
2625 2780
1378 2781
739 2782
1205 2783
373 2784
7 2785
1006 2786
1792 2787
2198 2788
1391 2789
633 2790
2145 2791
2190 2792
2608 2793
868 2794
1884 2795
2713 2796
932 2797
2082 2798
484 2799
314 2800
2028 2801
616 2802
1254 2803
2344 2804
304 2805
1070 2806
843 2807
2594 2808
1278 2809
690 2810
2570 2811
261 2812
2762 2813
1667 2814
2423 2815
1459 2816
361 2817
2474 2818
2441 2819
832 2820
597 2821
2471 2822
1097 2823
2519 2824
559 2825
446 2826
2248 2827
614 2828
1880 2829
1820 2830
651 2831
2089 2832
1076 2833
262 2834
1770 2835
1196 2836
1923 2837
1452 2838
2203 2839
2246 2840
1469 2841
806 2842
2184 2843
2617 2844
2535 2845
1324 2846
42 2847
1780 2848
639 2849
1967 2850
1754 2851
935 2852
2649 2853
2424 2854
2149 2855
1701 2856
1079 2857
602 2858
1156 2859
1624 2860
1908 2861
2198 2862
1836 2863
1939 2864
2215 2865
1737 2866
2582 2867
1019 2868
2840 2869
392 2870
2816 2871
592 2872
1908 2873
1820 2874
1580 2875
2480 2876
1324 2877
1296 2878
1934 2879
1695 2880
1637 2881
1812 2882
301 2883
2812 2884
1939 2885
1659 2886
60 2887
2751 2888
124 2889
1467 2890
2560 2891
757 2892
2115 2893
2415 2894
606 2895
2304 2896
2387 2897
755 2898
136 2899
404 2900
1359 2901
1736 2902
1749 2903
635 2904
450 2905
861 2906
501 2907
868 2908
2757 2909
2803 2910
160 2911
1737 2912
1286 2913
1877 2914
1461 2915
487 2916
2084 2917
2556 2918
2399 2919
1406 2920
42 2921
224 2922
169 2923
1374 2924
652 2925
2276 2926
2399 2927
1384 2928
2322 2929
16 2930
1054 2931
538 2932
2434 2933
2121 2934
1180 2935
236 2936
390 2937
685 2938
2614 2939
2184 2940
2761 2941
1864 2942
1743 2943
1376 2944
445 2945
810 2946
2782 2947
550 2948
353 2949
1177 2950
1666 2951
1874 2952
2364 2953
425 2954
278 2955
256 2956
2324 2957
167 2958
813 2959
2886 2960
520 2961
1607 2962
1387 2963
994 2964
388 2965
2561 2966
2818 2967
2480 2968
2500 2969
707 2970
944 2971
869 2972
2174 2973
679 2974
1966 2975
1889 2976
1838 2977
2102 2978
1701 2979
860 2980
435 2981
1743 2982
1440 2983
311 2984
2410 2985
2979 2986
251 2987
380 2988
2894 2989
870 2990
1687 2991
1638 2992
602 2993
2958 2994
2187 2995
344 2996
2396 2997
861 2998
121 2999
1589 3000
366 3001
1040 3002
1309 3003
1654 3004
270 3005
2534 3006
1821 3007
1238 3008
1626 3009
787 3010
2257 3011
1184 3012
1893 3013
1569 3014
2279 3015
677 3016
2585 3017
2937 3018
1684 3019
1256 3020
588 3021
2280 3022
1551 3023
2717 3024
1532 3025
2214 3026
329 3027
2558 3028
671 3029
1846 3030
1992 3031
2425 3032
274 3033
664 3034
1069 3035
937 3036
2543 3037
611 3038
1951 3039
1090 3040
1444 3041
2477 3042
1771 3043
277 3044
1938 3045
1043 3046
1713 3047
1725 3048
2749 3049
2281 3050
1660 3051
17 3052
1861 3053
1018 3054
2610 3055
1560 3056
223 3057
2115 3058
2585 3059
1049 3060
1857 3061
1285 3062
2931 3063
2163 3064
2732 3065
290 3066
93 3067
3058 3068
1651 3069
151 3070
307 3071
1807 3072
521 3073
1566 3074
3058 3075
2835 3076
2217 3077
2910 3078
2842 3079
826 3080
640 3081
2743 3082
1496 3083
2061 3084
2917 3085
1058 3086
3036 3087
1221 3088
2590 3089
2755 3090
1292 3091
2067 3092
767 3093
2692 3094
537 3095
1670 3096
1053 3097
2984 3098
482 3099
1177 3100
1526 3101
2739 3102
556 3103
1004 3104
2964 3105
2383 3106
7 3107
2652 3108
1996 3109
1379 3110
662 3111
2936 3112
1479 3113
1768 3114
1393 3115
3111 3116
1993 3117
689 3118
2378 3119
39 3120
490 3121
1312 3122
1908 3123
3083 3124
798 3125
949 3126
577 3127
1903 3128
267 3129
1772 3130
133 3131
1358 3132
1938 3133
540 3134
2093 3135
540 3136
1346 3137
3082 3138
1019 3139
595 3140
2263 3141
1862 3142
193 3143
1049 3144
2289 3145
1440 3146
897 3147
634 3148
450 3149
1589 3150
241 3151
2748 3152
907 3153
1568 3154
218 3155
1442 3156
2609 3157
2853 3158
657 3159
2775 3160
828 3161
2342 3162
2147 3163
2829 3164
2712 3165
2845 3166
2723 3167
2809 3168
1589 3169
1260 3170
1182 3171
2869 3172
1341 3173
1174 3174
1876 3175
844 3176
251 3177
134 3178
1033 3179
3079 3180
2834 3181
897 3182
2266 3183
1483 3184
2988 3185
205 3186
2788 3187
2512 3188
38 3189
2111 3190
2303 3191
532 3192
3017 3193
2127 3194
3135 3195
1224 3196
986 3197
2717 3198
1953 3199
153 3200
3057 3201
2006 3202
2133 3203
1700 3204
642 3205
3112 3206
1801 3207
2923 3208
2288 3209
1389 3210
2566 3211
1652 3212
149 3213
1953 3214
2164 3215
1660 3216
1177 3217
2862 3218
1417 3219
980 3220
1005 3221
547 3222
2549 3223
1123 3224
498 3225
2661 3226
1945 3227
1172 3228
1961 3229
3020 3230
2322 3231
1248 3232
1751 3233
567 3234
3183 3235
921 3236
2080 3237
2617 3238
2258 3239
1951 3240
995 3241
76 3242
2066 3243
197 3244
3102 3245
2795 3246
3085 3247
59 3248
2032 3249
3163 3250
2250 3251
450 3252
2332 3253
3206 3254
2082 3255
2825 3256
2701 3257
2713 3258
3191 3259
2036 3260
1756 3261
2930 3262
468 3263
1062 3264
2180 3265
257 3266
2272 3267
1686 3268
1502 3269
302 3270
2417 3271
2416 3272
2684 3273
1289 3274
3096 3275
2351 3276
2766 3277
333 3278
144 3279
1241 3280
2733 3281
731 3282
1154 3283
3136 3284
2869 3285
421 3286
2507 3287
1341 3288
2208 3289
505 3290
1772 3291
2045 3292
128 3293
366 3294
761 3295
628 3296
1810 3297
862 3298
2856 3299
2334 3300
1107 3301
1397 3302
1113 3303
196 3304
457 3305
358 3306
301 3307
2028 3308
565 3309
2663 3310
643 3311
2607 3312
477 3313
2102 3314
2747 3315
2109 3316
1344 3317
707 3318
110 3319
2926 3320
2143 3321
774 3322
1620 3323
562 3324
462 3325
3255 3326
29 3327
369 3328
933 3329
1123 3330
1387 3331
2008 3332
499 3333
1137 3334
3044 3335
1716 3336
3207 3337
630 3338
2597 3339
1952 3340
2870 3341
1314 3342
1797 3343
2610 3344
2066 3345
2209 3346
149 3347
944 3348
2830 3349
2900 3350
1606 3351
1084 3352
1981 3353
1901 3354
1937 3355
2064 3356
872 3357
1800 3358
2709 3359
2515 3360
2159 3361
2593 3362
2691 3363
2516 3364
588 3365
2710 3366
2002 3367
2931 3368
2685 3369
698 3370
2235 3371
979 3372
482 3373
2793 3374
3157 3375
398 3376
158 3377
2289 3378
1175 3379
838 3380
1955 3381
1421 3382
2764 3383
2232 3384
3181 3385
3012 3386
2087 3387
1096 3388
1898 3389
368 3390
2570 3391
2324 3392
2894 3393
2062 3394
1849 3395
2336 3396
2897 3397
572 3398
2462 3399
2120 3400
1580 3401
3344 3402
1015 3403
2801 3404
2712 3405
2388 3406
125 3407
1954 3408
1234 3409
45 3410
2577 3411
1682 3412
2127 3413
1423 3414
1102 3415
763 3416
2199 3417
2203 3418
648 3419
12 3420
705 3421
3322 3422
1480 3423
2785 3424
3022 3425
2925 3426
1935 3427
391 3428
2841 3429
3012 3430
425 3431
199 3432
1846 3433
2414 3434
2588 3435
945 3436
3194 3437
2610 3438
2239 3439
2448 3440
619 3441
1674 3442
2890 3443
607 3444
2795 3445
2924 3446
1516 3447
415 3448
2665 3449
686 3450
2998 3451
2228 3452
1663 3453
1176 3454
3423 3455
1109 3456
1231 3457
2457 3458
2254 3459
1911 3460
105 3461
675 3462
989 3463
1442 3464
1457 3465
359 3466
85 3467
1307 3468
2164 3469
26 3470
537 3471
253 3472
1883 3473
1301 3474
1932 3475
1729 3476
1674 3477
2478 3478
923 3479
190 3480
2959 3481
2928 3482
728 3483
309 3484
3067 3485
43 3486
1673 3487
3197 3488
1994 3489
1827 3490
346 3491
1407 3492
1330 3493
3452 3494
413 3495
2279 3496
1585 3497
541 3498
221 3499
1617 3500
2631 3501
1815 3502
2954 3503
3252 3504
1548 3505
2506 3506
2740 3507
2886 3508
3491 3509
562 3510
2195 3511
2804 3512
1311 3513
3454 3514
4 3515
808 3516
176 3517
682 3518
373 3519
2699 3520
1516 3521
1053 3522
1109 3523
1091 3524
2079 3525
2214 3526
1003 3527
757 3528
2616 3529
1041 3530
514 3531
1659 3532
2357 3533
2136 3534
2006 3535
1098 3536
13 3537
1000 3538
993 3539
1039 3540
424 3541
1917 3542
2996 3543
3503 3544
2494 3545
1688 3546
1541 3547
100 3548
1514 3549
910 3550
2554 3551
1633 3552
442 3553
2062 3554
47 3555
2787 3556
1991 3557
3217 3558
1717 3559
2668 3560
61 3561
3197 3562
1564 3563
1290 3564
2719 3565
2866 3566
1992 3567
164 3568
3154 3569
566 3570
3506 3571
3523 3572
2225 3573
2903 3574
3025 3575
257 3576
1289 3577
1446 3578
459 3579
1486 3580
839 3581
137 3582
279 3583
2591 3584
1422 3585
1909 3586
1562 3587
1368 3588
3085 3589
916 3590
1797 3591
1466 3592
1964 3593
1815 3594
1925 3595
3355 3596
2266 3597
1968 3598
3498 3599
973 3600
580 3601
2806 3602
2546 3603
1581 3604
2825 3605
3477 3606
3309 3607
1046 3608
422 3609
758 3610
2222 3611
571 3612
839 3613
1893 3614
2631 3615
2333 3616
100 3617
1067 3618
3614 3619
2646 3620
3391 3621
137 3622
1646 3623
433 3624
87 3625
531 3626
1801 3627
1703 3628
1704 3629
1775 3630
551 3631
2641 3632
1279 3633
1769 3634
3059 3635
135 3636
901 3637
638 3638
2905 3639
1241 3640
2653 3641
2957 3642
2182 3643
2939 3644
44 3645
2055 3646
2816 3647
2628 3648
3009 3649
591 3650
1471 3651
983 3652
3437 3653
3290 3654
952 3655
2116 3656
848 3657
2245 3658
1565 3659
2285 3660
3488 3661
3522 3662
2020 3663
2820 3664
3469 3665
1477 3666
837 3667
3663 3668
3010 3669
1723 3670
622 3671
1832 3672
191 3673
2501 3674
2183 3675
3462 3676
1920 3677
2659 3678
2000 3679
1082 3680
2314 3681
1863 3682
1301 3683
3664 3684
1855 3685
2262 3686
2319 3687
2431 3688
172 3689
1455 3690
2088 3691
3460 3692
1694 3693
3103 3694
2716 3695
3305 3696
1079 3697
755 3698
2637 3699
2902 3700
2893 3701
1176 3702
3390 3703
2083 3704
1003 3705
27 3706
2426 3707
2454 3708
1943 3709
1830 3710
843 3711
2791 3712
542 3713
1350 3714
319 3715
1566 3716
3477 3717
3627 3718
1457 3719
1864 3720
3216 3721
1560 3722
3660 3723
266 3724
1414 3725
2083 3726
473 3727
578 3728
3 3729
1686 3730
483 3731
1799 3732
1283 3733
2801 3734
578 3735
1194 3736
2842 3737
2430 3738
597 3739
2203 3740
3040 3741
45 3742
428 3743
2934 3744
1515 3745
1773 3746
2105 3747
3340 3748
574 3749
2288 3750
783 3751
3526 3752
1167 3753
1593 3754
2655 3755
2172 3756
3687 3757
3013 3758
3362 3759
2327 3760
603 3761
3576 3762
628 3763
3298 3764
2343 3765
461 3766
2662 3767
2969 3768
313 3769
3643 3770
2425 3771
1521 3772
2588 3773
3350 3774
133 3775
3282 3776
318 3777
1055 3778
2681 3779
3439 3780
693 3781
377 3782
2085 3783
206 3784
129 3785
2853 3786
1709 3787
2934 3788
1777 3789
1748 3790
1879 3791
2623 3792
2582 3793
2056 3794
1458 3795
757 3796
3242 3797
1039 3798
1794 3799
1004 3800
3566 3801
3338 3802
2489 3803
1786 3804
2670 3805
2830 3806
989 3807
730 3808
974 3809
1147 3810
519 3811
1169 3812
3509 3813
1459 3814
3790 3815
3066 3816
3701 3817
2276 3818
2282 3819
1564 3820
2023 3821
1190 3822
2696 3823
1588 3824
1362 3825
3116 3826
2319 3827
3795 3828
1008 3829
1849 3830
875 3831
1016 3832
1771 3833
534 3834
3140 3835
1669 3836
2594 3837
3344 3838
2179 3839
2370 3840
2358 3841
2809 3842
1710 3843
2587 3844
2793 3845
2167 3846
1871 3847
3441 3848
909 3849
3489 3850
2608 3851
2519 3852
2429 3853
1254 3854
2998 3855
3413 3856
704 3857
378 3858
2996 3859
589 3860
3160 3861
766 3862
684 3863
1547 3864
713 3865
1081 3866
3220 3867
1128 3868
63 3869
1209 3870
2486 3871
3267 3872
20 3873
2444 3874
3029 3875
1374 3876
3426 3877
3239 3878
1741 3879
947 3880
3515 3881
839 3882
2195 3883
3106 3884
3599 3885
1193 3886
1616 3887
3265 3888
784 3889
2495 3890
288 3891
1294 3892
3759 3893
3686 3894
505 3895
1276 3896
489 3897
217 3898
3296 3899
2852 3900
2478 3901
3870 3902
451 3903
3523 3904
2346 3905
1786 3906
2121 3907
820 3908
2159 3909
3422 3910
1278 3911
3247 3912
3886 3913
2675 3914
2619 3915
1238 3916
2986 3917
1748 3918
3552 3919
2350 3920
3913 3921
2348 3922
65 3923
1210 3924
2949 3925
671 3926
3544 3927
2244 3928
1618 3929
3039 3930
1798 3931
573 3932
71 3933
1640 3934
3508 3935
313 3936
3125 3937
105 3938
2993 3939
1612 3940
130 3941
1474 3942
2269 3943
2408 3944
3903 3945
2669 3946
3270 3947
3286 3948
3933 3949
1298 3950
354 3951
1669 3952
1690 3953
1187 3954
2692 3955
336 3956
1272 3957
562 3958
1652 3959
2274 3960
425 3961
561 3962
351 3963
2782 3964
3262 3965
102 3966
3778 3967
3319 3968
1170 3969
1978 3970
1869 3971
1694 3972
3625 3973
410 3974
1110 3975
3121 3976
125 3977
800 3978
440 3979
2766 3980
1873 3981
98 3982
1645 3983
2275 3984
905 3985
2121 3986
3334 3987
3771 3988
71 3989
657 3990
2547 3991
3659 3992
900 3993
2280 3994
186 3995
1089 3996
377 3997
3478 3998
731 3999
2572 4000
649 4001
637 4002
543 4003
3547 4004
2792 4005
2779 4006
1114 4007
2378 4008
1087 4009
2791 4010
570 4011
3159 4012
3462 4013
283 4014
190 4015
3053 4016
3339 4017
3571 4018
3187 4019
767 4020
54 4021
1238 4022
3296 4023
633 4024
2057 4025
1981 4026
3455 4027
3587 4028
1248 4029
896 4030
1036 4031
2184 4032
2894 4033
2877 4034
2757 4035
2215 4036
1695 4037
826 4038
3557 4039
3970 4040
1319 4041
1450 4042
655 4043
3777 4044
1593 4045
3900 4046
1668 4047
1928 4048
493 4049
3408 4050
3194 4051
185 4052
2096 4053
3241 4054
707 4055
3574 4056
1261 4057
2063 4058
1900 4059
2681 4060
3466 4061
3895 4062
2957 4063
2210 4064
1388 4065
1966 4066
1380 4067
621 4068
2572 4069
4043 4070
2720 4071
2797 4072
636 4073
3884 4074
458 4075
1752 4076
1760 4077
152 4078
2901 4079
1627 4080
2478 4081
2979 4082
44 4083
740 4084
2587 4085
358 4086
536 4087
2155 4088
1155 4089
2913 4090
1243 4091
1035 4092
3933 4093
166 4094
821 4095
872 4096
3469 4097
3619 4098
2835 4099
920 4100
133 4101
2632 4102
1088 4103
3743 4104
2129 4105
3080 4106
3558 4107
652 4108
3921 4109
3132 4110
51 4111
616 4112
2017 4113
756 4114
3802 4115
2986 4116
1885 4117
3007 4118
3893 4119
1899 4120
2283 4121
175 4122
2466 4123
3499 4124
2214 4125
2328 4126
3531 4127
1174 4128
2393 4129
3533 4130
985 4131
3160 4132
1052 4133
1203 4134
3761 4135
1592 4136
3493 4137
2548 4138
182 4139
797 4140
1759 4141
3568 4142
2077 4143
711 4144
1423 4145
3754 4146
2214 4147
2831 4148
3288 4149
2894 4150
10 4151
3876 4152
1862 4153
3291 4154
48 4155
191 4156
2195 4157
2993 4158
547 4159
2410 4160
587 4161
2632 4162
3995 4163
1340 4164
1619 4165
192 4166
991 4167
867 4168
1991 4169
2448 4170
3420 4171
1357 4172
2381 4173
924 4174
923 4175
686 4176
664 4177
1498 4178
1475 4179
3727 4180
2098 4181
1026 4182
2950 4183
3085 4184
2380 4185
2495 4186
1617 4187
2932 4188
707 4189
2857 4190
3726 4191
3636 4192
3684 4193
16 4194
996 4195
771 4196
2493 4197
3939 4198
1680 4199
758 4200
2882 4201
937 4202
1761 4203
316 4204
2358 4205
2318 4206
457 4207
3597 4208
2212 4209
2085 4210
867 4211
4164 4212
3497 4213
1282 4214
1418 4215
2832 4216
1614 4217
2145 4218
2790 4219
1505 4220
3603 4221
2515 4222
3819 4223
2909 4224
1851 4225
3931 4226
861 4227
4070 4228
354 4229
1489 4230
3765 4231
2112 4232
1 4233
2286 4234
3314 4235
3010 4236
270 4237
2292 4238
983 4239
661 4240
190 4241
1912 4242
2383 4243
686 4244
3465 4245
3991 4246
941 4247
1203 4248
5 4249
3580 4250
2454 4251
2981 4252
2120 4253
1581 4254
2520 4255
1283 4256
2501 4257
1098 4258
257 4259
4098 4260
3403 4261
738 4262
2386 4263
650 4264
440 4265
759 4266
1828 4267
3827 4268
195 4269
916 4270
3362 4271
1261 4272
613 4273
131 4274
3156 4275
1630 4276
2919 4277
2845 4278
3046 4279
1661 4280
677 4281
1206 4282
1832 4283
3563 4284
708 4285
2028 4286
168 4287
304 4288
3285 4289
2046 4290
1264 4291
3261 4292
2447 4293
3912 4294
679 4295
3180 4296
1084 4297
2186 4298
4040 4299
3581 4300
3665 4301
1002 4302
562 4303
4184 4304
804 4305
4289 4306
2133 4307
1485 4308
4190 4309
2079 4310
3099 4311
2032 4312
1227 4313
3824 4314
827 4315
2284 4316
452 4317
3062 4318
3098 4319
2246 4320
3950 4321
237 4322
1003 4323
3854 4324
4213 4325
3396 4326
647 4327
3049 4328
3168 4329
2101 4330
4320 4331
2109 4332
3653 4333
1121 4334
161 4335
2573 4336
117 4337
1104 4338
2856 4339
3861 4340
1710 4341
3011 4342
1407 4343
1095 4344
3387 4345
1675 4346
2398 4347
208 4348
2719 4349
818 4350
613 4351
3061 4352
4053 4353
2548 4354
2414 4355
194 4356
3094 4357
1056 4358
1462 4359
3543 4360
362 4361
3777 4362
967 4363
502 4364
2156 4365
4155 4366
1806 4367
2003 4368
2154 4369
3052 4370
497 4371
340 4372
1744 4373
710 4374
1546 4375
3874 4376
2203 4377
3249 4378
1545 4379
3380 4380
3535 4381
679 4382
3205 4383
1932 4384
1652 4385
2798 4386
3007 4387
3881 4388
2236 4389
602 4390
864 4391
4265 4392
1022 4393
33 4394
3199 4395
1103 4396
3105 4397
1119 4398
2349 4399
4124 4400
3979 4401
2562 4402
430 4403
202 4404
2355 4405
3131 4406
1221 4407
2657 4408
4377 4409
4062 4410
2432 4411
927 4412
2711 4413
973 4414
1960 4415
232 4416
1059 4417
793 4418
3851 4419
3683 4420
1153 4421
4408 4422
3299 4423
3672 4424
4257 4425
4258 4426
2222 4427
2265 4428
2267 4429
2109 4430
144 4431
3629 4432
1754 4433
2973 4434
1772 4435
1494 4436
379 4437
3713 4438
1165 4439
4021 4440
3396 4441
474 4442
4057 4443
3875 4444
1014 4445
1122 4446
3784 4447
2473 4448
948 4449
2955 4450
2817 4451
2761 4452
1937 4453
3906 4454
3127 4455
4212 4456
1091 4457
999 4458
3656 4459
3483 4460
929 4461
1451 4462
1144 4463
3543 4464
2621 4465
3940 4466
2363 4467
2307 4468
1459 4469
503 4470
3562 4471
4164 4472
920 4473
3417 4474
1091 4475
255 4476
666 4477
2486 4478
1610 4479
1237 4480
2924 4481
1999 4482
3786 4483
3008 4484
1561 4485
2484 4486
82 4487
636 4488
1182 4489
3801 4490
1386 4491
1164 4492
3312 4493
737 4494
1661 4495
2837 4496
3975 4497
35 4498
867 4499
4187 4500
24 4501
443 4502
385 4503
418 4504
3827 4505
2115 4506
964 4507
1642 4508
2306 4509
712 4510
2259 4511
4155 4512
1457 4513
2501 4514
1729 4515
2936 4516
187 4517
572 4518
41 4519
38 4520
804 4521
549 4522
4157 4523
4198 4524
4475 4525
1362 4526
844 4527
1996 4528
4523 4529
2572 4530
901 4531
1889 4532
58 4533
1822 4534
1623 4535
2394 4536
3992 4537
193 4538
3553 4539
2655 4540
2669 4541
696 4542
3481 4543
928 4544
4185 4545
3155 4546
1479 4547
4148 4548
3013 4549
1125 4550
1296 4551
617 4552
1437 4553
1051 4554
1929 4555
2659 4556
1507 4557
2513 4558
2016 4559
1581 4560
2382 4561
32 4562
1462 4563
3458 4564
3653 4565
1896 4566
4367 4567
3072 4568
3247 4569
658 4570
1422 4571
1595 4572
3081 4573
3643 4574
2618 4575
3276 4576
3903 4577
4126 4578
1858 4579
2466 4580
4240 4581
2769 4582
209 4583
2011 4584
3961 4585
531 4586
978 4587
1181 4588
3599 4589
4232 4590
86 4591
4163 4592
522 4593
3080 4594
1253 4595
1215 4596
56 4597
3727 4598
1653 4599
1570 4600
161 4601
3321 4602
3833 4603
4112 4604
2953 4605
4337 4606
1263 4607
2051 4608
2761 4609
2214 4610
1619 4611
2543 4612
3718 4613
3834 4614
4443 4615
3491 4616
4481 4617
3894 4618
1417 4619
3112 4620
3351 4621
3102 4622
1742 4623
790 4624
246 4625
2196 4626
4566 4627
1010 4628
4517 4629
4448 4630
1041 4631
3921 4632
2687 4633
1592 4634
4170 4635
3372 4636
2502 4637
275 4638
1019 4639
3355 4640
3015 4641
2972 4642
2394 4643
1726 4644
81 4645
2005 4646
360 4647
200 4648
3651 4649
112 4650
686 4651
1673 4652
2955 4653
3470 4654
795 4655
1841 4656
2697 4657
597 4658
1721 4659
2671 4660
82 4661
3663 4662
3720 4663
571 4664
1904 4665
4225 4666
4401 4667
350 4668
2294 4669
4221 4670
3392 4671
3768 4672
3779 4673
4533 4674
774 4675
1395 4676
158 4677
3364 4678
4132 4679
3125 4680
1074 4681
1166 4682
3388 4683
2648 4684
3406 4685
1564 4686
2094 4687
428 4688
4149 4689
1348 4690
337 4691
4272 4692
1488 4693
2564 4694
4282 4695
2142 4696
951 4697
2863 4698
92 4699
409 4700
4518 4701
1221 4702
4204 4703
2140 4704
3674 4705
3146 4706
1776 4707
3870 4708
3769 4709
852 4710
1509 4711
1689 4712
859 4713
461 4714
1480 4715
2807 4716
4093 4717
1888 4718
1377 4719
2105 4720
3318 4721
1190 4722
936 4723
520 4724
1408 4725
4051 4726
3425 4727
3969 4728
4187 4729
4329 4730
2416 4731
615 4732
4031 4733
157 4734
1785 4735
4682 4736
358 4737
4023 4738
3136 4739
365 4740
471 4741
1062 4742
4400 4743
3638 4744
37 4745
3361 4746
993 4747
1727 4748
1641 4749
3042 4750
303 4751
520 4752
3989 4753
4743 4754
893 4755
3089 4756
4285 4757
4257 4758
622 4759
1584 4760
1898 4761
3948 4762
3879 4763
2535 4764
1437 4765
4232 4766
2490 4767
2370 4768
1857 4769
312 4770
3808 4771
27 4772
2168 4773
1058 4774
4735 4775
1885 4776
2176 4777
211 4778
1999 4779
4346 4780
4469 4781
3033 4782
2358 4783
4167 4784
2429 4785
4512 4786
2275 4787
1074 4788
1913 4789
2656 4790
2634 4791
3941 4792
1316 4793
3725 4794
4314 4795
1185 4796
2902 4797
181 4798
4701 4799
2520 4800
4402 4801
266 4802
415 4803
2494 4804
4143 4805
149 4806
3909 4807
1968 4808
275 4809
2897 4810
4342 4811
2908 4812
3464 4813
3818 4814
3094 4815
4385 4816
4329 4817
1041 4818
413 4819
2721 4820
2812 4821
3013 4822
4148 4823
2868 4824
2564 4825
2725 4826
3836 4827
398 4828
2763 4829
984 4830
692 4831
3275 4832
1338 4833
1237 4834
3648 4835
2328 4836
3592 4837
4667 4838
3017 4839
3848 4840
1770 4841
828 4842
1538 4843
1270 4844
4527 4845
4262 4846
2255 4847
1473 4848
91 4849
908 4850
1689 4851
2651 4852
3929 4853
1369 4854
823 4855
119 4856
2881 4857
1044 4858
4172 4859
3385 4860
1903 4861
1549 4862
1624 4863
1908 4864
3948 4865
2033 4866
1469 4867
2234 4868
1548 4869
4243 4870
225 4871
2783 4872
1916 4873
3857 4874
4785 4875
2279 4876
1208 4877
4092 4878
2738 4879
693 4880
3638 4881
2994 4882
2322 4883
2260 4884
1296 4885
3322 4886
2181 4887
1467 4888
3006 4889
421 4890
735 4891
4154 4892
2548 4893
2043 4894
247 4895
1830 4896
87 4897
1690 4898
3127 4899
72 4900
4161 4901
3938 4902
2825 4903
4117 4904
3244 4905
4532 4906
4325 4907
1999 4908
775 4909
3399 4910
2388 4911
1113 4912
3260 4913
1263 4914
1653 4915
3155 4916
1919 4917
274 4918
4641 4919
3204 4920
1076 4921
735 4922
3211 4923
2123 4924
1286 4925
1088 4926
4502 4927
958 4928
3417 4929
528 4930
4855 4931
1985 4932
3322 4933
889 4934
126 4935
3240 4936
2893 4937
3010 4938
4646 4939
2801 4940
1213 4941
297 4942
3385 4943
1041 4944
1946 4945
2913 4946
3786 4947
3373 4948
1851 4949
3418 4950
4062 4951
2302 4952
1260 4953
2439 4954
4831 4955
3748 4956
2417 4957
2056 4958
4459 4959
967 4960
4935 4961
2931 4962
1547 4963
695 4964
1123 4965
2183 4966
2271 4967
559 4968
1425 4969
3227 4970
3215 4971
785 4972
1252 4973
3807 4974
1713 4975
1543 4976
2567 4977
737 4978
1769 4979
4053 4980
4583 4981
1596 4982
814 4983
1248 4984
4740 4985
3306 4986
345 4987
2784 4988
1703 4989
3182 4990
825 4991
4806 4992
225 4993
2464 4994
1705 4995
3376 4996
507 4997
2713 4998
2284 4999
1950 5000
