1 2
1 3
1 4
2 5
5 6
6 7
6 8
5 9
7 10
10 11
3 12
6 13
10 14
7 15
14 16
8 17
10 18
7 19
16 20
12 21
13 22
8 23
10 24
17 25
10 26
5 27
20 28
27 29
8 30
15 31
17 32
20 33
21 34
30 35
33 36
19 37
34 38
6 39
35 40
6 41
9 42
9 43
39 44
43 45
12 46
39 47
20 48
5 49
32 50
38 51
3 52
6 53
10 54
33 55
11 56
52 57
3 58
30 59
13 60
23 61
55 62
16 63
59 64
57 65
37 66
62 67
40 68
14 69
19 70
60 71
44 72
11 73
1 74
64 75
9 76
67 77
32 78
25 79
19 80
36 81
46 82
31 83
78 84
6 85
38 86
50 87
32 88
15 89
75 90
8 91
55 92
5 93
91 94
33 95
87 96
61 97
3 98
29 99
94 100
93 101
42 102
5 103
98 104
96 105
59 106
53 107
94 108
103 109
18 110
64 111
81 112
37 113
104 114
20 115
5 116
79 117
13 118
51 119
87 120
26 121
94 122
54 123
26 124
75 125
59 126
36 127
70 128
95 129
108 130
83 131
21 132
113 133
78 134
18 135
122 136
66 137
80 138
132 139
74 140
99 141
116 142
48 143
51 144
21 145
103 146
45 147
41 148
77 149
143 150
146 151
87 152
1 153
116 154
98 155
88 156
34 157
35 158
123 159
71 160
114 161
72 162
131 163
70 164
109 165
104 166
40 167
9 168
33 169
137 170
120 171
124 172
128 173
108 174
24 175
87 176
80 177
154 178
75 179
98 180
17 181
23 182
92 183
158 184
14 185
185 186
127 187
49 188
25 189
51 190
32 191
88 192
59 193
152 194
146 195
81 196
6 197
67 198
37 199
175 200
179 201
200 202
198 203
189 204
125 205
164 206
145 207
83 208
27 209
169 210
189 211
194 212
97 213
96 214
149 215
55 216
114 217
171 218
113 219
161 220
161 221
103 222
150 223
144 224
41 225
78 226
112 227
193 228
55 229
220 230
57 231
170 232
78 233
33 234
229 235
159 236
130 237
167 238
132 239
205 240
122 241
37 242
105 243
240 244
199 245
99 246
193 247
150 248
136 249
98 250
71 251
13 252
29 253
132 254
211 255
31 256
245 257
200 258
225 259
133 260
6 261
142 262
94 263
155 264
42 265
143 266
190 267
98 268
183 269
48 270
219 271
177 272
207 273
174 274
10 275
34 276
224 277
30 278
14 279
201 280
229 281
246 282
238 283
169 284
104 285
207 286
150 287
62 288
123 289
140 290
244 291
270 292
203 293
227 294
180 295
44 296
134 297
86 298
160 299
246 300
49 301
292 302
253 303
84 304
70 305
66 306
109 307
54 308
89 309
222 310
130 311
137 312
79 313
255 314
103 315
46 316
148 317
217 318
4 319
21 320
240 321
87 322
288 323
306 324
164 325
6 326
248 327
128 328
26 329
288 330
35 331
184 332
135 333
166 334
121 335
209 336
279 337
259 338
12 339
267 340
100 341
62 342
126 343
266 344
17 345
83 346
60 347
170 348
109 349
23 350
318 351
266 352
76 353
97 354
43 355
342 356
172 357
95 358
326 359
279 360
128 361
325 362
350 363
332 364
271 365
340 366
303 367
275 368
117 369
333 370
58 371
111 372
124 373
279 374
242 375
349 376
138 377
154 378
158 379
200 380
99 381
44 382
147 383
57 384
128 385
81 386
329 387
308 388
251 389
247 390
48 391
302 392
68 393
294 394
161 395
322 396
231 397
222 398
290 399
359 400
331 401
301 402
148 403
194 404
291 405
129 406
45 407
81 408
368 409
335 410
385 411
293 412
189 413
389 414
291 415
28 416
57 417
354 418
113 419
228 420
308 421
369 422
399 423
336 424
234 425
298 426
208 427
366 428
58 429
133 430
116 431
280 432
127 433
316 434
267 435
36 436
203 437
268 438
410 439
31 440
139 441
100 442
127 443
240 444
355 445
42 446
10 447
384 448
416 449
40 450
379 451
323 452
93 453
127 454
289 455
199 456
65 457
206 458
78 459
37 460
7 461
444 462
149 463
29 464
108 465
229 466
427 467
143 468
15 469
374 470
455 471
293 472
55 473
441 474
240 475
103 476
97 477
347 478
115 479
119 480
159 481
452 482
135 483
53 484
327 485
310 486
330 487
153 488
448 489
92 490
196 491
276 492
470 493
193 494
57 495
156 496
217 497
69 498
443 499
305 500
113 501
244 502
89 503
81 504
363 505
174 506
47 507
344 508
242 509
185 510
435 511
175 512
392 513
277 514
91 515
234 516
153 517
60 518
277 519
142 520
375 521
217 522
420 523
402 524
95 525
45 526
208 527
397 528
454 529
246 530
344 531
113 532
385 533
229 534
459 535
534 536
129 537
169 538
205 539
332 540
145 541
212 542
77 543
489 544
145 545
237 546
338 547
484 548
520 549
525 550
238 551
546 552
175 553
497 554
504 555
214 556
197 557
507 558
153 559
412 560
448 561
128 562
28 563
163 564
421 565
73 566
96 567
192 568
363 569
86 570
460 571
146 572
203 573
26 574
318 575
151 576
39 577
367 578
30 579
325 580
18 581
457 582
13 583
318 584
54 585
46 586
353 587
533 588
489 589
338 590
98 591
155 592
163 593
18 594
495 595
586 596
398 597
415 598
593 599
371 600
345 601
478 602
265 603
187 604
481 605
94 606
147 607
177 608
291 609
588 610
87 611
440 612
2 613
165 614
241 615
46 616
485 617
578 618
473 619
557 620
205 621
339 622
402 623
371 624
592 625
295 626
21 627
563 628
442 629
487 630
162 631
128 632
377 633
585 634
616 635
123 636
6 637
148 638
229 639
138 640
33 641
240 642
306 643
256 644
123 645
238 646
518 647
562 648
145 649
622 650
599 651
598 652
490 653
452 654
475 655
78 656
430 657
331 658
81 659
340 660
647 661
598 662
139 663
478 664
603 665
319 666
605 667
584 668
409 669
574 670
267 671
36 672
101 673
232 674
362 675
386 676
406 677
471 678
82 679
451 680
178 681
331 682
534 683
464 684
480 685
265 686
76 687
94 688
202 689
446 690
623 691
365 692
71 693
283 694
481 695
135 696
634 697
605 698
536 699
661 700
27 701
153 702
25 703
59 704
73 705
71 706
486 707
685 708
233 709
57 710
310 711
171 712
293 713
206 714
230 715
686 716
627 717
171 718
188 719
358 720
416 721
256 722
471 723
26 724
552 725
662 726
242 727
274 728
510 729
123 730
515 731
18 732
146 733
55 734
2 735
563 736
240 737
70 738
495 739
67 740
485 741
209 742
193 743
676 744
63 745
691 746
450 747
545 748
699 749
529 750
485 751
720 752
474 753
255 754
136 755
639 756
78 757
560 758
249 759
432 760
387 761
442 762
420 763
171 764
198 765
23 766
530 767
59 768
602 769
535 770
730 771
466 772
375 773
252 774
753 775
357 776
380 777
584 778
283 779
655 780
90 781
147 782
385 783
590 784
290 785
241 786
179 787
563 788
470 789
716 790
514 791
457 792
69 793
541 794
705 795
293 796
87 797
588 798
508 799
405 800
795 801
716 802
586 803
86 804
722 805
635 806
257 807
116 808
341 809
760 810
247 811
425 812
660 813
210 814
63 815
215 816
431 817
551 818
753 819
234 820
750 821
657 822
69 823
644 824
116 825
740 826
419 827
780 828
391 829
401 830
1 831
363 832
630 833
651 834
718 835
461 836
622 837
63 838
322 839
377 840
676 841
11 842
103 843
332 844
690 845
259 846
442 847
556 848
585 849
34 850
703 851
828 852
386 853
813 854
133 855
542 856
206 857
39 858
482 859
103 860
465 861
564 862
780 863
114 864
124 865
815 866
575 867
655 868
108 869
414 870
381 871
247 872
191 873
660 874
188 875
209 876
781 877
506 878
859 879
588 880
416 881
521 882
765 883
535 884
856 885
799 886
785 887
569 888
40 889
156 890
312 891
22 892
60 893
563 894
273 895
47 896
839 897
96 898
416 899
592 900
838 901
644 902
705 903
123 904
364 905
746 906
801 907
156 908
330 909
151 910
309 911
580 912
4 913
855 914
434 915
12 916
718 917
622 918
864 919
631 920
871 921
426 922
878 923
345 924
867 925
204 926
781 927
413 928
897 929
659 930
649 931
5 932
573 933
114 934
887 935
135 936
264 937
653 938
701 939
218 940
497 941
236 942
315 943
321 944
67 945
426 946
882 947
631 948
913 949
682 950
815 951
66 952
456 953
250 954
196 955
711 956
142 957
941 958
141 959
398 960
725 961
656 962
603 963
640 964
218 965
365 966
559 967
893 968
901 969
235 970
202 971
845 972
672 973
426 974
620 975
380 976
790 977
437 978
741 979
875 980
935 981
17 982
222 983
885 984
934 985
295 986
278 987
258 988
490 989
818 990
871 991
748 992
415 993
148 994
198 995
64 996
849 997
749 998
296 999
892 1000
826 1001
110 1002
464 1003
539 1004
948 1005
534 1006
462 1007
6 1008
799 1009
836 1010
568 1011
174 1012
35 1013
285 1014
437 1015
147 1016
604 1017
321 1018
579 1019
863 1020
691 1021
834 1022
520 1023
87 1024
269 1025
879 1026
251 1027
74 1028
899 1029
160 1030
349 1031
612 1032
442 1033
932 1034
607 1035
925 1036
279 1037
790 1038
207 1039
348 1040
679 1041
489 1042
665 1043
649 1044
538 1045
44 1046
175 1047
474 1048
432 1049
614 1050
313 1051
873 1052
1032 1053
63 1054
569 1055
648 1056
689 1057
451 1058
3 1059
254 1060
361 1061
819 1062
387 1063
931 1064
550 1065
394 1066
878 1067
953 1068
486 1069
342 1070
972 1071
226 1072
54 1073
580 1074
1034 1075
139 1076
553 1077
238 1078
641 1079
109 1080
557 1081
123 1082
71 1083
48 1084
1025 1085
767 1086
968 1087
550 1088
588 1089
362 1090
802 1091
578 1092
116 1093
322 1094
588 1095
655 1096
379 1097
924 1098
532 1099
413 1100
193 1101
209 1102
823 1103
246 1104
809 1105
84 1106
349 1107
688 1108
212 1109
670 1110
816 1111
485 1112
929 1113
3 1114
341 1115
153 1116
818 1117
589 1118
1079 1119
100 1120
262 1121
348 1122
275 1123
1016 1124
447 1125
185 1126
868 1127
774 1128
483 1129
978 1130
289 1131
135 1132
734 1133
175 1134
372 1135
86 1136
764 1137
599 1138
967 1139
506 1140
24 1141
480 1142
582 1143
596 1144
312 1145
1116 1146
798 1147
1031 1148
498 1149
554 1150
774 1151
123 1152
1136 1153
158 1154
133 1155
1028 1156
1040 1157
24 1158
316 1159
1152 1160
453 1161
854 1162
245 1163
535 1164
457 1165
44 1166
769 1167
676 1168
123 1169
1032 1170
1030 1171
113 1172
992 1173
873 1174
602 1175
677 1176
998 1177
291 1178
320 1179
1065 1180
1079 1181
873 1182
282 1183
980 1184
1156 1185
296 1186
614 1187
67 1188
733 1189
31 1190
1060 1191
62 1192
753 1193
892 1194
397 1195
925 1196
512 1197
347 1198
770 1199
219 1200
468 1201
598 1202
104 1203
748 1204
852 1205
40 1206
937 1207
277 1208
517 1209
1163 1210
588 1211
651 1212
1195 1213
76 1214
1210 1215
688 1216
362 1217
341 1218
323 1219
1172 1220
96 1221
929 1222
120 1223
306 1224
849 1225
458 1226
571 1227
724 1228
182 1229
665 1230
640 1231
877 1232
21 1233
524 1234
1045 1235
411 1236
959 1237
64 1238
492 1239
544 1240
987 1241
98 1242
508 1243
1182 1244
505 1245
36 1246
572 1247
930 1248
137 1249
958 1250
763 1251
1189 1252
31 1253
808 1254
20 1255
1248 1256
83 1257
1243 1258
222 1259
986 1260
556 1261
515 1262
241 1263
1115 1264
102 1265
429 1266
1025 1267
466 1268
422 1269
847 1270
494 1271
988 1272
206 1273
986 1274
460 1275
421 1276
898 1277
95 1278
966 1279
642 1280
220 1281
554 1282
973 1283
876 1284
806 1285
99 1286
1046 1287
59 1288
302 1289
1041 1290
265 1291
1224 1292
1262 1293
878 1294
857 1295
1284 1296
788 1297
1011 1298
158 1299
121 1300
1136 1301
627 1302
1001 1303
342 1304
655 1305
240 1306
773 1307
948 1308
507 1309
285 1310
205 1311
600 1312
1123 1313
375 1314
942 1315
309 1316
409 1317
895 1318
717 1319
887 1320
1168 1321
145 1322
181 1323
205 1324
514 1325
738 1326
858 1327
569 1328
850 1329
191 1330
409 1331
198 1332
977 1333
185 1334
436 1335
1148 1336
331 1337
1196 1338
298 1339
588 1340
319 1341
77 1342
660 1343
1170 1344
637 1345
200 1346
1164 1347
246 1348
188 1349
1204 1350
71 1351
1218 1352
1015 1353
122 1354
528 1355
105 1356
661 1357
538 1358
857 1359
517 1360
980 1361
812 1362
956 1363
32 1364
624 1365
1307 1366
31 1367
129 1368
775 1369
141 1370
535 1371
146 1372
817 1373
633 1374
1299 1375
302 1376
1059 1377
967 1378
1267 1379
414 1380
350 1381
785 1382
278 1383
1209 1384
802 1385
473 1386
228 1387
234 1388
560 1389
906 1390
246 1391
605 1392
1232 1393
448 1394
516 1395
71 1396
750 1397
653 1398
430 1399
336 1400
908 1401
291 1402
136 1403
1004 1404
1051 1405
915 1406
779 1407
593 1408
1359 1409
1180 1410
493 1411
688 1412
133 1413
532 1414
545 1415
1221 1416
428 1417
809 1418
661 1419
718 1420
830 1421
918 1422
1066 1423
533 1424
277 1425
997 1426
1327 1427
330 1428
268 1429
494 1430
730 1431
925 1432
925 1433
234 1434
483 1435
133 1436
174 1437
924 1438
1096 1439
382 1440
81 1441
1178 1442
34 1443
909 1444
783 1445
1144 1446
103 1447
317 1448
913 1449
1417 1450
1158 1451
585 1452
1401 1453
1120 1454
80 1455
1133 1456
1269 1457
424 1458
372 1459
1403 1460
530 1461
228 1462
1052 1463
571 1464
707 1465
275 1466
1124 1467
877 1468
1458 1469
1066 1470
459 1471
938 1472
1077 1473
1162 1474
722 1475
1472 1476
12 1477
673 1478
485 1479
75 1480
540 1481
295 1482
337 1483
1179 1484
539 1485
587 1486
1132 1487
787 1488
1 1489
606 1490
1212 1491
1281 1492
711 1493
163 1494
270 1495
413 1496
1028 1497
823 1498
807 1499
1295 1500
1145 1501
1290 1502
498 1503
962 1504
546 1505
1099 1506
23 1507
1172 1508
600 1509
527 1510
869 1511
475 1512
1257 1513
1223 1514
312 1515
981 1516
1441 1517
1409 1518
1367 1519
543 1520
628 1521
64 1522
454 1523
1149 1524
1005 1525
1452 1526
1338 1527
310 1528
373 1529
1161 1530
764 1531
450 1532
1163 1533
635 1534
1100 1535
455 1536
109 1537
698 1538
654 1539
1112 1540
1394 1541
755 1542
886 1543
109 1544
218 1545
55 1546
333 1547
119 1548
1180 1549
1038 1550
516 1551
586 1552
407 1553
20 1554
1258 1555
648 1556
421 1557
523 1558
1171 1559
889 1560
1401 1561
579 1562
572 1563
1326 1564
1003 1565
1426 1566
1134 1567
929 1568
713 1569
76 1570
1006 1571
1560 1572
114 1573
334 1574
205 1575
1449 1576
510 1577
969 1578
212 1579
1338 1580
1223 1581
457 1582
275 1583
1232 1584
1412 1585
520 1586
391 1587
882 1588
575 1589
1104 1590
864 1591
274 1592
739 1593
1495 1594
1235 1595
1216 1596
1344 1597
956 1598
1150 1599
76 1600
986 1601
583 1602
501 1603
395 1604
512 1605
890 1606
1252 1607
656 1608
145 1609
460 1610
29 1611
1314 1612
1008 1613
869 1614
46 1615
1218 1616
299 1617
1530 1618
686 1619
469 1620
887 1621
447 1622
460 1623
444 1624
509 1625
1128 1626
225 1627
760 1628
584 1629
1523 1630
1090 1631
253 1632
1154 1633
45 1634
569 1635
1131 1636
1104 1637
194 1638
784 1639
1097 1640
1377 1641
589 1642
1034 1643
716 1644
402 1645
169 1646
1201 1647
472 1648
62 1649
1187 1650
107 1651
540 1652
762 1653
1637 1654
137 1655
878 1656
1458 1657
809 1658
960 1659
5 1660
938 1661
1228 1662
1239 1663
1420 1664
1024 1665
1426 1666
1613 1667
1044 1668
1229 1669
1377 1670
1591 1671
797 1672
353 1673
1012 1674
229 1675
1549 1676
987 1677
24 1678
1633 1679
665 1680
28 1681
1348 1682
182 1683
99 1684
712 1685
930 1686
50 1687
1037 1688
1544 1689
1625 1690
594 1691
1320 1692
1546 1693
202 1694
1361 1695
12 1696
1545 1697
1346 1698
652 1699
68 1700
1605 1701
1011 1702
163 1703
450 1704
822 1705
1705 1706
1671 1707
114 1708
228 1709
154 1710
498 1711
5 1712
121 1713
28 1714
271 1715
1393 1716
107 1717
853 1718
1105 1719
1254 1720
622 1721
1595 1722
582 1723
697 1724
1603 1725
739 1726
475 1727
647 1728
250 1729
370 1730
538 1731
811 1732
79 1733
910 1734
19 1735
1171 1736
162 1737
948 1738
614 1739
236 1740
1217 1741
1612 1742
1121 1743
329 1744
1683 1745
978 1746
1708 1747
104 1748
80 1749
86 1750
59 1751
1098 1752
733 1753
127 1754
1122 1755
1084 1756
1478 1757
1499 1758
1728 1759
696 1760
1183 1761
142 1762
510 1763
652 1764
204 1765
1144 1766
1529 1767
1033 1768
1141 1769
695 1770
138 1771
1576 1772
1559 1773
686 1774
1737 1775
27 1776
648 1777
444 1778
969 1779
200 1780
1715 1781
1251 1782
325 1783
869 1784
306 1785
897 1786
204 1787
918 1788
680 1789
576 1790
1788 1791
952 1792
1053 1793
609 1794
1175 1795
675 1796
1682 1797
1703 1798
1008 1799
429 1800
1386 1801
1595 1802
84 1803
741 1804
785 1805
149 1806
985 1807
604 1808
1360 1809
676 1810
27 1811
798 1812
731 1813
1029 1814
94 1815
326 1816
1299 1817
1461 1818
962 1819
297 1820
279 1821
295 1822
422 1823
1182 1824
1356 1825
1041 1826
461 1827
1135 1828
1612 1829
1816 1830
1573 1831
1084 1832
242 1833
205 1834
1234 1835
1705 1836
1191 1837
353 1838
1112 1839
1513 1840
1686 1841
1792 1842
179 1843
172 1844
904 1845
1764 1846
1825 1847
1368 1848
1398 1849
500 1850
649 1851
692 1852
21 1853
1601 1854
854 1855
132 1856
1634 1857
466 1858
1596 1859
1202 1860
1479 1861
803 1862
1289 1863
887 1864
1445 1865
954 1866
1477 1867
1615 1868
1753 1869
72 1870
1556 1871
1613 1872
466 1873
71 1874
737 1875
1484 1876
731 1877
1417 1878
1841 1879
1209 1880
1576 1881
535 1882
635 1883
1701 1884
553 1885
886 1886
1267 1887
272 1888
486 1889
497 1890
753 1891
1415 1892
1869 1893
339 1894
1687 1895
1657 1896
235 1897
1660 1898
1596 1899
781 1900
497 1901
976 1902
61 1903
1376 1904
1793 1905
1601 1906
289 1907
1010 1908
998 1909
768 1910
505 1911
1224 1912
683 1913
1073 1914
204 1915
772 1916
1096 1917
265 1918
1876 1919
733 1920
10 1921
705 1922
10 1923
1548 1924
808 1925
1368 1926
90 1927
852 1928
1415 1929
1113 1930
1913 1931
865 1932
1497 1933
1018 1934
1760 1935
295 1936
276 1937
542 1938
825 1939
32 1940
36 1941
1885 1942
1443 1943
533 1944
1838 1945
1322 1946
504 1947
574 1948
1799 1949
746 1950
769 1951
57 1952
487 1953
576 1954
52 1955
956 1956
987 1957
1421 1958
1178 1959
671 1960
525 1961
1098 1962
234 1963
31 1964
132 1965
1022 1966
64 1967
331 1968
1014 1969
1485 1970
1064 1971
611 1972
921 1973
908 1974
1074 1975
1383 1976
1305 1977
1726 1978
1430 1979
484 1980
1634 1981
1790 1982
193 1983
610 1984
1843 1985
1979 1986
1450 1987
289 1988
759 1989
1634 1990
1440 1991
222 1992
123 1993
356 1994
1665 1995
890 1996
921 1997
1578 1998
367 1999
684 2000
289 2001
1848 2002
1171 2003
1699 2004
1047 2005
1953 2006
1050 2007
1500 2008
139 2009
1164 2010
1549 2011
308 2012
1632 2013
1889 2014
1470 2015
33 2016
114 2017
229 2018
1420 2019
86 2020
1229 2021
1768 2022
753 2023
557 2024
1064 2025
1152 2026
465 2027
308 2028
519 2029
672 2030
448 2031
1599 2032
54 2033
359 2034
812 2035
732 2036
789 2037
1260 2038
450 2039
1301 2040
553 2041
443 2042
9 2043
632 2044
1601 2045
1358 2046
1586 2047
1605 2048
959 2049
1373 2050
687 2051
1476 2052
1748 2053
1952 2054
1171 2055
580 2056
1447 2057
1294 2058
1927 2059
1601 2060
271 2061
1301 2062
1570 2063
1 2064
655 2065
1624 2066
1822 2067
665 2068
1693 2069
248 2070
1037 2071
143 2072
1555 2073
391 2074
1767 2075
1852 2076
1101 2077
1938 2078
1443 2079
1926 2080
528 2081
1399 2082
554 2083
1521 2084
1360 2085
1958 2086
741 2087
1032 2088
679 2089
275 2090
399 2091
930 2092
1324 2093
251 2094
883 2095
941 2096
544 2097
653 2098
282 2099
440 2100
420 2101
924 2102
1488 2103
1357 2104
999 2105
489 2106
1491 2107
1516 2108
1129 2109
1150 2110
1087 2111
1729 2112
662 2113
647 2114
1388 2115
1070 2116
3 2117
959 2118
425 2119
2030 2120
543 2121
1850 2122
670 2123
1060 2124
1719 2125
1342 2126
339 2127
1797 2128
1370 2129
1041 2130
186 2131
1961 2132
854 2133
639 2134
1810 2135
1574 2136
1302 2137
1097 2138
85 2139
749 2140
2011 2141
1033 2142
233 2143
29 2144
54 2145
991 2146
1030 2147
49 2148
1095 2149
2043 2150
1433 2151
796 2152
1043 2153
742 2154
334 2155
943 2156
1231 2157
1228 2158
224 2159
1711 2160
1653 2161
281 2162
1980 2163
451 2164
693 2165
251 2166
1155 2167
533 2168
1916 2169
3 2170
1275 2171
2004 2172
850 2173
1307 2174
343 2175
1830 2176
1259 2177
1998 2178
661 2179
855 2180
268 2181
955 2182
279 2183
1649 2184
1266 2185
1453 2186
2157 2187
1192 2188
692 2189
1075 2190
649 2191
1327 2192
403 2193
888 2194
52 2195
605 2196
1589 2197
689 2198
1908 2199
1599 2200
2161 2201
1833 2202
210 2203
1469 2204
158 2205
687 2206
102 2207
358 2208
2105 2209
145 2210
657 2211
6 2212
1435 2213
199 2214
1324 2215
694 2216
2015 2217
866 2218
1490 2219
241 2220
1620 2221
264 2222
1952 2223
2153 2224
1709 2225
1124 2226
28 2227
548 2228
1406 2229
1040 2230
1655 2231
666 2232
2189 2233
1442 2234
690 2235
403 2236
1264 2237
112 2238
1058 2239
741 2240
1921 2241
2186 2242
631 2243
1788 2244
1134 2245
1880 2246
1220 2247
365 2248
1765 2249
1700 2250
721 2251
129 2252
1241 2253
1367 2254
1128 2255
1269 2256
893 2257
145 2258
1546 2259
480 2260
1370 2261
1181 2262
943 2263
918 2264
176 2265
703 2266
307 2267
128 2268
474 2269
1702 2270
664 2271
828 2272
1487 2273
1179 2274
1278 2275
978 2276
430 2277
2075 2278
786 2279
1921 2280
2275 2281
317 2282
921 2283
455 2284
1025 2285
1624 2286
2147 2287
1997 2288
279 2289
1415 2290
297 2291
1634 2292
1454 2293
734 2294
847 2295
1212 2296
2119 2297
2027 2298
130 2299
739 2300
1750 2301
446 2302
495 2303
1844 2304
292 2305
2291 2306
44 2307
1726 2308
848 2309
580 2310
2274 2311
535 2312
663 2313
71 2314
1051 2315
610 2316
805 2317
384 2318
834 2319
2066 2320
1623 2321
194 2322
1922 2323
1538 2324
2068 2325
1029 2326
1839 2327
2210 2328
779 2329
803 2330
1841 2331
476 2332
1667 2333
661 2334
571 2335
751 2336
2162 2337
835 2338
1746 2339
604 2340
1172 2341
2025 2342
2164 2343
1913 2344
1248 2345
1253 2346
1526 2347
1449 2348
1402 2349
547 2350
1259 2351
1094 2352
452 2353
1381 2354
304 2355
2022 2356
452 2357
1775 2358
1549 2359
1497 2360
339 2361
1818 2362
2149 2363
771 2364
1914 2365
1390 2366
2275 2367
916 2368
2217 2369
922 2370
1951 2371
1367 2372
226 2373
269 2374
617 2375
1161 2376
658 2377
1432 2378
1188 2379
1415 2380
111 2381
9 2382
1893 2383
101 2384
622 2385
1948 2386
2002 2387
1293 2388
410 2389
1378 2390
2098 2391
2151 2392
673 2393
85 2394
165 2395
659 2396
257 2397
143 2398
323 2399
484 2400
1401 2401
495 2402
1837 2403
1875 2404
691 2405
249 2406
1848 2407
2362 2408
1849 2409
1699 2410
213 2411
896 2412
1462 2413
2328 2414
740 2415
1386 2416
1154 2417
1064 2418
2281 2419
244 2420
864 2421
1077 2422
1398 2423
2078 2424
1053 2425
361 2426
1315 2427
372 2428
731 2429
948 2430
878 2431
862 2432
996 2433
1177 2434
2375 2435
1058 2436
338 2437
1560 2438
1899 2439
1417 2440
1606 2441
1092 2442
1605 2443
1830 2444
1843 2445
1269 2446
282 2447
1978 2448
2047 2449
1646 2450
1367 2451
842 2452
700 2453
1307 2454
694 2455
482 2456
1026 2457
1980 2458
869 2459
1072 2460
1721 2461
256 2462
692 2463
2095 2464
1341 2465
1889 2466
2395 2467
624 2468
893 2469
358 2470
2301 2471
1333 2472
1567 2473
1282 2474
596 2475
1119 2476
1834 2477
809 2478
655 2479
787 2480
531 2481
802 2482
1219 2483
2225 2484
1199 2485
709 2486
901 2487
1841 2488
1633 2489
1747 2490
95 2491
391 2492
522 2493
1526 2494
1234 2495
1686 2496
496 2497
1936 2498
1140 2499
2062 2500
2064 2501
1769 2502
528 2503
960 2504
32 2505
1879 2506
8 2507
2410 2508
1305 2509
1440 2510
2429 2511
92 2512
1187 2513
1044 2514
1689 2515
1742 2516
2430 2517
2084 2518
1396 2519
1512 2520
1442 2521
1448 2522
214 2523
2454 2524
615 2525
1016 2526
379 2527
165 2528
2031 2529
1584 2530
278 2531
1419 2532
1428 2533
863 2534
74 2535
569 2536
1169 2537
1668 2538
1937 2539
1898 2540
1708 2541
2111 2542
653 2543
771 2544
1745 2545
1426 2546
1035 2547
1709 2548
1029 2549
1568 2550
2278 2551
2474 2552
2187 2553
815 2554
972 2555
1067 2556
2073 2557
644 2558
640 2559
796 2560
2368 2561
2511 2562
2384 2563
1626 2564
741 2565
2513 2566
1811 2567
185 2568
1821 2569
1673 2570
449 2571
1614 2572
2260 2573
319 2574
244 2575
1686 2576
613 2577
76 2578
2507 2579
339 2580
1876 2581
2038 2582
1392 2583
835 2584
383 2585
1904 2586
1684 2587
2105 2588
672 2589
2331 2590
1845 2591
1974 2592
393 2593
702 2594
1620 2595
2448 2596
62 2597
1744 2598
1445 2599
2459 2600
688 2601
32 2602
877 2603
2306 2604
1269 2605
1218 2606
1241 2607
2381 2608
2238 2609
462 2610
2332 2611
2345 2612
58 2613
701 2614
2567 2615
2400 2616
2524 2617
2601 2618
781 2619
1173 2620
950 2621
2337 2622
910 2623
390 2624
2506 2625
2518 2626
514 2627
2226 2628
2392 2629
1970 2630
640 2631
2225 2632
2281 2633
1088 2634
366 2635
2345 2636
1670 2637
1086 2638
1853 2639
1267 2640
2139 2641
536 2642
167 2643
210 2644
191 2645
2023 2646
2580 2647
1804 2648
902 2649
70 2650
235 2651
2554 2652
2520 2653
399 2654
884 2655
114 2656
411 2657
660 2658
977 2659
1869 2660
1494 2661
486 2662
331 2663
613 2664
2325 2665
2661 2666
613 2667
279 2668
9 2669
152 2670
894 2671
1264 2672
1265 2673
2436 2674
1751 2675
1124 2676
459 2677
463 2678
1681 2679
1932 2680
1725 2681
188 2682
2065 2683
870 2684
1578 2685
1265 2686
639 2687
2484 2688
2335 2689
1393 2690
1291 2691
1067 2692
1302 2693
2551 2694
166 2695
1844 2696
347 2697
1297 2698
2575 2699
708 2700
587 2701
1797 2702
329 2703
2596 2704
2406 2705
1692 2706
1394 2707
204 2708
2094 2709
2142 2710
387 2711
2064 2712
1204 2713
2217 2714
988 2715
549 2716
1453 2717
1608 2718
1953 2719
1749 2720
636 2721
1717 2722
1599 2723
2624 2724
2140 2725
875 2726
2430 2727
1369 2728
243 2729
728 2730
1771 2731
1963 2732
338 2733
901 2734
185 2735
2197 2736
1075 2737
1860 2738
485 2739
352 2740
448 2741
1259 2742
2738 2743
1021 2744
2703 2745
2195 2746
473 2747
573 2748
1477 2749
446 2750
2271 2751
1373 2752
701 2753
1483 2754
2026 2755
201 2756
254 2757
780 2758
2170 2759
1308 2760
2228 2761
1766 2762
2196 2763
283 2764
152 2765
260 2766
2323 2767
1381 2768
2583 2769
269 2770
999 2771
140 2772
1070 2773
534 2774
1932 2775
1221 2776
1081 2777
2656 2778
2068 2779
735 2780
1818 2781
2615 2782
1617 2783
1952 2784
610 2785
339 2786
2368 2787
719 2788
673 2789
1075 2790
1401 2791
2586 2792
21 2793
943 2794
858 2795
2014 2796
1856 2797
505 2798
2017 2799
1893 2800
2383 2801
1596 2802
1395 2803
1446 2804
2777 2805
2331 2806
2086 2807
84 2808
2776 2809
1269 2810
267 2811
1324 2812
1114 2813
712 2814
665 2815
2305 2816
898 2817
876 2818
866 2819
1408 2820
189 2821
2204 2822
2557 2823
494 2824
2722 2825
2709 2826
1758 2827
318 2828
1961 2829
288 2830
1855 2831
1953 2832
2057 2833
1234 2834
2821 2835
2316 2836
1940 2837
1509 2838
1982 2839
11 2840
1375 2841
2040 2842
1063 2843
1835 2844
1280 2845
1329 2846
1669 2847
1079 2848
996 2849
378 2850
2615 2851
2319 2852
1053 2853
1166 2854
1137 2855
2216 2856
365 2857
1413 2858
148 2859
1227 2860
1763 2861
162 2862
2159 2863
2516 2864
144 2865
2560 2866
1060 2867
894 2868
704 2869
2801 2870
1672 2871
1767 2872
2193 2873
994 2874
594 2875
69 2876
372 2877
2401 2878
2100 2879
776 2880
140 2881
783 2882
1647 2883
1096 2884
1534 2885
397 2886
2708 2887
1610 2888
352 2889
2734 2890
376 2891
1930 2892
1068 2893
1004 2894
1128 2895
2195 2896
608 2897
18 2898
909 2899
2035 2900
1799 2901
35 2902
2318 2903
1355 2904
1839 2905
817 2906
2183 2907
1306 2908
1052 2909
1560 2910
1989 2911
2438 2912
682 2913
2383 2914
2006 2915
267 2916
1047 2917
2560 2918
2211 2919
1088 2920
2046 2921
1577 2922
1335 2923
1359 2924
1739 2925
2473 2926
218 2927
239 2928
2122 2929
404 2930
1725 2931
2786 2932
1298 2933
492 2934
2059 2935
2085 2936
1997 2937
2630 2938
1207 2939
2500 2940
1203 2941
2224 2942
1659 2943
1887 2944
1885 2945
200 2946
385 2947
945 2948
750 2949
1042 2950
98 2951
2701 2952
2550 2953
2207 2954
2534 2955
1671 2956
1717 2957
2731 2958
2936 2959
2511 2960
1481 2961
286 2962
1879 2963
2495 2964
336 2965
1130 2966
1210 2967
1045 2968
758 2969
83 2970
1479 2971
1991 2972
314 2973
1798 2974
219 2975
1930 2976
2492 2977
2526 2978
2536 2979
1523 2980
1287 2981
53 2982
425 2983
2816 2984
1809 2985
2704 2986
786 2987
2814 2988
373 2989
1453 2990
1471 2991
2768 2992
411 2993
2340 2994
301 2995
61 2996
1395 2997
478 2998
1709 2999
2023 3000
2505 3001
1230 3002
1479 3003
1860 3004
1646 3005
2356 3006
2860 3007
2589 3008
1325 3009
2173 3010
532 3011
66 3012
1903 3013
2975 3014
348 3015
1328 3016
1823 3017
1960 3018
719 3019
1746 3020
1644 3021
1025 3022
2400 3023
2884 3024
956 3025
1115 3026
2857 3027
3024 3028
186 3029
1892 3030
1055 3031
585 3032
510 3033
739 3034
1274 3035
2071 3036
387 3037
1649 3038
619 3039
1488 3040
2850 3041
1945 3042
233 3043
1956 3044
2371 3045
2593 3046
206 3047
1660 3048
1632 3049
2039 3050
2534 3051
1187 3052
1240 3053
2707 3054
1953 3055
1813 3056
444 3057
661 3058
1669 3059
1118 3060
2016 3061
1896 3062
1547 3063
302 3064
896 3065
162 3066
511 3067
2888 3068
1259 3069
1552 3070
962 3071
1734 3072
1905 3073
499 3074
1744 3075
1520 3076
2032 3077
2417 3078
953 3079
1757 3080
2444 3081
2446 3082
2380 3083
1158 3084
1956 3085
2393 3086
1332 3087
1229 3088
1884 3089
2826 3090
241 3091
2408 3092
1547 3093
2672 3094
1087 3095
1985 3096
1086 3097
1733 3098
1620 3099
2869 3100
1440 3101
686 3102
101 3103
138 3104
1051 3105
2146 3106
357 3107
2086 3108
360 3109
2124 3110
1538 3111
2430 3112
104 3113
222 3114
2564 3115
486 3116
536 3117
2783 3118
2780 3119
1084 3120
1662 3121
1570 3122
194 3123
2142 3124
627 3125
2355 3126
1350 3127
1451 3128
502 3129
392 3130
47 3131
393 3132
1730 3133
2828 3134
404 3135
2772 3136
953 3137
196 3138
1347 3139
2565 3140
2898 3141
684 3142
2828 3143
1678 3144
2443 3145
3064 3146
2773 3147
1179 3148
540 3149
3098 3150
183 3151
1974 3152
3078 3153
2070 3154
388 3155
1128 3156
2195 3157
1445 3158
3099 3159
3049 3160
1673 3161
1972 3162
392 3163
731 3164
2510 3165
655 3166
3136 3167
1164 3168
457 3169
1751 3170
2220 3171
1981 3172
685 3173
2810 3174
1176 3175
87 3176
1870 3177
2858 3178
122 3179
475 3180
3090 3181
584 3182
374 3183
447 3184
635 3185
1227 3186
1869 3187
1106 3188
3077 3189
43 3190
1284 3191
1378 3192
990 3193
2827 3194
627 3195
1225 3196
3188 3197
577 3198
298 3199
944 3200
3104 3201
583 3202
2652 3203
1984 3204
2041 3205
2893 3206
273 3207
17 3208
2110 3209
1249 3210
786 3211
1268 3212
634 3213
2718 3214
1277 3215
1798 3216
744 3217
1402 3218
2686 3219
43 3220
2756 3221
2859 3222
701 3223
2906 3224
2238 3225
1720 3226
1109 3227
533 3228
1868 3229
2130 3230
1906 3231
846 3232
1283 3233
2812 3234
1411 3235
126 3236
531 3237
245 3238
1137 3239
2318 3240
1959 3241
2935 3242
2070 3243
2710 3244
1050 3245
1291 3246
2086 3247
1049 3248
1707 3249
2233 3250
2074 3251
944 3252
2419 3253
2446 3254
476 3255
2390 3256
1309 3257
1484 3258
3212 3259
802 3260
1313 3261
1485 3262
394 3263
2542 3264
2070 3265
2462 3266
2661 3267
999 3268
927 3269
2370 3270
846 3271
2728 3272
2343 3273
180 3274
1369 3275
2863 3276
1323 3277
2880 3278
1805 3279
2992 3280
662 3281
1185 3282
975 3283
2896 3284
2519 3285
2327 3286
626 3287
26 3288
651 3289
2864 3290
1000 3291
1472 3292
3280 3293
1533 3294
1532 3295
1846 3296
1296 3297
1856 3298
422 3299
93 3300
2507 3301
1725 3302
689 3303
1051 3304
3226 3305
2517 3306
666 3307
414 3308
1690 3309
2103 3310
1936 3311
1231 3312
1284 3313
1979 3314
104 3315
2009 3316
1538 3317
2018 3318
1912 3319
2308 3320
840 3321
959 3322
446 3323
1782 3324
2133 3325
1061 3326
1078 3327
1203 3328
2405 3329
1351 3330
2948 3331
1568 3332
1573 3333
2522 3334
3003 3335
2499 3336
143 3337
2484 3338
1657 3339
2725 3340
1956 3341
2592 3342
1925 3343
2361 3344
531 3345
1350 3346
100 3347
1297 3348
2625 3349
950 3350
3083 3351
307 3352
1413 3353
3083 3354
362 3355
1543 3356
577 3357
160 3358
1467 3359
1442 3360
2544 3361
3075 3362
1881 3363
527 3364
592 3365
1037 3366
935 3367
1648 3368
2065 3369
2318 3370
842 3371
3204 3372
3244 3373
2384 3374
2369 3375
2196 3376
1180 3377
1096 3378
1204 3379
2083 3380
455 3381
1476 3382
2653 3383
2717 3384
2208 3385
25 3386
2596 3387
125 3388
3064 3389
2252 3390
2469 3391
705 3392
1100 3393
3231 3394
2403 3395
1330 3396
635 3397
2523 3398
2546 3399
1012 3400
1890 3401
1206 3402
523 3403
633 3404
193 3405
2330 3406
2064 3407
1159 3408
3050 3409
397 3410
82 3411
830 3412
710 3413
3364 3414
2645 3415
1556 3416
2146 3417
2980 3418
2358 3419
3417 3420
839 3421
3364 3422
3407 3423
1323 3424
2829 3425
1884 3426
2743 3427
1709 3428
3059 3429
2635 3430
1632 3431
2043 3432
1305 3433
2944 3434
2381 3435
490 3436
180 3437
16 3438
2801 3439
315 3440
1573 3441
2172 3442
2105 3443
2839 3444
2512 3445
878 3446
3275 3447
1817 3448
1212 3449
1568 3450
3120 3451
2007 3452
2896 3453
2224 3454
638 3455
641 3456
3052 3457
927 3458
2673 3459
1094 3460
1478 3461
2605 3462
2487 3463
1453 3464
1350 3465
474 3466
1606 3467
1733 3468
3347 3469
1027 3470
196 3471
2913 3472
2805 3473
3120 3474
1250 3475
673 3476
2577 3477
2063 3478
1091 3479
743 3480
1840 3481
1428 3482
2932 3483
1937 3484
3378 3485
1602 3486
149 3487
1534 3488
2925 3489
3237 3490
782 3491
2291 3492
2618 3493
3421 3494
237 3495
214 3496
3277 3497
2706 3498
1954 3499
3035 3500
535 3501
2015 3502
1028 3503
2318 3504
2628 3505
705 3506
3407 3507
2729 3508
936 3509
1047 3510
1884 3511
1917 3512
3194 3513
658 3514
574 3515
23 3516
2149 3517
1895 3518
3234 3519
1222 3520
796 3521
903 3522
591 3523
3400 3524
3168 3525
2047 3526
609 3527
1155 3528
1593 3529
1111 3530
2588 3531
494 3532
272 3533
2988 3534
2439 3535
3206 3536
3271 3537
1360 3538
3536 3539
2604 3540
3443 3541
569 3542
3497 3543
1808 3544
2932 3545
794 3546
991 3547
2365 3548
2036 3549
3492 3550
418 3551
3360 3552
3134 3553
2815 3554
1540 3555
307 3556
1126 3557
1688 3558
558 3559
378 3560
2093 3561
2277 3562
1051 3563
451 3564
1954 3565
1661 3566
2882 3567
2543 3568
102 3569
180 3570
3105 3571
2820 3572
96 3573
1143 3574
1894 3575
36 3576
2286 3577
2724 3578
955 3579
2447 3580
2844 3581
1366 3582
1457 3583
3527 3584
2055 3585
717 3586
2238 3587
2378 3588
715 3589
226 3590
2383 3591
3535 3592
1456 3593
2979 3594
2472 3595
3312 3596
3149 3597
2831 3598
1509 3599
2535 3600
2853 3601
2544 3602
963 3603
1718 3604
1145 3605
1715 3606
2565 3607
785 3608
609 3609
1127 3610
974 3611
1405 3612
337 3613
1584 3614
1822 3615
805 3616
3379 3617
242 3618
1454 3619
1503 3620
1977 3621
1785 3622
1099 3623
2629 3624
2965 3625
2096 3626
154 3627
2513 3628
3360 3629
2818 3630
2288 3631
2428 3632
262 3633
36 3634
2256 3635
1864 3636
3387 3637
1387 3638
1550 3639
1839 3640
3544 3641
688 3642
670 3643
896 3644
830 3645
1972 3646
132 3647
2438 3648
2469 3649
372 3650
2555 3651
2228 3652
1616 3653
3085 3654
3217 3655
593 3656
2651 3657
3343 3658
2591 3659
3490 3660
2440 3661
2044 3662
1060 3663
2994 3664
595 3665
3007 3666
827 3667
2153 3668
1722 3669
690 3670
2419 3671
2556 3672
2027 3673
3421 3674
2578 3675
2576 3676
2126 3677
3562 3678
2204 3679
2200 3680
2610 3681
3278 3682
3651 3683
406 3684
2707 3685
1306 3686
3660 3687
2253 3688
1328 3689
3176 3690
2261 3691
714 3692
720 3693
832 3694
3181 3695
1441 3696
1462 3697
2144 3698
3168 3699
347 3700
631 3701
1783 3702
142 3703
3507 3704
3600 3705
1992 3706
270 3707
605 3708
1256 3709
18 3710
3084 3711
1226 3712
924 3713
336 3714
3064 3715
3016 3716
227 3717
1423 3718
1603 3719
2199 3720
1639 3721
432 3722
635 3723
3052 3724
3126 3725
299 3726
3364 3727
3178 3728
583 3729
34 3730
1199 3731
1521 3732
1949 3733
2036 3734
2883 3735
3410 3736
549 3737
2436 3738
2732 3739
968 3740
1045 3741
2873 3742
1029 3743
1126 3744
111 3745
1299 3746
1057 3747
335 3748
3513 3749
2753 3750
773 3751
431 3752
683 3753
1061 3754
3537 3755
2900 3756
2505 3757
802 3758
3758 3759
608 3760
2317 3761
1338 3762
422 3763
2867 3764
3374 3765
1259 3766
3039 3767
1452 3768
2080 3769
545 3770
1603 3771
776 3772
76 3773
3307 3774
1220 3775
1853 3776
2501 3777
3316 3778
246 3779
849 3780
2413 3781
2035 3782
497 3783
46 3784
621 3785
3417 3786
3779 3787
3234 3788
2009 3789
2918 3790
3071 3791
3043 3792
105 3793
713 3794
1261 3795
2283 3796
790 3797
471 3798
721 3799
1228 3800
1877 3801
2084 3802
2388 3803
3510 3804
1777 3805
103 3806
3544 3807
922 3808
3790 3809
2220 3810
110 3811
55 3812
3498 3813
3396 3814
392 3815
3000 3816
259 3817
1246 3818
1318 3819
3700 3820
184 3821
1293 3822
769 3823
3652 3824
1100 3825
614 3826
3818 3827
2523 3828
953 3829
1136 3830
327 3831
1242 3832
1385 3833
3704 3834
3753 3835
2355 3836
2135 3837
1948 3838
2130 3839
1546 3840
2698 3841
288 3842
574 3843
1010 3844
2024 3845
1775 3846
1898 3847
1058 3848
212 3849
3771 3850
511 3851
419 3852
3412 3853
58 3854
3293 3855
3292 3856
3388 3857
2535 3858
756 3859
3818 3860
971 3861
734 3862
3600 3863
3664 3864
1740 3865
3369 3866
2851 3867
1855 3868
3056 3869
690 3870
1516 3871
1837 3872
2979 3873
3694 3874
1784 3875
357 3876
3064 3877
1244 3878
2739 3879
813 3880
2752 3881
655 3882
1711 3883
2615 3884
2646 3885
645 3886
2902 3887
606 3888
245 3889
3085 3890
1071 3891
2088 3892
1272 3893
3591 3894
530 3895
1892 3896
1223 3897
3188 3898
2807 3899
3553 3900
34 3901
3661 3902
3433 3903
3472 3904
1370 3905
1032 3906
3090 3907
1543 3908
1942 3909
532 3910
2627 3911
2205 3912
3085 3913
3488 3914
1444 3915
2155 3916
2496 3917
3171 3918
3566 3919
1446 3920
2459 3921
1806 3922
1303 3923
3590 3924
3708 3925
812 3926
2161 3927
988 3928
1606 3929
767 3930
1242 3931
3804 3932
2724 3933
1130 3934
1285 3935
2091 3936
3013 3937
793 3938
1310 3939
744 3940
2350 3941
215 3942
2846 3943
2638 3944
3859 3945
3618 3946
2210 3947
56 3948
64 3949
562 3950
1911 3951
1726 3952
1236 3953
2761 3954
2047 3955
434 3956
3844 3957
448 3958
2493 3959
943 3960
690 3961
674 3962
1469 3963
1109 3964
2749 3965
1793 3966
2428 3967
1129 3968
2750 3969
61 3970
892 3971
3491 3972
2214 3973
3270 3974
3309 3975
3341 3976
1570 3977
3470 3978
906 3979
3251 3980
3859 3981
1547 3982
137 3983
1494 3984
3717 3985
1083 3986
204 3987
2630 3988
2281 3989
171 3990
646 3991
935 3992
272 3993
3791 3994
1142 3995
378 3996
2657 3997
3834 3998
2691 3999
2621 4000
68 4001
167 4002
2676 4003
3586 4004
2745 4005
142 4006
843 4007
1218 4008
3498 4009
3992 4010
100 4011
360 4012
900 4013
1477 4014
770 4015
2029 4016
2675 4017
2161 4018
3837 4019
950 4020
96 4021
2490 4022
1538 4023
2369 4024
2263 4025
3494 4026
3933 4027
1552 4028
987 4029
1873 4030
3776 4031
2077 4032
3773 4033
2980 4034
822 4035
15 4036
153 4037
3675 4038
315 4039
3595 4040
1478 4041
3768 4042
2384 4043
1792 4044
3235 4045
2908 4046
2453 4047
3049 4048
3845 4049
157 4050
2566 4051
2634 4052
1399 4053
2551 4054
437 4055
3173 4056
2897 4057
1768 4058
1536 4059
3169 4060
3705 4061
3691 4062
2571 4063
2722 4064
1606 4065
2220 4066
3066 4067
1725 4068
3075 4069
2249 4070
1221 4071
3710 4072
1807 4073
798 4074
3091 4075
1448 4076
1273 4077
1456 4078
2125 4079
2603 4080
466 4081
3121 4082
3039 4083
3431 4084
559 4085
1768 4086
3598 4087
3573 4088
513 4089
3614 4090
3843 4091
3911 4092
3867 4093
2161 4094
345 4095
2275 4096
1745 4097
3268 4098
2304 4099
3067 4100
984 4101
2893 4102
1682 4103
3540 4104
3202 4105
3226 4106
1969 4107
419 4108
3500 4109
3239 4110
1666 4111
775 4112
2369 4113
4043 4114
103 4115
2688 4116
1519 4117
3712 4118
3447 4119
1501 4120
2573 4121
2394 4122
1414 4123
3423 4124
63 4125
1561 4126
847 4127
1374 4128
2749 4129
875 4130
1493 4131
3656 4132
2812 4133
325 4134
978 4135
877 4136
3289 4137
2131 4138
1804 4139
1961 4140
107 4141
503 4142
3936 4143
1072 4144
483 4145
2834 4146
1362 4147
1107 4148
7 4149
1761 4150
1194 4151
1022 4152
1695 4153
1596 4154
1225 4155
2128 4156
1010 4157
3065 4158
2618 4159
2011 4160
915 4161
1633 4162
1400 4163
2469 4164
1272 4165
901 4166
2282 4167
2434 4168
2520 4169
2983 4170
3296 4171
273 4172
3148 4173
2474 4174
834 4175
2998 4176
3759 4177
2729 4178
250 4179
3696 4180
1388 4181
1400 4182
1644 4183
361 4184
1112 4185
3493 4186
1564 4187
2874 4188
3031 4189
1764 4190
1979 4191
195 4192
4119 4193
654 4194
860 4195
666 4196
3186 4197
87 4198
2469 4199
3344 4200
1853 4201
1410 4202
3664 4203
377 4204
2211 4205
1870 4206
441 4207
1593 4208
2509 4209
2838 4210
1375 4211
4134 4212
1177 4213
2063 4214
2794 4215
547 4216
100 4217
1105 4218
1514 4219
2937 4220
1661 4221
1279 4222
2139 4223
2954 4224
2357 4225
2730 4226
1834 4227
2722 4228
216 4229
965 4230
646 4231
2880 4232
2387 4233
3464 4234
498 4235
995 4236
4136 4237
3843 4238
4106 4239
2514 4240
1660 4241
2955 4242
3512 4243
3503 4244
1449 4245
2016 4246
2942 4247
3135 4248
1432 4249
1635 4250
2478 4251
348 4252
1952 4253
3025 4254
3617 4255
2319 4256
2175 4257
2439 4258
1651 4259
3132 4260
918 4261
2264 4262
2793 4263
2466 4264
3215 4265
1199 4266
1959 4267
793 4268
2610 4269
251 4270
1655 4271
2483 4272
2988 4273
303 4274
3375 4275
183 4276
3757 4277
2825 4278
2111 4279
2451 4280
1290 4281
1701 4282
247 4283
3047 4284
305 4285
3761 4286
3278 4287
716 4288
196 4289
1933 4290
3842 4291
3350 4292
3470 4293
3251 4294
3383 4295
375 4296
3503 4297
1298 4298
34 4299
3140 4300
1328 4301
4062 4302
1641 4303
369 4304
734 4305
2955 4306
2560 4307
3211 4308
3582 4309
1567 4310
905 4311
905 4312
4089 4313
4313 4314
1333 4315
4127 4316
2362 4317
1403 4318
999 4319
3348 4320
1000 4321
3594 4322
720 4323
3582 4324
3129 4325
2039 4326
3389 4327
1339 4328
1969 4329
1382 4330
2729 4331
428 4332
2246 4333
2848 4334
1058 4335
2600 4336
1923 4337
2396 4338
107 4339
2326 4340
2800 4341
2063 4342
531 4343
814 4344
1685 4345
3221 4346
1047 4347
3582 4348
3471 4349
265 4350
4003 4351
1263 4352
102 4353
2224 4354
2299 4355
955 4356
2201 4357
1453 4358
2541 4359
2158 4360
1172 4361
3478 4362
3733 4363
2462 4364
382 4365
2378 4366
3117 4367
755 4368
2476 4369
3797 4370
2214 4371
1080 4372
389 4373
3229 4374
4280 4375
432 4376
2984 4377
3323 4378
3204 4379
1171 4380
569 4381
3794 4382
3270 4383
1543 4384
2516 4385
3100 4386
2249 4387
623 4388
1786 4389
28 4390
232 4391
4373 4392
3330 4393
175 4394
3373 4395
772 4396
758 4397
3854 4398
216 4399
4257 4400
3518 4401
94 4402
688 4403
673 4404
627 4405
783 4406
3834 4407
2027 4408
424 4409
752 4410
381 4411
42 4412
1535 4413
2023 4414
1411 4415
321 4416
4223 4417
4236 4418
1527 4419
3845 4420
1630 4421
905 4422
744 4423
1897 4424
4414 4425
4247 4426
1949 4427
3831 4428
2558 4429
947 4430
4237 4431
3009 4432
2488 4433
1408 4434
572 4435
2790 4436
3039 4437
223 4438
4058 4439
3408 4440
871 4441
766 4442
3632 4443
2440 4444
1573 4445
4097 4446
858 4447
2459 4448
3188 4449
4203 4450
1496 4451
2976 4452
3928 4453
2392 4454
3924 4455
411 4456
3265 4457
1198 4458
1607 4459
2830 4460
342 4461
3836 4462
235 4463
4214 4464
4007 4465
747 4466
673 4467
1206 4468
1873 4469
2687 4470
3509 4471
2878 4472
3028 4473
4198 4474
1789 4475
1694 4476
391 4477
1425 4478
1809 4479
1589 4480
33 4481
2622 4482
1586 4483
4150 4484
2417 4485
1780 4486
941 4487
3103 4488
2873 4489
4038 4490
2055 4491
2430 4492
993 4493
4189 4494
231 4495
777 4496
4254 4497
3317 4498
2383 4499
2275 4500
1532 4501
4328 4502
1776 4503
3526 4504
2448 4505
633 4506
970 4507
4120 4508
1245 4509
1610 4510
3350 4511
1646 4512
3057 4513
2272 4514
757 4515
1818 4516
1121 4517
2176 4518
1759 4519
2511 4520
4029 4521
3912 4522
1538 4523
2094 4524
3586 4525
3292 4526
1630 4527
904 4528
2513 4529
2767 4530
1630 4531
44 4532
1259 4533
168 4534
3798 4535
4242 4536
719 4537
1354 4538
2694 4539
228 4540
3847 4541
2612 4542
168 4543
2151 4544
1013 4545
1164 4546
2458 4547
2662 4548
2941 4549
311 4550
3105 4551
68 4552
177 4553
2696 4554
1047 4555
100 4556
3839 4557
1174 4558
4500 4559
2564 4560
233 4561
563 4562
2926 4563
388 4564
3275 4565
1609 4566
4017 4567
3299 4568
1377 4569
1818 4570
4477 4571
3168 4572
3876 4573
3930 4574
354 4575
3843 4576
3759 4577
3038 4578
2145 4579
4235 4580
3449 4581
3082 4582
4486 4583
3664 4584
274 4585
1997 4586
3008 4587
349 4588
540 4589
1313 4590
2125 4591
728 4592
4237 4593
221 4594
3917 4595
933 4596
3797 4597
721 4598
1512 4599
2268 4600
1518 4601
758 4602
1234 4603
1005 4604
2087 4605
283 4606
1176 4607
3843 4608
1471 4609
4285 4610
2844 4611
2947 4612
776 4613
698 4614
1372 4615
2480 4616
132 4617
78 4618
3998 4619
4582 4620
23 4621
3052 4622
2588 4623
4532 4624
3387 4625
3428 4626
1387 4627
2329 4628
3860 4629
314 4630
4503 4631
1379 4632
1749 4633
1914 4634
3918 4635
4283 4636
3792 4637
831 4638
3404 4639
3952 4640
1232 4641
4335 4642
4306 4643
1646 4644
2385 4645
3039 4646
2699 4647
923 4648
2184 4649
585 4650
2992 4651
3248 4652
2969 4653
2065 4654
84 4655
3493 4656
388 4657
1600 4658
1575 4659
3005 4660
910 4661
1832 4662
3466 4663
3956 4664
500 4665
1462 4666
4590 4667
2273 4668
2600 4669
1814 4670
38 4671
4048 4672
4583 4673
3506 4674
1479 4675
1339 4676
4351 4677
196 4678
2122 4679
3176 4680
1627 4681
4000 4682
4087 4683
3749 4684
4680 4685
1143 4686
2806 4687
4582 4688
3965 4689
2537 4690
3236 4691
2271 4692
635 4693
3496 4694
3133 4695
2006 4696
3244 4697
4087 4698
3618 4699
2169 4700
1416 4701
3950 4702
3185 4703
3704 4704
919 4705
821 4706
2502 4707
3389 4708
132 4709
3053 4710
3975 4711
2776 4712
4112 4713
1351 4714
3203 4715
2263 4716
4631 4717
360 4718
3836 4719
277 4720
2893 4721
2198 4722
2134 4723
2541 4724
1724 4725
3479 4726
111 4727
586 4728
55 4729
1054 4730
3438 4731
4029 4732
3025 4733
73 4734
498 4735
651 4736
3947 4737
3250 4738
4149 4739
1278 4740
28 4741
1874 4742
638 4743
4655 4744
1804 4745
948 4746
2963 4747
11 4748
219 4749
4291 4750
1273 4751
3282 4752
585 4753
4048 4754
2974 4755
2348 4756
2772 4757
3676 4758
1923 4759
616 4760
4572 4761
595 4762
155 4763
2299 4764
3907 4765
3205 4766
1883 4767
3557 4768
1596 4769
1123 4770
249 4771
2010 4772
45 4773
1656 4774
2563 4775
1864 4776
2038 4777
2707 4778
4066 4779
390 4780
1472 4781
1471 4782
1342 4783
1588 4784
251 4785
1138 4786
1871 4787
2266 4788
2778 4789
2718 4790
2007 4791
1474 4792
4284 4793
4132 4794
2689 4795
3605 4796
1285 4797
2892 4798
3867 4799
1118 4800
4715 4801
3978 4802
4786 4803
1886 4804
2708 4805
3615 4806
3910 4807
2748 4808
3140 4809
2793 4810
371 4811
5 4812
1502 4813
958 4814
4475 4815
4233 4816
4293 4817
1956 4818
1923 4819
1898 4820
4301 4821
250 4822
2572 4823
841 4824
540 4825
2283 4826
3443 4827
1306 4828
3234 4829
657 4830
24 4831
1964 4832
3576 4833
3265 4834
1399 4835
1222 4836
4466 4837
1097 4838
1197 4839
3917 4840
2694 4841
1215 4842
2383 4843
2122 4844
2259 4845
4354 4846
265 4847
4041 4848
3908 4849
2922 4850
1418 4851
3275 4852
100 4853
4633 4854
3352 4855
4822 4856
1029 4857
3878 4858
2802 4859
832 4860
3859 4861
2741 4862
78 4863
2071 4864
4103 4865
508 4866
1713 4867
3817 4868
885 4869
2678 4870
4427 4871
4609 4872
2768 4873
1638 4874
1841 4875
3417 4876
4114 4877
1154 4878
3415 4879
2459 4880
3152 4881
2758 4882
743 4883
909 4884
2735 4885
830 4886
1792 4887
3642 4888
189 4889
3656 4890
4808 4891
4327 4892
2941 4893
3846 4894
1548 4895
3457 4896
4306 4897
4124 4898
410 4899
2853 4900
3124 4901
1869 4902
1940 4903
2873 4904
3938 4905
3345 4906
1168 4907
3490 4908
2173 4909
4843 4910
2872 4911
4303 4912
3764 4913
1721 4914
603 4915
2463 4916
1676 4917
3824 4918
2073 4919
1474 4920
3213 4921
3098 4922
2300 4923
546 4924
2962 4925
4262 4926
1783 4927
3886 4928
1275 4929
2143 4930
134 4931
1653 4932
3279 4933
2682 4934
3774 4935
4182 4936
4783 4937
3024 4938
2198 4939
2809 4940
3980 4941
4146 4942
3029 4943
4035 4944
3800 4945
669 4946
1886 4947
3193 4948
3850 4949
2906 4950
4836 4951
3052 4952
2615 4953
3363 4954
4343 4955
4317 4956
3404 4957
1383 4958
1096 4959
3537 4960
4542 4961
130 4962
951 4963
290 4964
437 4965
1021 4966
2956 4967
4599 4968
3100 4969
1450 4970
2691 4971
658 4972
586 4973
3223 4974
2165 4975
747 4976
623 4977
587 4978
2863 4979
750 4980
4019 4981
239 4982
1300 4983
3199 4984
882 4985
3285 4986
4655 4987
227 4988
3242 4989
4362 4990
4004 4991
132 4992
3684 4993
2661 4994
1440 4995
900 4996
229 4997
833 4998
2943 4999
769 5000
