1 2
1 3
1 4
2 5
2 6
4 7
2 8
8 9
9 10
8 11
8 12
9 13
4 14
13 15
6 16
10 17
7 18
13 19
8 20
5 21
3 22
17 23
14 24
23 25
21 26
18 27
14 28
6 29
25 30
11 31
29 32
6 33
19 34
4 35
17 36
34 37
6 38
38 39
13 40
29 41
26 42
11 43
41 44
35 45
8 46
41 47
37 48
20 49
18 50
19 51
15 52
10 53
14 54
28 55
8 56
10 57
1 58
50 59
27 60
4 61
54 62
13 63
37 64
52 65
17 66
38 67
2 68
64 69
69 70
51 71
58 72
58 73
56 74
2 75
66 76
52 77
29 78
54 79
1 80
41 81
20 82
16 83
58 84
54 85
51 86
43 87
9 88
16 89
56 90
38 91
56 92
81 93
39 94
34 95
12 96
52 97
62 98
22 99
56 100
68 101
9 102
8 103
64 104
39 105
50 106
104 107
40 108
7 109
78 110
16 111
45 112
4 113
69 114
60 115
9 116
27 117
8 118
33 119
106 120
118 121
7 122
40 123
74 124
114 125
21 126
71 127
19 128
39 129
35 130
129 131
75 132
73 133
103 134
38 135
100 136
84 137
78 138
33 139
32 140
12 141
134 142
9 143
69 144
81 145
69 146
145 147
74 148
74 149
97 150
132 151
136 152
20 153
124 154
119 155
59 156
142 157
12 158
71 159
114 160
123 161
155 162
24 163
46 164
74 165
58 166
156 167
93 168
60 169
51 170
59 171
141 172
167 173
154 174
85 175
104 176
65 177
162 178
16 179
42 180
165 181
165 182
176 183
155 184
166 185
10 186
128 187
28 188
47 189
96 190
31 191
39 192
148 193
143 194
163 195
42 196
99 197
1 198
33 199
8 200
12 201
79 202
10 203
76 204
9 205
35 206
1 207
142 208
87 209
25 210
114 211
21 212
12 213
18 214
132 215
56 216
54 217
205 218
183 219
127 220
118 221
211 222
84 223
23 224
9 225
107 226
181 227
47 228
80 229
63 230
138 231
84 232
74 233
150 234
11 235
153 236
125 237
40 238
215 239
7 240
234 241
37 242
208 243
162 244
4 245
170 246
30 247
236 248
98 249
29 250
203 251
160 252
176 253
47 254
68 255
243 256
191 257
92 258
199 259
209 260
222 261
116 262
233 263
37 264
31 265
252 266
214 267
64 268
243 269
89 270
235 271
123 272
212 273
245 274
148 275
99 276
101 277
120 278
201 279
122 280
231 281
132 282
196 283
194 284
4 285
90 286
131 287
194 288
279 289
67 290
141 291
247 292
114 293
203 294
74 295
130 296
192 297
65 298
121 299
207 300
22 301
39 302
37 303
242 304
196 305
4 306
141 307
173 308
125 309
42 310
173 311
201 312
125 313
128 314
269 315
96 316
204 317
244 318
31 319
106 320
209 321
178 322
260 323
305 324
140 325
157 326
38 327
30 328
193 329
224 330
221 331
177 332
167 333
78 334
164 335
5 336
271 337
147 338
136 339
268 340
192 341
228 342
137 343
240 344
99 345
219 346
324 347
216 348
278 349
99 350
36 351
96 352
343 353
182 354
5 355
351 356
98 357
175 358
203 359
326 360
250 361
83 362
127 363
327 364
78 365
236 366
11 367
88 368
144 369
268 370
16 371
39 372
140 373
163 374
230 375
160 376
40 377
96 378
103 379
41 380
299 381
380 382
262 383
221 384
67 385
87 386
234 387
336 388
211 389
18 390
269 391
298 392
140 393
118 394
120 395
315 396
173 397
204 398
363 399
360 400
62 401
230 402
394 403
383 404
141 405
107 406
398 407
95 408
35 409
191 410
265 411
360 412
397 413
183 414
383 415
20 416
173 417
364 418
302 419
405 420
251 421
104 422
63 423
63 424
126 425
8 426
280 427
425 428
281 429
93 430
332 431
44 432
252 433
165 434
404 435
136 436
403 437
145 438
126 439
115 440
351 441
283 442
245 443
34 444
198 445
423 446
100 447
408 448
160 449
237 450
396 451
417 452
196 453
405 454
172 455
70 456
56 457
264 458
212 459
194 460
17 461
201 462
240 463
75 464
165 465
187 466
209 467
400 468
75 469
144 470
383 471
145 472
126 473
10 474
467 475
64 476
194 477
45 478
65 479
91 480
29 481
207 482
298 483
474 484
78 485
308 486
372 487
76 488
439 489
20 490
30 491
250 492
32 493
384 494
186 495
465 496
226 497
186 498
67 499
66 500
338 501
368 502
234 503
358 504
346 505
398 506
266 507
242 508
252 509
366 510
343 511
225 512
107 513
325 514
121 515
323 516
272 517
40 518
491 519
292 520
288 521
152 522
179 523
463 524
339 525
327 526
114 527
249 528
480 529
358 530
440 531
31 532
483 533
234 534
74 535
351 536
374 537
218 538
386 539
514 540
367 541
334 542
100 543
139 544
168 545
481 546
183 547
483 548
470 549
263 550
459 551
486 552
142 553
360 554
67 555
513 556
76 557
372 558
217 559
395 560
74 561
129 562
560 563
334 564
408 565
168 566
216 567
115 568
310 569
253 570
197 571
225 572
436 573
13 574
235 575
33 576
392 577
107 578
216 579
554 580
291 581
164 582
120 583
155 584
9 585
443 586
122 587
198 588
571 589
401 590
518 591
458 592
487 593
417 594
247 595
165 596
151 597
551 598
427 599
482 600
337 601
364 602
445 603
36 604
492 605
26 606
597 607
308 608
112 609
407 610
27 611
32 612
101 613
459 614
532 615
133 616
299 617
548 618
507 619
154 620
393 621
613 622
407 623
216 624
114 625
514 626
201 627
547 628
170 629
591 630
446 631
226 632
395 633
3 634
492 635
570 636
112 637
316 638
387 639
448 640
518 641
420 642
392 643
124 644
386 645
382 646
475 647
49 648
407 649
190 650
74 651
502 652
371 653
207 654
400 655
333 656
467 657
629 658
195 659
265 660
65 661
370 662
409 663
132 664
69 665
28 666
117 667
387 668
503 669
651 670
258 671
550 672
244 673
446 674
54 675
265 676
399 677
653 678
367 679
556 680
425 681
647 682
620 683
501 684
327 685
337 686
627 687
49 688
405 689
609 690
312 691
654 692
434 693
519 694
11 695
629 696
45 697
411 698
179 699
578 700
377 701
374 702
598 703
257 704
643 705
422 706
98 707
246 708
398 709
270 710
291 711
141 712
241 713
301 714
15 715
291 716
575 717
432 718
66 719
171 720
184 721
475 722
35 723
649 724
275 725
590 726
1 727
323 728
381 729
64 730
372 731
355 732
64 733
383 734
373 735
62 736
3 737
356 738
16 739
65 740
30 741
623 742
175 743
614 744
272 745
26 746
217 747
374 748
711 749
487 750
487 751
376 752
74 753
132 754
596 755
334 756
754 757
752 758
84 759
184 760
212 761
448 762
116 763
161 764
135 765
320 766
366 767
749 768
264 769
519 770
99 771
604 772
432 773
289 774
299 775
274 776
120 777
683 778
645 779
368 780
232 781
489 782
229 783
780 784
274 785
578 786
396 787
783 788
523 789
218 790
11 791
26 792
56 793
570 794
367 795
445 796
601 797
38 798
121 799
653 800
49 801
682 802
437 803
413 804
518 805
288 806
775 807
423 808
597 809
541 810
69 811
580 812
150 813
655 814
357 815
135 816
646 817
24 818
199 819
741 820
751 821
235 822
58 823
696 824
49 825
109 826
2 827
629 828
258 829
572 830
109 831
594 832
385 833
242 834
273 835
549 836
639 837
282 838
704 839
326 840
707 841
420 842
696 843
621 844
96 845
177 846
693 847
90 848
510 849
9 850
611 851
497 852
559 853
283 854
216 855
706 856
696 857
127 858
498 859
424 860
183 861
329 862
251 863
691 864
10 865
488 866
854 867
394 868
594 869
733 870
231 871
499 872
704 873
489 874
447 875
626 876
542 877
196 878
470 879
449 880
51 881
351 882
298 883
219 884
813 885
846 886
685 887
830 888
734 889
634 890
767 891
566 892
389 893
18 894
182 895
349 896
92 897
224 898
424 899
896 900
896 901
450 902
265 903
787 904
822 905
112 906
874 907
903 908
404 909
18 910
635 911
295 912
640 913
671 914
207 915
579 916
519 917
55 918
577 919
102 920
444 921
263 922
475 923
593 924
248 925
489 926
60 927
187 928
647 929
84 930
229 931
236 932
796 933
328 934
284 935
136 936
870 937
571 938
443 939
780 940
174 941
230 942
320 943
585 944
306 945
77 946
862 947
709 948
292 949
832 950
290 951
882 952
415 953
711 954
206 955
870 956
665 957
303 958
863 959
938 960
486 961
716 962
801 963
547 964
331 965
362 966
101 967
644 968
337 969
228 970
641 971
489 972
141 973
419 974
935 975
841 976
77 977
770 978
954 979
130 980
715 981
437 982
326 983
808 984
809 985
476 986
350 987
975 988
204 989
509 990
871 991
607 992
800 993
45 994
952 995
100 996
620 997
903 998
657 999
698 1000
675 1001
579 1002
194 1003
840 1004
807 1005
703 1006
538 1007
217 1008
632 1009
869 1010
81 1011
261 1012
602 1013
35 1014
905 1015
651 1016
448 1017
972 1018
556 1019
525 1020
143 1021
90 1022
258 1023
681 1024
248 1025
566 1026
644 1027
965 1028
69 1029
204 1030
806 1031
984 1032
609 1033
424 1034
704 1035
823 1036
52 1037
476 1038
683 1039
564 1040
795 1041
746 1042
53 1043
631 1044
105 1045
960 1046
772 1047
890 1048
727 1049
379 1050
75 1051
74 1052
700 1053
981 1054
346 1055
226 1056
20 1057
108 1058
722 1059
107 1060
505 1061
39 1062
1048 1063
950 1064
800 1065
27 1066
383 1067
902 1068
900 1069
754 1070
15 1071
349 1072
812 1073
552 1074
329 1075
835 1076
908 1077
476 1078
1007 1079
807 1080
819 1081
40 1082
693 1083
120 1084
830 1085
995 1086
529 1087
293 1088
624 1089
875 1090
672 1091
442 1092
161 1093
372 1094
95 1095
818 1096
700 1097
599 1098
941 1099
937 1100
718 1101
965 1102
629 1103
912 1104
892 1105
155 1106
401 1107
933 1108
202 1109
1037 1110
448 1111
1028 1112
1027 1113
979 1114
458 1115
221 1116
77 1117
1032 1118
285 1119
296 1120
265 1121
439 1122
700 1123
128 1124
1004 1125
1027 1126
879 1127
319 1128
508 1129
518 1130
274 1131
1019 1132
528 1133
614 1134
749 1135
695 1136
281 1137
1084 1138
402 1139
991 1140
151 1141
442 1142
226 1143
541 1144
493 1145
244 1146
1093 1147
973 1148
150 1149
1058 1150
1064 1151
452 1152
891 1153
1112 1154
757 1155
309 1156
529 1157
935 1158
584 1159
468 1160
365 1161
924 1162
781 1163
210 1164
773 1165
762 1166
97 1167
173 1168
691 1169
819 1170
678 1171
431 1172
437 1173
424 1174
1166 1175
635 1176
562 1177
974 1178
891 1179
274 1180
995 1181
516 1182
1022 1183
425 1184
665 1185
1131 1186
331 1187
1026 1188
968 1189
203 1190
958 1191
1040 1192
1160 1193
855 1194
410 1195
900 1196
572 1197
513 1198
367 1199
921 1200
1005 1201
646 1202
642 1203
885 1204
478 1205
416 1206
134 1207
458 1208
828 1209
295 1210
730 1211
871 1212
432 1213
126 1214
1210 1215
77 1216
490 1217
927 1218
1065 1219
8 1220
588 1221
148 1222
665 1223
50 1224
1171 1225
685 1226
1006 1227
748 1228
1222 1229
1154 1230
487 1231
479 1232
197 1233
1229 1234
344 1235
443 1236
963 1237
906 1238
1233 1239
173 1240
820 1241
575 1242
254 1243
771 1244
8 1245
882 1246
1043 1247
1089 1248
1169 1249
646 1250
51 1251
683 1252
497 1253
865 1254
970 1255
333 1256
1179 1257
1172 1258
349 1259
515 1260
195 1261
1051 1262
936 1263
394 1264
1066 1265
784 1266
1010 1267
573 1268
1119 1269
989 1270
175 1271
10 1272
489 1273
56 1274
512 1275
786 1276
411 1277
310 1278
764 1279
302 1280
699 1281
1136 1282
1200 1283
361 1284
816 1285
987 1286
872 1287
1205 1288
92 1289
1167 1290
1024 1291
1243 1292
219 1293
259 1294
950 1295
530 1296
498 1297
229 1298
545 1299
1068 1300
918 1301
648 1302
604 1303
726 1304
439 1305
45 1306
543 1307
579 1308
1167 1309
1045 1310
7 1311
1177 1312
1126 1313
241 1314
980 1315
113 1316
133 1317
240 1318
1267 1319
135 1320
1039 1321
466 1322
137 1323
304 1324
616 1325
985 1326
1324 1327
746 1328
254 1329
809 1330
382 1331
460 1332
1153 1333
876 1334
165 1335
780 1336
702 1337
447 1338
442 1339
458 1340
662 1341
936 1342
586 1343
1175 1344
1084 1345
1149 1346
53 1347
963 1348
920 1349
463 1350
991 1351
1330 1352
327 1353
471 1354
455 1355
630 1356
1328 1357
657 1358
621 1359
614 1360
551 1361
473 1362
578 1363
788 1364
121 1365
1318 1366
1173 1367
577 1368
426 1369
591 1370
418 1371
842 1372
1060 1373
224 1374
883 1375
478 1376
384 1377
1181 1378
320 1379
1252 1380
811 1381
638 1382
1335 1383
1192 1384
683 1385
976 1386
802 1387
271 1388
300 1389
1213 1390
737 1391
1032 1392
31 1393
706 1394
831 1395
429 1396
679 1397
915 1398
804 1399
177 1400
1083 1401
1257 1402
66 1403
1089 1404
635 1405
533 1406
1264 1407
1246 1408
1400 1409
635 1410
156 1411
266 1412
1072 1413
394 1414
1045 1415
377 1416
1015 1417
772 1418
680 1419
600 1420
1403 1421
860 1422
606 1423
1037 1424
872 1425
1141 1426
497 1427
1300 1428
1014 1429
554 1430
494 1431
348 1432
1012 1433
468 1434
217 1435
577 1436
564 1437
325 1438
536 1439
346 1440
329 1441
140 1442
399 1443
797 1444
566 1445
368 1446
110 1447
669 1448
1097 1449
1243 1450
1300 1451
52 1452
208 1453
197 1454
1392 1455
1047 1456
681 1457
1195 1458
218 1459
1332 1460
913 1461
409 1462
561 1463
663 1464
1290 1465
568 1466
1206 1467
1252 1468
295 1469
470 1470
1307 1471
216 1472
424 1473
997 1474
190 1475
1152 1476
1262 1477
556 1478
462 1479
1254 1480
347 1481
1032 1482
1109 1483
1337 1484
149 1485
1188 1486
570 1487
450 1488
1368 1489
1211 1490
520 1491
974 1492
1252 1493
1488 1494
518 1495
878 1496
1100 1497
228 1498
375 1499
109 1500
879 1501
571 1502
898 1503
564 1504
1486 1505
1167 1506
444 1507
565 1508
215 1509
957 1510
410 1511
1417 1512
1320 1513
1412 1514
195 1515
1240 1516
452 1517
1153 1518
315 1519
1104 1520
588 1521
1493 1522
1428 1523
515 1524
935 1525
936 1526
28 1527
390 1528
805 1529
652 1530
1368 1531
309 1532
721 1533
271 1534
320 1535
433 1536
9 1537
968 1538
992 1539
644 1540
595 1541
1515 1542
119 1543
686 1544
308 1545
596 1546
432 1547
356 1548
1473 1549
195 1550
1235 1551
1457 1552
61 1553
1217 1554
1095 1555
468 1556
710 1557
14 1558
15 1559
1128 1560
362 1561
183 1562
1317 1563
1513 1564
132 1565
751 1566
877 1567
962 1568
164 1569
510 1570
336 1571
1546 1572
1114 1573
668 1574
1331 1575
514 1576
845 1577
1289 1578
382 1579
1334 1580
1078 1581
1238 1582
274 1583
598 1584
726 1585
1537 1586
676 1587
537 1588
1488 1589
825 1590
64 1591
539 1592
1023 1593
1107 1594
1183 1595
1473 1596
498 1597
1208 1598
29 1599
1204 1600
755 1601
311 1602
625 1603
1055 1604
1005 1605
134 1606
1413 1607
985 1608
1333 1609
834 1610
785 1611
1244 1612
1450 1613
260 1614
720 1615
1076 1616
220 1617
557 1618
515 1619
856 1620
1299 1621
386 1622
478 1623
453 1624
172 1625
1039 1626
1283 1627
1428 1628
1325 1629
533 1630
880 1631
13 1632
1245 1633
688 1634
796 1635
1594 1636
659 1637
1548 1638
1409 1639
28 1640
254 1641
1605 1642
300 1643
1185 1644
294 1645
1465 1646
1139 1647
1029 1648
531 1649
131 1650
1140 1651
1157 1652
124 1653
734 1654
1427 1655
123 1656
1153 1657
287 1658
1645 1659
332 1660
1494 1661
126 1662
322 1663
662 1664
757 1665
448 1666
401 1667
239 1668
578 1669
1035 1670
309 1671
478 1672
172 1673
1418 1674
1449 1675
467 1676
1668 1677
1139 1678
424 1679
701 1680
1140 1681
1100 1682
394 1683
1120 1684
1382 1685
42 1686
340 1687
1106 1688
1536 1689
1532 1690
1447 1691
103 1692
619 1693
1166 1694
1494 1695
691 1696
1657 1697
418 1698
831 1699
643 1700
1426 1701
268 1702
270 1703
1375 1704
1342 1705
527 1706
214 1707
1529 1708
663 1709
644 1710
684 1711
1448 1712
1265 1713
710 1714
206 1715
1710 1716
934 1717
1455 1718
266 1719
838 1720
1697 1721
766 1722
1075 1723
707 1724
1192 1725
389 1726
1330 1727
152 1728
1152 1729
628 1730
655 1731
42 1732
1012 1733
292 1734
390 1735
62 1736
1678 1737
829 1738
976 1739
1447 1740
1091 1741
26 1742
1415 1743
419 1744
1 1745
895 1746
620 1747
148 1748
1067 1749
458 1750
161 1751
999 1752
462 1753
1066 1754
1348 1755
413 1756
202 1757
697 1758
1677 1759
379 1760
221 1761
347 1762
1242 1763
754 1764
1215 1765
488 1766
816 1767
1324 1768
184 1769
1052 1770
1627 1771
1307 1772
630 1773
1557 1774
321 1775
134 1776
470 1777
1569 1778
291 1779
1381 1780
855 1781
950 1782
738 1783
298 1784
495 1785
1690 1786
221 1787
1730 1788
1097 1789
1309 1790
1460 1791
35 1792
1004 1793
1714 1794
837 1795
1262 1796
577 1797
333 1798
1772 1799
1677 1800
1019 1801
1750 1802
144 1803
1503 1804
1378 1805
1242 1806
1781 1807
515 1808
1444 1809
190 1810
1067 1811
1346 1812
1730 1813
1649 1814
725 1815
437 1816
1631 1817
799 1818
738 1819
365 1820
60 1821
1462 1822
58 1823
1266 1824
103 1825
1805 1826
1430 1827
971 1828
287 1829
87 1830
1093 1831
984 1832
1234 1833
1256 1834
1331 1835
1361 1836
1488 1837
754 1838
1403 1839
1582 1840
1111 1841
53 1842
81 1843
977 1844
1117 1845
1573 1846
88 1847
1708 1848
378 1849
21 1850
1343 1851
678 1852
1070 1853
1204 1854
341 1855
769 1856
1067 1857
344 1858
1212 1859
825 1860
1079 1861
65 1862
220 1863
186 1864
14 1865
601 1866
583 1867
208 1868
1412 1869
556 1870
484 1871
33 1872
712 1873
15 1874
1749 1875
1089 1876
164 1877
1060 1878
1203 1879
763 1880
1797 1881
1424 1882
886 1883
183 1884
1410 1885
140 1886
666 1887
734 1888
1863 1889
253 1890
1802 1891
31 1892
518 1893
9 1894
1010 1895
831 1896
60 1897
1214 1898
653 1899
686 1900
504 1901
152 1902
1661 1903
822 1904
1110 1905
1451 1906
1229 1907
67 1908
382 1909
703 1910
1094 1911
1226 1912
673 1913
1331 1914
1200 1915
550 1916
582 1917
1345 1918
1802 1919
1677 1920
164 1921
670 1922
479 1923
1642 1924
1703 1925
888 1926
1629 1927
878 1928
836 1929
1662 1930
236 1931
1348 1932
641 1933
1847 1934
345 1935
815 1936
1404 1937
24 1938
1479 1939
439 1940
1293 1941
201 1942
1745 1943
1295 1944
1435 1945
1555 1946
1024 1947
643 1948
449 1949
1196 1950
229 1951
1660 1952
1794 1953
974 1954
964 1955
1186 1956
1315 1957
755 1958
1449 1959
692 1960
100 1961
699 1962
1161 1963
796 1964
298 1965
1898 1966
1111 1967
1593 1968
1264 1969
1875 1970
520 1971
1611 1972
1397 1973
670 1974
1502 1975
1766 1976
302 1977
920 1978
33 1979
1365 1980
140 1981
194 1982
1177 1983
401 1984
823 1985
1840 1986
1868 1987
1822 1988
82 1989
638 1990
187 1991
1184 1992
118 1993
436 1994
354 1995
11 1996
17 1997
563 1998
1362 1999
922 2000
1608 2001
89 2002
1366 2003
982 2004
631 2005
1972 2006
844 2007
1130 2008
1248 2009
569 2010
862 2011
645 2012
634 2013
440 2014
348 2015
1949 2016
1907 2017
561 2018
750 2019
1764 2020
1309 2021
1864 2022
1448 2023
1033 2024
1336 2025
1050 2026
889 2027
885 2028
1040 2029
1187 2030
1524 2031
1590 2032
658 2033
1849 2034
90 2035
760 2036
953 2037
1562 2038
871 2039
1166 2040
1519 2041
411 2042
1371 2043
1862 2044
262 2045
1235 2046
979 2047
565 2048
2047 2049
1634 2050
1490 2051
1668 2052
307 2053
323 2054
1700 2055
1533 2056
344 2057
1709 2058
260 2059
1625 2060
444 2061
998 2062
1007 2063
1741 2064
1410 2065
1834 2066
2053 2067
1282 2068
1404 2069
1517 2070
1199 2071
514 2072
4 2073
1325 2074
1737 2075
279 2076
1133 2077
1269 2078
925 2079
1132 2080
1460 2081
1017 2082
724 2083
391 2084
620 2085
1501 2086
813 2087
1341 2088
1263 2089
783 2090
713 2091
1222 2092
1503 2093
1306 2094
1832 2095
273 2096
1149 2097
680 2098
377 2099
124 2100
984 2101
2048 2102
1554 2103
1339 2104
2032 2105
1440 2106
358 2107
1183 2108
1585 2109
368 2110
141 2111
247 2112
98 2113
674 2114
552 2115
345 2116
613 2117
480 2118
719 2119
866 2120
923 2121
2057 2122
1560 2123
1590 2124
1050 2125
351 2126
1545 2127
188 2128
413 2129
509 2130
971 2131
410 2132
1753 2133
1197 2134
1734 2135
1332 2136
1128 2137
1632 2138
1678 2139
1108 2140
471 2141
286 2142
1091 2143
1215 2144
145 2145
579 2146
28 2147
842 2148
1424 2149
881 2150
1515 2151
2096 2152
951 2153
200 2154
888 2155
559 2156
341 2157
141 2158
273 2159
2104 2160
1747 2161
515 2162
983 2163
194 2164
1655 2165
1936 2166
1070 2167
1322 2168
1549 2169
1895 2170
277 2171
405 2172
1645 2173
1568 2174
745 2175
1633 2176
18 2177
376 2178
2141 2179
1254 2180
1278 2181
1560 2182
1142 2183
516 2184
1888 2185
1308 2186
837 2187
1437 2188
783 2189
551 2190
2016 2191
1517 2192
291 2193
385 2194
997 2195
1918 2196
1300 2197
765 2198
1531 2199
1986 2200
377 2201
1870 2202
1783 2203
1599 2204
1156 2205
378 2206
128 2207
2092 2208
353 2209
1799 2210
1032 2211
1304 2212
652 2213
1908 2214
1489 2215
504 2216
148 2217
2116 2218
37 2219
411 2220
900 2221
318 2222
1710 2223
283 2224
636 2225
1012 2226
1441 2227
1994 2228
2020 2229
1140 2230
1841 2231
436 2232
1892 2233
1975 2234
1213 2235
1543 2236
669 2237
2216 2238
1361 2239
499 2240
1216 2241
1221 2242
955 2243
747 2244
773 2245
703 2246
2135 2247
29 2248
2043 2249
2193 2250
1049 2251
1184 2252
1405 2253
1702 2254
1530 2255
742 2256
2083 2257
1793 2258
2178 2259
842 2260
271 2261
1054 2262
441 2263
132 2264
731 2265
1012 2266
1957 2267
495 2268
936 2269
1782 2270
1720 2271
303 2272
338 2273
861 2274
237 2275
736 2276
472 2277
1486 2278
894 2279
373 2280
1208 2281
471 2282
1102 2283
1570 2284
1854 2285
999 2286
2176 2287
2045 2288
1127 2289
2247 2290
1869 2291
689 2292
1621 2293
1422 2294
1748 2295
1130 2296
1287 2297
1437 2298
438 2299
2223 2300
1120 2301
1363 2302
1370 2303
185 2304
1344 2305
1163 2306
759 2307
1482 2308
680 2309
934 2310
1864 2311
13 2312
1393 2313
2003 2314
545 2315
564 2316
638 2317
1592 2318
64 2319
40 2320
1893 2321
2145 2322
307 2323
923 2324
168 2325
703 2326
1200 2327
2060 2328
1875 2329
817 2330
372 2331
1594 2332
1038 2333
2058 2334
197 2335
1339 2336
188 2337
1533 2338
349 2339
1827 2340
1882 2341
941 2342
468 2343
1777 2344
222 2345
93 2346
908 2347
452 2348
15 2349
822 2350
334 2351
2289 2352
1996 2353
550 2354
1489 2355
2168 2356
1144 2357
2332 2358
2303 2359
1616 2360
2295 2361
1188 2362
1713 2363
2070 2364
1651 2365
1492 2366
384 2367
339 2368
970 2369
1932 2370
1424 2371
261 2372
1307 2373
1345 2374
877 2375
950 2376
1464 2377
847 2378
935 2379
232 2380
1908 2381
958 2382
804 2383
931 2384
246 2385
1405 2386
1726 2387
1106 2388
535 2389
2145 2390
2078 2391
2203 2392
394 2393
1378 2394
745 2395
2302 2396
2245 2397
2363 2398
2028 2399
2198 2400
1545 2401
1361 2402
2090 2403
429 2404
1127 2405
724 2406
1381 2407
457 2408
1736 2409
661 2410
2321 2411
1369 2412
2067 2413
80 2414
780 2415
1568 2416
615 2417
1787 2418
1221 2419
397 2420
1804 2421
1216 2422
1140 2423
183 2424
879 2425
319 2426
1068 2427
1337 2428
1974 2429
208 2430
409 2431
640 2432
1944 2433
2201 2434
230 2435
664 2436
449 2437
963 2438
1535 2439
2379 2440
2403 2441
310 2442
246 2443
84 2444
2223 2445
1815 2446
805 2447
472 2448
1862 2449
1485 2450
1131 2451
1778 2452
2253 2453
1720 2454
1961 2455
1225 2456
1835 2457
276 2458
169 2459
1591 2460
69 2461
1161 2462
1648 2463
231 2464
1483 2465
635 2466
2179 2467
555 2468
901 2469
636 2470
2017 2471
2354 2472
1077 2473
2268 2474
581 2475
2039 2476
268 2477
945 2478
1415 2479
851 2480
2000 2481
188 2482
1635 2483
497 2484
2211 2485
269 2486
260 2487
2361 2488
1599 2489
1036 2490
1255 2491
549 2492
577 2493
388 2494
415 2495
686 2496
141 2497
1595 2498
835 2499
700 2500
454 2501
119 2502
1086 2503
1709 2504
104 2505
537 2506
1869 2507
1370 2508
1902 2509
2170 2510
2071 2511
761 2512
1435 2513
1181 2514
1206 2515
498 2516
1849 2517
295 2518
1908 2519
741 2520
14 2521
2098 2522
1024 2523
1056 2524
1565 2525
2469 2526
1285 2527
1899 2528
1501 2529
278 2530
295 2531
2228 2532
2196 2533
656 2534
77 2535
2130 2536
1647 2537
38 2538
2082 2539
1118 2540
501 2541
2305 2542
2322 2543
1419 2544
2412 2545
317 2546
2420 2547
608 2548
709 2549
2014 2550
871 2551
1838 2552
1610 2553
562 2554
421 2555
786 2556
1953 2557
1917 2558
2277 2559
2292 2560
2422 2561
1042 2562
118 2563
1898 2564
545 2565
1299 2566
774 2567
674 2568
2058 2569
2054 2570
428 2571
1940 2572
2571 2573
213 2574
2310 2575
311 2576
2001 2577
2132 2578
428 2579
1633 2580
348 2581
1821 2582
903 2583
957 2584
125 2585
2412 2586
275 2587
1101 2588
2474 2589
1102 2590
1419 2591
2142 2592
2399 2593
876 2594
403 2595
1010 2596
2469 2597
1365 2598
1559 2599
2411 2600
517 2601
2231 2602
294 2603
1170 2604
1897 2605
2548 2606
1706 2607
935 2608
2347 2609
2584 2610
1899 2611
2416 2612
58 2613
2256 2614
348 2615
1058 2616
998 2617
1948 2618
343 2619
2571 2620
205 2621
2362 2622
863 2623
1671 2624
1006 2625
977 2626
3 2627
1064 2628
1968 2629
2108 2630
2124 2631
2460 2632
263 2633
2616 2634
1131 2635
1374 2636
2321 2637
1686 2638
488 2639
2219 2640
2008 2641
462 2642
1239 2643
377 2644
2035 2645
293 2646
1262 2647
2371 2648
224 2649
741 2650
821 2651
786 2652
2006 2653
2475 2654
453 2655
1672 2656
1772 2657
2645 2658
2630 2659
2427 2660
985 2661
1666 2662
2600 2663
629 2664
2483 2665
874 2666
923 2667
1310 2668
128 2669
1081 2670
707 2671
611 2672
2404 2673
29 2674
905 2675
1505 2676
2228 2677
2475 2678
1528 2679
1918 2680
2388 2681
1966 2682
1437 2683
2275 2684
66 2685
338 2686
532 2687
1294 2688
1661 2689
2135 2690
551 2691
796 2692
885 2693
2372 2694
313 2695
1977 2696
276 2697
628 2698
2051 2699
2045 2700
2106 2701
1549 2702
1550 2703
2560 2704
921 2705
1606 2706
1417 2707
1897 2708
1241 2709
842 2710
570 2711
1563 2712
138 2713
1865 2714
1361 2715
1121 2716
1647 2717
1483 2718
383 2719
773 2720
2129 2721
1766 2722
1693 2723
274 2724
1737 2725
1935 2726
829 2727
2516 2728
702 2729
95 2730
1037 2731
2229 2732
2697 2733
598 2734
1090 2735
2528 2736
1733 2737
1759 2738
2434 2739
1399 2740
558 2741
874 2742
2454 2743
1479 2744
1244 2745
1221 2746
611 2747
1708 2748
205 2749
2603 2750
1834 2751
1863 2752
2402 2753
253 2754
1036 2755
2148 2756
40 2757
649 2758
804 2759
2398 2760
2425 2761
2224 2762
1466 2763
2624 2764
763 2765
2600 2766
82 2767
2041 2768
413 2769
2456 2770
243 2771
2571 2772
138 2773
2697 2774
614 2775
67 2776
555 2777
2645 2778
1260 2779
670 2780
1940 2781
1863 2782
2057 2783
1048 2784
361 2785
1356 2786
2650 2787
294 2788
1063 2789
2437 2790
718 2791
1053 2792
865 2793
114 2794
1069 2795
876 2796
2005 2797
1228 2798
1672 2799
621 2800
2168 2801
513 2802
2387 2803
1388 2804
2267 2805
784 2806
488 2807
1303 2808
586 2809
1812 2810
769 2811
648 2812
1983 2813
2239 2814
1616 2815
1747 2816
1003 2817
479 2818
1209 2819
178 2820
541 2821
1844 2822
1558 2823
2336 2824
453 2825
1947 2826
269 2827
372 2828
66 2829
2365 2830
692 2831
2322 2832
155 2833
1011 2834
2043 2835
2776 2836
173 2837
1258 2838
2352 2839
1209 2840
2332 2841
2638 2842
244 2843
1647 2844
470 2845
432 2846
16 2847
1923 2848
688 2849
745 2850
2485 2851
289 2852
1233 2853
2097 2854
2805 2855
2261 2856
1695 2857
559 2858
2631 2859
1133 2860
2370 2861
1053 2862
1094 2863
1476 2864
782 2865
2104 2866
2237 2867
1543 2868
613 2869
134 2870
1333 2871
999 2872
589 2873
1199 2874
2027 2875
2677 2876
875 2877
2318 2878
237 2879
415 2880
1314 2881
1465 2882
403 2883
1501 2884
1040 2885
857 2886
1291 2887
2193 2888
1920 2889
1222 2890
1802 2891
1833 2892
2541 2893
1663 2894
2056 2895
948 2896
833 2897
2344 2898
911 2899
2360 2900
1412 2901
857 2902
2809 2903
1751 2904
1756 2905
2271 2906
669 2907
1101 2908
2545 2909
823 2910
1747 2911
1050 2912
2572 2913
1602 2914
35 2915
2262 2916
2266 2917
2336 2918
2118 2919
2441 2920
2177 2921
758 2922
1158 2923
2292 2924
1570 2925
273 2926
2879 2927
2518 2928
1087 2929
1486 2930
42 2931
2511 2932
2773 2933
1088 2934
2613 2935
1789 2936
2603 2937
2336 2938
1660 2939
1205 2940
1518 2941
590 2942
1154 2943
65 2944
1107 2945
1868 2946
262 2947
2501 2948
2764 2949
636 2950
564 2951
1910 2952
2152 2953
200 2954
123 2955
2126 2956
1017 2957
2098 2958
1506 2959
450 2960
1081 2961
2726 2962
1109 2963
1128 2964
934 2965
743 2966
86 2967
1837 2968
2437 2969
2215 2970
62 2971
2346 2972
1896 2973
2405 2974
2178 2975
2069 2976
574 2977
1412 2978
1071 2979
1044 2980
464 2981
2250 2982
644 2983
357 2984
2922 2985
243 2986
1043 2987
1008 2988
1814 2989
2177 2990
571 2991
1942 2992
1167 2993
1751 2994
1220 2995
1776 2996
2930 2997
157 2998
1041 2999
721 3000
1488 3001
643 3002
1773 3003
2178 3004
1440 3005
903 3006
1244 3007
484 3008
1764 3009
1589 3010
2052 3011
771 3012
1872 3013
2056 3014
638 3015
2680 3016
1153 3017
79 3018
3012 3019
348 3020
592 3021
1083 3022
961 3023
1503 3024
154 3025
3025 3026
1673 3027
1497 3028
335 3029
377 3030
485 3031
2494 3032
2476 3033
1876 3034
1430 3035
1064 3036
1850 3037
2978 3038
186 3039
679 3040
1032 3041
1872 3042
806 3043
2355 3044
1716 3045
996 3046
1360 3047
1963 3048
1653 3049
2117 3050
861 3051
2370 3052
2679 3053
1456 3054
576 3055
769 3056
2856 3057
2420 3058
2151 3059
497 3060
2938 3061
2720 3062
1082 3063
1183 3064
1514 3065
2179 3066
246 3067
571 3068
1907 3069
391 3070
585 3071
2960 3072
1504 3073
2768 3074
2611 3075
1811 3076
1106 3077
293 3078
2405 3079
2876 3080
702 3081
1558 3082
1065 3083
568 3084
2349 3085
1023 3086
1643 3087
11 3088
193 3089
926 3090
1090 3091
42 3092
1133 3093
83 3094
1467 3095
1356 3096
2398 3097
1834 3098
2385 3099
2670 3100
761 3101
362 3102
2054 3103
42 3104
1963 3105
899 3106
821 3107
897 3108
722 3109
1515 3110
1084 3111
1642 3112
2243 3113
1327 3114
2831 3115
1494 3116
2010 3117
1984 3118
2779 3119
2223 3120
1873 3121
2521 3122
2224 3123
678 3124
688 3125
196 3126
82 3127
515 3128
792 3129
1722 3130
2748 3131
2567 3132
422 3133
2720 3134
2965 3135
1449 3136
1332 3137
67 3138
2327 3139
1601 3140
2029 3141
1051 3142
1861 3143
1888 3144
453 3145
368 3146
873 3147
3098 3148
727 3149
3148 3150
166 3151
663 3152
2433 3153
1261 3154
441 3155
274 3156
850 3157
2726 3158
1795 3159
1460 3160
726 3161
3065 3162
2267 3163
778 3164
956 3165
1279 3166
1071 3167
423 3168
1851 3169
2777 3170
2888 3171
36 3172
2612 3173
643 3174
2886 3175
2271 3176
837 3177
2472 3178
892 3179
642 3180
867 3181
2598 3182
2924 3183
1773 3184
1078 3185
2611 3186
1222 3187
673 3188
657 3189
134 3190
1120 3191
2166 3192
1797 3193
1746 3194
2849 3195
1094 3196
372 3197
3172 3198
2511 3199
437 3200
384 3201
2474 3202
556 3203
2525 3204
904 3205
1810 3206
516 3207
1605 3208
420 3209
2692 3210
3114 3211
779 3212
2211 3213
2516 3214
1791 3215
949 3216
2995 3217
2940 3218
339 3219
708 3220
439 3221
1774 3222
2071 3223
2272 3224
2993 3225
2146 3226
396 3227
1338 3228
2380 3229
2052 3230
470 3231
2236 3232
2037 3233
872 3234
868 3235
35 3236
743 3237
2029 3238
2609 3239
2042 3240
1552 3241
954 3242
2980 3243
1869 3244
1716 3245
934 3246
1503 3247
454 3248
1291 3249
2837 3250
930 3251
1206 3252
2455 3253
1326 3254
1690 3255
1454 3256
3061 3257
2469 3258
3032 3259
2188 3260
2784 3261
3060 3262
2756 3263
633 3264
2942 3265
396 3266
1161 3267
2528 3268
2707 3269
2193 3270
2583 3271
2174 3272
2328 3273
2200 3274
1623 3275
2631 3276
2199 3277
2616 3278
1457 3279
3174 3280
255 3281
2709 3282
1124 3283
3267 3284
1557 3285
759 3286
330 3287
1481 3288
162 3289
1250 3290
669 3291
1554 3292
2117 3293
2142 3294
32 3295
2765 3296
1603 3297
1188 3298
3014 3299
815 3300
1332 3301
3059 3302
3157 3303
1016 3304
362 3305
291 3306
790 3307
1898 3308
1763 3309
1899 3310
3243 3311
2986 3312
777 3313
2852 3314
4 3315
285 3316
1103 3317
1957 3318
1533 3319
1156 3320
19 3321
2815 3322
1882 3323
1151 3324
1424 3325
1075 3326
293 3327
1000 3328
1703 3329
1308 3330
776 3331
2562 3332
670 3333
2420 3334
2993 3335
763 3336
2378 3337
1259 3338
740 3339
3254 3340
1388 3341
2021 3342
2571 3343
1213 3344
2901 3345
1965 3346
2064 3347
1898 3348
1 3349
3168 3350
515 3351
2258 3352
2491 3353
1214 3354
1794 3355
2354 3356
2397 3357
3066 3358
401 3359
3184 3360
1651 3361
2479 3362
2690 3363
1479 3364
2544 3365
1495 3366
540 3367
2868 3368
2988 3369
2885 3370
994 3371
2623 3372
259 3373
2860 3374
2552 3375
283 3376
19 3377
1166 3378
1398 3379
2390 3380
1168 3381
716 3382
1195 3383
2680 3384
1519 3385
499 3386
1702 3387
17 3388
3330 3389
2535 3390
154 3391
106 3392
74 3393
758 3394
3108 3395
2515 3396
725 3397
1597 3398
324 3399
956 3400
426 3401
1835 3402
1849 3403
2473 3404
1525 3405
2315 3406
494 3407
1734 3408
2053 3409
3093 3410
2965 3411
3385 3412
338 3413
1342 3414
1117 3415
2411 3416
921 3417
745 3418
2198 3419
2353 3420
1104 3421
1152 3422
832 3423
2438 3424
1986 3425
2009 3426
1118 3427
102 3428
2194 3429
1385 3430
1157 3431
1620 3432
984 3433
2992 3434
3390 3435
2101 3436
3027 3437
3404 3438
1827 3439
1504 3440
1417 3441
693 3442
1643 3443
1729 3444
1328 3445
135 3446
2183 3447
351 3448
1481 3449
2010 3450
2605 3451
2428 3452
1770 3453
3414 3454
497 3455
2250 3456
460 3457
3298 3458
2356 3459
34 3460
347 3461
1980 3462
772 3463
2782 3464
644 3465
680 3466
1745 3467
2722 3468
691 3469
3274 3470
940 3471
2480 3472
2561 3473
1177 3474
2345 3475
1242 3476
2438 3477
1978 3478
1436 3479
2958 3480
1040 3481
2399 3482
2472 3483
312 3484
1803 3485
1275 3486
3236 3487
2978 3488
1672 3489
3416 3490
1284 3491
2740 3492
560 3493
883 3494
374 3495
3146 3496
2855 3497
151 3498
3030 3499
1851 3500
672 3501
1476 3502
2568 3503
3076 3504
3300 3505
3052 3506
1339 3507
1462 3508
2984 3509
207 3510
911 3511
818 3512
1501 3513
1729 3514
1204 3515
1342 3516
371 3517
2166 3518
1740 3519
1892 3520
3084 3521
3169 3522
931 3523
2880 3524
409 3525
3209 3526
1586 3527
1098 3528
2111 3529
1281 3530
1680 3531
1121 3532
2971 3533
2965 3534
384 3535
2962 3536
1479 3537
685 3538
2352 3539
1909 3540
2324 3541
2336 3542
1191 3543
842 3544
74 3545
2317 3546
1132 3547
1497 3548
2245 3549
1611 3550
2720 3551
288 3552
2807 3553
178 3554
2644 3555
18 3556
1781 3557
730 3558
469 3559
1174 3560
2867 3561
136 3562
614 3563
1087 3564
391 3565
1228 3566
1441 3567
1342 3568
3274 3569
209 3570
2430 3571
703 3572
1166 3573
1951 3574
1107 3575
3035 3576
1020 3577
586 3578
3203 3579
1342 3580
270 3581
2141 3582
1767 3583
1796 3584
2042 3585
920 3586
936 3587
333 3588
2350 3589
2028 3590
3180 3591
1756 3592
2679 3593
201 3594
1093 3595
1292 3596
2321 3597
1838 3598
1214 3599
2022 3600
3335 3601
2191 3602
380 3603
1056 3604
1563 3605
3360 3606
1635 3607
2887 3608
879 3609
722 3610
2470 3611
558 3612
1294 3613
735 3614
1874 3615
2896 3616
984 3617
3533 3618
1674 3619
2887 3620
1607 3621
1015 3622
2593 3623
2056 3624
1993 3625
1010 3626
3369 3627
96 3628
2359 3629
3573 3630
3273 3631
968 3632
3000 3633
1193 3634
2192 3635
428 3636
1010 3637
1346 3638
1343 3639
3095 3640
510 3641
3183 3642
2412 3643
314 3644
2166 3645
798 3646
3054 3647
1807 3648
2107 3649
859 3650
450 3651
841 3652
3397 3653
3015 3654
494 3655
1894 3656
2218 3657
1679 3658
2723 3659
1620 3660
2857 3661
3076 3662
801 3663
598 3664
3554 3665
862 3666
3641 3667
2215 3668
2173 3669
422 3670
489 3671
2131 3672
3317 3673
3042 3674
3229 3675
2184 3676
3174 3677
619 3678
3485 3679
1125 3680
664 3681
3560 3682
1922 3683
3036 3684
3418 3685
3444 3686
2422 3687
1518 3688
976 3689
1500 3690
3433 3691
3030 3692
2919 3693
246 3694
3151 3695
3119 3696
652 3697
2692 3698
401 3699
214 3700
2845 3701
556 3702
2928 3703
270 3704
2046 3705
2383 3706
2597 3707
1312 3708
1050 3709
2600 3710
3360 3711
3025 3712
1726 3713
2789 3714
1286 3715
1966 3716
793 3717
1048 3718
208 3719
1826 3720
364 3721
728 3722
1339 3723
1006 3724
827 3725
1771 3726
3145 3727
2581 3728
2038 3729
1588 3730
3452 3731
1267 3732
569 3733
3006 3734
575 3735
3414 3736
451 3737
2693 3738
3333 3739
827 3740
2539 3741
2216 3742
2712 3743
879 3744
1703 3745
3148 3746
2412 3747
3067 3748
1738 3749
2317 3750
195 3751
3471 3752
1037 3753
723 3754
600 3755
2958 3756
345 3757
1164 3758
2190 3759
2619 3760
681 3761
1033 3762
3453 3763
658 3764
2838 3765
2892 3766
3060 3767
742 3768
500 3769
1288 3770
3265 3771
1287 3772
2321 3773
2446 3774
1068 3775
2059 3776
3660 3777
2498 3778
2914 3779
725 3780
1930 3781
1218 3782
199 3783
3551 3784
1514 3785
2400 3786
2345 3787
3233 3788
1075 3789
999 3790
2210 3791
3236 3792
2194 3793
1760 3794
1050 3795
3792 3796
2155 3797
358 3798
2371 3799
3744 3800
2288 3801
3179 3802
678 3803
989 3804
2757 3805
3137 3806
3447 3807
2204 3808
285 3809
1747 3810
445 3811
2161 3812
419 3813
1943 3814
3108 3815
1302 3816
685 3817
2300 3818
1086 3819
1759 3820
3121 3821
2094 3822
3731 3823
2076 3824
303 3825
1715 3826
3513 3827
1809 3828
2180 3829
2194 3830
3737 3831
2835 3832
2378 3833
2374 3834
148 3835
2141 3836
2912 3837
318 3838
647 3839
3272 3840
1105 3841
2266 3842
2736 3843
3416 3844
3005 3845
2339 3846
1777 3847
574 3848
2135 3849
330 3850
2498 3851
2939 3852
2753 3853
3025 3854
781 3855
1262 3856
3364 3857
1418 3858
3627 3859
3008 3860
2796 3861
1836 3862
1943 3863
915 3864
1159 3865
507 3866
2749 3867
1067 3868
2300 3869
1457 3870
2004 3871
1864 3872
575 3873
1920 3874
1889 3875
1136 3876
2104 3877
1507 3878
2367 3879
1249 3880
794 3881
1341 3882
2708 3883
1871 3884
683 3885
2122 3886
2305 3887
2220 3888
37 3889
1450 3890
779 3891
1956 3892
2504 3893
309 3894
1952 3895
1415 3896
600 3897
3731 3898
2178 3899
3322 3900
1180 3901
372 3902
3074 3903
2061 3904
1313 3905
2133 3906
3794 3907
2737 3908
2510 3909
1831 3910
840 3911
539 3912
2995 3913
3283 3914
3558 3915
253 3916
3270 3917
1993 3918
2547 3919
2895 3920
2945 3921
2167 3922
1693 3923
2061 3924
2140 3925
880 3926
1850 3927
1541 3928
2925 3929
976 3930
587 3931
1816 3932
1094 3933
1169 3934
2592 3935
814 3936
3268 3937
502 3938
2515 3939
3181 3940
445 3941
3396 3942
1037 3943
1517 3944
3379 3945
3461 3946
2022 3947
2069 3948
1854 3949
44 3950
3439 3951
2020 3952
24 3953
1428 3954
1634 3955
2485 3956
3427 3957
3565 3958
2342 3959
2992 3960
3619 3961
1839 3962
89 3963
1657 3964
1458 3965
994 3966
2579 3967
540 3968
127 3969
2558 3970
402 3971
2499 3972
2698 3973
215 3974
2392 3975
1744 3976
3587 3977
3050 3978
1319 3979
1394 3980
478 3981
2053 3982
3189 3983
792 3984
3254 3985
2462 3986
1713 3987
3480 3988
960 3989
3736 3990
3886 3991
1564 3992
1682 3993
423 3994
2075 3995
2215 3996
2052 3997
1369 3998
3087 3999
1033 4000
2900 4001
122 4002
1825 4003
414 4004
1488 4005
2235 4006
626 4007
2872 4008
1328 4009
1589 4010
2113 4011
3916 4012
2170 4013
2090 4014
9 4015
1919 4016
3491 4017
338 4018
2397 4019
977 4020
1392 4021
1775 4022
157 4023
105 4024
3614 4025
2769 4026
1165 4027
908 4028
3717 4029
1079 4030
263 4031
3150 4032
3512 4033
3628 4034
3626 4035
2004 4036
1265 4037
1916 4038
1785 4039
3749 4040
805 4041
906 4042
3995 4043
3250 4044
530 4045
3069 4046
3912 4047
3792 4048
503 4049
2918 4050
395 4051
1941 4052
3526 4053
671 4054
2192 4055
324 4056
435 4057
1880 4058
168 4059
452 4060
2475 4061
1002 4062
1081 4063
1596 4064
2911 4065
3241 4066
3351 4067
1191 4068
3917 4069
214 4070
2346 4071
293 4072
3699 4073
3665 4074
1488 4075
4041 4076
1476 4077
725 4078
410 4079
3668 4080
3811 4081
3696 4082
1103 4083
2911 4084
928 4085
1262 4086
1747 4087
1034 4088
1899 4089
3860 4090
2291 4091
2256 4092
3879 4093
985 4094
3576 4095
559 4096
2432 4097
1159 4098
2091 4099
3031 4100
2820 4101
2895 4102
1778 4103
3576 4104
3573 4105
1624 4106
2608 4107
855 4108
2472 4109
2340 4110
1712 4111
1074 4112
1003 4113
1485 4114
1758 4115
3279 4116
102 4117
2238 4118
3205 4119
1188 4120
3717 4121
3826 4122
2633 4123
3694 4124
2408 4125
908 4126
1140 4127
1268 4128
1437 4129
2822 4130
1908 4131
399 4132
469 4133
2277 4134
1961 4135
3942 4136
3968 4137
3047 4138
2269 4139
1249 4140
1334 4141
1703 4142
2656 4143
2213 4144
2476 4145
2395 4146
2790 4147
1215 4148
757 4149
2852 4150
1752 4151
2874 4152
158 4153
2165 4154
2557 4155
213 4156
2647 4157
2698 4158
3651 4159
418 4160
2146 4161
2762 4162
756 4163
492 4164
548 4165
849 4166
48 4167
1482 4168
3647 4169
648 4170
2726 4171
719 4172
2878 4173
3810 4174
1907 4175
1188 4176
1539 4177
2409 4178
293 4179
3332 4180
1316 4181
1203 4182
266 4183
3044 4184
2210 4185
1655 4186
862 4187
3823 4188
749 4189
2631 4190
748 4191
992 4192
356 4193
953 4194
1965 4195
2879 4196
2771 4197
2599 4198
1351 4199
2745 4200
1003 4201
3053 4202
4077 4203
247 4204
2906 4205
2918 4206
2695 4207
2848 4208
3001 4209
2844 4210
3072 4211
384 4212
678 4213
884 4214
903 4215
3549 4216
2850 4217
3082 4218
1022 4219
703 4220
2999 4221
4025 4222
259 4223
3682 4224
2662 4225
1149 4226
550 4227
3601 4228
3217 4229
687 4230
1471 4231
2059 4232
2387 4233
3288 4234
2550 4235
1545 4236
3033 4237
3652 4238
1885 4239
3094 4240
732 4241
522 4242
2579 4243
2679 4244
905 4245
3678 4246
3178 4247
4187 4248
2411 4249
3358 4250
3465 4251
939 4252
3917 4253
3604 4254
2631 4255
1927 4256
2958 4257
1122 4258
4149 4259
2784 4260
2956 4261
4188 4262
1530 4263
2156 4264
3507 4265
1257 4266
3220 4267
409 4268
2442 4269
625 4270
3072 4271
3658 4272
398 4273
3019 4274
4026 4275
2168 4276
2454 4277
4138 4278
458 4279
2013 4280
3355 4281
2491 4282
119 4283
4015 4284
3578 4285
1702 4286
1282 4287
1432 4288
2351 4289
1450 4290
975 4291
3138 4292
1756 4293
260 4294
1237 4295
532 4296
1371 4297
401 4298
1586 4299
3657 4300
4215 4301
3321 4302
292 4303
1240 4304
1117 4305
4176 4306
3997 4307
3031 4308
3149 4309
547 4310
2751 4311
3185 4312
2715 4313
1329 4314
4112 4315
657 4316
977 4317
194 4318
3107 4319
1567 4320
1857 4321
13 4322
369 4323
982 4324
723 4325
3154 4326
884 4327
2471 4328
1638 4329
4044 4330
124 4331
10 4332
11 4333
1463 4334
965 4335
2660 4336
182 4337
595 4338
3706 4339
1845 4340
880 4341
3500 4342
833 4343
1495 4344
245 4345
1467 4346
3888 4347
1406 4348
3857 4349
258 4350
399 4351
2741 4352
1515 4353
4193 4354
3016 4355
3153 4356
1631 4357
2893 4358
413 4359
1224 4360
715 4361
1141 4362
3103 4363
974 4364
339 4365
2682 4366
2345 4367
3573 4368
1081 4369
1037 4370
2391 4371
1319 4372
2803 4373
3700 4374
1476 4375
1395 4376
1344 4377
2828 4378
2445 4379
3747 4380
2987 4381
3609 4382
1594 4383
2136 4384
1991 4385
2288 4386
3130 4387
1467 4388
2630 4389
1371 4390
2390 4391
460 4392
3105 4393
809 4394
856 4395
1100 4396
2433 4397
2178 4398
2378 4399
2382 4400
2569 4401
3434 4402
2895 4403
2498 4404
258 4405
843 4406
437 4407
3199 4408
1892 4409
355 4410
1926 4411
4207 4412
2132 4413
2747 4414
3000 4415
1907 4416
1458 4417
1244 4418
1188 4419
492 4420
993 4421
880 4422
2916 4423
1090 4424
2668 4425
2567 4426
2811 4427
4185 4428
1750 4429
1210 4430
2213 4431
4089 4432
572 4433
1680 4434
1489 4435
3642 4436
2017 4437
3382 4438
3684 4439
3888 4440
332 4441
1625 4442
2022 4443
52 4444
3054 4445
2248 4446
3315 4447
4437 4448
1245 4449
2004 4450
3819 4451
4203 4452
3345 4453
3270 4454
190 4455
3576 4456
2132 4457
2169 4458
2098 4459
669 4460
622 4461
1852 4462
1499 4463
839 4464
764 4465
3739 4466
1151 4467
1996 4468
3147 4469
3212 4470
3318 4471
2195 4472
773 4473
3488 4474
2085 4475
1748 4476
841 4477
2366 4478
2791 4479
1960 4480
2893 4481
3791 4482
2838 4483
3776 4484
3468 4485
1660 4486
4163 4487
1310 4488
3209 4489
1098 4490
962 4491
4165 4492
3126 4493
2557 4494
1642 4495
195 4496
703 4497
3730 4498
260 4499
3342 4500
354 4501
1522 4502
401 4503
1624 4504
2248 4505
24 4506
3340 4507
1010 4508
973 4509
530 4510
2128 4511
3645 4512
1377 4513
341 4514
3561 4515
573 4516
284 4517
1659 4518
637 4519
1542 4520
2024 4521
3672 4522
3903 4523
3348 4524
843 4525
2146 4526
3827 4527
1631 4528
2315 4529
3096 4530
4209 4531
3988 4532
1219 4533
3820 4534
524 4535
234 4536
2034 4537
2251 4538
1152 4539
1163 4540
3359 4541
2763 4542
2177 4543
2246 4544
4020 4545
568 4546
3615 4547
2780 4548
928 4549
347 4550
1061 4551
40 4552
2948 4553
575 4554
80 4555
3784 4556
915 4557
4404 4558
3320 4559
4131 4560
4284 4561
2046 4562
3444 4563
2931 4564
3902 4565
1282 4566
2597 4567
462 4568
1807 4569
899 4570
4233 4571
749 4572
1349 4573
2559 4574
1783 4575
253 4576
2920 4577
3291 4578
3090 4579
1808 4580
2630 4581
3083 4582
3252 4583
2258 4584
3944 4585
845 4586
4481 4587
1063 4588
254 4589
4039 4590
4108 4591
2730 4592
3403 4593
4002 4594
533 4595
3718 4596
339 4597
3922 4598
2283 4599
3227 4600
2814 4601
1291 4602
1156 4603
173 4604
584 4605
2342 4606
1741 4607
335 4608
1355 4609
4384 4610
1781 4611
1167 4612
2829 4613
582 4614
2904 4615
2583 4616
4595 4617
1475 4618
3172 4619
65 4620
3590 4621
2133 4622
707 4623
2500 4624
1169 4625
1554 4626
3092 4627
3268 4628
1320 4629
45 4630
4153 4631
659 4632
2327 4633
2267 4634
3598 4635
435 4636
1889 4637
3782 4638
2156 4639
3046 4640
1301 4641
3871 4642
2416 4643
3776 4644
2592 4645
3419 4646
1731 4647
2251 4648
376 4649
896 4650
1260 4651
532 4652
1807 4653
301 4654
1303 4655
37 4656
2405 4657
862 4658
4243 4659
1685 4660
2268 4661
3668 4662
3237 4663
613 4664
451 4665
1965 4666
70 4667
1982 4668
1135 4669
2872 4670
1998 4671
3377 4672
2858 4673
1137 4674
4461 4675
4503 4676
3269 4677
3593 4678
559 4679
887 4680
2257 4681
525 4682
1449 4683
1386 4684
3589 4685
2789 4686
1622 4687
3353 4688
485 4689
4441 4690
1130 4691
1396 4692
1719 4693
2518 4694
2830 4695
777 4696
306 4697
2831 4698
2474 4699
1179 4700
1915 4701
2240 4702
1354 4703
3650 4704
2278 4705
2334 4706
352 4707
859 4708
1927 4709
3975 4710
2579 4711
2767 4712
1774 4713
1063 4714
1957 4715
3176 4716
1452 4717
2423 4718
3876 4719
325 4720
513 4721
2436 4722
1607 4723
1865 4724
1799 4725
3361 4726
673 4727
3106 4728
128 4729
1647 4730
491 4731
2489 4732
3088 4733
3582 4734
2329 4735
252 4736
1864 4737
131 4738
3497 4739
2157 4740
3857 4741
1254 4742
2960 4743
2574 4744
3297 4745
4050 4746
1074 4747
4097 4748
4041 4749
2828 4750
3683 4751
1156 4752
2207 4753
2898 4754
4308 4755
2610 4756
2390 4757
409 4758
3729 4759
2567 4760
700 4761
2945 4762
4585 4763
2630 4764
4556 4765
563 4766
3238 4767
2060 4768
2328 4769
4609 4770
2114 4771
1477 4772
4742 4773
2978 4774
2948 4775
1754 4776
1578 4777
755 4778
2453 4779
787 4780
1937 4781
1908 4782
2510 4783
1482 4784
1020 4785
652 4786
4731 4787
1724 4788
641 4789
2718 4790
3568 4791
4680 4792
3002 4793
3755 4794
2509 4795
1744 4796
2545 4797
157 4798
3461 4799
2190 4800
1312 4801
2125 4802
975 4803
1114 4804
511 4805
920 4806
4258 4807
2626 4808
4192 4809
4776 4810
1233 4811
2625 4812
2723 4813
2250 4814
1707 4815
3892 4816
2842 4817
1764 4818
3650 4819
1049 4820
3434 4821
4566 4822
727 4823
389 4824
2910 4825
3467 4826
1830 4827
909 4828
2276 4829
4391 4830
1855 4831
3313 4832
992 4833
3207 4834
4719 4835
1263 4836
404 4837
2189 4838
922 4839
3340 4840
3883 4841
3188 4842
2141 4843
2135 4844
3972 4845
1065 4846
4213 4847
4377 4848
1868 4849
3891 4850
2834 4851
2289 4852
443 4853
2455 4854
4318 4855
1019 4856
1416 4857
4242 4858
916 4859
4702 4860
1204 4861
3054 4862
1002 4863
3179 4864
1240 4865
3944 4866
3024 4867
4278 4868
4641 4869
530 4870
3565 4871
660 4872
4573 4873
1485 4874
1167 4875
4662 4876
295 4877
2040 4878
4819 4879
1396 4880
4105 4881
428 4882
1753 4883
53 4884
751 4885
2384 4886
4540 4887
3741 4888
2881 4889
4082 4890
2753 4891
668 4892
1294 4893
4094 4894
2463 4895
2295 4896
1181 4897
3319 4898
2046 4899
2237 4900
98 4901
4603 4902
1694 4903
769 4904
2182 4905
3232 4906
2602 4907
1450 4908
3494 4909
2229 4910
2227 4911
4663 4912
737 4913
591 4914
4862 4915
2203 4916
3977 4917
1832 4918
1920 4919
1161 4920
2066 4921
3301 4922
4242 4923
729 4924
927 4925
293 4926
3393 4927
3340 4928
3091 4929
2855 4930
2814 4931
1079 4932
1199 4933
4457 4934
3322 4935
1389 4936
3383 4937
4911 4938
4229 4939
1550 4940
1656 4941
3689 4942
1157 4943
639 4944
4599 4945
4768 4946
3644 4947
1208 4948
3225 4949
3466 4950
4910 4951
1475 4952
1183 4953
4529 4954
3349 4955
3169 4956
3194 4957
2346 4958
2804 4959
2464 4960
2945 4961
2003 4962
434 4963
1991 4964
1931 4965
4186 4966
4523 4967
4004 4968
2733 4969
1845 4970
310 4971
4886 4972
2659 4973
703 4974
2479 4975
1966 4976
1314 4977
2536 4978
2083 4979
2909 4980
3014 4981
1258 4982
1018 4983
2657 4984
3452 4985
168 4986
2430 4987
445 4988
3310 4989
3075 4990
1934 4991
4345 4992
587 4993
4231 4994
2229 4995
173 4996
4132 4997
939 4998
1504 4999
2123 5000
