1 2
1 3
2 4
3 5
3 6
5 7
5 8
8 9
2 10
10 11
1 12
12 13
2 14
6 15
10 16
1 17
8 18
10 19
12 20
10 21
10 22
18 23
1 24
6 25
18 26
5 27
21 28
7 29
7 30
22 31
1 32
7 33
12 34
20 35
17 36
23 37
17 38
4 39
27 40
34 41
6 42
20 43
29 44
35 45
28 46
21 47
36 48
48 49
38 50
34 51
3 52
25 53
15 54
19 55
3 56
31 57
29 58
53 59
27 60
53 61
36 62
7 63
8 64
29 65
34 66
43 67
11 68
35 69
3 70
39 71
13 72
16 73
62 74
61 75
42 76
39 77
1 78
71 79
47 80
42 81
73 82
25 83
6 84
46 85
67 86
67 87
65 88
81 89
8 90
10 91
60 92
3 93
72 94
24 95
75 96
50 97
61 98
93 99
59 100
100 101
1 102
93 103
24 104
56 105
8 106
90 107
7 108
25 109
49 110
58 111
28 112
90 113
85 114
35 115
111 116
34 117
21 118
74 119
7 120
64 121
100 122
46 123
110 124
43 125
123 126
100 127
42 128
59 129
56 130
99 131
54 132
27 133
35 134
89 135
75 136
104 137
107 138
137 139
102 140
43 141
106 142
40 143
9 144
52 145
97 146
141 147
80 148
139 149
81 150
67 151
18 152
126 153
60 154
118 155
87 156
43 157
18 158
136 159
157 160
155 161
90 162
88 163
49 164
71 165
82 166
73 167
24 168
55 169
47 170
8 171
11 172
169 173
161 174
97 175
142 176
149 177
47 178
130 179
26 180
176 181
71 182
81 183
91 184
167 185
109 186
180 187
59 188
121 189
168 190
21 191
131 192
58 193
31 194
128 195
61 196
8 197
68 198
102 199
111 200
42 201
179 202
127 203
190 204
62 205
172 206
40 207
150 208
55 209
3 210
163 211
51 212
17 213
76 214
72 215
44 216
108 217
37 218
76 219
13 220
199 221
145 222
194 223
1 224
39 225
154 226
29 227
181 228
16 229
75 230
150 231
177 232
65 233
64 234
133 235
115 236
93 237
221 238
3 239
206 240
94 241
35 242
16 243
81 244
216 245
25 246
176 247
87 248
99 249
53 250
22 251
196 252
46 253
87 254
67 255
91 256
106 257
119 258
184 259
85 260
117 261
202 262
186 263
11 264
58 265
50 266
128 267
163 268
245 269
124 270
136 271
120 272
136 273
53 274
228 275
163 276
126 277
37 278
127 279
122 280
120 281
205 282
48 283
197 284
123 285
215 286
142 287
78 288
130 289
258 290
210 291
47 292
262 293
264 294
194 295
39 296
146 297
235 298
62 299
64 300
131 301
31 302
26 303
23 304
247 305
259 306
204 307
54 308
161 309
62 310
62 311
257 312
132 313
63 314
299 315
38 316
236 317
315 318
105 319
264 320
1 321
164 322
69 323
31 324
94 325
28 326
248 327
160 328
38 329
307 330
216 331
173 332
62 333
155 334
121 335
277 336
308 337
195 338
329 339
146 340
308 341
227 342
17 343
188 344
223 345
111 346
170 347
203 348
201 349
110 350
15 351
160 352
115 353
218 354
90 355
173 356
18 357
157 358
263 359
135 360
16 361
24 362
326 363
208 364
103 365
232 366
247 367
52 368
128 369
131 370
271 371
195 372
234 373
155 374
63 375
265 376
360 377
39 378
117 379
262 380
346 381
230 382
311 383
290 384
61 385
21 386
230 387
77 388
73 389
26 390
194 391
74 392
120 393
299 394
183 395
380 396
186 397
235 398
32 399
359 400
43 401
359 402
267 403
90 404
395 405
106 406
225 407
99 408
169 409
62 410
125 411
235 412
78 413
50 414
59 415
254 416
82 417
236 418
171 419
300 420
413 421
267 422
413 423
105 424
153 425
34 426
25 427
193 428
410 429
398 430
46 431
388 432
380 433
24 434
335 435
162 436
390 437
303 438
75 439
167 440
345 441
318 442
2 443
398 444
386 445
362 446
36 447
181 448
183 449
255 450
221 451
300 452
372 453
203 454
218 455
339 456
263 457
192 458
358 459
197 460
79 461
122 462
364 463
335 464
101 465
405 466
384 467
230 468
252 469
452 470
302 471
22 472
298 473
309 474
253 475
242 476
80 477
378 478
103 479
216 480
250 481
60 482
389 483
295 484
249 485
9 486
163 487
28 488
329 489
123 490
79 491
451 492
364 493
487 494
241 495
11 496
208 497
154 498
420 499
47 500
424 501
376 502
308 503
496 504
434 505
109 506
113 507
470 508
493 509
343 510
83 511
438 512
398 513
384 514
506 515
263 516
3 517
178 518
352 519
184 520
136 521
283 522
240 523
142 524
264 525
484 526
398 527
317 528
52 529
29 530
69 531
220 532
358 533
404 534
528 535
433 536
440 537
200 538
426 539
271 540
35 541
517 542
266 543
482 544
483 545
170 546
284 547
138 548
515 549
439 550
322 551
184 552
371 553
322 554
306 555
159 556
143 557
164 558
117 559
155 560
369 561
80 562
463 563
425 564
489 565
425 566
77 567
363 568
7 569
40 570
42 571
369 572
426 573
533 574
391 575
328 576
447 577
262 578
562 579
15 580
320 581
203 582
410 583
29 584
453 585
160 586
535 587
507 588
115 589
555 590
30 591
363 592
201 593
222 594
277 595
584 596
555 597
116 598
357 599
498 600
42 601
200 602
482 603
357 604
576 605
221 606
312 607
509 608
246 609
376 610
187 611
224 612
267 613
365 614
362 615
282 616
282 617
492 618
357 619
4 620
13 621
323 622
164 623
282 624
407 625
282 626
426 627
285 628
600 629
8 630
402 631
246 632
178 633
35 634
89 635
345 636
432 637
481 638
315 639
495 640
204 641
600 642
476 643
461 644
102 645
136 646
376 647
635 648
6 649
47 650
419 651
470 652
347 653
564 654
569 655
320 656
640 657
228 658
143 659
610 660
522 661
593 662
588 663
49 664
163 665
547 666
461 667
564 668
489 669
524 670
358 671
91 672
637 673
214 674
525 675
227 676
159 677
27 678
238 679
585 680
561 681
657 682
389 683
341 684
164 685
235 686
370 687
414 688
327 689
575 690
258 691
394 692
232 693
495 694
175 695
491 696
124 697
345 698
591 699
320 700
664 701
43 702
327 703
158 704
519 705
700 706
319 707
533 708
60 709
418 710
249 711
78 712
94 713
460 714
308 715
423 716
666 717
236 718
614 719
654 720
310 721
675 722
709 723
500 724
585 725
561 726
483 727
476 728
251 729
526 730
180 731
617 732
1 733
482 734
10 735
539 736
27 737
374 738
88 739
224 740
432 741
452 742
526 743
155 744
41 745
358 746
227 747
227 748
46 749
576 750
657 751
54 752
587 753
321 754
325 755
559 756
241 757
50 758
401 759
746 760
645 761
622 762
463 763
554 764
457 765
459 766
131 767
327 768
303 769
98 770
81 771
662 772
190 773
332 774
204 775
502 776
515 777
667 778
44 779
341 780
73 781
761 782
378 783
216 784
285 785
385 786
113 787
577 788
470 789
155 790
223 791
105 792
347 793
744 794
496 795
777 796
543 797
724 798
207 799
583 800
275 801
193 802
791 803
221 804
78 805
315 806
266 807
44 808
146 809
287 810
61 811
123 812
396 813
793 814
100 815
159 816
184 817
266 818
174 819
661 820
210 821
53 822
336 823
445 824
467 825
399 826
71 827
557 828
316 829
656 830
351 831
135 832
271 833
199 834
331 835
419 836
417 837
566 838
610 839
794 840
742 841
723 842
344 843
442 844
234 845
777 846
518 847
581 848
124 849
780 850
837 851
428 852
269 853
260 854
556 855
809 856
232 857
455 858
28 859
266 860
731 861
570 862
531 863
287 864
729 865
105 866
748 867
61 868
392 869
289 870
825 871
498 872
100 873
454 874
525 875
195 876
103 877
740 878
601 879
99 880
689 881
268 882
716 883
184 884
33 885
874 886
504 887
266 888
157 889
563 890
814 891
798 892
868 893
484 894
95 895
88 896
846 897
288 898
815 899
79 900
749 901
15 902
893 903
529 904
755 905
193 906
674 907
125 908
473 909
389 910
567 911
513 912
18 913
776 914
583 915
810 916
425 917
673 918
586 919
807 920
646 921
18 922
184 923
791 924
280 925
39 926
645 927
550 928
406 929
391 930
537 931
639 932
114 933
274 934
178 935
16 936
103 937
479 938
450 939
593 940
801 941
482 942
896 943
925 944
232 945
555 946
61 947
593 948
339 949
73 950
81 951
168 952
639 953
236 954
721 955
461 956
830 957
319 958
319 959
931 960
243 961
729 962
618 963
647 964
842 965
830 966
93 967
173 968
437 969
281 970
420 971
707 972
286 973
35 974
229 975
828 976
235 977
153 978
154 979
347 980
7 981
155 982
838 983
381 984
330 985
815 986
699 987
850 988
636 989
523 990
510 991
214 992
957 993
872 994
911 995
585 996
161 997
230 998
782 999
336 1000
811 1001
399 1002
856 1003
326 1004
481 1005
822 1006
174 1007
467 1008
954 1009
394 1010
678 1011
816 1012
553 1013
497 1014
551 1015
818 1016
851 1017
447 1018
263 1019
750 1020
158 1021
16 1022
688 1023
742 1024
170 1025
878 1026
313 1027
829 1028
399 1029
794 1030
966 1031
482 1032
151 1033
880 1034
897 1035
778 1036
216 1037
582 1038
822 1039
795 1040
894 1041
956 1042
241 1043
334 1044
626 1045
647 1046
899 1047
704 1048
274 1049
227 1050
1012 1051
953 1052
36 1053
200 1054
259 1055
29 1056
942 1057
439 1058
898 1059
551 1060
717 1061
342 1062
456 1063
85 1064
534 1065
17 1066
755 1067
407 1068
424 1069
635 1070
106 1071
33 1072
539 1073
875 1074
350 1075
17 1076
275 1077
429 1078
359 1079
348 1080
288 1081
116 1082
58 1083
759 1084
122 1085
514 1086
1068 1087
114 1088
13 1089
666 1090
411 1091
602 1092
686 1093
881 1094
315 1095
1049 1096
796 1097
790 1098
119 1099
461 1100
650 1101
780 1102
307 1103
284 1104
102 1105
1093 1106
857 1107
906 1108
624 1109
559 1110
910 1111
465 1112
172 1113
1034 1114
62 1115
920 1116
688 1117
783 1118
313 1119
891 1120
709 1121
369 1122
729 1123
616 1124
819 1125
900 1126
56 1127
361 1128
834 1129
842 1130
1129 1131
924 1132
983 1133
294 1134
308 1135
178 1136
197 1137
338 1138
916 1139
492 1140
110 1141
565 1142
883 1143
846 1144
524 1145
503 1146
769 1147
276 1148
21 1149
245 1150
403 1151
651 1152
147 1153
3 1154
190 1155
931 1156
191 1157
723 1158
505 1159
72 1160
528 1161
1109 1162
209 1163
511 1164
721 1165
865 1166
673 1167
512 1168
579 1169
327 1170
446 1171
331 1172
836 1173
885 1174
1167 1175
1125 1176
871 1177
624 1178
918 1179
530 1180
54 1181
630 1182
391 1183
1137 1184
1135 1185
905 1186
185 1187
386 1188
314 1189
583 1190
51 1191
1133 1192
406 1193
1176 1194
222 1195
6 1196
728 1197
189 1198
995 1199
398 1200
949 1201
654 1202
515 1203
235 1204
1121 1205
65 1206
866 1207
886 1208
541 1209
569 1210
955 1211
691 1212
1187 1213
974 1214
336 1215
371 1216
409 1217
274 1218
347 1219
423 1220
237 1221
1040 1222
390 1223
1028 1224
522 1225
1215 1226
832 1227
671 1228
312 1229
1215 1230
264 1231
1044 1232
491 1233
874 1234
853 1235
1073 1236
768 1237
1046 1238
309 1239
1104 1240
643 1241
572 1242
34 1243
1211 1244
567 1245
435 1246
770 1247
961 1248
684 1249
242 1250
612 1251
641 1252
796 1253
489 1254
841 1255
305 1256
896 1257
896 1258
843 1259
655 1260
1003 1261
373 1262
999 1263
581 1264
886 1265
1168 1266
928 1267
1109 1268
532 1269
280 1270
1217 1271
135 1272
947 1273
497 1274
20 1275
1 1276
498 1277
721 1278
95 1279
707 1280
172 1281
802 1282
1182 1283
1190 1284
1165 1285
405 1286
1134 1287
24 1288
371 1289
1114 1290
168 1291
1252 1292
544 1293
372 1294
112 1295
596 1296
294 1297
1172 1298
1291 1299
431 1300
457 1301
5 1302
1287 1303
49 1304
198 1305
110 1306
414 1307
632 1308
987 1309
588 1310
1285 1311
446 1312
876 1313
88 1314
706 1315
891 1316
799 1317
1173 1318
232 1319
624 1320
990 1321
612 1322
664 1323
626 1324
980 1325
684 1326
499 1327
1061 1328
846 1329
1191 1330
737 1331
680 1332
222 1333
105 1334
1012 1335
296 1336
23 1337
58 1338
37 1339
1011 1340
1010 1341
539 1342
1032 1343
680 1344
1155 1345
123 1346
707 1347
965 1348
214 1349
320 1350
103 1351
603 1352
140 1353
79 1354
290 1355
988 1356
902 1357
974 1358
372 1359
1131 1360
596 1361
375 1362
365 1363
1310 1364
698 1365
899 1366
44 1367
532 1368
1030 1369
546 1370
1034 1371
701 1372
853 1373
767 1374
1011 1375
1333 1376
978 1377
238 1378
605 1379
521 1380
705 1381
548 1382
1284 1383
570 1384
470 1385
616 1386
474 1387
584 1388
154 1389
48 1390
1195 1391
986 1392
731 1393
280 1394
44 1395
612 1396
708 1397
958 1398
622 1399
587 1400
939 1401
840 1402
875 1403
149 1404
769 1405
100 1406
701 1407
235 1408
542 1409
395 1410
676 1411
451 1412
60 1413
1038 1414
791 1415
820 1416
991 1417
568 1418
651 1419
113 1420
892 1421
1256 1422
385 1423
1238 1424
1372 1425
855 1426
397 1427
743 1428
72 1429
705 1430
230 1431
622 1432
1365 1433
898 1434
1139 1435
322 1436
1403 1437
471 1438
371 1439
127 1440
1276 1441
1007 1442
358 1443
1229 1444
647 1445
1209 1446
946 1447
189 1448
1196 1449
149 1450
1102 1451
662 1452
270 1453
110 1454
540 1455
308 1456
1243 1457
858 1458
1329 1459
877 1460
808 1461
1335 1462
306 1463
1276 1464
63 1465
1463 1466
642 1467
21 1468
972 1469
4 1470
679 1471
321 1472
1009 1473
66 1474
781 1475
599 1476
911 1477
52 1478
164 1479
926 1480
116 1481
368 1482
337 1483
937 1484
1342 1485
858 1486
845 1487
991 1488
816 1489
206 1490
877 1491
2 1492
450 1493
381 1494
1479 1495
892 1496
414 1497
1147 1498
560 1499
98 1500
1411 1501
763 1502
732 1503
1259 1504
1098 1505
578 1506
587 1507
1035 1508
1394 1509
380 1510
239 1511
82 1512
641 1513
295 1514
431 1515
365 1516
337 1517
961 1518
1357 1519
449 1520
1084 1521
365 1522
70 1523
788 1524
412 1525
1309 1526
27 1527
304 1528
1442 1529
1425 1530
1442 1531
261 1532
784 1533
155 1534
299 1535
1107 1536
1021 1537
955 1538
352 1539
691 1540
407 1541
698 1542
546 1543
352 1544
313 1545
1329 1546
645 1547
753 1548
214 1549
275 1550
206 1551
1152 1552
1355 1553
881 1554
345 1555
858 1556
407 1557
1221 1558
1039 1559
1498 1560
61 1561
819 1562
909 1563
1250 1564
1087 1565
1183 1566
486 1567
420 1568
1494 1569
287 1570
523 1571
1107 1572
598 1573
796 1574
1186 1575
1047 1576
1026 1577
1435 1578
509 1579
179 1580
772 1581
314 1582
784 1583
1147 1584
1142 1585
567 1586
383 1587
864 1588
586 1589
591 1590
1562 1591
1386 1592
827 1593
1452 1594
1306 1595
169 1596
176 1597
408 1598
1244 1599
913 1600
1134 1601
1120 1602
1583 1603
1193 1604
254 1605
372 1606
1002 1607
30 1608
368 1609
582 1610
74 1611
1297 1612
95 1613
896 1614
1149 1615
1487 1616
814 1617
1491 1618
799 1619
180 1620
466 1621
1200 1622
1129 1623
1052 1624
1240 1625
1070 1626
860 1627
496 1628
749 1629
1002 1630
1496 1631
1466 1632
116 1633
458 1634
1521 1635
205 1636
521 1637
375 1638
741 1639
647 1640
754 1641
754 1642
94 1643
1372 1644
430 1645
1291 1646
642 1647
1356 1648
609 1649
1338 1650
24 1651
1528 1652
644 1653
439 1654
479 1655
1021 1656
757 1657
1313 1658
929 1659
1414 1660
252 1661
1181 1662
281 1663
462 1664
962 1665
974 1666
1118 1667
166 1668
960 1669
303 1670
1118 1671
624 1672
1547 1673
68 1674
1339 1675
734 1676
1105 1677
1488 1678
1256 1679
580 1680
454 1681
1433 1682
1078 1683
73 1684
467 1685
80 1686
480 1687
1526 1688
1306 1689
1102 1690
379 1691
1522 1692
609 1693
1621 1694
395 1695
1678 1696
179 1697
785 1698
589 1699
477 1700
1412 1701
1391 1702
1347 1703
1071 1704
1241 1705
143 1706
1183 1707
1306 1708
1621 1709
718 1710
611 1711
1467 1712
1127 1713
1555 1714
1479 1715
783 1716
189 1717
1536 1718
341 1719
1359 1720
497 1721
710 1722
1501 1723
1120 1724
369 1725
690 1726
932 1727
1119 1728
1230 1729
1450 1730
1371 1731
1152 1732
1554 1733
887 1734
1688 1735
117 1736
384 1737
491 1738
1409 1739
1230 1740
1477 1741
1650 1742
459 1743
1494 1744
254 1745
694 1746
1596 1747
1572 1748
1350 1749
458 1750
605 1751
1516 1752
476 1753
1615 1754
206 1755
235 1756
740 1757
28 1758
831 1759
550 1760
665 1761
724 1762
774 1763
437 1764
539 1765
964 1766
282 1767
943 1768
994 1769
259 1770
1303 1771
788 1772
1559 1773
892 1774
1614 1775
165 1776
1662 1777
9 1778
1696 1779
1398 1780
1647 1781
1342 1782
941 1783
1423 1784
295 1785
250 1786
360 1787
1331 1788
877 1789
544 1790
1235 1791
1678 1792
1178 1793
994 1794
28 1795
1443 1796
389 1797
705 1798
509 1799
1119 1800
1212 1801
957 1802
538 1803
1026 1804
472 1805
1501 1806
41 1807
1671 1808
520 1809
82 1810
273 1811
314 1812
1299 1813
1345 1814
555 1815
368 1816
597 1817
1228 1818
1234 1819
332 1820
1420 1821
287 1822
1583 1823
1453 1824
1374 1825
880 1826
1422 1827
1499 1828
203 1829
1522 1830
859 1831
931 1832
1355 1833
1612 1834
1066 1835
845 1836
1583 1837
719 1838
1760 1839
1106 1840
323 1841
940 1842
515 1843
431 1844
969 1845
448 1846
1213 1847
1012 1848
919 1849
1660 1850
1550 1851
1527 1852
1389 1853
590 1854
1433 1855
1307 1856
1099 1857
1003 1858
330 1859
238 1860
300 1861
999 1862
245 1863
1381 1864
735 1865
1563 1866
416 1867
998 1868
378 1869
1696 1870
1688 1871
383 1872
863 1873
1375 1874
1600 1875
1776 1876
593 1877
1137 1878
1023 1879
1356 1880
65 1881
322 1882
1874 1883
1729 1884
1546 1885
1625 1886
963 1887
198 1888
1877 1889
1537 1890
184 1891
1741 1892
1538 1893
457 1894
476 1895
150 1896
96 1897
1658 1898
1379 1899
159 1900
1160 1901
1664 1902
1623 1903
587 1904
1762 1905
1155 1906
1166 1907
329 1908
254 1909
491 1910
1212 1911
857 1912
227 1913
551 1914
1130 1915
539 1916
1309 1917
1844 1918
565 1919
852 1920
1278 1921
46 1922
396 1923
1595 1924
1231 1925
1068 1926
1823 1927
262 1928
581 1929
923 1930
396 1931
1342 1932
976 1933
1052 1934
1009 1935
97 1936
1545 1937
263 1938
1013 1939
1461 1940
407 1941
301 1942
22 1943
1502 1944
525 1945
669 1946
1432 1947
746 1948
873 1949
1877 1950
1936 1951
1001 1952
1205 1953
582 1954
337 1955
803 1956
1691 1957
1454 1958
172 1959
922 1960
742 1961
160 1962
1769 1963
902 1964
1016 1965
245 1966
278 1967
1497 1968
1602 1969
779 1970
721 1971
1188 1972
1664 1973
227 1974
1303 1975
395 1976
869 1977
933 1978
542 1979
475 1980
1652 1981
576 1982
982 1983
525 1984
948 1985
75 1986
655 1987
166 1988
1773 1989
948 1990
347 1991
328 1992
563 1993
904 1994
584 1995
232 1996
655 1997
6 1998
19 1999
334 2000
911 2001
1143 2002
184 2003
1947 2004
1176 2005
22 2006
1669 2007
64 2008
1132 2009
1539 2010
1662 2011
1749 2012
909 2013
1878 2014
1512 2015
676 2016
34 2017
656 2018
464 2019
1248 2020
1782 2021
294 2022
1090 2023
398 2024
904 2025
1368 2026
747 2027
501 2028
1514 2029
237 2030
1654 2031
1144 2032
1917 2033
211 2034
44 2035
1558 2036
469 2037
1117 2038
1623 2039
1086 2040
73 2041
661 2042
1320 2043
1810 2044
1582 2045
1262 2046
263 2047
1661 2048
1266 2049
628 2050
2012 2051
1085 2052
627 2053
184 2054
1240 2055
2003 2056
418 2057
103 2058
1357 2059
29 2060
1624 2061
128 2062
656 2063
2040 2064
1989 2065
382 2066
2000 2067
1806 2068
412 2069
1672 2070
319 2071
1083 2072
1870 2073
2045 2074
1148 2075
622 2076
1875 2077
28 2078
34 2079
1377 2080
1621 2081
433 2082
71 2083
1927 2084
521 2085
25 2086
984 2087
1666 2088
1758 2089
1083 2090
978 2091
39 2092
473 2093
1256 2094
725 2095
402 2096
126 2097
1001 2098
1619 2099
1804 2100
1388 2101
244 2102
34 2103
233 2104
1293 2105
741 2106
629 2107
1015 2108
1931 2109
690 2110
1668 2111
1657 2112
1822 2113
1928 2114
74 2115
2004 2116
1613 2117
1941 2118
1012 2119
1813 2120
1735 2121
447 2122
101 2123
383 2124
1726 2125
103 2126
845 2127
1044 2128
1425 2129
226 2130
720 2131
957 2132
951 2133
827 2134
1700 2135
2015 2136
389 2137
1040 2138
1380 2139
1053 2140
155 2141
992 2142
1861 2143
43 2144
36 2145
434 2146
1002 2147
534 2148
431 2149
2126 2150
1332 2151
1758 2152
1882 2153
932 2154
471 2155
2034 2156
583 2157
490 2158
2119 2159
1107 2160
106 2161
848 2162
1177 2163
1208 2164
534 2165
131 2166
467 2167
774 2168
700 2169
170 2170
1400 2171
1354 2172
1755 2173
1991 2174
2033 2175
754 2176
713 2177
1219 2178
1559 2179
218 2180
1018 2181
1369 2182
1551 2183
1279 2184
1696 2185
1419 2186
1787 2187
810 2188
1321 2189
569 2190
1127 2191
318 2192
1740 2193
1227 2194
1743 2195
1674 2196
214 2197
699 2198
539 2199
92 2200
2064 2201
736 2202
429 2203
2087 2204
986 2205
845 2206
443 2207
342 2208
1085 2209
1423 2210
1976 2211
421 2212
939 2213
1278 2214
1454 2215
1900 2216
2000 2217
794 2218
1314 2219
964 2220
2172 2221
731 2222
853 2223
1003 2224
593 2225
581 2226
935 2227
371 2228
27 2229
1133 2230
227 2231
1097 2232
1944 2233
2012 2234
1715 2235
2156 2236
628 2237
643 2238
1151 2239
1192 2240
1445 2241
767 2242
2165 2243
1688 2244
1426 2245
503 2246
1285 2247
51 2248
423 2249
560 2250
564 2251
106 2252
1441 2253
1639 2254
1035 2255
502 2256
291 2257
344 2258
2144 2259
684 2260
2098 2261
1855 2262
875 2263
749 2264
1012 2265
1114 2266
1708 2267
365 2268
953 2269
1770 2270
1900 2271
906 2272
886 2273
372 2274
1608 2275
625 2276
935 2277
718 2278
1442 2279
1050 2280
1576 2281
726 2282
354 2283
77 2284
1542 2285
1060 2286
1406 2287
1353 2288
162 2289
2147 2290
272 2291
2283 2292
822 2293
1722 2294
832 2295
849 2296
190 2297
1557 2298
590 2299
549 2300
2191 2301
1879 2302
1883 2303
1118 2304
2065 2305
1535 2306
1324 2307
1203 2308
693 2309
713 2310
931 2311
732 2312
2147 2313
1690 2314
689 2315
1794 2316
1744 2317
103 2318
2248 2319
1000 2320
215 2321
691 2322
524 2323
2203 2324
742 2325
337 2326
526 2327
1898 2328
2269 2329
302 2330
576 2331
23 2332
1894 2333
1229 2334
531 2335
1874 2336
313 2337
509 2338
1304 2339
1661 2340
1586 2341
1674 2342
396 2343
1605 2344
2312 2345
2211 2346
1146 2347
643 2348
816 2349
1508 2350
405 2351
65 2352
522 2353
1661 2354
2166 2355
1213 2356
409 2357
349 2358
481 2359
1548 2360
1452 2361
2162 2362
1553 2363
780 2364
1856 2365
932 2366
1698 2367
2097 2368
315 2369
179 2370
465 2371
1929 2372
2096 2373
794 2374
1528 2375
269 2376
1422 2377
926 2378
123 2379
734 2380
1319 2381
2249 2382
1760 2383
767 2384
1707 2385
1614 2386
1366 2387
2051 2388
95 2389
132 2390
285 2391
1870 2392
1836 2393
2165 2394
1174 2395
2334 2396
743 2397
1299 2398
750 2399
735 2400
289 2401
47 2402
873 2403
1475 2404
323 2405
2176 2406
534 2407
2249 2408
27 2409
1144 2410
2275 2411
1169 2412
592 2413
2028 2414
408 2415
1927 2416
196 2417
1994 2418
631 2419
1831 2420
1725 2421
694 2422
736 2423
541 2424
2101 2425
992 2426
154 2427
888 2428
783 2429
1605 2430
2260 2431
274 2432
148 2433
531 2434
866 2435
1880 2436
1801 2437
335 2438
1984 2439
2064 2440
1087 2441
505 2442
603 2443
1247 2444
1492 2445
983 2446
1512 2447
709 2448
612 2449
1092 2450
1409 2451
840 2452
560 2453
2167 2454
372 2455
1619 2456
958 2457
1996 2458
2071 2459
2098 2460
208 2461
346 2462
2094 2463
1485 2464
292 2465
408 2466
232 2467
676 2468
989 2469
899 2470
784 2471
861 2472
901 2473
769 2474
137 2475
1631 2476
492 2477
1702 2478
609 2479
1310 2480
1262 2481
668 2482
1343 2483
1371 2484
1195 2485
343 2486
1094 2487
1413 2488
769 2489
1427 2490
227 2491
1154 2492
617 2493
80 2494
996 2495
244 2496
1738 2497
269 2498
2479 2499
2027 2500
2163 2501
527 2502
725 2503
1454 2504
1315 2505
325 2506
386 2507
2480 2508
139 2509
1222 2510
2388 2511
181 2512
281 2513
1146 2514
2286 2515
1518 2516
440 2517
2472 2518
546 2519
7 2520
298 2521
1427 2522
996 2523
1070 2524
1252 2525
1341 2526
628 2527
2192 2528
323 2529
223 2530
78 2531
772 2532
1339 2533
1571 2534
2074 2535
671 2536
233 2537
1548 2538
2319 2539
807 2540
1822 2541
2406 2542
1722 2543
1427 2544
1683 2545
1345 2546
298 2547
783 2548
97 2549
2413 2550
734 2551
2429 2552
2409 2553
1869 2554
492 2555
1329 2556
1169 2557
198 2558
677 2559
1554 2560
1863 2561
2345 2562
2523 2563
123 2564
1653 2565
2167 2566
1182 2567
195 2568
1757 2569
952 2570
2176 2571
2561 2572
1873 2573
548 2574
2018 2575
1029 2576
1240 2577
1866 2578
891 2579
135 2580
1856 2581
2295 2582
932 2583
1365 2584
77 2585
154 2586
146 2587
1684 2588
1271 2589
425 2590
729 2591
2485 2592
1517 2593
1991 2594
570 2595
2244 2596
2538 2597
884 2598
1352 2599
398 2600
103 2601
2500 2602
40 2603
1098 2604
367 2605
2239 2606
603 2607
1074 2608
367 2609
824 2610
2048 2611
1605 2612
1792 2613
2328 2614
1840 2615
1871 2616
1150 2617
988 2618
218 2619
311 2620
804 2621
1278 2622
1146 2623
1400 2624
2535 2625
580 2626
1352 2627
307 2628
2144 2629
1601 2630
180 2631
2450 2632
1672 2633
56 2634
1211 2635
2124 2636
2180 2637
1188 2638
658 2639
1420 2640
418 2641
2521 2642
2392 2643
1778 2644
865 2645
1471 2646
632 2647
650 2648
98 2649
762 2650
1927 2651
817 2652
1970 2653
1201 2654
1889 2655
2614 2656
2428 2657
1800 2658
1934 2659
2512 2660
765 2661
166 2662
1606 2663
93 2664
575 2665
413 2666
215 2667
1429 2668
2393 2669
1614 2670
1579 2671
1980 2672
1916 2673
409 2674
1143 2675
964 2676
2355 2677
1023 2678
2457 2679
1363 2680
2104 2681
489 2682
2396 2683
1645 2684
1453 2685
1515 2686
406 2687
201 2688
2370 2689
1285 2690
210 2691
2617 2692
1162 2693
190 2694
2084 2695
2311 2696
702 2697
1140 2698
1930 2699
2598 2700
1780 2701
1649 2702
2681 2703
1942 2704
1233 2705
1304 2706
981 2707
2632 2708
2212 2709
1343 2710
1800 2711
2514 2712
2128 2713
966 2714
588 2715
2058 2716
1328 2717
409 2718
2675 2719
2351 2720
2314 2721
491 2722
2384 2723
2155 2724
2250 2725
2206 2726
328 2727
2596 2728
195 2729
2417 2730
747 2731
2016 2732
1774 2733
281 2734
2233 2735
988 2736
2028 2737
1408 2738
2212 2739
473 2740
2033 2741
1711 2742
1268 2743
112 2744
59 2745
1320 2746
2480 2747
2493 2748
1745 2749
1831 2750
2552 2751
1212 2752
552 2753
52 2754
379 2755
152 2756
592 2757
43 2758
1041 2759
1744 2760
522 2761
606 2762
884 2763
1606 2764
1199 2765
1148 2766
1201 2767
1255 2768
719 2769
492 2770
2355 2771
1148 2772
2163 2773
1008 2774
2029 2775
2485 2776
2030 2777
2308 2778
99 2779
320 2780
1705 2781
709 2782
2195 2783
2143 2784
2342 2785
692 2786
2198 2787
286 2788
1075 2789
1527 2790
1988 2791
1154 2792
949 2793
1691 2794
2685 2795
2320 2796
2691 2797
2414 2798
159 2799
2716 2800
2661 2801
2678 2802
1571 2803
303 2804
1245 2805
132 2806
1224 2807
995 2808
2124 2809
959 2810
1782 2811
2442 2812
50 2813
2778 2814
24 2815
195 2816
1589 2817
1326 2818
2731 2819
408 2820
1722 2821
842 2822
1935 2823
1612 2824
916 2825
2110 2826
436 2827
573 2828
2026 2829
28 2830
94 2831
2649 2832
2230 2833
1808 2834
1959 2835
1398 2836
1335 2837
1553 2838
1921 2839
706 2840
1028 2841
2270 2842
933 2843
1584 2844
1322 2845
1655 2846
1632 2847
458 2848
1324 2849
1685 2850
242 2851
1652 2852
1441 2853
1491 2854
2154 2855
1754 2856
426 2857
1989 2858
1031 2859
2511 2860
393 2861
2856 2862
124 2863
1558 2864
189 2865
2703 2866
2781 2867
2587 2868
90 2869
794 2870
880 2871
2003 2872
311 2873
1324 2874
412 2875
2260 2876
1988 2877
1335 2878
1553 2879
1052 2880
1713 2881
1606 2882
2389 2883
1397 2884
2807 2885
1710 2886
1905 2887
2162 2888
1184 2889
969 2890
618 2891
1903 2892
1535 2893
914 2894
2410 2895
351 2896
561 2897
762 2898
216 2899
1862 2900
632 2901
1031 2902
1797 2903
2565 2904
2297 2905
2782 2906
243 2907
2332 2908
2811 2909
905 2910
1796 2911
1721 2912
1777 2913
1238 2914
1202 2915
2671 2916
377 2917
1206 2918
1860 2919
979 2920
1270 2921
1747 2922
2423 2923
2073 2924
282 2925
2549 2926
2553 2927
2421 2928
1306 2929
961 2930
1803 2931
2328 2932
672 2933
50 2934
2079 2935
542 2936
727 2937
797 2938
2613 2939
1679 2940
2572 2941
375 2942
511 2943
323 2944
2912 2945
461 2946
927 2947
2442 2948
2773 2949
2625 2950
2250 2951
944 2952
822 2953
1855 2954
1240 2955
2837 2956
1475 2957
631 2958
1591 2959
2739 2960
680 2961
2662 2962
217 2963
1533 2964
930 2965
145 2966
1971 2967
1433 2968
21 2969
1941 2970
1782 2971
2932 2972
2371 2973
2393 2974
869 2975
1117 2976
1897 2977
92 2978
2062 2979
608 2980
572 2981
2893 2982
2958 2983
2843 2984
2319 2985
686 2986
638 2987
2503 2988
291 2989
2973 2990
221 2991
225 2992
2632 2993
938 2994
1486 2995
1536 2996
28 2997
2090 2998
2930 2999
2875 3000
2597 3001
353 3002
2022 3003
428 3004
2555 3005
258 3006
66 3007
1865 3008
2960 3009
1027 3010
318 3011
1594 3012
1950 3013
3002 3014
1515 3015
2671 3016
2161 3017
719 3018
1542 3019
1370 3020
2428 3021
1586 3022
1921 3023
839 3024
844 3025
2264 3026
1919 3027
2835 3028
2325 3029
1188 3030
1256 3031
944 3032
1366 3033
2251 3034
2502 3035
781 3036
2672 3037
1625 3038
1968 3039
2423 3040
53 3041
3005 3042
1256 3043
1745 3044
2137 3045
2502 3046
2339 3047
2864 3048
1968 3049
1846 3050
718 3051
254 3052
787 3053
1400 3054
2686 3055
1028 3056
402 3057
1155 3058
160 3059
2333 3060
1559 3061
1451 3062
549 3063
1369 3064
2331 3065
2051 3066
830 3067
1864 3068
930 3069
527 3070
67 3071
3032 3072
1657 3073
585 3074
2631 3075
2962 3076
831 3077
390 3078
548 3079
1061 3080
1148 3081
1448 3082
754 3083
987 3084
802 3085
123 3086
2360 3087
2360 3088
1609 3089
235 3090
944 3091
1376 3092
2191 3093
2532 3094
824 3095
974 3096
82 3097
1717 3098
1779 3099
295 3100
2748 3101
2497 3102
1032 3103
192 3104
888 3105
843 3106
3049 3107
324 3108
1252 3109
1507 3110
317 3111
2474 3112
2696 3113
135 3114
1434 3115
3002 3116
1021 3117
870 3118
2005 3119
381 3120
3119 3121
2413 3122
80 3123
2790 3124
1751 3125
246 3126
2960 3127
1127 3128
1961 3129
1284 3130
245 3131
794 3132
906 3133
2987 3134
3053 3135
320 3136
1625 3137
908 3138
2410 3139
1214 3140
1457 3141
110 3142
1745 3143
2983 3144
2412 3145
1880 3146
2705 3147
536 3148
78 3149
695 3150
1085 3151
2744 3152
1284 3153
1314 3154
2869 3155
2487 3156
1241 3157
1310 3158
2909 3159
2702 3160
722 3161
718 3162
2825 3163
265 3164
342 3165
658 3166
861 3167
49 3168
146 3169
2912 3170
277 3171
2242 3172
1285 3173
2307 3174
312 3175
1158 3176
1881 3177
752 3178
24 3179
1640 3180
1872 3181
2497 3182
2495 3183
1726 3184
1529 3185
1996 3186
248 3187
2391 3188
1962 3189
1613 3190
1745 3191
93 3192
57 3193
2146 3194
1645 3195
397 3196
653 3197
622 3198
419 3199
426 3200
2089 3201
273 3202
2512 3203
3158 3204
1816 3205
2162 3206
2686 3207
764 3208
2481 3209
1307 3210
389 3211
1638 3212
943 3213
235 3214
887 3215
719 3216
2415 3217
2707 3218
530 3219
2193 3220
2860 3221
1905 3222
1919 3223
1019 3224
1262 3225
1423 3226
1181 3227
16 3228
296 3229
1985 3230
1997 3231
2530 3232
370 3233
1521 3234
1760 3235
583 3236
1653 3237
1125 3238
2150 3239
263 3240
1893 3241
3031 3242
3045 3243
1350 3244
2915 3245
2355 3246
525 3247
2720 3248
1031 3249
2515 3250
2322 3251
2326 3252
2541 3253
2967 3254
2303 3255
1794 3256
2625 3257
1536 3258
2162 3259
410 3260
162 3261
3167 3262
302 3263
324 3264
2739 3265
2809 3266
1666 3267
685 3268
1569 3269
989 3270
1992 3271
1820 3272
3076 3273
2781 3274
289 3275
212 3276
235 3277
1477 3278
2587 3279
2703 3280
879 3281
1426 3282
408 3283
128 3284
1944 3285
2006 3286
1253 3287
1265 3288
1133 3289
2504 3290
22 3291
2796 3292
829 3293
1130 3294
482 3295
143 3296
2115 3297
1891 3298
196 3299
2554 3300
575 3301
3283 3302
1403 3303
2281 3304
119 3305
1910 3306
1403 3307
2420 3308
2955 3309
504 3310
2235 3311
1770 3312
858 3313
2459 3314
2988 3315
3310 3316
1213 3317
13 3318
797 3319
613 3320
51 3321
2279 3322
2118 3323
2379 3324
2525 3325
1374 3326
1087 3327
966 3328
2659 3329
568 3330
3281 3331
1487 3332
68 3333
1487 3334
1817 3335
1727 3336
856 3337
249 3338
330 3339
1897 3340
76 3341
1660 3342
2884 3343
1954 3344
173 3345
900 3346
2521 3347
3220 3348
72 3349
2899 3350
3059 3351
1979 3352
1655 3353
927 3354
2643 3355
3287 3356
1468 3357
1228 3358
762 3359
3063 3360
1210 3361
2196 3362
2666 3363
223 3364
634 3365
1949 3366
3260 3367
2328 3368
1546 3369
502 3370
2613 3371
688 3372
2637 3373
2937 3374
1898 3375
294 3376
722 3377
994 3378
2904 3379
1713 3380
2317 3381
2426 3382
184 3383
2626 3384
1151 3385
1800 3386
1333 3387
3096 3388
2563 3389
2621 3390
1575 3391
415 3392
2870 3393
2161 3394
1314 3395
1653 3396
500 3397
2433 3398
1110 3399
1347 3400
1545 3401
2555 3402
245 3403
2986 3404
1470 3405
2862 3406
507 3407
3094 3408
506 3409
1777 3410
383 3411
846 3412
1859 3413
1217 3414
833 3415
711 3416
226 3417
841 3418
542 3419
685 3420
86 3421
1951 3422
1634 3423
928 3424
622 3425
2704 3426
281 3427
3121 3428
2486 3429
1365 3430
1848 3431
641 3432
3152 3433
984 3434
2614 3435
1738 3436
1024 3437
1390 3438
3224 3439
2441 3440
2926 3441
2317 3442
3419 3443
2587 3444
1818 3445
2646 3446
17 3447
845 3448
2572 3449
2745 3450
1126 3451
3386 3452
55 3453
3184 3454
3352 3455
376 3456
2574 3457
2643 3458
823 3459
2092 3460
1596 3461
2401 3462
2630 3463
2754 3464
509 3465
1144 3466
2399 3467
446 3468
224 3469
203 3470
1858 3471
174 3472
925 3473
2324 3474
843 3475
3314 3476
2517 3477
351 3478
3024 3479
2025 3480
119 3481
2710 3482
1104 3483
3212 3484
1399 3485
458 3486
3236 3487
2208 3488
763 3489
1838 3490
1830 3491
2966 3492
2054 3493
44 3494
2012 3495
1033 3496
1634 3497
971 3498
1252 3499
702 3500
1184 3501
643 3502
1351 3503
2880 3504
2752 3505
3255 3506
2875 3507
728 3508
3166 3509
2836 3510
2503 3511
2470 3512
2828 3513
2398 3514
1643 3515
2729 3516
64 3517
2029 3518
3246 3519
1872 3520
2357 3521
3455 3522
531 3523
2804 3524
801 3525
1158 3526
1363 3527
400 3528
1559 3529
3133 3530
180 3531
376 3532
370 3533
1767 3534
2586 3535
2575 3536
1506 3537
1529 3538
3447 3539
3303 3540
1251 3541
2967 3542
2991 3543
2991 3544
3170 3545
1517 3546
397 3547
2031 3548
500 3549
3376 3550
2956 3551
356 3552
2799 3553
994 3554
3363 3555
1378 3556
738 3557
727 3558
3507 3559
1752 3560
2961 3561
2986 3562
3308 3563
2413 3564
581 3565
1815 3566
2524 3567
1500 3568
271 3569
3066 3570
1681 3571
764 3572
367 3573
250 3574
121 3575
1068 3576
1269 3577
3092 3578
1318 3579
2859 3580
454 3581
1448 3582
394 3583
1814 3584
2256 3585
108 3586
2770 3587
2653 3588
3507 3589
3436 3590
322 3591
567 3592
1857 3593
1500 3594
1499 3595
490 3596
3133 3597
1205 3598
1924 3599
2554 3600
67 3601
692 3602
567 3603
292 3604
1954 3605
3128 3606
646 3607
2049 3608
2852 3609
2810 3610
2831 3611
2491 3612
1143 3613
261 3614
2098 3615
1516 3616
3344 3617
1992 3618
1051 3619
418 3620
2597 3621
2981 3622
1954 3623
1729 3624
538 3625
2728 3626
998 3627
899 3628
2176 3629
979 3630
3158 3631
2458 3632
1260 3633
2068 3634
1036 3635
3334 3636
90 3637
2292 3638
484 3639
3552 3640
96 3641
2560 3642
1732 3643
1209 3644
2695 3645
1662 3646
624 3647
2857 3648
239 3649
2551 3650
724 3651
781 3652
1116 3653
2075 3654
2580 3655
1040 3656
2829 3657
1845 3658
2277 3659
1167 3660
1426 3661
2958 3662
3456 3663
3149 3664
57 3665
1426 3666
647 3667
3423 3668
876 3669
2974 3670
1703 3671
3350 3672
1699 3673
2979 3674
3341 3675
1563 3676
488 3677
1947 3678
1907 3679
2413 3680
2243 3681
1266 3682
1734 3683
3318 3684
533 3685
2385 3686
2799 3687
144 3688
2126 3689
3045 3690
1661 3691
1588 3692
162 3693
2255 3694
2645 3695
3013 3696
1816 3697
1882 3698
3671 3699
1819 3700
2472 3701
3172 3702
477 3703
2016 3704
1127 3705
2145 3706
1870 3707
890 3708
69 3709
1763 3710
924 3711
1765 3712
1779 3713
1355 3714
2689 3715
2021 3716
2827 3717
3676 3718
2560 3719
1694 3720
807 3721
3702 3722
950 3723
1902 3724
708 3725
477 3726
1989 3727
1802 3728
3171 3729
515 3730
387 3731
406 3732
3700 3733
2595 3734
937 3735
2447 3736
2608 3737
3477 3738
654 3739
3311 3740
1203 3741
52 3742
3220 3743
3334 3744
83 3745
2097 3746
1792 3747
641 3748
1369 3749
386 3750
708 3751
1080 3752
1830 3753
2448 3754
731 3755
944 3756
2064 3757
1262 3758
61 3759
290 3760
1577 3761
3735 3762
457 3763
1884 3764
2788 3765
1053 3766
2412 3767
3021 3768
792 3769
2928 3770
2515 3771
94 3772
1869 3773
1038 3774
1306 3775
3361 3776
2013 3777
2549 3778
26 3779
3754 3780
1971 3781
1313 3782
2194 3783
3299 3784
3718 3785
1956 3786
2611 3787
3165 3788
1975 3789
1574 3790
1739 3791
1129 3792
1193 3793
2921 3794
1043 3795
3404 3796
1189 3797
2523 3798
2525 3799
255 3800
254 3801
1793 3802
638 3803
1058 3804
393 3805
540 3806
1571 3807
1428 3808
85 3809
3214 3810
3524 3811
2450 3812
3154 3813
1683 3814
3285 3815
2869 3816
438 3817
1287 3818
623 3819
3123 3820
463 3821
601 3822
1295 3823
213 3824
3550 3825
3264 3826
2996 3827
3367 3828
172 3829
1648 3830
1580 3831
2239 3832
3419 3833
874 3834
469 3835
1284 3836
536 3837
2767 3838
2600 3839
2268 3840
2807 3841
3428 3842
3034 3843
3446 3844
1179 3845
45 3846
1909 3847
4 3848
3784 3849
217 3850
641 3851
2314 3852
3149 3853
1863 3854
2693 3855
3811 3856
355 3857
1659 3858
2500 3859
716 3860
540 3861
2984 3862
2531 3863
2071 3864
262 3865
1925 3866
1264 3867
1114 3868
3109 3869
1630 3870
2601 3871
702 3872
2538 3873
3633 3874
2955 3875
213 3876
3432 3877
2156 3878
1947 3879
3799 3880
993 3881
3306 3882
2170 3883
1239 3884
2096 3885
546 3886
768 3887
1454 3888
3824 3889
1045 3890
1973 3891
940 3892
2796 3893
2445 3894
3316 3895
3346 3896
2583 3897
3305 3898
1144 3899
487 3900
866 3901
3724 3902
2888 3903
1215 3904
3126 3905
2682 3906
1794 3907
2878 3908
1881 3909
1236 3910
1002 3911
3046 3912
2959 3913
1939 3914
2797 3915
3191 3916
1614 3917
317 3918
2095 3919
3126 3920
473 3921
3822 3922
1213 3923
1808 3924
1743 3925
1225 3926
724 3927
1803 3928
3051 3929
3794 3930
3607 3931
3846 3932
3317 3933
2138 3934
1667 3935
1737 3936
3917 3937
62 3938
3689 3939
1816 3940
290 3941
649 3942
720 3943
2300 3944
2384 3945
3174 3946
1044 3947
3572 3948
3468 3949
3310 3950
1665 3951
3124 3952
3637 3953
2671 3954
301 3955
2456 3956
391 3957
470 3958
1282 3959
3430 3960
1098 3961
3370 3962
499 3963
2505 3964
3412 3965
3274 3966
2169 3967
1303 3968
3921 3969
2001 3970
61 3971
1071 3972
1966 3973
2812 3974
255 3975
625 3976
1208 3977
2843 3978
2082 3979
3669 3980
2651 3981
2295 3982
3289 3983
1362 3984
2288 3985
1289 3986
2324 3987
480 3988
2702 3989
2918 3990
2121 3991
3164 3992
195 3993
2100 3994
2256 3995
2408 3996
190 3997
2576 3998
1276 3999
2003 4000
1730 4001
2504 4002
1853 4003
474 4004
1655 4005
637 4006
931 4007
3074 4008
3167 4009
2703 4010
1181 4011
492 4012
1554 4013
299 4014
3300 4015
158 4016
1285 4017
1553 4018
2313 4019
3517 4020
3903 4021
3881 4022
3290 4023
3584 4024
1624 4025
1781 4026
3483 4027
2866 4028
1274 4029
517 4030
1634 4031
2781 4032
198 4033
3281 4034
3907 4035
2243 4036
193 4037
3508 4038
3727 4039
370 4040
2989 4041
3416 4042
1639 4043
1293 4044
3731 4045
1345 4046
817 4047
3607 4048
1516 4049
3861 4050
3828 4051
3778 4052
2839 4053
2613 4054
324 4055
2382 4056
415 4057
304 4058
3114 4059
3590 4060
703 4061
1169 4062
1380 4063
3760 4064
1631 4065
1679 4066
1923 4067
2062 4068
129 4069
2806 4070
1890 4071
2188 4072
1267 4073
1472 4074
2876 4075
668 4076
668 4077
1676 4078
2820 4079
2863 4080
3182 4081
1782 4082
1819 4083
965 4084
921 4085
4015 4086
35 4087
1371 4088
3207 4089
921 4090
1233 4091
1248 4092
1926 4093
855 4094
1998 4095
3086 4096
2985 4097
3772 4098
977 4099
1443 4100
398 4101
2591 4102
2551 4103
2376 4104
2175 4105
3766 4106
850 4107
2225 4108
341 4109
3199 4110
855 4111
630 4112
383 4113
1085 4114
2723 4115
281 4116
3573 4117
314 4118
2122 4119
2000 4120
1205 4121
2032 4122
3326 4123
3606 4124
2536 4125
2991 4126
625 4127
2010 4128
1453 4129
191 4130
438 4131
1741 4132
593 4133
357 4134
95 4135
796 4136
3059 4137
11 4138
1079 4139
2355 4140
459 4141
2934 4142
2968 4143
1667 4144
1038 4145
674 4146
520 4147
3020 4148
3906 4149
896 4150
1828 4151
768 4152
82 4153
3846 4154
913 4155
2063 4156
1219 4157
3588 4158
2498 4159
3355 4160
329 4161
1369 4162
3799 4163
3580 4164
2992 4165
1736 4166
3726 4167
611 4168
418 4169
2373 4170
2900 4171
695 4172
896 4173
2710 4174
2244 4175
3260 4176
1095 4177
843 4178
3144 4179
825 4180
2008 4181
2285 4182
3430 4183
547 4184
3269 4185
1131 4186
783 4187
49 4188
4034 4189
2871 4190
1633 4191
1290 4192
3727 4193
1996 4194
1601 4195
1503 4196
52 4197
2339 4198
2286 4199
2146 4200
2137 4201
3937 4202
164 4203
1475 4204
1529 4205
2012 4206
1994 4207
1185 4208
2214 4209
2101 4210
1253 4211
568 4212
1426 4213
1352 4214
88 4215
1748 4216
879 4217
1907 4218
3150 4219
3427 4220
117 4221
3845 4222
1136 4223
1458 4224
1432 4225
2473 4226
3585 4227
480 4228
4164 4229
568 4230
3533 4231
2226 4232
2193 4233
1313 4234
2774 4235
3814 4236
974 4237
1375 4238
3979 4239
2103 4240
2890 4241
535 4242
2284 4243
1087 4244
1935 4245
2512 4246
648 4247
740 4248
2669 4249
2458 4250
2254 4251
1826 4252
3921 4253
1142 4254
8 4255
1124 4256
1299 4257
2028 4258
3006 4259
4116 4260
2049 4261
3066 4262
3499 4263
2444 4264
1053 4265
1951 4266
3119 4267
3294 4268
1589 4269
3046 4270
218 4271
3575 4272
129 4273
1063 4274
2569 4275
3822 4276
4137 4277
2062 4278
3386 4279
812 4280
872 4281
2585 4282
222 4283
969 4284
2433 4285
3569 4286
1878 4287
467 4288
934 4289
2186 4290
2865 4291
128 4292
2735 4293
485 4294
3577 4295
2228 4296
4067 4297
3426 4298
2197 4299
1203 4300
1820 4301
1281 4302
3460 4303
3681 4304
4104 4305
1590 4306
1529 4307
3602 4308
4201 4309
1484 4310
2287 4311
2328 4312
4297 4313
4217 4314
447 4315
3605 4316
1546 4317
1628 4318
2941 4319
278 4320
2498 4321
4318 4322
1639 4323
1812 4324
1506 4325
1181 4326
2465 4327
436 4328
1485 4329
4300 4330
1030 4331
3878 4332
3297 4333
2430 4334
2911 4335
1340 4336
1952 4337
2800 4338
2729 4339
820 4340
1906 4341
265 4342
3187 4343
1412 4344
549 4345
1774 4346
2090 4347
3236 4348
1560 4349
2539 4350
2383 4351
2126 4352
4030 4353
3240 4354
253 4355
650 4356
4242 4357
558 4358
3218 4359
1035 4360
2610 4361
1086 4362
4008 4363
1586 4364
2143 4365
3153 4366
785 4367
2839 4368
1539 4369
4149 4370
430 4371
556 4372
2859 4373
930 4374
657 4375
562 4376
2824 4377
2462 4378
2995 4379
2877 4380
179 4381
2423 4382
2307 4383
308 4384
913 4385
1374 4386
816 4387
4021 4388
3155 4389
2248 4390
445 4391
3075 4392
3919 4393
2310 4394
156 4395
2135 4396
468 4397
2418 4398
887 4399
1063 4400
4380 4401
4098 4402
802 4403
1515 4404
3301 4405
798 4406
1676 4407
190 4408
4210 4409
697 4410
2 4411
2635 4412
2343 4413
2651 4414
1853 4415
3766 4416
909 4417
3339 4418
335 4419
4083 4420
1433 4421
1342 4422
244 4423
1274 4424
4382 4425
3135 4426
1167 4427
4319 4428
1082 4429
2470 4430
1121 4431
1928 4432
1242 4433
3881 4434
3215 4435
4137 4436
3264 4437
3127 4438
206 4439
2259 4440
2688 4441
2756 4442
250 4443
2472 4444
2294 4445
3684 4446
237 4447
3482 4448
2040 4449
364 4450
2343 4451
457 4452
3844 4453
2660 4454
2160 4455
703 4456
780 4457
2700 4458
345 4459
4085 4460
19 4461
1537 4462
2901 4463
4301 4464
475 4465
1857 4466
2128 4467
408 4468
1835 4469
2101 4470
1011 4471
4222 4472
3969 4473
3071 4474
3016 4475
1271 4476
132 4477
245 4478
2433 4479
2756 4480
1551 4481
2119 4482
3950 4483
790 4484
1119 4485
2239 4486
398 4487
4423 4488
1240 4489
2640 4490
2943 4491
1034 4492
1704 4493
1416 4494
1941 4495
2122 4496
486 4497
2819 4498
1910 4499
2323 4500
669 4501
2591 4502
1709 4503
633 4504
196 4505
182 4506
2280 4507
3003 4508
287 4509
964 4510
1409 4511
1091 4512
2557 4513
3457 4514
1802 4515
528 4516
3215 4517
3982 4518
1186 4519
1218 4520
1979 4521
4355 4522
1981 4523
2839 4524
3506 4525
3335 4526
2563 4527
3834 4528
2939 4529
2011 4530
2055 4531
3390 4532
1129 4533
3356 4534
4003 4535
2854 4536
1222 4537
3350 4538
3337 4539
1845 4540
3084 4541
4105 4542
2471 4543
3066 4544
3811 4545
4018 4546
570 4547
1525 4548
1083 4549
1284 4550
1517 4551
934 4552
536 4553
459 4554
1189 4555
4226 4556
1267 4557
2982 4558
1484 4559
3374 4560
262 4561
2106 4562
1237 4563
2320 4564
2248 4565
2341 4566
4177 4567
3964 4568
978 4569
2191 4570
2371 4571
2294 4572
2858 4573
4438 4574
4286 4575
1327 4576
4057 4577
4393 4578
1534 4579
3283 4580
1347 4581
3404 4582
1121 4583
2180 4584
4081 4585
3113 4586
2407 4587
772 4588
868 4589
2024 4590
2584 4591
241 4592
741 4593
1889 4594
2749 4595
64 4596
4191 4597
1802 4598
4337 4599
4180 4600
3719 4601
4393 4602
4261 4603
266 4604
1066 4605
283 4606
1954 4607
3928 4608
2361 4609
2491 4610
1754 4611
744 4612
3720 4613
2281 4614
427 4615
1978 4616
2327 4617
3343 4618
906 4619
4126 4620
2041 4621
2704 4622
1186 4623
805 4624
4388 4625
1165 4626
2004 4627
412 4628
1196 4629
4500 4630
4543 4631
2326 4632
4155 4633
3124 4634
3705 4635
4450 4636
2695 4637
4394 4638
3509 4639
788 4640
4478 4641
556 4642
2668 4643
598 4644
2937 4645
1397 4646
3308 4647
105 4648
220 4649
3169 4650
2702 4651
3020 4652
3087 4653
749 4654
2688 4655
3538 4656
4079 4657
4231 4658
541 4659
2334 4660
4597 4661
3843 4662
1370 4663
3076 4664
3178 4665
2695 4666
678 4667
3788 4668
2778 4669
1628 4670
1410 4671
1562 4672
1131 4673
1536 4674
4007 4675
579 4676
1872 4677
2291 4678
3517 4679
2978 4680
3531 4681
526 4682
2250 4683
315 4684
2217 4685
415 4686
1726 4687
3327 4688
29 4689
2103 4690
1242 4691
2166 4692
3929 4693
3281 4694
3643 4695
1297 4696
2690 4697
336 4698
4094 4699
821 4700
130 4701
4387 4702
2374 4703
2691 4704
3409 4705
4639 4706
2959 4707
957 4708
742 4709
4331 4710
2340 4711
3541 4712
1389 4713
3744 4714
4164 4715
3866 4716
1747 4717
1185 4718
3517 4719
4658 4720
3850 4721
3661 4722
1695 4723
1537 4724
3998 4725
2720 4726
3611 4727
2423 4728
2011 4729
2092 4730
3617 4731
4356 4732
4028 4733
4227 4734
4021 4735
2492 4736
2298 4737
4475 4738
1913 4739
1857 4740
1498 4741
3617 4742
2118 4743
4103 4744
2370 4745
516 4746
4497 4747
3882 4748
2306 4749
3985 4750
2251 4751
4090 4752
462 4753
135 4754
4631 4755
1494 4756
1554 4757
3088 4758
4085 4759
3408 4760
510 4761
814 4762
3634 4763
960 4764
2865 4765
1423 4766
2473 4767
3139 4768
1132 4769
1249 4770
2011 4771
1531 4772
2952 4773
4632 4774
604 4775
1508 4776
378 4777
4252 4778
307 4779
659 4780
1650 4781
2311 4782
1656 4783
3152 4784
2603 4785
4167 4786
2962 4787
3577 4788
3462 4789
2588 4790
476 4791
4025 4792
3434 4793
3051 4794
1096 4795
3757 4796
3318 4797
4547 4798
4446 4799
3597 4800
1357 4801
21 4802
2532 4803
3783 4804
697 4805
4778 4806
653 4807
4729 4808
2131 4809
399 4810
1246 4811
4672 4812
2084 4813
1663 4814
2373 4815
1915 4816
3515 4817
384 4818
215 4819
1973 4820
2828 4821
2424 4822
873 4823
2954 4824
3320 4825
3690 4826
1257 4827
1541 4828
2741 4829
2032 4830
3322 4831
2441 4832
1638 4833
600 4834
4693 4835
4518 4836
13 4837
1620 4838
2344 4839
1675 4840
950 4841
4304 4842
1856 4843
68 4844
4236 4845
4227 4846
1165 4847
632 4848
4416 4849
1989 4850
143 4851
2758 4852
4120 4853
3940 4854
582 4855
2924 4856
683 4857
2929 4858
501 4859
412 4860
1903 4861
2089 4862
255 4863
2491 4864
322 4865
1009 4866
2727 4867
298 4868
660 4869
1654 4870
1929 4871
2311 4872
2159 4873
3969 4874
432 4875
1640 4876
1895 4877
157 4878
2472 4879
2520 4880
960 4881
1174 4882
4598 4883
4435 4884
3690 4885
2834 4886
2875 4887
2738 4888
1625 4889
3079 4890
611 4891
1936 4892
697 4893
1484 4894
461 4895
927 4896
3137 4897
2551 4898
1568 4899
4792 4900
4420 4901
4038 4902
218 4903
1297 4904
2136 4905
224 4906
2200 4907
3650 4908
2304 4909
2937 4910
1982 4911
2114 4912
2433 4913
407 4914
2821 4915
3844 4916
1919 4917
4309 4918
17 4919
1204 4920
3306 4921
1725 4922
552 4923
4055 4924
3180 4925
1649 4926
2596 4927
1262 4928
2583 4929
2806 4930
4771 4931
4337 4932
2856 4933
1920 4934
574 4935
3323 4936
1130 4937
830 4938
2211 4939
3939 4940
3383 4941
2006 4942
636 4943
2201 4944
1707 4945
1530 4946
1694 4947
1671 4948
550 4949
279 4950
2936 4951
23 4952
3076 4953
1023 4954
1148 4955
22 4956
1192 4957
2673 4958
1126 4959
1230 4960
3474 4961
2582 4962
1060 4963
4010 4964
4316 4965
576 4966
1302 4967
4808 4968
2570 4969
2822 4970
696 4971
1233 4972
3506 4973
1154 4974
3798 4975
2628 4976
4906 4977
3694 4978
4780 4979
2273 4980
4381 4981
4645 4982
4924 4983
4747 4984
495 4985
2333 4986
2145 4987
1583 4988
1618 4989
1565 4990
1947 4991
361 4992
2321 4993
4355 4994
3567 4995
1265 4996
4398 4997
4891 4998
2471 4999
4251 5000
