1 2
1 3
3 4
1 5
1 6
1 7
4 8
1 9
5 10
7 11
1 12
7 13
13 14
14 15
11 16
4 17
7 18
5 19
1 20
13 21
4 22
10 23
1 24
19 25
13 26
16 27
9 28
17 29
2 30
3 31
5 32
16 33
3 34
19 35
18 36
17 37
9 38
17 39
11 40
12 41
7 42
36 43
15 44
23 45
22 46
25 47
16 48
1 49
47 50
41 51
33 52
51 53
11 54
17 55
44 56
52 57
10 58
8 59
8 60
8 61
31 62
45 63
27 64
15 65
36 66
46 67
45 68
30 69
60 70
55 71
11 72
13 73
18 74
14 75
61 76
1 77
58 78
25 79
33 80
50 81
59 82
35 83
30 84
12 85
51 86
15 87
24 88
40 89
34 90
90 91
27 92
78 93
26 94
89 95
59 96
86 97
95 98
2 99
77 100
28 101
4 102
62 103
1 104
56 105
42 106
105 107
69 108
39 109
106 110
16 111
17 112
93 113
7 114
52 115
44 116
95 117
76 118
45 119
54 120
35 121
84 122
21 123
65 124
67 125
23 126
43 127
35 128
42 129
70 130
22 131
29 132
123 133
109 134
63 135
66 136
3 137
32 138
2 139
103 140
23 141
31 142
137 143
35 144
37 145
15 146
80 147
36 148
41 149
40 150
82 151
9 152
39 153
11 154
96 155
16 156
132 157
143 158
96 159
137 160
157 161
30 162
14 163
44 164
86 165
56 166
77 167
133 168
9 169
77 170
164 171
136 172
26 173
136 174
81 175
127 176
139 177
164 178
176 179
71 180
153 181
89 182
87 183
142 184
141 185
172 186
89 187
94 188
8 189
72 190
152 191
46 192
70 193
118 194
190 195
80 196
115 197
26 198
17 199
12 200
147 201
92 202
89 203
34 204
82 205
113 206
147 207
9 208
47 209
154 210
163 211
120 212
96 213
93 214
84 215
132 216
207 217
190 218
218 219
89 220
129 221
180 222
46 223
92 224
11 225
217 226
90 227
106 228
156 229
22 230
69 231
223 232
35 233
57 234
102 235
92 236
168 237
24 238
223 239
239 240
30 241
61 242
146 243
226 244
53 245
54 246
37 247
84 248
14 249
134 250
220 251
212 252
140 253
75 254
73 255
84 256
27 257
124 258
189 259
66 260
113 261
20 262
170 263
76 264
118 265
63 266
99 267
97 268
191 269
176 270
30 271
87 272
100 273
188 274
113 275
234 276
135 277
168 278
195 279
276 280
275 281
15 282
269 283
156 284
109 285
279 286
186 287
109 288
38 289
170 290
252 291
112 292
131 293
57 294
61 295
108 296
178 297
244 298
267 299
286 300
30 301
179 302
232 303
215 304
296 305
25 306
85 307
8 308
113 309
11 310
14 311
147 312
135 313
51 314
119 315
196 316
160 317
71 318
42 319
50 320
55 321
253 322
17 323
184 324
121 325
258 326
32 327
32 328
68 329
52 330
60 331
92 332
95 333
64 334
237 335
200 336
136 337
9 338
220 339
100 340
193 341
285 342
185 343
3 344
282 345
276 346
318 347
301 348
45 349
48 350
310 351
219 352
289 353
3 354
128 355
70 356
122 357
178 358
91 359
298 360
206 361
348 362
49 363
62 364
196 365
28 366
39 367
38 368
78 369
260 370
149 371
203 372
56 373
114 374
6 375
367 376
319 377
346 378
203 379
232 380
360 381
221 382
233 383
74 384
101 385
214 386
16 387
170 388
283 389
122 390
260 391
4 392
266 393
61 394
359 395
349 396
327 397
170 398
325 399
115 400
151 401
374 402
365 403
287 404
307 405
110 406
170 407
248 408
14 409
310 410
322 411
9 412
59 413
223 414
46 415
176 416
281 417
271 418
331 419
81 420
398 421
205 422
345 423
77 424
334 425
27 426
5 427
350 428
275 429
307 430
138 431
81 432
300 433
300 434
320 435
81 436
77 437
99 438
428 439
415 440
81 441
40 442
54 443
379 444
120 445
119 446
176 447
133 448
136 449
118 450
231 451
74 452
445 453
149 454
140 455
54 456
15 457
156 458
135 459
273 460
364 461
345 462
46 463
314 464
372 465
87 466
126 467
314 468
371 469
191 470
284 471
5 472
81 473
278 474
95 475
49 476
445 477
84 478
440 479
47 480
310 481
469 482
180 483
9 484
22 485
402 486
137 487
220 488
131 489
309 490
465 491
131 492
366 493
318 494
123 495
340 496
192 497
123 498
59 499
410 500
308 501
269 502
219 503
257 504
430 505
107 506
69 507
58 508
195 509
345 510
87 511
159 512
25 513
428 514
146 515
393 516
399 517
324 518
473 519
69 520
369 521
423 522
11 523
311 524
2 525
135 526
450 527
56 528
418 529
510 530
125 531
469 532
280 533
36 534
11 535
314 536
2 537
60 538
379 539
107 540
324 541
16 542
208 543
302 544
416 545
177 546
259 547
349 548
254 549
296 550
73 551
106 552
438 553
88 554
399 555
448 556
242 557
47 558
190 559
249 560
160 561
391 562
364 563
87 564
262 565
427 566
356 567
352 568
148 569
351 570
449 571
557 572
16 573
407 574
197 575
138 576
189 577
86 578
304 579
423 580
10 581
165 582
183 583
149 584
133 585
441 586
314 587
338 588
338 589
445 590
7 591
580 592
106 593
483 594
189 595
392 596
283 597
481 598
115 599
192 600
54 601
64 602
591 603
303 604
9 605
379 606
476 607
426 608
231 609
284 610
312 611
369 612
155 613
561 614
576 615
612 616
609 617
553 618
201 619
353 620
125 621
361 622
346 623
78 624
54 625
353 626
430 627
372 628
179 629
21 630
293 631
56 632
108 633
564 634
614 635
276 636
410 637
454 638
576 639
181 640
442 641
196 642
604 643
225 644
345 645
622 646
569 647
463 648
221 649
536 650
462 651
136 652
562 653
537 654
411 655
463 656
482 657
279 658
33 659
152 660
208 661
488 662
462 663
564 664
334 665
197 666
211 667
243 668
391 669
563 670
426 671
8 672
399 673
420 674
594 675
488 676
648 677
645 678
422 679
243 680
13 681
242 682
668 683
87 684
679 685
313 686
137 687
303 688
289 689
647 690
553 691
594 692
121 693
643 694
591 695
48 696
180 697
679 698
77 699
36 700
534 701
268 702
619 703
187 704
235 705
5 706
625 707
4 708
360 709
560 710
244 711
98 712
362 713
473 714
275 715
161 716
180 717
613 718
60 719
105 720
306 721
346 722
214 723
380 724
214 725
206 726
649 727
63 728
311 729
526 730
697 731
187 732
326 733
662 734
734 735
293 736
178 737
217 738
176 739
19 740
479 741
552 742
299 743
412 744
354 745
112 746
148 747
468 748
374 749
518 750
361 751
369 752
424 753
202 754
324 755
401 756
613 757
97 758
102 759
275 760
653 761
164 762
353 763
598 764
726 765
30 766
640 767
165 768
604 769
379 770
163 771
32 772
710 773
741 774
242 775
581 776
430 777
419 778
241 779
361 780
495 781
594 782
356 783
759 784
263 785
370 786
19 787
686 788
252 789
253 790
327 791
279 792
407 793
233 794
216 795
696 796
358 797
339 798
252 799
304 800
363 801
598 802
201 803
459 804
258 805
583 806
299 807
746 808
240 809
39 810
270 811
467 812
774 813
445 814
312 815
302 816
713 817
493 818
182 819
768 820
561 821
171 822
265 823
596 824
46 825
287 826
739 827
805 828
207 829
215 830
748 831
360 832
54 833
27 834
112 835
163 836
769 837
201 838
597 839
369 840
812 841
513 842
105 843
792 844
582 845
246 846
830 847
779 848
392 849
270 850
792 851
328 852
337 853
404 854
158 855
304 856
333 857
215 858
358 859
287 860
625 861
155 862
803 863
809 864
69 865
184 866
844 867
223 868
266 869
276 870
767 871
505 872
751 873
178 874
301 875
799 876
282 877
123 878
97 879
743 880
435 881
330 882
833 883
522 884
689 885
427 886
413 887
778 888
745 889
521 890
112 891
889 892
869 893
835 894
797 895
325 896
624 897
119 898
470 899
632 900
333 901
878 902
84 903
421 904
635 905
454 906
108 907
903 908
863 909
723 910
661 911
323 912
549 913
865 914
803 915
338 916
260 917
917 918
476 919
672 920
169 921
35 922
30 923
590 924
88 925
362 926
316 927
798 928
905 929
391 930
208 931
658 932
651 933
787 934
247 935
167 936
220 937
869 938
420 939
793 940
818 941
583 942
276 943
145 944
112 945
91 946
8 947
340 948
651 949
770 950
931 951
126 952
928 953
283 954
417 955
920 956
489 957
824 958
707 959
934 960
441 961
618 962
220 963
687 964
112 965
640 966
106 967
133 968
5 969
705 970
753 971
19 972
148 973
204 974
971 975
604 976
637 977
175 978
691 979
226 980
467 981
852 982
595 983
337 984
594 985
976 986
127 987
214 988
91 989
336 990
638 991
490 992
881 993
546 994
681 995
518 996
244 997
123 998
275 999
170 1000
656 1001
634 1002
944 1003
398 1004
425 1005
221 1006
632 1007
112 1008
474 1009
939 1010
883 1011
651 1012
792 1013
148 1014
437 1015
951 1016
592 1017
524 1018
23 1019
529 1020
107 1021
218 1022
459 1023
752 1024
657 1025
530 1026
706 1027
491 1028
318 1029
866 1030
566 1031
87 1032
399 1033
180 1034
120 1035
861 1036
552 1037
142 1038
955 1039
44 1040
989 1041
895 1042
39 1043
608 1044
320 1045
987 1046
299 1047
753 1048
818 1049
923 1050
920 1051
306 1052
181 1053
782 1054
259 1055
802 1056
772 1057
733 1058
481 1059
882 1060
266 1061
938 1062
711 1063
246 1064
1012 1065
310 1066
178 1067
539 1068
1017 1069
390 1070
938 1071
969 1072
1072 1073
626 1074
371 1075
875 1076
141 1077
153 1078
87 1079
597 1080
515 1081
1047 1082
121 1083
944 1084
237 1085
892 1086
203 1087
844 1088
999 1089
752 1090
963 1091
315 1092
919 1093
43 1094
480 1095
179 1096
578 1097
920 1098
819 1099
205 1100
1088 1101
39 1102
750 1103
969 1104
977 1105
259 1106
299 1107
133 1108
739 1109
876 1110
125 1111
125 1112
356 1113
405 1114
281 1115
494 1116
673 1117
1050 1118
791 1119
203 1120
560 1121
583 1122
268 1123
228 1124
341 1125
146 1126
406 1127
399 1128
975 1129
178 1130
260 1131
116 1132
1004 1133
1100 1134
969 1135
318 1136
611 1137
644 1138
558 1139
897 1140
233 1141
69 1142
243 1143
883 1144
343 1145
813 1146
559 1147
212 1148
139 1149
598 1150
732 1151
582 1152
391 1153
452 1154
987 1155
451 1156
489 1157
852 1158
54 1159
199 1160
895 1161
502 1162
596 1163
225 1164
639 1165
472 1166
69 1167
501 1168
136 1169
335 1170
266 1171
964 1172
1036 1173
323 1174
185 1175
746 1176
795 1177
323 1178
602 1179
308 1180
929 1181
991 1182
1016 1183
550 1184
699 1185
1065 1186
235 1187
742 1188
292 1189
778 1190
696 1191
115 1192
1119 1193
202 1194
625 1195
130 1196
232 1197
1094 1198
781 1199
953 1200
336 1201
909 1202
204 1203
487 1204
1062 1205
265 1206
228 1207
739 1208
931 1209
149 1210
909 1211
437 1212
1120 1213
803 1214
721 1215
1097 1216
54 1217
842 1218
375 1219
1193 1220
830 1221
798 1222
259 1223
1129 1224
793 1225
545 1226
209 1227
362 1228
969 1229
753 1230
835 1231
87 1232
376 1233
1161 1234
672 1235
820 1236
74 1237
202 1238
595 1239
685 1240
1231 1241
842 1242
249 1243
401 1244
328 1245
759 1246
896 1247
915 1248
589 1249
1179 1250
1034 1251
571 1252
1001 1253
1050 1254
739 1255
517 1256
678 1257
1023 1258
41 1259
1167 1260
212 1261
872 1262
115 1263
977 1264
252 1265
1197 1266
450 1267
860 1268
1133 1269
647 1270
734 1271
128 1272
684 1273
816 1274
1187 1275
2 1276
961 1277
969 1278
837 1279
67 1280
597 1281
1169 1282
1114 1283
30 1284
666 1285
1156 1286
872 1287
1287 1288
708 1289
99 1290
155 1291
959 1292
1005 1293
1110 1294
237 1295
1233 1296
990 1297
360 1298
883 1299
1298 1300
804 1301
238 1302
161 1303
955 1304
1017 1305
1024 1306
1199 1307
1175 1308
431 1309
797 1310
147 1311
375 1312
323 1313
912 1314
434 1315
980 1316
982 1317
1130 1318
46 1319
489 1320
784 1321
1015 1322
807 1323
815 1324
1013 1325
470 1326
1202 1327
1056 1328
77 1329
77 1330
1183 1331
971 1332
1187 1333
812 1334
443 1335
696 1336
389 1337
63 1338
679 1339
995 1340
56 1341
1221 1342
356 1343
207 1344
713 1345
90 1346
569 1347
1171 1348
213 1349
511 1350
293 1351
1203 1352
1114 1353
514 1354
875 1355
185 1356
464 1357
579 1358
1237 1359
196 1360
715 1361
147 1362
51 1363
705 1364
810 1365
339 1366
203 1367
1144 1368
1214 1369
542 1370
1365 1371
1000 1372
1234 1373
1101 1374
334 1375
298 1376
46 1377
891 1378
790 1379
339 1380
1293 1381
1128 1382
74 1383
1308 1384
1088 1385
1327 1386
1245 1387
733 1388
731 1389
458 1390
1088 1391
843 1392
821 1393
1355 1394
152 1395
165 1396
691 1397
60 1398
49 1399
25 1400
1090 1401
1351 1402
91 1403
609 1404
536 1405
750 1406
656 1407
623 1408
763 1409
690 1410
1360 1411
1264 1412
184 1413
1349 1414
558 1415
654 1416
142 1417
391 1418
851 1419
1379 1420
675 1421
384 1422
442 1423
1000 1424
771 1425
1165 1426
659 1427
627 1428
847 1429
1113 1430
1038 1431
734 1432
382 1433
951 1434
555 1435
474 1436
964 1437
1426 1438
510 1439
527 1440
541 1441
606 1442
47 1443
1158 1444
1031 1445
449 1446
420 1447
436 1448
489 1449
1431 1450
1307 1451
487 1452
280 1453
966 1454
1005 1455
277 1456
225 1457
399 1458
1003 1459
754 1460
519 1461
1104 1462
430 1463
1371 1464
665 1465
1357 1466
1359 1467
20 1468
423 1469
680 1470
1306 1471
1408 1472
198 1473
983 1474
1410 1475
1302 1476
1003 1477
218 1478
1370 1479
873 1480
617 1481
531 1482
424 1483
339 1484
749 1485
247 1486
449 1487
760 1488
1318 1489
47 1490
912 1491
446 1492
896 1493
716 1494
568 1495
1033 1496
582 1497
267 1498
102 1499
485 1500
241 1501
1151 1502
1115 1503
267 1504
145 1505
118 1506
150 1507
1218 1508
1123 1509
1336 1510
949 1511
533 1512
1258 1513
1382 1514
482 1515
284 1516
392 1517
1005 1518
839 1519
61 1520
1468 1521
1442 1522
1285 1523
1110 1524
1372 1525
778 1526
448 1527
106 1528
687 1529
1117 1530
540 1531
361 1532
1462 1533
677 1534
161 1535
1123 1536
634 1537
1216 1538
1231 1539
427 1540
591 1541
892 1542
1090 1543
499 1544
567 1545
1115 1546
680 1547
768 1548
101 1549
694 1550
1123 1551
799 1552
255 1553
877 1554
1386 1555
321 1556
982 1557
159 1558
354 1559
468 1560
1044 1561
932 1562
621 1563
1482 1564
52 1565
1499 1566
778 1567
925 1568
1008 1569
1087 1570
1543 1571
112 1572
204 1573
737 1574
168 1575
669 1576
819 1577
613 1578
414 1579
380 1580
697 1581
644 1582
555 1583
179 1584
402 1585
278 1586
1381 1587
1552 1588
1256 1589
397 1590
1451 1591
649 1592
951 1593
238 1594
1563 1595
1253 1596
98 1597
340 1598
972 1599
1488 1600
1396 1601
543 1602
955 1603
349 1604
792 1605
919 1606
1338 1607
59 1608
502 1609
205 1610
1368 1611
821 1612
1101 1613
897 1614
539 1615
1501 1616
438 1617
105 1618
1444 1619
101 1620
785 1621
868 1622
829 1623
974 1624
737 1625
423 1626
443 1627
430 1628
271 1629
1033 1630
172 1631
1473 1632
945 1633
953 1634
1331 1635
1617 1636
453 1637
1151 1638
756 1639
97 1640
1042 1641
549 1642
428 1643
587 1644
1371 1645
706 1646
1585 1647
1203 1648
1640 1649
843 1650
730 1651
524 1652
822 1653
1308 1654
263 1655
297 1656
624 1657
510 1658
650 1659
472 1660
139 1661
446 1662
1413 1663
1502 1664
500 1665
1580 1666
1130 1667
570 1668
580 1669
1457 1670
650 1671
673 1672
1311 1673
7 1674
3 1675
1137 1676
274 1677
1424 1678
1330 1679
923 1680
1072 1681
1441 1682
1615 1683
495 1684
809 1685
402 1686
185 1687
544 1688
456 1689
839 1690
999 1691
255 1692
1559 1693
1283 1694
1595 1695
1280 1696
1079 1697
1170 1698
1674 1699
643 1700
1440 1701
1019 1702
405 1703
1509 1704
1055 1705
1466 1706
262 1707
1476 1708
1542 1709
1355 1710
1247 1711
819 1712
1279 1713
785 1714
213 1715
645 1716
971 1717
328 1718
143 1719
1519 1720
216 1721
723 1722
1040 1723
1291 1724
851 1725
242 1726
647 1727
385 1728
1466 1729
601 1730
234 1731
629 1732
1395 1733
880 1734
416 1735
551 1736
317 1737
216 1738
391 1739
513 1740
1693 1741
14 1742
530 1743
1375 1744
61 1745
797 1746
1572 1747
1428 1748
1484 1749
1605 1750
123 1751
522 1752
809 1753
994 1754
1482 1755
394 1756
1746 1757
301 1758
82 1759
327 1760
1373 1761
457 1762
1011 1763
408 1764
524 1765
396 1766
570 1767
1470 1768
302 1769
1730 1770
667 1771
1671 1772
534 1773
425 1774
152 1775
1356 1776
990 1777
1093 1778
1013 1779
329 1780
1731 1781
1050 1782
1605 1783
445 1784
1704 1785
918 1786
1254 1787
485 1788
269 1789
478 1790
1359 1791
919 1792
723 1793
218 1794
710 1795
1564 1796
314 1797
590 1798
1370 1799
1778 1800
378 1801
240 1802
1585 1803
2 1804
782 1805
1365 1806
353 1807
247 1808
769 1809
1705 1810
1320 1811
84 1812
439 1813
1148 1814
681 1815
1594 1816
959 1817
704 1818
1453 1819
205 1820
313 1821
358 1822
414 1823
867 1824
742 1825
38 1826
210 1827
573 1828
794 1829
1416 1830
76 1831
443 1832
1562 1833
1562 1834
1243 1835
1072 1836
1402 1837
47 1838
1542 1839
1253 1840
1004 1841
1568 1842
859 1843
402 1844
1292 1845
983 1846
1231 1847
1484 1848
1382 1849
776 1850
1396 1851
535 1852
770 1853
688 1854
53 1855
217 1856
606 1857
1391 1858
191 1859
973 1860
637 1861
246 1862
550 1863
932 1864
492 1865
702 1866
720 1867
1357 1868
1065 1869
1738 1870
575 1871
773 1872
903 1873
1038 1874
1200 1875
1194 1876
934 1877
811 1878
1534 1879
432 1880
381 1881
31 1882
1069 1883
4 1884
929 1885
708 1886
911 1887
1560 1888
1296 1889
1579 1890
73 1891
1374 1892
1283 1893
1498 1894
1079 1895
981 1896
473 1897
629 1898
1307 1899
176 1900
308 1901
1046 1902
712 1903
806 1904
806 1905
1276 1906
333 1907
84 1908
669 1909
854 1910
1647 1911
978 1912
1522 1913
1758 1914
1837 1915
977 1916
833 1917
1598 1918
512 1919
1127 1920
845 1921
1758 1922
169 1923
2 1924
182 1925
405 1926
1161 1927
441 1928
1922 1929
368 1930
468 1931
756 1932
259 1933
580 1934
7 1935
125 1936
1882 1937
1497 1938
104 1939
1747 1940
538 1941
1362 1942
1556 1943
786 1944
1826 1945
123 1946
699 1947
286 1948
1903 1949
1741 1950
847 1951
216 1952
73 1953
1520 1954
1390 1955
1059 1956
1126 1957
294 1958
1744 1959
1881 1960
984 1961
940 1962
19 1963
111 1964
1496 1965
1734 1966
719 1967
1390 1968
1143 1969
530 1970
1626 1971
1079 1972
1660 1973
306 1974
1033 1975
1705 1976
1203 1977
114 1978
1776 1979
145 1980
537 1981
858 1982
140 1983
1362 1984
894 1985
800 1986
1939 1987
207 1988
1116 1989
1216 1990
537 1991
363 1992
366 1993
1673 1994
1326 1995
637 1996
357 1997
545 1998
1476 1999
1698 2000
272 2001
1834 2002
1149 2003
793 2004
1019 2005
1663 2006
545 2007
1370 2008
1724 2009
549 2010
839 2011
1128 2012
1211 2013
229 2014
1006 2015
1402 2016
1447 2017
1721 2018
1772 2019
1976 2020
819 2021
1115 2022
640 2023
11 2024
1519 2025
1065 2026
278 2027
362 2028
1326 2029
324 2030
1165 2031
1974 2032
1231 2033
1244 2034
1358 2035
1081 2036
384 2037
602 2038
1081 2039
1188 2040
869 2041
1463 2042
88 2043
1343 2044
524 2045
370 2046
1805 2047
404 2048
1450 2049
1791 2050
1368 2051
875 2052
1283 2053
1215 2054
114 2055
1187 2056
71 2057
768 2058
752 2059
1860 2060
888 2061
19 2062
36 2063
1894 2064
1668 2065
1210 2066
297 2067
419 2068
1743 2069
1043 2070
424 2071
1682 2072
313 2073
2003 2074
483 2075
447 2076
544 2077
1845 2078
1609 2079
1543 2080
1679 2081
571 2082
1041 2083
2048 2084
891 2085
1450 2086
534 2087
830 2088
371 2089
527 2090
1880 2091
1564 2092
682 2093
550 2094
56 2095
1393 2096
655 2097
857 2098
2098 2099
203 2100
1970 2101
1286 2102
1127 2103
638 2104
217 2105
145 2106
2065 2107
131 2108
1341 2109
682 2110
1836 2111
1396 2112
1145 2113
125 2114
168 2115
1058 2116
721 2117
1203 2118
1289 2119
361 2120
995 2121
1825 2122
416 2123
887 2124
1597 2125
1765 2126
1273 2127
612 2128
2065 2129
1039 2130
66 2131
646 2132
449 2133
1367 2134
2060 2135
902 2136
1734 2137
338 2138
1247 2139
1702 2140
193 2141
945 2142
2081 2143
715 2144
1372 2145
1509 2146
568 2147
534 2148
681 2149
1141 2150
2103 2151
1705 2152
232 2153
185 2154
1976 2155
1391 2156
378 2157
1570 2158
254 2159
1346 2160
71 2161
1738 2162
1589 2163
1316 2164
1488 2165
220 2166
283 2167
1718 2168
29 2169
527 2170
835 2171
1974 2172
1398 2173
1377 2174
765 2175
2 2176
1528 2177
214 2178
1094 2179
1328 2180
1876 2181
1190 2182
25 2183
1432 2184
513 2185
1953 2186
2059 2187
726 2188
1043 2189
1684 2190
1247 2191
1860 2192
648 2193
91 2194
1751 2195
735 2196
1796 2197
2130 2198
758 2199
1252 2200
957 2201
1713 2202
373 2203
647 2204
835 2205
898 2206
1951 2207
1669 2208
1823 2209
1390 2210
2054 2211
2063 2212
1866 2213
1840 2214
1232 2215
2072 2216
1602 2217
18 2218
780 2219
1206 2220
1084 2221
982 2222
1120 2223
769 2224
1881 2225
1982 2226
2176 2227
2215 2228
627 2229
109 2230
400 2231
2035 2232
1796 2233
43 2234
1380 2235
1940 2236
680 2237
1899 2238
1316 2239
257 2240
1050 2241
294 2242
1381 2243
1521 2244
1888 2245
96 2246
278 2247
2229 2248
1280 2249
663 2250
231 2251
1371 2252
2063 2253
1293 2254
1466 2255
1820 2256
1739 2257
621 2258
1358 2259
293 2260
1295 2261
953 2262
1070 2263
1151 2264
777 2265
1068 2266
2114 2267
1792 2268
844 2269
1683 2270
1404 2271
2252 2272
1212 2273
958 2274
107 2275
2124 2276
2223 2277
2211 2278
624 2279
1810 2280
1537 2281
1352 2282
157 2283
391 2284
1386 2285
1798 2286
1051 2287
1411 2288
643 2289
775 2290
2043 2291
1981 2292
1902 2293
680 2294
419 2295
142 2296
2153 2297
680 2298
583 2299
210 2300
1240 2301
380 2302
1948 2303
1762 2304
1546 2305
2297 2306
1498 2307
112 2308
315 2309
383 2310
753 2311
1368 2312
31 2313
865 2314
1398 2315
965 2316
845 2317
781 2318
1800 2319
275 2320
1647 2321
1599 2322
1290 2323
1411 2324
1701 2325
119 2326
161 2327
1118 2328
1564 2329
1675 2330
2324 2331
1863 2332
459 2333
515 2334
1374 2335
1746 2336
734 2337
523 2338
1910 2339
2270 2340
988 2341
575 2342
1627 2343
21 2344
865 2345
454 2346
1903 2347
2217 2348
132 2349
1544 2350
863 2351
163 2352
123 2353
772 2354
1429 2355
1194 2356
809 2357
1922 2358
1059 2359
1664 2360
765 2361
254 2362
1848 2363
494 2364
1767 2365
2085 2366
824 2367
2117 2368
1578 2369
1044 2370
375 2371
996 2372
687 2373
685 2374
1242 2375
659 2376
194 2377
629 2378
1429 2379
22 2380
2168 2381
1603 2382
505 2383
197 2384
1470 2385
2063 2386
1470 2387
673 2388
852 2389
974 2390
1454 2391
194 2392
871 2393
547 2394
976 2395
780 2396
1382 2397
2046 2398
1531 2399
930 2400
2096 2401
1349 2402
1786 2403
495 2404
1482 2405
100 2406
2258 2407
142 2408
166 2409
2036 2410
902 2411
1619 2412
901 2413
214 2414
2211 2415
1439 2416
1884 2417
493 2418
450 2419
1107 2420
1059 2421
1981 2422
757 2423
1421 2424
64 2425
1379 2426
1988 2427
1325 2428
2057 2429
1835 2430
2131 2431
1791 2432
1681 2433
1199 2434
906 2435
676 2436
2051 2437
617 2438
130 2439
1734 2440
267 2441
2046 2442
1909 2443
869 2444
1851 2445
1513 2446
740 2447
1552 2448
1809 2449
2098 2450
804 2451
1680 2452
2349 2453
525 2454
1386 2455
2255 2456
1235 2457
2291 2458
1455 2459
502 2460
250 2461
2155 2462
204 2463
2069 2464
838 2465
1882 2466
2093 2467
2225 2468
59 2469
1898 2470
2436 2471
538 2472
218 2473
914 2474
2248 2475
800 2476
1107 2477
1032 2478
1837 2479
312 2480
632 2481
568 2482
629 2483
415 2484
1199 2485
852 2486
1936 2487
2245 2488
1793 2489
1908 2490
804 2491
456 2492
1589 2493
55 2494
2405 2495
1053 2496
736 2497
2143 2498
2144 2499
2200 2500
976 2501
1727 2502
1695 2503
1825 2504
829 2505
25 2506
2475 2507
1238 2508
2335 2509
2347 2510
1303 2511
1695 2512
1712 2513
313 2514
1438 2515
182 2516
1204 2517
2469 2518
1484 2519
1704 2520
1561 2521
1217 2522
1907 2523
1177 2524
1786 2525
757 2526
1249 2527
1153 2528
2225 2529
1731 2530
1918 2531
1837 2532
2265 2533
191 2534
2012 2535
2010 2536
845 2537
1547 2538
1981 2539
115 2540
1617 2541
1650 2542
81 2543
1661 2544
424 2545
1035 2546
513 2547
1289 2548
734 2549
2194 2550
1295 2551
2350 2552
2057 2553
981 2554
254 2555
48 2556
2040 2557
950 2558
1806 2559
1525 2560
1270 2561
188 2562
1485 2563
1671 2564
2411 2565
2021 2566
153 2567
740 2568
2481 2569
65 2570
1578 2571
339 2572
1071 2573
954 2574
1534 2575
1481 2576
2393 2577
953 2578
378 2579
1026 2580
1092 2581
174 2582
612 2583
2309 2584
1183 2585
1645 2586
1215 2587
2487 2588
665 2589
2316 2590
1682 2591
2028 2592
2059 2593
1373 2594
1234 2595
556 2596
916 2597
311 2598
1085 2599
136 2600
2430 2601
1691 2602
1174 2603
1699 2604
1408 2605
1500 2606
2195 2607
2047 2608
87 2609
956 2610
661 2611
2287 2612
373 2613
1445 2614
956 2615
1612 2616
1668 2617
784 2618
1135 2619
1695 2620
2314 2621
381 2622
914 2623
2272 2624
1344 2625
1801 2626
878 2627
1716 2628
2472 2629
317 2630
1608 2631
743 2632
566 2633
253 2634
116 2635
1676 2636
223 2637
572 2638
1533 2639
499 2640
1081 2641
945 2642
2101 2643
828 2644
1730 2645
1059 2646
2142 2647
1479 2648
983 2649
2581 2650
385 2651
1928 2652
202 2653
856 2654
2584 2655
1007 2656
939 2657
2431 2658
1551 2659
212 2660
1998 2661
240 2662
684 2663
852 2664
30 2665
421 2666
2520 2667
953 2668
2339 2669
1011 2670
2194 2671
1971 2672
1274 2673
1949 2674
491 2675
1003 2676
2458 2677
812 2678
2505 2679
893 2680
1314 2681
2446 2682
946 2683
1899 2684
48 2685
2176 2686
509 2687
1226 2688
1056 2689
491 2690
2166 2691
815 2692
1656 2693
1412 2694
1861 2695
274 2696
2534 2697
1558 2698
699 2699
783 2700
2556 2701
685 2702
2013 2703
1502 2704
547 2705
1848 2706
2092 2707
1740 2708
290 2709
653 2710
1878 2711
953 2712
1324 2713
100 2714
1159 2715
1631 2716
1425 2717
996 2718
768 2719
280 2720
500 2721
223 2722
2067 2723
2051 2724
2509 2725
1014 2726
2006 2727
2527 2728
139 2729
1798 2730
2349 2731
92 2732
1197 2733
1031 2734
2574 2735
1257 2736
2447 2737
2353 2738
990 2739
2259 2740
1337 2741
1022 2742
1346 2743
2581 2744
2144 2745
413 2746
1958 2747
725 2748
142 2749
787 2750
1902 2751
2750 2752
2469 2753
581 2754
1138 2755
700 2756
1248 2757
1861 2758
1985 2759
2390 2760
1584 2761
79 2762
168 2763
2041 2764
250 2765
2616 2766
1346 2767
2194 2768
20 2769
1753 2770
130 2771
2468 2772
2190 2773
397 2774
618 2775
1746 2776
2398 2777
1338 2778
68 2779
1138 2780
265 2781
2318 2782
2593 2783
425 2784
2729 2785
2243 2786
2725 2787
1476 2788
857 2789
499 2790
2486 2791
338 2792
752 2793
2456 2794
1510 2795
700 2796
2127 2797
1679 2798
2696 2799
1471 2800
1622 2801
513 2802
1522 2803
155 2804
914 2805
2162 2806
885 2807
2157 2808
2563 2809
356 2810
904 2811
1019 2812
61 2813
2202 2814
1574 2815
613 2816
2499 2817
1675 2818
1384 2819
1406 2820
2178 2821
414 2822
1052 2823
1828 2824
2665 2825
2220 2826
2281 2827
319 2828
641 2829
2616 2830
594 2831
823 2832
1684 2833
227 2834
606 2835
712 2836
1594 2837
1079 2838
297 2839
2326 2840
738 2841
2225 2842
44 2843
134 2844
744 2845
2159 2846
467 2847
49 2848
2345 2849
745 2850
2043 2851
1384 2852
2712 2853
282 2854
1870 2855
2056 2856
1733 2857
868 2858
701 2859
124 2860
2669 2861
1586 2862
1608 2863
2186 2864
1723 2865
2430 2866
1274 2867
2599 2868
1727 2869
4 2870
458 2871
1201 2872
1924 2873
2297 2874
336 2875
2107 2876
724 2877
2695 2878
2578 2879
1355 2880
2108 2881
1508 2882
2244 2883
1178 2884
45 2885
18 2886
514 2887
2680 2888
1268 2889
21 2890
2586 2891
2884 2892
2710 2893
2492 2894
1153 2895
1448 2896
1664 2897
968 2898
674 2899
366 2900
1594 2901
1596 2902
2231 2903
982 2904
1569 2905
150 2906
2313 2907
800 2908
167 2909
1281 2910
1640 2911
2859 2912
2422 2913
947 2914
1771 2915
1890 2916
1680 2917
2861 2918
1022 2919
1868 2920
246 2921
1410 2922
270 2923
1223 2924
2705 2925
1516 2926
2778 2927
192 2928
1581 2929
2840 2930
2397 2931
2293 2932
1961 2933
2182 2934
2592 2935
2111 2936
794 2937
2205 2938
334 2939
1882 2940
2159 2941
1346 2942
1137 2943
2629 2944
1718 2945
1468 2946
735 2947
1295 2948
804 2949
102 2950
469 2951
797 2952
2515 2953
2147 2954
1610 2955
605 2956
1397 2957
1911 2958
2300 2959
88 2960
1051 2961
557 2962
1246 2963
2788 2964
1963 2965
1544 2966
2957 2967
507 2968
1816 2969
2149 2970
2305 2971
1690 2972
1595 2973
1649 2974
1127 2975
2042 2976
2590 2977
391 2978
216 2979
2788 2980
2277 2981
2681 2982
1125 2983
1810 2984
336 2985
1106 2986
622 2987
1370 2988
1488 2989
1954 2990
799 2991
974 2992
1450 2993
1032 2994
290 2995
468 2996
643 2997
711 2998
2051 2999
756 3000
1973 3001
889 3002
1425 3003
1542 3004
2993 3005
1892 3006
1580 3007
2625 3008
2318 3009
2494 3010
101 3011
471 3012
2642 3013
895 3014
2180 3015
1311 3016
1041 3017
2967 3018
768 3019
1624 3020
1776 3021
1972 3022
666 3023
2183 3024
2792 3025
951 3026
1065 3027
1538 3028
1705 3029
2632 3030
1529 3031
1248 3032
3006 3033
1090 3034
780 3035
1441 3036
990 3037
539 3038
1200 3039
91 3040
1004 3041
207 3042
1229 3043
170 3044
1051 3045
41 3046
1842 3047
1501 3048
915 3049
2063 3050
721 3051
1000 3052
1103 3053
2786 3054
1515 3055
981 3056
2100 3057
1541 3058
2923 3059
2010 3060
1829 3061
866 3062
2396 3063
2740 3064
2929 3065
1610 3066
2520 3067
266 3068
1205 3069
385 3070
1304 3071
605 3072
2121 3073
788 3074
2137 3075
1458 3076
1214 3077
535 3078
41 3079
2540 3080
2595 3081
2349 3082
2222 3083
511 3084
126 3085
739 3086
2627 3087
994 3088
790 3089
922 3090
1782 3091
2510 3092
1988 3093
293 3094
3039 3095
2677 3096
1006 3097
3073 3098
2549 3099
36 3100
2620 3101
2612 3102
2853 3103
1549 3104
762 3105
991 3106
1747 3107
1258 3108
2081 3109
1472 3110
845 3111
1534 3112
1170 3113
2049 3114
667 3115
1462 3116
2087 3117
2334 3118
2388 3119
1456 3120
3025 3121
479 3122
2022 3123
747 3124
1776 3125
2667 3126
1169 3127
2703 3128
79 3129
71 3130
2913 3131
2523 3132
26 3133
1929 3134
99 3135
703 3136
1287 3137
659 3138
2237 3139
1546 3140
1561 3141
2596 3142
1315 3143
2898 3144
2024 3145
2914 3146
729 3147
2300 3148
1580 3149
1176 3150
996 3151
2642 3152
1968 3153
948 3154
2584 3155
2713 3156
1702 3157
2724 3158
736 3159
3093 3160
1331 3161
1756 3162
674 3163
1899 3164
686 3165
1481 3166
2287 3167
375 3168
345 3169
2480 3170
1737 3171
670 3172
2796 3173
1604 3174
3004 3175
2360 3176
3124 3177
2227 3178
133 3179
2274 3180
373 3181
2861 3182
1279 3183
90 3184
2887 3185
391 3186
352 3187
725 3188
2871 3189
2926 3190
573 3191
3037 3192
2348 3193
719 3194
1334 3195
2403 3196
2072 3197
875 3198
2728 3199
1891 3200
874 3201
2927 3202
541 3203
2980 3204
1330 3205
2531 3206
2679 3207
2233 3208
1652 3209
1602 3210
623 3211
2004 3212
1909 3213
208 3214
2687 3215
897 3216
1085 3217
2828 3218
2400 3219
2651 3220
885 3221
1305 3222
1555 3223
2493 3224
460 3225
370 3226
456 3227
1081 3228
1611 3229
2716 3230
95 3231
454 3232
2523 3233
2523 3234
84 3235
895 3236
3189 3237
2426 3238
1571 3239
2806 3240
1267 3241
2063 3242
2112 3243
490 3244
2123 3245
2343 3246
1879 3247
1294 3248
2315 3249
1982 3250
1667 3251
3205 3252
3046 3253
2961 3254
1774 3255
577 3256
2523 3257
112 3258
840 3259
821 3260
3063 3261
417 3262
1953 3263
104 3264
380 3265
1184 3266
373 3267
1710 3268
3253 3269
1631 3270
2913 3271
2960 3272
2847 3273
2536 3274
1013 3275
3096 3276
345 3277
3 3278
1660 3279
2134 3280
1064 3281
2234 3282
1886 3283
972 3284
2373 3285
730 3286
583 3287
1912 3288
230 3289
2992 3290
1718 3291
159 3292
204 3293
2974 3294
902 3295
87 3296
1170 3297
1750 3298
2436 3299
1484 3300
714 3301
928 3302
1769 3303
90 3304
3050 3305
1495 3306
1173 3307
2318 3308
2820 3309
885 3310
847 3311
815 3312
2499 3313
3290 3314
2197 3315
1388 3316
478 3317
864 3318
1038 3319
779 3320
1029 3321
1644 3322
2864 3323
2715 3324
565 3325
2573 3326
566 3327
1442 3328
825 3329
966 3330
2699 3331
2768 3332
2162 3333
1392 3334
2840 3335
3206 3336
194 3337
3040 3338
2077 3339
1970 3340
1899 3341
2979 3342
2670 3343
121 3344
1420 3345
189 3346
1868 3347
2803 3348
3313 3349
2051 3350
367 3351
1478 3352
1183 3353
2644 3354
1959 3355
2713 3356
239 3357
301 3358
574 3359
876 3360
412 3361
307 3362
1265 3363
3116 3364
1244 3365
2183 3366
2562 3367
3166 3368
1810 3369
2483 3370
3099 3371
471 3372
3348 3373
2001 3374
1599 3375
1297 3376
151 3377
2903 3378
2019 3379
2483 3380
2380 3381
3374 3382
1176 3383
234 3384
2017 3385
49 3386
3134 3387
670 3388
1128 3389
459 3390
1488 3391
1409 3392
408 3393
1987 3394
2335 3395
1686 3396
260 3397
3215 3398
337 3399
332 3400
2674 3401
664 3402
816 3403
117 3404
321 3405
1182 3406
2945 3407
2054 3408
1917 3409
2106 3410
1534 3411
1890 3412
2099 3413
1418 3414
579 3415
623 3416
719 3417
691 3418
1982 3419
12 3420
2562 3421
2521 3422
1423 3423
1810 3424
3039 3425
2086 3426
1034 3427
3291 3428
1505 3429
2777 3430
490 3431
1459 3432
1606 3433
2944 3434
1361 3435
2105 3436
2944 3437
883 3438
789 3439
672 3440
3089 3441
2241 3442
711 3443
3409 3444
2706 3445
1095 3446
443 3447
1631 3448
2281 3449
327 3450
1469 3451
774 3452
3384 3453
3423 3454
2804 3455
701 3456
1096 3457
2859 3458
3059 3459
2680 3460
2003 3461
3204 3462
620 3463
772 3464
1453 3465
2846 3466
1119 3467
125 3468
46 3469
2476 3470
2658 3471
2435 3472
1194 3473
2874 3474
2761 3475
2037 3476
2142 3477
1705 3478
2986 3479
3434 3480
2358 3481
722 3482
3007 3483
2366 3484
2795 3485
370 3486
1213 3487
2681 3488
817 3489
2867 3490
1661 3491
2958 3492
1190 3493
2253 3494
2922 3495
2174 3496
3305 3497
114 3498
2540 3499
1933 3500
957 3501
2316 3502
79 3503
2098 3504
1459 3505
20 3506
2768 3507
726 3508
2536 3509
1541 3510
2840 3511
1245 3512
1918 3513
3230 3514
2460 3515
3263 3516
856 3517
91 3518
246 3519
1108 3520
3273 3521
2387 3522
348 3523
1899 3524
2807 3525
2315 3526
2590 3527
1923 3528
582 3529
3255 3530
2943 3531
2989 3532
65 3533
1669 3534
3088 3535
1444 3536
1082 3537
1332 3538
2322 3539
861 3540
3439 3541
1108 3542
2011 3543
3424 3544
571 3545
2701 3546
1199 3547
2337 3548
1251 3549
514 3550
2702 3551
1262 3552
3544 3553
1770 3554
179 3555
656 3556
3535 3557
1822 3558
1130 3559
2552 3560
3019 3561
1033 3562
428 3563
2421 3564
3100 3565
3556 3566
2546 3567
2088 3568
2122 3569
777 3570
1792 3571
89 3572
853 3573
2636 3574
2845 3575
3120 3576
1119 3577
688 3578
546 3579
1295 3580
3226 3581
517 3582
1201 3583
2230 3584
2064 3585
39 3586
529 3587
1367 3588
3399 3589
2833 3590
1992 3591
2660 3592
500 3593
3418 3594
1865 3595
934 3596
2833 3597
579 3598
2871 3599
568 3600
868 3601
47 3602
189 3603
3505 3604
141 3605
1757 3606
3126 3607
252 3608
1203 3609
970 3610
322 3611
610 3612
3325 3613
878 3614
2676 3615
989 3616
2339 3617
620 3618
3331 3619
69 3620
432 3621
836 3622
638 3623
187 3624
2025 3625
217 3626
766 3627
3544 3628
3383 3629
58 3630
1436 3631
1792 3632
2637 3633
1045 3634
259 3635
2565 3636
1975 3637
1256 3638
1288 3639
124 3640
2228 3641
2732 3642
2660 3643
1659 3644
241 3645
2926 3646
1549 3647
2653 3648
2622 3649
2226 3650
106 3651
322 3652
3465 3653
2645 3654
118 3655
2074 3656
399 3657
1491 3658
2874 3659
2462 3660
142 3661
3210 3662
3085 3663
2575 3664
879 3665
3035 3666
1856 3667
1892 3668
57 3669
3266 3670
240 3671
954 3672
1076 3673
2628 3674
2047 3675
2039 3676
511 3677
1031 3678
3008 3679
3317 3680
3669 3681
2272 3682
1483 3683
964 3684
1767 3685
861 3686
107 3687
2357 3688
1858 3689
207 3690
780 3691
3078 3692
1904 3693
677 3694
3081 3695
1618 3696
497 3697
1213 3698
3395 3699
559 3700
3330 3701
2067 3702
1103 3703
3526 3704
628 3705
1172 3706
3364 3707
2952 3708
446 3709
316 3710
3541 3711
65 3712
1629 3713
2483 3714
1122 3715
2339 3716
3220 3717
3684 3718
2026 3719
3331 3720
3305 3721
3296 3722
3128 3723
2905 3724
179 3725
904 3726
606 3727
1031 3728
1480 3729
1768 3730
2263 3731
3270 3732
3666 3733
3397 3734
1935 3735
3285 3736
2264 3737
3159 3738
303 3739
2529 3740
3021 3741
902 3742
3736 3743
3721 3744
1720 3745
837 3746
162 3747
3164 3748
735 3749
1445 3750
3298 3751
574 3752
309 3753
3068 3754
471 3755
1294 3756
1395 3757
2407 3758
775 3759
2424 3760
3235 3761
1563 3762
1537 3763
2013 3764
963 3765
587 3766
1935 3767
3626 3768
2660 3769
2277 3770
2573 3771
3559 3772
1531 3773
1902 3774
3415 3775
162 3776
391 3777
427 3778
3352 3779
2627 3780
385 3781
1511 3782
2083 3783
1485 3784
1106 3785
2641 3786
3303 3787
3272 3788
118 3789
813 3790
53 3791
140 3792
2611 3793
1252 3794
874 3795
3701 3796
2583 3797
3644 3798
3613 3799
2405 3800
2659 3801
1809 3802
319 3803
285 3804
1644 3805
495 3806
1442 3807
75 3808
1049 3809
2371 3810
1552 3811
2065 3812
3776 3813
153 3814
251 3815
611 3816
1856 3817
2883 3818
3712 3819
648 3820
1011 3821
1197 3822
1734 3823
1007 3824
495 3825
859 3826
2824 3827
2181 3828
2056 3829
3021 3830
1240 3831
3415 3832
633 3833
2571 3834
2673 3835
2075 3836
1276 3837
3706 3838
1794 3839
268 3840
628 3841
1476 3842
2287 3843
1552 3844
1364 3845
1649 3846
1158 3847
2647 3848
1096 3849
1504 3850
2543 3851
464 3852
3490 3853
2214 3854
3676 3855
908 3856
3311 3857
704 3858
906 3859
1144 3860
1329 3861
425 3862
2122 3863
2597 3864
1133 3865
206 3866
1038 3867
1067 3868
1635 3869
174 3870
967 3871
1213 3872
2362 3873
41 3874
225 3875
317 3876
218 3877
1535 3878
513 3879
2716 3880
3364 3881
1376 3882
1316 3883
1173 3884
3527 3885
3530 3886
1236 3887
938 3888
1227 3889
453 3890
3390 3891
490 3892
3840 3893
1564 3894
867 3895
1714 3896
2981 3897
1849 3898
763 3899
3572 3900
2471 3901
3516 3902
1902 3903
1151 3904
1839 3905
1358 3906
3616 3907
899 3908
2018 3909
3539 3910
1203 3911
1452 3912
3362 3913
2353 3914
3135 3915
1477 3916
1936 3917
3666 3918
2460 3919
2379 3920
3132 3921
3895 3922
2177 3923
722 3924
3782 3925
582 3926
3523 3927
127 3928
1891 3929
1119 3930
1593 3931
2061 3932
1423 3933
865 3934
336 3935
1308 3936
1032 3937
578 3938
868 3939
2809 3940
371 3941
2766 3942
986 3943
3686 3944
96 3945
2843 3946
458 3947
556 3948
1024 3949
1301 3950
1270 3951
131 3952
3146 3953
3433 3954
1998 3955
72 3956
1436 3957
1811 3958
1527 3959
779 3960
1832 3961
2543 3962
2905 3963
96 3964
2856 3965
3513 3966
3459 3967
640 3968
2242 3969
3045 3970
1759 3971
2436 3972
3510 3973
3107 3974
1191 3975
541 3976
1080 3977
2422 3978
3664 3979
3560 3980
906 3981
133 3982
1721 3983
1644 3984
1879 3985
1469 3986
3633 3987
1288 3988
511 3989
2655 3990
139 3991
3696 3992
2037 3993
391 3994
1829 3995
586 3996
3403 3997
564 3998
2790 3999
2710 4000
2940 4001
3511 4002
993 4003
1295 4004
1439 4005
3728 4006
3932 4007
3927 4008
77 4009
729 4010
1716 4011
282 4012
3057 4013
3554 4014
1480 4015
993 4016
2696 4017
626 4018
2674 4019
3838 4020
2283 4021
921 4022
1628 4023
1895 4024
13 4025
2138 4026
3982 4027
3229 4028
1044 4029
2620 4030
3074 4031
2610 4032
2210 4033
1834 4034
3858 4035
1785 4036
3159 4037
2066 4038
330 4039
3529 4040
2781 4041
3871 4042
1571 4043
985 4044
366 4045
2575 4046
3073 4047
224 4048
2307 4049
136 4050
109 4051
483 4052
329 4053
3302 4054
3612 4055
2937 4056
2336 4057
1323 4058
365 4059
612 4060
4052 4061
3486 4062
3910 4063
1564 4064
3432 4065
4036 4066
171 4067
3969 4068
2257 4069
1966 4070
674 4071
3464 4072
652 4073
2885 4074
1777 4075
472 4076
355 4077
1825 4078
224 4079
2285 4080
3368 4081
88 4082
1779 4083
1391 4084
3489 4085
1324 4086
152 4087
663 4088
207 4089
3183 4090
956 4091
716 4092
904 4093
2402 4094
2202 4095
2288 4096
623 4097
1288 4098
1869 4099
3166 4100
4044 4101
11 4102
2264 4103
2739 4104
3479 4105
3432 4106
2403 4107
1180 4108
982 4109
754 4110
822 4111
2405 4112
2799 4113
3313 4114
395 4115
3397 4116
1212 4117
1204 4118
72 4119
522 4120
2221 4121
2221 4122
3386 4123
1184 4124
3582 4125
575 4126
2446 4127
2025 4128
2703 4129
1121 4130
78 4131
2132 4132
3883 4133
3138 4134
635 4135
3349 4136
1714 4137
2092 4138
3332 4139
794 4140
1567 4141
3084 4142
3643 4143
3297 4144
2653 4145
3366 4146
2138 4147
731 4148
982 4149
1520 4150
607 4151
3265 4152
2533 4153
2340 4154
3495 4155
1439 4156
2787 4157
1794 4158
3778 4159
3636 4160
4002 4161
3827 4162
543 4163
1031 4164
2517 4165
2229 4166
201 4167
1929 4168
1993 4169
2559 4170
2289 4171
3335 4172
2888 4173
2305 4174
1720 4175
4135 4176
679 4177
1774 4178
1699 4179
2254 4180
2101 4181
3932 4182
3911 4183
3465 4184
2793 4185
3278 4186
1133 4187
3747 4188
3255 4189
3880 4190
2828 4191
486 4192
3061 4193
1664 4194
1356 4195
1738 4196
1514 4197
3325 4198
1766 4199
537 4200
1293 4201
4080 4202
1179 4203
943 4204
354 4205
3970 4206
3884 4207
721 4208
449 4209
3201 4210
3195 4211
2371 4212
2379 4213
1605 4214
2468 4215
1398 4216
3062 4217
2232 4218
1448 4219
29 4220
2714 4221
389 4222
3549 4223
2196 4224
4104 4225
26 4226
2619 4227
2254 4228
2847 4229
63 4230
3315 4231
3677 4232
2481 4233
3433 4234
1925 4235
3597 4236
2353 4237
2322 4238
3307 4239
3473 4240
143 4241
2300 4242
3475 4243
2969 4244
3936 4245
3603 4246
29 4247
3278 4248
1675 4249
3698 4250
3269 4251
1825 4252
2725 4253
2591 4254
1170 4255
1648 4256
2747 4257
3203 4258
3581 4259
268 4260
2294 4261
2671 4262
1305 4263
3926 4264
4071 4265
1086 4266
2332 4267
751 4268
3562 4269
472 4270
2774 4271
2647 4272
1410 4273
119 4274
1056 4275
1837 4276
3495 4277
1865 4278
3666 4279
3453 4280
1210 4281
2312 4282
2116 4283
2912 4284
3618 4285
1673 4286
1749 4287
3176 4288
3131 4289
3036 4290
3491 4291
3913 4292
2018 4293
565 4294
586 4295
1180 4296
2018 4297
3484 4298
4008 4299
3770 4300
2912 4301
468 4302
3003 4303
894 4304
1742 4305
1618 4306
375 4307
4140 4308
326 4309
341 4310
3057 4311
2755 4312
972 4313
3723 4314
274 4315
2713 4316
4027 4317
4265 4318
3798 4319
3866 4320
3437 4321
1443 4322
4219 4323
763 4324
3110 4325
3426 4326
1781 4327
217 4328
3464 4329
1304 4330
318 4331
224 4332
3215 4333
1456 4334
2372 4335
679 4336
1531 4337
4196 4338
1641 4339
1917 4340
3623 4341
770 4342
2122 4343
922 4344
3908 4345
3690 4346
1685 4347
1835 4348
2383 4349
2413 4350
1906 4351
2331 4352
59 4353
2146 4354
1191 4355
2580 4356
1676 4357
3593 4358
1436 4359
2891 4360
4003 4361
1180 4362
2478 4363
2310 4364
1189 4365
4323 4366
295 4367
4362 4368
853 4369
3648 4370
2685 4371
2711 4372
1356 4373
993 4374
1677 4375
4056 4376
928 4377
1691 4378
1380 4379
3592 4380
1331 4381
1148 4382
2628 4383
3435 4384
1729 4385
1413 4386
1485 4387
382 4388
2728 4389
3768 4390
2953 4391
277 4392
3810 4393
2237 4394
1080 4395
2199 4396
3816 4397
1636 4398
3673 4399
3194 4400
2911 4401
1975 4402
1758 4403
762 4404
3668 4405
949 4406
2487 4407
3854 4408
2369 4409
513 4410
3091 4411
4129 4412
1736 4413
2968 4414
4383 4415
1358 4416
2222 4417
1673 4418
690 4419
2044 4420
283 4421
105 4422
271 4423
2992 4424
728 4425
3903 4426
4132 4427
2338 4428
4381 4429
2388 4430
2731 4431
3643 4432
529 4433
4432 4434
495 4435
3281 4436
1288 4437
1690 4438
2009 4439
98 4440
3222 4441
3992 4442
815 4443
894 4444
1165 4445
304 4446
2057 4447
2510 4448
979 4449
2259 4450
992 4451
1658 4452
3391 4453
2657 4454
1194 4455
1364 4456
1999 4457
2555 4458
223 4459
1774 4460
3470 4461
1002 4462
2705 4463
3221 4464
4298 4465
4299 4466
1026 4467
1821 4468
3462 4469
1831 4470
1559 4471
3548 4472
2403 4473
4079 4474
2512 4475
1357 4476
1843 4477
4241 4478
409 4479
95 4480
4026 4481
4078 4482
1162 4483
1463 4484
3071 4485
1864 4486
2862 4487
3865 4488
3003 4489
2466 4490
1131 4491
4188 4492
746 4493
3707 4494
69 4495
340 4496
1136 4497
79 4498
4128 4499
2288 4500
4305 4501
3946 4502
1682 4503
3948 4504
359 4505
4262 4506
858 4507
919 4508
4040 4509
1735 4510
845 4511
434 4512
1944 4513
2939 4514
3505 4515
1483 4516
1337 4517
4104 4518
2534 4519
3230 4520
3024 4521
2616 4522
1422 4523
1192 4524
3474 4525
3404 4526
4445 4527
559 4528
4012 4529
728 4530
2976 4531
2558 4532
4449 4533
490 4534
413 4535
3472 4536
1277 4537
1807 4538
1036 4539
3046 4540
4389 4541
3564 4542
4159 4543
2713 4544
180 4545
932 4546
1515 4547
4352 4548
2438 4549
613 4550
3293 4551
3975 4552
1108 4553
532 4554
98 4555
3028 4556
1799 4557
3298 4558
4082 4559
469 4560
558 4561
1409 4562
2422 4563
2815 4564
4005 4565
4449 4566
1761 4567
4458 4568
547 4569
3055 4570
4401 4571
2935 4572
532 4573
2053 4574
774 4575
2109 4576
912 4577
2605 4578
22 4579
916 4580
3361 4581
1046 4582
3755 4583
798 4584
1017 4585
620 4586
2267 4587
492 4588
916 4589
2054 4590
3195 4591
1854 4592
2084 4593
4083 4594
3107 4595
848 4596
25 4597
1855 4598
2002 4599
4516 4600
4317 4601
3085 4602
2270 4603
3928 4604
4210 4605
2132 4606
3847 4607
2213 4608
696 4609
3540 4610
381 4611
1961 4612
1783 4613
3336 4614
1026 4615
1714 4616
468 4617
567 4618
4555 4619
2660 4620
4316 4621
1517 4622
2668 4623
4182 4624
1335 4625
2960 4626
3849 4627
2303 4628
703 4629
889 4630
167 4631
1485 4632
644 4633
2257 4634
1298 4635
3581 4636
3234 4637
723 4638
801 4639
2250 4640
549 4641
4421 4642
4231 4643
924 4644
838 4645
3643 4646
291 4647
2969 4648
2570 4649
189 4650
23 4651
1220 4652
485 4653
1808 4654
4450 4655
165 4656
2253 4657
2938 4658
266 4659
3954 4660
3979 4661
1997 4662
3228 4663
3445 4664
282 4665
2142 4666
2594 4667
1963 4668
4060 4669
234 4670
3203 4671
3809 4672
4243 4673
4427 4674
2803 4675
3941 4676
2028 4677
855 4678
3501 4679
2813 4680
986 4681
1363 4682
1250 4683
1625 4684
4048 4685
2531 4686
2426 4687
4332 4688
4246 4689
4595 4690
186 4691
1931 4692
1236 4693
3569 4694
391 4695
1186 4696
3823 4697
2141 4698
2360 4699
2318 4700
1356 4701
399 4702
3506 4703
268 4704
618 4705
1048 4706
3188 4707
4503 4708
2602 4709
19 4710
3369 4711
1193 4712
1396 4713
2282 4714
2526 4715
961 4716
3052 4717
1547 4718
1482 4719
4643 4720
2328 4721
2204 4722
2125 4723
627 4724
1641 4725
1454 4726
2545 4727
4083 4728
1532 4729
12 4730
3422 4731
3096 4732
3967 4733
1533 4734
2340 4735
1354 4736
374 4737
2726 4738
1470 4739
3311 4740
1425 4741
4437 4742
3786 4743
3074 4744
1800 4745
2043 4746
4348 4747
99 4748
1496 4749
2703 4750
480 4751
799 4752
3701 4753
3502 4754
3723 4755
1102 4756
2567 4757
2329 4758
1859 4759
1503 4760
1372 4761
2660 4762
2246 4763
1267 4764
2832 4765
3984 4766
1420 4767
2153 4768
3303 4769
4270 4770
2735 4771
338 4772
594 4773
1968 4774
2163 4775
4716 4776
2249 4777
2030 4778
2109 4779
3296 4780
3887 4781
1720 4782
3383 4783
3136 4784
3447 4785
1954 4786
4374 4787
1356 4788
262 4789
1740 4790
649 4791
879 4792
908 4793
437 4794
567 4795
3786 4796
430 4797
2248 4798
670 4799
2301 4800
4555 4801
179 4802
2069 4803
4389 4804
4736 4805
4751 4806
2115 4807
1559 4808
4231 4809
479 4810
4200 4811
1658 4812
1080 4813
1167 4814
4176 4815
3148 4816
4546 4817
1420 4818
2447 4819
453 4820
1297 4821
2327 4822
68 4823
4188 4824
893 4825
265 4826
4384 4827
1907 4828
1692 4829
3585 4830
2322 4831
4506 4832
3802 4833
3027 4834
4214 4835
1255 4836
3251 4837
414 4838
1791 4839
2726 4840
2469 4841
541 4842
3215 4843
3991 4844
1359 4845
2904 4846
3208 4847
2996 4848
3949 4849
2810 4850
3503 4851
3369 4852
1380 4853
1235 4854
3173 4855
955 4856
4713 4857
4073 4858
3819 4859
4026 4860
4377 4861
2803 4862
3364 4863
2919 4864
1332 4865
157 4866
696 4867
2880 4868
4243 4869
1813 4870
1752 4871
457 4872
281 4873
4622 4874
3296 4875
2669 4876
1192 4877
4033 4878
4396 4879
1801 4880
4560 4881
1296 4882
3538 4883
4520 4884
4299 4885
2569 4886
1877 4887
1370 4888
4553 4889
3528 4890
958 4891
2640 4892
3915 4893
1862 4894
1266 4895
3545 4896
1825 4897
3331 4898
2869 4899
1320 4900
4280 4901
4557 4902
2166 4903
3204 4904
2961 4905
2002 4906
1198 4907
1077 4908
4837 4909
4553 4910
2249 4911
1862 4912
25 4913
4879 4914
178 4915
2090 4916
221 4917
14 4918
2095 4919
4526 4920
148 4921
1125 4922
2498 4923
4165 4924
1210 4925
1868 4926
3676 4927
223 4928
1724 4929
4328 4930
908 4931
2081 4932
693 4933
181 4934
2029 4935
1230 4936
598 4937
1948 4938
2489 4939
2066 4940
2051 4941
2266 4942
106 4943
1242 4944
3789 4945
1830 4946
2202 4947
2468 4948
1740 4949
4587 4950
913 4951
515 4952
2705 4953
606 4954
538 4955
4341 4956
2358 4957
2530 4958
945 4959
762 4960
1785 4961
976 4962
399 4963
1111 4964
2842 4965
4776 4966
3676 4967
1899 4968
2579 4969
715 4970
2433 4971
1099 4972
3718 4973
3274 4974
4273 4975
3587 4976
780 4977
1244 4978
1393 4979
3004 4980
19 4981
723 4982
1358 4983
3412 4984
2509 4985
2247 4986
2808 4987
773 4988
4367 4989
4981 4990
4280 4991
2860 4992
2833 4993
4510 4994
3471 4995
4196 4996
4513 4997
1633 4998
3707 4999
1058 5000
