1 2
2 3
1 4
1 5
3 6
2 7
4 8
3 9
8 10
7 11
10 12
10 13
12 14
9 15
1 16
15 17
17 18
18 19
15 20
9 21
12 22
15 23
9 24
1 25
6 26
2 27
16 28
5 29
24 30
4 31
3 32
3 33
15 34
5 35
32 36
30 37
10 38
17 39
4 40
6 41
9 42
23 43
15 44
11 45
12 46
9 47
14 48
32 49
9 50
28 51
33 52
44 53
32 54
19 55
33 56
21 57
17 58
34 59
13 60
33 61
56 62
31 63
27 64
13 65
3 66
17 67
46 68
6 69
58 70
24 71
37 72
63 73
49 74
33 75
62 76
5 77
28 78
54 79
15 80
29 81
17 82
54 83
49 84
21 85
74 86
27 87
66 88
17 89
74 90
63 91
21 92
21 93
14 94
72 95
94 96
89 97
40 98
96 99
8 100
4 101
60 102
3 103
11 104
72 105
102 106
21 107
61 108
36 109
13 110
68 111
102 112
45 113
5 114
61 115
108 116
54 117
73 118
99 119
7 120
5 121
108 122
20 123
13 124
8 125
115 126
86 127
59 128
47 129
54 130
84 131
129 132
32 133
109 134
97 135
71 136
57 137
80 138
58 139
30 140
45 141
69 142
133 143
41 144
132 145
90 146
51 147
128 148
123 149
7 150
62 151
149 152
71 153
66 154
9 155
64 156
77 157
84 158
131 159
147 160
74 161
139 162
136 163
42 164
104 165
154 166
138 167
115 168
104 169
93 170
14 171
13 172
156 173
2 174
26 175
60 176
28 177
21 178
10 179
92 180
74 181
46 182
150 183
145 184
182 185
98 186
158 187
156 188
7 189
177 190
14 191
35 192
142 193
184 194
79 195
58 196
7 197
133 198
5 199
77 200
141 201
185 202
180 203
167 204
29 205
43 206
114 207
148 208
134 209
112 210
109 211
131 212
202 213
96 214
194 215
62 216
147 217
19 218
178 219
112 220
142 221
55 222
208 223
72 224
31 225
169 226
154 227
34 228
42 229
39 230
36 231
146 232
111 233
53 234
204 235
104 236
82 237
38 238
88 239
196 240
141 241
142 242
181 243
133 244
146 245
129 246
91 247
9 248
208 249
86 250
181 251
175 252
165 253
219 254
200 255
215 256
22 257
17 258
120 259
42 260
251 261
191 262
99 263
149 264
214 265
22 266
1 267
81 268
206 269
218 270
220 271
47 272
253 273
66 274
111 275
33 276
36 277
272 278
74 279
237 280
125 281
70 282
238 283
184 284
72 285
62 286
6 287
30 288
267 289
10 290
39 291
60 292
59 293
253 294
183 295
135 296
138 297
86 298
284 299
101 300
144 301
240 302
256 303
91 304
232 305
221 306
255 307
179 308
248 309
204 310
120 311
288 312
82 313
217 314
125 315
45 316
216 317
246 318
110 319
171 320
231 321
79 322
142 323
14 324
278 325
153 326
114 327
67 328
111 329
227 330
121 331
245 332
151 333
255 334
95 335
203 336
233 337
170 338
329 339
320 340
91 341
179 342
284 343
92 344
215 345
188 346
118 347
73 348
253 349
144 350
173 351
258 352
144 353
68 354
161 355
339 356
289 357
173 358
71 359
59 360
29 361
148 362
357 363
125 364
59 365
190 366
231 367
9 368
71 369
366 370
153 371
205 372
215 373
118 374
71 375
307 376
25 377
47 378
279 379
203 380
306 381
347 382
91 383
19 384
291 385
233 386
24 387
291 388
193 389
203 390
16 391
348 392
159 393
270 394
212 395
75 396
191 397
288 398
395 399
268 400
194 401
56 402
264 403
388 404
326 405
243 406
249 407
325 408
27 409
154 410
198 411
381 412
55 413
161 414
106 415
90 416
197 417
239 418
391 419
293 420
336 421
272 422
351 423
309 424
219 425
276 426
365 427
314 428
277 429
19 430
224 431
126 432
218 433
207 434
42 435
266 436
93 437
19 438
295 439
286 440
238 441
150 442
252 443
31 444
374 445
351 446
214 447
247 448
279 449
394 450
336 451
34 452
222 453
295 454
154 455
48 456
336 457
435 458
436 459
285 460
324 461
280 462
308 463
265 464
177 465
263 466
242 467
157 468
150 469
193 470
260 471
284 472
380 473
70 474
69 475
374 476
193 477
159 478
386 479
433 480
230 481
387 482
342 483
263 484
167 485
30 486
417 487
476 488
377 489
241 490
213 491
313 492
230 493
1 494
223 495
279 496
11 497
260 498
442 499
210 500
97 501
462 502
203 503
78 504
253 505
355 506
348 507
253 508
340 509
86 510
407 511
227 512
414 513
133 514
87 515
503 516
102 517
100 518
158 519
472 520
319 521
364 522
375 523
484 524
236 525
334 526
302 527
389 528
251 529
63 530
343 531
419 532
313 533
393 534
186 535
270 536
498 537
138 538
361 539
457 540
475 541
156 542
158 543
413 544
295 545
269 546
103 547
156 548
370 549
237 550
133 551
312 552
439 553
403 554
243 555
174 556
5 557
433 558
361 559
440 560
93 561
339 562
268 563
436 564
183 565
381 566
300 567
356 568
508 569
10 570
411 571
415 572
203 573
237 574
140 575
219 576
116 577
260 578
93 579
309 580
276 581
375 582
126 583
280 584
377 585
59 586
244 587
167 588
301 589
207 590
341 591
432 592
288 593
40 594
209 595
570 596
378 597
574 598
504 599
493 600
535 601
2 602
408 603
3 604
90 605
437 606
458 607
10 608
318 609
274 610
376 611
10 612
157 613
303 614
455 615
374 616
430 617
204 618
207 619
30 620
112 621
132 622
447 623
359 624
518 625
225 626
352 627
279 628
282 629
496 630
574 631
56 632
38 633
355 634
328 635
530 636
600 637
358 638
606 639
513 640
404 641
175 642
68 643
215 644
440 645
457 646
398 647
278 648
71 649
355 650
483 651
89 652
545 653
614 654
5 655
571 656
393 657
473 658
623 659
352 660
196 661
203 662
314 663
194 664
396 665
31 666
288 667
272 668
652 669
509 670
649 671
167 672
471 673
195 674
67 675
357 676
196 677
438 678
166 679
448 680
454 681
602 682
225 683
427 684
514 685
559 686
197 687
56 688
77 689
189 690
392 691
166 692
542 693
468 694
59 695
178 696
264 697
279 698
560 699
118 700
447 701
123 702
426 703
605 704
430 705
340 706
234 707
160 708
392 709
469 710
336 711
75 712
88 713
576 714
491 715
212 716
144 717
522 718
623 719
561 720
49 721
210 722
136 723
336 724
404 725
237 726
655 727
119 728
722 729
672 730
511 731
131 732
565 733
267 734
55 735
107 736
345 737
160 738
603 739
428 740
418 741
364 742
61 743
187 744
571 745
344 746
644 747
403 748
223 749
603 750
409 751
139 752
480 753
20 754
555 755
713 756
699 757
591 758
275 759
594 760
422 761
596 762
451 763
484 764
186 765
226 766
486 767
392 768
705 769
73 770
321 771
52 772
376 773
139 774
457 775
530 776
120 777
571 778
699 779
73 780
424 781
221 782
601 783
439 784
292 785
714 786
394 787
698 788
65 789
356 790
235 791
364 792
704 793
251 794
602 795
684 796
42 797
70 798
104 799
271 800
736 801
174 802
450 803
416 804
127 805
212 806
101 807
285 808
391 809
674 810
334 811
401 812
54 813
507 814
214 815
189 816
118 817
366 818
125 819
111 820
627 821
222 822
273 823
555 824
113 825
561 826
787 827
393 828
580 829
300 830
644 831
718 832
694 833
739 834
130 835
714 836
399 837
490 838
111 839
582 840
209 841
1 842
147 843
283 844
49 845
538 846
725 847
694 848
689 849
389 850
350 851
370 852
443 853
743 854
373 855
693 856
80 857
580 858
732 859
153 860
386 861
648 862
734 863
247 864
26 865
71 866
32 867
24 868
616 869
463 870
259 871
93 872
853 873
545 874
507 875
848 876
619 877
359 878
553 879
323 880
792 881
77 882
742 883
515 884
713 885
401 886
873 887
213 888
331 889
399 890
447 891
554 892
412 893
609 894
793 895
34 896
333 897
177 898
840 899
137 900
291 901
829 902
241 903
620 904
391 905
147 906
875 907
813 908
681 909
720 910
352 911
31 912
835 913
736 914
326 915
517 916
662 917
228 918
490 919
190 920
156 921
498 922
149 923
124 924
637 925
610 926
629 927
114 928
852 929
692 930
667 931
674 932
606 933
321 934
98 935
67 936
23 937
482 938
877 939
779 940
595 941
755 942
218 943
504 944
913 945
462 946
611 947
720 948
829 949
352 950
882 951
846 952
845 953
672 954
337 955
283 956
691 957
138 958
689 959
86 960
244 961
708 962
204 963
800 964
155 965
153 966
531 967
347 968
244 969
235 970
235 971
124 972
730 973
703 974
436 975
714 976
255 977
813 978
315 979
685 980
460 981
717 982
559 983
479 984
158 985
65 986
196 987
817 988
182 989
870 990
415 991
679 992
719 993
386 994
557 995
974 996
653 997
17 998
227 999
772 1000
783 1001
788 1002
400 1003
311 1004
110 1005
366 1006
213 1007
94 1008
540 1009
757 1010
742 1011
536 1012
574 1013
267 1014
39 1015
147 1016
198 1017
834 1018
916 1019
812 1020
707 1021
322 1022
260 1023
421 1024
884 1025
717 1026
1004 1027
935 1028
805 1029
439 1030
469 1031
555 1032
707 1033
287 1034
213 1035
187 1036
901 1037
472 1038
680 1039
795 1040
329 1041
137 1042
841 1043
627 1044
524 1045
857 1046
128 1047
443 1048
47 1049
445 1050
455 1051
824 1052
996 1053
586 1054
83 1055
880 1056
361 1057
424 1058
979 1059
179 1060
149 1061
44 1062
767 1063
357 1064
205 1065
854 1066
731 1067
294 1068
507 1069
700 1070
641 1071
842 1072
390 1073
825 1074
169 1075
989 1076
901 1077
828 1078
799 1079
527 1080
876 1081
830 1082
246 1083
723 1084
664 1085
541 1086
718 1087
837 1088
263 1089
633 1090
319 1091
1069 1092
159 1093
900 1094
18 1095
890 1096
485 1097
406 1098
671 1099
621 1100
1094 1101
697 1102
132 1103
118 1104
296 1105
202 1106
608 1107
1006 1108
711 1109
721 1110
557 1111
34 1112
778 1113
792 1114
783 1115
755 1116
1032 1117
969 1118
624 1119
66 1120
28 1121
963 1122
841 1123
834 1124
1054 1125
285 1126
811 1127
157 1128
935 1129
59 1130
1066 1131
275 1132
156 1133
337 1134
385 1135
348 1136
483 1137
807 1138
599 1139
533 1140
716 1141
1044 1142
297 1143
489 1144
1019 1145
998 1146
1082 1147
170 1148
87 1149
935 1150
706 1151
158 1152
979 1153
650 1154
37 1155
604 1156
193 1157
70 1158
648 1159
59 1160
362 1161
1131 1162
274 1163
841 1164
77 1165
1027 1166
741 1167
171 1168
1099 1169
737 1170
111 1171
106 1172
801 1173
424 1174
222 1175
220 1176
433 1177
804 1178
44 1179
8 1180
1022 1181
574 1182
241 1183
13 1184
1060 1185
118 1186
842 1187
131 1188
882 1189
265 1190
651 1191
593 1192
806 1193
543 1194
885 1195
21 1196
989 1197
613 1198
1104 1199
252 1200
126 1201
1031 1202
632 1203
731 1204
867 1205
873 1206
932 1207
216 1208
735 1209
79 1210
629 1211
576 1212
471 1213
1070 1214
452 1215
1003 1216
1002 1217
1022 1218
190 1219
181 1220
182 1221
1017 1222
858 1223
1134 1224
54 1225
923 1226
893 1227
183 1228
818 1229
106 1230
255 1231
876 1232
493 1233
251 1234
1028 1235
455 1236
421 1237
869 1238
1083 1239
467 1240
718 1241
316 1242
723 1243
840 1244
879 1245
1237 1246
45 1247
976 1248
137 1249
14 1250
125 1251
139 1252
194 1253
964 1254
1225 1255
339 1256
883 1257
140 1258
250 1259
32 1260
1257 1261
975 1262
238 1263
729 1264
306 1265
171 1266
743 1267
214 1268
882 1269
944 1270
291 1271
495 1272
486 1273
1057 1274
278 1275
230 1276
494 1277
625 1278
768 1279
683 1280
106 1281
1092 1282
1229 1283
428 1284
904 1285
1274 1286
104 1287
269 1288
49 1289
1099 1290
286 1291
410 1292
310 1293
1182 1294
616 1295
342 1296
1061 1297
870 1298
992 1299
1232 1300
329 1301
1240 1302
133 1303
250 1304
900 1305
427 1306
626 1307
1200 1308
714 1309
1070 1310
753 1311
309 1312
149 1313
7 1314
192 1315
831 1316
370 1317
1011 1318
237 1319
231 1320
1273 1321
159 1322
1282 1323
212 1324
605 1325
1297 1326
935 1327
141 1328
575 1329
1214 1330
393 1331
113 1332
891 1333
1307 1334
390 1335
143 1336
651 1337
1068 1338
1159 1339
1060 1340
18 1341
715 1342
526 1343
692 1344
242 1345
652 1346
1220 1347
890 1348
701 1349
763 1350
607 1351
761 1352
445 1353
875 1354
1220 1355
37 1356
560 1357
327 1358
145 1359
1108 1360
561 1361
787 1362
798 1363
1126 1364
1311 1365
165 1366
675 1367
1089 1368
664 1369
946 1370
360 1371
642 1372
292 1373
719 1374
110 1375
933 1376
89 1377
310 1378
1229 1379
35 1380
1159 1381
635 1382
1364 1383
1029 1384
659 1385
956 1386
1037 1387
969 1388
166 1389
392 1390
659 1391
237 1392
310 1393
1134 1394
1308 1395
145 1396
213 1397
660 1398
1305 1399
1362 1400
999 1401
303 1402
314 1403
983 1404
1353 1405
1203 1406
291 1407
159 1408
487 1409
905 1410
1083 1411
937 1412
1351 1413
1373 1414
566 1415
123 1416
313 1417
500 1418
1063 1419
1329 1420
1328 1421
544 1422
606 1423
1291 1424
1216 1425
410 1426
1369 1427
136 1428
52 1429
1003 1430
1126 1431
1065 1432
942 1433
1128 1434
710 1435
537 1436
1350 1437
214 1438
124 1439
632 1440
623 1441
1066 1442
109 1443
241 1444
1077 1445
1099 1446
253 1447
703 1448
591 1449
807 1450
588 1451
805 1452
872 1453
1045 1454
1162 1455
551 1456
335 1457
828 1458
1451 1459
1074 1460
680 1461
462 1462
249 1463
203 1464
74 1465
791 1466
551 1467
931 1468
807 1469
696 1470
134 1471
495 1472
228 1473
193 1474
85 1475
598 1476
1369 1477
573 1478
629 1479
1215 1480
170 1481
564 1482
704 1483
258 1484
828 1485
805 1486
789 1487
1112 1488
418 1489
1110 1490
814 1491
1213 1492
954 1493
1155 1494
622 1495
1115 1496
650 1497
562 1498
540 1499
616 1500
1080 1501
994 1502
843 1503
1219 1504
719 1505
440 1506
1413 1507
379 1508
533 1509
1072 1510
458 1511
548 1512
1467 1513
115 1514
599 1515
614 1516
1105 1517
13 1518
208 1519
388 1520
658 1521
1016 1522
1043 1523
1269 1524
1432 1525
423 1526
689 1527
669 1528
1493 1529
278 1530
334 1531
97 1532
720 1533
904 1534
268 1535
775 1536
965 1537
550 1538
445 1539
505 1540
1280 1541
801 1542
152 1543
331 1544
286 1545
321 1546
1246 1547
270 1548
203 1549
435 1550
1329 1551
55 1552
1030 1553
543 1554
1390 1555
658 1556
726 1557
425 1558
1039 1559
574 1560
927 1561
1275 1562
681 1563
1284 1564
904 1565
465 1566
497 1567
729 1568
56 1569
839 1570
1549 1571
966 1572
814 1573
477 1574
1559 1575
365 1576
449 1577
421 1578
5 1579
601 1580
1346 1581
815 1582
1547 1583
359 1584
1345 1585
719 1586
724 1587
33 1588
1538 1589
1011 1590
1180 1591
1499 1592
741 1593
1348 1594
750 1595
1251 1596
177 1597
793 1598
1099 1599
1572 1600
1044 1601
374 1602
463 1603
212 1604
296 1605
1420 1606
963 1607
1543 1608
1186 1609
130 1610
655 1611
498 1612
754 1613
118 1614
361 1615
535 1616
586 1617
504 1618
790 1619
126 1620
89 1621
1155 1622
426 1623
1278 1624
179 1625
639 1626
1522 1627
1164 1628
1052 1629
486 1630
1476 1631
1025 1632
746 1633
434 1634
896 1635
86 1636
933 1637
597 1638
396 1639
332 1640
1291 1641
399 1642
860 1643
961 1644
1085 1645
1613 1646
33 1647
568 1648
906 1649
121 1650
641 1651
291 1652
533 1653
1014 1654
1312 1655
1390 1656
146 1657
907 1658
1507 1659
528 1660
668 1661
924 1662
865 1663
166 1664
1637 1665
794 1666
694 1667
1330 1668
487 1669
506 1670
54 1671
553 1672
1624 1673
737 1674
1102 1675
1312 1676
198 1677
288 1678
659 1679
1627 1680
1003 1681
454 1682
542 1683
443 1684
718 1685
610 1686
1188 1687
769 1688
836 1689
1406 1690
209 1691
845 1692
420 1693
595 1694
1553 1695
747 1696
676 1697
1409 1698
1310 1699
540 1700
1700 1701
1658 1702
1489 1703
1452 1704
1586 1705
1186 1706
44 1707
958 1708
814 1709
1287 1710
983 1711
165 1712
349 1713
1676 1714
770 1715
624 1716
561 1717
211 1718
963 1719
1239 1720
485 1721
1178 1722
1520 1723
1155 1724
1095 1725
867 1726
1292 1727
5 1728
263 1729
1310 1730
394 1731
1648 1732
1330 1733
67 1734
424 1735
800 1736
130 1737
12 1738
168 1739
407 1740
705 1741
536 1742
1160 1743
1552 1744
615 1745
1655 1746
894 1747
1200 1748
110 1749
31 1750
1366 1751
84 1752
251 1753
952 1754
1624 1755
57 1756
1104 1757
481 1758
870 1759
656 1760
979 1761
743 1762
1701 1763
362 1764
1301 1765
1281 1766
153 1767
1299 1768
369 1769
1726 1770
1244 1771
1106 1772
73 1773
777 1774
835 1775
1022 1776
1037 1777
295 1778
1671 1779
513 1780
621 1781
384 1782
327 1783
580 1784
695 1785
1067 1786
945 1787
1091 1788
716 1789
1145 1790
1175 1791
1527 1792
925 1793
1654 1794
1500 1795
369 1796
738 1797
1505 1798
707 1799
813 1800
120 1801
897 1802
971 1803
900 1804
709 1805
681 1806
1438 1807
825 1808
1237 1809
159 1810
1342 1811
1654 1812
1809 1813
1230 1814
1638 1815
1181 1816
169 1817
1333 1818
452 1819
1060 1820
295 1821
922 1822
1552 1823
1231 1824
430 1825
1038 1826
1678 1827
1222 1828
1474 1829
127 1830
1020 1831
960 1832
1676 1833
1185 1834
1756 1835
1495 1836
1825 1837
1621 1838
376 1839
1780 1840
106 1841
1462 1842
827 1843
376 1844
1260 1845
993 1846
1798 1847
704 1848
791 1849
837 1850
624 1851
1802 1852
452 1853
1700 1854
1551 1855
90 1856
1737 1857
1051 1858
1029 1859
1636 1860
202 1861
1861 1862
1721 1863
165 1864
785 1865
392 1866
27 1867
196 1868
1624 1869
1459 1870
1 1871
1656 1872
1156 1873
346 1874
150 1875
1155 1876
1754 1877
584 1878
359 1879
25 1880
191 1881
1689 1882
543 1883
262 1884
1515 1885
1479 1886
1130 1887
1302 1888
610 1889
91 1890
101 1891
568 1892
387 1893
790 1894
510 1895
521 1896
724 1897
1120 1898
1058 1899
127 1900
1160 1901
1702 1902
1592 1903
1466 1904
23 1905
1214 1906
1492 1907
267 1908
1875 1909
526 1910
227 1911
1540 1912
312 1913
452 1914
1731 1915
37 1916
244 1917
19 1918
705 1919
182 1920
686 1921
489 1922
917 1923
721 1924
983 1925
158 1926
941 1927
1028 1928
1300 1929
36 1930
1808 1931
729 1932
1811 1933
1626 1934
148 1935
1012 1936
857 1937
518 1938
1589 1939
1295 1940
40 1941
1025 1942
1852 1943
565 1944
1649 1945
949 1946
665 1947
480 1948
82 1949
1250 1950
1479 1951
1808 1952
1708 1953
10 1954
1494 1955
910 1956
426 1957
1707 1958
722 1959
1726 1960
271 1961
1603 1962
100 1963
12 1964
1392 1965
1945 1966
1844 1967
462 1968
200 1969
1503 1970
441 1971
1663 1972
1744 1973
1039 1974
1665 1975
1255 1976
1831 1977
916 1978
478 1979
763 1980
1137 1981
1209 1982
892 1983
712 1984
597 1985
181 1986
1723 1987
939 1988
885 1989
657 1990
1880 1991
1086 1992
660 1993
654 1994
476 1995
1347 1996
1156 1997
782 1998
1648 1999
714 2000
1713 2001
1708 2002
697 2003
323 2004
1778 2005
884 2006
8 2007
263 2008
1509 2009
1368 2010
1828 2011
275 2012
105 2013
1674 2014
144 2015
186 2016
264 2017
1803 2018
2015 2019
743 2020
120 2021
156 2022
1102 2023
1592 2024
726 2025
308 2026
376 2027
1715 2028
1610 2029
720 2030
1249 2031
1942 2032
798 2033
181 2034
1771 2035
515 2036
441 2037
244 2038
1882 2039
885 2040
2033 2041
1937 2042
578 2043
1367 2044
752 2045
671 2046
157 2047
837 2048
1845 2049
1702 2050
800 2051
836 2052
446 2053
43 2054
313 2055
961 2056
1420 2057
1749 2058
350 2059
1589 2060
441 2061
1273 2062
1044 2063
1337 2064
815 2065
1183 2066
437 2067
516 2068
972 2069
1382 2070
2025 2071
838 2072
1992 2073
1647 2074
1585 2075
2016 2076
1491 2077
1369 2078
1447 2079
1316 2080
1678 2081
496 2082
1865 2083
719 2084
316 2085
1592 2086
765 2087
1389 2088
848 2089
1623 2090
881 2091
1669 2092
345 2093
1742 2094
638 2095
1917 2096
1509 2097
1394 2098
1256 2099
712 2100
461 2101
938 2102
726 2103
1484 2104
1304 2105
986 2106
648 2107
9 2108
1690 2109
1156 2110
649 2111
1819 2112
1570 2113
1803 2114
811 2115
515 2116
1504 2117
1921 2118
421 2119
74 2120
1217 2121
316 2122
797 2123
743 2124
1634 2125
221 2126
1253 2127
134 2128
22 2129
1129 2130
1679 2131
1297 2132
884 2133
159 2134
178 2135
1944 2136
2096 2137
275 2138
1152 2139
1508 2140
2134 2141
503 2142
1150 2143
1615 2144
1447 2145
540 2146
962 2147
81 2148
781 2149
247 2150
898 2151
664 2152
1823 2153
1950 2154
1149 2155
1349 2156
823 2157
413 2158
646 2159
326 2160
1238 2161
430 2162
1424 2163
2024 2164
1364 2165
1135 2166
1770 2167
1788 2168
862 2169
2102 2170
1753 2171
111 2172
635 2173
1146 2174
1523 2175
778 2176
855 2177
102 2178
1907 2179
1501 2180
326 2181
1231 2182
1144 2183
449 2184
1178 2185
1261 2186
1359 2187
572 2188
1568 2189
1037 2190
607 2191
2116 2192
287 2193
347 2194
315 2195
1770 2196
1105 2197
1361 2198
158 2199
2057 2200
1513 2201
976 2202
303 2203
692 2204
758 2205
681 2206
1009 2207
1868 2208
1596 2209
704 2210
775 2211
2117 2212
954 2213
109 2214
231 2215
2180 2216
2134 2217
1760 2218
1082 2219
1884 2220
1962 2221
1579 2222
1657 2223
1999 2224
1801 2225
1143 2226
1232 2227
2200 2228
1712 2229
1519 2230
979 2231
1060 2232
1403 2233
726 2234
656 2235
1455 2236
55 2237
1378 2238
32 2239
2197 2240
282 2241
64 2242
718 2243
1497 2244
548 2245
1082 2246
1777 2247
1838 2248
1789 2249
1346 2250
423 2251
848 2252
1989 2253
2111 2254
2160 2255
1248 2256
1871 2257
147 2258
1339 2259
2155 2260
2120 2261
578 2262
1373 2263
859 2264
1816 2265
1426 2266
486 2267
2130 2268
486 2269
2097 2270
1484 2271
1792 2272
2257 2273
196 2274
1695 2275
1889 2276
2230 2277
18 2278
1304 2279
1959 2280
828 2281
1737 2282
993 2283
1021 2284
716 2285
1811 2286
946 2287
135 2288
896 2289
828 2290
1965 2291
1585 2292
682 2293
1780 2294
1715 2295
1714 2296
2075 2297
740 2298
1384 2299
1637 2300
974 2301
1363 2302
634 2303
1841 2304
293 2305
1668 2306
1762 2307
1315 2308
302 2309
528 2310
796 2311
867 2312
1685 2313
248 2314
2075 2315
1400 2316
2076 2317
1055 2318
1060 2319
1607 2320
1089 2321
1843 2322
841 2323
1397 2324
2018 2325
339 2326
2141 2327
662 2328
1837 2329
476 2330
1557 2331
1312 2332
695 2333
1059 2334
1630 2335
1199 2336
1217 2337
1661 2338
533 2339
1916 2340
76 2341
729 2342
2093 2343
445 2344
1700 2345
119 2346
952 2347
508 2348
2121 2349
443 2350
608 2351
1662 2352
756 2353
1022 2354
760 2355
1807 2356
2226 2357
367 2358
256 2359
31 2360
351 2361
2046 2362
1663 2363
1503 2364
132 2365
1668 2366
772 2367
1331 2368
1713 2369
1298 2370
838 2371
769 2372
570 2373
950 2374
2103 2375
1997 2376
2094 2377
1998 2378
478 2379
2193 2380
1967 2381
948 2382
2290 2383
16 2384
1418 2385
142 2386
239 2387
1467 2388
1207 2389
1252 2390
474 2391
2046 2392
1647 2393
1196 2394
232 2395
405 2396
2350 2397
1998 2398
913 2399
1075 2400
997 2401
986 2402
559 2403
866 2404
2194 2405
444 2406
1231 2407
889 2408
404 2409
973 2410
2348 2411
567 2412
1641 2413
2157 2414
975 2415
469 2416
1802 2417
632 2418
90 2419
816 2420
1356 2421
2286 2422
1096 2423
1173 2424
1982 2425
1459 2426
1484 2427
2358 2428
175 2429
90 2430
1556 2431
1558 2432
2064 2433
254 2434
1549 2435
2158 2436
402 2437
1214 2438
2028 2439
734 2440
919 2441
164 2442
528 2443
1442 2444
2169 2445
863 2446
1220 2447
420 2448
543 2449
2363 2450
1406 2451
345 2452
1486 2453
2091 2454
1341 2455
939 2456
2396 2457
2336 2458
2104 2459
1852 2460
1475 2461
308 2462
1833 2463
1983 2464
468 2465
1465 2466
822 2467
1822 2468
1390 2469
1377 2470
1056 2471
1749 2472
1261 2473
1044 2474
468 2475
782 2476
1749 2477
567 2478
1772 2479
1196 2480
453 2481
401 2482
538 2483
1015 2484
1322 2485
1065 2486
688 2487
1885 2488
2094 2489
463 2490
1454 2491
1858 2492
1572 2493
2416 2494
1270 2495
1150 2496
1698 2497
338 2498
2437 2499
803 2500
1028 2501
1335 2502
3 2503
1538 2504
937 2505
1571 2506
1208 2507
1439 2508
653 2509
1365 2510
2284 2511
1082 2512
1598 2513
2223 2514
2406 2515
909 2516
691 2517
302 2518
356 2519
689 2520
928 2521
1136 2522
5 2523
1242 2524
1467 2525
154 2526
722 2527
1705 2528
2213 2529
1651 2530
1319 2531
317 2532
770 2533
849 2534
830 2535
459 2536
503 2537
2117 2538
2286 2539
1246 2540
1654 2541
981 2542
1357 2543
2011 2544
1732 2545
125 2546
1929 2547
239 2548
1107 2549
1311 2550
85 2551
692 2552
2506 2553
274 2554
857 2555
1430 2556
2099 2557
322 2558
518 2559
501 2560
584 2561
1279 2562
396 2563
2002 2564
1061 2565
1683 2566
2337 2567
1056 2568
1396 2569
91 2570
1643 2571
940 2572
2190 2573
2091 2574
2469 2575
1243 2576
1317 2577
568 2578
1831 2579
91 2580
1864 2581
898 2582
1790 2583
508 2584
1852 2585
858 2586
1322 2587
1121 2588
601 2589
534 2590
76 2591
204 2592
2010 2593
1867 2594
1253 2595
2585 2596
975 2597
1343 2598
2001 2599
2104 2600
544 2601
1069 2602
1114 2603
2064 2604
1392 2605
751 2606
1373 2607
1277 2608
1896 2609
2381 2610
342 2611
430 2612
1974 2613
764 2614
1354 2615
581 2616
18 2617
1720 2618
1941 2619
579 2620
610 2621
1649 2622
1614 2623
1869 2624
859 2625
1058 2626
2271 2627
282 2628
2291 2629
2270 2630
2319 2631
1042 2632
1205 2633
1626 2634
2014 2635
1448 2636
871 2637
762 2638
2019 2639
820 2640
728 2641
59 2642
2423 2643
2408 2644
1477 2645
2345 2646
926 2647
1663 2648
864 2649
644 2650
1253 2651
2274 2652
1497 2653
2279 2654
676 2655
15 2656
1758 2657
1705 2658
176 2659
707 2660
1556 2661
2056 2662
1311 2663
1093 2664
1265 2665
2195 2666
1054 2667
913 2668
2463 2669
2647 2670
352 2671
1695 2672
28 2673
924 2674
1000 2675
280 2676
75 2677
1470 2678
1463 2679
1952 2680
2126 2681
1768 2682
997 2683
1644 2684
1855 2685
776 2686
201 2687
499 2688
1575 2689
2338 2690
1652 2691
255 2692
1716 2693
1582 2694
1976 2695
2062 2696
494 2697
2349 2698
1625 2699
1042 2700
1909 2701
1206 2702
2662 2703
1188 2704
1969 2705
857 2706
1119 2707
867 2708
2276 2709
991 2710
1989 2711
1485 2712
718 2713
2298 2714
129 2715
1300 2716
1625 2717
2573 2718
441 2719
2440 2720
1673 2721
1816 2722
2154 2723
1350 2724
1873 2725
761 2726
1385 2727
1002 2728
76 2729
2290 2730
1408 2731
770 2732
1165 2733
2340 2734
2659 2735
2694 2736
311 2737
112 2738
243 2739
1565 2740
67 2741
927 2742
362 2743
1080 2744
716 2745
1200 2746
2133 2747
1008 2748
202 2749
1687 2750
731 2751
1449 2752
1754 2753
1158 2754
2164 2755
859 2756
778 2757
2234 2758
2398 2759
1150 2760
1513 2761
599 2762
1238 2763
2169 2764
579 2765
128 2766
1835 2767
64 2768
1518 2769
319 2770
1727 2771
2195 2772
514 2773
1684 2774
2474 2775
67 2776
1246 2777
415 2778
912 2779
1010 2780
1479 2781
1683 2782
383 2783
1441 2784
1803 2785
424 2786
2708 2787
861 2788
1920 2789
918 2790
1885 2791
1232 2792
1431 2793
1009 2794
1519 2795
2318 2796
1612 2797
1514 2798
2761 2799
1099 2800
574 2801
449 2802
2181 2803
1215 2804
2491 2805
1538 2806
25 2807
1559 2808
402 2809
1192 2810
2265 2811
7 2812
117 2813
1519 2814
207 2815
330 2816
1367 2817
246 2818
1559 2819
2098 2820
1945 2821
443 2822
1146 2823
1381 2824
59 2825
499 2826
2486 2827
1689 2828
484 2829
375 2830
2600 2831
1359 2832
441 2833
2488 2834
626 2835
395 2836
985 2837
512 2838
2285 2839
691 2840
1725 2841
1750 2842
1760 2843
1033 2844
1699 2845
349 2846
2462 2847
2116 2848
1659 2849
941 2850
2328 2851
104 2852
2223 2853
889 2854
1726 2855
952 2856
1959 2857
1024 2858
1060 2859
1726 2860
1132 2861
2132 2862
1394 2863
433 2864
892 2865
360 2866
1911 2867
2856 2868
2840 2869
2278 2870
2245 2871
836 2872
770 2873
2735 2874
2045 2875
1297 2876
2029 2877
1516 2878
1173 2879
1773 2880
2822 2881
147 2882
1102 2883
5 2884
2273 2885
5 2886
56 2887
1977 2888
724 2889
2452 2890
1275 2891
1876 2892
1221 2893
2571 2894
2534 2895
1432 2896
1999 2897
1314 2898
1294 2899
335 2900
1942 2901
1614 2902
183 2903
515 2904
722 2905
2111 2906
2526 2907
56 2908
1718 2909
633 2910
1671 2911
982 2912
58 2913
2190 2914
2628 2915
1570 2916
1743 2917
928 2918
2468 2919
991 2920
1475 2921
398 2922
1748 2923
2454 2924
2151 2925
2203 2926
412 2927
2918 2928
2117 2929
326 2930
1737 2931
1037 2932
340 2933
1033 2934
2822 2935
58 2936
867 2937
310 2938
1341 2939
2254 2940
1257 2941
197 2942
2811 2943
811 2944
2656 2945
1704 2946
2413 2947
737 2948
2528 2949
485 2950
537 2951
679 2952
904 2953
734 2954
2766 2955
2623 2956
1807 2957
1775 2958
2770 2959
489 2960
1978 2961
2204 2962
111 2963
2891 2964
529 2965
976 2966
692 2967
794 2968
1104 2969
855 2970
1074 2971
1800 2972
1009 2973
621 2974
2010 2975
291 2976
550 2977
1325 2978
982 2979
596 2980
279 2981
1018 2982
1213 2983
628 2984
2936 2985
2177 2986
793 2987
1487 2988
1756 2989
2245 2990
2971 2991
575 2992
395 2993
1364 2994
1002 2995
1368 2996
1073 2997
225 2998
384 2999
1180 3000
246 3001
369 3002
1356 3003
393 3004
1911 3005
2877 3006
2417 3007
562 3008
2328 3009
456 3010
2501 3011
1978 3012
1675 3013
1032 3014
2709 3015
1141 3016
2442 3017
435 3018
1020 3019
2086 3020
1119 3021
2229 3022
2618 3023
249 3024
604 3025
1767 3026
311 3027
504 3028
163 3029
1159 3030
957 3031
612 3032
2320 3033
2801 3034
1276 3035
873 3036
713 3037
814 3038
35 3039
2896 3040
2189 3041
2157 3042
1405 3043
3004 3044
1055 3045
1727 3046
1189 3047
1456 3048
402 3049
616 3050
2422 3051
2329 3052
861 3053
2677 3054
3002 3055
2926 3056
699 3057
2099 3058
1586 3059
79 3060
685 3061
978 3062
616 3063
376 3064
503 3065
2562 3066
2755 3067
2008 3068
2538 3069
1606 3070
2487 3071
538 3072
1174 3073
865 3074
2063 3075
2617 3076
2573 3077
433 3078
195 3079
2902 3080
2464 3081
2776 3082
2370 3083
1859 3084
487 3085
2773 3086
701 3087
317 3088
1246 3089
92 3090
2446 3091
373 3092
1821 3093
2637 3094
2242 3095
1480 3096
2814 3097
601 3098
1764 3099
526 3100
1425 3101
2580 3102
1638 3103
2480 3104
772 3105
113 3106
961 3107
2752 3108
2425 3109
2547 3110
812 3111
476 3112
1516 3113
814 3114
2025 3115
2771 3116
650 3117
1590 3118
658 3119
1150 3120
1020 3121
1751 3122
716 3123
2513 3124
454 3125
2957 3126
2094 3127
2609 3128
377 3129
2329 3130
1377 3131
1963 3132
255 3133
1189 3134
834 3135
812 3136
530 3137
1199 3138
3083 3139
2222 3140
2339 3141
1417 3142
368 3143
2692 3144
842 3145
336 3146
294 3147
2984 3148
1432 3149
2298 3150
1568 3151
2755 3152
231 3153
75 3154
11 3155
3090 3156
2154 3157
1529 3158
3024 3159
262 3160
1248 3161
3009 3162
3004 3163
2113 3164
2510 3165
540 3166
1088 3167
2048 3168
1266 3169
1357 3170
1415 3171
2891 3172
1443 3173
2083 3174
941 3175
2367 3176
1419 3177
11 3178
1879 3179
390 3180
2267 3181
548 3182
1280 3183
284 3184
2265 3185
476 3186
200 3187
2845 3188
2612 3189
2425 3190
396 3191
1594 3192
1131 3193
2878 3194
3085 3195
1601 3196
2898 3197
1952 3198
234 3199
417 3200
3023 3201
3113 3202
2260 3203
2507 3204
2186 3205
215 3206
2467 3207
2066 3208
742 3209
1693 3210
2872 3211
3153 3212
3027 3213
905 3214
2401 3215
1005 3216
2345 3217
2992 3218
3115 3219
2726 3220
3005 3221
838 3222
2087 3223
1161 3224
1885 3225
2048 3226
718 3227
457 3228
176 3229
307 3230
131 3231
1029 3232
3086 3233
501 3234
1803 3235
868 3236
1184 3237
2235 3238
1355 3239
1260 3240
2293 3241
508 3242
1137 3243
1365 3244
310 3245
2051 3246
1123 3247
3160 3248
1409 3249
824 3250
405 3251
490 3252
1630 3253
1654 3254
2713 3255
2391 3256
461 3257
1901 3258
815 3259
862 3260
1061 3261
866 3262
1865 3263
1615 3264
1267 3265
245 3266
1587 3267
2730 3268
960 3269
1433 3270
1179 3271
374 3272
2492 3273
876 3274
753 3275
2028 3276
3024 3277
1082 3278
1807 3279
152 3280
726 3281
2450 3282
2952 3283
1835 3284
2042 3285
1075 3286
1981 3287
1703 3288
863 3289
1031 3290
403 3291
1244 3292
2472 3293
2803 3294
336 3295
1586 3296
566 3297
2510 3298
3051 3299
2535 3300
3101 3301
2713 3302
1977 3303
1047 3304
534 3305
1925 3306
455 3307
3093 3308
2629 3309
1683 3310
1507 3311
2028 3312
2813 3313
3002 3314
344 3315
2192 3316
2641 3317
3288 3318
1570 3319
1228 3320
2429 3321
2132 3322
2159 3323
193 3324
1991 3325
576 3326
2093 3327
842 3328
1673 3329
2680 3330
1379 3331
756 3332
2262 3333
1065 3334
3275 3335
2955 3336
2322 3337
2802 3338
1768 3339
1982 3340
1452 3341
1378 3342
1554 3343
1638 3344
853 3345
1831 3346
739 3347
1164 3348
1118 3349
1153 3350
2616 3351
1620 3352
2994 3353
2155 3354
1933 3355
1709 3356
671 3357
307 3358
2671 3359
1685 3360
65 3361
3045 3362
2098 3363
1809 3364
2283 3365
2182 3366
1926 3367
3358 3368
1456 3369
2033 3370
970 3371
1445 3372
540 3373
3109 3374
2839 3375
3350 3376
2354 3377
3370 3378
262 3379
3178 3380
183 3381
1476 3382
3226 3383
3103 3384
1060 3385
2994 3386
1361 3387
3136 3388
1691 3389
593 3390
1313 3391
818 3392
2601 3393
606 3394
606 3395
461 3396
1508 3397
624 3398
931 3399
1434 3400
492 3401
76 3402
2865 3403
668 3404
1310 3405
1854 3406
2062 3407
1280 3408
976 3409
2437 3410
3059 3411
2873 3412
648 3413
2498 3414
991 3415
1580 3416
113 3417
3312 3418
1762 3419
100 3420
1685 3421
2641 3422
2652 3423
1070 3424
3069 3425
3005 3426
2925 3427
782 3428
1003 3429
115 3430
959 3431
3146 3432
1030 3433
2876 3434
1425 3435
2099 3436
1075 3437
1463 3438
2333 3439
917 3440
2217 3441
367 3442
1636 3443
1339 3444
2368 3445
1586 3446
173 3447
68 3448
1554 3449
2412 3450
886 3451
1548 3452
1921 3453
468 3454
40 3455
1805 3456
2823 3457
2573 3458
3242 3459
2713 3460
365 3461
3153 3462
602 3463
2000 3464
2533 3465
1122 3466
159 3467
771 3468
434 3469
265 3470
889 3471
2183 3472
2885 3473
2567 3474
1420 3475
1994 3476
2238 3477
2144 3478
75 3479
678 3480
905 3481
2338 3482
2636 3483
1440 3484
284 3485
1664 3486
1355 3487
2758 3488
515 3489
1887 3490
1100 3491
3478 3492
2564 3493
1185 3494
372 3495
3464 3496
259 3497
3036 3498
1979 3499
215 3500
64 3501
2227 3502
806 3503
1412 3504
1203 3505
2529 3506
1959 3507
3324 3508
2935 3509
2774 3510
1584 3511
956 3512
960 3513
947 3514
653 3515
1921 3516
1737 3517
1441 3518
2218 3519
250 3520
2094 3521
2528 3522
1148 3523
3476 3524
649 3525
525 3526
3494 3527
538 3528
1924 3529
898 3530
22 3531
127 3532
2889 3533
1834 3534
371 3535
1032 3536
114 3537
2843 3538
1571 3539
294 3540
499 3541
1089 3542
1597 3543
2972 3544
507 3545
2299 3546
3437 3547
3344 3548
330 3549
2382 3550
436 3551
1830 3552
1240 3553
3425 3554
1788 3555
837 3556
3260 3557
2653 3558
633 3559
1822 3560
1197 3561
155 3562
1374 3563
916 3564
2053 3565
787 3566
14 3567
2520 3568
1603 3569
3480 3570
1420 3571
2503 3572
4 3573
1417 3574
3464 3575
1399 3576
3391 3577
2220 3578
1424 3579
2958 3580
1681 3581
3462 3582
2044 3583
3049 3584
1534 3585
1519 3586
1340 3587
782 3588
816 3589
1016 3590
3285 3591
1605 3592
1895 3593
3224 3594
3299 3595
1484 3596
3002 3597
100 3598
1729 3599
451 3600
707 3601
2151 3602
1715 3603
1713 3604
3583 3605
2497 3606
1714 3607
2197 3608
3116 3609
2879 3610
1058 3611
3160 3612
551 3613
2361 3614
1524 3615
2458 3616
776 3617
710 3618
472 3619
1183 3620
1136 3621
1460 3622
2056 3623
2499 3624
3501 3625
2443 3626
1170 3627
888 3628
2312 3629
668 3630
3246 3631
1401 3632
141 3633
1407 3634
2043 3635
2032 3636
1809 3637
626 3638
2886 3639
3493 3640
1768 3641
3119 3642
1952 3643
1493 3644
453 3645
2411 3646
1546 3647
2786 3648
1054 3649
270 3650
579 3651
3598 3652
2777 3653
2580 3654
61 3655
2127 3656
262 3657
3391 3658
6 3659
2964 3660
2431 3661
1473 3662
730 3663
1337 3664
3277 3665
1844 3666
2291 3667
2490 3668
172 3669
2900 3670
1548 3671
214 3672
425 3673
568 3674
43 3675
3097 3676
320 3677
3415 3678
3163 3679
1802 3680
1649 3681
2207 3682
1341 3683
503 3684
1737 3685
1128 3686
497 3687
2020 3688
2753 3689
3224 3690
1377 3691
2664 3692
1730 3693
2226 3694
2839 3695
2626 3696
1487 3697
1717 3698
469 3699
3471 3700
1516 3701
1339 3702
1349 3703
2008 3704
2739 3705
1131 3706
3232 3707
1556 3708
372 3709
676 3710
1364 3711
3173 3712
2420 3713
2396 3714
2178 3715
2485 3716
1137 3717
327 3718
2937 3719
2399 3720
1943 3721
2445 3722
3336 3723
2164 3724
2823 3725
1515 3726
1951 3727
925 3728
2788 3729
924 3730
854 3731
537 3732
879 3733
422 3734
2099 3735
2579 3736
3295 3737
3195 3738
2598 3739
1428 3740
568 3741
1963 3742
272 3743
1577 3744
1197 3745
916 3746
2799 3747
2657 3748
3428 3749
950 3750
1471 3751
1185 3752
1574 3753
43 3754
1073 3755
582 3756
2385 3757
841 3758
2049 3759
668 3760
396 3761
705 3762
2079 3763
1689 3764
3314 3765
2837 3766
1994 3767
2631 3768
930 3769
2399 3770
3349 3771
2556 3772
332 3773
221 3774
3380 3775
3670 3776
3432 3777
3073 3778
546 3779
2305 3780
1866 3781
987 3782
1897 3783
2434 3784
2929 3785
3571 3786
3135 3787
3609 3788
2996 3789
3240 3790
2262 3791
336 3792
2153 3793
2951 3794
1640 3795
1280 3796
1036 3797
2508 3798
1573 3799
3318 3800
3561 3801
2395 3802
2949 3803
1741 3804
2188 3805
2194 3806
3764 3807
200 3808
11 3809
3788 3810
1320 3811
1851 3812
968 3813
3418 3814
1735 3815
1376 3816
1437 3817
1709 3818
2158 3819
1726 3820
636 3821
618 3822
1379 3823
3608 3824
2630 3825
3732 3826
1578 3827
493 3828
1877 3829
412 3830
825 3831
2626 3832
1874 3833
2342 3834
638 3835
64 3836
956 3837
911 3838
1860 3839
2960 3840
1069 3841
3139 3842
3204 3843
1892 3844
2276 3845
2936 3846
42 3847
2172 3848
717 3849
1787 3850
378 3851
431 3852
2116 3853
45 3854
1137 3855
1686 3856
3784 3857
832 3858
3844 3859
3003 3860
2260 3861
3578 3862
3857 3863
699 3864
1124 3865
3689 3866
3178 3867
3689 3868
1438 3869
1203 3870
1013 3871
2086 3872
643 3873
806 3874
1960 3875
3245 3876
2888 3877
956 3878
1401 3879
137 3880
2735 3881
1113 3882
2563 3883
1333 3884
3019 3885
1892 3886
263 3887
3384 3888
1514 3889
2411 3890
1316 3891
3307 3892
3406 3893
722 3894
2937 3895
1602 3896
1313 3897
1953 3898
1598 3899
3723 3900
2590 3901
1121 3902
3414 3903
2439 3904
1249 3905
3420 3906
422 3907
3318 3908
334 3909
2982 3910
209 3911
2820 3912
5 3913
2522 3914
1373 3915
3296 3916
1333 3917
2673 3918
1013 3919
2266 3920
207 3921
1379 3922
1134 3923
125 3924
2621 3925
153 3926
2200 3927
3628 3928
2689 3929
1560 3930
2526 3931
3915 3932
2723 3933
1272 3934
786 3935
3912 3936
3778 3937
1307 3938
1449 3939
3418 3940
3631 3941
2607 3942
2314 3943
1241 3944
2767 3945
1243 3946
283 3947
1256 3948
3359 3949
1803 3950
3746 3951
2465 3952
107 3953
974 3954
725 3955
2329 3956
743 3957
3215 3958
2369 3959
869 3960
2917 3961
995 3962
2173 3963
1142 3964
1035 3965
859 3966
460 3967
607 3968
490 3969
76 3970
155 3971
3760 3972
2638 3973
2942 3974
3967 3975
1447 3976
2842 3977
323 3978
1209 3979
907 3980
3882 3981
1624 3982
3498 3983
2142 3984
559 3985
1845 3986
238 3987
1575 3988
742 3989
379 3990
2961 3991
3537 3992
3073 3993
2042 3994
1602 3995
3182 3996
1384 3997
1696 3998
1236 3999
681 4000
1343 4001
3035 4002
331 4003
3772 4004
651 4005
3487 4006
1557 4007
1514 4008
2948 4009
1225 4010
2673 4011
2610 4012
511 4013
2381 4014
2553 4015
1715 4016
1848 4017
1813 4018
2851 4019
2558 4020
330 4021
1164 4022
2295 4023
277 4024
2259 4025
3119 4026
1646 4027
1570 4028
3572 4029
2094 4030
1644 4031
2375 4032
1966 4033
972 4034
3957 4035
3629 4036
666 4037
938 4038
560 4039
1731 4040
809 4041
3456 4042
3819 4043
649 4044
3289 4045
1341 4046
3521 4047
1414 4048
2710 4049
2811 4050
2541 4051
3199 4052
1589 4053
2621 4054
1821 4055
2988 4056
1506 4057
269 4058
780 4059
191 4060
2682 4061
960 4062
1781 4063
2041 4064
3623 4065
2077 4066
2887 4067
1897 4068
353 4069
2240 4070
1055 4071
507 4072
2220 4073
1491 4074
865 4075
2296 4076
1904 4077
3428 4078
141 4079
645 4080
3880 4081
352 4082
1657 4083
2418 4084
3701 4085
3085 4086
3886 4087
1688 4088
3618 4089
3532 4090
2593 4091
1787 4092
2585 4093
948 4094
1133 4095
2412 4096
2179 4097
3321 4098
3315 4099
171 4100
986 4101
2145 4102
2972 4103
326 4104
2564 4105
431 4106
3349 4107
1264 4108
81 4109
315 4110
541 4111
1469 4112
3366 4113
1882 4114
978 4115
3410 4116
887 4117
3570 4118
1242 4119
3469 4120
481 4121
1546 4122
803 4123
3575 4124
2703 4125
1148 4126
3972 4127
2899 4128
3016 4129
2797 4130
2276 4131
1581 4132
2052 4133
1497 4134
3233 4135
2072 4136
1357 4137
2785 4138
3519 4139
1158 4140
2874 4141
1784 4142
860 4143
3044 4144
1502 4145
3592 4146
2657 4147
2065 4148
3537 4149
565 4150
3049 4151
2760 4152
1599 4153
476 4154
3607 4155
1392 4156
2640 4157
1218 4158
1497 4159
2514 4160
2449 4161
1996 4162
639 4163
3809 4164
498 4165
3849 4166
815 4167
671 4168
577 4169
2191 4170
3425 4171
911 4172
2450 4173
617 4174
89 4175
1064 4176
886 4177
1408 4178
569 4179
1257 4180
2237 4181
484 4182
1829 4183
1884 4184
2684 4185
3671 4186
1828 4187
1559 4188
3020 4189
2376 4190
2801 4191
809 4192
2075 4193
1649 4194
622 4195
3698 4196
2664 4197
2067 4198
487 4199
2207 4200
672 4201
2959 4202
2989 4203
4166 4204
1488 4205
1631 4206
3117 4207
3598 4208
2736 4209
1420 4210
2245 4211
3615 4212
4210 4213
338 4214
1693 4215
346 4216
549 4217
3040 4218
2927 4219
940 4220
1038 4221
2264 4222
378 4223
3908 4224
1122 4225
1491 4226
1912 4227
3219 4228
736 4229
2464 4230
2424 4231
2414 4232
1066 4233
179 4234
1013 4235
3713 4236
2907 4237
710 4238
3353 4239
1242 4240
242 4241
1689 4242
1360 4243
2387 4244
1212 4245
3592 4246
3942 4247
576 4248
915 4249
2621 4250
1105 4251
3638 4252
4139 4253
3980 4254
2484 4255
4252 4256
1392 4257
481 4258
3209 4259
1536 4260
3730 4261
1611 4262
3100 4263
4247 4264
1762 4265
1686 4266
1582 4267
3334 4268
1523 4269
2022 4270
4222 4271
1667 4272
1352 4273
2278 4274
1683 4275
1855 4276
2929 4277
3223 4278
2133 4279
3440 4280
2973 4281
293 4282
1484 4283
3218 4284
183 4285
886 4286
3513 4287
2009 4288
4192 4289
1881 4290
3592 4291
871 4292
2370 4293
3261 4294
3349 4295
2541 4296
1240 4297
1857 4298
4072 4299
541 4300
3198 4301
3357 4302
1432 4303
1570 4304
3650 4305
2706 4306
345 4307
3360 4308
2478 4309
4110 4310
3584 4311
35 4312
3333 4313
4209 4314
2524 4315
2778 4316
93 4317
3324 4318
2978 4319
1979 4320
3524 4321
1989 4322
1638 4323
2658 4324
233 4325
277 4326
3353 4327
3754 4328
2234 4329
3445 4330
108 4331
3276 4332
47 4333
1231 4334
2286 4335
2259 4336
1583 4337
2418 4338
1596 4339
1067 4340
2778 4341
2474 4342
2430 4343
4218 4344
1959 4345
3055 4346
1888 4347
2225 4348
2477 4349
3412 4350
3332 4351
447 4352
435 4353
1128 4354
2890 4355
2110 4356
2803 4357
4047 4358
406 4359
930 4360
530 4361
3265 4362
3342 4363
4042 4364
2308 4365
3087 4366
693 4367
1782 4368
4290 4369
2949 4370
2208 4371
910 4372
172 4373
497 4374
744 4375
4080 4376
3535 4377
4160 4378
3002 4379
3331 4380
1265 4381
4126 4382
9 4383
622 4384
4321 4385
1012 4386
4016 4387
270 4388
3229 4389
123 4390
1970 4391
1407 4392
1987 4393
3644 4394
84 4395
3136 4396
3766 4397
3345 4398
2985 4399
410 4400
2359 4401
1803 4402
480 4403
1881 4404
1968 4405
3 4406
1896 4407
2963 4408
1620 4409
2202 4410
12 4411
2384 4412
1582 4413
3689 4414
790 4415
3239 4416
4310 4417
4181 4418
3753 4419
1491 4420
3498 4421
2030 4422
1874 4423
1667 4424
3264 4425
1536 4426
4216 4427
874 4428
578 4429
3368 4430
2209 4431
962 4432
3820 4433
1254 4434
3468 4435
4107 4436
2390 4437
1032 4438
999 4439
2323 4440
3514 4441
3125 4442
1568 4443
3596 4444
4154 4445
1908 4446
1689 4447
3801 4448
13 4449
859 4450
3816 4451
2459 4452
2168 4453
1284 4454
4386 4455
4287 4456
4119 4457
845 4458
4267 4459
2893 4460
1168 4461
2497 4462
1646 4463
1276 4464
688 4465
3661 4466
595 4467
2644 4468
2186 4469
824 4470
1634 4471
2721 4472
3949 4473
4372 4474
1608 4475
1705 4476
4173 4477
4463 4478
4042 4479
2670 4480
3166 4481
4064 4482
1099 4483
579 4484
1064 4485
3431 4486
655 4487
2626 4488
1414 4489
3491 4490
2428 4491
525 4492
2504 4493
378 4494
1086 4495
1535 4496
3160 4497
3252 4498
3651 4499
2080 4500
847 4501
813 4502
2652 4503
2977 4504
2210 4505
4274 4506
3452 4507
3028 4508
2953 4509
302 4510
3324 4511
2524 4512
2722 4513
2127 4514
628 4515
2048 4516
2288 4517
2213 4518
818 4519
4083 4520
2802 4521
3602 4522
2242 4523
4411 4524
4457 4525
1303 4526
1906 4527
4249 4528
3547 4529
324 4530
1193 4531
151 4532
2175 4533
1210 4534
4429 4535
1841 4536
1924 4537
3092 4538
513 4539
300 4540
2878 4541
4029 4542
2424 4543
797 4544
43 4545
2407 4546
2017 4547
14 4548
2029 4549
3271 4550
1300 4551
681 4552
3694 4553
395 4554
4106 4555
3969 4556
594 4557
1224 4558
1820 4559
3861 4560
387 4561
895 4562
4311 4563
1275 4564
3493 4565
4309 4566
3186 4567
3245 4568
767 4569
3347 4570
1524 4571
234 4572
2828 4573
2175 4574
3961 4575
1829 4576
4013 4577
4455 4578
2441 4579
58 4580
3046 4581
3729 4582
141 4583
682 4584
2497 4585
196 4586
3194 4587
3530 4588
1572 4589
2598 4590
1709 4591
3242 4592
1497 4593
1852 4594
130 4595
3981 4596
1566 4597
3164 4598
3343 4599
2948 4600
2215 4601
2145 4602
3174 4603
2042 4604
3896 4605
4421 4606
2153 4607
4560 4608
3093 4609
2891 4610
409 4611
3614 4612
4327 4613
3844 4614
4418 4615
1577 4616
4588 4617
376 4618
1100 4619
3746 4620
2969 4621
796 4622
3174 4623
3142 4624
806 4625
270 4626
610 4627
1799 4628
1500 4629
3190 4630
2747 4631
174 4632
4500 4633
183 4634
2270 4635
1337 4636
742 4637
473 4638
531 4639
4374 4640
3974 4641
3378 4642
2946 4643
2090 4644
2849 4645
3430 4646
2130 4647
37 4648
2571 4649
2050 4650
606 4651
3097 4652
2174 4653
343 4654
3648 4655
2043 4656
3921 4657
2062 4658
3401 4659
1092 4660
999 4661
2763 4662
3334 4663
116 4664
2809 4665
1015 4666
3815 4667
295 4668
1077 4669
4303 4670
3070 4671
1382 4672
4482 4673
4154 4674
1680 4675
3360 4676
3281 4677
2766 4678
1824 4679
2901 4680
2349 4681
4643 4682
4032 4683
2016 4684
3600 4685
433 4686
1625 4687
1814 4688
4588 4689
902 4690
3379 4691
3481 4692
1205 4693
363 4694
2277 4695
2747 4696
3939 4697
3184 4698
810 4699
282 4700
1102 4701
506 4702
523 4703
96 4704
2414 4705
2017 4706
4580 4707
4071 4708
2469 4709
902 4710
1945 4711
3852 4712
2602 4713
1547 4714
4467 4715
2761 4716
3066 4717
3786 4718
1423 4719
4511 4720
2539 4721
969 4722
745 4723
2985 4724
1406 4725
1541 4726
465 4727
261 4728
1631 4729
505 4730
4608 4731
4028 4732
2143 4733
2296 4734
1755 4735
2154 4736
403 4737
240 4738
4144 4739
2105 4740
2360 4741
4396 4742
1952 4743
4393 4744
426 4745
1828 4746
4429 4747
3733 4748
940 4749
1117 4750
3011 4751
4724 4752
3495 4753
4499 4754
2110 4755
3271 4756
3972 4757
4307 4758
3658 4759
2279 4760
1622 4761
3835 4762
3308 4763
2921 4764
1628 4765
455 4766
3527 4767
3436 4768
2300 4769
189 4770
3731 4771
1919 4772
3404 4773
3057 4774
1677 4775
436 4776
1770 4777
43 4778
3629 4779
4691 4780
2893 4781
433 4782
106 4783
1746 4784
93 4785
1798 4786
4028 4787
855 4788
2198 4789
3244 4790
20 4791
3172 4792
1827 4793
893 4794
706 4795
211 4796
1314 4797
1962 4798
3847 4799
2975 4800
2046 4801
2250 4802
3611 4803
17 4804
497 4805
1683 4806
4743 4807
2129 4808
3775 4809
1274 4810
3027 4811
1250 4812
4693 4813
2583 4814
2370 4815
3240 4816
3985 4817
1360 4818
4611 4819
1079 4820
4470 4821
4364 4822
2028 4823
891 4824
1075 4825
4581 4826
4354 4827
2834 4828
1792 4829
3656 4830
3114 4831
1467 4832
781 4833
2015 4834
4216 4835
4015 4836
16 4837
1000 4838
3309 4839
73 4840
4359 4841
2524 4842
2366 4843
262 4844
410 4845
1854 4846
4178 4847
2846 4848
2581 4849
2590 4850
3783 4851
1049 4852
248 4853
660 4854
1322 4855
2952 4856
3414 4857
3909 4858
31 4859
1029 4860
797 4861
2845 4862
3833 4863
729 4864
2167 4865
601 4866
2669 4867
1920 4868
3666 4869
4221 4870
4701 4871
2072 4872
4473 4873
74 4874
2055 4875
552 4876
3095 4877
1880 4878
4702 4879
1140 4880
1971 4881
2947 4882
2590 4883
989 4884
886 4885
3334 4886
1040 4887
4542 4888
1931 4889
3667 4890
2306 4891
4560 4892
752 4893
1686 4894
2470 4895
2703 4896
2451 4897
3247 4898
4592 4899
3622 4900
3072 4901
1062 4902
3617 4903
1066 4904
1421 4905
738 4906
702 4907
2791 4908
4516 4909
2423 4910
1980 4911
3371 4912
4771 4913
94 4914
4213 4915
445 4916
519 4917
2190 4918
1086 4919
3644 4920
372 4921
2577 4922
4761 4923
765 4924
45 4925
1736 4926
213 4927
3773 4928
826 4929
4116 4930
2039 4931
141 4932
4060 4933
1856 4934
550 4935
629 4936
2398 4937
489 4938
606 4939
3846 4940
785 4941
3460 4942
3212 4943
196 4944
4709 4945
1246 4946
1700 4947
412 4948
362 4949
3151 4950
976 4951
1452 4952
182 4953
2614 4954
3561 4955
222 4956
3359 4957
359 4958
4534 4959
3975 4960
4664 4961
1751 4962
1537 4963
3224 4964
2293 4965
2887 4966
1272 4967
1865 4968
3216 4969
2405 4970
834 4971
4255 4972
3940 4973
3603 4974
2622 4975
1982 4976
1005 4977
131 4978
637 4979
1164 4980
878 4981
3907 4982
2505 4983
379 4984
666 4985
2483 4986
2683 4987
379 4988
878 4989
532 4990
1226 4991
2432 4992
3529 4993
2715 4994
2245 4995
3466 4996
3294 4997
3139 4998
2461 4999
3277 5000
