1 2
2 3
3 4
3 5
5 6
5 7
7 8
8 9
8 10
1 11
1 12
8 13
7 14
10 15
14 16
13 17
14 18
16 19
18 20
9 21
16 22
1 23
2 24
11 25
15 26
1 27
5 28
15 29
25 30
21 31
23 32
31 33
31 34
6 35
31 36
6 37
23 38
19 39
2 40
24 41
19 42
35 43
24 44
34 45
16 46
23 47
11 48
36 49
15 50
48 51
41 52
26 53
41 54
8 55
43 56
17 57
16 58
54 59
49 60
43 61
33 62
52 63
25 64
24 65
13 66
57 67
46 68
23 69
37 70
15 71
11 72
34 73
3 74
62 75
39 76
11 77
2 78
1 79
28 80
38 81
60 82
70 83
56 84
47 85
26 86
20 87
40 88
8 89
60 90
57 91
22 92
39 93
41 94
22 95
32 96
38 97
53 98
71 99
66 100
30 101
85 102
31 103
82 104
50 105
85 106
17 107
15 108
45 109
89 110
63 111
96 112
44 113
93 114
83 115
14 116
26 117
55 118
96 119
118 120
44 121
93 122
54 123
36 124
70 125
97 126
93 127
51 128
70 129
66 130
74 131
91 132
26 133
73 134
79 135
90 136
91 137
60 138
77 139
22 140
22 141
130 142
96 143
10 144
67 145
117 146
94 147
71 148
83 149
82 150
48 151
108 152
93 153
5 154
65 155
73 156
19 157
101 158
118 159
92 160
132 161
161 162
113 163
69 164
108 165
147 166
79 167
114 168
159 169
8 170
81 171
73 172
172 173
107 174
140 175
85 176
83 177
129 178
104 179
17 180
59 181
165 182
158 183
156 184
129 185
20 186
171 187
27 188
148 189
82 190
131 191
15 192
124 193
83 194
173 195
54 196
136 197
156 198
76 199
80 200
97 201
89 202
87 203
77 204
70 205
147 206
78 207
16 208
100 209
178 210
163 211
111 212
99 213
83 214
50 215
59 216
129 217
88 218
20 219
65 220
211 221
186 222
214 223
52 224
128 225
130 226
213 227
216 228
162 229
36 230
55 231
213 232
133 233
191 234
180 235
158 236
61 237
217 238
21 239
59 240
189 241
55 242
3 243
43 244
80 245
119 246
197 247
40 248
95 249
97 250
218 251
163 252
109 253
69 254
230 255
201 256
96 257
62 258
211 259
31 260
112 261
62 262
216 263
84 264
260 265
126 266
221 267
213 268
175 269
233 270
143 271
220 272
65 273
166 274
3 275
88 276
64 277
272 278
100 279
225 280
189 281
224 282
213 283
259 284
103 285
125 286
199 287
90 288
12 289
165 290
47 291
39 292
91 293
125 294
206 295
147 296
85 297
42 298
35 299
122 300
25 301
242 302
116 303
171 304
278 305
95 306
265 307
152 308
196 309
24 310
185 311
48 312
61 313
254 314
217 315
155 316
182 317
121 318
254 319
19 320
231 321
320 322
190 323
4 324
163 325
25 326
208 327
38 328
85 329
287 330
257 331
241 332
323 333
36 334
323 335
297 336
11 337
206 338
177 339
66 340
218 341
200 342
158 343
175 344
49 345
209 346
197 347
114 348
61 349
158 350
213 351
215 352
184 353
162 354
42 355
47 356
300 357
86 358
234 359
242 360
161 361
157 362
350 363
137 364
206 365
234 366
307 367
22 368
256 369
245 370
322 371
161 372
143 373
63 374
117 375
261 376
221 377
129 378
115 379
44 380
248 381
366 382
50 383
299 384
32 385
137 386
308 387
35 388
51 389
9 390
198 391
52 392
237 393
240 394
316 395
336 396
370 397
74 398
126 399
14 400
142 401
236 402
125 403
297 404
185 405
392 406
155 407
80 408
6 409
395 410
318 411
49 412
377 413
257 414
383 415
137 416
413 417
70 418
322 419
48 420
331 421
233 422
367 423
339 424
307 425
371 426
107 427
376 428
113 429
183 430
347 431
366 432
412 433
302 434
135 435
81 436
29 437
247 438
30 439
176 440
161 441
293 442
18 443
394 444
125 445
222 446
375 447
89 448
135 449
149 450
412 451
138 452
449 453
416 454
57 455
274 456
430 457
153 458
131 459
22 460
380 461
54 462
435 463
433 464
156 465
463 466
268 467
313 468
14 469
390 470
243 471
237 472
246 473
427 474
300 475
172 476
176 477
271 478
292 479
119 480
169 481
227 482
196 483
86 484
83 485
388 486
419 487
104 488
359 489
174 490
412 491
465 492
126 493
268 494
348 495
242 496
69 497
167 498
16 499
479 500
425 501
61 502
306 503
472 504
499 505
114 506
468 507
159 508
46 509
136 510
300 511
264 512
468 513
14 514
465 515
63 516
210 517
402 518
237 519
412 520
349 521
417 522
410 523
492 524
335 525
500 526
445 527
369 528
115 529
79 530
80 531
82 532
422 533
430 534
295 535
98 536
452 537
443 538
516 539
66 540
141 541
68 542
370 543
430 544
265 545
412 546
146 547
394 548
393 549
468 550
479 551
395 552
262 553
305 554
532 555
276 556
33 557
539 558
214 559
483 560
357 561
276 562
190 563
328 564
219 565
548 566
276 567
416 568
382 569
279 570
431 571
65 572
342 573
149 574
72 575
574 576
190 577
154 578
457 579
74 580
53 581
145 582
351 583
107 584
60 585
565 586
104 587
144 588
439 589
422 590
41 591
45 592
153 593
484 594
454 595
8 596
299 597
325 598
19 599
67 600
468 601
135 602
60 603
444 604
604 605
435 606
586 607
258 608
546 609
145 610
528 611
34 612
300 613
209 614
269 615
485 616
453 617
320 618
412 619
253 620
264 621
569 622
186 623
212 624
305 625
385 626
558 627
42 628
211 629
328 630
377 631
431 632
505 633
21 634
362 635
619 636
357 637
302 638
152 639
337 640
498 641
13 642
187 643
353 644
390 645
6 646
308 647
437 648
494 649
149 650
378 651
291 652
552 653
619 654
15 655
11 656
465 657
290 658
47 659
465 660
280 661
82 662
434 663
40 664
433 665
1 666
240 667
100 668
15 669
457 670
369 671
73 672
469 673
299 674
71 675
567 676
541 677
118 678
414 679
539 680
302 681
530 682
586 683
328 684
58 685
200 686
459 687
676 688
90 689
510 690
19 691
8 692
61 693
263 694
579 695
284 696
588 697
272 698
64 699
52 700
103 701
157 702
605 703
669 704
463 705
377 706
39 707
369 708
194 709
599 710
121 711
240 712
693 713
405 714
117 715
24 716
280 717
221 718
283 719
581 720
636 721
15 722
678 723
76 724
213 725
10 726
365 727
65 728
630 729
466 730
653 731
527 732
528 733
596 734
407 735
84 736
153 737
231 738
230 739
267 740
432 741
108 742
391 743
280 744
23 745
584 746
695 747
604 748
85 749
38 750
319 751
662 752
595 753
625 754
548 755
467 756
184 757
263 758
750 759
570 760
55 761
585 762
375 763
388 764
193 765
335 766
34 767
723 768
265 769
617 770
451 771
655 772
561 773
158 774
447 775
487 776
388 777
367 778
553 779
361 780
82 781
749 782
699 783
164 784
129 785
471 786
479 787
339 788
492 789
229 790
445 791
20 792
53 793
739 794
672 795
644 796
695 797
519 798
318 799
715 800
12 801
740 802
697 803
761 804
433 805
69 806
143 807
32 808
187 809
97 810
553 811
11 812
191 813
371 814
352 815
3 816
475 817
526 818
65 819
492 820
162 821
185 822
97 823
465 824
468 825
615 826
173 827
151 828
445 829
766 830
321 831
827 832
407 833
463 834
45 835
128 836
811 837
43 838
385 839
65 840
452 841
509 842
614 843
520 844
418 845
771 846
554 847
675 848
150 849
582 850
788 851
280 852
122 853
742 854
325 855
580 856
165 857
215 858
302 859
427 860
530 861
79 862
13 863
564 864
173 865
688 866
290 867
434 868
71 869
505 870
550 871
471 872
424 873
744 874
86 875
62 876
535 877
596 878
539 879
671 880
62 881
649 882
750 883
436 884
855 885
400 886
519 887
703 888
313 889
185 890
844 891
283 892
870 893
840 894
2 895
762 896
678 897
206 898
765 899
354 900
351 901
261 902
448 903
806 904
556 905
759 906
752 907
556 908
109 909
635 910
180 911
305 912
507 913
755 914
209 915
485 916
185 917
47 918
614 919
356 920
155 921
437 922
559 923
154 924
315 925
175 926
340 927
31 928
819 929
475 930
402 931
470 932
525 933
453 934
442 935
884 936
704 937
29 938
317 939
225 940
620 941
397 942
240 943
885 944
258 945
191 946
402 947
280 948
437 949
250 950
796 951
362 952
429 953
169 954
85 955
27 956
474 957
415 958
228 959
510 960
863 961
157 962
382 963
760 964
326 965
445 966
282 967
653 968
52 969
934 970
192 971
94 972
14 973
158 974
919 975
517 976
791 977
695 978
229 979
929 980
259 981
257 982
645 983
304 984
778 985
600 986
772 987
380 988
966 989
274 990
688 991
443 992
693 993
379 994
813 995
921 996
701 997
605 998
519 999
850 1000
472 1001
809 1002
371 1003
24 1004
576 1005
480 1006
774 1007
223 1008
227 1009
638 1010
901 1011
145 1012
205 1013
581 1014
172 1015
548 1016
862 1017
377 1018
67 1019
575 1020
26 1021
348 1022
567 1023
458 1024
261 1025
589 1026
203 1027
284 1028
472 1029
480 1030
329 1031
230 1032
814 1033
1003 1034
990 1035
931 1036
177 1037
890 1038
955 1039
205 1040
84 1041
999 1042
624 1043
841 1044
211 1045
524 1046
833 1047
344 1048
125 1049
900 1050
257 1051
265 1052
990 1053
331 1054
686 1055
959 1056
832 1057
863 1058
659 1059
513 1060
124 1061
942 1062
848 1063
856 1064
484 1065
591 1066
539 1067
599 1068
393 1069
489 1070
203 1071
763 1072
58 1073
177 1074
878 1075
26 1076
635 1077
258 1078
883 1079
266 1080
333 1081
419 1082
245 1083
648 1084
191 1085
44 1086
704 1087
833 1088
124 1089
152 1090
183 1091
287 1092
495 1093
427 1094
606 1095
111 1096
593 1097
892 1098
229 1099
376 1100
912 1101
469 1102
840 1103
982 1104
195 1105
7 1106
430 1107
859 1108
300 1109
887 1110
147 1111
996 1112
67 1113
401 1114
726 1115
1014 1116
178 1117
735 1118
810 1119
633 1120
801 1121
968 1122
492 1123
530 1124
439 1125
1093 1126
892 1127
1024 1128
591 1129
473 1130
76 1131
763 1132
35 1133
245 1134
664 1135
105 1136
440 1137
985 1138
342 1139
515 1140
792 1141
13 1142
764 1143
123 1144
516 1145
1051 1146
73 1147
882 1148
252 1149
187 1150
28 1151
421 1152
56 1153
472 1154
1099 1155
291 1156
929 1157
943 1158
1114 1159
1146 1160
883 1161
1041 1162
482 1163
420 1164
564 1165
19 1166
811 1167
782 1168
342 1169
785 1170
1014 1171
868 1172
1121 1173
210 1174
275 1175
453 1176
713 1177
769 1178
308 1179
387 1180
769 1181
611 1182
404 1183
1146 1184
540 1185
841 1186
246 1187
981 1188
382 1189
920 1190
923 1191
443 1192
145 1193
776 1194
656 1195
313 1196
779 1197
526 1198
558 1199
356 1200
52 1201
931 1202
890 1203
861 1204
456 1205
690 1206
470 1207
245 1208
821 1209
1002 1210
769 1211
1151 1212
204 1213
575 1214
1060 1215
132 1216
425 1217
639 1218
1173 1219
112 1220
866 1221
1104 1222
590 1223
1096 1224
1181 1225
584 1226
589 1227
1107 1228
441 1229
326 1230
1166 1231
527 1232
312 1233
413 1234
324 1235
4 1236
589 1237
220 1238
294 1239
178 1240
1127 1241
999 1242
36 1243
1078 1244
702 1245
593 1246
1214 1247
633 1248
813 1249
17 1250
873 1251
1149 1252
332 1253
538 1254
327 1255
992 1256
188 1257
839 1258
389 1259
616 1260
856 1261
869 1262
1002 1263
1072 1264
576 1265
320 1266
1265 1267
953 1268
331 1269
402 1270
577 1271
262 1272
539 1273
181 1274
552 1275
774 1276
1227 1277
736 1278
1245 1279
757 1280
826 1281
436 1282
1089 1283
1187 1284
423 1285
305 1286
614 1287
704 1288
893 1289
821 1290
110 1291
1278 1292
791 1293
448 1294
1068 1295
245 1296
545 1297
666 1298
642 1299
558 1300
220 1301
661 1302
405 1303
878 1304
1162 1305
384 1306
80 1307
388 1308
1213 1309
273 1310
556 1311
580 1312
495 1313
204 1314
55 1315
600 1316
837 1317
631 1318
1008 1319
1241 1320
775 1321
769 1322
423 1323
955 1324
658 1325
578 1326
1110 1327
172 1328
620 1329
418 1330
1317 1331
242 1332
352 1333
1319 1334
1318 1335
1028 1336
12 1337
255 1338
711 1339
883 1340
826 1341
7 1342
894 1343
881 1344
1302 1345
1057 1346
938 1347
1269 1348
1343 1349
559 1350
964 1351
1159 1352
858 1353
1222 1354
408 1355
69 1356
980 1357
49 1358
232 1359
825 1360
1021 1361
349 1362
1168 1363
566 1364
685 1365
337 1366
833 1367
992 1368
1291 1369
936 1370
1146 1371
1119 1372
1058 1373
742 1374
1236 1375
759 1376
809 1377
810 1378
1268 1379
777 1380
290 1381
442 1382
143 1383
1231 1384
195 1385
1320 1386
243 1387
371 1388
1015 1389
191 1390
768 1391
1098 1392
14 1393
379 1394
1178 1395
345 1396
1223 1397
221 1398
1172 1399
233 1400
423 1401
275 1402
259 1403
546 1404
1120 1405
71 1406
517 1407
611 1408
1391 1409
1223 1410
966 1411
387 1412
1015 1413
1393 1414
1124 1415
31 1416
543 1417
449 1418
185 1419
244 1420
1114 1421
19 1422
1418 1423
354 1424
538 1425
1047 1426
292 1427
425 1428
497 1429
1001 1430
1345 1431
485 1432
580 1433
166 1434
975 1435
251 1436
912 1437
704 1438
853 1439
863 1440
644 1441
219 1442
1320 1443
978 1444
1069 1445
896 1446
1350 1447
365 1448
935 1449
1413 1450
394 1451
1033 1452
340 1453
823 1454
690 1455
103 1456
916 1457
861 1458
366 1459
117 1460
502 1461
844 1462
879 1463
882 1464
542 1465
1407 1466
1117 1467
1135 1468
764 1469
24 1470
1137 1471
80 1472
1120 1473
606 1474
144 1475
1218 1476
793 1477
708 1478
913 1479
626 1480
13 1481
145 1482
308 1483
1440 1484
1293 1485
1378 1486
1289 1487
387 1488
381 1489
11 1490
1085 1491
961 1492
1025 1493
705 1494
1129 1495
97 1496
1478 1497
232 1498
82 1499
6 1500
422 1501
1411 1502
958 1503
122 1504
1353 1505
289 1506
1023 1507
311 1508
287 1509
1349 1510
1473 1511
496 1512
1137 1513
788 1514
226 1515
1064 1516
210 1517
571 1518
1305 1519
119 1520
1207 1521
548 1522
420 1523
748 1524
1076 1525
373 1526
245 1527
1407 1528
970 1529
784 1530
581 1531
641 1532
277 1533
1032 1534
572 1535
1178 1536
1443 1537
1413 1538
314 1539
1271 1540
586 1541
882 1542
687 1543
289 1544
560 1545
1126 1546
707 1547
1517 1548
1518 1549
1177 1550
1321 1551
1404 1552
378 1553
130 1554
755 1555
1286 1556
184 1557
1465 1558
1508 1559
1292 1560
843 1561
1228 1562
179 1563
621 1564
666 1565
131 1566
1529 1567
950 1568
500 1569
908 1570
1367 1571
1034 1572
1081 1573
361 1574
1284 1575
393 1576
36 1577
13 1578
1318 1579
1104 1580
137 1581
953 1582
1271 1583
1175 1584
1130 1585
1187 1586
1393 1587
1207 1588
1282 1589
1577 1590
721 1591
1005 1592
1065 1593
462 1594
834 1595
210 1596
132 1597
848 1598
661 1599
159 1600
19 1601
1222 1602
1533 1603
1491 1604
1257 1605
631 1606
77 1607
362 1608
1352 1609
121 1610
402 1611
732 1612
88 1613
834 1614
146 1615
659 1616
528 1617
1152 1618
1584 1619
1617 1620
1283 1621
535 1622
946 1623
1089 1624
326 1625
863 1626
430 1627
1593 1628
354 1629
1159 1630
233 1631
1297 1632
621 1633
1578 1634
1376 1635
1574 1636
494 1637
756 1638
328 1639
142 1640
4 1641
1188 1642
6 1643
1437 1644
472 1645
158 1646
1434 1647
473 1648
1556 1649
1063 1650
58 1651
38 1652
1460 1653
1039 1654
92 1655
1189 1656
271 1657
280 1658
227 1659
31 1660
211 1661
498 1662
645 1663
792 1664
294 1665
394 1666
152 1667
742 1668
766 1669
1352 1670
339 1671
202 1672
234 1673
1134 1674
1115 1675
686 1676
800 1677
1383 1678
849 1679
31 1680
744 1681
204 1682
1229 1683
1305 1684
171 1685
212 1686
280 1687
623 1688
507 1689
828 1690
1300 1691
1551 1692
1438 1693
26 1694
338 1695
1553 1696
1435 1697
619 1698
921 1699
40 1700
1570 1701
979 1702
385 1703
1466 1704
1507 1705
530 1706
1112 1707
1195 1708
1643 1709
277 1710
316 1711
1561 1712
1294 1713
1136 1714
1373 1715
585 1716
732 1717
309 1718
1023 1719
439 1720
385 1721
598 1722
169 1723
1349 1724
1083 1725
709 1726
1698 1727
254 1728
708 1729
13 1730
1341 1731
736 1732
591 1733
1394 1734
836 1735
371 1736
1383 1737
943 1738
1200 1739
1315 1740
582 1741
1629 1742
1537 1743
108 1744
1281 1745
1370 1746
929 1747
1133 1748
1388 1749
850 1750
686 1751
366 1752
1449 1753
1093 1754
1630 1755
760 1756
612 1757
141 1758
245 1759
1185 1760
124 1761
1193 1762
722 1763
1260 1764
707 1765
835 1766
440 1767
206 1768
1196 1769
1145 1770
803 1771
440 1772
436 1773
62 1774
939 1775
1446 1776
481 1777
1395 1778
92 1779
1661 1780
1352 1781
1383 1782
1408 1783
1154 1784
495 1785
1393 1786
517 1787
1188 1788
161 1789
1549 1790
1149 1791
1633 1792
935 1793
199 1794
727 1795
1630 1796
1569 1797
1394 1798
1311 1799
925 1800
1619 1801
729 1802
442 1803
798 1804
1385 1805
137 1806
1216 1807
1337 1808
1047 1809
376 1810
1079 1811
818 1812
1717 1813
365 1814
1130 1815
1431 1816
999 1817
1254 1818
1758 1819
918 1820
299 1821
1599 1822
1303 1823
429 1824
1684 1825
598 1826
676 1827
1777 1828
1602 1829
1664 1830
69 1831
606 1832
1235 1833
1776 1834
1416 1835
1090 1836
1636 1837
1171 1838
531 1839
1108 1840
1176 1841
1034 1842
1240 1843
136 1844
246 1845
1764 1846
1770 1847
974 1848
228 1849
1287 1850
453 1851
1384 1852
1818 1853
237 1854
884 1855
820 1856
1510 1857
1231 1858
1284 1859
834 1860
404 1861
36 1862
1646 1863
761 1864
419 1865
1846 1866
277 1867
456 1868
959 1869
1476 1870
992 1871
233 1872
682 1873
726 1874
1171 1875
1135 1876
1633 1877
902 1878
889 1879
1598 1880
1690 1881
1784 1882
1059 1883
1779 1884
793 1885
724 1886
194 1887
6 1888
1722 1889
571 1890
1573 1891
1088 1892
356 1893
663 1894
1499 1895
955 1896
970 1897
1451 1898
1492 1899
895 1900
856 1901
902 1902
152 1903
1274 1904
6 1905
896 1906
1423 1907
804 1908
1262 1909
417 1910
352 1911
1225 1912
19 1913
1105 1914
1210 1915
959 1916
1225 1917
789 1918
293 1919
1759 1920
1225 1921
774 1922
122 1923
461 1924
617 1925
199 1926
1877 1927
1250 1928
1056 1929
1307 1930
519 1931
1337 1932
1076 1933
1898 1934
425 1935
911 1936
1182 1937
1204 1938
222 1939
209 1940
1696 1941
695 1942
1327 1943
325 1944
1077 1945
528 1946
886 1947
718 1948
1221 1949
1722 1950
273 1951
1210 1952
201 1953
629 1954
1145 1955
999 1956
39 1957
1044 1958
1757 1959
1324 1960
289 1961
1891 1962
15 1963
1313 1964
561 1965
176 1966
646 1967
1716 1968
94 1969
1037 1970
1529 1971
360 1972
1721 1973
1892 1974
463 1975
1536 1976
1767 1977
1301 1978
240 1979
727 1980
1285 1981
588 1982
1817 1983
338 1984
1705 1985
102 1986
1270 1987
1618 1988
1911 1989
1077 1990
1169 1991
610 1992
1748 1993
1987 1994
1199 1995
449 1996
1256 1997
1172 1998
1561 1999
769 2000
1075 2001
46 2002
98 2003
793 2004
1310 2005
855 2006
670 2007
1141 2008
1337 2009
738 2010
987 2011
1444 2012
340 2013
294 2014
1058 2015
1458 2016
1708 2017
1313 2018
1828 2019
440 2020
1557 2021
1743 2022
363 2023
1050 2024
288 2025
463 2026
859 2027
1263 2028
1041 2029
584 2030
70 2031
35 2032
611 2033
1058 2034
1793 2035
1978 2036
574 2037
656 2038
159 2039
1161 2040
2015 2041
650 2042
1199 2043
863 2044
257 2045
200 2046
392 2047
234 2048
622 2049
250 2050
1690 2051
1387 2052
1503 2053
632 2054
1369 2055
579 2056
340 2057
1813 2058
619 2059
1619 2060
1113 2061
941 2062
1386 2063
2060 2064
653 2065
230 2066
1886 2067
1759 2068
1778 2069
1919 2070
746 2071
111 2072
726 2073
928 2074
629 2075
530 2076
604 2077
1764 2078
630 2079
1030 2080
156 2081
903 2082
1804 2083
1811 2084
2015 2085
475 2086
1948 2087
557 2088
2034 2089
919 2090
1083 2091
1085 2092
167 2093
720 2094
760 2095
1804 2096
1747 2097
926 2098
459 2099
1135 2100
1787 2101
620 2102
1234 2103
140 2104
1674 2105
320 2106
1801 2107
1624 2108
338 2109
32 2110
1942 2111
1950 2112
611 2113
201 2114
1396 2115
79 2116
1801 2117
1984 2118
347 2119
871 2120
1815 2121
1380 2122
1561 2123
2036 2124
1238 2125
992 2126
1687 2127
1577 2128
1207 2129
1501 2130
1665 2131
1201 2132
82 2133
1459 2134
1596 2135
1527 2136
1688 2137
1887 2138
1089 2139
1814 2140
502 2141
629 2142
1314 2143
1930 2144
508 2145
888 2146
1461 2147
391 2148
358 2149
907 2150
1488 2151
2045 2152
1915 2153
1119 2154
1961 2155
1185 2156
1509 2157
1749 2158
322 2159
1508 2160
797 2161
998 2162
1989 2163
1926 2164
75 2165
1110 2166
1850 2167
2142 2168
1 2169
111 2170
160 2171
484 2172
106 2173
1856 2174
2124 2175
354 2176
1545 2177
5 2178
1819 2179
1495 2180
1315 2181
672 2182
355 2183
1443 2184
194 2185
1748 2186
1048 2187
1846 2188
958 2189
1451 2190
1350 2191
19 2192
1001 2193
1073 2194
236 2195
1965 2196
543 2197
2076 2198
1369 2199
2071 2200
2166 2201
299 2202
1484 2203
2060 2204
1504 2205
1989 2206
1920 2207
1024 2208
1799 2209
1869 2210
105 2211
262 2212
1462 2213
1334 2214
1889 2215
1354 2216
1022 2217
2012 2218
129 2219
1621 2220
1519 2221
1585 2222
287 2223
2085 2224
1484 2225
891 2226
467 2227
844 2228
702 2229
1609 2230
807 2231
22 2232
1905 2233
1964 2234
2058 2235
1753 2236
708 2237
87 2238
1230 2239
2083 2240
1364 2241
12 2242
1074 2243
604 2244
2208 2245
1856 2246
1715 2247
2096 2248
316 2249
1713 2250
720 2251
193 2252
783 2253
2056 2254
18 2255
941 2256
924 2257
1912 2258
557 2259
1648 2260
1298 2261
633 2262
1010 2263
2183 2264
481 2265
1425 2266
1340 2267
433 2268
181 2269
231 2270
1188 2271
862 2272
1743 2273
563 2274
1366 2275
1847 2276
1784 2277
2174 2278
2133 2279
664 2280
2125 2281
1155 2282
1699 2283
2184 2284
1343 2285
1878 2286
1495 2287
1292 2288
2011 2289
1183 2290
115 2291
1109 2292
1238 2293
602 2294
1909 2295
1065 2296
752 2297
97 2298
190 2299
1196 2300
2261 2301
675 2302
82 2303
1780 2304
77 2305
110 2306
1199 2307
1361 2308
283 2309
2137 2310
2127 2311
2295 2312
483 2313
798 2314
658 2315
1148 2316
535 2317
89 2318
1054 2319
1131 2320
966 2321
303 2322
1900 2323
2164 2324
649 2325
346 2326
1212 2327
1461 2328
1795 2329
674 2330
389 2331
490 2332
1084 2333
229 2334
1960 2335
2141 2336
1696 2337
1237 2338
818 2339
719 2340
831 2341
1886 2342
1837 2343
931 2344
1521 2345
2063 2346
1831 2347
1946 2348
1031 2349
1661 2350
622 2351
708 2352
31 2353
73 2354
1112 2355
2088 2356
569 2357
632 2358
1902 2359
278 2360
342 2361
1389 2362
1588 2363
1762 2364
42 2365
2042 2366
1235 2367
1467 2368
1289 2369
1773 2370
1526 2371
2362 2372
1551 2373
1670 2374
1895 2375
624 2376
726 2377
2078 2378
687 2379
2038 2380
310 2381
1795 2382
2032 2383
917 2384
37 2385
1634 2386
2373 2387
1366 2388
1413 2389
2303 2390
1229 2391
1050 2392
1716 2393
573 2394
1080 2395
2266 2396
1583 2397
1193 2398
2063 2399
1350 2400
1106 2401
670 2402
404 2403
683 2404
2393 2405
1896 2406
2293 2407
496 2408
482 2409
772 2410
1910 2411
2354 2412
1350 2413
2402 2414
102 2415
393 2416
658 2417
1060 2418
1498 2419
480 2420
1300 2421
81 2422
81 2423
2202 2424
69 2425
2265 2426
111 2427
2161 2428
1514 2429
547 2430
2357 2431
899 2432
1958 2433
165 2434
1354 2435
352 2436
1284 2437
1011 2438
48 2439
227 2440
1380 2441
2330 2442
2390 2443
2397 2444
2252 2445
2247 2446
806 2447
1622 2448
1133 2449
377 2450
2 2451
116 2452
2103 2453
1407 2454
1154 2455
993 2456
2306 2457
1644 2458
1955 2459
1769 2460
1530 2461
1569 2462
1455 2463
1988 2464
243 2465
1386 2466
656 2467
1380 2468
1893 2469
1160 2470
422 2471
266 2472
574 2473
26 2474
547 2475
1936 2476
694 2477
2447 2478
34 2479
1356 2480
1486 2481
1476 2482
1051 2483
286 2484
485 2485
623 2486
372 2487
2003 2488
733 2489
2371 2490
2285 2491
2347 2492
741 2493
108 2494
1437 2495
1407 2496
2347 2497
1139 2498
1945 2499
919 2500
95 2501
289 2502
379 2503
427 2504
282 2505
1398 2506
983 2507
588 2508
64 2509
1413 2510
691 2511
97 2512
1529 2513
627 2514
1606 2515
275 2516
1956 2517
875 2518
518 2519
542 2520
509 2521
2152 2522
943 2523
1266 2524
2022 2525
2271 2526
1388 2527
439 2528
144 2529
940 2530
146 2531
281 2532
1693 2533
8 2534
1645 2535
2284 2536
1885 2537
698 2538
2179 2539
2245 2540
1017 2541
535 2542
1630 2543
1186 2544
1225 2545
9 2546
2252 2547
1014 2548
2136 2549
986 2550
1360 2551
835 2552
1649 2553
972 2554
137 2555
424 2556
355 2557
2439 2558
2519 2559
1488 2560
352 2561
1361 2562
1008 2563
1557 2564
660 2565
2438 2566
1543 2567
171 2568
715 2569
1782 2570
2342 2571
355 2572
1292 2573
1390 2574
275 2575
84 2576
239 2577
2252 2578
967 2579
1661 2580
956 2581
433 2582
406 2583
944 2584
1379 2585
1898 2586
391 2587
1261 2588
2384 2589
747 2590
2550 2591
2513 2592
1533 2593
789 2594
998 2595
608 2596
839 2597
225 2598
1931 2599
244 2600
1194 2601
1720 2602
2026 2603
1043 2604
1299 2605
1707 2606
2515 2607
483 2608
2196 2609
379 2610
1144 2611
1235 2612
1235 2613
2319 2614
2047 2615
2596 2616
2583 2617
2049 2618
1234 2619
1674 2620
1228 2621
1441 2622
2186 2623
1753 2624
1666 2625
1843 2626
222 2627
1924 2628
46 2629
1847 2630
2218 2631
2482 2632
245 2633
275 2634
372 2635
847 2636
1203 2637
2631 2638
339 2639
1784 2640
989 2641
1373 2642
687 2643
616 2644
2586 2645
600 2646
1785 2647
42 2648
357 2649
1616 2650
1959 2651
569 2652
1495 2653
590 2654
2402 2655
1712 2656
1598 2657
2310 2658
349 2659
1007 2660
223 2661
1642 2662
719 2663
1192 2664
2151 2665
857 2666
756 2667
541 2668
565 2669
804 2670
1223 2671
739 2672
2250 2673
938 2674
1118 2675
2591 2676
407 2677
696 2678
1289 2679
1843 2680
2259 2681
2596 2682
1428 2683
2271 2684
561 2685
1246 2686
970 2687
440 2688
883 2689
467 2690
2388 2691
844 2692
2601 2693
1608 2694
410 2695
1618 2696
2578 2697
1543 2698
1515 2699
39 2700
705 2701
1873 2702
1033 2703
1738 2704
2213 2705
1276 2706
755 2707
1210 2708
1263 2709
1975 2710
773 2711
193 2712
2491 2713
1538 2714
1938 2715
531 2716
1142 2717
1875 2718
638 2719
1973 2720
567 2721
1885 2722
2589 2723
1392 2724
447 2725
1476 2726
542 2727
1607 2728
593 2729
2642 2730
1779 2731
648 2732
573 2733
1922 2734
1224 2735
2121 2736
1578 2737
461 2738
2300 2739
2510 2740
537 2741
1610 2742
1136 2743
832 2744
774 2745
373 2746
709 2747
2703 2748
2247 2749
703 2750
978 2751
2367 2752
1272 2753
364 2754
1359 2755
2507 2756
2529 2757
1490 2758
2731 2759
2623 2760
636 2761
1880 2762
2676 2763
585 2764
1806 2765
134 2766
1304 2767
682 2768
2242 2769
1462 2770
1714 2771
1903 2772
179 2773
1426 2774
1763 2775
2626 2776
432 2777
1411 2778
562 2779
1601 2780
320 2781
1680 2782
881 2783
2524 2784
2142 2785
1230 2786
983 2787
517 2788
358 2789
2178 2790
272 2791
1370 2792
294 2793
1107 2794
2476 2795
2037 2796
977 2797
173 2798
628 2799
1464 2800
297 2801
16 2802
1646 2803
2040 2804
1768 2805
436 2806
2073 2807
2270 2808
664 2809
1384 2810
1733 2811
1966 2812
805 2813
1823 2814
994 2815
1410 2816
101 2817
1513 2818
2798 2819
1681 2820
2721 2821
1775 2822
2768 2823
960 2824
1704 2825
824 2826
580 2827
537 2828
498 2829
2725 2830
2595 2831
1579 2832
2707 2833
1733 2834
2109 2835
1615 2836
2113 2837
2263 2838
1521 2839
97 2840
243 2841
2021 2842
952 2843
1701 2844
235 2845
1197 2846
2015 2847
56 2848
249 2849
1451 2850
434 2851
1275 2852
2790 2853
790 2854
683 2855
171 2856
1954 2857
546 2858
1485 2859
2265 2860
2732 2861
1779 2862
1244 2863
2181 2864
1689 2865
1387 2866
2769 2867
2007 2868
1544 2869
2018 2870
787 2871
2327 2872
2627 2873
19 2874
279 2875
2871 2876
2125 2877
1407 2878
1284 2879
92 2880
2296 2881
657 2882
1819 2883
665 2884
1477 2885
2461 2886
1389 2887
2446 2888
1150 2889
946 2890
1236 2891
1367 2892
679 2893
873 2894
260 2895
2225 2896
1782 2897
2457 2898
1423 2899
1845 2900
1176 2901
562 2902
1859 2903
1063 2904
39 2905
1413 2906
1445 2907
1398 2908
809 2909
362 2910
1443 2911
1485 2912
2418 2913
383 2914
2321 2915
1494 2916
2610 2917
2363 2918
866 2919
1466 2920
1205 2921
1495 2922
321 2923
1949 2924
2698 2925
2587 2926
2478 2927
2554 2928
2078 2929
2809 2930
953 2931
784 2932
2234 2933
2509 2934
584 2935
2306 2936
2202 2937
2471 2938
1664 2939
695 2940
160 2941
1557 2942
1410 2943
1176 2944
598 2945
2153 2946
564 2947
2237 2948
743 2949
174 2950
1716 2951
2029 2952
1266 2953
483 2954
858 2955
153 2956
1946 2957
2123 2958
2360 2959
1560 2960
631 2961
2642 2962
369 2963
2097 2964
126 2965
2321 2966
1425 2967
247 2968
2645 2969
2430 2970
1219 2971
448 2972
141 2973
67 2974
2135 2975
1364 2976
203 2977
1044 2978
2006 2979
2052 2980
2788 2981
99 2982
2718 2983
1376 2984
508 2985
2747 2986
1140 2987
2586 2988
2529 2989
2532 2990
2388 2991
2024 2992
1041 2993
811 2994
2748 2995
1258 2996
126 2997
1478 2998
2671 2999
260 3000
1528 3001
78 3002
1173 3003
1260 3004
1061 3005
36 3006
2653 3007
1238 3008
2691 3009
230 3010
1000 3011
2782 3012
861 3013
1256 3014
1815 3015
1875 3016
72 3017
459 3018
424 3019
1542 3020
2408 3021
1010 3022
700 3023
1493 3024
1315 3025
2232 3026
1756 3027
2774 3028
2611 3029
1824 3030
1576 3031
2983 3032
1658 3033
852 3034
2609 3035
235 3036
2411 3037
2812 3038
300 3039
509 3040
483 3041
1223 3042
378 3043
2732 3044
433 3045
1260 3046
2864 3047
2955 3048
1242 3049
1779 3050
2640 3051
214 3052
1228 3053
2502 3054
817 3055
874 3056
1917 3057
1686 3058
1518 3059
1861 3060
2142 3061
1832 3062
2095 3063
240 3064
2742 3065
595 3066
2505 3067
436 3068
199 3069
2563 3070
528 3071
2265 3072
2647 3073
1567 3074
273 3075
1796 3076
2058 3077
1214 3078
1530 3079
867 3080
1403 3081
1532 3082
1603 3083
609 3084
2652 3085
523 3086
32 3087
1953 3088
1083 3089
1980 3090
2598 3091
2785 3092
2803 3093
1123 3094
2354 3095
1732 3096
52 3097
1614 3098
1305 3099
1527 3100
2419 3101
1102 3102
2063 3103
443 3104
671 3105
396 3106
1072 3107
2278 3108
2526 3109
1312 3110
1557 3111
166 3112
184 3113
1820 3114
1324 3115
352 3116
3085 3117
360 3118
1465 3119
456 3120
2600 3121
86 3122
590 3123
1608 3124
2682 3125
950 3126
2547 3127
1837 3128
1552 3129
2123 3130
2276 3131
2901 3132
1233 3133
619 3134
2791 3135
3088 3136
567 3137
2443 3138
2459 3139
214 3140
2532 3141
1731 3142
3120 3143
2262 3144
2337 3145
1882 3146
2837 3147
2270 3148
1296 3149
2766 3150
65 3151
2751 3152
1078 3153
479 3154
2549 3155
780 3156
2083 3157
1115 3158
131 3159
2300 3160
674 3161
11 3162
864 3163
1191 3164
1667 3165
1306 3166
3154 3167
41 3168
1471 3169
1692 3170
595 3171
250 3172
208 3173
2669 3174
2722 3175
2547 3176
142 3177
882 3178
2224 3179
258 3180
2778 3181
1084 3182
64 3183
1077 3184
389 3185
519 3186
2504 3187
2824 3188
267 3189
1292 3190
1048 3191
3045 3192
2721 3193
2274 3194
2396 3195
1591 3196
1085 3197
992 3198
2241 3199
954 3200
595 3201
2766 3202
2477 3203
2114 3204
2407 3205
26 3206
1149 3207
274 3208
93 3209
1718 3210
332 3211
1679 3212
2903 3213
1208 3214
643 3215
201 3216
3148 3217
162 3218
1341 3219
1326 3220
2670 3221
68 3222
3143 3223
1881 3224
2109 3225
2981 3226
1462 3227
2964 3228
2290 3229
464 3230
1691 3231
2037 3232
1922 3233
295 3234
1690 3235
2984 3236
1854 3237
2994 3238
1003 3239
3069 3240
574 3241
1154 3242
852 3243
3218 3244
2505 3245
1449 3246
265 3247
1932 3248
2250 3249
2406 3250
534 3251
1761 3252
2496 3253
1224 3254
3227 3255
1354 3256
2656 3257
1254 3258
806 3259
1545 3260
2484 3261
2131 3262
1286 3263
2637 3264
3165 3265
2946 3266
3140 3267
1811 3268
229 3269
1353 3270
2241 3271
1941 3272
906 3273
1825 3274
2626 3275
1274 3276
679 3277
2727 3278
2288 3279
2772 3280
2176 3281
2632 3282
621 3283
673 3284
1926 3285
591 3286
2375 3287
2521 3288
1867 3289
2349 3290
4 3291
192 3292
2278 3293
1625 3294
3144 3295
595 3296
3103 3297
827 3298
2577 3299
733 3300
2001 3301
3235 3302
2533 3303
1120 3304
671 3305
196 3306
3208 3307
1247 3308
691 3309
973 3310
788 3311
2492 3312
371 3313
2497 3314
1122 3315
2243 3316
1407 3317
3121 3318
231 3319
377 3320
537 3321
35 3322
1936 3323
2620 3324
1883 3325
308 3326
2765 3327
2254 3328
3019 3329
1165 3330
2995 3331
3148 3332
410 3333
1835 3334
1608 3335
3102 3336
376 3337
2248 3338
514 3339
321 3340
2441 3341
951 3342
246 3343
1340 3344
1357 3345
204 3346
1916 3347
2358 3348
2638 3349
2510 3350
2814 3351
1969 3352
1190 3353
2000 3354
1993 3355
2783 3356
1732 3357
2722 3358
1103 3359
693 3360
3249 3361
2615 3362
96 3363
7 3364
276 3365
2059 3366
1342 3367
1524 3368
2357 3369
3207 3370
2656 3371
929 3372
3181 3373
2313 3374
894 3375
333 3376
2171 3377
1143 3378
2832 3379
511 3380
2482 3381
2729 3382
2789 3383
2444 3384
295 3385
477 3386
2381 3387
132 3388
2213 3389
844 3390
2373 3391
2256 3392
2477 3393
600 3394
1048 3395
945 3396
2144 3397
322 3398
3304 3399
814 3400
1141 3401
1228 3402
2016 3403
1915 3404
1412 3405
373 3406
3189 3407
1620 3408
1239 3409
3227 3410
1003 3411
2686 3412
55 3413
1156 3414
129 3415
613 3416
2961 3417
2372 3418
86 3419
1400 3420
494 3421
2927 3422
1605 3423
943 3424
474 3425
715 3426
2926 3427
1662 3428
939 3429
1280 3430
3009 3431
2595 3432
173 3433
331 3434
1868 3435
237 3436
1485 3437
708 3438
2947 3439
2221 3440
1177 3441
2337 3442
3315 3443
349 3444
538 3445
1055 3446
2960 3447
2686 3448
1346 3449
2671 3450
2941 3451
651 3452
1483 3453
754 3454
2600 3455
895 3456
1726 3457
2902 3458
1869 3459
2670 3460
1528 3461
2332 3462
207 3463
2816 3464
1638 3465
2815 3466
1715 3467
1119 3468
1745 3469
2834 3470
2494 3471
3113 3472
2128 3473
521 3474
89 3475
2880 3476
690 3477
790 3478
1235 3479
1349 3480
2438 3481
1101 3482
1529 3483
1069 3484
2941 3485
1690 3486
3226 3487
2225 3488
2263 3489
322 3490
2827 3491
1370 3492
384 3493
1393 3494
1734 3495
3338 3496
2783 3497
1080 3498
1939 3499
2561 3500
2316 3501
1494 3502
197 3503
2978 3504
876 3505
1884 3506
1177 3507
1083 3508
3 3509
2922 3510
2136 3511
688 3512
3035 3513
1130 3514
2940 3515
3129 3516
105 3517
1273 3518
1910 3519
1516 3520
901 3521
3347 3522
373 3523
2945 3524
659 3525
1228 3526
1862 3527
1735 3528
8 3529
64 3530
2852 3531
131 3532
3092 3533
955 3534
1468 3535
281 3536
1188 3537
2730 3538
2754 3539
3515 3540
823 3541
2531 3542
3030 3543
1400 3544
3315 3545
1549 3546
2376 3547
1019 3548
831 3549
2170 3550
3508 3551
3328 3552
2100 3553
1489 3554
2920 3555
1289 3556
150 3557
946 3558
3116 3559
1027 3560
764 3561
258 3562
2969 3563
694 3564
3317 3565
1779 3566
1203 3567
167 3568
145 3569
440 3570
192 3571
142 3572
1063 3573
111 3574
2531 3575
1989 3576
3525 3577
1763 3578
1630 3579
2549 3580
668 3581
1517 3582
3030 3583
1537 3584
1732 3585
2332 3586
3304 3587
245 3588
2967 3589
2467 3590
491 3591
3199 3592
2760 3593
98 3594
2951 3595
816 3596
1345 3597
417 3598
1001 3599
304 3600
1713 3601
3006 3602
2845 3603
1511 3604
2234 3605
2239 3606
3322 3607
2676 3608
2062 3609
3245 3610
223 3611
184 3612
1419 3613
2965 3614
2275 3615
3133 3616
1606 3617
2593 3618
634 3619
876 3620
3360 3621
956 3622
591 3623
367 3624
428 3625
856 3626
1678 3627
1409 3628
45 3629
3286 3630
1733 3631
1463 3632
1766 3633
3123 3634
2033 3635
3485 3636
838 3637
1509 3638
3085 3639
1326 3640
3057 3641
1422 3642
52 3643
17 3644
459 3645
146 3646
2313 3647
1692 3648
2831 3649
615 3650
3429 3651
486 3652
2453 3653
2167 3654
3533 3655
803 3656
3655 3657
8 3658
2075 3659
1201 3660
643 3661
795 3662
3289 3663
2754 3664
3065 3665
539 3666
1966 3667
822 3668
1895 3669
592 3670
2354 3671
726 3672
1269 3673
626 3674
3143 3675
2678 3676
2422 3677
1890 3678
3190 3679
750 3680
2612 3681
867 3682
2195 3683
560 3684
744 3685
84 3686
2831 3687
1532 3688
2299 3689
3539 3690
2799 3691
563 3692
1549 3693
354 3694
1454 3695
2499 3696
2193 3697
1267 3698
18 3699
3492 3700
2952 3701
944 3702
2205 3703
886 3704
1982 3705
363 3706
960 3707
1937 3708
1319 3709
890 3710
1985 3711
1654 3712
3051 3713
314 3714
1566 3715
689 3716
3470 3717
745 3718
1654 3719
398 3720
3459 3721
3459 3722
2007 3723
1802 3724
46 3725
2708 3726
1335 3727
2653 3728
1459 3729
3505 3730
2309 3731
376 3732
1211 3733
2589 3734
2259 3735
1025 3736
1190 3737
3126 3738
2090 3739
3012 3740
2697 3741
412 3742
3258 3743
3702 3744
163 3745
1053 3746
1358 3747
3360 3748
608 3749
2421 3750
1245 3751
3283 3752
2473 3753
2975 3754
3117 3755
737 3756
2656 3757
2150 3758
750 3759
3053 3760
2866 3761
536 3762
3288 3763
1317 3764
849 3765
1766 3766
1009 3767
3120 3768
2576 3769
1768 3770
3670 3771
2233 3772
1054 3773
915 3774
2051 3775
2647 3776
507 3777
390 3778
1760 3779
720 3780
3365 3781
719 3782
167 3783
3044 3784
942 3785
1418 3786
885 3787
1638 3788
1100 3789
865 3790
3460 3791
3383 3792
3640 3793
3660 3794
2361 3795
3597 3796
2380 3797
1196 3798
2593 3799
2714 3800
1768 3801
2045 3802
2235 3803
1552 3804
3011 3805
611 3806
1718 3807
2629 3808
2746 3809
1205 3810
2148 3811
2247 3812
1825 3813
2876 3814
2815 3815
950 3816
2893 3817
1675 3818
2515 3819
1325 3820
2631 3821
211 3822
2101 3823
1998 3824
881 3825
3230 3826
3606 3827
359 3828
3124 3829
3516 3830
1218 3831
1971 3832
1806 3833
3215 3834
2680 3835
1707 3836
2496 3837
1984 3838
483 3839
1533 3840
3065 3841
2213 3842
1098 3843
21 3844
3532 3845
2375 3846
2394 3847
1135 3848
3169 3849
3426 3850
1112 3851
3704 3852
2052 3853
3539 3854
3118 3855
3413 3856
777 3857
830 3858
2670 3859
2200 3860
2911 3861
559 3862
51 3863
3754 3864
2760 3865
2344 3866
3855 3867
2831 3868
2363 3869
1731 3870
600 3871
1416 3872
3741 3873
3526 3874
3214 3875
134 3876
2633 3877
294 3878
1988 3879
1257 3880
384 3881
2380 3882
2548 3883
3205 3884
2753 3885
1595 3886
994 3887
2075 3888
2478 3889
363 3890
2139 3891
1667 3892
2192 3893
3015 3894
1809 3895
354 3896
3018 3897
3270 3898
2419 3899
1149 3900
2345 3901
1078 3902
3394 3903
385 3904
3410 3905
2349 3906
2676 3907
596 3908
700 3909
2255 3910
2029 3911
3464 3912
1361 3913
2775 3914
3542 3915
1418 3916
1623 3917
2699 3918
1381 3919
1396 3920
2930 3921
2579 3922
2353 3923
1682 3924
2765 3925
3580 3926
1333 3927
903 3928
1725 3929
2219 3930
431 3931
2887 3932
378 3933
672 3934
2638 3935
1919 3936
2568 3937
996 3938
1877 3939
1032 3940
498 3941
2017 3942
353 3943
1861 3944
1786 3945
2805 3946
1001 3947
2293 3948
2828 3949
3808 3950
3915 3951
3870 3952
3638 3953
2691 3954
885 3955
2584 3956
2534 3957
735 3958
2659 3959
1562 3960
2250 3961
3217 3962
822 3963
3001 3964
2517 3965
2776 3966
2343 3967
1515 3968
3351 3969
419 3970
3373 3971
1618 3972
2445 3973
3339 3974
3381 3975
1575 3976
228 3977
1687 3978
845 3979
342 3980
1467 3981
141 3982
3526 3983
2688 3984
2792 3985
1003 3986
389 3987
216 3988
2254 3989
1175 3990
1524 3991
2953 3992
1169 3993
1537 3994
550 3995
865 3996
570 3997
1238 3998
1193 3999
713 4000
1683 4001
2762 4002
3453 4003
789 4004
977 4005
3167 4006
710 4007
3219 4008
2385 4009
1802 4010
1335 4011
1843 4012
3935 4013
836 4014
3168 4015
1184 4016
2242 4017
226 4018
2942 4019
414 4020
953 4021
3544 4022
1595 4023
2754 4024
1532 4025
3537 4026
1707 4027
1184 4028
3085 4029
3872 4030
1645 4031
3180 4032
674 4033
41 4034
74 4035
1641 4036
2359 4037
2098 4038
3539 4039
447 4040
2608 4041
304 4042
687 4043
324 4044
2301 4045
1766 4046
385 4047
1376 4048
487 4049
1153 4050
2163 4051
2896 4052
2361 4053
2264 4054
2337 4055
2760 4056
666 4057
178 4058
3874 4059
878 4060
555 4061
3271 4062
3402 4063
564 4064
2295 4065
3520 4066
2430 4067
3754 4068
3323 4069
2401 4070
3554 4071
2900 4072
2128 4073
1602 4074
1170 4075
3154 4076
3334 4077
672 4078
2377 4079
3353 4080
2415 4081
789 4082
923 4083
2085 4084
1464 4085
3658 4086
2411 4087
1824 4088
3313 4089
10 4090
259 4091
3713 4092
513 4093
2898 4094
1649 4095
3993 4096
863 4097
1283 4098
2 4099
1103 4100
1731 4101
1105 4102
2057 4103
3467 4104
2556 4105
758 4106
3918 4107
97 4108
757 4109
3738 4110
2458 4111
1822 4112
2560 4113
2056 4114
2911 4115
1785 4116
2538 4117
3712 4118
1838 4119
1345 4120
2183 4121
66 4122
1407 4123
3566 4124
1768 4125
1500 4126
1846 4127
100 4128
357 4129
1027 4130
1192 4131
115 4132
2833 4133
2277 4134
2636 4135
2672 4136
2072 4137
1435 4138
2079 4139
2750 4140
4026 4141
423 4142
1527 4143
3239 4144
4055 4145
2106 4146
1413 4147
2158 4148
1169 4149
299 4150
585 4151
3288 4152
3969 4153
2179 4154
3454 4155
2164 4156
3436 4157
2649 4158
2416 4159
586 4160
2947 4161
311 4162
982 4163
1132 4164
389 4165
1193 4166
3588 4167
3713 4168
1547 4169
3674 4170
4090 4171
193 4172
1250 4173
2783 4174
3731 4175
2558 4176
2340 4177
2844 4178
2280 4179
4132 4180
2078 4181
2888 4182
228 4183
215 4184
2485 4185
4014 4186
111 4187
50 4188
3806 4189
2828 4190
2840 4191
2409 4192
2587 4193
2762 4194
3580 4195
497 4196
1421 4197
2156 4198
2832 4199
1185 4200
1430 4201
2119 4202
1788 4203
520 4204
3067 4205
3426 4206
3340 4207
2426 4208
299 4209
1970 4210
2895 4211
1163 4212
1334 4213
2310 4214
3475 4215
3600 4216
2155 4217
3067 4218
3683 4219
1738 4220
4167 4221
1164 4222
1382 4223
532 4224
2275 4225
1671 4226
2092 4227
1581 4228
565 4229
2098 4230
3 4231
3206 4232
2667 4233
3146 4234
1781 4235
93 4236
1114 4237
2863 4238
1325 4239
476 4240
1544 4241
1775 4242
2210 4243
1104 4244
2103 4245
2882 4246
1832 4247
3011 4248
511 4249
723 4250
2050 4251
1347 4252
1817 4253
1535 4254
1648 4255
3862 4256
531 4257
2995 4258
486 4259
2444 4260
1231 4261
3531 4262
3977 4263
1397 4264
1265 4265
891 4266
1815 4267
2469 4268
265 4269
653 4270
2925 4271
214 4272
1082 4273
551 4274
2491 4275
3342 4276
3556 4277
2342 4278
3806 4279
730 4280
1728 4281
541 4282
3535 4283
79 4284
1372 4285
3459 4286
2029 4287
4014 4288
3841 4289
234 4290
4172 4291
2515 4292
537 4293
304 4294
1428 4295
1277 4296
2109 4297
2319 4298
1684 4299
2163 4300
3251 4301
2656 4302
370 4303
140 4304
2605 4305
2226 4306
3976 4307
3445 4308
407 4309
1174 4310
1052 4311
2161 4312
3387 4313
2631 4314
2375 4315
1269 4316
2996 4317
1808 4318
4037 4319
2108 4320
853 4321
3156 4322
1139 4323
3088 4324
2086 4325
1976 4326
2597 4327
698 4328
1913 4329
2834 4330
2687 4331
1843 4332
1424 4333
1440 4334
3024 4335
3261 4336
1144 4337
55 4338
2198 4339
3458 4340
2345 4341
887 4342
3078 4343
3013 4344
3946 4345
2082 4346
1663 4347
1473 4348
4172 4349
4161 4350
3209 4351
1005 4352
195 4353
817 4354
3342 4355
3792 4356
3244 4357
3332 4358
3968 4359
3858 4360
3652 4361
2097 4362
2474 4363
3235 4364
227 4365
1090 4366
2668 4367
3090 4368
4308 4369
2416 4370
2117 4371
2908 4372
4196 4373
1080 4374
1358 4375
297 4376
3912 4377
1309 4378
1702 4379
403 4380
4346 4381
1177 4382
2736 4383
3214 4384
3669 4385
148 4386
662 4387
303 4388
1277 4389
3947 4390
3618 4391
2576 4392
3535 4393
4389 4394
736 4395
894 4396
2096 4397
2146 4398
2981 4399
1971 4400
4143 4401
1620 4402
1604 4403
1881 4404
754 4405
4298 4406
4073 4407
2482 4408
4060 4409
4210 4410
217 4411
3318 4412
3184 4413
342 4414
2376 4415
2358 4416
2066 4417
1823 4418
695 4419
2492 4420
266 4421
3277 4422
3102 4423
1615 4424
1654 4425
1553 4426
1659 4427
2719 4428
1045 4429
4269 4430
118 4431
3006 4432
2263 4433
2873 4434
2841 4435
2248 4436
2454 4437
1454 4438
2918 4439
526 4440
510 4441
3944 4442
1249 4443
3990 4444
3279 4445
2770 4446
1490 4447
573 4448
2780 4449
4403 4450
341 4451
639 4452
3143 4453
3104 4454
2186 4455
4409 4456
2571 4457
2739 4458
2702 4459
962 4460
254 4461
1865 4462
1601 4463
3744 4464
2929 4465
780 4466
2375 4467
3554 4468
114 4469
97 4470
789 4471
3288 4472
1322 4473
988 4474
370 4475
4185 4476
2126 4477
1293 4478
4282 4479
3687 4480
1330 4481
2546 4482
2246 4483
2928 4484
4431 4485
3439 4486
2587 4487
4107 4488
2261 4489
3759 4490
1212 4491
152 4492
2669 4493
2033 4494
1745 4495
4203 4496
1417 4497
3992 4498
2490 4499
1714 4500
1361 4501
2684 4502
3235 4503
1996 4504
2934 4505
1764 4506
697 4507
4219 4508
913 4509
3016 4510
4206 4511
2942 4512
550 4513
2967 4514
2066 4515
4303 4516
2352 4517
4327 4518
4101 4519
773 4520
3245 4521
3721 4522
499 4523
3819 4524
123 4525
1139 4526
1040 4527
1974 4528
4381 4529
4193 4530
1954 4531
3588 4532
2260 4533
821 4534
2580 4535
607 4536
2180 4537
7 4538
3717 4539
2004 4540
4232 4541
1259 4542
4103 4543
3194 4544
4514 4545
3741 4546
2727 4547
1032 4548
2284 4549
333 4550
3595 4551
1637 4552
1028 4553
1640 4554
2860 4555
640 4556
1401 4557
3740 4558
1139 4559
2429 4560
384 4561
2757 4562
3830 4563
2034 4564
2791 4565
511 4566
3713 4567
616 4568
4472 4569
587 4570
3614 4571
1362 4572
3023 4573
3190 4574
2440 4575
4411 4576
319 4577
3838 4578
1352 4579
2479 4580
4306 4581
3238 4582
3034 4583
738 4584
3105 4585
4468 4586
1641 4587
2608 4588
3051 4589
4182 4590
1236 4591
871 4592
476 4593
2895 4594
901 4595
48 4596
471 4597
4383 4598
2244 4599
4472 4600
3104 4601
3405 4602
1554 4603
2617 4604
15 4605
1240 4606
56 4607
2289 4608
1226 4609
166 4610
294 4611
1765 4612
1850 4613
1781 4614
2905 4615
403 4616
1372 4617
1995 4618
3923 4619
576 4620
3131 4621
3344 4622
696 4623
841 4624
4139 4625
1030 4626
1753 4627
1721 4628
2751 4629
612 4630
2162 4631
1905 4632
2478 4633
4128 4634
3803 4635
3521 4636
1646 4637
2380 4638
2068 4639
1388 4640
4004 4641
3933 4642
3350 4643
2726 4644
825 4645
2325 4646
3844 4647
1323 4648
3411 4649
722 4650
2026 4651
3962 4652
3991 4653
300 4654
2884 4655
1233 4656
3594 4657
449 4658
4134 4659
4036 4660
104 4661
3463 4662
1679 4663
1658 4664
1666 4665
1489 4666
50 4667
1444 4668
2286 4669
646 4670
2314 4671
1594 4672
2555 4673
1839 4674
3419 4675
3648 4676
2131 4677
4319 4678
62 4679
96 4680
496 4681
3789 4682
1719 4683
1123 4684
459 4685
3025 4686
411 4687
4544 4688
46 4689
1320 4690
4519 4691
772 4692
3454 4693
2225 4694
1348 4695
3263 4696
2590 4697
1378 4698
3415 4699
1981 4700
4078 4701
84 4702
1752 4703
2842 4704
3398 4705
2511 4706
2567 4707
4589 4708
1495 4709
833 4710
657 4711
2592 4712
3100 4713
3504 4714
1476 4715
287 4716
1096 4717
4340 4718
2135 4719
4595 4720
3740 4721
3869 4722
3226 4723
1188 4724
2262 4725
1943 4726
2583 4727
2244 4728
28 4729
169 4730
2574 4731
303 4732
3586 4733
3981 4734
2885 4735
2029 4736
2120 4737
1891 4738
1236 4739
393 4740
660 4741
2043 4742
2257 4743
507 4744
2689 4745
509 4746
1644 4747
1028 4748
980 4749
2195 4750
2039 4751
1514 4752
3876 4753
3926 4754
2907 4755
4261 4756
3160 4757
22 4758
3574 4759
4408 4760
4476 4761
596 4762
1578 4763
357 4764
4298 4765
3284 4766
4334 4767
4710 4768
2483 4769
4098 4770
123 4771
2885 4772
4440 4773
1880 4774
2121 4775
2998 4776
2422 4777
3424 4778
2444 4779
2448 4780
3948 4781
3909 4782
4102 4783
3828 4784
471 4785
3425 4786
227 4787
2230 4788
200 4789
3173 4790
3087 4791
3055 4792
1866 4793
2468 4794
4223 4795
3020 4796
2968 4797
4207 4798
3363 4799
3447 4800
70 4801
420 4802
4722 4803
4528 4804
3161 4805
3005 4806
4579 4807
4566 4808
3343 4809
24 4810
2413 4811
3704 4812
2502 4813
1825 4814
2208 4815
3076 4816
3798 4817
748 4818
3358 4819
1587 4820
2538 4821
3321 4822
2686 4823
4688 4824
1712 4825
2143 4826
2169 4827
1723 4828
3092 4829
4290 4830
1121 4831
4693 4832
842 4833
583 4834
3403 4835
3399 4836
3811 4837
713 4838
2147 4839
1888 4840
4733 4841
3968 4842
3089 4843
4551 4844
1514 4845
2256 4846
771 4847
4837 4848
1336 4849
1597 4850
56 4851
4494 4852
1023 4853
1656 4854
1575 4855
1370 4856
4749 4857
4403 4858
3893 4859
3863 4860
4809 4861
734 4862
1039 4863
3126 4864
1166 4865
4373 4866
2923 4867
346 4868
3073 4869
466 4870
512 4871
1530 4872
4661 4873
2856 4874
2807 4875
4016 4876
1923 4877
278 4878
2355 4879
2728 4880
4543 4881
1499 4882
1537 4883
1875 4884
1722 4885
4580 4886
4078 4887
2364 4888
3683 4889
856 4890
2889 4891
4731 4892
140 4893
3830 4894
57 4895
2032 4896
3947 4897
2439 4898
2642 4899
4740 4900
2147 4901
1134 4902
1092 4903
1042 4904
1783 4905
2053 4906
3055 4907
577 4908
4224 4909
3276 4910
1057 4911
1738 4912
772 4913
2886 4914
4098 4915
3908 4916
78 4917
4322 4918
3321 4919
2816 4920
3593 4921
296 4922
3199 4923
4433 4924
1700 4925
821 4926
523 4927
3208 4928
4256 4929
1005 4930
4770 4931
1691 4932
3853 4933
4114 4934
3003 4935
1652 4936
2000 4937
1093 4938
4154 4939
4538 4940
1946 4941
156 4942
816 4943
2346 4944
3361 4945
1840 4946
150 4947
2624 4948
2429 4949
838 4950
4546 4951
1180 4952
2457 4953
3052 4954
663 4955
2204 4956
4863 4957
4143 4958
4198 4959
3952 4960
3507 4961
3233 4962
737 4963
1347 4964
1119 4965
2285 4966
4887 4967
2309 4968
3301 4969
3399 4970
4923 4971
4678 4972
4142 4973
3199 4974
400 4975
1288 4976
3319 4977
3441 4978
3095 4979
4042 4980
2536 4981
715 4982
4286 4983
4088 4984
604 4985
760 4986
2058 4987
469 4988
560 4989
2212 4990
4774 4991
3228 4992
4254 4993
1122 4994
3213 4995
3555 4996
4672 4997
2210 4998
62 4999
2176 5000
