1 2
2 3
3 4
1 5
4 6
4 7
6 8
5 9
8 10
4 11
10 12
3 13
1 14
1 15
4 16
1 17
15 18
6 19
11 20
20 21
11 22
11 23
19 24
19 25
1 26
7 27
25 28
10 29
28 30
2 31
1 32
1 33
24 34
34 35
23 36
19 37
16 38
14 39
19 40
28 41
15 42
1 43
36 44
40 45
37 46
12 47
13 48
20 49
44 50
19 51
31 52
33 53
25 54
44 55
14 56
15 57
24 58
50 59
32 60
52 61
5 62
14 63
7 64
26 65
54 66
54 67
24 68
49 69
54 70
5 71
22 72
28 73
16 74
12 75
8 76
31 77
52 78
68 79
27 80
32 81
35 82
51 83
41 84
34 85
81 86
4 87
82 88
47 89
88 90
16 91
48 92
46 93
54 94
54 95
42 96
30 97
21 98
46 99
61 100
43 101
38 102
38 103
12 104
56 105
103 106
76 107
25 108
105 109
4 110
88 111
29 112
55 113
56 114
35 115
41 116
108 117
11 118
7 119
78 120
85 121
80 122
73 123
91 124
61 125
71 126
5 127
105 128
103 129
61 130
88 131
54 132
132 133
27 134
36 135
61 136
77 137
54 138
56 139
50 140
101 141
55 142
116 143
66 144
73 145
18 146
84 147
90 148
68 149
22 150
85 151
92 152
110 153
132 154
11 155
152 156
110 157
44 158
47 159
136 160
113 161
157 162
126 163
146 164
33 165
147 166
133 167
21 168
6 169
29 170
128 171
104 172
81 173
48 174
57 175
65 176
69 177
17 178
74 179
100 180
33 181
177 182
69 183
100 184
96 185
149 186
93 187
89 188
157 189
175 190
171 191
25 192
133 193
153 194
89 195
26 196
106 197
181 198
198 199
27 200
37 201
168 202
19 203
76 204
113 205
71 206
85 207
144 208
55 209
137 210
116 211
2 212
30 213
181 214
46 215
74 216
56 217
7 218
71 219
28 220
201 221
126 222
7 223
197 224
83 225
189 226
120 227
61 228
197 229
46 230
3 231
36 232
42 233
66 234
102 235
153 236
80 237
79 238
18 239
103 240
185 241
138 242
24 243
70 244
102 245
107 246
142 247
100 248
141 249
40 250
202 251
197 252
154 253
39 254
181 255
239 256
71 257
112 258
192 259
137 260
241 261
36 262
10 263
185 264
136 265
23 266
132 267
94 268
84 269
208 270
115 271
59 272
33 273
17 274
62 275
92 276
181 277
223 278
10 279
123 280
102 281
188 282
127 283
231 284
105 285
244 286
215 287
76 288
269 289
164 290
114 291
187 292
85 293
234 294
243 295
140 296
93 297
93 298
277 299
172 300
261 301
219 302
248 303
158 304
289 305
40 306
161 307
271 308
100 309
164 310
250 311
199 312
285 313
284 314
259 315
315 316
267 317
133 318
32 319
87 320
4 321
241 322
267 323
223 324
54 325
200 326
263 327
192 328
121 329
327 330
265 331
291 332
246 333
230 334
30 335
243 336
101 337
321 338
307 339
257 340
57 341
223 342
337 343
43 344
231 345
277 346
119 347
165 348
115 349
268 350
230 351
28 352
42 353
22 354
300 355
126 356
228 357
321 358
178 359
249 360
249 361
131 362
92 363
75 364
312 365
179 366
289 367
146 368
125 369
242 370
273 371
192 372
199 373
270 374
290 375
92 376
281 377
145 378
61 379
174 380
43 381
265 382
333 383
259 384
174 385
51 386
210 387
242 388
273 389
250 390
214 391
100 392
379 393
230 394
354 395
125 396
33 397
284 398
312 399
112 400
275 401
243 402
391 403
32 404
208 405
291 406
190 407
31 408
142 409
108 410
327 411
18 412
36 413
196 414
192 415
271 416
18 417
243 418
107 419
412 420
203 421
403 422
174 423
410 424
165 425
217 426
199 427
37 428
122 429
64 430
97 431
149 432
411 433
78 434
189 435
122 436
347 437
57 438
134 439
296 440
192 441
175 442
305 443
115 444
398 445
51 446
21 447
403 448
187 449
166 450
212 451
52 452
335 453
413 454
110 455
427 456
10 457
74 458
271 459
328 460
237 461
89 462
74 463
367 464
305 465
130 466
267 467
344 468
284 469
298 470
380 471
258 472
220 473
354 474
222 475
457 476
16 477
341 478
446 479
212 480
366 481
426 482
369 483
423 484
161 485
479 486
317 487
227 488
464 489
272 490
193 491
265 492
187 493
107 494
400 495
307 496
456 497
28 498
489 499
458 500
275 501
55 502
295 503
467 504
201 505
422 506
54 507
299 508
455 509
99 510
236 511
253 512
258 513
68 514
248 515
319 516
286 517
477 518
379 519
228 520
376 521
287 522
347 523
93 524
340 525
238 526
38 527
408 528
498 529
515 530
270 531
407 532
165 533
149 534
108 535
148 536
28 537
53 538
236 539
370 540
317 541
219 542
52 543
210 544
112 545
425 546
265 547
27 548
343 549
414 550
14 551
471 552
96 553
369 554
495 555
320 556
527 557
346 558
247 559
545 560
94 561
507 562
448 563
427 564
160 565
471 566
203 567
305 568
429 569
558 570
282 571
355 572
276 573
233 574
238 575
359 576
204 577
196 578
224 579
82 580
101 581
419 582
384 583
492 584
465 585
160 586
425 587
69 588
163 589
394 590
211 591
16 592
312 593
507 594
503 595
98 596
337 597
562 598
551 599
316 600
435 601
119 602
181 603
277 604
100 605
402 606
482 607
381 608
122 609
289 610
151 611
174 612
307 613
437 614
184 615
307 616
495 617
291 618
540 619
254 620
372 621
294 622
165 623
348 624
435 625
623 626
231 627
568 628
107 629
387 630
90 631
221 632
369 633
104 634
292 635
434 636
375 637
505 638
272 639
179 640
242 641
251 642
492 643
560 644
106 645
272 646
546 647
304 648
110 649
235 650
504 651
327 652
428 653
351 654
74 655
4 656
284 657
491 658
621 659
30 660
503 661
552 662
84 663
306 664
409 665
541 666
372 667
628 668
184 669
309 670
181 671
145 672
233 673
134 674
312 675
334 676
650 677
304 678
302 679
253 680
184 681
557 682
559 683
132 684
453 685
543 686
17 687
556 688
573 689
608 690
112 691
300 692
249 693
386 694
141 695
636 696
283 697
224 698
81 699
44 700
680 701
135 702
326 703
94 704
10 705
71 706
79 707
326 708
525 709
355 710
264 711
100 712
500 713
180 714
75 715
280 716
646 717
346 718
56 719
4 720
253 721
394 722
311 723
307 724
56 725
323 726
531 727
359 728
578 729
426 730
387 731
111 732
484 733
420 734
676 735
670 736
141 737
494 738
515 739
686 740
416 741
415 742
726 743
448 744
284 745
736 746
376 747
537 748
466 749
527 750
642 751
235 752
215 753
668 754
675 755
567 756
629 757
394 758
661 759
299 760
694 761
256 762
114 763
217 764
252 765
530 766
574 767
280 768
97 769
311 770
208 771
578 772
75 773
411 774
528 775
161 776
254 777
334 778
238 779
169 780
698 781
14 782
307 783
438 784
201 785
145 786
757 787
179 788
258 789
82 790
634 791
287 792
783 793
215 794
747 795
262 796
269 797
64 798
701 799
571 800
426 801
111 802
188 803
226 804
46 805
64 806
631 807
431 808
754 809
440 810
32 811
53 812
376 813
538 814
129 815
353 816
94 817
619 818
723 819
496 820
476 821
449 822
616 823
524 824
10 825
626 826
612 827
347 828
751 829
779 830
21 831
739 832
652 833
229 834
640 835
125 836
631 837
114 838
514 839
15 840
172 841
306 842
273 843
15 844
381 845
733 846
623 847
392 848
704 849
412 850
169 851
7 852
136 853
60 854
315 855
163 856
820 857
279 858
299 859
428 860
811 861
618 862
398 863
393 864
559 865
267 866
663 867
669 868
648 869
261 870
721 871
792 872
721 873
682 874
46 875
533 876
207 877
760 878
530 879
620 880
546 881
457 882
296 883
782 884
832 885
622 886
831 887
795 888
91 889
259 890
11 891
272 892
527 893
582 894
662 895
8 896
400 897
672 898
488 899
514 900
324 901
441 902
246 903
271 904
348 905
874 906
848 907
310 908
412 909
877 910
173 911
789 912
708 913
809 914
648 915
576 916
703 917
257 918
422 919
352 920
134 921
384 922
770 923
218 924
628 925
19 926
102 927
288 928
741 929
910 930
765 931
803 932
281 933
184 934
423 935
19 936
779 937
284 938
751 939
732 940
111 941
294 942
85 943
376 944
361 945
521 946
148 947
850 948
583 949
359 950
278 951
580 952
396 953
51 954
112 955
509 956
794 957
197 958
643 959
3 960
556 961
592 962
474 963
944 964
644 965
734 966
117 967
484 968
580 969
764 970
657 971
350 972
545 973
683 974
805 975
286 976
668 977
364 978
816 979
851 980
560 981
913 982
968 983
770 984
247 985
177 986
648 987
360 988
629 989
164 990
636 991
373 992
187 993
558 994
714 995
10 996
53 997
768 998
794 999
712 1000
30 1001
936 1002
589 1003
600 1004
339 1005
599 1006
977 1007
440 1008
481 1009
216 1010
94 1011
63 1012
784 1013
858 1014
145 1015
731 1016
207 1017
789 1018
226 1019
325 1020
589 1021
291 1022
823 1023
973 1024
278 1025
936 1026
17 1027
904 1028
259 1029
781 1030
946 1031
66 1032
19 1033
293 1034
154 1035
629 1036
83 1037
82 1038
256 1039
676 1040
260 1041
774 1042
656 1043
824 1044
726 1045
962 1046
959 1047
1015 1048
53 1049
632 1050
738 1051
290 1052
571 1053
599 1054
596 1055
425 1056
314 1057
334 1058
425 1059
792 1060
665 1061
684 1062
1033 1063
1003 1064
339 1065
561 1066
427 1067
426 1068
577 1069
552 1070
672 1071
330 1072
677 1073
714 1074
511 1075
136 1076
198 1077
635 1078
348 1079
675 1080
4 1081
988 1082
620 1083
567 1084
452 1085
206 1086
209 1087
383 1088
808 1089
782 1090
406 1091
201 1092
7 1093
1039 1094
8 1095
966 1096
1024 1097
735 1098
660 1099
259 1100
63 1101
696 1102
832 1103
453 1104
212 1105
421 1106
278 1107
1096 1108
1106 1109
447 1110
364 1111
297 1112
1054 1113
627 1114
128 1115
20 1116
91 1117
347 1118
420 1119
251 1120
764 1121
272 1122
1025 1123
460 1124
839 1125
827 1126
156 1127
966 1128
391 1129
696 1130
459 1131
177 1132
200 1133
449 1134
49 1135
836 1136
872 1137
567 1138
802 1139
204 1140
885 1141
393 1142
814 1143
1063 1144
911 1145
978 1146
277 1147
655 1148
8 1149
658 1150
730 1151
73 1152
467 1153
234 1154
115 1155
536 1156
61 1157
1018 1158
194 1159
500 1160
429 1161
248 1162
39 1163
1 1164
347 1165
452 1166
826 1167
579 1168
863 1169
23 1170
706 1171
410 1172
529 1173
558 1174
253 1175
802 1176
468 1177
499 1178
234 1179
664 1180
19 1181
603 1182
383 1183
321 1184
179 1185
965 1186
1057 1187
649 1188
64 1189
492 1190
449 1191
906 1192
769 1193
847 1194
771 1195
1166 1196
105 1197
622 1198
242 1199
520 1200
1107 1201
1023 1202
646 1203
495 1204
339 1205
1090 1206
1077 1207
889 1208
714 1209
908 1210
226 1211
661 1212
388 1213
447 1214
378 1215
419 1216
639 1217
164 1218
121 1219
587 1220
731 1221
938 1222
600 1223
139 1224
697 1225
435 1226
1073 1227
33 1228
492 1229
638 1230
804 1231
722 1232
730 1233
59 1234
28 1235
877 1236
614 1237
520 1238
693 1239
903 1240
503 1241
734 1242
1175 1243
120 1244
91 1245
241 1246
1123 1247
126 1248
44 1249
440 1250
722 1251
940 1252
1192 1253
351 1254
766 1255
961 1256
1166 1257
20 1258
696 1259
1193 1260
473 1261
1048 1262
153 1263
298 1264
1021 1265
912 1266
491 1267
815 1268
1255 1269
979 1270
507 1271
403 1272
855 1273
504 1274
149 1275
1029 1276
1259 1277
830 1278
32 1279
312 1280
736 1281
512 1282
345 1283
368 1284
1081 1285
783 1286
926 1287
63 1288
670 1289
920 1290
681 1291
208 1292
81 1293
1233 1294
757 1295
876 1296
870 1297
146 1298
1032 1299
554 1300
143 1301
334 1302
251 1303
517 1304
188 1305
881 1306
155 1307
663 1308
636 1309
205 1310
478 1311
1167 1312
1034 1313
807 1314
1032 1315
1099 1316
287 1317
138 1318
1269 1319
1217 1320
240 1321
1194 1322
821 1323
980 1324
1046 1325
1192 1326
698 1327
278 1328
934 1329
182 1330
478 1331
244 1332
751 1333
911 1334
420 1335
186 1336
160 1337
766 1338
1027 1339
264 1340
529 1341
335 1342
1184 1343
273 1344
1107 1345
1020 1346
910 1347
1108 1348
1066 1349
294 1350
666 1351
271 1352
1250 1353
260 1354
1076 1355
716 1356
1063 1357
549 1358
991 1359
385 1360
987 1361
417 1362
779 1363
679 1364
844 1365
616 1366
1196 1367
1066 1368
1268 1369
898 1370
387 1371
518 1372
135 1373
407 1374
771 1375
57 1376
1365 1377
482 1378
803 1379
862 1380
206 1381
178 1382
270 1383
467 1384
127 1385
357 1386
626 1387
1181 1388
598 1389
124 1390
787 1391
548 1392
1328 1393
1146 1394
766 1395
848 1396
162 1397
1397 1398
863 1399
425 1400
757 1401
337 1402
1179 1403
431 1404
145 1405
582 1406
261 1407
493 1408
1376 1409
337 1410
111 1411
263 1412
1379 1413
1036 1414
1119 1415
1092 1416
159 1417
930 1418
1318 1419
619 1420
1332 1421
67 1422
488 1423
1092 1424
1029 1425
1324 1426
714 1427
104 1428
115 1429
515 1430
899 1431
713 1432
1353 1433
806 1434
1101 1435
356 1436
1367 1437
1325 1438
478 1439
417 1440
892 1441
1341 1442
77 1443
927 1444
11 1445
1117 1446
972 1447
671 1448
606 1449
195 1450
317 1451
633 1452
297 1453
729 1454
829 1455
410 1456
1286 1457
1168 1458
1430 1459
944 1460
1331 1461
199 1462
392 1463
434 1464
817 1465
792 1466
1332 1467
448 1468
241 1469
1295 1470
570 1471
830 1472
177 1473
54 1474
708 1475
870 1476
917 1477
1285 1478
261 1479
437 1480
405 1481
492 1482
588 1483
23 1484
113 1485
289 1486
967 1487
1230 1488
460 1489
244 1490
41 1491
1091 1492
150 1493
321 1494
1193 1495
726 1496
495 1497
795 1498
790 1499
500 1500
495 1501
1000 1502
876 1503
610 1504
157 1505
521 1506
1386 1507
381 1508
935 1509
40 1510
892 1511
229 1512
775 1513
722 1514
839 1515
342 1516
762 1517
55 1518
1513 1519
567 1520
740 1521
357 1522
621 1523
1136 1524
1481 1525
391 1526
531 1527
617 1528
1251 1529
230 1530
1157 1531
1390 1532
1076 1533
687 1534
726 1535
31 1536
118 1537
1475 1538
65 1539
1237 1540
702 1541
1090 1542
592 1543
176 1544
597 1545
1311 1546
1377 1547
1304 1548
96 1549
757 1550
745 1551
948 1552
655 1553
677 1554
819 1555
124 1556
321 1557
463 1558
152 1559
204 1560
120 1561
1146 1562
886 1563
144 1564
1055 1565
1397 1566
1035 1567
1339 1568
672 1569
1187 1570
1268 1571
188 1572
133 1573
1263 1574
1419 1575
915 1576
1479 1577
1026 1578
1137 1579
1476 1580
1487 1581
1437 1582
864 1583
561 1584
1403 1585
1351 1586
199 1587
699 1588
482 1589
566 1590
1473 1591
1514 1592
539 1593
280 1594
1269 1595
539 1596
1370 1597
1006 1598
1186 1599
1224 1600
1464 1601
284 1602
668 1603
248 1604
1263 1605
549 1606
378 1607
1197 1608
68 1609
1179 1610
1487 1611
460 1612
250 1613
1223 1614
268 1615
1052 1616
1367 1617
1135 1618
656 1619
911 1620
1382 1621
855 1622
434 1623
868 1624
987 1625
757 1626
493 1627
722 1628
524 1629
1312 1630
354 1631
818 1632
297 1633
972 1634
626 1635
306 1636
381 1637
97 1638
704 1639
750 1640
644 1641
1628 1642
1222 1643
98 1644
1301 1645
249 1646
282 1647
63 1648
730 1649
1562 1650
448 1651
585 1652
1093 1653
153 1654
1462 1655
1250 1656
980 1657
1095 1658
910 1659
1161 1660
503 1661
1432 1662
600 1663
369 1664
388 1665
975 1666
1595 1667
1452 1668
1275 1669
416 1670
178 1671
131 1672
994 1673
264 1674
1160 1675
314 1676
154 1677
1133 1678
703 1679
151 1680
516 1681
1662 1682
266 1683
1285 1684
1423 1685
962 1686
697 1687
650 1688
397 1689
1347 1690
365 1691
1457 1692
1165 1693
1087 1694
151 1695
360 1696
694 1697
48 1698
1489 1699
288 1700
1609 1701
638 1702
5 1703
692 1704
1089 1705
1581 1706
878 1707
749 1708
748 1709
360 1710
622 1711
1618 1712
992 1713
148 1714
1640 1715
1455 1716
1127 1717
820 1718
268 1719
1203 1720
1179 1721
8 1722
942 1723
327 1724
255 1725
1160 1726
1247 1727
875 1728
1059 1729
1236 1730
359 1731
696 1732
1014 1733
1615 1734
1357 1735
1266 1736
1536 1737
1716 1738
535 1739
1345 1740
1300 1741
949 1742
1166 1743
950 1744
1541 1745
1534 1746
1458 1747
749 1748
773 1749
1329 1750
1596 1751
672 1752
1705 1753
711 1754
661 1755
941 1756
268 1757
887 1758
136 1759
1123 1760
49 1761
1384 1762
417 1763
146 1764
59 1765
1382 1766
1026 1767
582 1768
317 1769
656 1770
1141 1771
1635 1772
652 1773
915 1774
435 1775
1643 1776
1411 1777
918 1778
1697 1779
651 1780
857 1781
1585 1782
1769 1783
541 1784
1246 1785
1434 1786
1482 1787
375 1788
1759 1789
1096 1790
162 1791
227 1792
1331 1793
1293 1794
1119 1795
1740 1796
509 1797
164 1798
1719 1799
402 1800
778 1801
1713 1802
1260 1803
890 1804
1679 1805
308 1806
1348 1807
665 1808
1592 1809
1162 1810
1025 1811
790 1812
243 1813
682 1814
213 1815
1464 1816
1784 1817
491 1818
1284 1819
1694 1820
1659 1821
21 1822
123 1823
1821 1824
1002 1825
1359 1826
742 1827
205 1828
1353 1829
360 1830
321 1831
20 1832
1503 1833
446 1834
537 1835
188 1836
29 1837
351 1838
1726 1839
531 1840
1653 1841
215 1842
1023 1843
1720 1844
1263 1845
991 1846
845 1847
414 1848
590 1849
889 1850
645 1851
1588 1852
1259 1853
1645 1854
65 1855
1008 1856
1114 1857
1074 1858
648 1859
123 1860
45 1861
1298 1862
742 1863
291 1864
682 1865
1816 1866
1105 1867
748 1868
973 1869
1659 1870
74 1871
1043 1872
1162 1873
1859 1874
691 1875
73 1876
34 1877
1528 1878
1702 1879
376 1880
1147 1881
1802 1882
621 1883
1526 1884
729 1885
1159 1886
906 1887
34 1888
200 1889
341 1890
317 1891
1103 1892
70 1893
1149 1894
687 1895
203 1896
974 1897
1855 1898
1858 1899
1505 1900
1088 1901
239 1902
1504 1903
61 1904
211 1905
442 1906
1735 1907
1557 1908
1761 1909
1149 1910
1635 1911
98 1912
1308 1913
278 1914
1283 1915
1236 1916
1086 1917
1196 1918
1196 1919
964 1920
1647 1921
686 1922
1037 1923
118 1924
1771 1925
1464 1926
1926 1927
958 1928
1569 1929
94 1930
334 1931
1833 1932
251 1933
1793 1934
226 1935
1918 1936
994 1937
1415 1938
1150 1939
642 1940
1130 1941
946 1942
1525 1943
1072 1944
128 1945
1798 1946
568 1947
332 1948
905 1949
240 1950
1309 1951
1196 1952
902 1953
387 1954
1689 1955
1504 1956
1527 1957
1660 1958
459 1959
406 1960
1522 1961
1603 1962
1256 1963
1631 1964
862 1965
1122 1966
530 1967
1916 1968
796 1969
1300 1970
123 1971
1375 1972
1565 1973
744 1974
894 1975
311 1976
1086 1977
593 1978
1314 1979
814 1980
806 1981
794 1982
840 1983
1834 1984
488 1985
209 1986
1345 1987
270 1988
1429 1989
244 1990
624 1991
897 1992
133 1993
1112 1994
1419 1995
8 1996
990 1997
461 1998
842 1999
700 2000
133 2001
462 2002
1740 2003
138 2004
1949 2005
1079 2006
362 2007
951 2008
776 2009
1273 2010
1453 2011
1246 2012
1733 2013
67 2014
281 2015
871 2016
165 2017
1756 2018
388 2019
100 2020
1221 2021
934 2022
1373 2023
1415 2024
1316 2025
1000 2026
985 2027
1130 2028
1796 2029
1209 2030
261 2031
7 2032
781 2033
1295 2034
1230 2035
1372 2036
1228 2037
1489 2038
1122 2039
1538 2040
1672 2041
474 2042
89 2043
280 2044
1464 2045
1401 2046
1474 2047
637 2048
1834 2049
1707 2050
1237 2051
578 2052
1349 2053
1302 2054
805 2055
174 2056
295 2057
349 2058
914 2059
11 2060
926 2061
469 2062
250 2063
1937 2064
1154 2065
1997 2066
1499 2067
1981 2068
92 2069
1999 2070
1432 2071
91 2072
377 2073
1244 2074
834 2075
1085 2076
1795 2077
1289 2078
122 2079
448 2080
863 2081
938 2082
10 2083
1480 2084
1208 2085
1082 2086
1695 2087
567 2088
2017 2089
1758 2090
2059 2091
18 2092
324 2093
1716 2094
1053 2095
1977 2096
1300 2097
1113 2098
683 2099
1288 2100
740 2101
1236 2102
1774 2103
949 2104
1077 2105
1450 2106
1593 2107
740 2108
15 2109
1889 2110
1128 2111
55 2112
1455 2113
1899 2114
1846 2115
678 2116
2026 2117
1032 2118
215 2119
1960 2120
506 2121
742 2122
91 2123
686 2124
21 2125
933 2126
1787 2127
2057 2128
1556 2129
1383 2130
1328 2131
1737 2132
447 2133
317 2134
2076 2135
50 2136
575 2137
1397 2138
499 2139
517 2140
1078 2141
917 2142
1520 2143
615 2144
1735 2145
1576 2146
2093 2147
1884 2148
975 2149
1893 2150
505 2151
1224 2152
726 2153
1423 2154
377 2155
1298 2156
1324 2157
2031 2158
1422 2159
401 2160
1644 2161
410 2162
288 2163
704 2164
450 2165
1583 2166
106 2167
197 2168
620 2169
610 2170
1416 2171
459 2172
159 2173
98 2174
708 2175
1194 2176
148 2177
1802 2178
286 2179
794 2180
1727 2181
1102 2182
87 2183
1354 2184
1937 2185
849 2186
1541 2187
1261 2188
1348 2189
1989 2190
1514 2191
1276 2192
198 2193
483 2194
1690 2195
1261 2196
167 2197
1000 2198
934 2199
1670 2200
130 2201
1390 2202
2012 2203
1630 2204
163 2205
1621 2206
2083 2207
387 2208
1134 2209
1196 2210
424 2211
1529 2212
331 2213
790 2214
102 2215
961 2216
414 2217
306 2218
1887 2219
1393 2220
1160 2221
734 2222
141 2223
837 2224
13 2225
886 2226
846 2227
724 2228
1956 2229
117 2230
1151 2231
625 2232
578 2233
1367 2234
1033 2235
1276 2236
1876 2237
260 2238
623 2239
351 2240
1652 2241
578 2242
1712 2243
271 2244
584 2245
805 2246
870 2247
705 2248
2103 2249
1763 2250
1901 2251
1589 2252
530 2253
67 2254
1298 2255
505 2256
1569 2257
2115 2258
2049 2259
1349 2260
42 2261
1249 2262
1391 2263
883 2264
501 2265
1201 2266
1749 2267
1484 2268
1952 2269
517 2270
1245 2271
380 2272
471 2273
659 2274
2261 2275
22 2276
142 2277
1475 2278
1489 2279
278 2280
622 2281
2102 2282
1101 2283
1900 2284
263 2285
1331 2286
1315 2287
1305 2288
1801 2289
1747 2290
1 2291
1832 2292
613 2293
1495 2294
2166 2295
1154 2296
1007 2297
271 2298
986 2299
720 2300
1976 2301
774 2302
470 2303
60 2304
285 2305
530 2306
1038 2307
2187 2308
1896 2309
1313 2310
2208 2311
1986 2312
911 2313
2285 2314
515 2315
880 2316
496 2317
1395 2318
1010 2319
1551 2320
2299 2321
1366 2322
341 2323
1647 2324
1429 2325
1027 2326
1059 2327
1554 2328
1132 2329
1701 2330
787 2331
1961 2332
62 2333
1139 2334
1951 2335
1607 2336
2050 2337
57 2338
463 2339
2083 2340
1735 2341
2110 2342
807 2343
1615 2344
1527 2345
1754 2346
306 2347
207 2348
636 2349
1505 2350
1423 2351
1839 2352
643 2353
1504 2354
585 2355
1209 2356
1737 2357
648 2358
723 2359
2166 2360
1304 2361
1605 2362
679 2363
2041 2364
623 2365
1754 2366
1423 2367
1459 2368
572 2369
2366 2370
666 2371
1419 2372
1498 2373
1876 2374
1237 2375
561 2376
1659 2377
439 2378
693 2379
2316 2380
904 2381
644 2382
1477 2383
1723 2384
1992 2385
1228 2386
1041 2387
2185 2388
1258 2389
1220 2390
664 2391
384 2392
830 2393
626 2394
1805 2395
2072 2396
2210 2397
1969 2398
1614 2399
1185 2400
1724 2401
1564 2402
458 2403
594 2404
621 2405
1826 2406
872 2407
692 2408
790 2409
773 2410
995 2411
860 2412
20 2413
2201 2414
2350 2415
1736 2416
626 2417
1668 2418
460 2419
1334 2420
523 2421
2163 2422
1645 2423
1941 2424
421 2425
821 2426
536 2427
450 2428
845 2429
1919 2430
384 2431
1441 2432
875 2433
786 2434
1353 2435
2299 2436
1591 2437
2322 2438
2139 2439
2415 2440
391 2441
514 2442
2021 2443
540 2444
1932 2445
249 2446
172 2447
2399 2448
1097 2449
2361 2450
696 2451
1108 2452
1921 2453
1639 2454
2316 2455
401 2456
396 2457
59 2458
1490 2459
1621 2460
2048 2461
497 2462
436 2463
991 2464
803 2465
2356 2466
1843 2467
2238 2468
1519 2469
767 2470
584 2471
1224 2472
1772 2473
450 2474
1676 2475
2264 2476
1616 2477
491 2478
1034 2479
476 2480
1766 2481
2385 2482
1000 2483
465 2484
2368 2485
515 2486
2284 2487
242 2488
484 2489
354 2490
1299 2491
1178 2492
965 2493
600 2494
2176 2495
1560 2496
225 2497
479 2498
76 2499
1686 2500
2074 2501
2403 2502
437 2503
881 2504
1526 2505
1914 2506
675 2507
1297 2508
1599 2509
415 2510
2090 2511
1957 2512
1984 2513
1921 2514
134 2515
284 2516
1022 2517
556 2518
134 2519
2322 2520
736 2521
742 2522
2427 2523
1531 2524
279 2525
156 2526
1861 2527
995 2528
1139 2529
1570 2530
1070 2531
2428 2532
1656 2533
389 2534
1478 2535
1907 2536
1470 2537
122 2538
78 2539
2403 2540
1362 2541
1828 2542
2009 2543
660 2544
1409 2545
1660 2546
2513 2547
1727 2548
1734 2549
2428 2550
1050 2551
2415 2552
772 2553
1204 2554
578 2555
1173 2556
2238 2557
734 2558
652 2559
674 2560
1372 2561
228 2562
927 2563
469 2564
1474 2565
2072 2566
150 2567
377 2568
604 2569
1010 2570
837 2571
1373 2572
1007 2573
2179 2574
2183 2575
2179 2576
429 2577
1149 2578
2545 2579
206 2580
939 2581
212 2582
1109 2583
2227 2584
139 2585
1670 2586
2308 2587
1212 2588
2045 2589
2520 2590
1631 2591
259 2592
230 2593
565 2594
1117 2595
121 2596
248 2597
1846 2598
218 2599
2203 2600
1547 2601
1613 2602
1400 2603
1304 2604
750 2605
174 2606
1640 2607
2466 2608
1616 2609
2244 2610
2524 2611
1911 2612
78 2613
2104 2614
137 2615
633 2616
2307 2617
625 2618
1428 2619
1337 2620
1852 2621
2392 2622
1342 2623
3 2624
768 2625
1700 2626
836 2627
1352 2628
679 2629
391 2630
399 2631
2577 2632
2039 2633
2169 2634
1012 2635
1627 2636
1612 2637
2011 2638
2197 2639
1223 2640
1127 2641
95 2642
2173 2643
1902 2644
1307 2645
440 2646
2160 2647
2268 2648
1633 2649
2251 2650
1911 2651
1632 2652
2298 2653
156 2654
1661 2655
2320 2656
1731 2657
2643 2658
1052 2659
235 2660
1161 2661
2311 2662
967 2663
363 2664
2241 2665
1685 2666
2619 2667
156 2668
667 2669
2498 2670
392 2671
1061 2672
952 2673
861 2674
1458 2675
992 2676
816 2677
1500 2678
1266 2679
1543 2680
606 2681
1072 2682
72 2683
985 2684
729 2685
1710 2686
1896 2687
1152 2688
1685 2689
1871 2690
75 2691
1425 2692
1488 2693
1688 2694
1620 2695
1554 2696
1248 2697
1456 2698
1870 2699
2218 2700
1149 2701
1188 2702
2606 2703
1141 2704
1641 2705
671 2706
619 2707
1666 2708
1042 2709
292 2710
2421 2711
2305 2712
935 2713
574 2714
143 2715
111 2716
892 2717
746 2718
1408 2719
1053 2720
653 2721
662 2722
387 2723
877 2724
1179 2725
1708 2726
2654 2727
2121 2728
2507 2729
186 2730
2457 2731
1112 2732
1607 2733
354 2734
93 2735
1045 2736
1599 2737
1567 2738
141 2739
1252 2740
281 2741
2478 2742
1765 2743
330 2744
2573 2745
2660 2746
761 2747
273 2748
69 2749
2278 2750
1386 2751
1860 2752
424 2753
1250 2754
628 2755
459 2756
2625 2757
793 2758
676 2759
635 2760
457 2761
2507 2762
1145 2763
559 2764
909 2765
1479 2766
127 2767
1434 2768
395 2769
504 2770
1275 2771
1944 2772
2659 2773
626 2774
419 2775
2771 2776
2177 2777
289 2778
2200 2779
1621 2780
22 2781
2067 2782
1976 2783
2003 2784
384 2785
1332 2786
1552 2787
1903 2788
352 2789
2638 2790
573 2791
1048 2792
1246 2793
170 2794
608 2795
314 2796
1105 2797
149 2798
880 2799
1484 2800
965 2801
1871 2802
509 2803
496 2804
2559 2805
2414 2806
190 2807
2258 2808
390 2809
781 2810
1982 2811
587 2812
2463 2813
2662 2814
52 2815
1150 2816
1640 2817
2729 2818
1792 2819
556 2820
451 2821
984 2822
2580 2823
1850 2824
2573 2825
2375 2826
2135 2827
2602 2828
2494 2829
1698 2830
2717 2831
1427 2832
639 2833
317 2834
231 2835
2364 2836
1218 2837
1736 2838
2221 2839
2112 2840
1655 2841
894 2842
918 2843
1363 2844
292 2845
2575 2846
1582 2847
709 2848
439 2849
2301 2850
1178 2851
496 2852
1045 2853
1672 2854
514 2855
902 2856
1911 2857
2186 2858
369 2859
2262 2860
1740 2861
1440 2862
1717 2863
581 2864
589 2865
1937 2866
350 2867
479 2868
432 2869
1690 2870
2245 2871
2396 2872
2081 2873
1733 2874
2654 2875
1808 2876
1804 2877
2484 2878
1081 2879
2379 2880
2282 2881
1056 2882
1286 2883
2083 2884
1504 2885
2503 2886
493 2887
315 2888
152 2889
2275 2890
272 2891
2773 2892
1584 2893
2749 2894
1366 2895
2839 2896
2777 2897
1711 2898
935 2899
690 2900
943 2901
2401 2902
2167 2903
2436 2904
1060 2905
2905 2906
1023 2907
1933 2908
1845 2909
1361 2910
807 2911
2221 2912
2481 2913
2236 2914
2336 2915
1528 2916
1802 2917
56 2918
1810 2919
942 2920
966 2921
551 2922
550 2923
2202 2924
1445 2925
681 2926
2779 2927
2629 2928
2179 2929
1304 2930
1414 2931
1590 2932
378 2933
2174 2934
805 2935
2151 2936
610 2937
430 2938
1872 2939
1744 2940
1688 2941
1780 2942
2267 2943
1258 2944
1391 2945
1946 2946
55 2947
2259 2948
280 2949
2745 2950
1996 2951
2951 2952
1306 2953
1643 2954
2474 2955
2184 2956
19 2957
2286 2958
1337 2959
1410 2960
2437 2961
2696 2962
2663 2963
2250 2964
1293 2965
2012 2966
467 2967
1467 2968
2504 2969
1277 2970
134 2971
2829 2972
1973 2973
1711 2974
2376 2975
2345 2976
128 2977
2323 2978
2178 2979
2336 2980
2512 2981
1467 2982
430 2983
2265 2984
565 2985
2221 2986
1761 2987
168 2988
2285 2989
277 2990
171 2991
2062 2992
856 2993
2658 2994
1594 2995
2803 2996
2504 2997
2656 2998
1458 2999
66 3000
666 3001
1908 3002
322 3003
2894 3004
1959 3005
2557 3006
688 3007
876 3008
327 3009
801 3010
873 3011
1476 3012
316 3013
2149 3014
2727 3015
1683 3016
2762 3017
1186 3018
218 3019
266 3020
2360 3021
2186 3022
1455 3023
2123 3024
697 3025
114 3026
2912 3027
513 3028
984 3029
242 3030
1279 3031
2164 3032
1703 3033
2945 3034
744 3035
2368 3036
2254 3037
2710 3038
2739 3039
440 3040
1189 3041
2100 3042
2225 3043
2962 3044
272 3045
97 3046
2920 3047
541 3048
1262 3049
351 3050
1743 3051
1997 3052
443 3053
2735 3054
60 3055
930 3056
1995 3057
78 3058
2706 3059
1416 3060
1365 3061
2007 3062
1440 3063
2124 3064
2893 3065
809 3066
2729 3067
2275 3068
1032 3069
2267 3070
2581 3071
2157 3072
1806 3073
1290 3074
2824 3075
2276 3076
1708 3077
271 3078
1245 3079
1229 3080
1206 3081
840 3082
1872 3083
1904 3084
2660 3085
2057 3086
2280 3087
2231 3088
921 3089
386 3090
2393 3091
921 3092
2233 3093
532 3094
1891 3095
1206 3096
2788 3097
104 3098
412 3099
597 3100
1718 3101
2137 3102
2219 3103
2921 3104
1975 3105
539 3106
2891 3107
373 3108
2606 3109
2117 3110
1681 3111
2652 3112
2103 3113
721 3114
2039 3115
834 3116
2907 3117
2679 3118
1888 3119
2909 3120
657 3121
1242 3122
2477 3123
2426 3124
2229 3125
865 3126
449 3127
2429 3128
3053 3129
251 3130
1965 3131
1983 3132
2927 3133
1104 3134
3008 3135
2873 3136
436 3137
1077 3138
1634 3139
2695 3140
1375 3141
23 3142
2879 3143
1058 3144
881 3145
744 3146
511 3147
1507 3148
123 3149
220 3150
2824 3151
2327 3152
3121 3153
3027 3154
1887 3155
94 3156
172 3157
1032 3158
2683 3159
2943 3160
447 3161
2232 3162
1619 3163
1888 3164
1311 3165
1130 3166
235 3167
2947 3168
1379 3169
873 3170
2772 3171
1098 3172
2420 3173
2050 3174
2801 3175
68 3176
1463 3177
2654 3178
2332 3179
508 3180
1707 3181
171 3182
2879 3183
2734 3184
1443 3185
709 3186
3048 3187
750 3188
2255 3189
576 3190
1217 3191
2496 3192
1603 3193
1576 3194
2115 3195
842 3196
153 3197
2772 3198
2566 3199
89 3200
853 3201
272 3202
1863 3203
1288 3204
1838 3205
1064 3206
2919 3207
1038 3208
644 3209
2386 3210
152 3211
362 3212
1948 3213
3073 3214
3031 3215
1003 3216
2646 3217
1940 3218
2745 3219
2977 3220
1590 3221
1016 3222
3136 3223
2130 3224
1188 3225
2516 3226
34 3227
1876 3228
2811 3229
772 3230
2345 3231
884 3232
2550 3233
556 3234
1859 3235
1305 3236
181 3237
1212 3238
769 3239
2799 3240
601 3241
1197 3242
1860 3243
240 3244
2894 3245
2005 3246
2347 3247
1074 3248
652 3249
469 3250
1682 3251
299 3252
2953 3253
2610 3254
2513 3255
2514 3256
2574 3257
382 3258
1896 3259
1524 3260
2183 3261
1573 3262
2760 3263
1938 3264
1603 3265
2162 3266
1806 3267
1465 3268
1567 3269
2437 3270
1664 3271
1881 3272
357 3273
2278 3274
3203 3275
1372 3276
2682 3277
1397 3278
2550 3279
1672 3280
2145 3281
1392 3282
169 3283
211 3284
1875 3285
1115 3286
1120 3287
3108 3288
574 3289
952 3290
1256 3291
2764 3292
1779 3293
3210 3294
1724 3295
484 3296
2316 3297
472 3298
2981 3299
2293 3300
1614 3301
994 3302
1655 3303
2094 3304
1363 3305
1837 3306
1809 3307
83 3308
3021 3309
30 3310
1231 3311
862 3312
1126 3313
1316 3314
3273 3315
1674 3316
1025 3317
2497 3318
3282 3319
3092 3320
3292 3321
476 3322
317 3323
957 3324
233 3325
2690 3326
626 3327
2197 3328
3012 3329
3203 3330
2994 3331
3224 3332
2473 3333
2630 3334
400 3335
2312 3336
2167 3337
2721 3338
3082 3339
340 3340
2516 3341
1557 3342
1704 3343
3064 3344
836 3345
3135 3346
3135 3347
2946 3348
3184 3349
1252 3350
708 3351
262 3352
1996 3353
1008 3354
2815 3355
2308 3356
2749 3357
2181 3358
2883 3359
2212 3360
1942 3361
3100 3362
1395 3363
1186 3364
2126 3365
437 3366
3260 3367
842 3368
1852 3369
1311 3370
3136 3371
430 3372
2557 3373
1546 3374
2787 3375
847 3376
3255 3377
1650 3378
2399 3379
782 3380
1424 3381
1228 3382
1448 3383
2769 3384
2519 3385
1418 3386
429 3387
1743 3388
2008 3389
676 3390
611 3391
1990 3392
854 3393
33 3394
2702 3395
2678 3396
3180 3397
908 3398
508 3399
1256 3400
1655 3401
1350 3402
2821 3403
2023 3404
3277 3405
3175 3406
310 3407
1571 3408
852 3409
3088 3410
2840 3411
3127 3412
731 3413
1789 3414
59 3415
257 3416
914 3417
986 3418
9 3419
2714 3420
791 3421
367 3422
1821 3423
2673 3424
1421 3425
23 3426
1275 3427
2623 3428
2813 3429
2592 3430
2719 3431
958 3432
3244 3433
2313 3434
1786 3435
489 3436
2408 3437
2435 3438
2272 3439
1931 3440
2180 3441
248 3442
3010 3443
2857 3444
572 3445
45 3446
897 3447
2315 3448
760 3449
475 3450
700 3451
2452 3452
595 3453
2171 3454
2623 3455
1109 3456
2467 3457
1198 3458
764 3459
3001 3460
3240 3461
86 3462
1084 3463
3088 3464
1450 3465
2177 3466
232 3467
1597 3468
179 3469
392 3470
377 3471
2965 3472
723 3473
2905 3474
1592 3475
1610 3476
1979 3477
1332 3478
1132 3479
2397 3480
3138 3481
688 3482
1671 3483
2475 3484
444 3485
2497 3486
1214 3487
1428 3488
234 3489
2902 3490
3480 3491
3356 3492
1855 3493
3347 3494
2633 3495
2121 3496
980 3497
885 3498
2934 3499
3352 3500
25 3501
1819 3502
2395 3503
722 3504
1637 3505
3059 3506
2033 3507
1029 3508
2068 3509
3091 3510
2743 3511
3367 3512
2233 3513
1473 3514
2285 3515
309 3516
405 3517
892 3518
3482 3519
877 3520
2512 3521
3131 3522
487 3523
548 3524
1894 3525
370 3526
738 3527
3171 3528
1145 3529
1040 3530
490 3531
777 3532
411 3533
1345 3534
923 3535
2975 3536
2643 3537
2955 3538
3510 3539
1655 3540
281 3541
3130 3542
2484 3543
505 3544
3231 3545
1498 3546
2115 3547
3324 3548
1380 3549
2524 3550
1424 3551
1192 3552
507 3553
2180 3554
24 3555
805 3556
1685 3557
1424 3558
3299 3559
2916 3560
2922 3561
907 3562
1899 3563
2590 3564
816 3565
653 3566
2745 3567
2336 3568
507 3569
3002 3570
3190 3571
1034 3572
1932 3573
156 3574
1222 3575
3147 3576
299 3577
2967 3578
3346 3579
1202 3580
2013 3581
587 3582
3368 3583
3429 3584
1143 3585
1067 3586
659 3587
1817 3588
2236 3589
1066 3590
1181 3591
3079 3592
565 3593
112 3594
1125 3595
1326 3596
1118 3597
390 3598
1639 3599
407 3600
321 3601
1725 3602
825 3603
2560 3604
330 3605
2632 3606
2838 3607
624 3608
953 3609
3011 3610
2943 3611
3189 3612
1561 3613
1244 3614
2441 3615
490 3616
1645 3617
175 3618
2532 3619
1103 3620
1116 3621
251 3622
1878 3623
569 3624
13 3625
1748 3626
245 3627
2043 3628
1947 3629
873 3630
157 3631
864 3632
1479 3633
3110 3634
3453 3635
3185 3636
1343 3637
335 3638
1249 3639
2782 3640
2210 3641
1453 3642
173 3643
3488 3644
316 3645
2355 3646
617 3647
721 3648
3583 3649
2664 3650
1510 3651
2778 3652
486 3653
1977 3654
1101 3655
2674 3656
619 3657
1337 3658
3116 3659
2255 3660
1848 3661
311 3662
1854 3663
1710 3664
1192 3665
80 3666
791 3667
3184 3668
2960 3669
2325 3670
689 3671
1341 3672
2665 3673
2183 3674
3048 3675
2703 3676
109 3677
2376 3678
1353 3679
505 3680
3621 3681
1322 3682
2618 3683
3363 3684
3132 3685
753 3686
430 3687
2419 3688
3643 3689
1008 3690
883 3691
173 3692
1019 3693
648 3694
3325 3695
38 3696
2123 3697
198 3698
2973 3699
1023 3700
3327 3701
2084 3702
1271 3703
3471 3704
207 3705
236 3706
2601 3707
1586 3708
3246 3709
1830 3710
1375 3711
2772 3712
2020 3713
325 3714
2343 3715
565 3716
3391 3717
746 3718
1252 3719
507 3720
677 3721
1789 3722
144 3723
2436 3724
3712 3725
2670 3726
2472 3727
1232 3728
1868 3729
1177 3730
3050 3731
1538 3732
3389 3733
2265 3734
1653 3735
2450 3736
3029 3737
3346 3738
662 3739
2577 3740
2093 3741
1753 3742
3568 3743
833 3744
526 3745
419 3746
848 3747
2449 3748
954 3749
2117 3750
873 3751
2611 3752
16 3753
3579 3754
314 3755
2622 3756
1555 3757
1092 3758
2262 3759
1832 3760
1835 3761
1409 3762
155 3763
1910 3764
964 3765
3541 3766
2006 3767
1893 3768
1762 3769
1161 3770
813 3771
33 3772
1246 3773
2291 3774
959 3775
1596 3776
399 3777
1520 3778
3772 3779
2879 3780
3445 3781
337 3782
3522 3783
2027 3784
2400 3785
793 3786
441 3787
905 3788
3087 3789
3309 3790
3148 3791
3723 3792
2228 3793
3715 3794
3476 3795
695 3796
2971 3797
1672 3798
3354 3799
2920 3800
2613 3801
2254 3802
3616 3803
297 3804
364 3805
3727 3806
3564 3807
498 3808
3294 3809
545 3810
1124 3811
2813 3812
1660 3813
2933 3814
974 3815
3532 3816
2046 3817
233 3818
1086 3819
1658 3820
812 3821
2288 3822
1103 3823
2443 3824
1425 3825
3347 3826
108 3827
1668 3828
2510 3829
2715 3830
213 3831
3010 3832
4 3833
2089 3834
1242 3835
139 3836
3660 3837
3414 3838
3135 3839
2111 3840
2354 3841
1932 3842
2890 3843
3019 3844
529 3845
3548 3846
547 3847
3070 3848
3726 3849
2026 3850
1383 3851
3614 3852
934 3853
2163 3854
1430 3855
3620 3856
1703 3857
1310 3858
3141 3859
2741 3860
2631 3861
1083 3862
1092 3863
2317 3864
966 3865
3084 3866
572 3867
1020 3868
143 3869
2152 3870
2533 3871
2356 3872
2473 3873
2778 3874
1303 3875
498 3876
1099 3877
2692 3878
1092 3879
1536 3880
1475 3881
2918 3882
2533 3883
3195 3884
589 3885
2543 3886
1170 3887
593 3888
1596 3889
274 3890
123 3891
3314 3892
2347 3893
321 3894
1323 3895
1757 3896
2310 3897
2964 3898
3447 3899
1162 3900
274 3901
816 3902
2818 3903
2265 3904
1475 3905
158 3906
2666 3907
1584 3908
2412 3909
1318 3910
1996 3911
447 3912
673 3913
2527 3914
3544 3915
2118 3916
686 3917
2603 3918
92 3919
358 3920
3831 3921
3718 3922
3188 3923
2123 3924
3424 3925
742 3926
1758 3927
1392 3928
2203 3929
643 3930
1817 3931
3169 3932
2767 3933
2986 3934
3683 3935
3714 3936
2864 3937
1301 3938
3636 3939
975 3940
1844 3941
153 3942
3719 3943
3814 3944
3075 3945
3404 3946
1849 3947
1214 3948
1077 3949
542 3950
1477 3951
2358 3952
2926 3953
1564 3954
2629 3955
3691 3956
3276 3957
3573 3958
2809 3959
1947 3960
712 3961
2863 3962
3317 3963
634 3964
3799 3965
1236 3966
335 3967
1457 3968
1397 3969
1407 3970
3691 3971
2100 3972
2309 3973
313 3974
805 3975
1381 3976
1004 3977
2581 3978
3496 3979
3789 3980
341 3981
229 3982
911 3983
2528 3984
698 3985
1321 3986
3354 3987
2645 3988
1070 3989
3145 3990
2750 3991
3381 3992
2698 3993
1876 3994
1668 3995
1273 3996
3347 3997
3628 3998
2312 3999
3530 4000
160 4001
2694 4002
951 4003
2736 4004
2967 4005
236 4006
3928 4007
742 4008
1594 4009
1318 4010
2294 4011
2833 4012
1246 4013
3253 4014
1545 4015
2982 4016
1479 4017
1502 4018
2253 4019
2153 4020
3771 4021
3650 4022
574 4023
3012 4024
2066 4025
2383 4026
191 4027
2120 4028
3549 4029
324 4030
3352 4031
2235 4032
79 4033
2998 4034
2639 4035
3516 4036
1767 4037
2233 4038
3830 4039
134 4040
2006 4041
1423 4042
2178 4043
1931 4044
2837 4045
3553 4046
2216 4047
193 4048
140 4049
1988 4050
3178 4051
2783 4052
3430 4053
440 4054
551 4055
675 4056
2905 4057
2131 4058
3928 4059
2269 4060
429 4061
1835 4062
2674 4063
691 4064
3604 4065
457 4066
933 4067
2524 4068
1275 4069
3915 4070
3015 4071
880 4072
3788 4073
1933 4074
2335 4075
2921 4076
3335 4077
848 4078
3874 4079
2718 4080
888 4081
1020 4082
1311 4083
3395 4084
1167 4085
846 4086
2816 4087
2036 4088
3541 4089
565 4090
3383 4091
367 4092
1425 4093
2343 4094
197 4095
3791 4096
1537 4097
2174 4098
1703 4099
2687 4100
3343 4101
1498 4102
1596 4103
148 4104
3600 4105
2846 4106
1655 4107
2107 4108
1427 4109
3213 4110
2199 4111
155 4112
649 4113
980 4114
1388 4115
1753 4116
1996 4117
1561 4118
3990 4119
3856 4120
3053 4121
1098 4122
3134 4123
2331 4124
2568 4125
1611 4126
1949 4127
2810 4128
3151 4129
1305 4130
1702 4131
2374 4132
2163 4133
1514 4134
4093 4135
139 4136
1615 4137
3995 4138
3454 4139
3189 4140
421 4141
1769 4142
1332 4143
3804 4144
791 4145
3602 4146
3979 4147
2081 4148
2797 4149
2941 4150
2034 4151
169 4152
1775 4153
3361 4154
2582 4155
3503 4156
399 4157
3752 4158
78 4159
2574 4160
979 4161
1251 4162
4111 4163
3332 4164
3664 4165
783 4166
979 4167
1684 4168
1259 4169
1009 4170
869 4171
3221 4172
2544 4173
1893 4174
1297 4175
25 4176
859 4177
1222 4178
2042 4179
1471 4180
3307 4181
2452 4182
2641 4183
1316 4184
1748 4185
494 4186
515 4187
2550 4188
3573 4189
142 4190
830 4191
1734 4192
1820 4193
2599 4194
3242 4195
267 4196
2392 4197
2592 4198
1558 4199
1446 4200
2386 4201
3108 4202
1160 4203
822 4204
131 4205
1987 4206
395 4207
1604 4208
967 4209
4144 4210
2821 4211
3686 4212
1003 4213
2991 4214
3949 4215
353 4216
3652 4217
3913 4218
2782 4219
2448 4220
284 4221
2794 4222
591 4223
2982 4224
1748 4225
2869 4226
2575 4227
287 4228
3880 4229
206 4230
11 4231
153 4232
3344 4233
2408 4234
3074 4235
972 4236
2229 4237
2207 4238
332 4239
968 4240
3535 4241
633 4242
4135 4243
1048 4244
1499 4245
3428 4246
3977 4247
3052 4248
4214 4249
2490 4250
868 4251
1628 4252
2067 4253
4167 4254
640 4255
516 4256
2696 4257
3246 4258
2470 4259
2646 4260
3902 4261
2207 4262
504 4263
2320 4264
2710 4265
3192 4266
765 4267
1696 4268
2881 4269
2835 4270
3470 4271
2110 4272
3553 4273
3304 4274
3891 4275
3945 4276
3277 4277
2217 4278
3001 4279
3375 4280
3771 4281
3018 4282
236 4283
1118 4284
1743 4285
1972 4286
2535 4287
3325 4288
1534 4289
4063 4290
2736 4291
2594 4292
1727 4293
941 4294
2087 4295
468 4296
1136 4297
2739 4298
4152 4299
3814 4300
106 4301
183 4302
2378 4303
4169 4304
1056 4305
82 4306
1238 4307
198 4308
693 4309
1544 4310
1933 4311
3481 4312
2166 4313
3299 4314
3649 4315
3336 4316
3233 4317
611 4318
2424 4319
3090 4320
1028 4321
4106 4322
1927 4323
3331 4324
2563 4325
2094 4326
2904 4327
3975 4328
666 4329
1329 4330
364 4331
3967 4332
2545 4333
3873 4334
1821 4335
874 4336
3384 4337
1442 4338
1122 4339
391 4340
2553 4341
1237 4342
1394 4343
4179 4344
2733 4345
3188 4346
2277 4347
2107 4348
1150 4349
3198 4350
2523 4351
481 4352
71 4353
708 4354
955 4355
3126 4356
590 4357
2487 4358
1962 4359
2587 4360
767 4361
3610 4362
3507 4363
2246 4364
204 4365
1370 4366
2428 4367
3385 4368
1798 4369
1533 4370
2057 4371
1735 4372
2317 4373
4272 4374
3553 4375
704 4376
3027 4377
1543 4378
2245 4379
1615 4380
3996 4381
1785 4382
1938 4383
3567 4384
1583 4385
1038 4386
819 4387
3295 4388
2678 4389
4219 4390
306 4391
4013 4392
1871 4393
2834 4394
4230 4395
3402 4396
3894 4397
1376 4398
1607 4399
1433 4400
3812 4401
1784 4402
74 4403
4045 4404
2588 4405
1797 4406
1945 4407
1084 4408
4148 4409
51 4410
2738 4411
2510 4412
2354 4413
2113 4414
607 4415
3342 4416
1757 4417
4183 4418
747 4419
350 4420
248 4421
3915 4422
4246 4423
3314 4424
1450 4425
2693 4426
4111 4427
3249 4428
762 4429
3590 4430
1170 4431
534 4432
1322 4433
4034 4434
3532 4435
2894 4436
2540 4437
3124 4438
4051 4439
3712 4440
802 4441
4441 4442
3532 4443
3789 4444
1798 4445
3029 4446
1844 4447
433 4448
1817 4449
3534 4450
2147 4451
1244 4452
3955 4453
680 4454
3791 4455
1967 4456
414 4457
4228 4458
2402 4459
897 4460
2750 4461
1445 4462
3051 4463
4160 4464
734 4465
3238 4466
1654 4467
4214 4468
1792 4469
3796 4470
2799 4471
3906 4472
2419 4473
2353 4474
142 4475
3636 4476
389 4477
1932 4478
4160 4479
2363 4480
1845 4481
3242 4482
3848 4483
2516 4484
2069 4485
292 4486
2682 4487
388 4488
2559 4489
3166 4490
2983 4491
2224 4492
2087 4493
499 4494
2518 4495
1308 4496
1984 4497
2437 4498
3454 4499
2010 4500
3212 4501
671 4502
4342 4503
1735 4504
4079 4505
330 4506
986 4507
824 4508
2936 4509
1124 4510
1194 4511
1575 4512
2410 4513
333 4514
3070 4515
4438 4516
1288 4517
3876 4518
3896 4519
4035 4520
3903 4521
1453 4522
4406 4523
2768 4524
1096 4525
3725 4526
1049 4527
2272 4528
2657 4529
442 4530
2748 4531
2354 4532
4425 4533
3836 4534
983 4535
2733 4536
4100 4537
1887 4538
2181 4539
46 4540
3979 4541
863 4542
281 4543
461 4544
1555 4545
3065 4546
1632 4547
2964 4548
3977 4549
575 4550
1662 4551
2319 4552
508 4553
1738 4554
202 4555
1610 4556
2630 4557
3778 4558
3756 4559
909 4560
4289 4561
3697 4562
113 4563
1606 4564
1117 4565
4071 4566
1831 4567
2668 4568
37 4569
4132 4570
1453 4571
3263 4572
7 4573
3785 4574
3029 4575
1752 4576
3029 4577
463 4578
742 4579
1137 4580
3325 4581
2905 4582
1103 4583
2058 4584
2907 4585
543 4586
973 4587
4193 4588
3649 4589
11 4590
458 4591
3640 4592
3430 4593
1845 4594
396 4595
2602 4596
1541 4597
2457 4598
3851 4599
3387 4600
745 4601
3918 4602
322 4603
610 4604
1159 4605
3998 4606
1225 4607
4381 4608
2129 4609
3088 4610
2503 4611
3093 4612
43 4613
440 4614
1062 4615
157 4616
1140 4617
2300 4618
4306 4619
4189 4620
1476 4621
4518 4622
1868 4623
1884 4624
1807 4625
2639 4626
2272 4627
4622 4628
465 4629
3018 4630
3116 4631
1926 4632
4427 4633
1608 4634
1569 4635
2475 4636
1125 4637
1223 4638
1930 4639
2764 4640
3065 4641
635 4642
824 4643
2532 4644
4321 4645
1864 4646
1542 4647
1750 4648
1622 4649
3442 4650
397 4651
3179 4652
4120 4653
1450 4654
3150 4655
1682 4656
2990 4657
1247 4658
833 4659
1586 4660
2497 4661
3223 4662
381 4663
1113 4664
4094 4665
4068 4666
2035 4667
2514 4668
1987 4669
2840 4670
2265 4671
279 4672
1884 4673
1938 4674
1211 4675
2608 4676
36 4677
4588 4678
1404 4679
2282 4680
2397 4681
2392 4682
508 4683
1905 4684
2940 4685
3032 4686
2357 4687
708 4688
129 4689
2614 4690
1715 4691
2602 4692
2860 4693
2215 4694
1025 4695
506 4696
2785 4697
3287 4698
593 4699
4664 4700
3903 4701
4272 4702
1090 4703
3516 4704
3779 4705
1918 4706
3917 4707
644 4708
2801 4709
2476 4710
2211 4711
1538 4712
2809 4713
3428 4714
1300 4715
228 4716
1674 4717
3345 4718
2969 4719
779 4720
3618 4721
4267 4722
3657 4723
3396 4724
1336 4725
2250 4726
2958 4727
4622 4728
1304 4729
541 4730
1132 4731
228 4732
1465 4733
2401 4734
2583 4735
1285 4736
2043 4737
4107 4738
2686 4739
11 4740
3663 4741
2341 4742
4684 4743
2679 4744
303 4745
474 4746
1629 4747
4323 4748
177 4749
3861 4750
608 4751
3907 4752
1520 4753
513 4754
2866 4755
841 4756
2692 4757
3098 4758
2205 4759
1770 4760
2241 4761
1325 4762
966 4763
4600 4764
2026 4765
4429 4766
54 4767
3655 4768
4666 4769
4043 4770
1787 4771
3381 4772
4160 4773
1259 4774
4353 4775
56 4776
4070 4777
4532 4778
1859 4779
1948 4780
2500 4781
3516 4782
4417 4783
589 4784
4516 4785
1179 4786
2657 4787
2186 4788
551 4789
3731 4790
2861 4791
1132 4792
2257 4793
4566 4794
2245 4795
4742 4796
2890 4797
4488 4798
542 4799
821 4800
3948 4801
78 4802
3080 4803
330 4804
3221 4805
2845 4806
681 4807
644 4808
1457 4809
2075 4810
4383 4811
2426 4812
3727 4813
4335 4814
2356 4815
1987 4816
1930 4817
3018 4818
3281 4819
3487 4820
905 4821
3946 4822
1702 4823
3344 4824
4087 4825
4091 4826
3910 4827
4540 4828
364 4829
2603 4830
4288 4831
1874 4832
937 4833
492 4834
4591 4835
1054 4836
3622 4837
2058 4838
3112 4839
4513 4840
954 4841
3945 4842
4463 4843
1452 4844
111 4845
3844 4846
3140 4847
2248 4848
802 4849
3486 4850
2245 4851
1624 4852
3873 4853
3830 4854
3345 4855
1896 4856
77 4857
4843 4858
3637 4859
1784 4860
3912 4861
2713 4862
2837 4863
2087 4864
2579 4865
1442 4866
894 4867
1203 4868
4159 4869
4800 4870
3910 4871
1686 4872
3993 4873
924 4874
202 4875
2976 4876
2530 4877
2135 4878
1784 4879
154 4880
1618 4881
3588 4882
1157 4883
3357 4884
636 4885
3944 4886
2525 4887
4421 4888
2904 4889
2049 4890
4829 4891
2373 4892
1044 4893
262 4894
519 4895
1903 4896
656 4897
1633 4898
2606 4899
3075 4900
1757 4901
4843 4902
875 4903
1416 4904
4374 4905
1950 4906
2790 4907
3620 4908
1537 4909
4636 4910
2830 4911
360 4912
1197 4913
3284 4914
1848 4915
4252 4916
804 4917
2930 4918
1204 4919
3912 4920
4656 4921
3103 4922
1804 4923
3828 4924
2810 4925
2782 4926
2654 4927
2328 4928
1976 4929
1590 4930
4225 4931
1276 4932
2594 4933
1539 4934
627 4935
126 4936
113 4937
4244 4938
1609 4939
3251 4940
4738 4941
1568 4942
1731 4943
3512 4944
4520 4945
3872 4946
941 4947
3375 4948
2948 4949
1254 4950
170 4951
2621 4952
2657 4953
4513 4954
1655 4955
2238 4956
874 4957
365 4958
3654 4959
1837 4960
1989 4961
3422 4962
947 4963
4649 4964
3553 4965
4655 4966
1384 4967
4298 4968
2456 4969
1560 4970
2313 4971
958 4972
3997 4973
40 4974
2040 4975
2191 4976
1733 4977
991 4978
4850 4979
2293 4980
1604 4981
4757 4982
2564 4983
1625 4984
1468 4985
4945 4986
3135 4987
4984 4988
1185 4989
3005 4990
2084 4991
4344 4992
2935 4993
3299 4994
1282 4995
4315 4996
529 4997
1560 4998
4830 4999
1198 5000
