1 2
2 3
2 4
4 5
4 6
1 7
6 8
5 9
6 10
9 11
3 12
5 13
9 14
10 15
15 16
7 17
2 18
17 19
13 20
7 21
14 22
11 23
15 24
23 25
3 26
8 27
27 28
9 29
25 30
4 31
25 32
1 33
15 34
20 35
2 36
31 37
31 38
19 39
16 40
30 41
24 42
7 43
15 44
20 45
15 46
10 47
46 48
10 49
18 50
38 51
39 52
20 53
41 54
2 55
12 56
45 57
22 58
25 59
6 60
59 61
12 62
26 63
41 64
7 65
4 66
61 67
11 68
24 69
55 70
68 71
10 72
30 73
33 74
12 75
49 76
76 77
13 78
35 79
22 80
2 81
45 82
51 83
74 84
73 85
17 86
37 87
6 88
38 89
39 90
12 91
12 92
29 93
6 94
47 95
46 96
60 97
80 98
9 99
34 100
37 101
93 102
70 103
50 104
3 105
22 106
75 107
63 108
2 109
91 110
71 111
35 112
112 113
67 114
39 115
65 116
19 117
66 118
74 119
84 120
27 121
94 122
64 123
31 124
64 125
32 126
87 127
76 128
126 129
82 130
93 131
64 132
109 133
48 134
65 135
2 136
2 137
97 138
9 139
30 140
105 141
98 142
68 143
84 144
105 145
68 146
120 147
13 148
14 149
102 150
45 151
78 152
109 153
86 154
118 155
119 156
151 157
67 158
93 159
31 160
34 161
118 162
89 163
11 164
149 165
96 166
54 167
145 168
31 169
27 170
63 171
135 172
170 173
50 174
55 175
107 176
41 177
159 178
95 179
58 180
71 181
6 182
107 183
86 184
60 185
153 186
13 187
31 188
148 189
65 190
165 191
98 192
188 193
116 194
51 195
18 196
120 197
2 198
138 199
47 200
87 201
112 202
153 203
98 204
36 205
105 206
54 207
172 208
50 209
97 210
78 211
133 212
199 213
5 214
187 215
29 216
118 217
199 218
29 219
78 220
5 221
91 222
135 223
208 224
113 225
46 226
7 227
25 228
213 229
57 230
94 231
131 232
82 233
209 234
99 235
83 236
130 237
126 238
133 239
159 240
76 241
12 242
239 243
164 244
227 245
48 246
34 247
134 248
188 249
31 250
231 251
3 252
101 253
113 254
36 255
54 256
88 257
63 258
233 259
257 260
125 261
104 262
51 263
116 264
134 265
93 266
61 267
110 268
180 269
202 270
262 271
209 272
40 273
141 274
25 275
135 276
29 277
65 278
74 279
107 280
95 281
64 282
3 283
209 284
138 285
2 286
203 287
162 288
78 289
89 290
82 291
221 292
128 293
65 294
136 295
201 296
140 297
2 298
106 299
174 300
33 301
59 302
36 303
138 304
218 305
10 306
127 307
206 308
113 309
203 310
205 311
84 312
194 313
237 314
187 315
286 316
273 317
169 318
148 319
315 320
156 321
106 322
236 323
312 324
43 325
230 326
12 327
202 328
44 329
72 330
62 331
280 332
126 333
56 334
178 335
127 336
169 337
183 338
108 339
204 340
301 341
252 342
117 343
165 344
116 345
144 346
139 347
39 348
119 349
171 350
270 351
147 352
301 353
172 354
287 355
276 356
200 357
297 358
209 359
300 360
231 361
155 362
109 363
284 364
271 365
127 366
160 367
88 368
165 369
49 370
258 371
173 372
265 373
373 374
77 375
174 376
175 377
245 378
326 379
285 380
268 381
325 382
368 383
88 384
149 385
13 386
262 387
116 388
337 389
62 390
91 391
343 392
208 393
32 394
62 395
256 396
85 397
289 398
34 399
255 400
6 401
31 402
225 403
300 404
347 405
32 406
334 407
78 408
308 409
228 410
109 411
7 412
94 413
109 414
266 415
365 416
248 417
7 418
366 419
305 420
239 421
251 422
235 423
186 424
333 425
282 426
118 427
245 428
360 429
96 430
109 431
418 432
293 433
376 434
73 435
263 436
64 437
328 438
379 439
33 440
33 441
78 442
215 443
311 444
182 445
292 446
237 447
353 448
433 449
320 450
7 451
334 452
244 453
84 454
391 455
71 456
252 457
216 458
340 459
168 460
350 461
286 462
135 463
252 464
152 465
316 466
421 467
73 468
410 469
391 470
371 471
135 472
50 473
358 474
338 475
61 476
213 477
445 478
291 479
70 480
479 481
14 482
406 483
309 484
103 485
323 486
379 487
116 488
17 489
19 490
341 491
65 492
459 493
41 494
189 495
399 496
9 497
271 498
491 499
181 500
166 501
411 502
103 503
466 504
379 505
356 506
387 507
66 508
141 509
408 510
104 511
221 512
344 513
36 514
393 515
139 516
494 517
188 518
269 519
496 520
264 521
335 522
82 523
109 524
36 525
281 526
81 527
56 528
465 529
464 530
131 531
307 532
100 533
42 534
311 535
303 536
525 537
414 538
293 539
318 540
40 541
266 542
217 543
473 544
70 545
394 546
468 547
311 548
450 549
260 550
142 551
499 552
212 553
58 554
213 555
281 556
380 557
57 558
364 559
42 560
504 561
169 562
336 563
435 564
276 565
422 566
168 567
59 568
328 569
232 570
508 571
415 572
510 573
49 574
465 575
35 576
277 577
281 578
13 579
190 580
282 581
38 582
47 583
178 584
390 585
325 586
125 587
321 588
346 589
103 590
95 591
411 592
179 593
236 594
3 595
544 596
40 597
429 598
163 599
546 600
238 601
326 602
352 603
160 604
397 605
567 606
291 607
117 608
14 609
403 610
544 611
136 612
553 613
238 614
275 615
321 616
311 617
288 618
603 619
64 620
196 621
539 622
299 623
41 624
61 625
522 626
562 627
415 628
559 629
292 630
182 631
132 632
66 633
309 634
188 635
223 636
64 637
623 638
67 639
4 640
218 641
489 642
635 643
634 644
260 645
259 646
10 647
168 648
442 649
431 650
589 651
85 652
410 653
635 654
635 655
366 656
562 657
137 658
407 659
499 660
531 661
242 662
119 663
424 664
159 665
101 666
82 667
178 668
663 669
356 670
459 671
338 672
184 673
510 674
382 675
213 676
530 677
545 678
307 679
307 680
483 681
319 682
469 683
208 684
349 685
437 686
316 687
201 688
250 689
654 690
190 691
39 692
582 693
362 694
83 695
329 696
52 697
182 698
218 699
498 700
399 701
377 702
238 703
511 704
312 705
130 706
361 707
402 708
297 709
540 710
630 711
202 712
334 713
375 714
75 715
547 716
29 717
712 718
392 719
545 720
713 721
437 722
139 723
24 724
201 725
281 726
257 727
696 728
37 729
565 730
354 731
460 732
494 733
450 734
105 735
681 736
242 737
198 738
446 739
224 740
151 741
403 742
360 743
5 744
678 745
643 746
525 747
207 748
210 749
322 750
315 751
189 752
470 753
587 754
652 755
308 756
529 757
410 758
473 759
539 760
725 761
182 762
297 763
559 764
378 765
678 766
207 767
32 768
540 769
487 770
656 771
152 772
16 773
297 774
95 775
680 776
467 777
208 778
153 779
218 780
149 781
45 782
207 783
602 784
258 785
700 786
180 787
135 788
228 789
562 790
509 791
735 792
686 793
229 794
291 795
378 796
304 797
549 798
468 799
551 800
396 801
514 802
709 803
119 804
561 805
46 806
86 807
348 808
767 809
117 810
786 811
238 812
328 813
203 814
628 815
610 816
265 817
4 818
141 819
395 820
38 821
380 822
242 823
51 824
707 825
234 826
409 827
711 828
90 829
810 830
520 831
777 832
89 833
216 834
584 835
395 836
511 837
18 838
8 839
709 840
311 841
389 842
74 843
820 844
703 845
467 846
743 847
54 848
7 849
157 850
179 851
43 852
22 853
306 854
560 855
672 856
685 857
611 858
386 859
306 860
632 861
818 862
329 863
785 864
829 865
372 866
779 867
141 868
376 869
218 870
653 871
663 872
636 873
307 874
551 875
196 876
416 877
530 878
681 879
601 880
99 881
31 882
200 883
147 884
527 885
868 886
640 887
478 888
369 889
48 890
103 891
599 892
803 893
293 894
579 895
271 896
341 897
478 898
116 899
898 900
97 901
576 902
851 903
418 904
465 905
16 906
419 907
703 908
895 909
902 910
821 911
528 912
198 913
649 914
841 915
300 916
434 917
333 918
537 919
433 920
628 921
666 922
833 923
856 924
608 925
441 926
731 927
101 928
121 929
483 930
3 931
823 932
208 933
101 934
176 935
632 936
646 937
867 938
719 939
883 940
231 941
81 942
340 943
278 944
78 945
307 946
652 947
693 948
585 949
157 950
541 951
304 952
340 953
840 954
308 955
604 956
869 957
631 958
454 959
714 960
440 961
575 962
228 963
54 964
421 965
921 966
385 967
404 968
430 969
289 970
181 971
717 972
909 973
139 974
225 975
950 976
519 977
171 978
268 979
243 980
339 981
316 982
665 983
730 984
462 985
691 986
978 987
642 988
20 989
385 990
953 991
84 992
944 993
971 994
522 995
498 996
385 997
348 998
23 999
739 1000
322 1001
538 1002
107 1003
167 1004
391 1005
966 1006
62 1007
941 1008
426 1009
892 1010
243 1011
193 1012
377 1013
101 1014
344 1015
439 1016
703 1017
40 1018
332 1019
313 1020
118 1021
282 1022
267 1023
1001 1024
986 1025
246 1026
306 1027
455 1028
257 1029
414 1030
780 1031
278 1032
119 1033
481 1034
321 1035
316 1036
285 1037
593 1038
513 1039
16 1040
171 1041
832 1042
865 1043
630 1044
72 1045
943 1046
86 1047
903 1048
102 1049
697 1050
964 1051
10 1052
914 1053
501 1054
172 1055
495 1056
951 1057
261 1058
327 1059
446 1060
948 1061
524 1062
550 1063
170 1064
907 1065
310 1066
795 1067
921 1068
147 1069
331 1070
959 1071
507 1072
50 1073
572 1074
580 1075
815 1076
438 1077
991 1078
211 1079
1023 1080
451 1081
559 1082
27 1083
964 1084
809 1085
622 1086
787 1087
663 1088
595 1089
972 1090
621 1091
208 1092
214 1093
535 1094
300 1095
299 1096
448 1097
40 1098
399 1099
838 1100
457 1101
192 1102
254 1103
1026 1104
807 1105
465 1106
585 1107
397 1108
962 1109
965 1110
776 1111
459 1112
822 1113
935 1114
931 1115
270 1116
361 1117
85 1118
372 1119
457 1120
824 1121
230 1122
570 1123
761 1124
806 1125
415 1126
971 1127
143 1128
857 1129
1093 1130
488 1131
390 1132
1071 1133
407 1134
422 1135
644 1136
679 1137
564 1138
627 1139
718 1140
21 1141
583 1142
991 1143
864 1144
407 1145
904 1146
607 1147
96 1148
963 1149
481 1150
413 1151
73 1152
778 1153
203 1154
609 1155
222 1156
654 1157
1061 1158
689 1159
149 1160
825 1161
670 1162
655 1163
1110 1164
490 1165
338 1166
1056 1167
1061 1168
873 1169
628 1170
1135 1171
945 1172
153 1173
423 1174
276 1175
43 1176
850 1177
781 1178
94 1179
503 1180
90 1181
318 1182
395 1183
547 1184
886 1185
983 1186
805 1187
1086 1188
841 1189
1175 1190
348 1191
840 1192
1005 1193
138 1194
846 1195
865 1196
630 1197
650 1198
957 1199
1064 1200
143 1201
1094 1202
280 1203
79 1204
670 1205
767 1206
783 1207
142 1208
369 1209
467 1210
379 1211
27 1212
1196 1213
807 1214
304 1215
456 1216
1074 1217
1194 1218
646 1219
1029 1220
1040 1221
162 1222
298 1223
971 1224
333 1225
675 1226
303 1227
38 1228
978 1229
536 1230
640 1231
269 1232
675 1233
1052 1234
333 1235
546 1236
476 1237
16 1238
1226 1239
1222 1240
775 1241
457 1242
730 1243
1023 1244
602 1245
830 1246
1000 1247
1215 1248
1154 1249
745 1250
3 1251
1106 1252
370 1253
1132 1254
1152 1255
905 1256
949 1257
1180 1258
913 1259
547 1260
891 1261
221 1262
1032 1263
125 1264
1257 1265
350 1266
1136 1267
257 1268
1072 1269
1100 1270
914 1271
307 1272
828 1273
797 1274
1137 1275
731 1276
1201 1277
335 1278
287 1279
966 1280
368 1281
563 1282
784 1283
312 1284
1176 1285
1014 1286
954 1287
1024 1288
764 1289
1095 1290
442 1291
1042 1292
367 1293
808 1294
1061 1295
72 1296
297 1297
334 1298
154 1299
911 1300
536 1301
1072 1302
1 1303
1037 1304
822 1305
1182 1306
84 1307
906 1308
746 1309
736 1310
353 1311
317 1312
668 1313
402 1314
365 1315
339 1316
954 1317
278 1318
761 1319
418 1320
611 1321
1141 1322
724 1323
322 1324
713 1325
1299 1326
270 1327
772 1328
948 1329
263 1330
241 1331
586 1332
109 1333
364 1334
723 1335
624 1336
129 1337
850 1338
445 1339
1104 1340
219 1341
32 1342
1106 1343
414 1344
906 1345
301 1346
1253 1347
1087 1348
286 1349
1003 1350
546 1351
1120 1352
622 1353
36 1354
613 1355
869 1356
375 1357
1182 1358
609 1359
712 1360
335 1361
1144 1362
226 1363
354 1364
1044 1365
710 1366
836 1367
537 1368
816 1369
834 1370
709 1371
1072 1372
485 1373
1187 1374
34 1375
1194 1376
649 1377
704 1378
15 1379
304 1380
950 1381
1132 1382
1324 1383
73 1384
1249 1385
875 1386
430 1387
687 1388
45 1389
678 1390
1329 1391
1024 1392
743 1393
1155 1394
881 1395
1320 1396
785 1397
28 1398
600 1399
850 1400
257 1401
950 1402
629 1403
871 1404
76 1405
964 1406
564 1407
466 1408
484 1409
169 1410
904 1411
756 1412
294 1413
569 1414
374 1415
1380 1416
77 1417
1109 1418
1018 1419
1074 1420
766 1421
625 1422
1296 1423
626 1424
856 1425
1160 1426
747 1427
749 1428
212 1429
295 1430
863 1431
327 1432
393 1433
392 1434
1078 1435
1185 1436
55 1437
1031 1438
558 1439
118 1440
257 1441
570 1442
924 1443
725 1444
1058 1445
228 1446
525 1447
455 1448
783 1449
265 1450
294 1451
1036 1452
31 1453
1207 1454
199 1455
801 1456
532 1457
1403 1458
1045 1459
361 1460
189 1461
1295 1462
537 1463
1225 1464
403 1465
1019 1466
1395 1467
1300 1468
1039 1469
8 1470
1113 1471
995 1472
211 1473
568 1474
489 1475
4 1476
451 1477
1380 1478
348 1479
1132 1480
843 1481
46 1482
1442 1483
1 1484
269 1485
217 1486
1421 1487
373 1488
1394 1489
625 1490
956 1491
230 1492
696 1493
548 1494
1035 1495
1024 1496
517 1497
838 1498
224 1499
1334 1500
315 1501
1198 1502
99 1503
368 1504
1309 1505
741 1506
633 1507
608 1508
387 1509
994 1510
418 1511
1095 1512
1078 1513
96 1514
947 1515
1138 1516
304 1517
664 1518
541 1519
669 1520
813 1521
914 1522
284 1523
1239 1524
815 1525
843 1526
1483 1527
946 1528
1158 1529
665 1530
1074 1531
717 1532
810 1533
129 1534
479 1535
1520 1536
697 1537
80 1538
649 1539
328 1540
920 1541
306 1542
742 1543
257 1544
404 1545
854 1546
1108 1547
26 1548
453 1549
22 1550
687 1551
1537 1552
304 1553
225 1554
593 1555
725 1556
1181 1557
481 1558
822 1559
465 1560
61 1561
1434 1562
420 1563
976 1564
283 1565
1276 1566
1415 1567
443 1568
690 1569
393 1570
980 1571
917 1572
1495 1573
108 1574
711 1575
1244 1576
1107 1577
1001 1578
541 1579
1410 1580
1353 1581
48 1582
1379 1583
1478 1584
256 1585
408 1586
1264 1587
1026 1588
1077 1589
1404 1590
55 1591
571 1592
534 1593
694 1594
1242 1595
1232 1596
23 1597
1101 1598
1131 1599
320 1600
1449 1601
1143 1602
904 1603
1102 1604
986 1605
326 1606
355 1607
1326 1608
1244 1609
556 1610
1084 1611
813 1612
734 1613
1514 1614
212 1615
1194 1616
1449 1617
208 1618
429 1619
652 1620
22 1621
1309 1622
726 1623
119 1624
1487 1625
1259 1626
133 1627
746 1628
176 1629
510 1630
622 1631
12 1632
1189 1633
893 1634
372 1635
1509 1636
62 1637
1158 1638
1047 1639
159 1640
1081 1641
1571 1642
1407 1643
402 1644
529 1645
1192 1646
801 1647
799 1648
1345 1649
795 1650
543 1651
1124 1652
566 1653
174 1654
1372 1655
1182 1656
819 1657
521 1658
1525 1659
440 1660
1353 1661
378 1662
1221 1663
148 1664
11 1665
2 1666
479 1667
369 1668
645 1669
1552 1670
228 1671
658 1672
337 1673
1084 1674
1295 1675
1278 1676
14 1677
1325 1678
897 1679
827 1680
1244 1681
1293 1682
278 1683
602 1684
1061 1685
328 1686
1140 1687
671 1688
910 1689
337 1690
206 1691
690 1692
1668 1693
718 1694
987 1695
1109 1696
813 1697
41 1698
233 1699
1051 1700
400 1701
1015 1702
86 1703
544 1704
1658 1705
261 1706
469 1707
1278 1708
1064 1709
160 1710
398 1711
971 1712
526 1713
246 1714
1682 1715
175 1716
113 1717
236 1718
731 1719
1522 1720
1488 1721
1153 1722
1236 1723
1296 1724
1216 1725
149 1726
378 1727
87 1728
739 1729
1097 1730
5 1731
922 1732
1359 1733
245 1734
646 1735
1590 1736
1127 1737
107 1738
1071 1739
1449 1740
222 1741
193 1742
1690 1743
1373 1744
23 1745
587 1746
1650 1747
1427 1748
886 1749
236 1750
28 1751
1294 1752
695 1753
325 1754
1651 1755
527 1756
579 1757
1730 1758
374 1759
1603 1760
606 1761
1334 1762
766 1763
962 1764
834 1765
1153 1766
776 1767
18 1768
1407 1769
1364 1770
1542 1771
600 1772
1727 1773
270 1774
277 1775
287 1776
1730 1777
1351 1778
593 1779
163 1780
139 1781
433 1782
1532 1783
1407 1784
331 1785
307 1786
1438 1787
699 1788
1491 1789
926 1790
1334 1791
852 1792
1392 1793
1625 1794
101 1795
1469 1796
664 1797
1477 1798
1447 1799
914 1800
1564 1801
903 1802
1763 1803
1743 1804
275 1805
1799 1806
1480 1807
125 1808
1611 1809
1359 1810
1141 1811
1194 1812
547 1813
1532 1814
1502 1815
1172 1816
1532 1817
1335 1818
1051 1819
232 1820
1071 1821
1043 1822
210 1823
850 1824
205 1825
1725 1826
981 1827
146 1828
1450 1829
1197 1830
783 1831
1012 1832
342 1833
71 1834
735 1835
641 1836
1804 1837
1491 1838
1563 1839
1045 1840
521 1841
858 1842
1452 1843
834 1844
625 1845
1614 1846
1027 1847
1004 1848
871 1849
1047 1850
1625 1851
1198 1852
1120 1853
1269 1854
1481 1855
1044 1856
1729 1857
11 1858
1557 1859
742 1860
353 1861
1655 1862
964 1863
1308 1864
1780 1865
1734 1866
1199 1867
54 1868
369 1869
790 1870
903 1871
1839 1872
766 1873
1771 1874
666 1875
360 1876
832 1877
580 1878
941 1879
1309 1880
495 1881
1418 1882
1801 1883
1659 1884
1548 1885
1675 1886
623 1887
890 1888
552 1889
1085 1890
662 1891
1776 1892
842 1893
899 1894
515 1895
1447 1896
985 1897
1808 1898
520 1899
1381 1900
321 1901
753 1902
1821 1903
650 1904
794 1905
613 1906
1161 1907
669 1908
1223 1909
1758 1910
981 1911
1435 1912
199 1913
167 1914
1891 1915
1690 1916
389 1917
882 1918
308 1919
1030 1920
280 1921
467 1922
1114 1923
1475 1924
1145 1925
1363 1926
989 1927
870 1928
737 1929
1211 1930
1405 1931
1752 1932
1707 1933
589 1934
1693 1935
1164 1936
439 1937
133 1938
188 1939
1322 1940
781 1941
1807 1942
870 1943
828 1944
1858 1945
1288 1946
1347 1947
1758 1948
1849 1949
1699 1950
1327 1951
836 1952
1079 1953
192 1954
1146 1955
1510 1956
704 1957
253 1958
1564 1959
382 1960
641 1961
185 1962
63 1963
221 1964
105 1965
308 1966
822 1967
1821 1968
254 1969
1034 1970
596 1971
20 1972
1272 1973
344 1974
1941 1975
1436 1976
39 1977
1954 1978
1179 1979
832 1980
645 1981
1652 1982
420 1983
1040 1984
1741 1985
1365 1986
675 1987
1345 1988
1064 1989
702 1990
519 1991
1977 1992
267 1993
1552 1994
1432 1995
678 1996
378 1997
580 1998
497 1999
674 2000
1745 2001
1548 2002
408 2003
8 2004
174 2005
841 2006
1424 2007
1071 2008
377 2009
1771 2010
1669 2011
227 2012
1909 2013
1414 2014
523 2015
1984 2016
858 2017
1637 2018
1395 2019
793 2020
1669 2021
71 2022
397 2023
299 2024
1726 2025
775 2026
1774 2027
1955 2028
616 2029
1383 2030
123 2031
1303 2032
1262 2033
1193 2034
280 2035
1202 2036
2028 2037
1199 2038
1557 2039
671 2040
1612 2041
921 2042
827 2043
1808 2044
1494 2045
1747 2046
1983 2047
1492 2048
858 2049
1293 2050
1764 2051
529 2052
490 2053
1342 2054
918 2055
1620 2056
1383 2057
1425 2058
1017 2059
760 2060
128 2061
1495 2062
1531 2063
566 2064
1449 2065
340 2066
181 2067
674 2068
1221 2069
409 2070
883 2071
868 2072
262 2073
217 2074
303 2075
342 2076
558 2077
156 2078
1221 2079
313 2080
1502 2081
1176 2082
1901 2083
1310 2084
1798 2085
82 2086
1285 2087
422 2088
472 2089
1782 2090
2024 2091
506 2092
2034 2093
119 2094
823 2095
1523 2096
488 2097
1495 2098
1718 2099
1454 2100
131 2101
2032 2102
1471 2103
1444 2104
353 2105
997 2106
717 2107
1981 2108
1017 2109
526 2110
1007 2111
170 2112
1200 2113
590 2114
2083 2115
1231 2116
2032 2117
103 2118
2102 2119
21 2120
1516 2121
474 2122
376 2123
670 2124
67 2125
1674 2126
603 2127
864 2128
125 2129
53 2130
564 2131
648 2132
1660 2133
1627 2134
1153 2135
491 2136
2106 2137
672 2138
1057 2139
896 2140
528 2141
467 2142
1595 2143
1760 2144
1620 2145
848 2146
606 2147
997 2148
145 2149
1233 2150
230 2151
1663 2152
673 2153
1326 2154
1373 2155
1656 2156
766 2157
2038 2158
2087 2159
368 2160
1142 2161
2140 2162
1805 2163
1446 2164
1721 2165
369 2166
250 2167
862 2168
1252 2169
1018 2170
1065 2171
1357 2172
1726 2173
1991 2174
1071 2175
1482 2176
792 2177
647 2178
279 2179
163 2180
561 2181
1970 2182
699 2183
274 2184
1020 2185
1513 2186
650 2187
378 2188
807 2189
2082 2190
1266 2191
253 2192
2100 2193
918 2194
720 2195
561 2196
1796 2197
2107 2198
776 2199
360 2200
1240 2201
1886 2202
2201 2203
1982 2204
2148 2205
1972 2206
713 2207
1271 2208
363 2209
821 2210
1055 2211
1625 2212
262 2213
1960 2214
1865 2215
497 2216
1671 2217
2202 2218
1391 2219
2203 2220
1344 2221
634 2222
1687 2223
931 2224
697 2225
1757 2226
2135 2227
1235 2228
1784 2229
1006 2230
1606 2231
33 2232
900 2233
453 2234
851 2235
1837 2236
404 2237
331 2238
1418 2239
637 2240
1306 2241
1161 2242
536 2243
752 2244
1629 2245
993 2246
1773 2247
772 2248
190 2249
2083 2250
474 2251
228 2252
1628 2253
1065 2254
2233 2255
782 2256
2037 2257
546 2258
1598 2259
1628 2260
1182 2261
473 2262
1872 2263
1391 2264
2160 2265
1311 2266
214 2267
546 2268
1764 2269
201 2270
260 2271
1650 2272
1262 2273
226 2274
1285 2275
1661 2276
985 2277
1924 2278
1833 2279
2176 2280
2010 2281
1772 2282
1019 2283
1327 2284
2135 2285
5 2286
742 2287
27 2288
1181 2289
1975 2290
947 2291
719 2292
237 2293
1181 2294
1540 2295
1004 2296
731 2297
1828 2298
1015 2299
1291 2300
1970 2301
1511 2302
1180 2303
1739 2304
2246 2305
709 2306
1648 2307
1823 2308
1967 2309
1538 2310
404 2311
1453 2312
1784 2313
1574 2314
1818 2315
1250 2316
1438 2317
87 2318
39 2319
248 2320
1955 2321
1317 2322
1586 2323
2230 2324
1689 2325
1936 2326
2263 2327
1597 2328
1003 2329
732 2330
1396 2331
1905 2332
1617 2333
342 2334
990 2335
601 2336
683 2337
504 2338
2154 2339
2237 2340
1947 2341
649 2342
903 2343
523 2344
610 2345
862 2346
758 2347
588 2348
978 2349
172 2350
1815 2351
1800 2352
1511 2353
1033 2354
1249 2355
979 2356
13 2357
1976 2358
213 2359
1433 2360
1479 2361
2260 2362
1939 2363
655 2364
1824 2365
558 2366
980 2367
2196 2368
1645 2369
435 2370
1942 2371
978 2372
1299 2373
308 2374
2283 2375
1750 2376
2265 2377
296 2378
1966 2379
1028 2380
935 2381
206 2382
1179 2383
404 2384
1624 2385
15 2386
913 2387
369 2388
2229 2389
232 2390
1609 2391
1006 2392
1755 2393
1954 2394
1289 2395
488 2396
2186 2397
673 2398
293 2399
1971 2400
1889 2401
933 2402
1404 2403
2205 2404
2267 2405
27 2406
1301 2407
396 2408
1600 2409
1596 2410
1474 2411
1587 2412
827 2413
2309 2414
552 2415
1536 2416
734 2417
926 2418
61 2419
1287 2420
1597 2421
663 2422
434 2423
101 2424
391 2425
454 2426
667 2427
621 2428
1495 2429
499 2430
181 2431
761 2432
502 2433
1307 2434
809 2435
2423 2436
1985 2437
759 2438
1590 2439
2150 2440
542 2441
919 2442
2004 2443
356 2444
2351 2445
447 2446
515 2447
2291 2448
1277 2449
2082 2450
2430 2451
1983 2452
1196 2453
802 2454
1331 2455
71 2456
41 2457
1440 2458
868 2459
2150 2460
372 2461
750 2462
434 2463
1350 2464
1405 2465
1395 2466
777 2467
910 2468
1227 2469
2174 2470
1054 2471
1820 2472
535 2473
777 2474
2302 2475
2075 2476
128 2477
1999 2478
190 2479
1370 2480
486 2481
1746 2482
2247 2483
2079 2484
1855 2485
2465 2486
176 2487
938 2488
2333 2489
2335 2490
1507 2491
1218 2492
1504 2493
379 2494
888 2495
80 2496
7 2497
2228 2498
513 2499
1701 2500
1623 2501
1353 2502
855 2503
48 2504
1324 2505
436 2506
1802 2507
1069 2508
583 2509
2390 2510
2061 2511
2106 2512
2014 2513
299 2514
1537 2515
1623 2516
2447 2517
2317 2518
521 2519
1685 2520
720 2521
163 2522
859 2523
2226 2524
2039 2525
2185 2526
1947 2527
1243 2528
83 2529
1886 2530
2117 2531
1777 2532
772 2533
1705 2534
2012 2535
1190 2536
2491 2537
1318 2538
758 2539
799 2540
1851 2541
333 2542
417 2543
629 2544
1443 2545
936 2546
705 2547
1423 2548
1773 2549
65 2550
216 2551
2529 2552
1224 2553
849 2554
965 2555
847 2556
1093 2557
210 2558
1757 2559
1528 2560
708 2561
1752 2562
900 2563
2021 2564
2422 2565
15 2566
2051 2567
1225 2568
1743 2569
792 2570
621 2571
1137 2572
2192 2573
821 2574
712 2575
1312 2576
1456 2577
936 2578
1478 2579
1066 2580
1285 2581
1903 2582
1300 2583
2401 2584
2583 2585
2137 2586
357 2587
1287 2588
929 2589
1095 2590
145 2591
1838 2592
1264 2593
1115 2594
1493 2595
18 2596
1510 2597
1434 2598
803 2599
2278 2600
1808 2601
1963 2602
326 2603
198 2604
1357 2605
1673 2606
2329 2607
407 2608
414 2609
2044 2610
2610 2611
256 2612
321 2613
550 2614
1186 2615
247 2616
1565 2617
64 2618
1820 2619
17 2620
1348 2621
1677 2622
12 2623
2362 2624
2191 2625
2152 2626
1941 2627
1030 2628
562 2629
1842 2630
460 2631
1264 2632
184 2633
2339 2634
2237 2635
2318 2636
2557 2637
1604 2638
632 2639
272 2640
194 2641
1747 2642
1903 2643
1803 2644
82 2645
1840 2646
1761 2647
2070 2648
1317 2649
1394 2650
1670 2651
2362 2652
1944 2653
808 2654
1937 2655
2269 2656
1043 2657
2226 2658
244 2659
298 2660
91 2661
871 2662
2510 2663
1987 2664
106 2665
969 2666
2469 2667
1117 2668
2089 2669
2328 2670
1577 2671
1945 2672
1333 2673
251 2674
1081 2675
1319 2676
259 2677
2143 2678
2044 2679
1226 2680
1420 2681
1917 2682
1207 2683
402 2684
1110 2685
461 2686
1168 2687
1511 2688
2083 2689
1837 2690
1269 2691
2481 2692
200 2693
166 2694
435 2695
528 2696
52 2697
2647 2698
2667 2699
2441 2700
2624 2701
411 2702
308 2703
1427 2704
1568 2705
1801 2706
373 2707
1798 2708
220 2709
2333 2710
170 2711
2653 2712
198 2713
1631 2714
1346 2715
2306 2716
1629 2717
2031 2718
1503 2719
2419 2720
2655 2721
1964 2722
154 2723
1354 2724
677 2725
972 2726
1662 2727
2183 2728
344 2729
2004 2730
1294 2731
840 2732
1278 2733
2543 2734
839 2735
662 2736
1962 2737
559 2738
1702 2739
1624 2740
689 2741
925 2742
2514 2743
494 2744
258 2745
323 2746
2416 2747
1299 2748
2377 2749
48 2750
1800 2751
1041 2752
1923 2753
2449 2754
911 2755
742 2756
1212 2757
1896 2758
2223 2759
1985 2760
1458 2761
1076 2762
1286 2763
1708 2764
1930 2765
603 2766
1374 2767
1094 2768
64 2769
1042 2770
1877 2771
1404 2772
858 2773
2485 2774
2682 2775
1177 2776
15 2777
2016 2778
1194 2779
1626 2780
1523 2781
2280 2782
1409 2783
1869 2784
2706 2785
1088 2786
2193 2787
1562 2788
355 2789
2096 2790
106 2791
510 2792
481 2793
1535 2794
2160 2795
1951 2796
1767 2797
1496 2798
153 2799
12 2800
1801 2801
2526 2802
1984 2803
1807 2804
1592 2805
1381 2806
2516 2807
897 2808
351 2809
434 2810
2015 2811
2685 2812
670 2813
89 2814
1703 2815
1095 2816
2756 2817
1096 2818
1046 2819
730 2820
170 2821
864 2822
2398 2823
402 2824
2650 2825
1251 2826
2473 2827
1676 2828
1480 2829
2650 2830
440 2831
2347 2832
1559 2833
2090 2834
2698 2835
2215 2836
1879 2837
1872 2838
1214 2839
1786 2840
1057 2841
1386 2842
981 2843
1338 2844
1839 2845
1442 2846
165 2847
1953 2848
2043 2849
988 2850
2836 2851
329 2852
2557 2853
2529 2854
24 2855
2742 2856
755 2857
2831 2858
45 2859
511 2860
489 2861
1260 2862
1274 2863
179 2864
1193 2865
2844 2866
1321 2867
836 2868
2729 2869
1713 2870
1033 2871
2176 2872
1836 2873
700 2874
2056 2875
939 2876
1240 2877
1823 2878
916 2879
1609 2880
1576 2881
683 2882
326 2883
2632 2884
1052 2885
693 2886
2299 2887
2411 2888
2776 2889
1577 2890
367 2891
1837 2892
1702 2893
2685 2894
1714 2895
491 2896
2268 2897
1156 2898
2537 2899
2675 2900
728 2901
2094 2902
1247 2903
1210 2904
1286 2905
849 2906
1487 2907
982 2908
1580 2909
2810 2910
1274 2911
1492 2912
620 2913
743 2914
1338 2915
1564 2916
1896 2917
1269 2918
1609 2919
838 2920
1639 2921
791 2922
2518 2923
1911 2924
845 2925
1493 2926
1058 2927
34 2928
1488 2929
2252 2930
2773 2931
44 2932
292 2933
1012 2934
819 2935
2737 2936
1736 2937
2620 2938
1253 2939
701 2940
2531 2941
1485 2942
1701 2943
2151 2944
1323 2945
2162 2946
2029 2947
2783 2948
279 2949
425 2950
265 2951
2930 2952
792 2953
51 2954
1941 2955
2838 2956
2204 2957
2541 2958
159 2959
1764 2960
229 2961
592 2962
1736 2963
2759 2964
769 2965
482 2966
1326 2967
2174 2968
2164 2969
1639 2970
2223 2971
107 2972
1464 2973
530 2974
1896 2975
660 2976
1893 2977
2128 2978
1629 2979
1075 2980
2196 2981
2181 2982
2493 2983
331 2984
2803 2985
939 2986
1486 2987
1463 2988
989 2989
2420 2990
1741 2991
704 2992
177 2993
973 2994
1305 2995
1285 2996
1241 2997
968 2998
549 2999
1441 3000
2648 3001
1714 3002
2694 3003
2020 3004
1383 3005
1494 3006
2320 3007
55 3008
1182 3009
2855 3010
942 3011
313 3012
1128 3013
2459 3014
1302 3015
1437 3016
2132 3017
1142 3018
2683 3019
1422 3020
1167 3021
1591 3022
981 3023
1866 3024
821 3025
2454 3026
784 3027
1394 3028
689 3029
2300 3030
2331 3031
1761 3032
2406 3033
1648 3034
502 3035
2730 3036
2171 3037
2564 3038
859 3039
856 3040
777 3041
1549 3042
2364 3043
1330 3044
2867 3045
2520 3046
2982 3047
2360 3048
2824 3049
413 3050
2002 3051
104 3052
1414 3053
2502 3054
1168 3055
2759 3056
1283 3057
1047 3058
2572 3059
2555 3060
2226 3061
3013 3062
2534 3063
2574 3064
3037 3065
2803 3066
1103 3067
984 3068
141 3069
967 3070
2530 3071
335 3072
2087 3073
1269 3074
1634 3075
720 3076
2839 3077
520 3078
2665 3079
773 3080
1740 3081
1491 3082
2250 3083
2384 3084
2187 3085
1375 3086
651 3087
1000 3088
351 3089
17 3090
491 3091
801 3092
1822 3093
511 3094
1468 3095
2195 3096
2537 3097
1891 3098
852 3099
426 3100
1661 3101
154 3102
2734 3103
2131 3104
763 3105
906 3106
1188 3107
1008 3108
1638 3109
383 3110
457 3111
853 3112
1259 3113
202 3114
852 3115
706 3116
1828 3117
1524 3118
1790 3119
261 3120
3059 3121
2056 3122
1255 3123
509 3124
1508 3125
389 3126
2661 3127
2754 3128
1762 3129
1432 3130
1487 3131
1759 3132
732 3133
966 3134
2968 3135
351 3136
2861 3137
2286 3138
1975 3139
1558 3140
1858 3141
1591 3142
3061 3143
1556 3144
1895 3145
1297 3146
1310 3147
42 3148
2671 3149
1716 3150
1963 3151
484 3152
1780 3153
2147 3154
2119 3155
2656 3156
2441 3157
638 3158
2976 3159
830 3160
1631 3161
3062 3162
2487 3163
1825 3164
2906 3165
117 3166
910 3167
1867 3168
1506 3169
1188 3170
609 3171
148 3172
1582 3173
548 3174
2591 3175
2661 3176
1728 3177
1628 3178
1488 3179
1640 3180
1331 3181
1359 3182
1570 3183
1249 3184
2236 3185
893 3186
1950 3187
276 3188
2844 3189
2834 3190
2358 3191
2667 3192
2349 3193
1535 3194
971 3195
616 3196
1522 3197
297 3198
43 3199
3138 3200
1503 3201
1470 3202
1995 3203
2242 3204
266 3205
619 3206
718 3207
1762 3208
3020 3209
422 3210
3106 3211
244 3212
2915 3213
1314 3214
285 3215
912 3216
1525 3217
602 3218
2931 3219
3212 3220
975 3221
1822 3222
2118 3223
872 3224
1446 3225
449 3226
393 3227
2256 3228
3061 3229
416 3230
2255 3231
1109 3232
1157 3233
1057 3234
2205 3235
169 3236
635 3237
678 3238
1196 3239
2049 3240
2085 3241
251 3242
84 3243
696 3244
688 3245
710 3246
2981 3247
1589 3248
1507 3249
682 3250
1892 3251
1886 3252
2806 3253
2626 3254
813 3255
2103 3256
390 3257
1915 3258
2649 3259
3177 3260
2601 3261
2883 3262
2992 3263
230 3264
1334 3265
1283 3266
2923 3267
1393 3268
472 3269
937 3270
2554 3271
2784 3272
2657 3273
1028 3274
2239 3275
2776 3276
1275 3277
1942 3278
173 3279
1060 3280
196 3281
2794 3282
1100 3283
1784 3284
1196 3285
256 3286
2954 3287
1215 3288
2985 3289
425 3290
2638 3291
1421 3292
2333 3293
191 3294
2084 3295
2684 3296
1652 3297
2063 3298
2076 3299
706 3300
1334 3301
1228 3302
761 3303
2349 3304
2171 3305
353 3306
2101 3307
1332 3308
1935 3309
248 3310
2307 3311
940 3312
2301 3313
2834 3314
579 3315
150 3316
2654 3317
2693 3318
2907 3319
834 3320
426 3321
1046 3322
1369 3323
2387 3324
3147 3325
1180 3326
112 3327
3181 3328
2208 3329
1508 3330
1154 3331
849 3332
2924 3333
1805 3334
2432 3335
2859 3336
1188 3337
128 3338
1467 3339
1992 3340
2710 3341
134 3342
590 3343
2507 3344
955 3345
3296 3346
40 3347
3342 3348
1903 3349
2903 3350
959 3351
2127 3352
1566 3353
238 3354
2239 3355
2560 3356
1382 3357
426 3358
2755 3359
2042 3360
1199 3361
3015 3362
2731 3363
417 3364
2951 3365
355 3366
1413 3367
2440 3368
3201 3369
1127 3370
1091 3371
2203 3372
2413 3373
2578 3374
1396 3375
1768 3376
2592 3377
709 3378
374 3379
476 3380
429 3381
370 3382
2867 3383
1410 3384
121 3385
1462 3386
1200 3387
224 3388
796 3389
3059 3390
2190 3391
1857 3392
1483 3393
2403 3394
20 3395
2484 3396
186 3397
2416 3398
66 3399
101 3400
2320 3401
690 3402
2308 3403
1389 3404
2110 3405
620 3406
2445 3407
613 3408
94 3409
319 3410
485 3411
1064 3412
1930 3413
862 3414
1790 3415
201 3416
463 3417
53 3418
161 3419
3067 3420
1380 3421
849 3422
768 3423
3121 3424
2242 3425
2708 3426
1205 3427
776 3428
829 3429
2400 3430
1639 3431
2752 3432
1922 3433
415 3434
2448 3435
1546 3436
2170 3437
857 3438
779 3439
128 3440
2501 3441
1438 3442
3071 3443
2198 3444
3224 3445
1168 3446
1744 3447
977 3448
1526 3449
2476 3450
774 3451
1041 3452
95 3453
2808 3454
1355 3455
2294 3456
2377 3457
2865 3458
199 3459
2726 3460
3351 3461
1464 3462
3250 3463
2009 3464
743 3465
1815 3466
3073 3467
112 3468
2061 3469
1606 3470
426 3471
2139 3472
471 3473
1272 3474
2127 3475
727 3476
736 3477
1313 3478
312 3479
2668 3480
2636 3481
875 3482
1027 3483
473 3484
373 3485
216 3486
594 3487
1319 3488
1830 3489
1903 3490
611 3491
2139 3492
1970 3493
1642 3494
22 3495
2264 3496
3096 3497
2833 3498
1153 3499
2731 3500
911 3501
207 3502
2954 3503
3132 3504
2393 3505
684 3506
3355 3507
1997 3508
2053 3509
469 3510
2353 3511
636 3512
2487 3513
3147 3514
1427 3515
1609 3516
2375 3517
2924 3518
2867 3519
2962 3520
907 3521
1175 3522
1617 3523
1211 3524
3207 3525
2786 3526
3443 3527
906 3528
1469 3529
1628 3530
2090 3531
2008 3532
3163 3533
2873 3534
2990 3535
3195 3536
1426 3537
531 3538
3439 3539
1570 3540
633 3541
1170 3542
3189 3543
1982 3544
2451 3545
678 3546
161 3547
1909 3548
2518 3549
1899 3550
685 3551
2329 3552
2408 3553
1557 3554
834 3555
2381 3556
1786 3557
3534 3558
1530 3559
2192 3560
1546 3561
211 3562
2859 3563
1155 3564
1972 3565
2646 3566
1491 3567
1724 3568
491 3569
2539 3570
2015 3571
1601 3572
1846 3573
1614 3574
526 3575
999 3576
481 3577
691 3578
2800 3579
3287 3580
1137 3581
2282 3582
3349 3583
816 3584
3193 3585
2053 3586
645 3587
976 3588
3075 3589
1145 3590
2504 3591
1081 3592
2067 3593
2376 3594
3413 3595
1901 3596
3461 3597
1152 3598
3429 3599
2363 3600
2899 3601
1584 3602
3382 3603
3476 3604
898 3605
2783 3606
3137 3607
1589 3608
448 3609
1744 3610
3307 3611
2489 3612
583 3613
588 3614
2821 3615
1842 3616
2521 3617
608 3618
2074 3619
1947 3620
3367 3621
1367 3622
547 3623
1800 3624
1174 3625
2209 3626
1273 3627
1248 3628
817 3629
1716 3630
1174 3631
1856 3632
2817 3633
1944 3634
1369 3635
241 3636
2061 3637
3109 3638
1339 3639
1570 3640
961 3641
3049 3642
1240 3643
1074 3644
3529 3645
2446 3646
2917 3647
3060 3648
316 3649
2145 3650
888 3651
3043 3652
404 3653
514 3654
2671 3655
1007 3656
2799 3657
1808 3658
2381 3659
2198 3660
3358 3661
2355 3662
1305 3663
3053 3664
1119 3665
3566 3666
1723 3667
2200 3668
1290 3669
1211 3670
998 3671
918 3672
2049 3673
1826 3674
67 3675
2438 3676
235 3677
341 3678
3137 3679
1381 3680
899 3681
2360 3682
1701 3683
2684 3684
3293 3685
1433 3686
2737 3687
2949 3688
2660 3689
3223 3690
1022 3691
1128 3692
1208 3693
2140 3694
1561 3695
1401 3696
3388 3697
2356 3698
3515 3699
1194 3700
2073 3701
2700 3702
3277 3703
3678 3704
120 3705
3657 3706
2267 3707
1550 3708
3125 3709
2384 3710
1937 3711
1714 3712
2185 3713
556 3714
3593 3715
2766 3716
2856 3717
1789 3718
1344 3719
2735 3720
2391 3721
684 3722
2830 3723
1547 3724
351 3725
265 3726
3375 3727
2025 3728
329 3729
2839 3730
1520 3731
1941 3732
2438 3733
1652 3734
709 3735
3133 3736
3134 3737
2761 3738
779 3739
116 3740
2710 3741
1671 3742
2623 3743
3592 3744
135 3745
3429 3746
609 3747
3507 3748
787 3749
1311 3750
2519 3751
3500 3752
3410 3753
850 3754
1220 3755
2682 3756
3415 3757
2343 3758
2744 3759
374 3760
3745 3761
849 3762
2235 3763
1602 3764
131 3765
1941 3766
81 3767
214 3768
19 3769
225 3770
3158 3771
131 3772
3378 3773
2942 3774
248 3775
552 3776
2143 3777
3194 3778
3708 3779
3740 3780
3693 3781
41 3782
3709 3783
1493 3784
1385 3785
2423 3786
3394 3787
402 3788
3366 3789
3304 3790
1300 3791
12 3792
1948 3793
2331 3794
740 3795
1502 3796
3775 3797
1304 3798
1690 3799
2562 3800
3551 3801
2620 3802
3757 3803
3588 3804
3679 3805
410 3806
2584 3807
2677 3808
1160 3809
447 3810
735 3811
2023 3812
1775 3813
1816 3814
1795 3815
1749 3816
3328 3817
3263 3818
976 3819
1782 3820
1118 3821
1778 3822
1403 3823
3419 3824
26 3825
1262 3826
505 3827
2868 3828
649 3829
2650 3830
2250 3831
2404 3832
1801 3833
1788 3834
3043 3835
2798 3836
438 3837
140 3838
49 3839
1071 3840
230 3841
2816 3842
1531 3843
2747 3844
3647 3845
304 3846
3326 3847
3035 3848
939 3849
3032 3850
535 3851
697 3852
1714 3853
2777 3854
874 3855
258 3856
906 3857
2710 3858
1023 3859
870 3860
733 3861
3073 3862
262 3863
2221 3864
1114 3865
2627 3866
3488 3867
1506 3868
641 3869
238 3870
3428 3871
1252 3872
3364 3873
357 3874
2001 3875
2052 3876
1424 3877
2985 3878
2227 3879
2 3880
3417 3881
2868 3882
1420 3883
3686 3884
2047 3885
2955 3886
2899 3887
3872 3888
2465 3889
3672 3890
2927 3891
3339 3892
3737 3893
2252 3894
2692 3895
1398 3896
2919 3897
2647 3898
1814 3899
2817 3900
2952 3901
3601 3902
312 3903
178 3904
1850 3905
1776 3906
960 3907
2054 3908
3201 3909
3481 3910
1153 3911
1294 3912
339 3913
644 3914
1984 3915
1944 3916
3843 3917
3000 3918
646 3919
2036 3920
60 3921
2476 3922
3852 3923
2996 3924
2247 3925
3231 3926
3519 3927
3553 3928
104 3929
782 3930
2477 3931
3836 3932
1356 3933
1454 3934
501 3935
3671 3936
1071 3937
1300 3938
833 3939
2557 3940
2176 3941
599 3942
3235 3943
927 3944
1460 3945
2974 3946
2561 3947
1311 3948
1433 3949
2401 3950
3904 3951
3765 3952
2514 3953
2809 3954
1628 3955
2189 3956
619 3957
1755 3958
1656 3959
1808 3960
2587 3961
673 3962
3347 3963
3570 3964
230 3965
3544 3966
3960 3967
900 3968
76 3969
3291 3970
3114 3971
642 3972
2910 3973
1015 3974
1162 3975
2565 3976
2567 3977
3761 3978
3478 3979
1789 3980
1913 3981
1174 3982
2584 3983
3436 3984
307 3985
3970 3986
656 3987
3125 3988
3572 3989
197 3990
3538 3991
3931 3992
3204 3993
3022 3994
2286 3995
108 3996
2622 3997
3663 3998
2346 3999
63 4000
3406 4001
2843 4002
673 4003
3273 4004
1446 4005
1322 4006
2830 4007
2663 4008
2567 4009
800 4010
5 4011
1873 4012
85 4013
2538 4014
769 4015
1177 4016
1645 4017
3734 4018
2410 4019
1803 4020
1020 4021
2963 4022
1760 4023
2358 4024
42 4025
3023 4026
408 4027
1674 4028
639 4029
776 4030
149 4031
3835 4032
2265 4033
2738 4034
2800 4035
2587 4036
2254 4037
3890 4038
525 4039
3214 4040
452 4041
2006 4042
3394 4043
3643 4044
3335 4045
3859 4046
266 4047
2226 4048
3768 4049
2694 4050
681 4051
2170 4052
3549 4053
3450 4054
1590 4055
3383 4056
2242 4057
1740 4058
103 4059
2908 4060
2815 4061
3606 4062
2417 4063
3534 4064
3942 4065
1494 4066
3873 4067
2441 4068
3148 4069
3716 4070
3974 4071
565 4072
1400 4073
1420 4074
3481 4075
242 4076
2391 4077
2590 4078
3937 4079
1610 4080
1978 4081
2528 4082
1463 4083
3167 4084
3481 4085
283 4086
688 4087
134 4088
2195 4089
908 4090
2925 4091
1144 4092
1087 4093
117 4094
2775 4095
536 4096
2962 4097
4083 4098
15 4099
956 4100
3622 4101
1706 4102
1282 4103
1016 4104
2758 4105
837 4106
1117 4107
400 4108
3698 4109
1496 4110
2163 4111
1741 4112
2579 4113
142 4114
3700 4115
1590 4116
2356 4117
3629 4118
3980 4119
698 4120
2666 4121
856 4122
1217 4123
2232 4124
3157 4125
2935 4126
3407 4127
2669 4128
3703 4129
1635 4130
3988 4131
1873 4132
1731 4133
406 4134
1648 4135
2557 4136
4010 4137
3151 4138
1350 4139
1613 4140
2651 4141
414 4142
3745 4143
1957 4144
3217 4145
3577 4146
283 4147
3026 4148
3508 4149
3958 4150
3529 4151
618 4152
1958 4153
3929 4154
1414 4155
890 4156
827 4157
2173 4158
279 4159
1064 4160
1223 4161
1765 4162
1489 4163
460 4164
2935 4165
394 4166
1526 4167
1337 4168
3780 4169
38 4170
188 4171
1694 4172
1900 4173
3537 4174
1641 4175
3237 4176
4005 4177
2323 4178
62 4179
1926 4180
2137 4181
1893 4182
3591 4183
651 4184
837 4185
301 4186
3514 4187
825 4188
1768 4189
2547 4190
1947 4191
1021 4192
2979 4193
4021 4194
773 4195
1235 4196
1434 4197
2060 4198
192 4199
2592 4200
3293 4201
2011 4202
1317 4203
2230 4204
3146 4205
997 4206
1907 4207
3375 4208
3457 4209
2798 4210
2915 4211
87 4212
3805 4213
2480 4214
2436 4215
1395 4216
2223 4217
2699 4218
680 4219
2311 4220
3032 4221
3364 4222
1823 4223
2154 4224
412 4225
3728 4226
1315 4227
4027 4228
2020 4229
2288 4230
1571 4231
1984 4232
1914 4233
1741 4234
2447 4235
972 4236
2331 4237
2295 4238
2662 4239
77 4240
2890 4241
691 4242
3265 4243
1662 4244
118 4245
3219 4246
1514 4247
1418 4248
3996 4249
531 4250
2674 4251
4132 4252
1994 4253
2797 4254
2724 4255
758 4256
1168 4257
3444 4258
1440 4259
3082 4260
872 4261
2339 4262
1926 4263
2559 4264
4025 4265
1889 4266
3907 4267
280 4268
3212 4269
2175 4270
4160 4271
1472 4272
922 4273
2392 4274
3748 4275
4076 4276
1326 4277
3472 4278
638 4279
2877 4280
2420 4281
1849 4282
1128 4283
4268 4284
783 4285
1890 4286
3691 4287
412 4288
3718 4289
3407 4290
2145 4291
2302 4292
4136 4293
2874 4294
2784 4295
2503 4296
3924 4297
3899 4298
1972 4299
3396 4300
2123 4301
2691 4302
3617 4303
1811 4304
1591 4305
3375 4306
1826 4307
1524 4308
273 4309
2324 4310
4257 4311
3381 4312
1543 4313
385 4314
371 4315
1235 4316
3961 4317
1756 4318
4156 4319
3298 4320
351 4321
1570 4322
2476 4323
758 4324
4017 4325
2501 4326
1550 4327
2633 4328
3252 4329
1829 4330
3848 4331
2312 4332
761 4333
865 4334
3090 4335
100 4336
1249 4337
1635 4338
3705 4339
3486 4340
226 4341
4172 4342
2031 4343
3725 4344
3750 4345
4029 4346
3502 4347
4220 4348
335 4349
1344 4350
1335 4351
247 4352
1306 4353
2636 4354
1163 4355
2563 4356
2097 4357
836 4358
3143 4359
801 4360
2570 4361
4105 4362
1232 4363
1250 4364
2379 4365
1387 4366
1430 4367
308 4368
1151 4369
1120 4370
1675 4371
3461 4372
2417 4373
1748 4374
4185 4375
1101 4376
3380 4377
899 4378
612 4379
1337 4380
727 4381
3753 4382
176 4383
4209 4384
2091 4385
366 4386
1978 4387
1545 4388
4140 4389
1430 4390
2461 4391
2431 4392
3836 4393
442 4394
1141 4395
546 4396
358 4397
2484 4398
1452 4399
15 4400
47 4401
3855 4402
47 4403
397 4404
2340 4405
1836 4406
2992 4407
468 4408
1031 4409
3697 4410
4251 4411
1360 4412
2920 4413
4176 4414
295 4415
2303 4416
3048 4417
1269 4418
389 4419
3875 4420
3290 4421
421 4422
575 4423
31 4424
2505 4425
488 4426
3234 4427
1437 4428
1260 4429
3340 4430
3728 4431
739 4432
817 4433
855 4434
3302 4435
2354 4436
57 4437
868 4438
1737 4439
1111 4440
3463 4441
2684 4442
4266 4443
338 4444
3585 4445
2642 4446
2372 4447
522 4448
1836 4449
2281 4450
4196 4451
1560 4452
2463 4453
1896 4454
4362 4455
2560 4456
2526 4457
2723 4458
2289 4459
3041 4460
437 4461
742 4462
1217 4463
345 4464
3974 4465
1271 4466
1645 4467
2597 4468
2402 4469
2919 4470
3165 4471
1604 4472
4107 4473
3815 4474
148 4475
812 4476
2913 4477
1400 4478
3913 4479
2806 4480
255 4481
1216 4482
3603 4483
1231 4484
1510 4485
3940 4486
1622 4487
4279 4488
3762 4489
4224 4490
2881 4491
2634 4492
2412 4493
1571 4494
534 4495
266 4496
705 4497
4183 4498
2668 4499
1943 4500
3858 4501
3173 4502
2708 4503
3891 4504
2962 4505
168 4506
3868 4507
3573 4508
2086 4509
752 4510
324 4511
2154 4512
1067 4513
3806 4514
1732 4515
3255 4516
1624 4517
4016 4518
3293 4519
2781 4520
1930 4521
2499 4522
4493 4523
693 4524
1314 4525
2461 4526
93 4527
2905 4528
2680 4529
1600 4530
2763 4531
4350 4532
3934 4533
1 4534
345 4535
3530 4536
1738 4537
3359 4538
3631 4539
423 4540
781 4541
456 4542
3303 4543
2105 4544
2547 4545
1885 4546
921 4547
3621 4548
525 4549
349 4550
1069 4551
3355 4552
1102 4553
2909 4554
3899 4555
3661 4556
1962 4557
3851 4558
477 4559
3665 4560
509 4561
4530 4562
3406 4563
1653 4564
2289 4565
2843 4566
2085 4567
2843 4568
4040 4569
1304 4570
2174 4571
90 4572
2294 4573
4268 4574
2783 4575
4462 4576
4419 4577
2435 4578
573 4579
927 4580
1588 4581
4465 4582
3631 4583
4249 4584
2135 4585
3960 4586
941 4587
2679 4588
557 4589
1873 4590
1381 4591
657 4592
1175 4593
479 4594
4077 4595
2170 4596
1044 4597
3622 4598
980 4599
4197 4600
1572 4601
393 4602
3886 4603
1081 4604
67 4605
2764 4606
536 4607
4574 4608
1870 4609
2696 4610
1480 4611
2195 4612
2809 4613
388 4614
1215 4615
1454 4616
4230 4617
3920 4618
1212 4619
2603 4620
420 4621
897 4622
853 4623
2419 4624
3460 4625
1348 4626
4415 4627
1376 4628
2943 4629
3559 4630
172 4631
1956 4632
3908 4633
3130 4634
2963 4635
3796 4636
60 4637
3730 4638
2913 4639
359 4640
3092 4641
1197 4642
2595 4643
3254 4644
3203 4645
3946 4646
1100 4647
3192 4648
4271 4649
2962 4650
4097 4651
4528 4652
1528 4653
2242 4654
2368 4655
176 4656
2175 4657
2270 4658
1596 4659
2886 4660
3872 4661
1223 4662
53 4663
290 4664
1557 4665
1083 4666
3917 4667
2864 4668
672 4669
1378 4670
1582 4671
2183 4672
1344 4673
3871 4674
2442 4675
4071 4676
2732 4677
3774 4678
1777 4679
4652 4680
3149 4681
372 4682
2034 4683
96 4684
389 4685
1863 4686
707 4687
4121 4688
3620 4689
4524 4690
3594 4691
2705 4692
2697 4693
810 4694
2705 4695
356 4696
959 4697
1256 4698
3370 4699
245 4700
3562 4701
666 4702
4669 4703
4081 4704
4676 4705
773 4706
2181 4707
1627 4708
2166 4709
3035 4710
3444 4711
754 4712
2452 4713
1854 4714
1320 4715
4653 4716
3935 4717
335 4718
900 4719
4299 4720
951 4721
2594 4722
1276 4723
1138 4724
3265 4725
194 4726
2699 4727
3053 4728
2223 4729
836 4730
3750 4731
2239 4732
4626 4733
1175 4734
2228 4735
1365 4736
614 4737
801 4738
3027 4739
2724 4740
1623 4741
268 4742
1173 4743
3559 4744
4652 4745
1468 4746
3130 4747
2592 4748
1669 4749
3943 4750
716 4751
1849 4752
2488 4753
4357 4754
4310 4755
803 4756
3877 4757
972 4758
4549 4759
1167 4760
1062 4761
2083 4762
3794 4763
4496 4764
2664 4765
248 4766
2342 4767
4512 4768
4617 4769
807 4770
6 4771
4080 4772
2802 4773
136 4774
2060 4775
2416 4776
4175 4777
1713 4778
713 4779
1882 4780
1278 4781
1086 4782
2954 4783
590 4784
178 4785
1817 4786
4114 4787
2371 4788
4726 4789
4666 4790
1464 4791
1854 4792
596 4793
4315 4794
581 4795
703 4796
3689 4797
2796 4798
2292 4799
2701 4800
2940 4801
2056 4802
564 4803
406 4804
2820 4805
4178 4806
822 4807
3042 4808
3526 4809
4714 4810
4494 4811
936 4812
2591 4813
2359 4814
1305 4815
1353 4816
2880 4817
3558 4818
4163 4819
660 4820
130 4821
4319 4822
8 4823
3977 4824
3482 4825
656 4826
434 4827
2508 4828
3518 4829
126 4830
1703 4831
3024 4832
1891 4833
2398 4834
151 4835
3448 4836
4747 4837
1133 4838
3856 4839
1149 4840
1570 4841
80 4842
2564 4843
2697 4844
4277 4845
4610 4846
4571 4847
2517 4848
4215 4849
2080 4850
1454 4851
4195 4852
1548 4853
119 4854
2344 4855
3968 4856
4252 4857
3545 4858
2555 4859
3463 4860
3957 4861
2174 4862
396 4863
3574 4864
3213 4865
546 4866
4648 4867
2431 4868
4147 4869
350 4870
4283 4871
1294 4872
1282 4873
562 4874
3664 4875
3725 4876
2514 4877
588 4878
641 4879
3484 4880
1884 4881
4195 4882
429 4883
4057 4884
2253 4885
3205 4886
93 4887
3624 4888
4430 4889
3691 4890
1032 4891
2143 4892
1044 4893
2366 4894
3323 4895
1347 4896
4403 4897
4821 4898
1468 4899
4215 4900
1056 4901
2652 4902
1384 4903
4883 4904
3541 4905
2880 4906
1643 4907
3209 4908
3414 4909
1015 4910
2951 4911
1006 4912
2723 4913
3890 4914
2681 4915
4326 4916
1250 4917
715 4918
1584 4919
2889 4920
3237 4921
3870 4922
1524 4923
4554 4924
3002 4925
4202 4926
2610 4927
4248 4928
4914 4929
1406 4930
4442 4931
1993 4932
4021 4933
2628 4934
4226 4935
3418 4936
260 4937
4654 4938
2083 4939
2842 4940
751 4941
3702 4942
1462 4943
509 4944
1141 4945
4351 4946
3642 4947
2696 4948
4743 4949
1583 4950
3490 4951
2553 4952
240 4953
4211 4954
1578 4955
1932 4956
4613 4957
4192 4958
4393 4959
3098 4960
2562 4961
1672 4962
1797 4963
124 4964
4537 4965
3598 4966
3065 4967
2179 4968
2416 4969
4142 4970
3119 4971
1595 4972
4826 4973
4822 4974
3823 4975
1320 4976
1191 4977
137 4978
1851 4979
3694 4980
3984 4981
1358 4982
3852 4983
316 4984
4969 4985
3862 4986
1648 4987
4789 4988
618 4989
2437 4990
2083 4991
3427 4992
2925 4993
3816 4994
570 4995
138 4996
2812 4997
3117 4998
1683 4999
3762 5000
