1 2
1 3
1 4
3 5
4 6
5 7
3 8
3 9
2 10
6 11
9 12
9 13
9 14
11 15
4 16
4 17
11 18
10 19
10 20
17 21
7 22
15 23
7 24
23 25
19 26
3 27
13 28
17 29
29 30
24 31
24 32
20 33
13 34
1 35
2 36
2 37
26 38
27 39
22 40
31 41
23 42
30 43
8 44
7 45
8 46
46 47
15 48
29 49
13 50
40 51
15 52
7 53
22 54
49 55
9 56
46 57
26 58
27 59
2 60
22 61
26 62
12 63
6 64
30 65
13 66
4 67
43 68
36 69
1 70
30 71
33 72
29 73
28 74
38 75
63 76
74 77
8 78
73 79
34 80
48 81
52 82
42 83
7 84
25 85
69 86
86 87
18 88
67 89
83 90
37 91
7 92
70 93
21 94
44 95
42 96
63 97
30 98
77 99
47 100
61 101
40 102
12 103
98 104
68 105
7 106
35 107
24 108
50 109
52 110
50 111
47 112
21 113
100 114
57 115
47 116
13 117
81 118
25 119
51 120
78 121
91 122
47 123
61 124
63 125
62 126
62 127
74 128
92 129
23 130
8 131
56 132
75 133
117 134
92 135
14 136
16 137
97 138
8 139
47 140
3 141
48 142
60 143
95 144
100 145
119 146
80 147
139 148
144 149
137 150
18 151
29 152
112 153
66 154
43 155
80 156
37 157
32 158
139 159
112 160
98 161
91 162
80 163
104 164
84 165
83 166
164 167
28 168
100 169
85 170
126 171
138 172
121 173
168 174
45 175
173 176
163 177
167 178
90 179
171 180
67 181
67 182
42 183
162 184
94 185
140 186
156 187
109 188
105 189
91 190
3 191
68 192
136 193
111 194
189 195
102 196
17 197
36 198
145 199
15 200
196 201
193 202
167 203
77 204
19 205
177 206
95 207
157 208
80 209
114 210
24 211
58 212
74 213
66 214
185 215
22 216
46 217
5 218
174 219
89 220
77 221
5 222
25 223
220 224
175 225
66 226
110 227
199 228
100 229
140 230
72 231
22 232
38 233
206 234
228 235
181 236
222 237
188 238
144 239
163 240
234 241
141 242
210 243
101 244
195 245
237 246
83 247
219 248
80 249
36 250
106 251
128 252
41 253
157 254
230 255
70 256
237 257
105 258
127 259
66 260
253 261
209 262
109 263
208 264
263 265
230 266
143 267
257 268
200 269
253 270
243 271
127 272
15 273
35 274
186 275
92 276
243 277
88 278
260 279
16 280
135 281
184 282
91 283
25 284
245 285
199 286
135 287
108 288
226 289
199 290
224 291
236 292
91 293
236 294
12 295
157 296
82 297
44 298
78 299
79 300
200 301
152 302
51 303
214 304
226 305
142 306
11 307
185 308
15 309
198 310
138 311
120 312
135 313
309 314
310 315
57 316
308 317
250 318
200 319
87 320
199 321
82 322
26 323
72 324
315 325
217 326
158 327
110 328
145 329
272 330
258 331
277 332
156 333
259 334
72 335
39 336
65 337
332 338
183 339
89 340
215 341
21 342
177 343
322 344
14 345
247 346
290 347
126 348
38 349
267 350
28 351
257 352
212 353
84 354
267 355
217 356
78 357
14 358
252 359
270 360
9 361
287 362
74 363
179 364
117 365
240 366
179 367
329 368
90 369
243 370
80 371
279 372
124 373
285 374
267 375
353 376
226 377
140 378
12 379
304 380
279 381
45 382
31 383
37 384
162 385
371 386
204 387
386 388
218 389
206 390
280 391
152 392
63 393
152 394
1 395
376 396
83 397
335 398
77 399
104 400
90 401
31 402
277 403
98 404
11 405
55 406
22 407
89 408
123 409
385 410
134 411
291 412
346 413
375 414
140 415
342 416
256 417
408 418
125 419
80 420
351 421
213 422
32 423
232 424
286 425
382 426
200 427
104 428
256 429
160 430
88 431
46 432
425 433
198 434
34 435
28 436
52 437
369 438
183 439
100 440
322 441
9 442
432 443
116 444
251 445
85 446
76 447
185 448
430 449
319 450
419 451
130 452
235 453
316 454
175 455
307 456
434 457
338 458
78 459
352 460
360 461
182 462
450 463
173 464
206 465
247 466
252 467
126 468
338 469
302 470
422 471
131 472
205 473
332 474
17 475
381 476
274 477
276 478
164 479
458 480
320 481
72 482
435 483
27 484
100 485
347 486
69 487
115 488
1 489
274 490
21 491
402 492
419 493
405 494
376 495
164 496
48 497
22 498
177 499
306 500
404 501
36 502
160 503
58 504
400 505
375 506
437 507
55 508
93 509
179 510
146 511
120 512
210 513
189 514
362 515
281 516
140 517
98 518
74 519
371 520
125 521
439 522
53 523
107 524
483 525
172 526
86 527
147 528
480 529
297 530
69 531
522 532
275 533
253 534
349 535
232 536
16 537
41 538
229 539
464 540
437 541
150 542
458 543
428 544
497 545
374 546
91 547
535 548
102 549
356 550
334 551
247 552
349 553
62 554
530 555
73 556
476 557
462 558
26 559
161 560
378 561
28 562
317 563
531 564
260 565
336 566
480 567
478 568
344 569
373 570
345 571
112 572
274 573
572 574
104 575
397 576
237 577
313 578
490 579
4 580
486 581
494 582
120 583
1 584
92 585
171 586
190 587
126 588
479 589
349 590
372 591
48 592
368 593
528 594
449 595
126 596
103 597
211 598
3 599
521 600
341 601
18 602
59 603
289 604
476 605
294 606
85 607
200 608
107 609
146 610
60 611
306 612
289 613
582 614
519 615
382 616
221 617
472 618
472 619
117 620
208 621
142 622
112 623
398 624
344 625
520 626
175 627
105 628
192 629
462 630
377 631
493 632
290 633
138 634
234 635
155 636
519 637
622 638
2 639
201 640
368 641
580 642
159 643
285 644
363 645
36 646
236 647
575 648
2 649
1 650
270 651
177 652
339 653
462 654
183 655
194 656
68 657
234 658
77 659
210 660
262 661
139 662
227 663
4 664
314 665
29 666
611 667
176 668
122 669
315 670
260 671
364 672
281 673
587 674
318 675
546 676
147 677
65 678
512 679
335 680
119 681
464 682
664 683
123 684
99 685
607 686
23 687
5 688
592 689
297 690
226 691
98 692
369 693
221 694
75 695
469 696
166 697
540 698
318 699
39 700
438 701
579 702
466 703
470 704
518 705
238 706
254 707
601 708
398 709
539 710
347 711
187 712
25 713
279 714
431 715
560 716
217 717
80 718
187 719
528 720
91 721
100 722
721 723
424 724
671 725
415 726
338 727
136 728
484 729
164 730
38 731
86 732
504 733
637 734
217 735
494 736
514 737
397 738
602 739
486 740
438 741
218 742
484 743
271 744
562 745
27 746
142 747
334 748
400 749
156 750
96 751
484 752
344 753
633 754
29 755
717 756
368 757
58 758
449 759
641 760
434 761
42 762
191 763
377 764
38 765
386 766
463 767
213 768
590 769
247 770
218 771
397 772
251 773
306 774
364 775
248 776
729 777
459 778
4 779
652 780
365 781
451 782
578 783
344 784
543 785
368 786
617 787
33 788
503 789
440 790
739 791
611 792
495 793
190 794
258 795
263 796
600 797
363 798
386 799
791 800
793 801
263 802
207 803
397 804
523 805
52 806
784 807
113 808
378 809
534 810
526 811
348 812
703 813
666 814
467 815
793 816
443 817
112 818
779 819
243 820
460 821
739 822
145 823
134 824
820 825
712 826
39 827
754 828
355 829
470 830
336 831
256 832
430 833
60 834
809 835
298 836
457 837
54 838
682 839
686 840
748 841
37 842
395 843
565 844
566 845
719 846
299 847
577 848
455 849
498 850
25 851
715 852
577 853
150 854
815 855
752 856
310 857
817 858
180 859
511 860
456 861
237 862
302 863
464 864
416 865
579 866
308 867
278 868
582 869
108 870
635 871
264 872
809 873
820 874
625 875
277 876
318 877
543 878
16 879
397 880
685 881
340 882
857 883
30 884
160 885
378 886
537 887
79 888
802 889
241 890
626 891
419 892
131 893
756 894
767 895
750 896
840 897
608 898
184 899
427 900
341 901
151 902
698 903
263 904
820 905
897 906
334 907
26 908
610 909
622 910
754 911
384 912
790 913
815 914
621 915
712 916
334 917
817 918
764 919
222 920
5 921
678 922
728 923
105 924
71 925
159 926
183 927
873 928
168 929
23 930
625 931
276 932
189 933
305 934
636 935
335 936
63 937
145 938
313 939
875 940
385 941
602 942
714 943
330 944
96 945
935 946
312 947
150 948
706 949
264 950
653 951
729 952
661 953
211 954
229 955
897 956
175 957
253 958
888 959
191 960
142 961
385 962
669 963
13 964
273 965
333 966
686 967
618 968
623 969
844 970
412 971
835 972
588 973
75 974
88 975
801 976
899 977
94 978
863 979
166 980
825 981
641 982
145 983
615 984
543 985
453 986
767 987
553 988
784 989
401 990
666 991
856 992
467 993
272 994
600 995
454 996
92 997
142 998
129 999
740 1000
196 1001
516 1002
769 1003
684 1004
251 1005
846 1006
692 1007
74 1008
249 1009
904 1010
622 1011
44 1012
544 1013
767 1014
1002 1015
996 1016
759 1017
6 1018
166 1019
840 1020
42 1021
611 1022
489 1023
849 1024
210 1025
705 1026
675 1027
815 1028
640 1029
992 1030
345 1031
636 1032
661 1033
256 1034
883 1035
542 1036
131 1037
792 1038
997 1039
53 1040
578 1041
635 1042
775 1043
891 1044
777 1045
605 1046
156 1047
590 1048
919 1049
115 1050
213 1051
937 1052
474 1053
289 1054
581 1055
804 1056
353 1057
747 1058
426 1059
162 1060
1048 1061
366 1062
192 1063
746 1064
865 1065
399 1066
555 1067
911 1068
744 1069
851 1070
152 1071
371 1072
50 1073
883 1074
758 1075
494 1076
843 1077
864 1078
927 1079
285 1080
686 1081
724 1082
389 1083
734 1084
585 1085
992 1086
38 1087
999 1088
763 1089
195 1090
564 1091
385 1092
784 1093
268 1094
881 1095
831 1096
202 1097
362 1098
974 1099
430 1100
802 1101
455 1102
173 1103
397 1104
238 1105
390 1106
157 1107
121 1108
452 1109
454 1110
12 1111
77 1112
611 1113
638 1114
547 1115
343 1116
303 1117
568 1118
756 1119
419 1120
264 1121
932 1122
566 1123
291 1124
206 1125
880 1126
211 1127
599 1128
225 1129
335 1130
853 1131
37 1132
1023 1133
746 1134
107 1135
714 1136
628 1137
461 1138
711 1139
90 1140
248 1141
203 1142
786 1143
496 1144
371 1145
269 1146
1102 1147
325 1148
983 1149
778 1150
119 1151
526 1152
408 1153
483 1154
1148 1155
245 1156
703 1157
638 1158
1128 1159
793 1160
14 1161
548 1162
255 1163
901 1164
987 1165
253 1166
142 1167
953 1168
652 1169
657 1170
855 1171
499 1172
841 1173
148 1174
971 1175
773 1176
780 1177
408 1178
212 1179
291 1180
556 1181
549 1182
1071 1183
314 1184
272 1185
459 1186
1012 1187
797 1188
302 1189
1041 1190
276 1191
837 1192
884 1193
923 1194
434 1195
611 1196
613 1197
769 1198
1082 1199
1183 1200
1018 1201
946 1202
1143 1203
665 1204
330 1205
109 1206
1121 1207
1144 1208
857 1209
299 1210
278 1211
748 1212
603 1213
751 1214
1001 1215
1214 1216
671 1217
1069 1218
26 1219
176 1220
879 1221
62 1222
1086 1223
1217 1224
635 1225
232 1226
859 1227
598 1228
1 1229
655 1230
670 1231
935 1232
1106 1233
223 1234
931 1235
789 1236
959 1237
1178 1238
249 1239
871 1240
585 1241
907 1242
865 1243
885 1244
1140 1245
1190 1246
446 1247
1202 1248
25 1249
560 1250
379 1251
1137 1252
266 1253
1197 1254
1124 1255
347 1256
218 1257
583 1258
1160 1259
411 1260
356 1261
719 1262
1224 1263
165 1264
1235 1265
328 1266
410 1267
673 1268
640 1269
239 1270
649 1271
1034 1272
631 1273
280 1274
426 1275
612 1276
1197 1277
1173 1278
1235 1279
294 1280
186 1281
357 1282
612 1283
63 1284
1185 1285
114 1286
1102 1287
427 1288
863 1289
51 1290
1150 1291
429 1292
44 1293
188 1294
886 1295
808 1296
997 1297
887 1298
1038 1299
884 1300
862 1301
1237 1302
340 1303
278 1304
74 1305
803 1306
786 1307
670 1308
63 1309
31 1310
119 1311
481 1312
599 1313
370 1314
461 1315
570 1316
1150 1317
697 1318
838 1319
1114 1320
360 1321
709 1322
123 1323
164 1324
443 1325
312 1326
839 1327
1159 1328
379 1329
888 1330
1261 1331
355 1332
1277 1333
927 1334
186 1335
105 1336
109 1337
217 1338
609 1339
38 1340
388 1341
766 1342
741 1343
1270 1344
133 1345
390 1346
1003 1347
596 1348
534 1349
181 1350
959 1351
891 1352
245 1353
404 1354
888 1355
438 1356
20 1357
297 1358
693 1359
268 1360
577 1361
827 1362
728 1363
813 1364
1122 1365
824 1366
1007 1367
631 1368
739 1369
489 1370
128 1371
567 1372
81 1373
926 1374
769 1375
221 1376
1368 1377
652 1378
127 1379
150 1380
1162 1381
1190 1382
623 1383
1373 1384
167 1385
1354 1386
1132 1387
872 1388
642 1389
199 1390
1099 1391
559 1392
90 1393
822 1394
508 1395
1243 1396
237 1397
1320 1398
1135 1399
1224 1400
419 1401
278 1402
17 1403
852 1404
746 1405
365 1406
340 1407
789 1408
304 1409
682 1410
229 1411
942 1412
916 1413
557 1414
870 1415
247 1416
1163 1417
840 1418
485 1419
887 1420
896 1421
57 1422
127 1423
1125 1424
571 1425
237 1426
854 1427
1391 1428
794 1429
226 1430
535 1431
1378 1432
281 1433
129 1434
1351 1435
28 1436
270 1437
1221 1438
623 1439
553 1440
524 1441
816 1442
103 1443
974 1444
500 1445
1212 1446
318 1447
919 1448
156 1449
1088 1450
467 1451
485 1452
1349 1453
425 1454
1223 1455
1258 1456
1308 1457
669 1458
984 1459
1023 1460
614 1461
904 1462
224 1463
753 1464
800 1465
365 1466
323 1467
251 1468
60 1469
462 1470
1158 1471
663 1472
74 1473
1042 1474
999 1475
925 1476
311 1477
586 1478
712 1479
274 1480
1138 1481
707 1482
957 1483
132 1484
845 1485
399 1486
88 1487
282 1488
1156 1489
1230 1490
810 1491
103 1492
94 1493
1343 1494
82 1495
385 1496
893 1497
1470 1498
1484 1499
400 1500
44 1501
816 1502
1082 1503
1105 1504
118 1505
133 1506
970 1507
846 1508
1168 1509
510 1510
1447 1511
1009 1512
666 1513
405 1514
101 1515
869 1516
261 1517
589 1518
90 1519
1457 1520
718 1521
645 1522
995 1523
200 1524
887 1525
1022 1526
1023 1527
1413 1528
1526 1529
22 1530
737 1531
134 1532
410 1533
1468 1534
156 1535
194 1536
1065 1537
765 1538
546 1539
1238 1540
295 1541
1319 1542
547 1543
1151 1544
546 1545
638 1546
837 1547
363 1548
1116 1549
955 1550
1257 1551
517 1552
659 1553
320 1554
900 1555
576 1556
1364 1557
862 1558
891 1559
691 1560
656 1561
1521 1562
974 1563
924 1564
1020 1565
1192 1566
133 1567
874 1568
1553 1569
1069 1570
1462 1571
223 1572
295 1573
1140 1574
271 1575
1455 1576
1391 1577
798 1578
554 1579
1436 1580
275 1581
815 1582
1408 1583
701 1584
893 1585
89 1586
487 1587
323 1588
1046 1589
1189 1590
202 1591
1400 1592
56 1593
137 1594
1500 1595
1279 1596
724 1597
667 1598
1387 1599
906 1600
1576 1601
1413 1602
1306 1603
1035 1604
1002 1605
1231 1606
1038 1607
59 1608
369 1609
419 1610
1097 1611
776 1612
396 1613
824 1614
4 1615
726 1616
967 1617
1593 1618
985 1619
530 1620
155 1621
1360 1622
1347 1623
651 1624
807 1625
441 1626
180 1627
763 1628
565 1629
952 1630
1046 1631
654 1632
1062 1633
878 1634
1227 1635
605 1636
1457 1637
1174 1638
1122 1639
107 1640
1087 1641
1424 1642
1395 1643
388 1644
583 1645
1640 1646
874 1647
790 1648
597 1649
159 1650
1255 1651
226 1652
557 1653
55 1654
12 1655
445 1656
337 1657
16 1658
565 1659
1289 1660
1347 1661
176 1662
1157 1663
1639 1664
756 1665
173 1666
696 1667
372 1668
411 1669
1105 1670
463 1671
445 1672
879 1673
1648 1674
168 1675
1523 1676
1441 1677
1171 1678
1181 1679
499 1680
618 1681
101 1682
1611 1683
810 1684
1159 1685
374 1686
224 1687
64 1688
1144 1689
1204 1690
1085 1691
488 1692
1688 1693
1168 1694
1145 1695
1596 1696
461 1697
259 1698
1573 1699
1510 1700
226 1701
356 1702
990 1703
1071 1704
1024 1705
694 1706
116 1707
180 1708
1500 1709
645 1710
672 1711
1232 1712
1257 1713
790 1714
1430 1715
671 1716
947 1717
1392 1718
506 1719
724 1720
1606 1721
1494 1722
69 1723
303 1724
1166 1725
985 1726
369 1727
1109 1728
687 1729
759 1730
468 1731
431 1732
1589 1733
664 1734
414 1735
508 1736
1044 1737
1672 1738
709 1739
1340 1740
1679 1741
678 1742
957 1743
406 1744
763 1745
415 1746
1215 1747
1614 1748
830 1749
117 1750
1505 1751
898 1752
1536 1753
1157 1754
1418 1755
581 1756
1431 1757
1159 1758
342 1759
1123 1760
419 1761
435 1762
611 1763
1383 1764
722 1765
954 1766
21 1767
53 1768
751 1769
122 1770
1400 1771
44 1772
230 1773
1466 1774
982 1775
1149 1776
70 1777
91 1778
332 1779
1742 1780
1368 1781
1243 1782
504 1783
182 1784
895 1785
1425 1786
1025 1787
893 1788
1313 1789
654 1790
1023 1791
1680 1792
169 1793
1006 1794
1210 1795
148 1796
797 1797
1602 1798
1484 1799
1725 1800
1531 1801
214 1802
767 1803
191 1804
802 1805
1177 1806
939 1807
1622 1808
1373 1809
1076 1810
467 1811
1584 1812
1648 1813
1487 1814
1605 1815
1420 1816
261 1817
300 1818
1188 1819
1439 1820
542 1821
500 1822
972 1823
1375 1824
1296 1825
1318 1826
998 1827
922 1828
184 1829
1657 1830
241 1831
814 1832
1261 1833
453 1834
673 1835
1031 1836
1073 1837
400 1838
937 1839
719 1840
1654 1841
1601 1842
735 1843
509 1844
164 1845
1528 1846
1506 1847
1467 1848
1204 1849
1118 1850
407 1851
848 1852
1350 1853
623 1854
1539 1855
667 1856
1850 1857
1649 1858
1734 1859
1723 1860
517 1861
1718 1862
889 1863
532 1864
542 1865
1787 1866
1092 1867
1653 1868
116 1869
1000 1870
1617 1871
592 1872
1179 1873
186 1874
1305 1875
1817 1876
572 1877
645 1878
895 1879
1218 1880
221 1881
1821 1882
962 1883
113 1884
338 1885
699 1886
165 1887
1790 1888
762 1889
200 1890
738 1891
725 1892
1867 1893
304 1894
118 1895
379 1896
1086 1897
1136 1898
750 1899
599 1900
114 1901
224 1902
1763 1903
147 1904
503 1905
250 1906
1173 1907
107 1908
513 1909
1739 1910
1340 1911
1626 1912
1910 1913
1602 1914
839 1915
401 1916
1309 1917
1554 1918
518 1919
573 1920
222 1921
656 1922
1099 1923
14 1924
103 1925
905 1926
1096 1927
966 1928
1319 1929
1186 1930
1569 1931
1304 1932
1303 1933
544 1934
476 1935
685 1936
1193 1937
292 1938
235 1939
754 1940
1519 1941
1865 1942
1125 1943
794 1944
1781 1945
1334 1946
949 1947
599 1948
832 1949
1684 1950
699 1951
786 1952
64 1953
1619 1954
243 1955
937 1956
1882 1957
874 1958
119 1959
1352 1960
792 1961
1491 1962
542 1963
1534 1964
933 1965
1546 1966
1701 1967
1366 1968
1697 1969
916 1970
1275 1971
771 1972
1605 1973
1643 1974
1189 1975
1864 1976
1649 1977
907 1978
1167 1979
1059 1980
541 1981
182 1982
1008 1983
436 1984
115 1985
1397 1986
336 1987
569 1988
1461 1989
1928 1990
516 1991
1570 1992
1069 1993
1233 1994
1628 1995
703 1996
274 1997
485 1998
1356 1999
1611 2000
464 2001
1804 2002
732 2003
604 2004
631 2005
1870 2006
174 2007
1599 2008
1329 2009
48 2010
1314 2011
723 2012
1302 2013
1757 2014
506 2015
379 2016
747 2017
701 2018
1038 2019
1015 2020
1316 2021
81 2022
1964 2023
651 2024
628 2025
1706 2026
1014 2027
1218 2028
145 2029
1952 2030
669 2031
70 2032
2003 2033
1577 2034
713 2035
1738 2036
1710 2037
1953 2038
552 2039
1842 2040
889 2041
870 2042
1350 2043
445 2044
1720 2045
1910 2046
246 2047
1620 2048
403 2049
975 2050
362 2051
817 2052
1161 2053
1724 2054
186 2055
176 2056
2017 2057
560 2058
1066 2059
1165 2060
1943 2061
224 2062
1393 2063
1168 2064
191 2065
196 2066
417 2067
566 2068
1145 2069
1452 2070
414 2071
1091 2072
683 2073
1776 2074
1436 2075
556 2076
702 2077
1471 2078
1034 2079
1651 2080
1426 2081
51 2082
1565 2083
519 2084
715 2085
293 2086
1627 2087
1939 2088
1976 2089
937 2090
96 2091
248 2092
1156 2093
391 2094
1726 2095
83 2096
1217 2097
1321 2098
1385 2099
918 2100
1382 2101
182 2102
291 2103
497 2104
1429 2105
1135 2106
1697 2107
292 2108
1916 2109
1890 2110
1211 2111
1444 2112
1160 2113
1003 2114
2078 2115
935 2116
1625 2117
175 2118
1833 2119
1247 2120
681 2121
1297 2122
583 2123
198 2124
748 2125
1795 2126
59 2127
492 2128
1791 2129
1162 2130
1237 2131
577 2132
49 2133
1162 2134
1969 2135
612 2136
1303 2137
1442 2138
406 2139
21 2140
673 2141
930 2142
1435 2143
2106 2144
1959 2145
1247 2146
2061 2147
495 2148
370 2149
1016 2150
659 2151
760 2152
1433 2153
50 2154
87 2155
247 2156
788 2157
1662 2158
1438 2159
1256 2160
1938 2161
1233 2162
1371 2163
1253 2164
478 2165
1916 2166
1073 2167
1872 2168
193 2169
1567 2170
1071 2171
1286 2172
1795 2173
940 2174
1676 2175
1483 2176
1648 2177
1767 2178
336 2179
145 2180
633 2181
1250 2182
2149 2183
494 2184
1971 2185
728 2186
930 2187
951 2188
467 2189
338 2190
1314 2191
1341 2192
2084 2193
357 2194
1923 2195
80 2196
672 2197
881 2198
628 2199
1288 2200
1713 2201
101 2202
1678 2203
1087 2204
1976 2205
576 2206
614 2207
1834 2208
1925 2209
438 2210
1760 2211
1741 2212
1300 2213
1418 2214
387 2215
589 2216
63 2217
878 2218
1617 2219
573 2220
841 2221
822 2222
855 2223
2128 2224
880 2225
1067 2226
1235 2227
1393 2228
1697 2229
956 2230
419 2231
901 2232
1353 2233
483 2234
215 2235
1018 2236
462 2237
404 2238
369 2239
612 2240
2223 2241
872 2242
386 2243
1550 2244
1388 2245
1815 2246
1082 2247
2009 2248
1929 2249
2181 2250
2195 2251
157 2252
383 2253
757 2254
117 2255
986 2256
656 2257
238 2258
1482 2259
408 2260
1807 2261
789 2262
1218 2263
1474 2264
798 2265
1813 2266
1397 2267
503 2268
2259 2269
928 2270
9 2271
933 2272
1938 2273
1329 2274
395 2275
1188 2276
1074 2277
403 2278
55 2279
530 2280
386 2281
1426 2282
1093 2283
931 2284
1505 2285
910 2286
177 2287
1701 2288
419 2289
1841 2290
1657 2291
527 2292
2138 2293
1798 2294
143 2295
966 2296
1148 2297
1182 2298
1529 2299
228 2300
1602 2301
897 2302
343 2303
379 2304
48 2305
2044 2306
862 2307
1456 2308
872 2309
802 2310
1099 2311
679 2312
372 2313
302 2314
1095 2315
1451 2316
2091 2317
180 2318
1137 2319
1986 2320
543 2321
454 2322
224 2323
178 2324
183 2325
1983 2326
306 2327
1121 2328
988 2329
1376 2330
1710 2331
397 2332
563 2333
3 2334
198 2335
1089 2336
1324 2337
896 2338
960 2339
1195 2340
1112 2341
1722 2342
1340 2343
12 2344
2006 2345
2280 2346
113 2347
770 2348
260 2349
1259 2350
2058 2351
243 2352
1240 2353
620 2354
794 2355
712 2356
1675 2357
1099 2358
1556 2359
1516 2360
1509 2361
536 2362
2268 2363
1202 2364
274 2365
1009 2366
1361 2367
699 2368
2157 2369
383 2370
277 2371
300 2372
1312 2373
1509 2374
502 2375
1213 2376
1053 2377
1632 2378
1302 2379
1537 2380
2175 2381
1185 2382
954 2383
352 2384
235 2385
2015 2386
2007 2387
767 2388
1602 2389
1945 2390
274 2391
2379 2392
1179 2393
160 2394
2205 2395
2031 2396
268 2397
2270 2398
1879 2399
556 2400
1009 2401
2176 2402
458 2403
2390 2404
1154 2405
1297 2406
1754 2407
1009 2408
1139 2409
1163 2410
1964 2411
1079 2412
731 2413
1330 2414
1689 2415
572 2416
738 2417
2028 2418
239 2419
560 2420
699 2421
823 2422
1614 2423
1327 2424
1660 2425
2142 2426
1338 2427
1695 2428
71 2429
1423 2430
1055 2431
1033 2432
1201 2433
1550 2434
1973 2435
2385 2436
191 2437
869 2438
2309 2439
810 2440
2264 2441
2039 2442
958 2443
1665 2444
1556 2445
940 2446
594 2447
974 2448
1460 2449
1163 2450
1030 2451
529 2452
220 2453
1419 2454
691 2455
1126 2456
16 2457
78 2458
1441 2459
2389 2460
2287 2461
1544 2462
358 2463
1203 2464
300 2465
729 2466
891 2467
51 2468
2381 2469
1041 2470
2387 2471
343 2472
527 2473
240 2474
993 2475
259 2476
1154 2477
271 2478
922 2479
2299 2480
1477 2481
921 2482
212 2483
582 2484
1197 2485
95 2486
785 2487
1285 2488
1520 2489
1823 2490
426 2491
1064 2492
910 2493
2127 2494
792 2495
1876 2496
1048 2497
592 2498
2221 2499
1356 2500
1309 2501
765 2502
1323 2503
1704 2504
108 2505
2145 2506
909 2507
2324 2508
1706 2509
2157 2510
527 2511
1056 2512
735 2513
48 2514
562 2515
1507 2516
1048 2517
2364 2518
773 2519
2290 2520
2343 2521
1136 2522
1013 2523
1898 2524
1117 2525
588 2526
727 2527
2156 2528
1283 2529
1089 2530
1355 2531
1640 2532
256 2533
1454 2534
1036 2535
1818 2536
670 2537
824 2538
2448 2539
2089 2540
1214 2541
322 2542
1631 2543
2109 2544
1606 2545
335 2546
1290 2547
1490 2548
347 2549
1842 2550
1745 2551
1364 2552
1323 2553
1269 2554
1417 2555
668 2556
572 2557
1900 2558
1742 2559
2175 2560
1184 2561
523 2562
40 2563
458 2564
1269 2565
2479 2566
926 2567
1141 2568
1718 2569
1459 2570
1077 2571
185 2572
808 2573
393 2574
1806 2575
1410 2576
565 2577
320 2578
2087 2579
1835 2580
1680 2581
1146 2582
783 2583
429 2584
650 2585
1657 2586
2315 2587
1473 2588
1745 2589
2290 2590
332 2591
136 2592
417 2593
1814 2594
174 2595
2250 2596
2417 2597
2513 2598
1049 2599
2200 2600
2204 2601
1565 2602
1411 2603
960 2604
1641 2605
766 2606
2334 2607
1777 2608
2448 2609
2393 2610
1207 2611
300 2612
687 2613
1494 2614
251 2615
2088 2616
1247 2617
1621 2618
2503 2619
1825 2620
1559 2621
1085 2622
1377 2623
2297 2624
2514 2625
350 2626
1374 2627
354 2628
1134 2629
1938 2630
1322 2631
1807 2632
552 2633
768 2634
1418 2635
409 2636
823 2637
1664 2638
1101 2639
406 2640
964 2641
1864 2642
915 2643
165 2644
1348 2645
2077 2646
1005 2647
770 2648
2073 2649
1363 2650
422 2651
1097 2652
1739 2653
740 2654
86 2655
2055 2656
2183 2657
1348 2658
2133 2659
623 2660
1661 2661
1076 2662
581 2663
624 2664
1971 2665
1215 2666
2651 2667
2319 2668
1619 2669
2403 2670
485 2671
2306 2672
112 2673
2562 2674
2413 2675
1358 2676
1298 2677
1861 2678
1291 2679
1728 2680
211 2681
2571 2682
1049 2683
923 2684
2056 2685
1955 2686
2521 2687
929 2688
432 2689
363 2690
63 2691
1110 2692
574 2693
728 2694
1910 2695
110 2696
2479 2697
460 2698
12 2699
1831 2700
227 2701
59 2702
1312 2703
472 2704
1493 2705
1322 2706
705 2707
2302 2708
2159 2709
1632 2710
1379 2711
114 2712
1709 2713
269 2714
1506 2715
1155 2716
668 2717
2398 2718
25 2719
1152 2720
2667 2721
2252 2722
1757 2723
1289 2724
2116 2725
2448 2726
1499 2727
1875 2728
2375 2729
1053 2730
2570 2731
1306 2732
1977 2733
1075 2734
793 2735
1684 2736
499 2737
1471 2738
2219 2739
101 2740
1260 2741
73 2742
321 2743
25 2744
2605 2745
512 2746
433 2747
1180 2748
501 2749
2083 2750
678 2751
786 2752
1090 2753
934 2754
430 2755
1457 2756
618 2757
145 2758
1402 2759
190 2760
615 2761
977 2762
1372 2763
321 2764
557 2765
102 2766
2286 2767
532 2768
2350 2769
1465 2770
2329 2771
1106 2772
469 2773
1952 2774
363 2775
1598 2776
649 2777
744 2778
786 2779
2739 2780
891 2781
485 2782
1577 2783
1836 2784
2114 2785
2194 2786
220 2787
2167 2788
842 2789
38 2790
575 2791
704 2792
1892 2793
472 2794
2125 2795
1503 2796
2518 2797
995 2798
2085 2799
1479 2800
2622 2801
2264 2802
251 2803
2009 2804
591 2805
1053 2806
2 2807
1095 2808
2518 2809
644 2810
443 2811
2369 2812
253 2813
1960 2814
1766 2815
1252 2816
2085 2817
2069 2818
1462 2819
1193 2820
645 2821
1593 2822
172 2823
282 2824
968 2825
1837 2826
827 2827
342 2828
1428 2829
1831 2830
1337 2831
2562 2832
1535 2833
872 2834
2653 2835
1899 2836
1660 2837
1546 2838
498 2839
562 2840
2052 2841
1969 2842
290 2843
329 2844
2628 2845
2155 2846
2491 2847
2472 2848
673 2849
1671 2850
1046 2851
1787 2852
2205 2853
2111 2854
831 2855
592 2856
182 2857
2625 2858
1798 2859
1762 2860
236 2861
1443 2862
1011 2863
101 2864
1549 2865
2732 2866
1593 2867
1997 2868
955 2869
1744 2870
1851 2871
1673 2872
221 2873
2524 2874
1035 2875
2304 2876
1618 2877
1587 2878
1666 2879
513 2880
2171 2881
1084 2882
1372 2883
1179 2884
992 2885
1835 2886
2144 2887
2734 2888
354 2889
2319 2890
1159 2891
1002 2892
1826 2893
1728 2894
1195 2895
1520 2896
891 2897
2717 2898
2461 2899
363 2900
2787 2901
2286 2902
632 2903
550 2904
1191 2905
1838 2906
2541 2907
1305 2908
995 2909
1888 2910
289 2911
826 2912
1522 2913
846 2914
821 2915
2542 2916
601 2917
1011 2918
943 2919
217 2920
2881 2921
75 2922
2297 2923
1519 2924
184 2925
2349 2926
1491 2927
1105 2928
2841 2929
1013 2930
2205 2931
986 2932
1606 2933
251 2934
2721 2935
797 2936
1285 2937
2018 2938
931 2939
2870 2940
938 2941
514 2942
4 2943
1422 2944
2569 2945
1711 2946
23 2947
730 2948
1366 2949
1448 2950
392 2951
694 2952
780 2953
1132 2954
983 2955
2410 2956
1990 2957
1166 2958
2525 2959
2304 2960
870 2961
258 2962
1124 2963
542 2964
117 2965
270 2966
1999 2967
1902 2968
2062 2969
25 2970
2050 2971
1844 2972
536 2973
2254 2974
939 2975
2900 2976
2373 2977
1468 2978
282 2979
40 2980
2149 2981
32 2982
383 2983
2831 2984
2452 2985
360 2986
472 2987
1894 2988
1271 2989
2219 2990
2282 2991
1600 2992
1289 2993
998 2994
495 2995
2571 2996
261 2997
339 2998
2920 2999
2109 3000
2383 3001
2890 3002
1578 3003
2137 3004
1554 3005
1340 3006
2572 3007
2786 3008
1422 3009
1795 3010
2757 3011
2449 3012
2433 3013
124 3014
881 3015
2019 3016
2922 3017
428 3018
1751 3019
261 3020
2966 3021
859 3022
2039 3023
2610 3024
1351 3025
2604 3026
2414 3027
2972 3028
2741 3029
1332 3030
1570 3031
2857 3032
24 3033
2572 3034
2470 3035
1222 3036
3012 3037
1003 3038
2530 3039
2639 3040
62 3041
2851 3042
269 3043
2664 3044
588 3045
2520 3046
245 3047
2872 3048
1710 3049
2728 3050
1840 3051
1008 3052
2538 3053
966 3054
2201 3055
2368 3056
3009 3057
901 3058
1159 3059
2356 3060
2829 3061
2734 3062
1841 3063
1683 3064
1343 3065
1376 3066
410 3067
2143 3068
2686 3069
997 3070
1533 3071
3060 3072
97 3073
253 3074
1874 3075
2076 3076
2296 3077
960 3078
1803 3079
234 3080
1894 3081
1296 3082
1067 3083
210 3084
1260 3085
1496 3086
2711 3087
536 3088
1287 3089
1861 3090
328 3091
420 3092
2156 3093
1713 3094
2578 3095
1342 3096
1990 3097
705 3098
1216 3099
778 3100
644 3101
2859 3102
1517 3103
2610 3104
830 3105
2655 3106
30 3107
621 3108
1516 3109
918 3110
1476 3111
2735 3112
2173 3113
1433 3114
2636 3115
2915 3116
2539 3117
2136 3118
462 3119
2610 3120
1697 3121
2857 3122
697 3123
1670 3124
2298 3125
1674 3126
2555 3127
1541 3128
2691 3129
2247 3130
1377 3131
2297 3132
332 3133
993 3134
1573 3135
29 3136
1008 3137
963 3138
2862 3139
58 3140
1854 3141
2128 3142
2435 3143
2450 3144
1860 3145
1932 3146
1594 3147
3132 3148
2285 3149
1816 3150
444 3151
1375 3152
283 3153
685 3154
1787 3155
2470 3156
2925 3157
2237 3158
2795 3159
2072 3160
1885 3161
1631 3162
1765 3163
1007 3164
2221 3165
2579 3166
2965 3167
1247 3168
1646 3169
1455 3170
405 3171
1549 3172
1354 3173
2176 3174
2379 3175
560 3176
866 3177
2745 3178
624 3179
238 3180
2087 3181
1811 3182
2684 3183
1832 3184
1803 3185
1897 3186
1501 3187
3028 3188
54 3189
1178 3190
1082 3191
1211 3192
2407 3193
1852 3194
2377 3195
3090 3196
2012 3197
2348 3198
1387 3199
2611 3200
2920 3201
1154 3202
2509 3203
2430 3204
2732 3205
757 3206
1647 3207
834 3208
1057 3209
958 3210
740 3211
1777 3212
2405 3213
712 3214
3007 3215
2073 3216
1273 3217
323 3218
1561 3219
2337 3220
2884 3221
1883 3222
1569 3223
488 3224
2316 3225
1568 3226
1183 3227
1317 3228
1246 3229
417 3230
613 3231
691 3232
2052 3233
2005 3234
341 3235
1597 3236
1455 3237
2079 3238
233 3239
1841 3240
299 3241
1037 3242
1070 3243
2966 3244
120 3245
1707 3246
3158 3247
997 3248
810 3249
2281 3250
2377 3251
1445 3252
1799 3253
2891 3254
2249 3255
2180 3256
98 3257
2483 3258
2210 3259
1552 3260
2375 3261
174 3262
212 3263
1489 3264
770 3265
2735 3266
254 3267
3062 3268
1026 3269
540 3270
2707 3271
2858 3272
100 3273
2775 3274
2774 3275
2692 3276
1464 3277
2018 3278
1351 3279
463 3280
1122 3281
2819 3282
1423 3283
3018 3284
846 3285
359 3286
1528 3287
348 3288
970 3289
800 3290
1022 3291
3127 3292
3220 3293
1460 3294
3191 3295
2185 3296
2723 3297
1061 3298
1348 3299
724 3300
838 3301
514 3302
1113 3303
2478 3304
1333 3305
2166 3306
567 3307
523 3308
1941 3309
677 3310
407 3311
1412 3312
3158 3313
1083 3314
347 3315
995 3316
2390 3317
1817 3318
1292 3319
2700 3320
1637 3321
2040 3322
2504 3323
3303 3324
1539 3325
2013 3326
2655 3327
2859 3328
1420 3329
3208 3330
2675 3331
823 3332
1624 3333
2894 3334
1619 3335
2063 3336
3292 3337
2866 3338
3112 3339
1466 3340
3033 3341
1281 3342
355 3343
1091 3344
806 3345
1149 3346
2466 3347
1487 3348
1818 3349
1265 3350
2720 3351
1258 3352
70 3353
234 3354
2300 3355
308 3356
2114 3357
1836 3358
1599 3359
2102 3360
11 3361
1123 3362
3340 3363
3273 3364
1380 3365
634 3366
513 3367
3032 3368
127 3369
3034 3370
2988 3371
3031 3372
2487 3373
461 3374
2650 3375
2026 3376
509 3377
195 3378
130 3379
986 3380
1470 3381
2176 3382
2264 3383
2821 3384
1842 3385
665 3386
235 3387
2181 3388
1799 3389
2625 3390
383 3391
1724 3392
2842 3393
2366 3394
1324 3395
2868 3396
2689 3397
212 3398
2609 3399
848 3400
332 3401
3254 3402
1039 3403
3166 3404
1956 3405
1461 3406
2768 3407
2568 3408
1505 3409
1347 3410
3133 3411
1807 3412
2843 3413
2326 3414
2411 3415
2785 3416
2445 3417
1484 3418
3393 3419
1650 3420
783 3421
2391 3422
1752 3423
2206 3424
1871 3425
2279 3426
637 3427
2056 3428
283 3429
2970 3430
1452 3431
2284 3432
2340 3433
1205 3434
2903 3435
1926 3436
2236 3437
587 3438
834 3439
2982 3440
1337 3441
1463 3442
3385 3443
2590 3444
3314 3445
310 3446
311 3447
695 3448
2551 3449
2871 3450
3043 3451
1560 3452
1802 3453
424 3454
2325 3455
2773 3456
2574 3457
2497 3458
2946 3459
968 3460
1343 3461
2278 3462
2903 3463
184 3464
614 3465
3068 3466
1760 3467
1223 3468
2701 3469
2057 3470
2132 3471
478 3472
746 3473
622 3474
1078 3475
277 3476
881 3477
501 3478
118 3479
3019 3480
3147 3481
2119 3482
3070 3483
2568 3484
423 3485
878 3486
1179 3487
2634 3488
2176 3489
928 3490
530 3491
1170 3492
2797 3493
3135 3494
3340 3495
2423 3496
3376 3497
3008 3498
2304 3499
1846 3500
1900 3501
1087 3502
11 3503
2422 3504
673 3505
110 3506
530 3507
2244 3508
813 3509
2310 3510
72 3511
681 3512
235 3513
2436 3514
249 3515
3479 3516
863 3517
2181 3518
2448 3519
2745 3520
522 3521
2650 3522
2691 3523
1454 3524
1661 3525
2604 3526
2750 3527
1869 3528
756 3529
2066 3530
440 3531
611 3532
1654 3533
2021 3534
2366 3535
1494 3536
3159 3537
2504 3538
285 3539
2014 3540
2595 3541
2838 3542
966 3543
2371 3544
2011 3545
2646 3546
1847 3547
1053 3548
2427 3549
588 3550
1787 3551
1685 3552
3197 3553
749 3554
1557 3555
2252 3556
1583 3557
2365 3558
1748 3559
563 3560
1565 3561
2889 3562
2169 3563
1415 3564
1166 3565
769 3566
477 3567
929 3568
893 3569
1190 3570
2917 3571
3535 3572
660 3573
2955 3574
1724 3575
893 3576
2076 3577
3310 3578
3179 3579
1020 3580
3229 3581
2981 3582
2447 3583
3285 3584
2876 3585
3390 3586
2180 3587
541 3588
1948 3589
2377 3590
3153 3591
2504 3592
6 3593
1070 3594
2005 3595
560 3596
255 3597
2985 3598
2669 3599
1701 3600
267 3601
3492 3602
3316 3603
227 3604
155 3605
3238 3606
807 3607
2397 3608
1945 3609
312 3610
719 3611
2564 3612
2638 3613
1668 3614
2702 3615
2393 3616
2102 3617
2065 3618
571 3619
1246 3620
3359 3621
1230 3622
2956 3623
2719 3624
2493 3625
1065 3626
1837 3627
1731 3628
131 3629
2878 3630
2327 3631
3114 3632
1652 3633
1290 3634
527 3635
669 3636
853 3637
3511 3638
17 3639
2666 3640
1181 3641
436 3642
1948 3643
3525 3644
1878 3645
537 3646
2128 3647
588 3648
3111 3649
1060 3650
2646 3651
2269 3652
443 3653
454 3654
3240 3655
2994 3656
503 3657
923 3658
730 3659
1203 3660
1417 3661
1187 3662
879 3663
234 3664
486 3665
270 3666
1351 3667
537 3668
1093 3669
332 3670
692 3671
637 3672
1010 3673
94 3674
2231 3675
747 3676
247 3677
2802 3678
66 3679
3430 3680
3414 3681
1536 3682
2313 3683
383 3684
1308 3685
2306 3686
1709 3687
1887 3688
3369 3689
2505 3690
1280 3691
2181 3692
913 3693
3004 3694
540 3695
1276 3696
2964 3697
1907 3698
2834 3699
2205 3700
172 3701
1112 3702
1945 3703
1039 3704
757 3705
2915 3706
130 3707
3164 3708
3187 3709
41 3710
1610 3711
2664 3712
3432 3713
1762 3714
630 3715
2094 3716
3283 3717
671 3718
3559 3719
3532 3720
3198 3721
1589 3722
721 3723
1404 3724
2594 3725
3642 3726
2561 3727
2989 3728
3381 3729
1412 3730
2827 3731
2642 3732
1666 3733
379 3734
97 3735
2999 3736
1939 3737
738 3738
1111 3739
3673 3740
1069 3741
70 3742
3559 3743
954 3744
2418 3745
3206 3746
3523 3747
1992 3748
500 3749
2324 3750
3339 3751
2550 3752
3392 3753
245 3754
508 3755
681 3756
2943 3757
1524 3758
3123 3759
2968 3760
1076 3761
1397 3762
18 3763
20 3764
3712 3765
2361 3766
3679 3767
3063 3768
166 3769
1126 3770
284 3771
3054 3772
115 3773
1588 3774
1296 3775
479 3776
2944 3777
1439 3778
1484 3779
2477 3780
2511 3781
749 3782
1714 3783
999 3784
2217 3785
1159 3786
2398 3787
2921 3788
1639 3789
1286 3790
2872 3791
1361 3792
1640 3793
1188 3794
2591 3795
3374 3796
2258 3797
3672 3798
3269 3799
2004 3800
1837 3801
2314 3802
566 3803
1618 3804
3342 3805
142 3806
1365 3807
981 3808
1014 3809
2063 3810
270 3811
1824 3812
161 3813
2923 3814
2037 3815
3600 3816
2019 3817
797 3818
1092 3819
1365 3820
2369 3821
3380 3822
978 3823
1860 3824
3644 3825
897 3826
3244 3827
149 3828
3553 3829
2752 3830
3422 3831
3385 3832
2603 3833
1189 3834
2161 3835
3586 3836
1997 3837
1036 3838
3465 3839
2130 3840
3520 3841
1771 3842
3156 3843
2878 3844
2999 3845
2435 3846
3612 3847
206 3848
1468 3849
925 3850
3544 3851
3734 3852
1998 3853
1682 3854
3413 3855
914 3856
1026 3857
714 3858
3503 3859
2828 3860
2309 3861
2810 3862
3014 3863
3231 3864
357 3865
2805 3866
940 3867
3288 3868
1027 3869
2216 3870
2645 3871
1361 3872
3636 3873
2712 3874
3564 3875
765 3876
1443 3877
997 3878
3672 3879
2509 3880
3470 3881
1118 3882
1819 3883
874 3884
3220 3885
3443 3886
1946 3887
3132 3888
2629 3889
3228 3890
1863 3891
67 3892
713 3893
2970 3894
778 3895
2340 3896
3522 3897
1928 3898
2138 3899
1161 3900
3391 3901
1686 3902
991 3903
991 3904
1628 3905
1738 3906
3655 3907
2149 3908
2805 3909
1427 3910
2874 3911
3617 3912
1071 3913
841 3914
1751 3915
30 3916
3374 3917
8 3918
26 3919
829 3920
3028 3921
401 3922
547 3923
3469 3924
2843 3925
3399 3926
2116 3927
878 3928
3328 3929
2886 3930
1122 3931
1353 3932
1480 3933
2472 3934
802 3935
1167 3936
2193 3937
793 3938
2931 3939
1795 3940
1688 3941
904 3942
1319 3943
1554 3944
3479 3945
1505 3946
2943 3947
438 3948
1240 3949
2403 3950
2758 3951
1829 3952
38 3953
1334 3954
926 3955
822 3956
2521 3957
1259 3958
3291 3959
2048 3960
920 3961
49 3962
709 3963
2447 3964
3779 3965
3350 3966
1586 3967
2427 3968
1152 3969
3591 3970
3891 3971
451 3972
346 3973
2612 3974
2218 3975
3510 3976
3117 3977
2058 3978
1451 3979
1808 3980
151 3981
3886 3982
2543 3983
3734 3984
1075 3985
3584 3986
237 3987
1009 3988
3948 3989
2412 3990
3949 3991
1630 3992
414 3993
1956 3994
3048 3995
1519 3996
889 3997
1227 3998
2391 3999
3292 4000
2122 4001
1306 4002
383 4003
2781 4004
1950 4005
1885 4006
1807 4007
3781 4008
1122 4009
683 4010
3071 4011
789 4012
894 4013
3804 4014
611 4015
3501 4016
139 4017
3982 4018
2008 4019
102 4020
3905 4021
3103 4022
865 4023
1512 4024
536 4025
3179 4026
1222 4027
1715 4028
2894 4029
2220 4030
1874 4031
419 4032
1179 4033
913 4034
2300 4035
2539 4036
3321 4037
3034 4038
3864 4039
3621 4040
58 4041
513 4042
1273 4043
3866 4044
2057 4045
3358 4046
2322 4047
1362 4048
1560 4049
3800 4050
1174 4051
3107 4052
563 4053
1354 4054
3317 4055
993 4056
2119 4057
404 4058
2932 4059
554 4060
3426 4061
112 4062
3120 4063
3963 4064
2102 4065
3868 4066
2667 4067
3795 4068
2968 4069
3119 4070
3466 4071
1275 4072
3211 4073
3774 4074
2152 4075
2307 4076
2614 4077
2674 4078
3943 4079
2893 4080
1489 4081
98 4082
1710 4083
609 4084
3050 4085
3769 4086
2201 4087
698 4088
3325 4089
2219 4090
3366 4091
2025 4092
1185 4093
2541 4094
599 4095
2164 4096
3416 4097
1404 4098
2203 4099
253 4100
758 4101
2257 4102
552 4103
3339 4104
475 4105
684 4106
3476 4107
1375 4108
2186 4109
1188 4110
2070 4111
2392 4112
663 4113
931 4114
37 4115
3099 4116
1170 4117
639 4118
2716 4119
278 4120
1984 4121
3238 4122
2640 4123
1056 4124
49 4125
4034 4126
3509 4127
2147 4128
1739 4129
818 4130
661 4131
3442 4132
705 4133
2373 4134
2080 4135
3257 4136
238 4137
560 4138
2268 4139
325 4140
2071 4141
3140 4142
3374 4143
5 4144
3838 4145
2598 4146
1510 4147
2882 4148
1611 4149
2214 4150
3305 4151
3947 4152
1937 4153
1223 4154
2433 4155
1333 4156
1579 4157
2635 4158
1543 4159
881 4160
3607 4161
3169 4162
3133 4163
3277 4164
1770 4165
3158 4166
2589 4167
1283 4168
1299 4169
2283 4170
2472 4171
472 4172
3992 4173
2014 4174
3350 4175
3912 4176
410 4177
503 4178
1519 4179
441 4180
1521 4181
363 4182
411 4183
2779 4184
539 4185
1338 4186
688 4187
1104 4188
1793 4189
3028 4190
931 4191
3355 4192
4045 4193
3415 4194
4178 4195
680 4196
3094 4197
51 4198
3331 4199
3375 4200
3003 4201
1099 4202
182 4203
3270 4204
1956 4205
4187 4206
480 4207
1522 4208
1145 4209
46 4210
886 4211
2589 4212
2444 4213
553 4214
1869 4215
575 4216
2267 4217
2347 4218
4199 4219
3360 4220
1349 4221
877 4222
2221 4223
2580 4224
3884 4225
2477 4226
1894 4227
1132 4228
3187 4229
1434 4230
2008 4231
2582 4232
2791 4233
1532 4234
204 4235
2938 4236
430 4237
3460 4238
4009 4239
1998 4240
2704 4241
2914 4242
1531 4243
2024 4244
2915 4245
1067 4246
610 4247
319 4248
1477 4249
471 4250
2426 4251
466 4252
2830 4253
1925 4254
2400 4255
3669 4256
4146 4257
1868 4258
991 4259
2267 4260
958 4261
1634 4262
2332 4263
1577 4264
663 4265
3747 4266
976 4267
160 4268
3748 4269
3284 4270
2768 4271
2228 4272
1797 4273
3055 4274
2386 4275
1836 4276
3986 4277
2956 4278
886 4279
1772 4280
2954 4281
1050 4282
1400 4283
1158 4284
2306 4285
2518 4286
1352 4287
3057 4288
2942 4289
3078 4290
2339 4291
3431 4292
569 4293
2855 4294
1282 4295
426 4296
2138 4297
461 4298
3083 4299
1373 4300
1877 4301
2112 4302
1568 4303
501 4304
2136 4305
735 4306
4095 4307
2714 4308
2568 4309
4212 4310
114 4311
1697 4312
2414 4313
3411 4314
157 4315
2355 4316
2338 4317
3865 4318
1036 4319
2035 4320
2871 4321
710 4322
130 4323
649 4324
2165 4325
3989 4326
957 4327
1511 4328
3809 4329
3309 4330
875 4331
2430 4332
3449 4333
970 4334
529 4335
1147 4336
3828 4337
3095 4338
3900 4339
1331 4340
887 4341
4096 4342
1300 4343
2834 4344
2326 4345
2029 4346
2108 4347
1311 4348
44 4349
1298 4350
3504 4351
171 4352
798 4353
3230 4354
372 4355
2696 4356
3187 4357
1558 4358
4197 4359
779 4360
2454 4361
1725 4362
21 4363
1386 4364
1871 4365
247 4366
2544 4367
3227 4368
618 4369
1394 4370
3705 4371
3678 4372
2899 4373
422 4374
1455 4375
3558 4376
864 4377
3088 4378
573 4379
1536 4380
161 4381
258 4382
2863 4383
1501 4384
890 4385
274 4386
3283 4387
1537 4388
1658 4389
3605 4390
2381 4391
3221 4392
3636 4393
4178 4394
755 4395
2828 4396
1801 4397
1439 4398
3327 4399
2402 4400
205 4401
3145 4402
2346 4403
195 4404
2594 4405
1804 4406
972 4407
2488 4408
4111 4409
91 4410
3345 4411
593 4412
2935 4413
1551 4414
3505 4415
3962 4416
4286 4417
3363 4418
1188 4419
2167 4420
651 4421
3475 4422
899 4423
3236 4424
1197 4425
4119 4426
4259 4427
608 4428
4304 4429
272 4430
3670 4431
1965 4432
1712 4433
2132 4434
135 4435
2286 4436
173 4437
64 4438
4314 4439
2698 4440
2886 4441
982 4442
3836 4443
1121 4444
3675 4445
1452 4446
2081 4447
1119 4448
2538 4449
3284 4450
1927 4451
1524 4452
978 4453
3362 4454
4203 4455
658 4456
1893 4457
3662 4458
987 4459
1673 4460
2853 4461
2344 4462
1661 4463
2163 4464
4342 4465
239 4466
4341 4467
3027 4468
1510 4469
179 4470
2140 4471
397 4472
1069 4473
3227 4474
2015 4475
3389 4476
403 4477
1207 4478
3603 4479
3608 4480
2539 4481
766 4482
1461 4483
147 4484
610 4485
833 4486
1655 4487
271 4488
2513 4489
2738 4490
3248 4491
103 4492
3193 4493
1381 4494
3177 4495
3391 4496
2832 4497
499 4498
4352 4499
4123 4500
2587 4501
2243 4502
311 4503
2877 4504
2096 4505
1625 4506
3799 4507
1651 4508
1533 4509
1734 4510
4299 4511
141 4512
1221 4513
2929 4514
3539 4515
1540 4516
183 4517
1198 4518
1404 4519
563 4520
7 4521
2347 4522
2472 4523
3383 4524
4214 4525
1474 4526
2470 4527
740 4528
4030 4529
2111 4530
2775 4531
346 4532
3787 4533
4348 4534
4213 4535
1331 4536
3776 4537
2708 4538
2040 4539
2693 4540
1375 4541
1492 4542
1055 4543
4151 4544
1135 4545
554 4546
3880 4547
3186 4548
4412 4549
2375 4550
3667 4551
3049 4552
940 4553
88 4554
1870 4555
2731 4556
965 4557
3046 4558
2385 4559
4464 4560
108 4561
1595 4562
3022 4563
2469 4564
3884 4565
4116 4566
2917 4567
3547 4568
3854 4569
2954 4570
1825 4571
852 4572
282 4573
3069 4574
2298 4575
2988 4576
4569 4577
2524 4578
2822 4579
3383 4580
626 4581
3321 4582
1711 4583
579 4584
515 4585
4435 4586
2085 4587
1889 4588
2919 4589
2383 4590
2094 4591
3677 4592
4098 4593
2797 4594
1283 4595
599 4596
1048 4597
990 4598
3797 4599
1222 4600
864 4601
2236 4602
2868 4603
2656 4604
3611 4605
862 4606
3330 4607
7 4608
579 4609
1582 4610
3086 4611
2372 4612
3795 4613
131 4614
1194 4615
3419 4616
505 4617
3815 4618
3363 4619
4116 4620
1953 4621
1037 4622
3527 4623
1159 4624
1069 4625
4482 4626
3135 4627
4026 4628
1922 4629
3169 4630
3077 4631
3558 4632
1052 4633
3672 4634
2099 4635
2390 4636
1062 4637
820 4638
190 4639
2638 4640
4446 4641
372 4642
3907 4643
4255 4644
165 4645
2038 4646
4200 4647
1317 4648
1098 4649
1396 4650
75 4651
229 4652
2740 4653
516 4654
566 4655
213 4656
480 4657
3042 4658
2789 4659
3079 4660
3054 4661
90 4662
3451 4663
3734 4664
439 4665
2791 4666
982 4667
749 4668
2260 4669
3343 4670
1440 4671
768 4672
1814 4673
2825 4674
3572 4675
1134 4676
4619 4677
1914 4678
1318 4679
4234 4680
4120 4681
4669 4682
3262 4683
3205 4684
3155 4685
2858 4686
2606 4687
3778 4688
4504 4689
4561 4690
4296 4691
3102 4692
854 4693
2244 4694
1364 4695
1995 4696
3721 4697
2323 4698
1240 4699
3960 4700
709 4701
362 4702
1375 4703
3899 4704
2365 4705
1896 4706
1390 4707
3417 4708
2884 4709
562 4710
461 4711
2554 4712
4128 4713
33 4714
4217 4715
3225 4716
2946 4717
1243 4718
4114 4719
4141 4720
4655 4721
2083 4722
685 4723
166 4724
1600 4725
18 4726
4231 4727
2748 4728
76 4729
203 4730
4616 4731
1036 4732
1 4733
73 4734
860 4735
2312 4736
1995 4737
704 4738
3233 4739
2487 4740
3359 4741
820 4742
3042 4743
4740 4744
1220 4745
2614 4746
1726 4747
2218 4748
3050 4749
3644 4750
3889 4751
2556 4752
550 4753
3899 4754
38 4755
2096 4756
2907 4757
4684 4758
4600 4759
2068 4760
3051 4761
4594 4762
3487 4763
3767 4764
4749 4765
955 4766
1079 4767
4222 4768
3254 4769
4208 4770
2877 4771
3579 4772
3078 4773
4676 4774
1256 4775
3528 4776
3816 4777
2171 4778
590 4779
1564 4780
520 4781
3131 4782
241 4783
4070 4784
4357 4785
1395 4786
2976 4787
96 4788
47 4789
3986 4790
884 4791
3964 4792
3057 4793
2363 4794
3721 4795
2719 4796
1103 4797
3665 4798
1723 4799
3956 4800
4159 4801
442 4802
1527 4803
1271 4804
4215 4805
922 4806
3864 4807
4119 4808
4611 4809
152 4810
3432 4811
2011 4812
1835 4813
2670 4814
3251 4815
4248 4816
3876 4817
2129 4818
642 4819
3294 4820
4650 4821
1799 4822
3445 4823
2649 4824
3548 4825
1053 4826
4096 4827
1525 4828
4172 4829
2836 4830
1423 4831
2725 4832
1107 4833
2104 4834
1941 4835
4124 4836
2922 4837
4274 4838
3136 4839
2587 4840
2344 4841
1699 4842
4038 4843
4139 4844
4014 4845
2610 4846
899 4847
1334 4848
2322 4849
3618 4850
1357 4851
961 4852
2443 4853
4379 4854
1911 4855
2879 4856
2254 4857
2897 4858
446 4859
587 4860
681 4861
1620 4862
342 4863
2745 4864
4310 4865
921 4866
4042 4867
3181 4868
1305 4869
3787 4870
4673 4871
4704 4872
1300 4873
3329 4874
3650 4875
345 4876
1324 4877
4433 4878
3474 4879
841 4880
1758 4881
4007 4882
489 4883
4218 4884
4872 4885
274 4886
682 4887
1680 4888
76 4889
2230 4890
341 4891
2193 4892
709 4893
3151 4894
202 4895
1820 4896
1199 4897
160 4898
3854 4899
3967 4900
1751 4901
3565 4902
4783 4903
2034 4904
1227 4905
1824 4906
2881 4907
2080 4908
1609 4909
2931 4910
3306 4911
385 4912
231 4913
1912 4914
3076 4915
3053 4916
873 4917
1541 4918
1879 4919
2752 4920
985 4921
2947 4922
4278 4923
2510 4924
3880 4925
4506 4926
140 4927
2630 4928
730 4929
1584 4930
926 4931
237 4932
1626 4933
4481 4934
2880 4935
2362 4936
3643 4937
3647 4938
654 4939
2065 4940
4371 4941
4242 4942
4131 4943
871 4944
723 4945
4787 4946
4389 4947
2756 4948
4081 4949
4906 4950
675 4951
2853 4952
4634 4953
3625 4954
637 4955
4115 4956
2275 4957
2546 4958
1342 4959
4251 4960
2 4961
2107 4962
4784 4963
3012 4964
3175 4965
629 4966
1836 4967
1151 4968
1355 4969
2947 4970
2378 4971
2251 4972
3720 4973
584 4974
267 4975
3849 4976
1703 4977
2425 4978
3576 4979
759 4980
1367 4981
1686 4982
4302 4983
3328 4984
2591 4985
4515 4986
3376 4987
562 4988
155 4989
783 4990
4020 4991
656 4992
2403 4993
4540 4994
236 4995
2189 4996
212 4997
3023 4998
3872 4999
821 5000
