1 2
1 3
1 4
3 5
2 6
3 7
7 8
6 9
6 10
7 11
3 12
3 13
8 14
1 15
14 16
1 17
6 18
11 19
14 20
13 21
18 22
9 23
11 24
13 25
11 26
10 27
25 28
14 29
14 30
2 31
3 32
7 33
24 34
25 35
7 36
1 37
6 38
15 39
21 40
32 41
10 42
41 43
2 44
10 45
7 46
14 47
2 48
26 49
10 50
23 51
5 52
37 53
21 54
46 55
55 56
47 57
28 58
29 59
3 60
35 61
12 62
47 63
37 64
36 65
4 66
25 67
46 68
61 69
54 70
40 71
18 72
58 73
36 74
27 75
24 76
38 77
8 78
57 79
65 80
59 81
48 82
55 83
63 84
25 85
53 86
55 87
34 88
79 89
73 90
9 91
49 92
62 93
8 94
20 95
19 96
8 97
96 98
63 99
60 100
31 101
9 102
86 103
71 104
69 105
33 106
13 107
30 108
61 109
43 110
72 111
6 112
33 113
110 114
102 115
108 116
61 117
30 118
6 119
117 120
13 121
36 122
12 123
92 124
92 125
70 126
39 127
112 128
39 129
44 130
4 131
87 132
82 133
66 134
131 135
17 136
26 137
119 138
134 139
126 140
64 141
2 142
90 143
38 144
115 145
77 146
112 147
68 148
60 149
50 150
77 151
9 152
17 153
115 154
2 155
153 156
38 157
130 158
68 159
149 160
18 161
72 162
159 163
132 164
44 165
139 166
148 167
13 168
42 169
59 170
151 171
120 172
142 173
7 174
170 175
57 176
52 177
177 178
57 179
121 180
11 181
94 182
131 183
92 184
163 185
119 186
110 187
6 188
77 189
13 190
95 191
81 192
65 193
23 194
75 195
21 196
145 197
101 198
138 199
168 200
181 201
30 202
143 203
7 204
45 205
131 206
188 207
104 208
60 209
155 210
143 211
52 212
194 213
181 214
100 215
101 216
130 217
167 218
43 219
42 220
157 221
120 222
66 223
78 224
155 225
119 226
114 227
190 228
34 229
126 230
223 231
198 232
61 233
199 234
207 235
215 236
63 237
14 238
33 239
74 240
240 241
239 242
195 243
230 244
235 245
131 246
136 247
200 248
139 249
49 250
84 251
160 252
250 253
93 254
195 255
200 256
46 257
207 258
32 259
38 260
60 261
22 262
178 263
248 264
163 265
157 266
182 267
222 268
170 269
134 270
46 271
4 272
62 273
51 274
129 275
219 276
236 277
51 278
210 279
204 280
177 281
272 282
165 283
137 284
271 285
47 286
104 287
88 288
122 289
259 290
4 291
153 292
198 293
140 294
151 295
2 296
254 297
100 298
133 299
93 300
194 301
197 302
190 303
37 304
71 305
289 306
158 307
217 308
217 309
214 310
101 311
78 312
26 313
154 314
96 315
276 316
144 317
86 318
271 319
310 320
298 321
12 322
82 323
134 324
116 325
70 326
215 327
125 328
276 329
52 330
241 331
269 332
222 333
81 334
109 335
299 336
289 337
279 338
158 339
336 340
327 341
236 342
256 343
287 344
292 345
333 346
44 347
295 348
311 349
233 350
266 351
140 352
171 353
214 354
320 355
334 356
114 357
88 358
227 359
222 360
252 361
96 362
263 363
206 364
162 365
212 366
62 367
168 368
363 369
188 370
315 371
68 372
348 373
352 374
305 375
319 376
270 377
111 378
17 379
7 380
135 381
253 382
341 383
382 384
17 385
319 386
106 387
87 388
358 389
110 390
245 391
213 392
57 393
123 394
306 395
282 396
305 397
371 398
198 399
57 400
220 401
340 402
160 403
118 404
284 405
17 406
173 407
105 408
150 409
34 410
65 411
361 412
349 413
205 414
328 415
233 416
210 417
256 418
223 419
88 420
175 421
288 422
325 423
363 424
17 425
311 426
417 427
219 428
206 429
146 430
337 431
66 432
134 433
260 434
302 435
100 436
324 437
1 438
370 439
313 440
308 441
155 442
226 443
48 444
369 445
183 446
234 447
323 448
176 449
25 450
337 451
308 452
357 453
338 454
313 455
125 456
372 457
182 458
81 459
437 460
426 461
425 462
291 463
46 464
320 465
393 466
12 467
382 468
412 469
28 470
22 471
384 472
383 473
424 474
141 475
213 476
397 477
209 478
167 479
352 480
147 481
388 482
417 483
23 484
130 485
264 486
185 487
373 488
430 489
272 490
67 491
378 492
154 493
184 494
317 495
306 496
315 497
151 498
420 499
354 500
189 501
386 502
32 503
273 504
401 505
22 506
429 507
376 508
195 509
476 510
91 511
212 512
85 513
154 514
108 515
395 516
49 517
410 518
92 519
408 520
372 521
105 522
110 523
523 524
284 525
53 526
447 527
472 528
73 529
489 530
430 531
307 532
375 533
511 534
196 535
245 536
511 537
94 538
21 539
446 540
446 541
453 542
530 543
30 544
301 545
446 546
52 547
259 548
71 549
234 550
383 551
436 552
414 553
538 554
222 555
104 556
389 557
471 558
390 559
380 560
7 561
276 562
543 563
420 564
167 565
442 566
118 567
362 568
533 569
456 570
325 571
328 572
26 573
439 574
116 575
324 576
431 577
503 578
117 579
101 580
447 581
258 582
372 583
265 584
428 585
318 586
287 587
145 588
209 589
494 590
187 591
466 592
232 593
454 594
36 595
83 596
500 597
137 598
264 599
289 600
140 601
457 602
87 603
184 604
237 605
363 606
351 607
74 608
543 609
58 610
358 611
270 612
513 613
37 614
176 615
561 616
351 617
569 618
387 619
68 620
269 621
164 622
622 623
568 624
22 625
350 626
286 627
424 628
344 629
91 630
450 631
303 632
344 633
411 634
490 635
166 636
485 637
347 638
95 639
530 640
148 641
275 642
241 643
354 644
323 645
170 646
323 647
266 648
105 649
387 650
545 651
335 652
449 653
505 654
31 655
246 656
219 657
276 658
21 659
433 660
74 661
492 662
51 663
2 664
59 665
576 666
474 667
179 668
638 669
299 670
546 671
414 672
419 673
170 674
49 675
634 676
44 677
414 678
119 679
115 680
416 681
442 682
79 683
513 684
53 685
109 686
646 687
58 688
290 689
584 690
605 691
322 692
582 693
672 694
604 695
643 696
268 697
430 698
327 699
116 700
393 701
557 702
326 703
702 704
556 705
678 706
293 707
474 708
382 709
320 710
447 711
466 712
324 713
522 714
613 715
442 716
147 717
45 718
102 719
8 720
585 721
640 722
519 723
35 724
133 725
723 726
371 727
447 728
568 729
106 730
436 731
44 732
531 733
296 734
666 735
158 736
64 737
124 738
728 739
352 740
566 741
490 742
711 743
174 744
216 745
83 746
427 747
262 748
433 749
710 750
460 751
574 752
571 753
79 754
445 755
505 756
24 757
537 758
194 759
147 760
649 761
211 762
762 763
74 764
167 765
423 766
379 767
513 768
506 769
547 770
666 771
269 772
129 773
758 774
585 775
87 776
447 777
39 778
511 779
345 780
395 781
124 782
524 783
151 784
158 785
160 786
310 787
210 788
552 789
16 790
37 791
183 792
644 793
312 794
28 795
549 796
649 797
299 798
83 799
269 800
301 801
785 802
95 803
715 804
727 805
374 806
676 807
403 808
420 809
586 810
392 811
736 812
425 813
664 814
475 815
293 816
518 817
54 818
728 819
190 820
20 821
617 822
411 823
151 824
140 825
614 826
293 827
261 828
673 829
638 830
468 831
796 832
491 833
234 834
815 835
415 836
160 837
734 838
211 839
53 840
448 841
480 842
283 843
773 844
264 845
837 846
43 847
405 848
241 849
316 850
415 851
840 852
741 853
766 854
696 855
567 856
252 857
142 858
16 859
586 860
667 861
861 862
544 863
423 864
522 865
861 866
811 867
230 868
742 869
283 870
375 871
187 872
512 873
577 874
810 875
246 876
475 877
863 878
266 879
351 880
154 881
76 882
109 883
287 884
584 885
614 886
850 887
202 888
793 889
23 890
605 891
430 892
774 893
360 894
439 895
586 896
252 897
493 898
30 899
584 900
227 901
182 902
745 903
546 904
701 905
600 906
490 907
782 908
593 909
92 910
469 911
584 912
487 913
397 914
40 915
753 916
545 917
726 918
517 919
684 920
181 921
611 922
575 923
860 924
709 925
219 926
756 927
788 928
396 929
572 930
563 931
891 932
293 933
757 934
143 935
576 936
64 937
297 938
495 939
826 940
842 941
481 942
438 943
220 944
727 945
455 946
703 947
859 948
561 949
487 950
432 951
110 952
617 953
945 954
646 955
168 956
720 957
278 958
473 959
893 960
959 961
119 962
468 963
208 964
16 965
951 966
960 967
633 968
411 969
774 970
511 971
570 972
25 973
467 974
840 975
387 976
791 977
252 978
703 979
605 980
864 981
413 982
180 983
402 984
522 985
756 986
607 987
509 988
504 989
461 990
477 991
20 992
542 993
387 994
645 995
779 996
257 997
353 998
978 999
999 1000
925 1001
691 1002
945 1003
441 1004
279 1005
502 1006
922 1007
183 1008
432 1009
493 1010
414 1011
303 1012
746 1013
197 1014
526 1015
895 1016
50 1017
270 1018
995 1019
396 1020
733 1021
322 1022
84 1023
36 1024
41 1025
191 1026
465 1027
515 1028
228 1029
951 1030
824 1031
794 1032
358 1033
419 1034
477 1035
780 1036
311 1037
683 1038
616 1039
305 1040
943 1041
720 1042
196 1043
341 1044
980 1045
639 1046
880 1047
262 1048
726 1049
891 1050
732 1051
413 1052
106 1053
364 1054
989 1055
743 1056
759 1057
827 1058
532 1059
168 1060
146 1061
601 1062
555 1063
629 1064
882 1065
94 1066
1014 1067
912 1068
162 1069
412 1070
423 1071
856 1072
808 1073
384 1074
854 1075
553 1076
481 1077
726 1078
357 1079
768 1080
1061 1081
645 1082
12 1083
656 1084
362 1085
674 1086
137 1087
540 1088
916 1089
75 1090
476 1091
769 1092
304 1093
195 1094
458 1095
405 1096
558 1097
345 1098
344 1099
437 1100
895 1101
241 1102
845 1103
381 1104
161 1105
487 1106
1086 1107
643 1108
880 1109
299 1110
129 1111
25 1112
565 1113
138 1114
403 1115
743 1116
284 1117
257 1118
409 1119
1065 1120
864 1121
389 1122
952 1123
942 1124
486 1125
260 1126
436 1127
688 1128
313 1129
623 1130
819 1131
124 1132
111 1133
229 1134
530 1135
679 1136
388 1137
810 1138
63 1139
1119 1140
903 1141
123 1142
437 1143
596 1144
309 1145
120 1146
283 1147
333 1148
253 1149
199 1150
798 1151
280 1152
612 1153
122 1154
809 1155
758 1156
239 1157
11 1158
832 1159
104 1160
476 1161
1146 1162
683 1163
471 1164
228 1165
600 1166
299 1167
384 1168
243 1169
117 1170
771 1171
1128 1172
716 1173
67 1174
427 1175
1173 1176
654 1177
826 1178
528 1179
233 1180
360 1181
130 1182
580 1183
1019 1184
1084 1185
409 1186
826 1187
634 1188
964 1189
1049 1190
541 1191
70 1192
773 1193
925 1194
57 1195
452 1196
221 1197
248 1198
772 1199
163 1200
81 1201
1067 1202
910 1203
824 1204
197 1205
205 1206
290 1207
709 1208
691 1209
1092 1210
283 1211
1046 1212
821 1213
711 1214
626 1215
15 1216
1027 1217
548 1218
712 1219
247 1220
557 1221
549 1222
500 1223
823 1224
320 1225
940 1226
56 1227
161 1228
400 1229
1143 1230
946 1231
1045 1232
108 1233
261 1234
125 1235
831 1236
1163 1237
265 1238
1014 1239
649 1240
805 1241
111 1242
1131 1243
330 1244
184 1245
428 1246
1041 1247
869 1248
91 1249
980 1250
247 1251
349 1252
932 1253
265 1254
956 1255
52 1256
963 1257
13 1258
609 1259
282 1260
448 1261
446 1262
387 1263
1055 1264
830 1265
396 1266
812 1267
766 1268
1240 1269
577 1270
58 1271
486 1272
1072 1273
828 1274
671 1275
338 1276
101 1277
142 1278
914 1279
610 1280
1266 1281
558 1282
1267 1283
224 1284
810 1285
590 1286
448 1287
771 1288
721 1289
188 1290
955 1291
377 1292
866 1293
857 1294
1180 1295
479 1296
1177 1297
1023 1298
963 1299
935 1300
815 1301
819 1302
198 1303
62 1304
1080 1305
341 1306
359 1307
1181 1308
276 1309
446 1310
915 1311
1072 1312
1266 1313
799 1314
42 1315
853 1316
1167 1317
1038 1318
120 1319
814 1320
1219 1321
225 1322
1075 1323
646 1324
305 1325
449 1326
75 1327
496 1328
763 1329
813 1330
1308 1331
996 1332
444 1333
1207 1334
1043 1335
110 1336
271 1337
271 1338
256 1339
658 1340
198 1341
427 1342
1195 1343
987 1344
677 1345
985 1346
1073 1347
724 1348
423 1349
335 1350
1292 1351
1108 1352
800 1353
19 1354
692 1355
999 1356
470 1357
609 1358
500 1359
513 1360
1170 1361
1124 1362
1061 1363
369 1364
1300 1365
19 1366
650 1367
1323 1368
896 1369
255 1370
771 1371
1260 1372
585 1373
564 1374
186 1375
934 1376
575 1377
1338 1378
1081 1379
1110 1380
587 1381
380 1382
1250 1383
920 1384
150 1385
155 1386
906 1387
1311 1388
567 1389
1278 1390
660 1391
1348 1392
286 1393
674 1394
339 1395
885 1396
874 1397
46 1398
670 1399
260 1400
743 1401
431 1402
520 1403
99 1404
814 1405
834 1406
965 1407
224 1408
1342 1409
1028 1410
1194 1411
11 1412
954 1413
955 1414
1284 1415
1088 1416
344 1417
463 1418
129 1419
376 1420
540 1421
1301 1422
290 1423
518 1424
870 1425
580 1426
244 1427
1022 1428
1252 1429
351 1430
531 1431
630 1432
179 1433
1103 1434
185 1435
947 1436
299 1437
660 1438
217 1439
881 1440
251 1441
175 1442
145 1443
1094 1444
1395 1445
947 1446
59 1447
42 1448
726 1449
380 1450
668 1451
794 1452
903 1453
1350 1454
1183 1455
147 1456
133 1457
156 1458
740 1459
1410 1460
583 1461
1303 1462
115 1463
1012 1464
509 1465
464 1466
1345 1467
14 1468
277 1469
1177 1470
1007 1471
1181 1472
169 1473
1095 1474
255 1475
723 1476
723 1477
1382 1478
148 1479
229 1480
1152 1481
610 1482
1306 1483
798 1484
1263 1485
771 1486
243 1487
552 1488
199 1489
379 1490
71 1491
1282 1492
668 1493
862 1494
968 1495
1301 1496
309 1497
1488 1498
1081 1499
731 1500
1179 1501
52 1502
996 1503
1369 1504
1064 1505
1276 1506
839 1507
979 1508
34 1509
745 1510
816 1511
829 1512
7 1513
578 1514
1234 1515
1113 1516
70 1517
1416 1518
707 1519
895 1520
1441 1521
550 1522
1520 1523
563 1524
1181 1525
113 1526
493 1527
1012 1528
212 1529
1233 1530
200 1531
1376 1532
153 1533
204 1534
377 1535
1510 1536
213 1537
226 1538
849 1539
1168 1540
315 1541
208 1542
1208 1543
333 1544
1435 1545
906 1546
1436 1547
1525 1548
274 1549
538 1550
556 1551
758 1552
3 1553
1175 1554
329 1555
1540 1556
808 1557
880 1558
124 1559
1216 1560
1356 1561
957 1562
1436 1563
453 1564
430 1565
960 1566
110 1567
138 1568
1381 1569
1026 1570
624 1571
1258 1572
575 1573
1115 1574
167 1575
888 1576
577 1577
1387 1578
984 1579
1034 1580
934 1581
1545 1582
1255 1583
591 1584
900 1585
469 1586
786 1587
1297 1588
1050 1589
102 1590
605 1591
1469 1592
1087 1593
293 1594
1432 1595
165 1596
364 1597
510 1598
923 1599
681 1600
584 1601
1514 1602
895 1603
1415 1604
75 1605
714 1606
1602 1607
1419 1608
427 1609
539 1610
1252 1611
891 1612
750 1613
484 1614
1541 1615
520 1616
934 1617
130 1618
646 1619
103 1620
164 1621
481 1622
495 1623
1037 1624
384 1625
789 1626
135 1627
503 1628
562 1629
1329 1630
359 1631
562 1632
1108 1633
1179 1634
1267 1635
1117 1636
1530 1637
1196 1638
1590 1639
705 1640
106 1641
441 1642
1353 1643
352 1644
1300 1645
1076 1646
1155 1647
336 1648
1108 1649
562 1650
531 1651
1513 1652
277 1653
566 1654
54 1655
1343 1656
31 1657
1528 1658
620 1659
469 1660
1369 1661
756 1662
1374 1663
210 1664
635 1665
1597 1666
557 1667
928 1668
942 1669
1186 1670
1242 1671
504 1672
712 1673
220 1674
391 1675
14 1676
328 1677
1204 1678
297 1679
1551 1680
761 1681
1397 1682
118 1683
1547 1684
749 1685
1003 1686
1587 1687
623 1688
26 1689
884 1690
555 1691
1037 1692
209 1693
961 1694
1290 1695
470 1696
307 1697
402 1698
1187 1699
323 1700
766 1701
1648 1702
238 1703
1005 1704
1567 1705
41 1706
216 1707
555 1708
1352 1709
129 1710
436 1711
1691 1712
491 1713
329 1714
314 1715
802 1716
1655 1717
654 1718
827 1719
572 1720
124 1721
256 1722
565 1723
1597 1724
1554 1725
861 1726
377 1727
463 1728
783 1729
1704 1730
1326 1731
279 1732
325 1733
69 1734
1718 1735
1118 1736
1090 1737
265 1738
1515 1739
890 1740
1392 1741
1071 1742
1373 1743
1434 1744
1372 1745
265 1746
398 1747
413 1748
81 1749
899 1750
1330 1751
962 1752
467 1753
1263 1754
527 1755
600 1756
1139 1757
1623 1758
1215 1759
130 1760
469 1761
1596 1762
210 1763
1121 1764
1726 1765
1558 1766
837 1767
88 1768
729 1769
442 1770
19 1771
1518 1772
249 1773
1451 1774
1172 1775
1139 1776
1329 1777
472 1778
1428 1779
589 1780
826 1781
1767 1782
1535 1783
474 1784
1618 1785
857 1786
779 1787
669 1788
361 1789
937 1790
808 1791
1636 1792
522 1793
441 1794
440 1795
1276 1796
830 1797
405 1798
1200 1799
1397 1800
800 1801
1130 1802
727 1803
142 1804
145 1805
1119 1806
798 1807
1048 1808
1638 1809
1694 1810
217 1811
227 1812
1056 1813
1612 1814
1188 1815
1483 1816
1804 1817
1584 1818
667 1819
398 1820
1474 1821
221 1822
1276 1823
988 1824
772 1825
1403 1826
722 1827
524 1828
1583 1829
1030 1830
890 1831
319 1832
1736 1833
119 1834
1447 1835
1003 1836
836 1837
732 1838
104 1839
670 1840
1547 1841
1667 1842
1327 1843
462 1844
16 1845
1119 1846
17 1847
551 1848
382 1849
297 1850
688 1851
95 1852
1181 1853
1206 1854
1691 1855
1180 1856
1363 1857
721 1858
1174 1859
786 1860
920 1861
1129 1862
274 1863
1850 1864
1649 1865
1601 1866
666 1867
662 1868
1822 1869
329 1870
483 1871
1176 1872
900 1873
278 1874
119 1875
910 1876
857 1877
1827 1878
188 1879
695 1880
358 1881
1332 1882
1340 1883
1400 1884
545 1885
894 1886
1084 1887
464 1888
363 1889
1656 1890
1467 1891
1426 1892
127 1893
1080 1894
1166 1895
1472 1896
1420 1897
905 1898
1143 1899
1896 1900
838 1901
320 1902
865 1903
346 1904
826 1905
774 1906
1283 1907
497 1908
521 1909
53 1910
1703 1911
549 1912
18 1913
41 1914
1327 1915
559 1916
1612 1917
501 1918
1236 1919
1401 1920
1575 1921
1782 1922
319 1923
483 1924
1435 1925
746 1926
843 1927
697 1928
669 1929
710 1930
1009 1931
1391 1932
1676 1933
1696 1934
1286 1935
1311 1936
463 1937
1021 1938
1328 1939
208 1940
1247 1941
807 1942
1940 1943
707 1944
284 1945
1214 1946
122 1947
706 1948
11 1949
1365 1950
1602 1951
1725 1952
1147 1953
131 1954
541 1955
178 1956
107 1957
489 1958
1411 1959
338 1960
1390 1961
1702 1962
1757 1963
1747 1964
1829 1965
165 1966
84 1967
462 1968
392 1969
1407 1970
1074 1971
1236 1972
459 1973
1240 1974
1457 1975
1144 1976
1379 1977
206 1978
583 1979
1535 1980
1127 1981
1406 1982
1323 1983
458 1984
1575 1985
1242 1986
541 1987
1779 1988
1938 1989
249 1990
191 1991
156 1992
1404 1993
259 1994
178 1995
1239 1996
1305 1997
513 1998
989 1999
1318 2000
1872 2001
1197 2002
20 2003
1735 2004
13 2005
7 2006
5 2007
1656 2008
1724 2009
1254 2010
865 2011
1644 2012
1566 2013
1504 2014
503 2015
1055 2016
411 2017
777 2018
1393 2019
727 2020
1583 2021
1715 2022
1546 2023
421 2024
1280 2025
2012 2026
1644 2027
780 2028
1799 2029
1791 2030
1172 2031
676 2032
929 2033
420 2034
88 2035
1357 2036
1114 2037
222 2038
221 2039
86 2040
1090 2041
71 2042
1875 2043
449 2044
298 2045
1987 2046
838 2047
164 2048
1339 2049
1850 2050
144 2051
550 2052
2029 2053
1381 2054
1008 2055
171 2056
1494 2057
1152 2058
1345 2059
64 2060
1813 2061
1045 2062
1304 2063
215 2064
920 2065
985 2066
145 2067
1405 2068
1530 2069
1464 2070
984 2071
1718 2072
1805 2073
157 2074
958 2075
581 2076
46 2077
1716 2078
1711 2079
170 2080
1186 2081
65 2082
1993 2083
1160 2084
190 2085
1809 2086
1206 2087
927 2088
1624 2089
1413 2090
534 2091
941 2092
1784 2093
1133 2094
118 2095
413 2096
1571 2097
1202 2098
49 2099
1328 2100
1348 2101
313 2102
1185 2103
1712 2104
180 2105
1063 2106
270 2107
458 2108
916 2109
1654 2110
1074 2111
1701 2112
1183 2113
344 2114
1202 2115
1491 2116
664 2117
1534 2118
586 2119
401 2120
358 2121
2051 2122
572 2123
1766 2124
395 2125
1544 2126
1082 2127
192 2128
1549 2129
11 2130
376 2131
396 2132
567 2133
173 2134
638 2135
747 2136
1500 2137
1823 2138
1266 2139
1582 2140
261 2141
1987 2142
1115 2143
351 2144
1790 2145
715 2146
284 2147
361 2148
1798 2149
199 2150
1752 2151
847 2152
1165 2153
1902 2154
603 2155
845 2156
321 2157
1746 2158
132 2159
1723 2160
20 2161
1518 2162
880 2163
281 2164
890 2165
1262 2166
1829 2167
1744 2168
1917 2169
2145 2170
819 2171
1199 2172
1931 2173
602 2174
145 2175
189 2176
1924 2177
1101 2178
1874 2179
1265 2180
832 2181
1659 2182
1260 2183
1840 2184
1820 2185
2042 2186
1871 2187
977 2188
2080 2189
961 2190
640 2191
1964 2192
1789 2193
1739 2194
2001 2195
662 2196
705 2197
1085 2198
1629 2199
1020 2200
1647 2201
545 2202
350 2203
1801 2204
1821 2205
754 2206
263 2207
397 2208
991 2209
824 2210
2093 2211
1167 2212
598 2213
922 2214
902 2215
1134 2216
625 2217
40 2218
365 2219
917 2220
185 2221
1473 2222
908 2223
229 2224
270 2225
1534 2226
1786 2227
634 2228
237 2229
514 2230
1849 2231
150 2232
660 2233
2230 2234
515 2235
1886 2236
1297 2237
1527 2238
325 2239
752 2240
495 2241
1034 2242
1839 2243
314 2244
134 2245
2136 2246
1122 2247
1344 2248
186 2249
1225 2250
1183 2251
138 2252
1557 2253
2221 2254
1104 2255
2001 2256
1660 2257
1343 2258
511 2259
2047 2260
1042 2261
958 2262
425 2263
1733 2264
609 2265
1384 2266
387 2267
618 2268
1304 2269
755 2270
981 2271
1841 2272
587 2273
1106 2274
1323 2275
107 2276
137 2277
965 2278
1371 2279
1048 2280
1193 2281
630 2282
1367 2283
2137 2284
1631 2285
354 2286
1513 2287
599 2288
1724 2289
314 2290
1963 2291
368 2292
832 2293
1979 2294
1090 2295
1872 2296
2262 2297
2247 2298
2168 2299
2183 2300
879 2301
1158 2302
2166 2303
1784 2304
1888 2305
86 2306
1888 2307
771 2308
1318 2309
1638 2310
2295 2311
77 2312
1471 2313
1943 2314
1749 2315
16 2316
1375 2317
1134 2318
1462 2319
49 2320
1985 2321
1141 2322
1348 2323
1692 2324
77 2325
1642 2326
1256 2327
874 2328
189 2329
1238 2330
1800 2331
1191 2332
204 2333
38 2334
172 2335
2127 2336
562 2337
1568 2338
751 2339
360 2340
219 2341
403 2342
2068 2343
590 2344
2048 2345
626 2346
1022 2347
1049 2348
1824 2349
2037 2350
745 2351
1253 2352
1869 2353
180 2354
1416 2355
489 2356
2014 2357
241 2358
159 2359
907 2360
34 2361
922 2362
2112 2363
1450 2364
1534 2365
1189 2366
1757 2367
365 2368
1752 2369
1851 2370
1395 2371
1134 2372
281 2373
943 2374
2198 2375
125 2376
2369 2377
1207 2378
2097 2379
1622 2380
303 2381
527 2382
1159 2383
1896 2384
1737 2385
1134 2386
1157 2387
727 2388
2108 2389
1574 2390
1161 2391
2389 2392
2222 2393
1095 2394
1268 2395
997 2396
2336 2397
2296 2398
1816 2399
2307 2400
827 2401
1652 2402
693 2403
36 2404
1282 2405
1749 2406
1964 2407
16 2408
1405 2409
1511 2410
2029 2411
883 2412
1007 2413
1434 2414
1302 2415
469 2416
1510 2417
2158 2418
695 2419
1198 2420
919 2421
476 2422
519 2423
1820 2424
2076 2425
884 2426
332 2427
895 2428
2085 2429
1589 2430
2258 2431
632 2432
1552 2433
445 2434
1977 2435
566 2436
54 2437
7 2438
1740 2439
324 2440
918 2441
2272 2442
1585 2443
2415 2444
2223 2445
1043 2446
1947 2447
587 2448
1509 2449
1928 2450
2395 2451
71 2452
806 2453
830 2454
1389 2455
1000 2456
1621 2457
1534 2458
470 2459
1891 2460
2071 2461
951 2462
1418 2463
1284 2464
1429 2465
1974 2466
1642 2467
443 2468
1097 2469
1206 2470
1323 2471
489 2472
1441 2473
1662 2474
522 2475
934 2476
1688 2477
1838 2478
813 2479
806 2480
2177 2481
2075 2482
2063 2483
1620 2484
916 2485
2281 2486
968 2487
746 2488
465 2489
1949 2490
409 2491
789 2492
60 2493
19 2494
1730 2495
226 2496
1442 2497
1193 2498
2480 2499
1814 2500
1498 2501
2204 2502
675 2503
1507 2504
512 2505
271 2506
1926 2507
2420 2508
1504 2509
2079 2510
88 2511
2418 2512
2497 2513
953 2514
423 2515
124 2516
1804 2517
1980 2518
744 2519
2201 2520
682 2521
1702 2522
6 2523
1870 2524
1535 2525
842 2526
2024 2527
1407 2528
1852 2529
1523 2530
1486 2531
1779 2532
1608 2533
1649 2534
415 2535
19 2536
1333 2537
1524 2538
2514 2539
1077 2540
1950 2541
1059 2542
578 2543
585 2544
54 2545
721 2546
1224 2547
1601 2548
1157 2549
2161 2550
550 2551
1834 2552
2319 2553
1616 2554
2182 2555
1082 2556
1426 2557
1115 2558
1706 2559
151 2560
254 2561
2326 2562
1956 2563
1708 2564
1408 2565
319 2566
68 2567
258 2568
1547 2569
2214 2570
2271 2571
127 2572
278 2573
2339 2574
870 2575
630 2576
2137 2577
2390 2578
2275 2579
1846 2580
260 2581
575 2582
39 2583
1952 2584
816 2585
2541 2586
306 2587
1319 2588
1131 2589
1419 2590
2502 2591
1375 2592
864 2593
1400 2594
757 2595
219 2596
6 2597
2503 2598
270 2599
620 2600
1714 2601
2089 2602
2056 2603
1729 2604
1744 2605
1505 2606
1895 2607
403 2608
2389 2609
687 2610
2410 2611
703 2612
863 2613
1886 2614
1856 2615
1777 2616
2148 2617
647 2618
336 2619
864 2620
522 2621
1648 2622
297 2623
1327 2624
2602 2625
1723 2626
2361 2627
2306 2628
3 2629
806 2630
837 2631
2244 2632
1313 2633
2612 2634
1571 2635
147 2636
186 2637
2387 2638
345 2639
1125 2640
1861 2641
2105 2642
2161 2643
2434 2644
1007 2645
2064 2646
1862 2647
545 2648
2107 2649
1509 2650
1262 2651
119 2652
2592 2653
1155 2654
2484 2655
1157 2656
2203 2657
904 2658
2452 2659
2116 2660
2170 2661
719 2662
578 2663
1068 2664
840 2665
1483 2666
2129 2667
1269 2668
2582 2669
2097 2670
103 2671
2534 2672
706 2673
83 2674
1697 2675
2483 2676
1307 2677
840 2678
2540 2679
2199 2680
952 2681
647 2682
2626 2683
433 2684
1411 2685
467 2686
2527 2687
1345 2688
1218 2689
2575 2690
2229 2691
1378 2692
509 2693
2187 2694
1243 2695
2051 2696
75 2697
2031 2698
1495 2699
2099 2700
574 2701
2594 2702
1065 2703
993 2704
984 2705
2408 2706
383 2707
1319 2708
795 2709
203 2710
503 2711
527 2712
2544 2713
741 2714
968 2715
645 2716
362 2717
253 2718
312 2719
2691 2720
1237 2721
494 2722
2011 2723
1117 2724
2154 2725
2531 2726
12 2727
979 2728
1810 2729
1390 2730
703 2731
1571 2732
1689 2733
2454 2734
903 2735
238 2736
2458 2737
142 2738
124 2739
618 2740
1285 2741
2617 2742
111 2743
2012 2744
770 2745
1261 2746
1893 2747
1100 2748
1044 2749
668 2750
784 2751
94 2752
1254 2753
1021 2754
1015 2755
1706 2756
1940 2757
537 2758
1148 2759
1493 2760
706 2761
1261 2762
1729 2763
2515 2764
2305 2765
484 2766
2129 2767
2270 2768
1289 2769
1620 2770
2620 2771
1589 2772
2541 2773
853 2774
1504 2775
1406 2776
1494 2777
547 2778
140 2779
730 2780
721 2781
1179 2782
1656 2783
1678 2784
1360 2785
193 2786
1373 2787
826 2788
923 2789
1735 2790
1139 2791
2410 2792
936 2793
1785 2794
432 2795
1134 2796
2181 2797
988 2798
1884 2799
2151 2800
2150 2801
2140 2802
69 2803
2508 2804
949 2805
1930 2806
1097 2807
1243 2808
2361 2809
2501 2810
868 2811
1785 2812
555 2813
267 2814
1955 2815
1483 2816
1069 2817
1540 2818
1021 2819
2603 2820
525 2821
2698 2822
2230 2823
703 2824
2408 2825
140 2826
1570 2827
443 2828
1419 2829
2381 2830
252 2831
665 2832
220 2833
2120 2834
1482 2835
1842 2836
235 2837
2806 2838
1538 2839
2066 2840
2460 2841
1156 2842
2766 2843
1109 2844
2839 2845
19 2846
2076 2847
819 2848
2289 2849
1239 2850
1861 2851
2067 2852
661 2853
1104 2854
2583 2855
1282 2856
956 2857
1671 2858
1490 2859
1526 2860
172 2861
1569 2862
188 2863
374 2864
2757 2865
243 2866
1334 2867
2240 2868
495 2869
1431 2870
2618 2871
1987 2872
1174 2873
2108 2874
1746 2875
1849 2876
2446 2877
768 2878
2539 2879
1582 2880
1364 2881
808 2882
2426 2883
329 2884
984 2885
2725 2886
2809 2887
1546 2888
294 2889
2172 2890
306 2891
77 2892
2548 2893
2596 2894
1486 2895
1 2896
2518 2897
1854 2898
1272 2899
2811 2900
2358 2901
2332 2902
1713 2903
1876 2904
1413 2905
923 2906
2823 2907
501 2908
1300 2909
2119 2910
2231 2911
2830 2912
2437 2913
1103 2914
1052 2915
462 2916
1851 2917
684 2918
1337 2919
769 2920
1324 2921
1992 2922
2446 2923
1512 2924
694 2925
2244 2926
1333 2927
931 2928
304 2929
93 2930
2404 2931
915 2932
2886 2933
772 2934
2707 2935
2324 2936
1851 2937
1941 2938
1022 2939
2497 2940
929 2941
216 2942
1028 2943
1227 2944
763 2945
2256 2946
2412 2947
1141 2948
573 2949
891 2950
1457 2951
2296 2952
837 2953
235 2954
1414 2955
335 2956
2403 2957
1956 2958
698 2959
2544 2960
634 2961
227 2962
2671 2963
661 2964
556 2965
1325 2966
1920 2967
1675 2968
2936 2969
1458 2970
1440 2971
1906 2972
497 2973
1650 2974
1934 2975
2828 2976
1724 2977
2380 2978
232 2979
1399 2980
1786 2981
2853 2982
920 2983
52 2984
643 2985
558 2986
2455 2987
2233 2988
2974 2989
1620 2990
336 2991
1985 2992
1197 2993
1101 2994
1912 2995
57 2996
2939 2997
2682 2998
695 2999
1334 3000
191 3001
595 3002
818 3003
1719 3004
567 3005
2855 3006
2641 3007
2323 3008
427 3009
1436 3010
1863 3011
1731 3012
2842 3013
1260 3014
2655 3015
2584 3016
1617 3017
1179 3018
2158 3019
2704 3020
752 3021
1193 3022
1294 3023
1319 3024
2648 3025
1504 3026
610 3027
1955 3028
481 3029
345 3030
1163 3031
1721 3032
66 3033
1772 3034
158 3035
360 3036
178 3037
2637 3038
546 3039
2240 3040
55 3041
734 3042
2182 3043
2112 3044
971 3045
2477 3046
1515 3047
1317 3048
739 3049
2935 3050
1656 3051
1844 3052
498 3053
885 3054
1971 3055
331 3056
2027 3057
2826 3058
2189 3059
32 3060
152 3061
539 3062
437 3063
1300 3064
2761 3065
153 3066
2889 3067
1717 3068
2916 3069
528 3070
1167 3071
1051 3072
819 3073
1495 3074
2334 3075
2715 3076
2267 3077
522 3078
1746 3079
1674 3080
1792 3081
2941 3082
915 3083
2242 3084
1975 3085
2208 3086
697 3087
2236 3088
799 3089
2812 3090
1095 3091
1878 3092
2737 3093
1752 3094
411 3095
1533 3096
892 3097
36 3098
1446 3099
2073 3100
2881 3101
2947 3102
2598 3103
1797 3104
1574 3105
880 3106
2667 3107
2962 3108
2407 3109
2634 3110
1691 3111
3036 3112
2864 3113
16 3114
2475 3115
1686 3116
1002 3117
2089 3118
293 3119
2857 3120
2034 3121
696 3122
1128 3123
1243 3124
1264 3125
2729 3126
2414 3127
2921 3128
603 3129
19 3130
209 3131
263 3132
1564 3133
2762 3134
2113 3135
2587 3136
937 3137
2461 3138
401 3139
1425 3140
1475 3141
2880 3142
483 3143
1104 3144
633 3145
333 3146
617 3147
2881 3148
1521 3149
3040 3150
215 3151
1153 3152
9 3153
1979 3154
46 3155
803 3156
1115 3157
2553 3158
1603 3159
3032 3160
1155 3161
1877 3162
2154 3163
488 3164
1275 3165
2326 3166
2736 3167
2232 3168
1806 3169
2377 3170
1378 3171
2711 3172
1307 3173
1803 3174
3140 3175
2671 3176
3155 3177
2161 3178
2218 3179
1152 3180
373 3181
1782 3182
1773 3183
564 3184
2531 3185
692 3186
1414 3187
2547 3188
3049 3189
1000 3190
1806 3191
1682 3192
1854 3193
3193 3194
1296 3195
2187 3196
2018 3197
2047 3198
68 3199
513 3200
1418 3201
27 3202
1741 3203
1924 3204
1251 3205
1708 3206
1995 3207
322 3208
814 3209
1478 3210
3203 3211
89 3212
2167 3213
1302 3214
1529 3215
1052 3216
377 3217
1280 3218
350 3219
3062 3220
1691 3221
302 3222
962 3223
862 3224
1325 3225
1029 3226
1435 3227
152 3228
2194 3229
3019 3230
3039 3231
2476 3232
2613 3233
2622 3234
1735 3235
648 3236
2877 3237
1459 3238
1937 3239
282 3240
1570 3241
2092 3242
313 3243
2368 3244
2170 3245
1538 3246
142 3247
515 3248
3155 3249
1222 3250
1655 3251
699 3252
88 3253
3024 3254
842 3255
2917 3256
33 3257
1413 3258
1501 3259
2521 3260
2399 3261
3160 3262
2811 3263
1194 3264
393 3265
665 3266
782 3267
2844 3268
67 3269
567 3270
63 3271
694 3272
715 3273
2422 3274
991 3275
395 3276
683 3277
1895 3278
93 3279
538 3280
1686 3281
1297 3282
265 3283
2556 3284
447 3285
1521 3286
611 3287
514 3288
1500 3289
1122 3290
38 3291
1545 3292
660 3293
546 3294
2037 3295
1218 3296
3032 3297
1575 3298
392 3299
925 3300
1081 3301
1865 3302
1669 3303
2170 3304
2773 3305
2835 3306
3248 3307
917 3308
582 3309
2058 3310
865 3311
1426 3312
69 3313
2235 3314
3201 3315
2278 3316
1143 3317
2416 3318
1566 3319
761 3320
3140 3321
2622 3322
2423 3323
72 3324
808 3325
2708 3326
1073 3327
2789 3328
2103 3329
375 3330
2529 3331
545 3332
398 3333
1043 3334
1007 3335
750 3336
1940 3337
3115 3338
524 3339
466 3340
3143 3341
890 3342
488 3343
900 3344
186 3345
1137 3346
2564 3347
331 3348
2608 3349
1737 3350
1971 3351
784 3352
1986 3353
1784 3354
1507 3355
1381 3356
390 3357
2491 3358
1037 3359
3142 3360
1786 3361
1629 3362
1942 3363
1689 3364
551 3365
2304 3366
1192 3367
84 3368
2247 3369
2174 3370
1133 3371
2403 3372
181 3373
539 3374
511 3375
293 3376
3262 3377
1919 3378
167 3379
1672 3380
2490 3381
3207 3382
2608 3383
653 3384
2393 3385
3254 3386
3311 3387
1054 3388
1338 3389
1526 3390
1651 3391
1410 3392
1765 3393
2672 3394
833 3395
1626 3396
1005 3397
2515 3398
2276 3399
425 3400
1746 3401
403 3402
1973 3403
1677 3404
945 3405
1276 3406
1216 3407
3326 3408
848 3409
2731 3410
2325 3411
1186 3412
2900 3413
560 3414
1577 3415
535 3416
2173 3417
2785 3418
1729 3419
3072 3420
2679 3421
1838 3422
2239 3423
880 3424
707 3425
274 3426
1674 3427
341 3428
3309 3429
2616 3430
99 3431
885 3432
337 3433
1873 3434
1186 3435
9 3436
836 3437
2825 3438
303 3439
3300 3440
457 3441
2513 3442
1099 3443
3325 3444
695 3445
353 3446
1790 3447
2842 3448
1880 3449
209 3450
1771 3451
3190 3452
2571 3453
2292 3454
1808 3455
1880 3456
2107 3457
1810 3458
2629 3459
1181 3460
3030 3461
1358 3462
2533 3463
3431 3464
3006 3465
2161 3466
2349 3467
839 3468
545 3469
425 3470
2236 3471
475 3472
1288 3473
1105 3474
461 3475
3179 3476
3071 3477
2809 3478
575 3479
3036 3480
2150 3481
1903 3482
113 3483
1381 3484
575 3485
1255 3486
980 3487
953 3488
882 3489
1122 3490
2911 3491
2865 3492
1734 3493
1756 3494
396 3495
3282 3496
2377 3497
3030 3498
1529 3499
3082 3500
2727 3501
799 3502
943 3503
310 3504
1718 3505
3223 3506
3027 3507
674 3508
1466 3509
2314 3510
3500 3511
1162 3512
806 3513
711 3514
486 3515
1157 3516
3342 3517
3280 3518
104 3519
2720 3520
3449 3521
1419 3522
2246 3523
1360 3524
3010 3525
2248 3526
3180 3527
2153 3528
1163 3529
2172 3530
1212 3531
3463 3532
85 3533
3332 3534
1923 3535
2072 3536
2791 3537
629 3538
1840 3539
827 3540
2843 3541
3169 3542
874 3543
1287 3544
915 3545
3265 3546
235 3547
3259 3548
516 3549
2500 3550
1448 3551
3447 3552
2070 3553
1658 3554
3120 3555
2467 3556
2226 3557
879 3558
1024 3559
350 3560
1785 3561
2717 3562
1676 3563
2944 3564
132 3565
901 3566
2825 3567
709 3568
250 3569
1659 3570
96 3571
2821 3572
613 3573
1651 3574
3319 3575
1792 3576
1083 3577
3521 3578
1603 3579
2386 3580
2671 3581
1629 3582
3407 3583
1126 3584
789 3585
238 3586
208 3587
1391 3588
1598 3589
88 3590
1750 3591
3526 3592
957 3593
1870 3594
419 3595
2507 3596
1075 3597
2751 3598
3137 3599
303 3600
1254 3601
527 3602
2561 3603
983 3604
1799 3605
459 3606
726 3607
3516 3608
3233 3609
2444 3610
368 3611
2001 3612
2064 3613
876 3614
3542 3615
2994 3616
1003 3617
143 3618
2988 3619
3510 3620
1449 3621
2134 3622
905 3623
2696 3624
1647 3625
3008 3626
3374 3627
2340 3628
663 3629
36 3630
3395 3631
68 3632
3611 3633
339 3634
1424 3635
1190 3636
394 3637
196 3638
1215 3639
2610 3640
215 3641
2936 3642
2593 3643
2545 3644
3495 3645
3225 3646
2753 3647
1223 3648
855 3649
1291 3650
629 3651
1912 3652
807 3653
846 3654
2475 3655
103 3656
830 3657
892 3658
451 3659
3201 3660
731 3661
3056 3662
2975 3663
720 3664
672 3665
318 3666
679 3667
1380 3668
3427 3669
2159 3670
2080 3671
604 3672
3142 3673
3277 3674
2856 3675
2560 3676
1886 3677
2163 3678
1424 3679
1198 3680
885 3681
561 3682
3223 3683
968 3684
3174 3685
2007 3686
830 3687
2483 3688
793 3689
942 3690
1776 3691
2596 3692
1177 3693
2198 3694
1664 3695
1845 3696
3539 3697
2769 3698
3016 3699
3145 3700
1427 3701
2908 3702
988 3703
2427 3704
1673 3705
1817 3706
1877 3707
34 3708
1340 3709
1927 3710
3472 3711
1723 3712
1651 3713
306 3714
3682 3715
19 3716
3293 3717
2963 3718
1471 3719
1269 3720
782 3721
3600 3722
16 3723
1215 3724
652 3725
430 3726
2438 3727
3229 3728
9 3729
2173 3730
2264 3731
104 3732
3379 3733
1179 3734
3104 3735
832 3736
2017 3737
2318 3738
752 3739
2836 3740
1644 3741
653 3742
295 3743
3416 3744
3537 3745
2935 3746
3379 3747
897 3748
113 3749
2407 3750
374 3751
2428 3752
198 3753
3224 3754
1392 3755
2360 3756
3553 3757
2282 3758
656 3759
3582 3760
18 3761
3065 3762
1312 3763
3118 3764
475 3765
3181 3766
3254 3767
2707 3768
1259 3769
606 3770
2978 3771
2176 3772
3487 3773
1213 3774
3014 3775
589 3776
104 3777
1775 3778
2484 3779
3186 3780
2626 3781
1320 3782
3102 3783
3005 3784
1516 3785
891 3786
2875 3787
1954 3788
257 3789
350 3790
3269 3791
654 3792
2150 3793
1061 3794
1117 3795
2858 3796
211 3797
85 3798
2227 3799
1152 3800
1739 3801
1786 3802
1245 3803
378 3804
1638 3805
193 3806
3709 3807
2458 3808
1514 3809
2961 3810
1162 3811
2146 3812
527 3813
2826 3814
1673 3815
1015 3816
1739 3817
1524 3818
2894 3819
3023 3820
3490 3821
3024 3822
1523 3823
540 3824
1914 3825
3684 3826
60 3827
1798 3828
3049 3829
960 3830
2803 3831
3479 3832
724 3833
1742 3834
1810 3835
170 3836
2837 3837
601 3838
3692 3839
1020 3840
1221 3841
2385 3842
2776 3843
2994 3844
194 3845
157 3846
243 3847
2223 3848
1854 3849
2935 3850
3048 3851
2567 3852
79 3853
849 3854
3017 3855
2765 3856
2428 3857
521 3858
433 3859
286 3860
1507 3861
145 3862
262 3863
3851 3864
3363 3865
3404 3866
919 3867
2765 3868
1643 3869
2273 3870
3665 3871
2046 3872
1536 3873
3173 3874
325 3875
54 3876
1722 3877
707 3878
3813 3879
2581 3880
296 3881
331 3882
1483 3883
582 3884
1178 3885
2211 3886
2901 3887
152 3888
723 3889
1245 3890
1308 3891
3146 3892
1230 3893
1093 3894
1324 3895
2627 3896
2852 3897
306 3898
3788 3899
262 3900
3091 3901
1296 3902
141 3903
2053 3904
664 3905
2341 3906
350 3907
1192 3908
1959 3909
588 3910
345 3911
3525 3912
555 3913
2586 3914
307 3915
661 3916
1661 3917
925 3918
3146 3919
3586 3920
3726 3921
3473 3922
3157 3923
1882 3924
3490 3925
3037 3926
2461 3927
1413 3928
468 3929
2369 3930
1668 3931
1321 3932
1260 3933
81 3934
1510 3935
3176 3936
3525 3937
1104 3938
94 3939
3069 3940
2516 3941
1094 3942
175 3943
670 3944
3347 3945
2412 3946
2153 3947
172 3948
3870 3949
112 3950
3886 3951
47 3952
1909 3953
1452 3954
12 3955
1965 3956
104 3957
3359 3958
1166 3959
3223 3960
2339 3961
693 3962
1233 3963
1280 3964
3731 3965
927 3966
959 3967
1405 3968
3086 3969
3627 3970
2592 3971
2546 3972
2701 3973
1133 3974
2220 3975
3781 3976
3966 3977
3708 3978
573 3979
3381 3980
1732 3981
264 3982
3300 3983
162 3984
3757 3985
1228 3986
3877 3987
3529 3988
251 3989
3504 3990
50 3991
692 3992
3825 3993
1814 3994
2953 3995
1042 3996
335 3997
2920 3998
2597 3999
2594 4000
789 4001
3742 4002
2127 4003
75 4004
3962 4005
1806 4006
3926 4007
2411 4008
354 4009
2008 4010
1839 4011
3405 4012
609 4013
2067 4014
1119 4015
845 4016
3089 4017
1716 4018
3476 4019
2719 4020
3017 4021
1766 4022
374 4023
2646 4024
3166 4025
284 4026
3302 4027
3081 4028
131 4029
3771 4030
122 4031
1377 4032
3619 4033
3358 4034
820 4035
210 4036
3936 4037
820 4038
3441 4039
1700 4040
2672 4041
3488 4042
863 4043
451 4044
3817 4045
186 4046
130 4047
1628 4048
736 4049
82 4050
2345 4051
2172 4052
2579 4053
3156 4054
2655 4055
2166 4056
979 4057
3687 4058
1679 4059
1955 4060
1068 4061
1661 4062
3293 4063
2476 4064
3001 4065
2387 4066
3439 4067
282 4068
3059 4069
3295 4070
1448 4071
2870 4072
3824 4073
1438 4074
1516 4075
2109 4076
82 4077
2544 4078
315 4079
1569 4080
1695 4081
2264 4082
1318 4083
2419 4084
1939 4085
796 4086
3222 4087
3432 4088
996 4089
1891 4090
991 4091
1070 4092
4029 4093
317 4094
1636 4095
2411 4096
1361 4097
509 4098
1330 4099
3349 4100
3408 4101
567 4102
1945 4103
1978 4104
552 4105
294 4106
257 4107
1065 4108
3640 4109
2306 4110
3295 4111
450 4112
3463 4113
3218 4114
946 4115
2460 4116
1357 4117
1413 4118
2097 4119
3201 4120
3176 4121
966 4122
842 4123
2758 4124
1162 4125
3740 4126
1955 4127
1220 4128
3370 4129
1015 4130
2886 4131
211 4132
91 4133
508 4134
2683 4135
1291 4136
808 4137
2113 4138
153 4139
2150 4140
1798 4141
580 4142
3048 4143
530 4144
1963 4145
1302 4146
1006 4147
4022 4148
2236 4149
967 4150
1928 4151
1917 4152
3480 4153
951 4154
515 4155
3929 4156
3552 4157
200 4158
1215 4159
215 4160
1222 4161
476 4162
2184 4163
1903 4164
1306 4165
2966 4166
441 4167
777 4168
1007 4169
281 4170
1533 4171
4158 4172
3972 4173
571 4174
3446 4175
115 4176
2098 4177
2609 4178
3304 4179
2746 4180
2303 4181
3197 4182
1754 4183
3085 4184
569 4185
3859 4186
3453 4187
3333 4188
3403 4189
3101 4190
1797 4191
2306 4192
2185 4193
3137 4194
2642 4195
255 4196
3276 4197
1639 4198
902 4199
2907 4200
2571 4201
2215 4202
242 4203
1306 4204
3539 4205
2207 4206
3723 4207
3286 4208
720 4209
2647 4210
3013 4211
3263 4212
955 4213
2472 4214
414 4215
3547 4216
112 4217
4163 4218
2589 4219
3279 4220
1614 4221
2157 4222
4211 4223
1639 4224
4057 4225
1856 4226
3025 4227
163 4228
3380 4229
382 4230
3562 4231
3446 4232
1664 4233
1673 4234
2492 4235
4125 4236
1326 4237
3733 4238
530 4239
1317 4240
3583 4241
2657 4242
2692 4243
2354 4244
1144 4245
2929 4246
1243 4247
1330 4248
2008 4249
4182 4250
1904 4251
1557 4252
1047 4253
3849 4254
380 4255
3099 4256
1529 4257
97 4258
2979 4259
3119 4260
896 4261
272 4262
2449 4263
3668 4264
1913 4265
1170 4266
2152 4267
1608 4268
3670 4269
1430 4270
1708 4271
3806 4272
2842 4273
2867 4274
2785 4275
2131 4276
221 4277
3028 4278
4230 4279
1911 4280
1901 4281
500 4282
741 4283
1221 4284
2060 4285
242 4286
3266 4287
479 4288
3367 4289
789 4290
2892 4291
3399 4292
1447 4293
3424 4294
4010 4295
3069 4296
2072 4297
2594 4298
1431 4299
1042 4300
1432 4301
961 4302
3986 4303
4220 4304
3662 4305
913 4306
1931 4307
328 4308
184 4309
2963 4310
2241 4311
1159 4312
1619 4313
3416 4314
2688 4315
1508 4316
4195 4317
2715 4318
3307 4319
2777 4320
4103 4321
1695 4322
1331 4323
1581 4324
4125 4325
59 4326
4197 4327
422 4328
1118 4329
2696 4330
1425 4331
456 4332
272 4333
4250 4334
533 4335
3893 4336
3804 4337
2774 4338
3321 4339
1349 4340
478 4341
300 4342
731 4343
3226 4344
2626 4345
1962 4346
3583 4347
1575 4348
4319 4349
2243 4350
3384 4351
580 4352
895 4353
388 4354
271 4355
3963 4356
3020 4357
3951 4358
2378 4359
2844 4360
3227 4361
1018 4362
3029 4363
4076 4364
4012 4365
1703 4366
1308 4367
3202 4368
2563 4369
559 4370
2676 4371
1597 4372
4305 4373
1797 4374
1512 4375
361 4376
2654 4377
843 4378
4242 4379
2713 4380
2005 4381
933 4382
2077 4383
650 4384
32 4385
4026 4386
784 4387
260 4388
1714 4389
884 4390
3980 4391
3485 4392
2352 4393
2657 4394
3138 4395
837 4396
2939 4397
243 4398
1213 4399
4371 4400
3361 4401
2397 4402
1810 4403
3945 4404
592 4405
3996 4406
2403 4407
4096 4408
603 4409
2279 4410
1246 4411
561 4412
2389 4413
2540 4414
239 4415
3319 4416
3459 4417
1435 4418
838 4419
4375 4420
2968 4421
3047 4422
1662 4423
3546 4424
4257 4425
2846 4426
623 4427
2525 4428
2013 4429
1865 4430
350 4431
1912 4432
2093 4433
2668 4434
1370 4435
1556 4436
4382 4437
3904 4438
2171 4439
4097 4440
3084 4441
1835 4442
2515 4443
1434 4444
2940 4445
1988 4446
657 4447
2529 4448
3660 4449
258 4450
565 4451
3511 4452
1818 4453
741 4454
1397 4455
3178 4456
4129 4457
4076 4458
3278 4459
2674 4460
1520 4461
3009 4462
892 4463
1849 4464
3271 4465
1644 4466
1183 4467
1504 4468
2980 4469
369 4470
2632 4471
352 4472
329 4473
3630 4474
4225 4475
3980 4476
3922 4477
2826 4478
1142 4479
928 4480
1268 4481
3047 4482
554 4483
377 4484
2971 4485
2496 4486
4303 4487
2356 4488
4117 4489
3926 4490
1837 4491
2381 4492
4072 4493
3419 4494
3400 4495
3910 4496
2647 4497
970 4498
2859 4499
2458 4500
1052 4501
3159 4502
4243 4503
3988 4504
1044 4505
2119 4506
3412 4507
1057 4508
3480 4509
1454 4510
1826 4511
3088 4512
2202 4513
1808 4514
1934 4515
2754 4516
2402 4517
3673 4518
3638 4519
2415 4520
3604 4521
2235 4522
980 4523
2378 4524
3652 4525
1926 4526
2427 4527
286 4528
2432 4529
695 4530
448 4531
4253 4532
301 4533
3699 4534
1855 4535
1121 4536
920 4537
3668 4538
1498 4539
2014 4540
508 4541
2797 4542
3423 4543
4468 4544
769 4545
1566 4546
3427 4547
2946 4548
1665 4549
232 4550
4292 4551
449 4552
3948 4553
1160 4554
2252 4555
2224 4556
2705 4557
1344 4558
1561 4559
804 4560
1612 4561
3826 4562
1519 4563
2421 4564
2931 4565
3556 4566
2646 4567
2418 4568
84 4569
2279 4570
4538 4571
3996 4572
647 4573
296 4574
4458 4575
1634 4576
2199 4577
3717 4578
3815 4579
391 4580
1827 4581
1116 4582
3216 4583
682 4584
2143 4585
1777 4586
917 4587
1929 4588
2728 4589
3293 4590
3921 4591
2669 4592
2540 4593
1004 4594
1247 4595
1586 4596
2111 4597
1356 4598
1620 4599
642 4600
448 4601
3740 4602
3989 4603
518 4604
665 4605
3363 4606
449 4607
4573 4608
1292 4609
1830 4610
3922 4611
1557 4612
1869 4613
1331 4614
2635 4615
4598 4616
1393 4617
3861 4618
1091 4619
1862 4620
548 4621
1259 4622
2135 4623
2779 4624
2463 4625
1628 4626
3727 4627
4419 4628
4134 4629
2311 4630
1420 4631
1296 4632
80 4633
2540 4634
3575 4635
222 4636
1642 4637
3770 4638
175 4639
629 4640
1683 4641
1907 4642
41 4643
705 4644
160 4645
195 4646
144 4647
4577 4648
1498 4649
2716 4650
883 4651
3656 4652
2062 4653
1837 4654
2949 4655
796 4656
8 4657
4108 4658
2470 4659
3824 4660
2562 4661
681 4662
2793 4663
2570 4664
1048 4665
4474 4666
1648 4667
652 4668
815 4669
2837 4670
618 4671
4218 4672
4610 4673
2992 4674
2139 4675
3178 4676
2150 4677
544 4678
498 4679
3238 4680
1953 4681
3484 4682
2170 4683
592 4684
4553 4685
43 4686
3393 4687
1443 4688
953 4689
2996 4690
603 4691
2758 4692
3804 4693
491 4694
2565 4695
1700 4696
2467 4697
3606 4698
4437 4699
1951 4700
4686 4701
1212 4702
380 4703
368 4704
2599 4705
68 4706
2785 4707
3527 4708
1840 4709
2749 4710
3295 4711
1525 4712
4566 4713
4123 4714
2000 4715
576 4716
952 4717
100 4718
465 4719
3975 4720
4327 4721
438 4722
4689 4723
2009 4724
2016 4725
3848 4726
3701 4727
1968 4728
2058 4729
4434 4730
4307 4731
3536 4732
1988 4733
2687 4734
3119 4735
1665 4736
2446 4737
1884 4738
4157 4739
2798 4740
4043 4741
4110 4742
1726 4743
1187 4744
4707 4745
3029 4746
2907 4747
1887 4748
4475 4749
2487 4750
2683 4751
3572 4752
433 4753
908 4754
2040 4755
2701 4756
2164 4757
2740 4758
2079 4759
1185 4760
3207 4761
1530 4762
3541 4763
3747 4764
4732 4765
3990 4766
378 4767
2914 4768
1305 4769
2137 4770
1484 4771
437 4772
1195 4773
555 4774
3741 4775
2064 4776
3154 4777
4481 4778
1025 4779
1973 4780
3032 4781
1443 4782
362 4783
3120 4784
1360 4785
1420 4786
1788 4787
821 4788
3469 4789
732 4790
2381 4791
1516 4792
1137 4793
2149 4794
3960 4795
3375 4796
1799 4797
1034 4798
1752 4799
2681 4800
4692 4801
1735 4802
1117 4803
3078 4804
2009 4805
650 4806
1561 4807
3262 4808
4317 4809
4245 4810
4104 4811
737 4812
2952 4813
214 4814
824 4815
4450 4816
1960 4817
3561 4818
3660 4819
2503 4820
1684 4821
3221 4822
3733 4823
3187 4824
2606 4825
1678 4826
4478 4827
1696 4828
137 4829
2060 4830
2491 4831
4659 4832
2108 4833
2871 4834
3258 4835
2967 4836
430 4837
961 4838
662 4839
814 4840
1303 4841
4272 4842
4447 4843
3194 4844
3962 4845
3595 4846
2181 4847
4450 4848
266 4849
2922 4850
1214 4851
1260 4852
4377 4853
1162 4854
2835 4855
2390 4856
107 4857
1536 4858
2016 4859
1304 4860
3255 4861
921 4862
4747 4863
622 4864
3307 4865
1981 4866
2812 4867
2786 4868
2142 4869
3262 4870
3768 4871
4763 4872
3750 4873
888 4874
2901 4875
4258 4876
2140 4877
3648 4878
2167 4879
2588 4880
3608 4881
2410 4882
3155 4883
1759 4884
3088 4885
1640 4886
1303 4887
364 4888
662 4889
863 4890
839 4891
1795 4892
2059 4893
4265 4894
2013 4895
317 4896
2211 4897
1222 4898
1694 4899
1194 4900
3277 4901
903 4902
735 4903
2386 4904
2584 4905
1136 4906
1237 4907
692 4908
1124 4909
33 4910
1337 4911
3991 4912
2343 4913
478 4914
3811 4915
4367 4916
3951 4917
2418 4918
2686 4919
3001 4920
1301 4921
2202 4922
1657 4923
261 4924
3090 4925
2569 4926
1870 4927
4618 4928
934 4929
2259 4930
4810 4931
1196 4932
3963 4933
2032 4934
2660 4935
4914 4936
2582 4937
1938 4938
348 4939
614 4940
3514 4941
3572 4942
3372 4943
3380 4944
226 4945
1354 4946
3210 4947
4860 4948
4908 4949
1587 4950
4736 4951
226 4952
1859 4953
2133 4954
4180 4955
1869 4956
2410 4957
3694 4958
947 4959
444 4960
2813 4961
4768 4962
3280 4963
3208 4964
558 4965
2615 4966
859 4967
3130 4968
3108 4969
2919 4970
1107 4971
1069 4972
228 4973
184 4974
3427 4975
3490 4976
2705 4977
1435 4978
4053 4979
3152 4980
110 4981
1017 4982
3457 4983
4253 4984
2137 4985
3491 4986
4016 4987
4942 4988
1875 4989
15 4990
2057 4991
3609 4992
3285 4993
847 4994
939 4995
1717 4996
3 4997
4360 4998
2125 4999
1796 5000
