1 2
2 3
2 4
2 5
3 6
6 7
3 8
2 9
1 10
10 11
5 12
11 13
8 14
14 15
5 16
11 17
14 18
11 19
16 20
20 21
7 22
21 23
21 24
4 25
22 26
21 27
8 28
20 29
20 30
21 31
4 32
9 33
15 34
26 35
10 36
12 37
28 38
29 39
15 40
19 41
7 42
13 43
39 44
30 45
10 46
35 47
23 48
17 49
14 50
35 51
8 52
8 53
26 54
3 55
31 56
56 57
41 58
37 59
52 60
20 61
52 62
15 63
41 64
46 65
55 66
17 67
2 68
18 69
15 70
55 71
63 72
43 73
26 74
72 75
36 76
22 77
8 78
20 79
54 80
67 81
80 82
66 83
26 84
60 85
44 86
5 87
4 88
10 89
52 90
4 91
43 92
49 93
48 94
72 95
44 96
71 97
26 98
27 99
15 100
86 101
66 102
59 103
7 104
8 105
80 106
63 107
67 108
100 109
100 110
18 111
32 112
81 113
70 114
60 115
6 116
19 117
9 118
21 119
95 120
113 121
51 122
94 123
19 124
1 125
55 126
41 127
28 128
128 129
20 130
11 131
93 132
96 133
99 134
121 135
40 136
70 137
115 138
88 139
36 140
45 141
6 142
65 143
62 144
24 145
87 146
108 147
86 148
17 149
128 150
51 151
56 152
38 153
62 154
32 155
36 156
119 157
72 158
111 159
65 160
116 161
110 162
123 163
53 164
15 165
51 166
19 167
134 168
106 169
73 170
167 171
55 172
13 173
45 174
11 175
1 176
146 177
105 178
33 179
60 180
142 181
62 182
107 183
168 184
179 185
115 186
49 187
27 188
11 189
61 190
152 191
169 192
75 193
1 194
145 195
188 196
38 197
183 198
14 199
3 200
1 201
180 202
123 203
166 204
60 205
115 206
166 207
56 208
111 209
37 210
5 211
86 212
134 213
101 214
122 215
155 216
40 217
194 218
15 219
153 220
33 221
105 222
49 223
84 224
185 225
49 226
166 227
88 228
13 229
42 230
98 231
218 232
29 233
129 234
150 235
141 236
95 237
178 238
50 239
46 240
70 241
147 242
110 243
87 244
170 245
2 246
67 247
135 248
216 249
63 250
150 251
210 252
202 253
164 254
244 255
148 256
236 257
215 258
123 259
75 260
14 261
244 262
128 263
73 264
209 265
154 266
139 267
244 268
223 269
86 270
233 271
194 272
33 273
79 274
176 275
221 276
94 277
204 278
139 279
78 280
149 281
202 282
38 283
279 284
97 285
57 286
54 287
194 288
63 289
103 290
274 291
188 292
258 293
77 294
268 295
228 296
38 297
59 298
287 299
128 300
296 301
224 302
189 303
149 304
288 305
34 306
113 307
266 308
177 309
39 310
61 311
288 312
42 313
196 314
1 315
241 316
15 317
305 318
136 319
17 320
133 321
292 322
17 323
180 324
302 325
10 326
28 327
77 328
265 329
312 330
37 331
118 332
157 333
57 334
324 335
83 336
44 337
223 338
270 339
172 340
264 341
296 342
241 343
11 344
45 345
194 346
325 347
304 348
199 349
323 350
260 351
330 352
243 353
64 354
130 355
240 356
10 357
254 358
213 359
359 360
150 361
57 362
208 363
309 364
7 365
281 366
293 367
350 368
70 369
106 370
17 371
228 372
285 373
270 374
131 375
213 376
191 377
259 378
40 379
53 380
96 381
302 382
226 383
52 384
349 385
220 386
211 387
29 388
232 389
189 390
209 391
371 392
37 393
116 394
246 395
113 396
76 397
360 398
82 399
303 400
217 401
294 402
141 403
182 404
173 405
17 406
137 407
370 408
99 409
144 410
131 411
217 412
275 413
100 414
330 415
355 416
156 417
330 418
144 419
375 420
309 421
232 422
370 423
15 424
272 425
308 426
394 427
311 428
27 429
308 430
346 431
348 432
136 433
364 434
284 435
71 436
123 437
211 438
377 439
253 440
351 441
438 442
38 443
324 444
363 445
277 446
252 447
408 448
164 449
73 450
71 451
368 452
366 453
313 454
88 455
215 456
411 457
293 458
216 459
32 460
240 461
52 462
3 463
219 464
170 465
460 466
176 467
100 468
360 469
428 470
91 471
264 472
306 473
40 474
81 475
244 476
67 477
443 478
111 479
417 480
345 481
388 482
194 483
10 484
189 485
387 486
345 487
157 488
22 489
479 490
222 491
411 492
469 493
1 494
158 495
210 496
47 497
110 498
183 499
32 500
344 501
241 502
156 503
483 504
252 505
268 506
147 507
270 508
234 509
97 510
376 511
168 512
339 513
42 514
125 515
499 516
270 517
214 518
347 519
328 520
252 521
244 522
481 523
23 524
192 525
20 526
481 527
58 528
211 529
194 530
72 531
321 532
238 533
262 534
2 535
107 536
176 537
418 538
531 539
318 540
445 541
23 542
413 543
322 544
165 545
384 546
124 547
267 548
106 549
192 550
10 551
294 552
252 553
55 554
4 555
35 556
269 557
18 558
103 559
538 560
301 561
222 562
450 563
339 564
130 565
337 566
437 567
444 568
297 569
292 570
368 571
250 572
478 573
229 574
156 575
54 576
206 577
49 578
254 579
23 580
304 581
571 582
309 583
286 584
6 585
579 586
106 587
540 588
482 589
185 590
556 591
77 592
207 593
310 594
544 595
111 596
221 597
278 598
385 599
292 600
210 601
152 602
346 603
456 604
324 605
59 606
160 607
547 608
228 609
16 610
12 611
286 612
350 613
340 614
224 615
613 616
95 617
86 618
287 619
482 620
514 621
148 622
212 623
434 624
612 625
462 626
454 627
364 628
556 629
416 630
464 631
104 632
477 633
435 634
154 635
310 636
345 637
267 638
468 639
629 640
8 641
122 642
579 643
640 644
369 645
420 646
411 647
106 648
395 649
425 650
498 651
625 652
56 653
411 654
355 655
414 656
211 657
539 658
579 659
367 660
135 661
197 662
295 663
477 664
266 665
450 666
158 667
227 668
18 669
488 670
636 671
334 672
21 673
491 674
269 675
403 676
222 677
466 678
584 679
235 680
468 681
496 682
415 683
243 684
37 685
160 686
109 687
437 688
632 689
485 690
282 691
133 692
531 693
688 694
502 695
312 696
413 697
39 698
50 699
238 700
504 701
181 702
520 703
119 704
379 705
613 706
172 707
190 708
489 709
536 710
707 711
537 712
590 713
93 714
609 715
673 716
392 717
609 718
684 719
713 720
125 721
541 722
136 723
564 724
130 725
166 726
458 727
90 728
721 729
117 730
723 731
112 732
108 733
67 734
733 735
12 736
575 737
653 738
695 739
310 740
299 741
137 742
355 743
285 744
17 745
561 746
306 747
39 748
553 749
135 750
607 751
105 752
588 753
702 754
101 755
81 756
566 757
1 758
589 759
243 760
128 761
685 762
743 763
671 764
605 765
438 766
461 767
261 768
491 769
644 770
360 771
614 772
485 773
549 774
67 775
338 776
667 777
41 778
149 779
22 780
651 781
249 782
569 783
747 784
305 785
312 786
328 787
110 788
260 789
516 790
624 791
170 792
388 793
394 794
198 795
314 796
152 797
483 798
28 799
426 800
426 801
510 802
191 803
319 804
562 805
586 806
380 807
356 808
807 809
777 810
734 811
664 812
194 813
142 814
748 815
190 816
605 817
648 818
167 819
5 820
526 821
611 822
342 823
764 824
742 825
112 826
665 827
614 828
395 829
62 830
152 831
438 832
21 833
715 834
44 835
726 836
76 837
459 838
356 839
513 840
467 841
709 842
483 843
440 844
556 845
237 846
673 847
14 848
96 849
654 850
135 851
550 852
168 853
236 854
585 855
546 856
144 857
34 858
677 859
723 860
573 861
405 862
427 863
856 864
360 865
384 866
144 867
630 868
712 869
31 870
412 871
325 872
8 873
227 874
678 875
411 876
581 877
465 878
232 879
466 880
118 881
190 882
284 883
392 884
219 885
124 886
383 887
859 888
675 889
727 890
366 891
736 892
679 893
37 894
125 895
477 896
146 897
19 898
473 899
784 900
464 901
130 902
92 903
779 904
94 905
525 906
131 907
57 908
85 909
211 910
395 911
184 912
824 913
371 914
615 915
635 916
164 917
787 918
451 919
527 920
191 921
121 922
280 923
607 924
715 925
32 926
192 927
96 928
412 929
609 930
770 931
745 932
660 933
289 934
545 935
10 936
758 937
888 938
239 939
557 940
296 941
660 942
735 943
873 944
835 945
53 946
652 947
46 948
209 949
471 950
238 951
559 952
273 953
552 954
837 955
837 956
950 957
105 958
796 959
218 960
707 961
269 962
519 963
628 964
173 965
659 966
268 967
961 968
795 969
561 970
816 971
400 972
905 973
802 974
151 975
358 976
336 977
879 978
426 979
262 980
86 981
944 982
358 983
139 984
539 985
504 986
437 987
252 988
227 989
191 990
552 991
991 992
236 993
169 994
907 995
737 996
811 997
548 998
879 999
618 1000
562 1001
463 1002
771 1003
889 1004
885 1005
951 1006
464 1007
667 1008
579 1009
988 1010
128 1011
756 1012
216 1013
953 1014
465 1015
702 1016
47 1017
725 1018
62 1019
481 1020
332 1021
498 1022
236 1023
882 1024
171 1025
230 1026
990 1027
64 1028
92 1029
443 1030
729 1031
534 1032
175 1033
550 1034
46 1035
783 1036
111 1037
229 1038
487 1039
368 1040
737 1041
441 1042
300 1043
652 1044
582 1045
441 1046
51 1047
984 1048
625 1049
482 1050
357 1051
788 1052
24 1053
957 1054
61 1055
927 1056
1052 1057
827 1058
45 1059
751 1060
927 1061
971 1062
334 1063
1026 1064
505 1065
137 1066
178 1067
377 1068
114 1069
929 1070
706 1071
968 1072
951 1073
561 1074
227 1075
827 1076
927 1077
721 1078
180 1079
772 1080
622 1081
298 1082
923 1083
106 1084
225 1085
741 1086
861 1087
4 1088
51 1089
425 1090
115 1091
301 1092
5 1093
551 1094
884 1095
771 1096
84 1097
217 1098
268 1099
214 1100
183 1101
109 1102
1053 1103
914 1104
1017 1105
759 1106
485 1107
973 1108
430 1109
194 1110
862 1111
729 1112
310 1113
1026 1114
232 1115
78 1116
926 1117
913 1118
368 1119
1041 1120
694 1121
1116 1122
776 1123
617 1124
1071 1125
799 1126
1111 1127
391 1128
810 1129
548 1130
884 1131
205 1132
621 1133
735 1134
53 1135
806 1136
449 1137
961 1138
698 1139
888 1140
79 1141
20 1142
267 1143
910 1144
849 1145
1089 1146
649 1147
324 1148
931 1149
44 1150
155 1151
715 1152
640 1153
349 1154
5 1155
840 1156
840 1157
132 1158
49 1159
1087 1160
168 1161
13 1162
1015 1163
945 1164
855 1165
90 1166
440 1167
369 1168
148 1169
758 1170
832 1171
176 1172
715 1173
237 1174
272 1175
740 1176
94 1177
938 1178
1154 1179
381 1180
127 1181
213 1182
450 1183
938 1184
498 1185
1108 1186
389 1187
48 1188
1179 1189
1069 1190
714 1191
1003 1192
560 1193
993 1194
794 1195
429 1196
104 1197
589 1198
398 1199
916 1200
190 1201
981 1202
839 1203
92 1204
891 1205
955 1206
225 1207
648 1208
888 1209
492 1210
623 1211
644 1212
604 1213
688 1214
25 1215
633 1216
820 1217
98 1218
529 1219
427 1220
1057 1221
1084 1222
239 1223
493 1224
564 1225
727 1226
846 1227
799 1228
121 1229
1196 1230
1216 1231
897 1232
777 1233
527 1234
2 1235
743 1236
517 1237
935 1238
1078 1239
35 1240
1055 1241
508 1242
236 1243
861 1244
51 1245
299 1246
889 1247
290 1248
972 1249
104 1250
943 1251
1038 1252
599 1253
227 1254
396 1255
205 1256
952 1257
245 1258
645 1259
247 1260
1075 1261
686 1262
837 1263
660 1264
586 1265
1013 1266
954 1267
854 1268
400 1269
769 1270
1260 1271
304 1272
6 1273
1200 1274
819 1275
668 1276
904 1277
480 1278
801 1279
460 1280
329 1281
440 1282
703 1283
1149 1284
1205 1285
488 1286
1085 1287
133 1288
1149 1289
436 1290
943 1291
982 1292
663 1293
8 1294
18 1295
1149 1296
889 1297
70 1298
966 1299
526 1300
680 1301
956 1302
353 1303
656 1304
1224 1305
380 1306
183 1307
201 1308
1042 1309
1306 1310
1073 1311
131 1312
5 1313
400 1314
1190 1315
1164 1316
955 1317
782 1318
431 1319
1077 1320
1284 1321
299 1322
1275 1323
944 1324
724 1325
1037 1326
161 1327
1276 1328
1270 1329
276 1330
279 1331
1065 1332
1123 1333
746 1334
1165 1335
1162 1336
1179 1337
185 1338
1234 1339
148 1340
3 1341
1114 1342
912 1343
781 1344
1254 1345
63 1346
1226 1347
696 1348
769 1349
55 1350
386 1351
588 1352
320 1353
520 1354
735 1355
481 1356
285 1357
291 1358
1292 1359
1142 1360
1076 1361
1211 1362
513 1363
941 1364
424 1365
1323 1366
527 1367
842 1368
364 1369
921 1370
21 1371
947 1372
591 1373
82 1374
1288 1375
1050 1376
754 1377
274 1378
100 1379
113 1380
935 1381
878 1382
968 1383
1016 1384
1362 1385
550 1386
454 1387
398 1388
260 1389
677 1390
957 1391
295 1392
1216 1393
1003 1394
701 1395
1082 1396
673 1397
796 1398
316 1399
1145 1400
1366 1401
228 1402
449 1403
1193 1404
941 1405
447 1406
235 1407
1308 1408
1159 1409
727 1410
613 1411
1383 1412
487 1413
1375 1414
157 1415
127 1416
467 1417
388 1418
58 1419
129 1420
791 1421
583 1422
941 1423
621 1424
1250 1425
585 1426
1091 1427
709 1428
427 1429
994 1430
1390 1431
512 1432
389 1433
36 1434
108 1435
365 1436
225 1437
352 1438
1047 1439
758 1440
350 1441
779 1442
303 1443
943 1444
871 1445
612 1446
382 1447
586 1448
1441 1449
1300 1450
1045 1451
359 1452
820 1453
1233 1454
836 1455
1430 1456
365 1457
760 1458
91 1459
770 1460
278 1461
115 1462
980 1463
910 1464
1246 1465
1430 1466
1001 1467
344 1468
74 1469
69 1470
787 1471
175 1472
1082 1473
1239 1474
924 1475
340 1476
918 1477
220 1478
990 1479
336 1480
520 1481
196 1482
219 1483
15 1484
330 1485
1087 1486
219 1487
1254 1488
779 1489
216 1490
592 1491
742 1492
978 1493
228 1494
1449 1495
662 1496
1271 1497
1191 1498
1492 1499
378 1500
571 1501
275 1502
1346 1503
284 1504
693 1505
41 1506
423 1507
399 1508
1204 1509
1435 1510
1115 1511
1472 1512
286 1513
1334 1514
1488 1515
437 1516
938 1517
1226 1518
1305 1519
728 1520
1242 1521
65 1522
449 1523
1337 1524
189 1525
1368 1526
899 1527
603 1528
1092 1529
603 1530
439 1531
654 1532
366 1533
226 1534
177 1535
183 1536
537 1537
83 1538
1481 1539
663 1540
858 1541
210 1542
1520 1543
178 1544
797 1545
919 1546
1074 1547
835 1548
515 1549
1069 1550
11 1551
1309 1552
1247 1553
1371 1554
1426 1555
511 1556
236 1557
809 1558
609 1559
883 1560
959 1561
421 1562
1072 1563
35 1564
1329 1565
600 1566
695 1567
1005 1568
1531 1569
749 1570
1040 1571
604 1572
1021 1573
530 1574
910 1575
1331 1576
243 1577
48 1578
1511 1579
334 1580
804 1581
790 1582
843 1583
367 1584
581 1585
1084 1586
1372 1587
699 1588
28 1589
463 1590
55 1591
1435 1592
601 1593
1143 1594
471 1595
471 1596
742 1597
913 1598
650 1599
201 1600
1283 1601
1037 1602
638 1603
112 1604
911 1605
3 1606
582 1607
114 1608
126 1609
760 1610
1576 1611
1466 1612
543 1613
471 1614
196 1615
734 1616
873 1617
982 1618
1448 1619
1309 1620
72 1621
1533 1622
136 1623
477 1624
486 1625
1443 1626
1053 1627
114 1628
1606 1629
1455 1630
369 1631
320 1632
528 1633
343 1634
223 1635
1122 1636
841 1637
9 1638
521 1639
977 1640
1056 1641
249 1642
1204 1643
1162 1644
1182 1645
1559 1646
327 1647
798 1648
716 1649
7 1650
1129 1651
1380 1652
1321 1653
1588 1654
409 1655
784 1656
1644 1657
595 1658
466 1659
545 1660
1337 1661
1348 1662
676 1663
1100 1664
1350 1665
1147 1666
1304 1667
965 1668
926 1669
1637 1670
1623 1671
1349 1672
963 1673
825 1674
1157 1675
756 1676
1386 1677
83 1678
1451 1679
681 1680
1536 1681
795 1682
1240 1683
1181 1684
1373 1685
1190 1686
272 1687
596 1688
515 1689
563 1690
586 1691
1132 1692
458 1693
1265 1694
573 1695
880 1696
1671 1697
767 1698
76 1699
784 1700
733 1701
862 1702
943 1703
381 1704
399 1705
1531 1706
1565 1707
1643 1708
1020 1709
1600 1710
1197 1711
687 1712
383 1713
342 1714
1276 1715
1088 1716
1300 1717
702 1718
670 1719
304 1720
988 1721
837 1722
1621 1723
413 1724
362 1725
153 1726
750 1727
236 1728
1678 1729
208 1730
83 1731
550 1732
341 1733
492 1734
1398 1735
796 1736
137 1737
627 1738
1029 1739
530 1740
1605 1741
590 1742
1041 1743
806 1744
1441 1745
1648 1746
1261 1747
1171 1748
743 1749
644 1750
1273 1751
1635 1752
236 1753
1131 1754
624 1755
1281 1756
446 1757
892 1758
1384 1759
153 1760
807 1761
733 1762
1289 1763
1097 1764
333 1765
305 1766
803 1767
376 1768
1041 1769
188 1770
490 1771
1734 1772
636 1773
1231 1774
1547 1775
1287 1776
1368 1777
1061 1778
761 1779
1409 1780
90 1781
1335 1782
357 1783
1673 1784
205 1785
1607 1786
1415 1787
1572 1788
1306 1789
89 1790
1585 1791
1194 1792
772 1793
1326 1794
1277 1795
990 1796
849 1797
58 1798
559 1799
610 1800
1634 1801
129 1802
433 1803
346 1804
901 1805
1150 1806
499 1807
1396 1808
1664 1809
121 1810
1341 1811
571 1812
705 1813
716 1814
963 1815
882 1816
1157 1817
1221 1818
710 1819
1712 1820
408 1821
1567 1822
862 1823
320 1824
823 1825
611 1826
1487 1827
272 1828
297 1829
1082 1830
184 1831
184 1832
786 1833
283 1834
1034 1835
1328 1836
1109 1837
881 1838
1609 1839
608 1840
94 1841
566 1842
1506 1843
114 1844
150 1845
429 1846
178 1847
776 1848
1296 1849
1641 1850
299 1851
1150 1852
355 1853
1627 1854
1409 1855
117 1856
670 1857
349 1858
1118 1859
1077 1860
128 1861
455 1862
1400 1863
46 1864
867 1865
833 1866
869 1867
974 1868
299 1869
302 1870
1221 1871
1302 1872
228 1873
1664 1874
1257 1875
1689 1876
720 1877
917 1878
974 1879
501 1880
1491 1881
600 1882
1299 1883
1785 1884
646 1885
958 1886
1327 1887
939 1888
433 1889
108 1890
318 1891
1241 1892
1037 1893
326 1894
1519 1895
203 1896
1341 1897
1665 1898
1841 1899
1632 1900
157 1901
1441 1902
244 1903
284 1904
246 1905
72 1906
504 1907
1822 1908
1123 1909
1778 1910
434 1911
425 1912
1899 1913
166 1914
133 1915
115 1916
163 1917
594 1918
6 1919
611 1920
136 1921
1347 1922
987 1923
1308 1924
99 1925
797 1926
1711 1927
531 1928
141 1929
515 1930
1786 1931
1530 1932
1530 1933
701 1934
449 1935
1714 1936
1141 1937
617 1938
669 1939
1404 1940
609 1941
1300 1942
1708 1943
468 1944
1400 1945
890 1946
951 1947
1179 1948
315 1949
1111 1950
1662 1951
900 1952
1036 1953
1665 1954
675 1955
780 1956
765 1957
1271 1958
1444 1959
1693 1960
968 1961
1633 1962
1716 1963
1441 1964
1534 1965
520 1966
710 1967
1204 1968
1794 1969
1601 1970
523 1971
245 1972
1674 1973
1553 1974
1934 1975
86 1976
975 1977
1289 1978
1332 1979
1028 1980
841 1981
1927 1982
776 1983
173 1984
263 1985
1517 1986
652 1987
575 1988
994 1989
253 1990
1254 1991
504 1992
1976 1993
1955 1994
321 1995
1736 1996
661 1997
899 1998
1794 1999
886 2000
1883 2001
1090 2002
731 2003
239 2004
432 2005
542 2006
1007 2007
609 2008
1686 2009
1183 2010
288 2011
384 2012
1019 2013
1122 2014
352 2015
687 2016
1869 2017
91 2018
280 2019
1718 2020
814 2021
131 2022
752 2023
1106 2024
1012 2025
801 2026
192 2027
102 2028
586 2029
1382 2030
991 2031
1861 2032
695 2033
439 2034
199 2035
628 2036
992 2037
1877 2038
963 2039
1841 2040
1292 2041
79 2042
1173 2043
1018 2044
1766 2045
774 2046
1666 2047
1302 2048
921 2049
844 2050
342 2051
284 2052
823 2053
691 2054
1312 2055
876 2056
306 2057
1812 2058
394 2059
2002 2060
736 2061
570 2062
371 2063
489 2064
1343 2065
1791 2066
1536 2067
463 2068
443 2069
1319 2070
1634 2071
1704 2072
1666 2073
1471 2074
659 2075
2019 2076
856 2077
763 2078
1269 2079
1301 2080
1159 2081
1374 2082
229 2083
576 2084
632 2085
1175 2086
105 2087
1864 2088
1163 2089
1703 2090
646 2091
1871 2092
1828 2093
1528 2094
1826 2095
1409 2096
349 2097
1123 2098
1036 2099
354 2100
1132 2101
416 2102
1284 2103
814 2104
2077 2105
1326 2106
44 2107
1454 2108
987 2109
947 2110
1687 2111
1685 2112
1980 2113
714 2114
1729 2115
15 2116
944 2117
1219 2118
1908 2119
1959 2120
14 2121
1351 2122
1165 2123
8 2124
752 2125
1201 2126
1303 2127
1912 2128
1311 2129
2040 2130
1883 2131
138 2132
1524 2133
620 2134
629 2135
830 2136
2007 2137
2127 2138
1822 2139
741 2140
488 2141
923 2142
683 2143
828 2144
1787 2145
1141 2146
714 2147
1517 2148
827 2149
1344 2150
835 2151
1382 2152
1878 2153
1212 2154
1159 2155
1323 2156
1452 2157
1614 2158
2099 2159
476 2160
409 2161
2097 2162
874 2163
1427 2164
385 2165
1525 2166
1366 2167
1295 2168
821 2169
1228 2170
764 2171
639 2172
493 2173
1118 2174
1604 2175
1565 2176
463 2177
1314 2178
1416 2179
1769 2180
1294 2181
1227 2182
2068 2183
2035 2184
501 2185
1619 2186
1738 2187
2024 2188
1453 2189
1443 2190
989 2191
795 2192
1462 2193
1846 2194
1967 2195
1318 2196
438 2197
1291 2198
1334 2199
241 2200
1488 2201
317 2202
2093 2203
939 2204
2155 2205
1019 2206
536 2207
565 2208
1131 2209
531 2210
16 2211
552 2212
250 2213
1000 2214
1233 2215
1075 2216
807 2217
153 2218
2217 2219
649 2220
264 2221
1087 2222
1327 2223
1569 2224
1075 2225
2116 2226
1092 2227
2038 2228
792 2229
1229 2230
1424 2231
1409 2232
243 2233
7 2234
778 2235
479 2236
580 2237
538 2238
1438 2239
607 2240
1757 2241
365 2242
1149 2243
1966 2244
2219 2245
64 2246
1089 2247
1834 2248
1413 2249
2130 2250
1191 2251
1842 2252
1078 2253
957 2254
330 2255
1658 2256
430 2257
1998 2258
1292 2259
481 2260
1749 2261
1480 2262
1475 2263
382 2264
2130 2265
561 2266
1018 2267
471 2268
1190 2269
692 2270
2257 2271
234 2272
2059 2273
2038 2274
537 2275
1278 2276
356 2277
1101 2278
2103 2279
1087 2280
1513 2281
2234 2282
1798 2283
1797 2284
143 2285
1511 2286
1513 2287
657 2288
1565 2289
1531 2290
1034 2291
809 2292
1324 2293
2044 2294
2138 2295
2004 2296
607 2297
702 2298
2001 2299
717 2300
1814 2301
2042 2302
1756 2303
1583 2304
1504 2305
72 2306
429 2307
961 2308
1102 2309
556 2310
663 2311
265 2312
266 2313
76 2314
1248 2315
2288 2316
1385 2317
1807 2318
46 2319
1152 2320
1681 2321
2018 2322
1733 2323
993 2324
1006 2325
284 2326
867 2327
294 2328
1883 2329
1594 2330
94 2331
1140 2332
1851 2333
1932 2334
1581 2335
372 2336
1022 2337
1590 2338
1577 2339
331 2340
1425 2341
1263 2342
148 2343
1064 2344
1102 2345
1740 2346
1240 2347
1050 2348
1728 2349
46 2350
1352 2351
1511 2352
478 2353
1433 2354
250 2355
1420 2356
445 2357
1733 2358
2025 2359
1585 2360
2354 2361
167 2362
1354 2363
977 2364
776 2365
1388 2366
674 2367
1082 2368
681 2369
1852 2370
1749 2371
1294 2372
35 2373
2333 2374
973 2375
1928 2376
1297 2377
389 2378
465 2379
1313 2380
1699 2381
604 2382
2359 2383
738 2384
465 2385
814 2386
1712 2387
1054 2388
1056 2389
2142 2390
2286 2391
165 2392
1528 2393
387 2394
2302 2395
380 2396
283 2397
1659 2398
1624 2399
924 2400
2030 2401
194 2402
688 2403
1448 2404
2072 2405
479 2406
391 2407
342 2408
1016 2409
1537 2410
1492 2411
2023 2412
961 2413
279 2414
170 2415
750 2416
233 2417
928 2418
1819 2419
1532 2420
1381 2421
2156 2422
1216 2423
1258 2424
1795 2425
142 2426
128 2427
1675 2428
1656 2429
1397 2430
1781 2431
286 2432
2009 2433
1856 2434
1771 2435
618 2436
771 2437
1759 2438
1862 2439
899 2440
222 2441
108 2442
2422 2443
451 2444
517 2445
1348 2446
107 2447
303 2448
722 2449
814 2450
62 2451
381 2452
2205 2453
665 2454
771 2455
1070 2456
888 2457
554 2458
1448 2459
789 2460
1118 2461
1034 2462
1094 2463
1425 2464
1584 2465
178 2466
2331 2467
2039 2468
810 2469
1133 2470
1351 2471
13 2472
1977 2473
831 2474
1888 2475
1665 2476
1857 2477
2425 2478
1161 2479
2242 2480
1352 2481
1403 2482
868 2483
1620 2484
555 2485
1159 2486
496 2487
220 2488
2202 2489
2196 2490
333 2491
106 2492
917 2493
2115 2494
1980 2495
2252 2496
1678 2497
1640 2498
484 2499
616 2500
116 2501
943 2502
297 2503
1497 2504
2349 2505
1171 2506
128 2507
2315 2508
562 2509
1803 2510
795 2511
1194 2512
56 2513
1557 2514
905 2515
596 2516
1500 2517
134 2518
1609 2519
1923 2520
2023 2521
1227 2522
1110 2523
1131 2524
2157 2525
1565 2526
239 2527
526 2528
1500 2529
774 2530
891 2531
2396 2532
2294 2533
1435 2534
561 2535
936 2536
69 2537
2340 2538
874 2539
2227 2540
1949 2541
178 2542
1786 2543
1205 2544
2505 2545
52 2546
425 2547
1606 2548
545 2549
498 2550
1180 2551
157 2552
1271 2553
1766 2554
1449 2555
2189 2556
2041 2557
1560 2558
246 2559
1648 2560
2014 2561
545 2562
682 2563
1584 2564
727 2565
1249 2566
715 2567
357 2568
2016 2569
1514 2570
898 2571
681 2572
2176 2573
1510 2574
2564 2575
1652 2576
529 2577
136 2578
1954 2579
2369 2580
793 2581
1810 2582
1420 2583
44 2584
1602 2585
926 2586
2379 2587
2230 2588
2300 2589
1457 2590
1210 2591
608 2592
1460 2593
1387 2594
1875 2595
1962 2596
964 2597
2164 2598
2548 2599
1729 2600
2398 2601
2133 2602
520 2603
1851 2604
693 2605
2198 2606
1770 2607
2091 2608
39 2609
372 2610
510 2611
2152 2612
2171 2613
1263 2614
875 2615
2487 2616
1498 2617
707 2618
2242 2619
2543 2620
1135 2621
98 2622
861 2623
874 2624
241 2625
774 2626
2600 2627
2536 2628
58 2629
368 2630
860 2631
2289 2632
553 2633
545 2634
225 2635
118 2636
173 2637
2392 2638
586 2639
660 2640
357 2641
2415 2642
1399 2643
120 2644
943 2645
840 2646
1193 2647
2077 2648
308 2649
2602 2650
1983 2651
2469 2652
1259 2653
2361 2654
2098 2655
1454 2656
533 2657
1478 2658
1687 2659
1106 2660
486 2661
181 2662
814 2663
2231 2664
1256 2665
406 2666
1666 2667
1444 2668
1500 2669
1175 2670
20 2671
131 2672
1619 2673
242 2674
1661 2675
594 2676
1486 2677
1051 2678
1326 2679
882 2680
2294 2681
295 2682
50 2683
2014 2684
433 2685
427 2686
1710 2687
1119 2688
1618 2689
119 2690
1943 2691
6 2692
973 2693
841 2694
1903 2695
1686 2696
85 2697
1865 2698
1859 2699
2625 2700
543 2701
2055 2702
1181 2703
637 2704
2528 2705
2462 2706
1986 2707
697 2708
2244 2709
2668 2710
1845 2711
1585 2712
2565 2713
672 2714
2455 2715
204 2716
901 2717
2222 2718
2647 2719
2013 2720
87 2721
1830 2722
1762 2723
1021 2724
1210 2725
2557 2726
2615 2727
2598 2728
1498 2729
1221 2730
802 2731
1282 2732
2579 2733
765 2734
1136 2735
988 2736
1068 2737
2636 2738
2682 2739
1562 2740
1393 2741
2465 2742
1186 2743
2526 2744
2298 2745
1530 2746
1138 2747
483 2748
2147 2749
668 2750
2527 2751
2637 2752
1477 2753
667 2754
701 2755
2454 2756
2408 2757
244 2758
1587 2759
1110 2760
683 2761
1169 2762
59 2763
1720 2764
2254 2765
2400 2766
1692 2767
726 2768
2586 2769
392 2770
450 2771
107 2772
1106 2773
2131 2774
1238 2775
397 2776
1335 2777
1711 2778
389 2779
592 2780
146 2781
1488 2782
666 2783
756 2784
1707 2785
2372 2786
987 2787
461 2788
1612 2789
2353 2790
1794 2791
2231 2792
2695 2793
1208 2794
34 2795
369 2796
1385 2797
2479 2798
2697 2799
209 2800
2501 2801
2697 2802
2546 2803
2233 2804
1718 2805
1895 2806
541 2807
1909 2808
167 2809
231 2810
2337 2811
2707 2812
2083 2813
1875 2814
1219 2815
1563 2816
2447 2817
569 2818
699 2819
871 2820
529 2821
105 2822
1936 2823
1484 2824
1216 2825
1410 2826
2796 2827
40 2828
1101 2829
1548 2830
2526 2831
1622 2832
2717 2833
2010 2834
2631 2835
1439 2836
310 2837
1030 2838
1707 2839
912 2840
1697 2841
1870 2842
2745 2843
1650 2844
1146 2845
1662 2846
1350 2847
2190 2848
2006 2849
2532 2850
1604 2851
684 2852
475 2853
1493 2854
1782 2855
92 2856
1426 2857
1356 2858
483 2859
1379 2860
2586 2861
1653 2862
373 2863
2625 2864
2205 2865
2778 2866
2787 2867
792 2868
728 2869
1542 2870
986 2871
2535 2872
1702 2873
2613 2874
1669 2875
1292 2876
2014 2877
504 2878
2353 2879
525 2880
1276 2881
1020 2882
2318 2883
297 2884
2849 2885
2588 2886
1901 2887
2199 2888
1931 2889
2707 2890
2237 2891
2088 2892
2124 2893
2673 2894
386 2895
318 2896
976 2897
718 2898
1698 2899
586 2900
1330 2901
130 2902
1658 2903
915 2904
272 2905
2146 2906
2560 2907
529 2908
668 2909
1264 2910
2448 2911
2779 2912
2428 2913
1044 2914
701 2915
1308 2916
1630 2917
1904 2918
2717 2919
2551 2920
2403 2921
1213 2922
1587 2923
565 2924
1037 2925
2367 2926
756 2927
289 2928
1923 2929
1989 2930
1730 2931
1527 2932
667 2933
2813 2934
1617 2935
1394 2936
706 2937
1038 2938
1496 2939
1322 2940
419 2941
2429 2942
2350 2943
1612 2944
1065 2945
2707 2946
388 2947
2528 2948
1844 2949
948 2950
771 2951
2882 2952
2471 2953
732 2954
2869 2955
449 2956
398 2957
2056 2958
2757 2959
2096 2960
540 2961
21 2962
2586 2963
2937 2964
2734 2965
2774 2966
2038 2967
2659 2968
635 2969
2330 2970
897 2971
2317 2972
2107 2973
127 2974
198 2975
2020 2976
1714 2977
2946 2978
2453 2979
1186 2980
1658 2981
1142 2982
2648 2983
2221 2984
406 2985
1885 2986
2876 2987
320 2988
2306 2989
646 2990
1992 2991
236 2992
2126 2993
2170 2994
1008 2995
2991 2996
1043 2997
2940 2998
877 2999
1197 3000
339 3001
895 3002
110 3003
2488 3004
548 3005
766 3006
1882 3007
773 3008
2524 3009
2878 3010
1213 3011
886 3012
1784 3013
2772 3014
2267 3015
2277 3016
701 3017
2185 3018
1207 3019
2647 3020
2589 3021
800 3022
546 3023
1289 3024
1688 3025
2496 3026
2185 3027
2441 3028
157 3029
2413 3030
1462 3031
14 3032
66 3033
1036 3034
1810 3035
1677 3036
658 3037
807 3038
2136 3039
1038 3040
2734 3041
682 3042
806 3043
16 3044
2430 3045
314 3046
2044 3047
2442 3048
1759 3049
719 3050
837 3051
1456 3052
844 3053
2851 3054
404 3055
419 3056
2387 3057
1020 3058
801 3059
26 3060
2883 3061
1631 3062
1460 3063
1000 3064
36 3065
707 3066
1312 3067
2893 3068
2098 3069
889 3070
973 3071
1524 3072
2225 3073
2157 3074
2190 3075
1047 3076
748 3077
137 3078
520 3079
1215 3080
1109 3081
1030 3082
554 3083
79 3084
593 3085
1343 3086
2414 3087
1506 3088
309 3089
1136 3090
1573 3091
294 3092
1739 3093
395 3094
223 3095
824 3096
2481 3097
1382 3098
2925 3099
660 3100
3091 3101
1970 3102
1754 3103
770 3104
2453 3105
2869 3106
789 3107
1166 3108
2851 3109
1470 3110
3013 3111
1558 3112
1329 3113
2592 3114
2623 3115
508 3116
2774 3117
1501 3118
1431 3119
1768 3120
808 3121
688 3122
1649 3123
245 3124
1595 3125
577 3126
1811 3127
776 3128
1851 3129
1746 3130
824 3131
581 3132
1755 3133
1264 3134
1951 3135
714 3136
177 3137
1811 3138
2676 3139
1576 3140
2254 3141
1602 3142
589 3143
1944 3144
214 3145
120 3146
1728 3147
2627 3148
1853 3149
3037 3150
2746 3151
2265 3152
3085 3153
526 3154
1211 3155
367 3156
3012 3157
3077 3158
241 3159
1584 3160
3155 3161
518 3162
93 3163
1821 3164
3140 3165
317 3166
1935 3167
3139 3168
2859 3169
1004 3170
758 3171
1172 3172
2949 3173
2597 3174
1865 3175
1027 3176
1224 3177
1974 3178
1664 3179
1755 3180
2071 3181
276 3182
2986 3183
202 3184
2036 3185
373 3186
2554 3187
449 3188
1666 3189
1494 3190
229 3191
318 3192
2672 3193
2502 3194
1249 3195
122 3196
631 3197
1159 3198
2525 3199
944 3200
1599 3201
1226 3202
2045 3203
2351 3204
3129 3205
2980 3206
1215 3207
1509 3208
2849 3209
2550 3210
1403 3211
2945 3212
2596 3213
2887 3214
1952 3215
1957 3216
1398 3217
2968 3218
2778 3219
469 3220
6 3221
1669 3222
1972 3223
2668 3224
2913 3225
1897 3226
3020 3227
732 3228
313 3229
1762 3230
945 3231
84 3232
576 3233
140 3234
2251 3235
1149 3236
402 3237
1797 3238
377 3239
1066 3240
1089 3241
1418 3242
1749 3243
2073 3244
1755 3245
559 3246
1001 3247
3030 3248
1018 3249
704 3250
2327 3251
296 3252
3009 3253
709 3254
2655 3255
2469 3256
2314 3257
474 3258
2803 3259
624 3260
63 3261
516 3262
2757 3263
2036 3264
2387 3265
2332 3266
2225 3267
1477 3268
223 3269
957 3270
1342 3271
1797 3272
2640 3273
1226 3274
12 3275
318 3276
2624 3277
587 3278
2224 3279
1077 3280
2185 3281
2235 3282
203 3283
2990 3284
819 3285
1142 3286
1366 3287
2794 3288
184 3289
1157 3290
121 3291
2669 3292
2208 3293
271 3294
1601 3295
3206 3296
1300 3297
409 3298
2002 3299
2546 3300
1905 3301
2522 3302
1107 3303
1673 3304
2024 3305
1479 3306
2624 3307
931 3308
2284 3309
3075 3310
2156 3311
1552 3312
755 3313
1730 3314
2317 3315
98 3316
1251 3317
641 3318
1924 3319
216 3320
2638 3321
2107 3322
72 3323
670 3324
112 3325
3287 3326
1451 3327
1607 3328
1458 3329
1127 3330
2204 3331
186 3332
1699 3333
893 3334
805 3335
1220 3336
1616 3337
438 3338
1313 3339
776 3340
1768 3341
2108 3342
396 3343
1198 3344
1339 3345
1567 3346
2197 3347
1909 3348
1408 3349
1799 3350
734 3351
1215 3352
130 3353
437 3354
2460 3355
1495 3356
2051 3357
947 3358
2129 3359
662 3360
2938 3361
2594 3362
1632 3363
1220 3364
370 3365
297 3366
3099 3367
782 3368
2556 3369
469 3370
1796 3371
3192 3372
602 3373
1811 3374
337 3375
1968 3376
2253 3377
2587 3378
343 3379
2904 3380
2817 3381
1979 3382
3244 3383
2475 3384
1070 3385
2591 3386
3328 3387
3128 3388
223 3389
1514 3390
166 3391
2750 3392
275 3393
1296 3394
1720 3395
978 3396
1750 3397
568 3398
2089 3399
1908 3400
1027 3401
1269 3402
106 3403
58 3404
2363 3405
3274 3406
626 3407
2921 3408
3163 3409
727 3410
881 3411
2843 3412
204 3413
383 3414
2146 3415
2799 3416
3247 3417
2953 3418
1024 3419
932 3420
1696 3421
84 3422
2784 3423
1441 3424
2226 3425
553 3426
2664 3427
2260 3428
2906 3429
2712 3430
2049 3431
1345 3432
55 3433
1820 3434
1041 3435
3398 3436
673 3437
3028 3438
1231 3439
3055 3440
1943 3441
1406 3442
2293 3443
3143 3444
452 3445
3249 3446
822 3447
1707 3448
484 3449
2314 3450
1681 3451
1712 3452
1210 3453
1534 3454
2630 3455
1083 3456
1658 3457
2703 3458
279 3459
1127 3460
1834 3461
1061 3462
2651 3463
2217 3464
510 3465
2016 3466
3281 3467
2905 3468
693 3469
135 3470
1150 3471
670 3472
2144 3473
1990 3474
1989 3475
1506 3476
1791 3477
3475 3478
1342 3479
2042 3480
543 3481
3304 3482
493 3483
1207 3484
1887 3485
1801 3486
2563 3487
263 3488
2796 3489
1139 3490
616 3491
1124 3492
2027 3493
3350 3494
3132 3495
2814 3496
2717 3497
991 3498
784 3499
738 3500
1401 3501
2487 3502
879 3503
2019 3504
1729 3505
1230 3506
177 3507
1929 3508
2771 3509
3276 3510
2283 3511
1608 3512
833 3513
3100 3514
2670 3515
1445 3516
1769 3517
341 3518
2765 3519
655 3520
10 3521
1675 3522
1178 3523
323 3524
2870 3525
2797 3526
846 3527
2204 3528
1348 3529
1953 3530
2504 3531
1957 3532
1571 3533
624 3534
3200 3535
2786 3536
1253 3537
2057 3538
1470 3539
1901 3540
3232 3541
664 3542
3086 3543
3207 3544
3479 3545
1480 3546
1427 3547
1659 3548
504 3549
590 3550
291 3551
2109 3552
2070 3553
1718 3554
3539 3555
2734 3556
2831 3557
1955 3558
158 3559
2953 3560
2401 3561
1656 3562
2031 3563
2404 3564
1109 3565
2453 3566
3312 3567
798 3568
29 3569
3421 3570
3514 3571
1673 3572
1083 3573
2458 3574
117 3575
778 3576
112 3577
2674 3578
2120 3579
2523 3580
2606 3581
2238 3582
2281 3583
1079 3584
1130 3585
554 3586
1478 3587
1748 3588
2727 3589
888 3590
855 3591
3454 3592
1333 3593
1151 3594
540 3595
2398 3596
1231 3597
1986 3598
2693 3599
971 3600
1221 3601
2930 3602
936 3603
1238 3604
371 3605
102 3606
403 3607
3360 3608
1121 3609
232 3610
712 3611
1839 3612
3269 3613
3412 3614
2390 3615
2208 3616
3440 3617
663 3618
1965 3619
2172 3620
1848 3621
3315 3622
1798 3623
2767 3624
2157 3625
1103 3626
1065 3627
3105 3628
2235 3629
2939 3630
1011 3631
1662 3632
418 3633
3103 3634
3205 3635
243 3636
896 3637
3511 3638
473 3639
689 3640
1044 3641
817 3642
2776 3643
889 3644
434 3645
760 3646
511 3647
1868 3648
208 3649
3332 3650
1770 3651
3224 3652
233 3653
3643 3654
293 3655
559 3656
2246 3657
1049 3658
2612 3659
3221 3660
1423 3661
1326 3662
197 3663
645 3664
162 3665
1976 3666
1359 3667
2843 3668
99 3669
997 3670
2397 3671
1325 3672
389 3673
1620 3674
2686 3675
1047 3676
876 3677
705 3678
3227 3679
556 3680
1688 3681
877 3682
2697 3683
1099 3684
706 3685
222 3686
1321 3687
700 3688
92 3689
880 3690
2262 3691
750 3692
1880 3693
3644 3694
2256 3695
870 3696
384 3697
2851 3698
2715 3699
1882 3700
870 3701
1153 3702
3116 3703
1979 3704
738 3705
1610 3706
123 3707
2912 3708
3383 3709
1332 3710
2398 3711
3252 3712
3406 3713
1828 3714
1968 3715
3590 3716
394 3717
1646 3718
238 3719
1971 3720
3598 3721
1284 3722
104 3723
1309 3724
3237 3725
377 3726
2543 3727
2438 3728
208 3729
665 3730
505 3731
2067 3732
1915 3733
3481 3734
2386 3735
3321 3736
209 3737
2416 3738
3539 3739
1202 3740
2736 3741
2717 3742
581 3743
2302 3744
1201 3745
2252 3746
2019 3747
2089 3748
2487 3749
1039 3750
3284 3751
1165 3752
811 3753
707 3754
2341 3755
1435 3756
3310 3757
1928 3758
3706 3759
231 3760
143 3761
2467 3762
1234 3763
591 3764
1749 3765
1605 3766
1597 3767
3725 3768
2279 3769
498 3770
2229 3771
2169 3772
2586 3773
1955 3774
3544 3775
3162 3776
2683 3777
1403 3778
601 3779
3571 3780
2585 3781
1757 3782
1620 3783
3697 3784
984 3785
3310 3786
289 3787
3577 3788
3689 3789
1095 3790
24 3791
3485 3792
591 3793
2008 3794
3492 3795
553 3796
3373 3797
3642 3798
3633 3799
3475 3800
880 3801
1343 3802
113 3803
2746 3804
667 3805
1882 3806
2960 3807
3579 3808
3580 3809
2411 3810
3368 3811
3080 3812
3142 3813
3488 3814
923 3815
1121 3816
2320 3817
2148 3818
611 3819
3204 3820
654 3821
2624 3822
1021 3823
908 3824
3000 3825
812 3826
836 3827
1695 3828
2516 3829
3025 3830
2629 3831
2613 3832
3172 3833
3241 3834
3305 3835
1482 3836
2748 3837
1403 3838
2776 3839
3265 3840
2804 3841
3122 3842
2253 3843
2848 3844
3579 3845
2232 3846
1928 3847
71 3848
2036 3849
1906 3850
1898 3851
3434 3852
938 3853
3621 3854
2961 3855
2221 3856
1252 3857
637 3858
2629 3859
3820 3860
2462 3861
263 3862
3809 3863
2143 3864
3100 3865
864 3866
2630 3867
1153 3868
1786 3869
2091 3870
2664 3871
2081 3872
3371 3873
2289 3874
15 3875
3323 3876
2399 3877
1102 3878
2445 3879
1760 3880
2308 3881
3695 3882
3451 3883
1313 3884
3506 3885
574 3886
3322 3887
1076 3888
1324 3889
3432 3890
241 3891
2513 3892
3281 3893
2206 3894
3531 3895
414 3896
1590 3897
895 3898
717 3899
435 3900
1262 3901
780 3902
2919 3903
3350 3904
1240 3905
78 3906
2639 3907
1335 3908
199 3909
2922 3910
586 3911
3351 3912
3757 3913
2277 3914
3024 3915
1200 3916
356 3917
3491 3918
1169 3919
625 3920
1002 3921
3426 3922
9 3923
3678 3924
1367 3925
1620 3926
2990 3927
1905 3928
3454 3929
3639 3930
2043 3931
3931 3932
2339 3933
1222 3934
3151 3935
2883 3936
1055 3937
1020 3938
135 3939
3167 3940
2229 3941
759 3942
3776 3943
298 3944
3667 3945
2437 3946
3296 3947
3864 3948
3859 3949
3854 3950
3568 3951
2013 3952
3575 3953
1499 3954
1898 3955
3713 3956
2543 3957
2693 3958
800 3959
1416 3960
1737 3961
1293 3962
2424 3963
3389 3964
3100 3965
2722 3966
1095 3967
1547 3968
275 3969
1325 3970
3776 3971
2537 3972
1943 3973
2874 3974
69 3975
1751 3976
726 3977
1699 3978
853 3979
2224 3980
958 3981
572 3982
1536 3983
796 3984
1672 3985
1864 3986
878 3987
1101 3988
3260 3989
3425 3990
3495 3991
2078 3992
326 3993
951 3994
3545 3995
3617 3996
3310 3997
174 3998
361 3999
1881 4000
2568 4001
422 4002
2408 4003
2776 4004
907 4005
2781 4006
2033 4007
3277 4008
2399 4009
2810 4010
2585 4011
3128 4012
3003 4013
2909 4014
720 4015
2282 4016
1653 4017
2038 4018
1061 4019
746 4020
804 4021
1314 4022
3349 4023
3548 4024
1080 4025
2542 4026
1117 4027
2900 4028
913 4029
3295 4030
1948 4031
1440 4032
1001 4033
2181 4034
3152 4035
3996 4036
2800 4037
1561 4038
3493 4039
1643 4040
1085 4041
3100 4042
1059 4043
2091 4044
2120 4045
3505 4046
2963 4047
3901 4048
2827 4049
2587 4050
636 4051
3265 4052
3097 4053
1937 4054
373 4055
608 4056
3602 4057
2266 4058
1871 4059
3540 4060
2632 4061
1927 4062
3088 4063
2237 4064
3944 4065
2759 4066
1732 4067
595 4068
1502 4069
2066 4070
3581 4071
3900 4072
3318 4073
2770 4074
2129 4075
3841 4076
508 4077
592 4078
1823 4079
289 4080
132 4081
3182 4082
622 4083
895 4084
1244 4085
1592 4086
1479 4087
1133 4088
1427 4089
1439 4090
352 4091
1015 4092
3625 4093
784 4094
1158 4095
1442 4096
3003 4097
2519 4098
554 4099
3083 4100
1918 4101
3348 4102
3186 4103
3665 4104
3754 4105
376 4106
542 4107
3140 4108
2348 4109
742 4110
2640 4111
1444 4112
2901 4113
2561 4114
2322 4115
1290 4116
1110 4117
3230 4118
2080 4119
1929 4120
2818 4121
3412 4122
1556 4123
3291 4124
2617 4125
4070 4126
1407 4127
3601 4128
1045 4129
605 4130
1586 4131
4048 4132
2873 4133
3362 4134
1682 4135
1329 4136
3569 4137
854 4138
2667 4139
2648 4140
907 4141
2499 4142
63 4143
538 4144
2399 4145
1035 4146
2888 4147
3651 4148
1377 4149
2948 4150
3653 4151
946 4152
2026 4153
3555 4154
2592 4155
3149 4156
491 4157
673 4158
2060 4159
1505 4160
550 4161
40 4162
1755 4163
1800 4164
3981 4165
352 4166
1301 4167
2392 4168
274 4169
883 4170
2223 4171
1754 4172
2292 4173
4161 4174
2582 4175
1194 4176
2033 4177
784 4178
1998 4179
3927 4180
2147 4181
2796 4182
439 4183
7 4184
978 4185
940 4186
103 4187
1293 4188
1955 4189
2339 4190
3312 4191
3 4192
3599 4193
1665 4194
1765 4195
768 4196
3180 4197
3307 4198
3100 4199
1677 4200
609 4201
3246 4202
1575 4203
651 4204
197 4205
3528 4206
952 4207
4133 4208
1812 4209
2534 4210
2180 4211
882 4212
2842 4213
3208 4214
1231 4215
1275 4216
2892 4217
2003 4218
318 4219
187 4220
183 4221
2249 4222
1921 4223
2501 4224
2516 4225
1490 4226
1963 4227
2788 4228
1574 4229
3839 4230
113 4231
1013 4232
1994 4233
1991 4234
783 4235
2699 4236
3335 4237
1828 4238
553 4239
57 4240
15 4241
1355 4242
1976 4243
797 4244
1481 4245
24 4246
3594 4247
3577 4248
3789 4249
996 4250
2762 4251
1206 4252
3677 4253
2619 4254
2900 4255
1851 4256
1821 4257
3013 4258
1464 4259
1708 4260
3601 4261
1457 4262
3169 4263
566 4264
2717 4265
1585 4266
365 4267
4091 4268
1218 4269
761 4270
843 4271
986 4272
541 4273
461 4274
3534 4275
2298 4276
1493 4277
3830 4278
1060 4279
2875 4280
1367 4281
1586 4282
82 4283
835 4284
202 4285
1260 4286
3925 4287
1736 4288
331 4289
2623 4290
1125 4291
1978 4292
719 4293
3893 4294
1246 4295
2848 4296
1797 4297
41 4298
11 4299
1679 4300
2350 4301
3483 4302
402 4303
462 4304
383 4305
920 4306
1317 4307
3147 4308
3116 4309
4002 4310
1355 4311
122 4312
2960 4313
825 4314
1430 4315
2976 4316
2726 4317
4103 4318
2358 4319
3772 4320
423 4321
4278 4322
3151 4323
3098 4324
1204 4325
3498 4326
3891 4327
926 4328
2487 4329
1149 4330
908 4331
2938 4332
2170 4333
1578 4334
2409 4335
774 4336
3683 4337
2430 4338
1237 4339
1289 4340
443 4341
3957 4342
2659 4343
489 4344
2059 4345
2902 4346
4046 4347
959 4348
52 4349
894 4350
2471 4351
3129 4352
2353 4353
637 4354
557 4355
376 4356
2467 4357
3807 4358
2427 4359
2340 4360
1584 4361
2536 4362
88 4363
1997 4364
1187 4365
787 4366
1384 4367
2670 4368
2 4369
2829 4370
2919 4371
3894 4372
935 4373
3411 4374
216 4375
3368 4376
3115 4377
4176 4378
585 4379
1484 4380
2864 4381
3080 4382
2645 4383
3354 4384
2863 4385
2923 4386
1507 4387
3028 4388
4290 4389
3627 4390
3798 4391
1962 4392
1833 4393
3408 4394
2752 4395
1768 4396
2554 4397
808 4398
1152 4399
1831 4400
1106 4401
3466 4402
2862 4403
2841 4404
4008 4405
2650 4406
1936 4407
1594 4408
1624 4409
1078 4410
1554 4411
77 4412
2678 4413
1135 4414
3413 4415
3883 4416
85 4417
663 4418
3278 4419
908 4420
310 4421
2153 4422
2034 4423
2271 4424
16 4425
524 4426
3308 4427
4295 4428
3538 4429
478 4430
2621 4431
152 4432
260 4433
2208 4434
3541 4435
339 4436
1440 4437
3529 4438
1831 4439
1483 4440
969 4441
2071 4442
236 4443
2244 4444
764 4445
3257 4446
3872 4447
4433 4448
674 4449
4400 4450
4102 4451
3242 4452
723 4453
3794 4454
2795 4455
3627 4456
515 4457
2585 4458
1998 4459
127 4460
4023 4461
289 4462
1900 4463
1504 4464
1293 4465
21 4466
2241 4467
3969 4468
2988 4469
3926 4470
308 4471
2436 4472
3985 4473
497 4474
399 4475
4193 4476
3294 4477
2177 4478
1179 4479
3460 4480
247 4481
2184 4482
1574 4483
388 4484
1673 4485
282 4486
3175 4487
1169 4488
2442 4489
3554 4490
1218 4491
1709 4492
2179 4493
161 4494
2133 4495
4281 4496
183 4497
456 4498
2657 4499
1202 4500
3734 4501
941 4502
950 4503
1498 4504
1895 4505
2737 4506
3159 4507
1718 4508
1811 4509
827 4510
218 4511
1635 4512
4484 4513
2158 4514
1566 4515
2072 4516
2219 4517
850 4518
3010 4519
1052 4520
3601 4521
1755 4522
1153 4523
4085 4524
4479 4525
1094 4526
3789 4527
96 4528
480 4529
3919 4530
1966 4531
1096 4532
2152 4533
3666 4534
3581 4535
1687 4536
4493 4537
2191 4538
4209 4539
3660 4540
2339 4541
4169 4542
4461 4543
4154 4544
3603 4545
1809 4546
3282 4547
1492 4548
1671 4549
2354 4550
1373 4551
1290 4552
1870 4553
566 4554
1800 4555
2915 4556
2498 4557
3530 4558
941 4559
3149 4560
2722 4561
1999 4562
4146 4563
4451 4564
2446 4565
337 4566
4228 4567
3497 4568
3645 4569
1742 4570
3489 4571
1549 4572
282 4573
681 4574
313 4575
3622 4576
312 4577
524 4578
351 4579
3683 4580
189 4581
267 4582
1123 4583
1756 4584
181 4585
4141 4586
2250 4587
4074 4588
347 4589
693 4590
3732 4591
1846 4592
3284 4593
1465 4594
36 4595
1706 4596
825 4597
1771 4598
2084 4599
2745 4600
2517 4601
3437 4602
1483 4603
659 4604
3146 4605
1618 4606
944 4607
3324 4608
4281 4609
3610 4610
4237 4611
2852 4612
3820 4613
270 4614
54 4615
3783 4616
4184 4617
3330 4618
2133 4619
4374 4620
2763 4621
4525 4622
4257 4623
1850 4624
4452 4625
2523 4626
4485 4627
1767 4628
343 4629
4510 4630
3797 4631
457 4632
4354 4633
596 4634
1403 4635
2062 4636
3979 4637
3678 4638
2131 4639
4374 4640
3678 4641
2595 4642
2912 4643
1208 4644
3324 4645
428 4646
2809 4647
1204 4648
4593 4649
787 4650
3616 4651
2091 4652
35 4653
293 4654
1580 4655
155 4656
1841 4657
1398 4658
238 4659
3793 4660
4266 4661
3028 4662
3081 4663
235 4664
2741 4665
1286 4666
1116 4667
3119 4668
3850 4669
2083 4670
511 4671
1246 4672
154 4673
142 4674
4484 4675
752 4676
3261 4677
2980 4678
5 4679
1937 4680
2802 4681
1832 4682
3701 4683
3159 4684
2210 4685
3923 4686
4186 4687
3586 4688
208 4689
10 4690
1154 4691
1146 4692
2429 4693
950 4694
95 4695
3482 4696
667 4697
1882 4698
18 4699
947 4700
3056 4701
2547 4702
1560 4703
3730 4704
2613 4705
548 4706
1483 4707
3656 4708
2622 4709
4400 4710
110 4711
4017 4712
2540 4713
1669 4714
3816 4715
2092 4716
2365 4717
293 4718
2001 4719
3520 4720
3538 4721
4372 4722
4022 4723
2277 4724
884 4725
4368 4726
552 4727
2020 4728
1764 4729
142 4730
1727 4731
2865 4732
2091 4733
3222 4734
3111 4735
595 4736
1084 4737
2944 4738
645 4739
59 4740
2760 4741
493 4742
6 4743
2495 4744
1364 4745
2534 4746
808 4747
3154 4748
1089 4749
1151 4750
3928 4751
4553 4752
1962 4753
4252 4754
4355 4755
2966 4756
1633 4757
2035 4758
3587 4759
4097 4760
2951 4761
3362 4762
2539 4763
1176 4764
4241 4765
2597 4766
2477 4767
84 4768
964 4769
4171 4770
3941 4771
2666 4772
1204 4773
3461 4774
1175 4775
764 4776
414 4777
3625 4778
68 4779
891 4780
3863 4781
3130 4782
3391 4783
3811 4784
4508 4785
1614 4786
976 4787
1635 4788
4145 4789
2763 4790
316 4791
1151 4792
3269 4793
1018 4794
833 4795
2831 4796
174 4797
1945 4798
3032 4799
3373 4800
38 4801
2623 4802
4326 4803
3118 4804
3100 4805
3227 4806
717 4807
1429 4808
3164 4809
3427 4810
581 4811
4100 4812
1355 4813
971 4814
1656 4815
611 4816
4235 4817
2141 4818
3202 4819
3261 4820
3076 4821
3752 4822
3579 4823
1 4824
2583 4825
3288 4826
4467 4827
271 4828
562 4829
4387 4830
4269 4831
1744 4832
641 4833
2212 4834
433 4835
638 4836
1790 4837
2865 4838
2657 4839
719 4840
4193 4841
500 4842
2814 4843
3690 4844
1924 4845
4760 4846
4637 4847
3156 4848
4286 4849
2153 4850
3106 4851
4472 4852
4085 4853
3178 4854
3462 4855
579 4856
4413 4857
262 4858
2793 4859
2180 4860
2102 4861
219 4862
1200 4863
1553 4864
686 4865
1331 4866
4777 4867
547 4868
1014 4869
2967 4870
4048 4871
2206 4872
1381 4873
1130 4874
1955 4875
4461 4876
1172 4877
4590 4878
4225 4879
3360 4880
990 4881
2610 4882
3370 4883
2380 4884
1078 4885
704 4886
8 4887
3935 4888
4790 4889
2509 4890
4206 4891
3113 4892
1781 4893
3309 4894
434 4895
3699 4896
12 4897
3350 4898
4418 4899
257 4900
2269 4901
255 4902
2205 4903
1546 4904
3336 4905
3362 4906
4671 4907
1146 4908
4446 4909
1625 4910
654 4911
3590 4912
3901 4913
3863 4914
4445 4915
3042 4916
1891 4917
923 4918
1995 4919
3508 4920
1135 4921
3244 4922
1852 4923
939 4924
1665 4925
2297 4926
257 4927
1581 4928
1567 4929
1910 4930
198 4931
3334 4932
3056 4933
2053 4934
4811 4935
3299 4936
4436 4937
1577 4938
4002 4939
4739 4940
4858 4941
4756 4942
565 4943
4322 4944
2751 4945
3417 4946
2313 4947
1985 4948
1274 4949
1680 4950
3152 4951
3222 4952
3332 4953
398 4954
2297 4955
4793 4956
482 4957
3801 4958
1383 4959
2189 4960
1161 4961
3254 4962
1154 4963
1351 4964
4014 4965
191 4966
4916 4967
1871 4968
2980 4969
2590 4970
2569 4971
2641 4972
3731 4973
2131 4974
278 4975
4516 4976
1044 4977
223 4978
1909 4979
3452 4980
4213 4981
1752 4982
3739 4983
1070 4984
4833 4985
1484 4986
1702 4987
1460 4988
1081 4989
4902 4990
3284 4991
3311 4992
162 4993
2010 4994
1096 4995
4880 4996
81 4997
4663 4998
1924 4999
4450 5000
