1 2
2 3
3 4
1 5
3 6
6 7
2 8
5 9
8 10
9 11
7 12
7 13
4 14
14 15
6 16
7 17
16 18
13 19
18 20
1 21
7 22
14 23
20 24
24 25
18 26
23 27
16 28
27 29
17 30
11 31
31 32
2 33
1 34
24 35
1 36
16 37
16 38
3 39
8 40
32 41
10 42
22 43
15 44
11 45
19 46
8 47
38 48
9 49
43 50
24 51
33 52
32 53
44 54
4 55
9 56
21 57
21 58
39 59
39 60
35 61
8 62
33 63
35 64
2 65
16 66
17 67
46 68
23 69
60 70
5 71
68 72
25 73
24 74
72 75
37 76
22 77
13 78
10 79
5 80
22 81
77 82
11 83
83 84
16 85
39 86
3 87
6 88
27 89
58 90
62 91
21 92
23 93
40 94
50 95
14 96
90 97
37 98
34 99
41 100
1 101
26 102
36 103
51 104
5 105
1 106
8 107
43 108
37 109
63 110
52 111
27 112
88 113
91 114
101 115
35 116
51 117
29 118
111 119
92 120
70 121
25 122
98 123
23 124
98 125
117 126
60 127
113 128
63 129
48 130
123 131
19 132
110 133
79 134
12 135
30 136
75 137
44 138
99 139
133 140
92 141
131 142
104 143
42 144
26 145
34 146
116 147
31 148
64 149
106 150
6 151
19 152
8 153
17 154
94 155
63 156
103 157
88 158
5 159
52 160
53 161
151 162
35 163
101 164
106 165
13 166
59 167
92 168
165 169
132 170
24 171
73 172
154 173
1 174
143 175
131 176
64 177
123 178
155 179
6 180
51 181
66 182
37 183
44 184
69 185
182 186
41 187
139 188
46 189
155 190
139 191
58 192
10 193
105 194
15 195
24 196
9 197
11 198
19 199
159 200
81 201
56 202
73 203
48 204
197 205
122 206
66 207
172 208
37 209
192 210
103 211
12 212
148 213
29 214
28 215
61 216
8 217
53 218
139 219
194 220
36 221
136 222
44 223
139 224
22 225
91 226
204 227
94 228
85 229
14 230
4 231
39 232
175 233
41 234
116 235
60 236
28 237
138 238
185 239
192 240
196 241
67 242
5 243
158 244
131 245
86 246
23 247
173 248
126 249
42 250
240 251
148 252
12 253
37 254
227 255
183 256
253 257
150 258
214 259
199 260
4 261
183 262
68 263
164 264
20 265
204 266
251 267
230 268
214 269
244 270
127 271
32 272
29 273
35 274
121 275
65 276
110 277
21 278
149 279
59 280
159 281
263 282
30 283
263 284
162 285
77 286
220 287
21 288
239 289
249 290
189 291
137 292
97 293
191 294
275 295
136 296
147 297
76 298
42 299
199 300
189 301
67 302
180 303
277 304
147 305
91 306
75 307
200 308
220 309
212 310
281 311
73 312
308 313
223 314
174 315
92 316
20 317
16 318
258 319
93 320
1 321
239 322
292 323
28 324
68 325
115 326
157 327
131 328
310 329
231 330
291 331
301 332
176 333
15 334
329 335
324 336
15 337
289 338
209 339
71 340
30 341
18 342
36 343
10 344
137 345
153 346
209 347
306 348
208 349
70 350
138 351
15 352
246 353
125 354
121 355
346 356
273 357
331 358
229 359
344 360
299 361
328 362
173 363
199 364
33 365
222 366
293 367
311 368
218 369
216 370
193 371
11 372
74 373
222 374
191 375
56 376
133 377
340 378
147 379
360 380
17 381
94 382
236 383
193 384
312 385
380 386
294 387
191 388
118 389
27 390
376 391
106 392
329 393
200 394
42 395
392 396
277 397
373 398
347 399
210 400
21 401
34 402
145 403
306 404
332 405
264 406
364 407
269 408
245 409
46 410
203 411
181 412
180 413
109 414
234 415
253 416
252 417
238 418
344 419
10 420
53 421
120 422
217 423
415 424
92 425
242 426
59 427
292 428
69 429
250 430
152 431
369 432
53 433
278 434
198 435
22 436
5 437
108 438
245 439
383 440
331 441
96 442
322 443
113 444
271 445
220 446
3 447
104 448
93 449
348 450
272 451
275 452
175 453
118 454
55 455
5 456
241 457
200 458
125 459
410 460
336 461
248 462
401 463
180 464
175 465
170 466
160 467
359 468
423 469
290 470
47 471
356 472
224 473
164 474
294 475
417 476
230 477
323 478
131 479
66 480
354 481
102 482
236 483
357 484
435 485
420 486
220 487
249 488
330 489
69 490
285 491
409 492
391 493
251 494
295 495
21 496
450 497
98 498
268 499
312 500
117 501
151 502
255 503
308 504
436 505
120 506
89 507
57 508
324 509
209 510
444 511
99 512
350 513
176 514
284 515
487 516
480 517
105 518
94 519
142 520
353 521
14 522
279 523
187 524
499 525
96 526
110 527
93 528
125 529
524 530
222 531
90 532
118 533
205 534
532 535
534 536
447 537
529 538
495 539
304 540
183 541
417 542
190 543
86 544
308 545
57 546
259 547
140 548
357 549
54 550
168 551
290 552
481 553
302 554
524 555
183 556
544 557
262 558
94 559
88 560
417 561
179 562
207 563
385 564
475 565
424 566
276 567
547 568
568 569
36 570
308 571
161 572
342 573
241 574
407 575
508 576
384 577
217 578
352 579
286 580
14 581
318 582
72 583
484 584
486 585
296 586
308 587
293 588
75 589
384 590
204 591
64 592
350 593
111 594
293 595
438 596
537 597
142 598
121 599
461 600
357 601
377 602
443 603
318 604
347 605
495 606
16 607
490 608
299 609
384 610
517 611
144 612
148 613
475 614
92 615
193 616
440 617
510 618
479 619
558 620
232 621
269 622
470 623
411 624
46 625
187 626
316 627
585 628
296 629
452 630
544 631
572 632
612 633
342 634
85 635
421 636
589 637
454 638
222 639
452 640
616 641
605 642
277 643
307 644
629 645
364 646
92 647
26 648
486 649
417 650
329 651
215 652
541 653
338 654
426 655
371 656
502 657
239 658
75 659
404 660
583 661
227 662
654 663
432 664
280 665
305 666
628 667
110 668
664 669
591 670
131 671
122 672
276 673
75 674
573 675
381 676
185 677
27 678
376 679
648 680
52 681
183 682
103 683
74 684
639 685
538 686
215 687
289 688
562 689
323 690
308 691
572 692
557 693
404 694
647 695
565 696
192 697
145 698
180 699
465 700
382 701
462 702
235 703
81 704
22 705
578 706
383 707
178 708
663 709
662 710
494 711
284 712
171 713
494 714
201 715
706 716
356 717
351 718
651 719
296 720
337 721
38 722
329 723
484 724
366 725
494 726
223 727
544 728
715 729
539 730
690 731
544 732
500 733
122 734
103 735
698 736
367 737
306 738
364 739
421 740
592 741
281 742
285 743
439 744
326 745
66 746
167 747
510 748
152 749
50 750
161 751
19 752
115 753
188 754
701 755
644 756
407 757
661 758
203 759
600 760
193 761
163 762
205 763
170 764
200 765
744 766
158 767
390 768
603 769
22 770
439 771
201 772
18 773
573 774
279 775
530 776
46 777
411 778
621 779
691 780
770 781
190 782
223 783
593 784
715 785
312 786
425 787
232 788
45 789
235 790
348 791
188 792
524 793
679 794
155 795
669 796
651 797
469 798
566 799
709 800
37 801
255 802
739 803
63 804
18 805
344 806
460 807
454 808
620 809
466 810
321 811
333 812
531 813
386 814
242 815
737 816
244 817
280 818
721 819
590 820
265 821
174 822
562 823
632 824
188 825
75 826
416 827
246 828
583 829
629 830
340 831
167 832
695 833
133 834
274 835
551 836
740 837
715 838
725 839
282 840
31 841
597 842
557 843
835 844
11 845
740 846
766 847
644 848
763 849
673 850
814 851
465 852
574 853
247 854
115 855
85 856
46 857
620 858
439 859
647 860
36 861
443 862
555 863
101 864
7 865
5 866
847 867
265 868
183 869
609 870
204 871
505 872
488 873
120 874
682 875
578 876
351 877
226 878
293 879
693 880
859 881
878 882
335 883
179 884
558 885
639 886
643 887
380 888
59 889
569 890
610 891
505 892
166 893
223 894
511 895
864 896
239 897
57 898
510 899
899 900
440 901
65 902
705 903
495 904
876 905
841 906
66 907
823 908
678 909
161 910
59 911
528 912
862 913
435 914
321 915
353 916
9 917
249 918
189 919
905 920
384 921
879 922
126 923
639 924
88 925
554 926
46 927
214 928
222 929
28 930
696 931
726 932
459 933
681 934
668 935
358 936
506 937
163 938
17 939
640 940
130 941
484 942
144 943
147 944
155 945
782 946
401 947
351 948
414 949
733 950
677 951
235 952
174 953
23 954
227 955
747 956
450 957
241 958
108 959
197 960
149 961
819 962
138 963
867 964
460 965
497 966
743 967
254 968
546 969
436 970
638 971
407 972
746 973
963 974
648 975
282 976
497 977
173 978
330 979
6 980
575 981
859 982
511 983
136 984
396 985
631 986
719 987
929 988
221 989
181 990
561 991
563 992
341 993
335 994
439 995
194 996
677 997
668 998
416 999
198 1000
113 1001
919 1002
902 1003
767 1004
569 1005
763 1006
144 1007
717 1008
327 1009
914 1010
629 1011
664 1012
915 1013
877 1014
350 1015
917 1016
569 1017
963 1018
881 1019
705 1020
837 1021
134 1022
133 1023
268 1024
952 1025
828 1026
835 1027
31 1028
865 1029
349 1030
33 1031
177 1032
979 1033
615 1034
720 1035
941 1036
183 1037
265 1038
129 1039
373 1040
250 1041
856 1042
536 1043
8 1044
1003 1045
969 1046
553 1047
623 1048
270 1049
598 1050
185 1051
432 1052
102 1053
860 1054
652 1055
229 1056
446 1057
1036 1058
684 1059
365 1060
672 1061
256 1062
530 1063
955 1064
793 1065
15 1066
784 1067
284 1068
531 1069
963 1070
871 1071
325 1072
974 1073
514 1074
101 1075
656 1076
353 1077
768 1078
1037 1079
935 1080
1023 1081
334 1082
319 1083
581 1084
346 1085
847 1086
1082 1087
1073 1088
283 1089
202 1090
917 1091
770 1092
245 1093
189 1094
474 1095
813 1096
927 1097
20 1098
386 1099
117 1100
621 1101
927 1102
301 1103
264 1104
935 1105
847 1106
440 1107
92 1108
253 1109
615 1110
261 1111
61 1112
1004 1113
676 1114
39 1115
538 1116
632 1117
29 1118
1118 1119
88 1120
183 1121
499 1122
432 1123
326 1124
974 1125
829 1126
418 1127
1072 1128
179 1129
1073 1130
519 1131
860 1132
212 1133
183 1134
1062 1135
1043 1136
391 1137
224 1138
630 1139
1038 1140
372 1141
1086 1142
786 1143
734 1144
150 1145
384 1146
76 1147
837 1148
141 1149
505 1150
253 1151
525 1152
116 1153
345 1154
234 1155
365 1156
545 1157
145 1158
1003 1159
984 1160
785 1161
308 1162
1037 1163
611 1164
1055 1165
985 1166
700 1167
58 1168
1111 1169
652 1170
857 1171
66 1172
749 1173
663 1174
797 1175
859 1176
213 1177
1027 1178
547 1179
348 1180
1041 1181
2 1182
416 1183
1132 1184
830 1185
623 1186
71 1187
1082 1188
791 1189
375 1190
293 1191
480 1192
510 1193
402 1194
1014 1195
164 1196
714 1197
74 1198
844 1199
686 1200
180 1201
962 1202
549 1203
2 1204
258 1205
971 1206
717 1207
933 1208
157 1209
6 1210
350 1211
824 1212
1177 1213
165 1214
17 1215
28 1216
259 1217
353 1218
895 1219
461 1220
598 1221
916 1222
492 1223
805 1224
500 1225
534 1226
438 1227
527 1228
716 1229
968 1230
238 1231
401 1232
1140 1233
455 1234
1225 1235
278 1236
159 1237
1212 1238
1196 1239
515 1240
960 1241
1198 1242
387 1243
825 1244
1139 1245
579 1246
1203 1247
425 1248
224 1249
499 1250
973 1251
248 1252
534 1253
702 1254
924 1255
70 1256
881 1257
839 1258
624 1259
185 1260
313 1261
830 1262
634 1263
340 1264
472 1265
880 1266
290 1267
1165 1268
430 1269
545 1270
776 1271
1265 1272
974 1273
1155 1274
513 1275
220 1276
329 1277
541 1278
509 1279
219 1280
1032 1281
1278 1282
926 1283
735 1284
779 1285
824 1286
796 1287
453 1288
814 1289
1085 1290
1044 1291
674 1292
1228 1293
13 1294
1146 1295
1195 1296
356 1297
294 1298
688 1299
111 1300
1296 1301
730 1302
571 1303
504 1304
250 1305
224 1306
435 1307
880 1308
1245 1309
752 1310
348 1311
731 1312
1032 1313
1294 1314
768 1315
192 1316
1269 1317
435 1318
367 1319
665 1320
304 1321
352 1322
1068 1323
711 1324
849 1325
343 1326
1311 1327
9 1328
428 1329
787 1330
1115 1331
907 1332
559 1333
1257 1334
332 1335
765 1336
1212 1337
881 1338
1230 1339
515 1340
1160 1341
999 1342
563 1343
688 1344
70 1345
609 1346
1174 1347
34 1348
728 1349
265 1350
88 1351
376 1352
137 1353
512 1354
1062 1355
984 1356
883 1357
1130 1358
832 1359
297 1360
139 1361
933 1362
573 1363
698 1364
209 1365
117 1366
1052 1367
478 1368
390 1369
1153 1370
23 1371
782 1372
1179 1373
880 1374
907 1375
1287 1376
1284 1377
699 1378
894 1379
470 1380
395 1381
800 1382
1366 1383
196 1384
1254 1385
633 1386
1338 1387
1314 1388
1218 1389
414 1390
87 1391
784 1392
918 1393
534 1394
556 1395
442 1396
75 1397
254 1398
1313 1399
421 1400
445 1401
1338 1402
180 1403
302 1404
720 1405
730 1406
977 1407
475 1408
1152 1409
279 1410
368 1411
933 1412
335 1413
301 1414
208 1415
436 1416
1078 1417
1182 1418
348 1419
494 1420
1114 1421
1081 1422
508 1423
714 1424
102 1425
1373 1426
772 1427
1009 1428
174 1429
1416 1430
585 1431
453 1432
479 1433
319 1434
897 1435
818 1436
1421 1437
629 1438
536 1439
1384 1440
1278 1441
1414 1442
1118 1443
965 1444
86 1445
969 1446
615 1447
188 1448
617 1449
598 1450
1256 1451
1147 1452
549 1453
402 1454
638 1455
1196 1456
1119 1457
1001 1458
1197 1459
1309 1460
804 1461
1072 1462
486 1463
251 1464
350 1465
1205 1466
894 1467
462 1468
183 1469
1417 1470
980 1471
1013 1472
180 1473
1080 1474
17 1475
1133 1476
1244 1477
665 1478
889 1479
1070 1480
537 1481
871 1482
658 1483
43 1484
737 1485
1415 1486
1220 1487
795 1488
1054 1489
759 1490
306 1491
1193 1492
1088 1493
353 1494
601 1495
784 1496
1311 1497
1162 1498
259 1499
1397 1500
499 1501
578 1502
1384 1503
498 1504
1414 1505
961 1506
28 1507
173 1508
304 1509
417 1510
402 1511
810 1512
1341 1513
1500 1514
875 1515
990 1516
616 1517
1339 1518
707 1519
835 1520
1284 1521
412 1522
421 1523
800 1524
815 1525
641 1526
1174 1527
638 1528
843 1529
1249 1530
1441 1531
394 1532
87 1533
26 1534
394 1535
218 1536
403 1537
1347 1538
1376 1539
1523 1540
1147 1541
1283 1542
1389 1543
1379 1544
1035 1545
611 1546
1499 1547
14 1548
1192 1549
56 1550
1251 1551
927 1552
1065 1553
1012 1554
391 1555
375 1556
1428 1557
736 1558
518 1559
46 1560
1109 1561
38 1562
332 1563
930 1564
225 1565
1375 1566
1338 1567
165 1568
1231 1569
183 1570
20 1571
708 1572
773 1573
1082 1574
1327 1575
929 1576
265 1577
462 1578
650 1579
867 1580
67 1581
860 1582
240 1583
1346 1584
1172 1585
718 1586
839 1587
358 1588
1185 1589
1405 1590
1340 1591
88 1592
869 1593
316 1594
275 1595
244 1596
418 1597
623 1598
217 1599
1071 1600
413 1601
576 1602
1326 1603
851 1604
1046 1605
1565 1606
1333 1607
1374 1608
786 1609
1412 1610
785 1611
17 1612
210 1613
421 1614
1467 1615
761 1616
951 1617
155 1618
1083 1619
1068 1620
1539 1621
1580 1622
165 1623
1425 1624
450 1625
1598 1626
1514 1627
1592 1628
210 1629
839 1630
1349 1631
1554 1632
1507 1633
493 1634
682 1635
230 1636
281 1637
1270 1638
1076 1639
206 1640
1267 1641
870 1642
468 1643
1298 1644
254 1645
829 1646
1242 1647
129 1648
347 1649
1236 1650
1619 1651
1393 1652
254 1653
1206 1654
920 1655
872 1656
523 1657
78 1658
1639 1659
1630 1660
1366 1661
610 1662
1544 1663
557 1664
1028 1665
1236 1666
1037 1667
104 1668
807 1669
406 1670
669 1671
163 1672
1388 1673
1391 1674
452 1675
587 1676
1348 1677
695 1678
1610 1679
369 1680
845 1681
1541 1682
1432 1683
651 1684
564 1685
9 1686
1352 1687
524 1688
1183 1689
1019 1690
767 1691
883 1692
1662 1693
624 1694
446 1695
234 1696
472 1697
1527 1698
1200 1699
1145 1700
232 1701
1224 1702
1028 1703
1388 1704
992 1705
114 1706
42 1707
585 1708
1377 1709
1248 1710
1126 1711
233 1712
1269 1713
1279 1714
1247 1715
604 1716
981 1717
611 1718
376 1719
796 1720
197 1721
873 1722
368 1723
23 1724
59 1725
1434 1726
52 1727
1368 1728
1266 1729
703 1730
184 1731
272 1732
479 1733
1443 1734
637 1735
1399 1736
861 1737
1679 1738
509 1739
1492 1740
1350 1741
659 1742
620 1743
1221 1744
1564 1745
1272 1746
856 1747
884 1748
144 1749
257 1750
997 1751
285 1752
47 1753
774 1754
1149 1755
1464 1756
1477 1757
533 1758
1707 1759
1454 1760
1737 1761
1183 1762
469 1763
236 1764
840 1765
17 1766
299 1767
275 1768
332 1769
915 1770
864 1771
644 1772
78 1773
187 1774
1052 1775
1334 1776
662 1777
1525 1778
1727 1779
252 1780
718 1781
71 1782
686 1783
1367 1784
192 1785
1371 1786
1565 1787
321 1788
796 1789
961 1790
1113 1791
59 1792
677 1793
755 1794
271 1795
1230 1796
1096 1797
715 1798
1009 1799
1338 1800
297 1801
1788 1802
124 1803
621 1804
1188 1805
1333 1806
1473 1807
1212 1808
1299 1809
395 1810
1024 1811
886 1812
801 1813
1440 1814
620 1815
424 1816
1194 1817
186 1818
413 1819
515 1820
429 1821
1170 1822
1380 1823
1371 1824
185 1825
854 1826
890 1827
1451 1828
1664 1829
1363 1830
911 1831
1521 1832
919 1833
1258 1834
1033 1835
1226 1836
1264 1837
1682 1838
456 1839
1176 1840
730 1841
466 1842
1445 1843
64 1844
1085 1845
1479 1846
456 1847
710 1848
710 1849
1125 1850
201 1851
1011 1852
493 1853
110 1854
11 1855
610 1856
1661 1857
750 1858
166 1859
170 1860
265 1861
1102 1862
642 1863
1156 1864
714 1865
1751 1866
35 1867
1828 1868
291 1869
704 1870
1549 1871
1164 1872
689 1873
1085 1874
475 1875
291 1876
424 1877
1165 1878
951 1879
1401 1880
1273 1881
409 1882
847 1883
1714 1884
1284 1885
867 1886
760 1887
911 1888
787 1889
930 1890
1873 1891
312 1892
439 1893
264 1894
91 1895
190 1896
1470 1897
123 1898
1100 1899
100 1900
1070 1901
439 1902
992 1903
51 1904
376 1905
717 1906
1034 1907
1802 1908
1776 1909
896 1910
1070 1911
953 1912
153 1913
300 1914
1824 1915
183 1916
611 1917
1831 1918
645 1919
560 1920
798 1921
1228 1922
1037 1923
1697 1924
1543 1925
1050 1926
386 1927
787 1928
692 1929
1750 1930
834 1931
721 1932
621 1933
985 1934
944 1935
1470 1936
546 1937
1360 1938
834 1939
917 1940
1784 1941
1691 1942
771 1943
1225 1944
204 1945
1679 1946
1659 1947
1343 1948
63 1949
1111 1950
1022 1951
391 1952
1004 1953
1553 1954
1187 1955
314 1956
517 1957
1045 1958
156 1959
1889 1960
1863 1961
1270 1962
618 1963
8 1964
657 1965
1660 1966
357 1967
297 1968
260 1969
1638 1970
1765 1971
1755 1972
1285 1973
1923 1974
287 1975
1037 1976
355 1977
119 1978
1152 1979
400 1980
1845 1981
337 1982
152 1983
703 1984
590 1985
482 1986
42 1987
35 1988
1369 1989
59 1990
295 1991
952 1992
295 1993
1781 1994
1014 1995
490 1996
1657 1997
1985 1998
1041 1999
1480 2000
242 2001
437 2002
576 2003
372 2004
620 2005
1317 2006
452 2007
772 2008
428 2009
199 2010
956 2011
610 2012
690 2013
1161 2014
1047 2015
1931 2016
752 2017
1452 2018
1780 2019
927 2020
1883 2021
1769 2022
70 2023
851 2024
452 2025
32 2026
1738 2027
787 2028
252 2029
712 2030
1710 2031
1837 2032
416 2033
128 2034
788 2035
1709 2036
1839 2037
357 2038
1237 2039
851 2040
1785 2041
1211 2042
1850 2043
979 2044
1101 2045
753 2046
269 2047
83 2048
1857 2049
126 2050
1834 2051
59 2052
740 2053
426 2054
839 2055
980 2056
1068 2057
1497 2058
121 2059
1668 2060
395 2061
874 2062
96 2063
997 2064
1796 2065
1804 2066
1339 2067
834 2068
1889 2069
811 2070
263 2071
1704 2072
1368 2073
798 2074
1199 2075
774 2076
80 2077
440 2078
2 2079
587 2080
356 2081
1648 2082
1932 2083
162 2084
1648 2085
864 2086
1109 2087
293 2088
1025 2089
1597 2090
1027 2091
1760 2092
773 2093
1255 2094
2072 2095
553 2096
501 2097
868 2098
2032 2099
867 2100
438 2101
1563 2102
737 2103
155 2104
534 2105
520 2106
1243 2107
622 2108
1673 2109
1023 2110
655 2111
190 2112
673 2113
1820 2114
754 2115
893 2116
1436 2117
1394 2118
1752 2119
898 2120
1943 2121
1971 2122
1460 2123
1945 2124
1938 2125
1296 2126
1986 2127
1347 2128
1068 2129
1783 2130
1720 2131
1915 2132
73 2133
192 2134
75 2135
1418 2136
2060 2137
432 2138
72 2139
1107 2140
766 2141
1745 2142
1546 2143
736 2144
475 2145
166 2146
627 2147
1252 2148
726 2149
1079 2150
849 2151
530 2152
1654 2153
1494 2154
661 2155
861 2156
1350 2157
747 2158
1539 2159
1005 2160
727 2161
1746 2162
515 2163
971 2164
1541 2165
1114 2166
1778 2167
1295 2168
1712 2169
361 2170
1156 2171
1214 2172
1857 2173
728 2174
1745 2175
1343 2176
556 2177
976 2178
1479 2179
792 2180
1746 2181
1798 2182
930 2183
968 2184
762 2185
1813 2186
1938 2187
1580 2188
277 2189
864 2190
526 2191
1095 2192
456 2193
961 2194
1078 2195
636 2196
1304 2197
2179 2198
2097 2199
1988 2200
952 2201
91 2202
1839 2203
2046 2204
203 2205
1746 2206
876 2207
819 2208
1947 2209
1612 2210
433 2211
1711 2212
1130 2213
1690 2214
1626 2215
409 2216
1106 2217
190 2218
265 2219
341 2220
1236 2221
1267 2222
1060 2223
1119 2224
1247 2225
629 2226
599 2227
884 2228
1333 2229
579 2230
610 2231
1511 2232
769 2233
215 2234
1729 2235
1967 2236
913 2237
2207 2238
2155 2239
1367 2240
2153 2241
2040 2242
514 2243
1046 2244
67 2245
1282 2246
824 2247
1685 2248
267 2249
352 2250
476 2251
573 2252
1481 2253
1443 2254
2127 2255
230 2256
348 2257
1891 2258
636 2259
159 2260
1152 2261
2153 2262
1405 2263
1252 2264
248 2265
1641 2266
1638 2267
1877 2268
442 2269
2020 2270
422 2271
591 2272
1586 2273
1151 2274
1291 2275
2156 2276
2103 2277
2277 2278
122 2279
776 2280
197 2281
1592 2282
821 2283
1678 2284
147 2285
1998 2286
372 2287
1629 2288
2133 2289
1516 2290
529 2291
1143 2292
559 2293
212 2294
626 2295
807 2296
1758 2297
860 2298
267 2299
1059 2300
744 2301
1096 2302
254 2303
437 2304
385 2305
1644 2306
179 2307
135 2308
1339 2309
920 2310
2188 2311
826 2312
2244 2313
513 2314
318 2315
2033 2316
200 2317
944 2318
1014 2319
671 2320
898 2321
2214 2322
625 2323
535 2324
1321 2325
828 2326
976 2327
761 2328
1353 2329
176 2330
1966 2331
651 2332
615 2333
1423 2334
94 2335
353 2336
1824 2337
135 2338
278 2339
2097 2340
2203 2341
2037 2342
1485 2343
1633 2344
1151 2345
881 2346
224 2347
461 2348
1866 2349
2144 2350
2022 2351
572 2352
2140 2353
1555 2354
951 2355
746 2356
1182 2357
25 2358
408 2359
650 2360
2210 2361
1878 2362
1531 2363
1190 2364
1378 2365
18 2366
2305 2367
331 2368
1370 2369
2154 2370
1409 2371
1535 2372
2229 2373
1164 2374
2126 2375
1438 2376
2231 2377
688 2378
1582 2379
2332 2380
1971 2381
1978 2382
355 2383
1982 2384
1267 2385
1201 2386
2325 2387
267 2388
1806 2389
939 2390
878 2391
207 2392
1308 2393
560 2394
1324 2395
332 2396
1969 2397
1959 2398
1820 2399
1008 2400
2216 2401
1130 2402
1552 2403
443 2404
1234 2405
845 2406
254 2407
2278 2408
1199 2409
2332 2410
1524 2411
1633 2412
1061 2413
591 2414
1235 2415
1045 2416
2297 2417
747 2418
734 2419
1750 2420
84 2421
2183 2422
2292 2423
108 2424
2196 2425
375 2426
1959 2427
1034 2428
2359 2429
1240 2430
1907 2431
578 2432
99 2433
2047 2434
638 2435
890 2436
1369 2437
25 2438
2028 2439
1453 2440
160 2441
937 2442
2320 2443
1459 2444
492 2445
1410 2446
1856 2447
2272 2448
1102 2449
1742 2450
1710 2451
580 2452
2438 2453
1255 2454
1968 2455
2192 2456
2168 2457
2144 2458
2371 2459
209 2460
741 2461
74 2462
586 2463
832 2464
2361 2465
514 2466
1685 2467
1277 2468
1200 2469
1781 2470
1072 2471
1729 2472
1381 2473
2294 2474
2208 2475
611 2476
391 2477
1291 2478
384 2479
940 2480
2081 2481
492 2482
1109 2483
789 2484
492 2485
69 2486
596 2487
654 2488
654 2489
1162 2490
1526 2491
2445 2492
2092 2493
259 2494
428 2495
558 2496
1695 2497
965 2498
1393 2499
937 2500
2396 2501
1589 2502
1377 2503
444 2504
598 2505
1354 2506
1901 2507
1897 2508
1007 2509
374 2510
243 2511
2163 2512
193 2513
736 2514
1380 2515
699 2516
2510 2517
1583 2518
794 2519
198 2520
1763 2521
587 2522
1741 2523
1127 2524
1791 2525
2029 2526
665 2527
1258 2528
219 2529
290 2530
1575 2531
684 2532
962 2533
223 2534
2262 2535
174 2536
1916 2537
1702 2538
1800 2539
446 2540
164 2541
1980 2542
311 2543
2434 2544
661 2545
1606 2546
2229 2547
2426 2548
2281 2549
177 2550
1915 2551
1015 2552
1679 2553
2319 2554
4 2555
719 2556
777 2557
1401 2558
2447 2559
1329 2560
807 2561
2368 2562
164 2563
955 2564
1542 2565
2441 2566
1956 2567
2557 2568
501 2569
756 2570
1575 2571
1684 2572
245 2573
1773 2574
349 2575
569 2576
450 2577
2367 2578
387 2579
2417 2580
1939 2581
998 2582
1568 2583
134 2584
821 2585
529 2586
2391 2587
2338 2588
149 2589
42 2590
2002 2591
320 2592
2549 2593
1223 2594
1065 2595
983 2596
492 2597
240 2598
171 2599
802 2600
1976 2601
1154 2602
1506 2603
1199 2604
483 2605
1031 2606
2407 2607
1840 2608
453 2609
542 2610
681 2611
2155 2612
2210 2613
2485 2614
1158 2615
780 2616
789 2617
1581 2618
202 2619
1278 2620
612 2621
144 2622
386 2623
675 2624
1216 2625
2204 2626
1702 2627
2166 2628
2583 2629
612 2630
2124 2631
1333 2632
1913 2633
673 2634
1610 2635
1806 2636
1298 2637
2270 2638
1019 2639
2198 2640
121 2641
1934 2642
848 2643
843 2644
2372 2645
2304 2646
185 2647
761 2648
1063 2649
185 2650
2335 2651
579 2652
1403 2653
2140 2654
2640 2655
13 2656
96 2657
724 2658
377 2659
1341 2660
1518 2661
2358 2662
1594 2663
955 2664
1718 2665
2659 2666
1484 2667
1181 2668
2064 2669
1143 2670
1276 2671
885 2672
2420 2673
2359 2674
1718 2675
539 2676
1684 2677
2560 2678
2052 2679
1406 2680
713 2681
1690 2682
2444 2683
1527 2684
1784 2685
2573 2686
1437 2687
858 2688
1098 2689
1134 2690
1342 2691
1312 2692
1359 2693
2438 2694
425 2695
1390 2696
2518 2697
1247 2698
918 2699
606 2700
199 2701
1466 2702
933 2703
641 2704
1049 2705
699 2706
1593 2707
1192 2708
1461 2709
949 2710
2463 2711
46 2712
2242 2713
552 2714
1861 2715
540 2716
1872 2717
1139 2718
2218 2719
594 2720
669 2721
968 2722
2704 2723
1730 2724
1068 2725
2274 2726
1495 2727
84 2728
2025 2729
1351 2730
2192 2731
410 2732
583 2733
114 2734
591 2735
1018 2736
1350 2737
132 2738
2307 2739
2660 2740
2114 2741
741 2742
2352 2743
2698 2744
34 2745
2068 2746
1723 2747
495 2748
1167 2749
1824 2750
561 2751
453 2752
1685 2753
2490 2754
2488 2755
2669 2756
65 2757
648 2758
78 2759
994 2760
2189 2761
871 2762
827 2763
1341 2764
619 2765
2128 2766
1629 2767
1618 2768
1141 2769
1399 2770
652 2771
1506 2772
2103 2773
1977 2774
940 2775
992 2776
303 2777
2464 2778
712 2779
1727 2780
507 2781
1571 2782
2024 2783
2363 2784
1510 2785
1702 2786
775 2787
1873 2788
2616 2789
2158 2790
1231 2791
477 2792
229 2793
576 2794
1667 2795
858 2796
400 2797
174 2798
2066 2799
29 2800
1237 2801
1465 2802
479 2803
1577 2804
2531 2805
2451 2806
2642 2807
2300 2808
702 2809
10 2810
2066 2811
915 2812
1904 2813
1988 2814
216 2815
508 2816
1787 2817
2033 2818
1224 2819
406 2820
361 2821
2614 2822
489 2823
2081 2824
2485 2825
756 2826
2619 2827
461 2828
955 2829
678 2830
1472 2831
1893 2832
633 2833
1348 2834
1369 2835
1832 2836
236 2837
910 2838
2542 2839
1042 2840
1847 2841
1686 2842
1413 2843
1505 2844
224 2845
439 2846
307 2847
1529 2848
1003 2849
2575 2850
585 2851
2748 2852
287 2853
1304 2854
1694 2855
2370 2856
777 2857
775 2858
1084 2859
1347 2860
118 2861
1236 2862
1767 2863
1480 2864
1484 2865
1018 2866
8 2867
1288 2868
445 2869
2402 2870
1891 2871
1547 2872
1612 2873
1158 2874
1235 2875
527 2876
2580 2877
320 2878
1008 2879
1377 2880
344 2881
612 2882
670 2883
1835 2884
2072 2885
1712 2886
1779 2887
988 2888
17 2889
604 2890
536 2891
1684 2892
1565 2893
2616 2894
672 2895
527 2896
2816 2897
1607 2898
938 2899
204 2900
2294 2901
1130 2902
2558 2903
1836 2904
357 2905
648 2906
428 2907
2743 2908
151 2909
1625 2910
2329 2911
2486 2912
2192 2913
1647 2914
568 2915
119 2916
1508 2917
2156 2918
735 2919
139 2920
1573 2921
2793 2922
1932 2923
2883 2924
2672 2925
1477 2926
24 2927
571 2928
925 2929
355 2930
95 2931
2568 2932
2155 2933
1190 2934
1468 2935
1971 2936
2568 2937
442 2938
700 2939
1472 2940
178 2941
700 2942
964 2943
2031 2944
1065 2945
1046 2946
2668 2947
68 2948
2539 2949
937 2950
53 2951
598 2952
1157 2953
2251 2954
2602 2955
195 2956
2604 2957
2846 2958
2345 2959
886 2960
1009 2961
1354 2962
1146 2963
791 2964
345 2965
2637 2966
1867 2967
401 2968
1714 2969
2958 2970
4 2971
2128 2972
2860 2973
1429 2974
490 2975
2027 2976
736 2977
270 2978
345 2979
944 2980
185 2981
2044 2982
417 2983
1380 2984
1418 2985
401 2986
899 2987
472 2988
1218 2989
292 2990
1292 2991
2121 2992
2460 2993
2525 2994
264 2995
1026 2996
303 2997
1380 2998
1058 2999
1248 3000
201 3001
1810 3002
1996 3003
2565 3004
1863 3005
2503 3006
2409 3007
164 3008
116 3009
2578 3010
2890 3011
1490 3012
701 3013
1995 3014
1790 3015
1721 3016
1235 3017
1333 3018
2650 3019
195 3020
2957 3021
2748 3022
893 3023
523 3024
172 3025
2517 3026
1897 3027
830 3028
1702 3029
2611 3030
2320 3031
2984 3032
3000 3033
458 3034
2121 3035
1867 3036
941 3037
2246 3038
108 3039
2951 3040
1275 3041
1085 3042
1605 3043
2819 3044
3041 3045
260 3046
1010 3047
492 3048
1632 3049
2990 3050
2063 3051
224 3052
1511 3053
2306 3054
1497 3055
800 3056
273 3057
2764 3058
551 3059
1686 3060
2549 3061
1651 3062
1798 3063
2107 3064
2701 3065
1707 3066
1444 3067
621 3068
2231 3069
548 3070
462 3071
571 3072
2008 3073
1195 3074
1103 3075
2571 3076
2518 3077
859 3078
90 3079
3052 3080
2540 3081
676 3082
2940 3083
2972 3084
858 3085
29 3086
1542 3087
132 3088
1453 3089
1286 3090
1746 3091
1565 3092
295 3093
1490 3094
923 3095
1274 3096
1886 3097
1269 3098
1386 3099
1981 3100
1028 3101
940 3102
2982 3103
1933 3104
2823 3105
1795 3106
11 3107
1132 3108
2472 3109
1958 3110
1644 3111
1265 3112
1496 3113
2015 3114
1594 3115
1707 3116
2397 3117
1769 3118
1171 3119
2826 3120
609 3121
1888 3122
1004 3123
1220 3124
2027 3125
1043 3126
1248 3127
2692 3128
1448 3129
738 3130
1964 3131
1424 3132
2506 3133
1208 3134
346 3135
1107 3136
1170 3137
1764 3138
2540 3139
1287 3140
388 3141
2802 3142
44 3143
2487 3144
746 3145
1530 3146
2679 3147
2749 3148
2830 3149
2729 3150
2426 3151
1266 3152
1383 3153
988 3154
3106 3155
510 3156
1384 3157
1566 3158
2841 3159
3136 3160
1030 3161
2363 3162
2757 3163
522 3164
455 3165
2408 3166
2026 3167
2896 3168
1203 3169
971 3170
556 3171
1863 3172
2408 3173
1941 3174
1628 3175
1769 3176
1243 3177
1666 3178
738 3179
697 3180
313 3181
1985 3182
271 3183
763 3184
2389 3185
438 3186
1007 3187
2720 3188
3182 3189
3081 3190
214 3191
2375 3192
2878 3193
2496 3194
2357 3195
2499 3196
281 3197
110 3198
2724 3199
1734 3200
1990 3201
577 3202
2968 3203
785 3204
2922 3205
274 3206
1589 3207
395 3208
227 3209
11 3210
1745 3211
776 3212
1231 3213
2374 3214
999 3215
1292 3216
2266 3217
695 3218
2822 3219
3094 3220
552 3221
1695 3222
1105 3223
2922 3224
1324 3225
3177 3226
1428 3227
1243 3228
1846 3229
3069 3230
3223 3231
667 3232
367 3233
3048 3234
2652 3235
1821 3236
2718 3237
882 3238
65 3239
40 3240
2283 3241
3123 3242
1118 3243
2802 3244
919 3245
1585 3246
1936 3247
1043 3248
314 3249
1533 3250
243 3251
1332 3252
855 3253
549 3254
1290 3255
1908 3256
2261 3257
2923 3258
742 3259
2176 3260
3117 3261
2888 3262
868 3263
1455 3264
3051 3265
3264 3266
1198 3267
1224 3268
257 3269
1985 3270
160 3271
854 3272
569 3273
502 3274
2731 3275
2989 3276
1073 3277
878 3278
2403 3279
1189 3280
2632 3281
1447 3282
59 3283
1881 3284
1577 3285
3016 3286
1738 3287
3208 3288
1158 3289
2763 3290
1366 3291
2770 3292
1687 3293
855 3294
1276 3295
2472 3296
659 3297
1614 3298
3196 3299
2588 3300
2806 3301
2540 3302
1025 3303
1216 3304
2342 3305
831 3306
2427 3307
311 3308
891 3309
1891 3310
3002 3311
1062 3312
186 3313
1992 3314
54 3315
1376 3316
265 3317
3062 3318
376 3319
1171 3320
1030 3321
1877 3322
380 3323
1969 3324
288 3325
2630 3326
2650 3327
664 3328
2412 3329
503 3330
209 3331
1298 3332
823 3333
3287 3334
1696 3335
2686 3336
162 3337
2137 3338
1620 3339
1319 3340
1117 3341
1998 3342
2928 3343
2778 3344
156 3345
2089 3346
1552 3347
617 3348
280 3349
3307 3350
1562 3351
1713 3352
1091 3353
3126 3354
396 3355
2587 3356
854 3357
3331 3358
2637 3359
81 3360
2578 3361
1161 3362
2595 3363
2869 3364
520 3365
2250 3366
307 3367
3124 3368
1596 3369
380 3370
1290 3371
2010 3372
3254 3373
2115 3374
29 3375
2178 3376
1000 3377
2232 3378
2587 3379
1243 3380
20 3381
942 3382
2700 3383
1393 3384
2065 3385
2509 3386
476 3387
2879 3388
2355 3389
1618 3390
1776 3391
2443 3392
1730 3393
905 3394
3169 3395
2672 3396
2307 3397
1636 3398
2374 3399
291 3400
472 3401
532 3402
1368 3403
2212 3404
1685 3405
466 3406
1588 3407
3172 3408
2921 3409
1246 3410
2260 3411
162 3412
1725 3413
3333 3414
2862 3415
1398 3416
2209 3417
1737 3418
1388 3419
1074 3420
491 3421
3360 3422
3081 3423
769 3424
71 3425
1160 3426
199 3427
3185 3428
1116 3429
487 3430
1821 3431
2550 3432
1181 3433
1387 3434
2589 3435
1900 3436
1718 3437
1441 3438
3179 3439
2289 3440
136 3441
325 3442
1292 3443
2708 3444
1502 3445
775 3446
1246 3447
259 3448
1976 3449
2303 3450
2986 3451
3060 3452
3394 3453
1393 3454
1882 3455
3314 3456
3298 3457
2598 3458
990 3459
2423 3460
1069 3461
1254 3462
1238 3463
3447 3464
1210 3465
1553 3466
139 3467
1029 3468
3088 3469
1840 3470
1339 3471
1334 3472
789 3473
1806 3474
1851 3475
579 3476
2621 3477
1837 3478
2857 3479
2077 3480
1459 3481
2226 3482
2755 3483
1132 3484
3008 3485
911 3486
3175 3487
1191 3488
414 3489
2071 3490
1625 3491
3423 3492
1103 3493
2732 3494
1364 3495
3294 3496
159 3497
466 3498
3473 3499
3303 3500
3030 3501
550 3502
2573 3503
85 3504
260 3505
1418 3506
1058 3507
1605 3508
482 3509
3363 3510
954 3511
336 3512
1245 3513
872 3514
1859 3515
498 3516
1261 3517
94 3518
3473 3519
3466 3520
1797 3521
2792 3522
1082 3523
2966 3524
2581 3525
1822 3526
2176 3527
1540 3528
3212 3529
2738 3530
85 3531
2258 3532
2276 3533
2070 3534
845 3535
3328 3536
3276 3537
1426 3538
3355 3539
659 3540
678 3541
1360 3542
3414 3543
175 3544
3164 3545
2789 3546
2958 3547
3314 3548
1452 3549
746 3550
455 3551
691 3552
446 3553
1853 3554
688 3555
3019 3556
1653 3557
1023 3558
940 3559
2042 3560
760 3561
2351 3562
3023 3563
1179 3564
1104 3565
2352 3566
695 3567
366 3568
2144 3569
1275 3570
1052 3571
2471 3572
2740 3573
1862 3574
597 3575
1850 3576
2787 3577
303 3578
3259 3579
2381 3580
2590 3581
2403 3582
1632 3583
2955 3584
3549 3585
2902 3586
3135 3587
2732 3588
3098 3589
1960 3590
1670 3591
3572 3592
1756 3593
628 3594
3098 3595
2247 3596
356 3597
912 3598
1070 3599
626 3600
3514 3601
1463 3602
331 3603
3530 3604
879 3605
1352 3606
3383 3607
2999 3608
1261 3609
963 3610
400 3611
2626 3612
2365 3613
2958 3614
397 3615
2995 3616
3517 3617
2138 3618
3340 3619
1294 3620
448 3621
2376 3622
1273 3623
222 3624
3540 3625
2087 3626
3424 3627
3494 3628
174 3629
2432 3630
1897 3631
3473 3632
538 3633
2835 3634
3349 3635
273 3636
3203 3637
2921 3638
2661 3639
2572 3640
239 3641
2854 3642
496 3643
5 3644
129 3645
3300 3646
2485 3647
2610 3648
1208 3649
363 3650
246 3651
2190 3652
3338 3653
1313 3654
30 3655
2949 3656
3323 3657
505 3658
168 3659
2597 3660
1882 3661
2377 3662
3061 3663
1127 3664
3491 3665
932 3666
3322 3667
3466 3668
1369 3669
1761 3670
3382 3671
1606 3672
1759 3673
1357 3674
2219 3675
1512 3676
628 3677
3473 3678
3626 3679
2802 3680
3374 3681
2676 3682
985 3683
3614 3684
407 3685
2595 3686
1945 3687
733 3688
1224 3689
2383 3690
1599 3691
2760 3692
993 3693
2435 3694
3447 3695
352 3696
851 3697
2412 3698
3332 3699
1047 3700
1250 3701
23 3702
1798 3703
2575 3704
791 3705
2373 3706
874 3707
2608 3708
2921 3709
3409 3710
914 3711
3557 3712
3017 3713
2214 3714
1855 3715
2620 3716
990 3717
852 3718
378 3719
2957 3720
311 3721
3303 3722
3531 3723
2979 3724
1277 3725
2050 3726
3645 3727
361 3728
825 3729
3402 3730
2956 3731
1283 3732
650 3733
1627 3734
2168 3735
939 3736
200 3737
25 3738
2992 3739
899 3740
381 3741
1667 3742
2564 3743
187 3744
2731 3745
1960 3746
2014 3747
1173 3748
2091 3749
999 3750
513 3751
3657 3752
2126 3753
3260 3754
1672 3755
3412 3756
2931 3757
2418 3758
1977 3759
357 3760
1975 3761
96 3762
3573 3763
1046 3764
1362 3765
1567 3766
3472 3767
2967 3768
2938 3769
3209 3770
2450 3771
1181 3772
827 3773
2228 3774
2153 3775
2217 3776
1903 3777
2058 3778
3102 3779
708 3780
994 3781
3385 3782
2261 3783
1587 3784
3057 3785
259 3786
3216 3787
2368 3788
3122 3789
2501 3790
485 3791
3068 3792
2213 3793
1173 3794
122 3795
1120 3796
3374 3797
940 3798
594 3799
3796 3800
2842 3801
889 3802
2343 3803
2194 3804
2781 3805
218 3806
1523 3807
813 3808
2079 3809
784 3810
3044 3811
1119 3812
3369 3813
248 3814
3627 3815
2286 3816
909 3817
1712 3818
256 3819
2772 3820
444 3821
469 3822
2580 3823
2618 3824
1482 3825
1494 3826
1606 3827
3149 3828
710 3829
3648 3830
701 3831
3564 3832
3389 3833
3176 3834
1616 3835
2863 3836
379 3837
1416 3838
2867 3839
1777 3840
3132 3841
2875 3842
3487 3843
585 3844
781 3845
3040 3846
3185 3847
3479 3848
1784 3849
887 3850
1421 3851
1322 3852
2589 3853
390 3854
1839 3855
2599 3856
3463 3857
1812 3858
951 3859
945 3860
2978 3861
3497 3862
2697 3863
3687 3864
2859 3865
2415 3866
2469 3867
1447 3868
2673 3869
1540 3870
773 3871
2405 3872
1252 3873
3811 3874
3609 3875
3552 3876
1605 3877
3606 3878
1129 3879
3643 3880
2793 3881
2546 3882
275 3883
209 3884
44 3885
1190 3886
1757 3887
3842 3888
657 3889
3764 3890
3425 3891
3751 3892
3054 3893
2773 3894
3753 3895
479 3896
1999 3897
2938 3898
3473 3899
1326 3900
3161 3901
3521 3902
822 3903
3757 3904
1740 3905
2106 3906
1904 3907
929 3908
3471 3909
2259 3910
2455 3911
207 3912
1030 3913
2467 3914
959 3915
3312 3916
2131 3917
2057 3918
3104 3919
2917 3920
1700 3921
3571 3922
1495 3923
3176 3924
1564 3925
1650 3926
398 3927
2754 3928
2851 3929
3244 3930
1018 3931
1975 3932
872 3933
592 3934
3417 3935
1225 3936
2435 3937
735 3938
3123 3939
874 3940
867 3941
2332 3942
3079 3943
3557 3944
152 3945
783 3946
17 3947
1678 3948
3119 3949
1570 3950
502 3951
386 3952
293 3953
2197 3954
358 3955
2509 3956
471 3957
2089 3958
1863 3959
522 3960
2860 3961
1106 3962
1747 3963
1597 3964
957 3965
2160 3966
1325 3967
67 3968
1496 3969
2877 3970
1600 3971
2699 3972
301 3973
3922 3974
918 3975
646 3976
1800 3977
3311 3978
1614 3979
1367 3980
2166 3981
1481 3982
1996 3983
1192 3984
1740 3985
2054 3986
3268 3987
3054 3988
567 3989
3581 3990
1707 3991
1606 3992
1875 3993
3226 3994
3644 3995
1469 3996
373 3997
382 3998
1061 3999
1627 4000
3456 4001
1202 4002
1415 4003
1356 4004
2791 4005
1598 4006
1307 4007
2032 4008
3760 4009
2127 4010
3096 4011
3211 4012
171 4013
2732 4014
3211 4015
3710 4016
1062 4017
2464 4018
443 4019
3622 4020
271 4021
182 4022
2572 4023
1900 4024
397 4025
2739 4026
585 4027
66 4028
516 4029
290 4030
403 4031
1310 4032
3136 4033
3511 4034
659 4035
2945 4036
3224 4037
404 4038
1258 4039
288 4040
4008 4041
533 4042
1676 4043
1235 4044
3483 4045
455 4046
3111 4047
2917 4048
3674 4049
1290 4050
2855 4051
2193 4052
2125 4053
3359 4054
2756 4055
2106 4056
3160 4057
2407 4058
513 4059
521 4060
3319 4061
3974 4062
1767 4063
3855 4064
3690 4065
603 4066
377 4067
1961 4068
28 4069
3431 4070
856 4071
1373 4072
3178 4073
2093 4074
1811 4075
2262 4076
2990 4077
2681 4078
2101 4079
3971 4080
119 4081
3398 4082
241 4083
2990 4084
3975 4085
691 4086
2174 4087
1406 4088
1213 4089
2590 4090
1177 4091
1814 4092
2121 4093
3824 4094
2008 4095
2946 4096
3223 4097
2606 4098
2196 4099
3807 4100
745 4101
1205 4102
1707 4103
1341 4104
949 4105
120 4106
1541 4107
310 4108
1576 4109
180 4110
3210 4111
2574 4112
1063 4113
1708 4114
3028 4115
3202 4116
1573 4117
3696 4118
4074 4119
1033 4120
2153 4121
2306 4122
3873 4123
3816 4124
4113 4125
2025 4126
3111 4127
2560 4128
2976 4129
125 4130
9 4131
1847 4132
3920 4133
3296 4134
851 4135
2276 4136
3737 4137
707 4138
3533 4139
3766 4140
1762 4141
412 4142
2696 4143
3959 4144
1998 4145
4111 4146
2599 4147
96 4148
1754 4149
3590 4150
3748 4151
2950 4152
1943 4153
2462 4154
3277 4155
212 4156
2150 4157
3684 4158
3177 4159
2302 4160
438 4161
963 4162
346 4163
437 4164
1672 4165
2599 4166
3572 4167
1665 4168
1384 4169
170 4170
740 4171
245 4172
2727 4173
2193 4174
4043 4175
582 4176
3092 4177
2475 4178
442 4179
4007 4180
1329 4181
2283 4182
3664 4183
3813 4184
4116 4185
3134 4186
289 4187
2025 4188
1966 4189
3302 4190
3615 4191
107 4192
1719 4193
3373 4194
447 4195
960 4196
4079 4197
326 4198
483 4199
3625 4200
3138 4201
3909 4202
608 4203
1335 4204
795 4205
3843 4206
2930 4207
1173 4208
805 4209
1371 4210
3931 4211
943 4212
2276 4213
3694 4214
3254 4215
3918 4216
1245 4217
986 4218
107 4219
2797 4220
3366 4221
1094 4222
3221 4223
1488 4224
2261 4225
602 4226
2905 4227
2814 4228
1173 4229
583 4230
928 4231
3884 4232
821 4233
1773 4234
2215 4235
220 4236
2767 4237
2017 4238
2861 4239
138 4240
1570 4241
1950 4242
2610 4243
1758 4244
1299 4245
2285 4246
3318 4247
961 4248
587 4249
410 4250
1670 4251
2778 4252
1280 4253
1042 4254
4154 4255
8 4256
3131 4257
2876 4258
62 4259
3804 4260
2535 4261
2983 4262
3849 4263
1022 4264
2684 4265
1395 4266
133 4267
2206 4268
1974 4269
224 4270
1006 4271
71 4272
2593 4273
43 4274
3240 4275
1086 4276
1605 4277
651 4278
1158 4279
2869 4280
3973 4281
3102 4282
1295 4283
1852 4284
1748 4285
543 4286
2668 4287
2309 4288
3736 4289
4130 4290
3472 4291
3623 4292
2267 4293
2493 4294
867 4295
579 4296
3272 4297
370 4298
1143 4299
820 4300
1926 4301
1467 4302
404 4303
65 4304
1046 4305
1452 4306
3586 4307
2795 4308
1688 4309
3484 4310
885 4311
2341 4312
1544 4313
2911 4314
958 4315
221 4316
4277 4317
1027 4318
472 4319
248 4320
226 4321
1385 4322
2475 4323
2303 4324
479 4325
4059 4326
3920 4327
2447 4328
2839 4329
818 4330
2191 4331
3252 4332
3698 4333
1249 4334
2584 4335
1111 4336
1065 4337
3940 4338
2012 4339
119 4340
658 4341
1992 4342
1469 4343
3088 4344
1455 4345
3776 4346
914 4347
339 4348
2078 4349
3864 4350
1119 4351
2152 4352
3963 4353
1029 4354
3815 4355
745 4356
203 4357
2770 4358
99 4359
307 4360
3194 4361
1182 4362
1008 4363
3678 4364
1804 4365
4014 4366
893 4367
3087 4368
2112 4369
719 4370
2166 4371
4103 4372
409 4373
760 4374
1430 4375
4365 4376
879 4377
1134 4378
1057 4379
3774 4380
985 4381
3842 4382
1985 4383
3763 4384
1620 4385
2406 4386
3601 4387
1310 4388
2770 4389
3206 4390
1960 4391
816 4392
2675 4393
3457 4394
1254 4395
458 4396
62 4397
3318 4398
1867 4399
1533 4400
862 4401
3061 4402
3531 4403
4104 4404
4110 4405
1019 4406
2167 4407
1972 4408
374 4409
963 4410
3215 4411
2117 4412
43 4413
3734 4414
3581 4415
1102 4416
1688 4417
2304 4418
2946 4419
2549 4420
1779 4421
3165 4422
3121 4423
1463 4424
1061 4425
1538 4426
2167 4427
90 4428
1935 4429
1192 4430
2648 4431
1137 4432
390 4433
897 4434
3443 4435
163 4436
1220 4437
124 4438
131 4439
915 4440
1792 4441
987 4442
2800 4443
3770 4444
634 4445
4073 4446
978 4447
3257 4448
3715 4449
913 4450
3938 4451
4149 4452
989 4453
195 4454
3512 4455
3406 4456
1490 4457
4006 4458
4032 4459
1343 4460
1737 4461
3509 4462
3634 4463
3368 4464
691 4465
3194 4466
3713 4467
2875 4468
3818 4469
4427 4470
636 4471
1284 4472
462 4473
2487 4474
2273 4475
1745 4476
2573 4477
1352 4478
1640 4479
1465 4480
384 4481
917 4482
3443 4483
1477 4484
4438 4485
147 4486
1544 4487
120 4488
1504 4489
3413 4490
1969 4491
1190 4492
264 4493
2747 4494
3808 4495
3148 4496
1867 4497
1293 4498
3893 4499
3262 4500
2744 4501
1745 4502
3184 4503
2953 4504
3196 4505
1036 4506
932 4507
2632 4508
2094 4509
3630 4510
1118 4511
1991 4512
3892 4513
1025 4514
4080 4515
264 4516
3641 4517
4281 4518
799 4519
1750 4520
3581 4521
3971 4522
3073 4523
4493 4524
2067 4525
367 4526
3810 4527
962 4528
4194 4529
3869 4530
3985 4531
2701 4532
3672 4533
258 4534
1481 4535
2387 4536
4065 4537
2951 4538
2300 4539
914 4540
1494 4541
612 4542
82 4543
678 4544
3634 4545
3697 4546
2346 4547
68 4548
657 4549
3864 4550
2020 4551
4150 4552
3269 4553
3303 4554
3889 4555
2709 4556
767 4557
3000 4558
1709 4559
4457 4560
3242 4561
1401 4562
2657 4563
1187 4564
4486 4565
4475 4566
4428 4567
4236 4568
1919 4569
3472 4570
3873 4571
1067 4572
4092 4573
182 4574
8 4575
3197 4576
356 4577
3819 4578
133 4579
4111 4580
1134 4581
3103 4582
2745 4583
488 4584
4050 4585
82 4586
3668 4587
3074 4588
1773 4589
2130 4590
2251 4591
2964 4592
342 4593
1297 4594
3521 4595
4477 4596
537 4597
4252 4598
908 4599
3674 4600
4214 4601
2304 4602
2342 4603
773 4604
4529 4605
4089 4606
1199 4607
2381 4608
2271 4609
769 4610
2198 4611
1696 4612
993 4613
870 4614
4526 4615
2229 4616
1948 4617
2836 4618
3671 4619
2649 4620
2931 4621
117 4622
1200 4623
2893 4624
4159 4625
1988 4626
1029 4627
101 4628
4048 4629
1903 4630
2713 4631
3617 4632
1406 4633
1788 4634
2594 4635
948 4636
2630 4637
1776 4638
468 4639
994 4640
3173 4641
201 4642
677 4643
79 4644
252 4645
3503 4646
936 4647
1417 4648
3376 4649
1960 4650
962 4651
3444 4652
692 4653
1840 4654
266 4655
3349 4656
2621 4657
3631 4658
4041 4659
1330 4660
3099 4661
859 4662
596 4663
3321 4664
3996 4665
1371 4666
4576 4667
3506 4668
4332 4669
4204 4670
392 4671
1898 4672
3212 4673
609 4674
3592 4675
3216 4676
1686 4677
3956 4678
3340 4679
3524 4680
4015 4681
172 4682
193 4683
1262 4684
1512 4685
1852 4686
4237 4687
3292 4688
148 4689
4464 4690
4649 4691
3964 4692
3549 4693
3632 4694
1102 4695
4660 4696
4297 4697
3910 4698
298 4699
4632 4700
1420 4701
444 4702
1708 4703
2272 4704
1927 4705
59 4706
1013 4707
3039 4708
4422 4709
386 4710
642 4711
1649 4712
2423 4713
1026 4714
4398 4715
2215 4716
3589 4717
2634 4718
3995 4719
3410 4720
2607 4721
1481 4722
2740 4723
1115 4724
1592 4725
4076 4726
230 4727
938 4728
2667 4729
3516 4730
4125 4731
424 4732
4422 4733
4228 4734
4370 4735
2491 4736
2435 4737
4233 4738
3373 4739
4720 4740
1603 4741
4360 4742
2981 4743
488 4744
4723 4745
2286 4746
1533 4747
2291 4748
2961 4749
3584 4750
837 4751
451 4752
1556 4753
130 4754
3092 4755
4181 4756
3328 4757
4037 4758
3582 4759
359 4760
2404 4761
4577 4762
2302 4763
3380 4764
1400 4765
4689 4766
732 4767
3389 4768
648 4769
54 4770
396 4771
2473 4772
82 4773
4429 4774
1681 4775
1597 4776
939 4777
1463 4778
4397 4779
828 4780
2267 4781
1937 4782
2952 4783
318 4784
3749 4785
2013 4786
2623 4787
1920 4788
4414 4789
4499 4790
4130 4791
3856 4792
3646 4793
2105 4794
4676 4795
1015 4796
3515 4797
1134 4798
3041 4799
3754 4800
1601 4801
4081 4802
223 4803
2140 4804
4181 4805
256 4806
4423 4807
4451 4808
1997 4809
718 4810
2252 4811
308 4812
212 4813
273 4814
2770 4815
4461 4816
4340 4817
1604 4818
2896 4819
2816 4820
2288 4821
2637 4822
946 4823
381 4824
2368 4825
3937 4826
3919 4827
3026 4828
3243 4829
3230 4830
526 4831
4802 4832
1709 4833
3066 4834
357 4835
2102 4836
1291 4837
4569 4838
4608 4839
3071 4840
11 4841
1010 4842
141 4843
2464 4844
1459 4845
1310 4846
1065 4847
2638 4848
1870 4849
753 4850
1763 4851
3045 4852
2912 4853
829 4854
4814 4855
2779 4856
2161 4857
1041 4858
203 4859
1625 4860
3906 4861
1324 4862
651 4863
4510 4864
925 4865
908 4866
944 4867
2857 4868
3549 4869
3879 4870
1842 4871
3361 4872
1 4873
1929 4874
2982 4875
237 4876
501 4877
2423 4878
2772 4879
3364 4880
4668 4881
3544 4882
424 4883
3240 4884
628 4885
1263 4886
4284 4887
631 4888
1868 4889
461 4890
1086 4891
1925 4892
2520 4893
4740 4894
1665 4895
4578 4896
576 4897
1858 4898
1549 4899
1548 4900
2350 4901
2468 4902
3088 4903
1366 4904
3093 4905
1616 4906
4031 4907
4775 4908
4663 4909
482 4910
4412 4911
2609 4912
4452 4913
2808 4914
4445 4915
2470 4916
4020 4917
856 4918
1912 4919
3450 4920
2336 4921
4640 4922
1834 4923
4597 4924
3000 4925
2539 4926
1031 4927
2914 4928
270 4929
1043 4930
1448 4931
1039 4932
1620 4933
3697 4934
1007 4935
1458 4936
4250 4937
89 4938
3626 4939
4537 4940
4011 4941
2462 4942
2688 4943
1639 4944
3960 4945
1211 4946
4000 4947
530 4948
996 4949
2305 4950
1296 4951
4468 4952
2233 4953
4809 4954
4556 4955
756 4956
3874 4957
2078 4958
3108 4959
4124 4960
4246 4961
4527 4962
47 4963
765 4964
4767 4965
3203 4966
2854 4967
415 4968
4716 4969
3174 4970
1516 4971
306 4972
3272 4973
3474 4974
3961 4975
4542 4976
1428 4977
4716 4978
4211 4979
3757 4980
3316 4981
2644 4982
3036 4983
1146 4984
3661 4985
2042 4986
2149 4987
1322 4988
4134 4989
1514 4990
546 4991
4081 4992
4263 4993
2868 4994
577 4995
2374 4996
4171 4997
3016 4998
3574 4999
124 5000
