1 2
1 3
2 4
2 5
2 6
3 7
3 8
5 9
9 10
9 11
5 12
7 13
8 14
1 15
2 16
9 17
16 18
8 19
7 20
16 21
3 22
21 23
4 24
16 25
3 26
15 27
8 28
25 29
21 30
30 31
6 32
27 33
18 34
28 35
22 36
15 37
14 38
7 39
30 40
38 41
8 42
5 43
34 44
16 45
1 46
29 47
24 48
9 49
17 50
4 51
11 52
28 53
8 54
10 55
45 56
24 57
7 58
3 59
46 60
4 61
58 62
57 63
35 64
53 65
11 66
26 67
50 68
42 69
36 70
67 71
51 72
28 73
13 74
6 75
5 76
42 77
17 78
38 79
29 80
70 81
39 82
2 83
38 84
45 85
39 86
14 87
41 88
73 89
20 90
19 91
15 92
85 93
34 94
63 95
93 96
26 97
9 98
81 99
10 100
26 101
12 102
72 103
1 104
63 105
13 106
6 107
14 108
51 109
8 110
82 111
64 112
110 113
86 114
62 115
60 116
16 117
103 118
10 119
111 120
33 121
97 122
8 123
83 124
70 125
84 126
83 127
122 128
42 129
33 130
49 131
104 132
100 133
7 134
79 135
108 136
84 137
79 138
2 139
115 140
100 141
75 142
17 143
68 144
71 145
76 146
135 147
80 148
26 149
89 150
135 151
11 152
29 153
42 154
130 155
76 156
61 157
111 158
67 159
111 160
3 161
13 162
80 163
53 164
47 165
20 166
105 167
107 168
54 169
126 170
68 171
137 172
121 173
130 174
126 175
125 176
97 177
5 178
31 179
101 180
38 181
33 182
24 183
11 184
23 185
143 186
78 187
108 188
185 189
131 190
174 191
24 192
115 193
142 194
7 195
55 196
192 197
8 198
114 199
66 200
72 201
21 202
16 203
162 204
98 205
57 206
52 207
100 208
42 209
29 210
153 211
202 212
76 213
3 214
64 215
62 216
82 217
20 218
134 219
52 220
103 221
35 222
76 223
128 224
46 225
38 226
26 227
222 228
137 229
51 230
127 231
29 232
50 233
141 234
36 235
141 236
161 237
95 238
21 239
115 240
146 241
123 242
226 243
196 244
160 245
151 246
112 247
138 248
209 249
229 250
6 251
205 252
69 253
143 254
199 255
125 256
255 257
238 258
64 259
208 260
163 261
162 262
144 263
40 264
259 265
205 266
3 267
215 268
151 269
127 270
122 271
1 272
15 273
120 274
108 275
172 276
98 277
75 278
34 279
62 280
141 281
151 282
207 283
40 284
63 285
88 286
195 287
125 288
122 289
148 290
198 291
31 292
142 293
123 294
64 295
37 296
87 297
211 298
194 299
88 300
98 301
253 302
93 303
124 304
188 305
114 306
291 307
239 308
299 309
300 310
1 311
82 312
126 313
145 314
213 315
56 316
205 317
57 318
202 319
4 320
71 321
156 322
314 323
119 324
172 325
222 326
17 327
148 328
26 329
44 330
290 331
95 332
290 333
232 334
28 335
112 336
258 337
222 338
219 339
36 340
230 341
319 342
17 343
138 344
205 345
305 346
97 347
333 348
8 349
292 350
302 351
195 352
326 353
211 354
32 355
119 356
331 357
242 358
139 359
241 360
6 361
94 362
109 363
54 364
253 365
355 366
206 367
61 368
316 369
123 370
183 371
157 372
292 373
72 374
89 375
177 376
92 377
208 378
112 379
224 380
330 381
270 382
341 383
88 384
20 385
121 386
203 387
115 388
29 389
112 390
158 391
304 392
232 393
158 394
11 395
122 396
156 397
67 398
218 399
368 400
358 401
121 402
219 403
151 404
365 405
34 406
266 407
48 408
101 409
221 410
52 411
343 412
61 413
341 414
74 415
165 416
242 417
245 418
380 419
184 420
340 421
307 422
134 423
374 424
129 425
350 426
183 427
138 428
189 429
274 430
256 431
79 432
333 433
35 434
214 435
72 436
295 437
380 438
28 439
406 440
395 441
373 442
142 443
201 444
111 445
331 446
183 447
446 448
205 449
48 450
206 451
20 452
90 453
311 454
416 455
432 456
232 457
58 458
409 459
57 460
393 461
19 462
343 463
236 464
213 465
141 466
200 467
221 468
72 469
348 470
239 471
127 472
24 473
354 474
64 475
327 476
369 477
417 478
110 479
354 480
331 481
77 482
273 483
454 484
73 485
396 486
244 487
50 488
165 489
248 490
371 491
317 492
231 493
303 494
51 495
434 496
10 497
428 498
282 499
103 500
224 501
32 502
129 503
62 504
37 505
160 506
444 507
49 508
129 509
171 510
198 511
441 512
157 513
241 514
383 515
119 516
235 517
470 518
404 519
165 520
422 521
399 522
143 523
337 524
29 525
274 526
430 527
404 528
403 529
319 530
505 531
285 532
76 533
504 534
82 535
63 536
53 537
146 538
76 539
474 540
514 541
202 542
136 543
518 544
468 545
491 546
250 547
314 548
60 549
408 550
236 551
113 552
522 553
487 554
310 555
172 556
52 557
445 558
177 559
265 560
426 561
374 562
69 563
134 564
218 565
379 566
515 567
122 568
116 569
262 570
549 571
285 572
454 573
489 574
142 575
433 576
297 577
60 578
425 579
14 580
352 581
190 582
165 583
562 584
22 585
250 586
400 587
198 588
129 589
565 590
412 591
275 592
307 593
469 594
374 595
462 596
245 597
382 598
74 599
336 600
485 601
523 602
227 603
46 604
513 605
80 606
269 607
153 608
401 609
420 610
547 611
467 612
338 613
103 614
312 615
58 616
394 617
185 618
521 619
386 620
35 621
584 622
474 623
451 624
64 625
184 626
118 627
20 628
250 629
219 630
198 631
502 632
545 633
389 634
38 635
151 636
270 637
425 638
218 639
476 640
212 641
44 642
623 643
553 644
248 645
93 646
378 647
479 648
235 649
574 650
401 651
324 652
223 653
34 654
419 655
106 656
232 657
428 658
134 659
513 660
350 661
329 662
481 663
386 664
655 665
587 666
298 667
497 668
146 669
471 670
73 671
208 672
223 673
539 674
285 675
668 676
95 677
392 678
494 679
59 680
40 681
145 682
185 683
646 684
8 685
6 686
622 687
607 688
432 689
383 690
277 691
395 692
288 693
56 694
650 695
534 696
34 697
130 698
162 699
236 700
128 701
162 702
343 703
341 704
272 705
186 706
400 707
582 708
475 709
190 710
242 711
418 712
701 713
604 714
351 715
79 716
397 717
153 718
472 719
625 720
396 721
620 722
591 723
525 724
438 725
694 726
93 727
462 728
72 729
715 730
664 731
233 732
714 733
158 734
647 735
157 736
333 737
249 738
726 739
109 740
511 741
591 742
406 743
430 744
601 745
507 746
517 747
76 748
516 749
123 750
332 751
140 752
21 753
659 754
229 755
746 756
635 757
553 758
705 759
640 760
306 761
43 762
285 763
101 764
645 765
47 766
46 767
366 768
757 769
131 770
333 771
217 772
477 773
91 774
768 775
672 776
295 777
27 778
312 779
109 780
777 781
622 782
129 783
354 784
216 785
262 786
713 787
529 788
117 789
207 790
24 791
397 792
446 793
202 794
627 795
744 796
552 797
194 798
703 799
694 800
292 801
97 802
59 803
716 804
194 805
168 806
115 807
368 808
382 809
301 810
472 811
648 812
370 813
347 814
572 815
646 816
277 817
229 818
433 819
146 820
247 821
585 822
305 823
210 824
429 825
265 826
65 827
466 828
53 829
704 830
695 831
338 832
187 833
108 834
91 835
566 836
676 837
650 838
306 839
465 840
511 841
200 842
332 843
629 844
433 845
503 846
169 847
170 848
410 849
74 850
144 851
194 852
544 853
445 854
8 855
203 856
298 857
533 858
764 859
452 860
53 861
28 862
697 863
146 864
829 865
644 866
184 867
626 868
164 869
668 870
559 871
798 872
200 873
499 874
331 875
644 876
355 877
720 878
662 879
132 880
240 881
393 882
784 883
795 884
37 885
676 886
716 887
426 888
607 889
454 890
58 891
474 892
104 893
234 894
100 895
156 896
218 897
265 898
480 899
92 900
712 901
458 902
672 903
511 904
509 905
161 906
729 907
514 908
619 909
473 910
611 911
345 912
259 913
841 914
771 915
175 916
573 917
326 918
850 919
130 920
444 921
373 922
279 923
181 924
815 925
876 926
697 927
79 928
124 929
815 930
526 931
833 932
34 933
95 934
113 935
652 936
695 937
4 938
874 939
539 940
784 941
903 942
886 943
533 944
900 945
564 946
249 947
585 948
787 949
793 950
201 951
31 952
565 953
365 954
134 955
451 956
306 957
950 958
824 959
268 960
776 961
887 962
153 963
752 964
6 965
582 966
474 967
300 968
268 969
151 970
387 971
790 972
340 973
548 974
810 975
912 976
249 977
279 978
670 979
272 980
147 981
388 982
805 983
473 984
159 985
783 986
201 987
182 988
835 989
558 990
500 991
191 992
489 993
941 994
47 995
724 996
898 997
367 998
953 999
893 1000
666 1001
489 1002
906 1003
412 1004
890 1005
736 1006
597 1007
647 1008
622 1009
489 1010
977 1011
760 1012
821 1013
606 1014
332 1015
726 1016
732 1017
350 1018
368 1019
657 1020
469 1021
714 1022
880 1023
56 1024
31 1025
40 1026
582 1027
823 1028
108 1029
669 1030
809 1031
794 1032
723 1033
917 1034
57 1035
287 1036
485 1037
743 1038
282 1039
648 1040
902 1041
717 1042
656 1043
171 1044
439 1045
714 1046
341 1047
381 1048
448 1049
21 1050
393 1051
732 1052
934 1053
756 1054
823 1055
816 1056
902 1057
796 1058
362 1059
174 1060
719 1061
62 1062
651 1063
842 1064
38 1065
760 1066
666 1067
738 1068
797 1069
145 1070
472 1071
956 1072
1005 1073
491 1074
667 1075
420 1076
830 1077
1063 1078
268 1079
797 1080
800 1081
784 1082
79 1083
634 1084
51 1085
207 1086
20 1087
494 1088
263 1089
1088 1090
66 1091
1007 1092
254 1093
1024 1094
437 1095
688 1096
464 1097
275 1098
600 1099
253 1100
1081 1101
636 1102
872 1103
1037 1104
516 1105
86 1106
853 1107
424 1108
136 1109
883 1110
222 1111
845 1112
455 1113
815 1114
935 1115
310 1116
1011 1117
735 1118
571 1119
534 1120
678 1121
924 1122
120 1123
888 1124
723 1125
215 1126
536 1127
622 1128
692 1129
325 1130
240 1131
1091 1132
587 1133
684 1134
829 1135
190 1136
647 1137
403 1138
248 1139
548 1140
1075 1141
783 1142
441 1143
306 1144
780 1145
534 1146
7 1147
501 1148
1059 1149
629 1150
1050 1151
75 1152
624 1153
574 1154
518 1155
1072 1156
257 1157
421 1158
1139 1159
611 1160
798 1161
813 1162
353 1163
519 1164
619 1165
327 1166
466 1167
735 1168
99 1169
88 1170
63 1171
41 1172
772 1173
1165 1174
248 1175
585 1176
738 1177
255 1178
1165 1179
1016 1180
798 1181
848 1182
111 1183
718 1184
297 1185
298 1186
801 1187
331 1188
1164 1189
627 1190
989 1191
152 1192
931 1193
926 1194
591 1195
594 1196
608 1197
1133 1198
797 1199
574 1200
1128 1201
862 1202
325 1203
697 1204
1017 1205
79 1206
534 1207
737 1208
180 1209
355 1210
321 1211
197 1212
1024 1213
576 1214
539 1215
736 1216
561 1217
240 1218
1099 1219
1208 1220
482 1221
944 1222
733 1223
412 1224
661 1225
297 1226
116 1227
326 1228
646 1229
361 1230
47 1231
1103 1232
1119 1233
59 1234
1157 1235
166 1236
482 1237
642 1238
607 1239
402 1240
160 1241
317 1242
84 1243
256 1244
143 1245
225 1246
968 1247
1044 1248
297 1249
934 1250
589 1251
808 1252
121 1253
542 1254
473 1255
567 1256
704 1257
968 1258
1178 1259
1068 1260
180 1261
779 1262
401 1263
806 1264
148 1265
811 1266
762 1267
449 1268
525 1269
206 1270
884 1271
967 1272
1169 1273
393 1274
783 1275
590 1276
495 1277
992 1278
767 1279
200 1280
262 1281
970 1282
384 1283
679 1284
743 1285
218 1286
850 1287
591 1288
903 1289
1156 1290
536 1291
805 1292
745 1293
278 1294
118 1295
256 1296
1204 1297
799 1298
894 1299
1296 1300
1192 1301
55 1302
601 1303
270 1304
766 1305
344 1306
1224 1307
552 1308
452 1309
432 1310
692 1311
349 1312
842 1313
514 1314
321 1315
951 1316
527 1317
26 1318
690 1319
991 1320
623 1321
985 1322
140 1323
905 1324
1092 1325
888 1326
520 1327
446 1328
1172 1329
741 1330
411 1331
306 1332
942 1333
1181 1334
868 1335
605 1336
78 1337
505 1338
578 1339
271 1340
60 1341
1337 1342
1151 1343
796 1344
1125 1345
1183 1346
1060 1347
516 1348
372 1349
897 1350
60 1351
875 1352
976 1353
933 1354
170 1355
901 1356
1180 1357
890 1358
1047 1359
480 1360
917 1361
1010 1362
674 1363
1094 1364
1091 1365
1215 1366
1267 1367
322 1368
693 1369
433 1370
818 1371
87 1372
247 1373
662 1374
253 1375
1033 1376
1227 1377
953 1378
344 1379
789 1380
1005 1381
271 1382
351 1383
309 1384
121 1385
455 1386
1251 1387
218 1388
432 1389
422 1390
385 1391
588 1392
513 1393
679 1394
357 1395
1183 1396
967 1397
240 1398
767 1399
103 1400
425 1401
959 1402
297 1403
410 1404
946 1405
389 1406
628 1407
704 1408
1181 1409
50 1410
168 1411
33 1412
383 1413
795 1414
352 1415
154 1416
1147 1417
525 1418
198 1419
473 1420
718 1421
570 1422
1000 1423
8 1424
618 1425
901 1426
717 1427
448 1428
1114 1429
285 1430
126 1431
544 1432
1399 1433
195 1434
1023 1435
300 1436
985 1437
874 1438
423 1439
687 1440
1087 1441
1128 1442
359 1443
50 1444
1138 1445
84 1446
708 1447
836 1448
387 1449
1002 1450
833 1451
1314 1452
359 1453
283 1454
1315 1455
193 1456
367 1457
231 1458
658 1459
514 1460
661 1461
1381 1462
1206 1463
557 1464
1313 1465
970 1466
725 1467
1449 1468
1092 1469
1106 1470
746 1471
108 1472
135 1473
190 1474
1455 1475
1258 1476
1397 1477
1290 1478
138 1479
198 1480
899 1481
326 1482
530 1483
1389 1484
126 1485
1397 1486
1086 1487
979 1488
485 1489
1361 1490
544 1491
498 1492
1201 1493
639 1494
1294 1495
742 1496
852 1497
1336 1498
1472 1499
229 1500
497 1501
1188 1502
241 1503
1396 1504
132 1505
833 1506
265 1507
947 1508
1201 1509
18 1510
1096 1511
115 1512
987 1513
726 1514
1082 1515
765 1516
1433 1517
1284 1518
1209 1519
250 1520
946 1521
40 1522
1073 1523
1190 1524
1398 1525
1329 1526
594 1527
665 1528
73 1529
693 1530
655 1531
313 1532
891 1533
537 1534
439 1535
992 1536
213 1537
740 1538
692 1539
1517 1540
844 1541
472 1542
1285 1543
879 1544
1189 1545
958 1546
1260 1547
56 1548
247 1549
469 1550
1263 1551
1413 1552
1032 1553
372 1554
674 1555
1076 1556
308 1557
748 1558
1169 1559
1416 1560
1454 1561
970 1562
741 1563
907 1564
905 1565
711 1566
970 1567
222 1568
574 1569
1393 1570
328 1571
1553 1572
1118 1573
404 1574
1269 1575
1545 1576
1319 1577
1097 1578
1096 1579
357 1580
919 1581
131 1582
62 1583
803 1584
271 1585
926 1586
1262 1587
770 1588
1533 1589
1126 1590
1191 1591
1128 1592
515 1593
1108 1594
1491 1595
405 1596
44 1597
624 1598
1212 1599
493 1600
1506 1601
141 1602
490 1603
1229 1604
540 1605
1594 1606
154 1607
451 1608
161 1609
409 1610
555 1611
639 1612
392 1613
1459 1614
884 1615
695 1616
821 1617
1441 1618
268 1619
1019 1620
307 1621
345 1622
593 1623
869 1624
252 1625
1309 1626
1359 1627
283 1628
1374 1629
220 1630
148 1631
527 1632
668 1633
20 1634
129 1635
1041 1636
454 1637
1300 1638
301 1639
1348 1640
1445 1641
1310 1642
1188 1643
1362 1644
344 1645
1019 1646
1237 1647
1411 1648
1308 1649
885 1650
1480 1651
858 1652
628 1653
873 1654
489 1655
864 1656
1085 1657
852 1658
1130 1659
1594 1660
1224 1661
1312 1662
1398 1663
591 1664
858 1665
1346 1666
1629 1667
254 1668
1330 1669
1549 1670
1175 1671
1216 1672
1265 1673
952 1674
1409 1675
463 1676
570 1677
448 1678
1249 1679
541 1680
1572 1681
1490 1682
598 1683
1654 1684
263 1685
680 1686
289 1687
767 1688
1065 1689
895 1690
999 1691
1381 1692
1367 1693
741 1694
737 1695
572 1696
1296 1697
405 1698
283 1699
284 1700
1177 1701
1090 1702
71 1703
1324 1704
1649 1705
617 1706
1699 1707
1082 1708
1419 1709
1095 1710
1697 1711
1278 1712
590 1713
1375 1714
344 1715
1189 1716
1130 1717
272 1718
1194 1719
1306 1720
749 1721
1151 1722
989 1723
875 1724
1259 1725
378 1726
1083 1727
997 1728
522 1729
389 1730
420 1731
375 1732
257 1733
1454 1734
46 1735
1032 1736
486 1737
297 1738
1393 1739
1661 1740
1362 1741
759 1742
92 1743
349 1744
184 1745
1319 1746
1071 1747
97 1748
1601 1749
704 1750
529 1751
1366 1752
671 1753
216 1754
670 1755
305 1756
848 1757
44 1758
259 1759
494 1760
1130 1761
686 1762
1514 1763
223 1764
806 1765
174 1766
101 1767
535 1768
349 1769
1570 1770
182 1771
366 1772
849 1773
1214 1774
4 1775
398 1776
1591 1777
968 1778
680 1779
891 1780
1458 1781
1763 1782
321 1783
901 1784
887 1785
406 1786
612 1787
743 1788
602 1789
1626 1790
1585 1791
1486 1792
716 1793
1502 1794
1008 1795
1181 1796
1094 1797
198 1798
375 1799
505 1800
1586 1801
899 1802
1114 1803
1040 1804
1718 1805
1569 1806
498 1807
29 1808
403 1809
1569 1810
59 1811
1042 1812
36 1813
760 1814
488 1815
301 1816
941 1817
571 1818
1743 1819
1003 1820
1700 1821
1437 1822
1358 1823
411 1824
104 1825
220 1826
1629 1827
455 1828
699 1829
737 1830
874 1831
1186 1832
375 1833
1084 1834
1483 1835
76 1836
457 1837
1209 1838
899 1839
629 1840
1131 1841
675 1842
603 1843
1115 1844
262 1845
1274 1846
570 1847
1198 1848
1168 1849
107 1850
840 1851
1724 1852
396 1853
551 1854
1183 1855
1811 1856
675 1857
1319 1858
1128 1859
1587 1860
768 1861
949 1862
360 1863
1737 1864
1662 1865
1715 1866
1405 1867
555 1868
1814 1869
1696 1870
604 1871
1724 1872
1416 1873
1467 1874
873 1875
573 1876
1405 1877
676 1878
567 1879
1210 1880
634 1881
800 1882
1314 1883
135 1884
406 1885
1082 1886
72 1887
1660 1888
1309 1889
485 1890
1335 1891
1714 1892
894 1893
680 1894
1245 1895
151 1896
111 1897
991 1898
1348 1899
1070 1900
862 1901
984 1902
139 1903
281 1904
1412 1905
1342 1906
965 1907
1680 1908
682 1909
776 1910
940 1911
817 1912
176 1913
67 1914
1599 1915
1265 1916
1785 1917
503 1918
649 1919
1537 1920
1796 1921
1815 1922
905 1923
1395 1924
1350 1925
1290 1926
1563 1927
1581 1928
641 1929
1307 1930
1004 1931
164 1932
1417 1933
7 1934
1098 1935
1057 1936
965 1937
208 1938
1206 1939
126 1940
449 1941
203 1942
1793 1943
944 1944
1300 1945
81 1946
1422 1947
1717 1948
932 1949
692 1950
381 1951
373 1952
1457 1953
1750 1954
914 1955
328 1956
1244 1957
692 1958
1633 1959
1775 1960
1113 1961
1429 1962
1117 1963
1362 1964
1491 1965
1591 1966
40 1967
1694 1968
1897 1969
1272 1970
1380 1971
54 1972
983 1973
212 1974
1875 1975
345 1976
1974 1977
868 1978
1095 1979
8 1980
754 1981
1951 1982
413 1983
1726 1984
1135 1985
1686 1986
729 1987
1828 1988
272 1989
1626 1990
59 1991
1810 1992
366 1993
1510 1994
1038 1995
144 1996
12 1997
655 1998
1116 1999
1000 2000
264 2001
1033 2002
797 2003
1178 2004
3 2005
541 2006
434 2007
1540 2008
1314 2009
991 2010
773 2011
1178 2012
1022 2013
241 2014
1877 2015
1873 2016
1174 2017
1913 2018
1099 2019
757 2020
124 2021
1678 2022
951 2023
707 2024
917 2025
865 2026
1762 2027
560 2028
1321 2029
1508 2030
96 2031
1342 2032
143 2033
1699 2034
623 2035
1755 2036
1689 2037
1751 2038
464 2039
996 2040
943 2041
173 2042
486 2043
1688 2044
747 2045
500 2046
200 2047
726 2048
1795 2049
1309 2050
1308 2051
1108 2052
1479 2053
1821 2054
1920 2055
1525 2056
921 2057
1621 2058
1117 2059
181 2060
1074 2061
152 2062
1349 2063
1365 2064
1286 2065
777 2066
1889 2067
1230 2068
1287 2069
628 2070
305 2071
868 2072
962 2073
446 2074
359 2075
2009 2076
729 2077
1838 2078
1760 2079
92 2080
1182 2081
1684 2082
1806 2083
679 2084
1179 2085
1363 2086
654 2087
778 2088
1955 2089
607 2090
1690 2091
762 2092
1717 2093
1872 2094
226 2095
1949 2096
905 2097
1998 2098
1770 2099
721 2100
1466 2101
1267 2102
1667 2103
974 2104
1124 2105
1552 2106
750 2107
1883 2108
1715 2109
255 2110
68 2111
369 2112
725 2113
271 2114
1832 2115
915 2116
1683 2117
1549 2118
1985 2119
1692 2120
1105 2121
465 2122
1889 2123
1033 2124
640 2125
14 2126
1554 2127
18 2128
313 2129
1524 2130
1506 2131
826 2132
1239 2133
1269 2134
1756 2135
1955 2136
1780 2137
1504 2138
566 2139
536 2140
790 2141
1708 2142
1016 2143
1741 2144
748 2145
1220 2146
40 2147
1593 2148
433 2149
2122 2150
229 2151
1627 2152
2059 2153
59 2154
2089 2155
1990 2156
1969 2157
1121 2158
850 2159
1041 2160
1022 2161
1097 2162
1796 2163
1590 2164
1443 2165
778 2166
1854 2167
907 2168
514 2169
1760 2170
1867 2171
1123 2172
1085 2173
1274 2174
179 2175
433 2176
876 2177
397 2178
911 2179
2170 2180
1609 2181
268 2182
806 2183
1794 2184
203 2185
207 2186
296 2187
2149 2188
1422 2189
265 2190
1242 2191
1301 2192
301 2193
403 2194
1083 2195
1817 2196
862 2197
871 2198
264 2199
1050 2200
766 2201
454 2202
699 2203
2013 2204
1222 2205
939 2206
1971 2207
274 2208
111 2209
1337 2210
148 2211
1542 2212
738 2213
1215 2214
604 2215
27 2216
421 2217
1302 2218
1055 2219
219 2220
2031 2221
1448 2222
1002 2223
1188 2224
2111 2225
509 2226
1576 2227
1804 2228
2160 2229
701 2230
1014 2231
1910 2232
1881 2233
276 2234
1388 2235
1680 2236
1220 2237
658 2238
1458 2239
1729 2240
1019 2241
2092 2242
1141 2243
600 2244
1591 2245
1448 2246
1863 2247
992 2248
2177 2249
642 2250
1741 2251
514 2252
1553 2253
1032 2254
814 2255
1631 2256
1155 2257
461 2258
752 2259
364 2260
656 2261
93 2262
401 2263
2220 2264
768 2265
1360 2266
968 2267
1563 2268
1788 2269
349 2270
2007 2271
1317 2272
444 2273
1690 2274
62 2275
558 2276
1214 2277
2104 2278
1284 2279
25 2280
2273 2281
1068 2282
967 2283
439 2284
1514 2285
1463 2286
178 2287
407 2288
910 2289
334 2290
1137 2291
2011 2292
1189 2293
1672 2294
638 2295
945 2296
410 2297
1880 2298
2162 2299
138 2300
32 2301
1498 2302
2252 2303
1730 2304
2108 2305
2261 2306
502 2307
2128 2308
85 2309
1694 2310
2295 2311
973 2312
1115 2313
1694 2314
933 2315
631 2316
1776 2317
1516 2318
1466 2319
1854 2320
1764 2321
470 2322
2155 2323
541 2324
284 2325
675 2326
2299 2327
1128 2328
354 2329
878 2330
2165 2331
1493 2332
1005 2333
1189 2334
1431 2335
891 2336
1949 2337
460 2338
36 2339
82 2340
1776 2341
2118 2342
2211 2343
2322 2344
1261 2345
770 2346
2195 2347
1136 2348
715 2349
839 2350
1450 2351
1033 2352
1924 2353
1543 2354
1975 2355
1921 2356
1008 2357
280 2358
1156 2359
890 2360
1681 2361
894 2362
1465 2363
244 2364
513 2365
1502 2366
990 2367
556 2368
588 2369
1682 2370
1029 2371
1921 2372
197 2373
336 2374
1633 2375
581 2376
1876 2377
2037 2378
1641 2379
85 2380
2036 2381
7 2382
353 2383
546 2384
873 2385
473 2386
2029 2387
1410 2388
1127 2389
1721 2390
478 2391
1025 2392
131 2393
2143 2394
722 2395
802 2396
462 2397
154 2398
1973 2399
250 2400
1788 2401
493 2402
660 2403
1216 2404
590 2405
2279 2406
1629 2407
1512 2408
720 2409
2052 2410
1746 2411
2406 2412
821 2413
1912 2414
1044 2415
1443 2416
477 2417
1619 2418
19 2419
1902 2420
416 2421
1342 2422
2249 2423
308 2424
186 2425
667 2426
2158 2427
1788 2428
2382 2429
1011 2430
337 2431
311 2432
1188 2433
1378 2434
1655 2435
1100 2436
1994 2437
1846 2438
626 2439
1083 2440
2354 2441
1760 2442
10 2443
1509 2444
2217 2445
2422 2446
202 2447
823 2448
1665 2449
2416 2450
1715 2451
903 2452
2387 2453
895 2454
1286 2455
1288 2456
1486 2457
846 2458
86 2459
1319 2460
721 2461
883 2462
1991 2463
2429 2464
2350 2465
169 2466
486 2467
1180 2468
2058 2469
462 2470
2442 2471
1910 2472
172 2473
1797 2474
87 2475
2425 2476
2218 2477
2195 2478
1494 2479
1371 2480
2176 2481
2352 2482
1338 2483
335 2484
318 2485
1349 2486
743 2487
1937 2488
694 2489
162 2490
1948 2491
1170 2492
801 2493
1541 2494
1245 2495
684 2496
1607 2497
2135 2498
2066 2499
776 2500
73 2501
1711 2502
1283 2503
2037 2504
594 2505
136 2506
1178 2507
2266 2508
1828 2509
1546 2510
709 2511
2389 2512
2431 2513
2336 2514
1775 2515
1089 2516
2118 2517
450 2518
1271 2519
1913 2520
383 2521
1948 2522
2520 2523
2272 2524
1138 2525
684 2526
1045 2527
677 2528
393 2529
786 2530
1598 2531
164 2532
964 2533
86 2534
2230 2535
2146 2536
1299 2537
2331 2538
966 2539
1332 2540
1656 2541
940 2542
1256 2543
1259 2544
1586 2545
286 2546
134 2547
319 2548
161 2549
1310 2550
513 2551
2078 2552
303 2553
2263 2554
2135 2555
2410 2556
277 2557
1395 2558
1208 2559
2390 2560
152 2561
43 2562
1360 2563
1399 2564
235 2565
2101 2566
470 2567
1248 2568
285 2569
537 2570
1702 2571
2303 2572
2003 2573
1609 2574
1681 2575
352 2576
635 2577
1927 2578
1725 2579
2568 2580
660 2581
2233 2582
895 2583
441 2584
19 2585
931 2586
778 2587
2440 2588
2434 2589
57 2590
1249 2591
1043 2592
2010 2593
2355 2594
261 2595
1078 2596
1578 2597
1104 2598
693 2599
1804 2600
1777 2601
698 2602
1788 2603
2316 2604
1685 2605
1989 2606
1092 2607
1284 2608
928 2609
2185 2610
1830 2611
797 2612
987 2613
2131 2614
976 2615
2336 2616
1281 2617
966 2618
357 2619
2497 2620
43 2621
1986 2622
2317 2623
177 2624
1017 2625
1622 2626
1035 2627
1964 2628
1512 2629
208 2630
753 2631
604 2632
2433 2633
1404 2634
214 2635
1225 2636
1181 2637
1901 2638
1721 2639
345 2640
700 2641
1744 2642
231 2643
2315 2644
2568 2645
2291 2646
1274 2647
679 2648
1572 2649
561 2650
1505 2651
159 2652
21 2653
1302 2654
1478 2655
872 2656
718 2657
2034 2658
1165 2659
2081 2660
2512 2661
2001 2662
1336 2663
744 2664
2421 2665
1267 2666
1057 2667
2433 2668
1723 2669
2239 2670
1500 2671
2138 2672
2460 2673
1636 2674
4 2675
2230 2676
1734 2677
2574 2678
856 2679
873 2680
1427 2681
2323 2682
109 2683
2663 2684
34 2685
1779 2686
1598 2687
185 2688
1906 2689
673 2690
2397 2691
131 2692
1988 2693
2649 2694
1832 2695
2393 2696
1041 2697
13 2698
2069 2699
1828 2700
1858 2701
1744 2702
2267 2703
1743 2704
1371 2705
1754 2706
2587 2707
2429 2708
915 2709
2290 2710
304 2711
796 2712
1476 2713
1708 2714
1595 2715
1299 2716
1278 2717
2403 2718
72 2719
2235 2720
1067 2721
1925 2722
247 2723
327 2724
1739 2725
1364 2726
1100 2727
380 2728
1438 2729
1998 2730
1051 2731
1130 2732
68 2733
628 2734
2122 2735
1907 2736
651 2737
238 2738
803 2739
2259 2740
2348 2741
1347 2742
2479 2743
1399 2744
1190 2745
1359 2746
2064 2747
1404 2748
2040 2749
2685 2750
526 2751
2349 2752
2585 2753
1074 2754
669 2755
1820 2756
1804 2757
2471 2758
2200 2759
2282 2760
1196 2761
1578 2762
1015 2763
1038 2764
1119 2765
42 2766
1863 2767
846 2768
2318 2769
1678 2770
1041 2771
1843 2772
1994 2773
286 2774
579 2775
141 2776
297 2777
433 2778
2750 2779
906 2780
1306 2781
1993 2782
1046 2783
915 2784
948 2785
2157 2786
1801 2787
2691 2788
2549 2789
2398 2790
1521 2791
1487 2792
23 2793
1946 2794
22 2795
977 2796
743 2797
1242 2798
2345 2799
2396 2800
917 2801
792 2802
1059 2803
826 2804
1683 2805
1465 2806
2679 2807
2108 2808
2770 2809
1922 2810
1666 2811
89 2812
414 2813
338 2814
1009 2815
2617 2816
2046 2817
489 2818
1715 2819
472 2820
2015 2821
730 2822
2103 2823
542 2824
2235 2825
282 2826
1800 2827
1119 2828
1719 2829
1996 2830
2439 2831
149 2832
877 2833
978 2834
2312 2835
2123 2836
233 2837
2790 2838
1060 2839
2656 2840
133 2841
938 2842
439 2843
333 2844
1302 2845
70 2846
1625 2847
2343 2848
1596 2849
2502 2850
230 2851
2163 2852
2338 2853
1694 2854
528 2855
933 2856
2105 2857
1393 2858
2184 2859
1889 2860
2608 2861
1320 2862
2155 2863
1628 2864
1498 2865
796 2866
833 2867
2389 2868
311 2869
42 2870
153 2871
795 2872
1530 2873
2013 2874
1755 2875
2049 2876
225 2877
1731 2878
2739 2879
2048 2880
412 2881
842 2882
1229 2883
563 2884
1870 2885
2151 2886
2856 2887
2139 2888
1815 2889
348 2890
870 2891
1946 2892
2148 2893
443 2894
1349 2895
2084 2896
2739 2897
1151 2898
296 2899
2685 2900
409 2901
2375 2902
2816 2903
975 2904
1901 2905
495 2906
50 2907
2176 2908
930 2909
431 2910
2296 2911
2385 2912
2383 2913
1830 2914
2335 2915
824 2916
802 2917
2219 2918
1126 2919
678 2920
2914 2921
2716 2922
323 2923
160 2924
450 2925
289 2926
2211 2927
1587 2928
2265 2929
2426 2930
2697 2931
1506 2932
60 2933
1152 2934
1067 2935
2413 2936
52 2937
1585 2938
333 2939
2734 2940
915 2941
176 2942
532 2943
1258 2944
1611 2945
475 2946
1995 2947
611 2948
434 2949
1808 2950
1644 2951
2536 2952
1865 2953
1908 2954
825 2955
1312 2956
367 2957
1376 2958
2315 2959
121 2960
2591 2961
2639 2962
2942 2963
2550 2964
1324 2965
815 2966
951 2967
1416 2968
629 2969
2742 2970
2693 2971
1451 2972
927 2973
871 2974
1742 2975
2436 2976
2530 2977
536 2978
2427 2979
898 2980
544 2981
2667 2982
2423 2983
1706 2984
2117 2985
520 2986
1351 2987
2692 2988
865 2989
797 2990
1018 2991
2831 2992
2618 2993
138 2994
488 2995
1812 2996
943 2997
1881 2998
2030 2999
2541 3000
1974 3001
74 3002
80 3003
2891 3004
1871 3005
468 3006
2781 3007
1801 3008
2944 3009
2811 3010
1738 3011
1362 3012
593 3013
2191 3014
686 3015
1991 3016
1857 3017
1148 3018
1967 3019
2591 3020
1682 3021
1896 3022
83 3023
481 3024
426 3025
586 3026
297 3027
2928 3028
2084 3029
2368 3030
2300 3031
44 3032
1050 3033
1262 3034
2662 3035
1265 3036
2872 3037
898 3038
867 3039
2138 3040
353 3041
2446 3042
2516 3043
2492 3044
972 3045
702 3046
1323 3047
210 3048
2077 3049
244 3050
2495 3051
2789 3052
2168 3053
1655 3054
2494 3055
78 3056
286 3057
987 3058
849 3059
2123 3060
1910 3061
2600 3062
1345 3063
243 3064
2094 3065
2660 3066
2134 3067
2128 3068
2523 3069
97 3070
584 3071
432 3072
453 3073
1984 3074
576 3075
1254 3076
1451 3077
293 3078
2004 3079
589 3080
1685 3081
1396 3082
2120 3083
1159 3084
2036 3085
2462 3086
800 3087
1247 3088
633 3089
1847 3090
814 3091
1789 3092
2486 3093
569 3094
2471 3095
884 3096
1974 3097
1688 3098
686 3099
430 3100
1200 3101
2191 3102
138 3103
1365 3104
368 3105
1963 3106
1455 3107
2418 3108
1655 3109
595 3110
1989 3111
1617 3112
1629 3113
2901 3114
1742 3115
2825 3116
2291 3117
287 3118
1844 3119
1086 3120
775 3121
1832 3122
373 3123
1461 3124
1073 3125
1802 3126
1067 3127
1379 3128
2991 3129
571 3130
820 3131
2076 3132
2679 3133
51 3134
779 3135
2953 3136
323 3137
2741 3138
1991 3139
1890 3140
85 3141
1576 3142
2658 3143
1886 3144
578 3145
1591 3146
2807 3147
272 3148
361 3149
664 3150
1625 3151
3042 3152
3010 3153
2718 3154
922 3155
1625 3156
2164 3157
2581 3158
2516 3159
883 3160
504 3161
492 3162
2005 3163
2075 3164
252 3165
318 3166
1585 3167
2952 3168
47 3169
1446 3170
716 3171
1509 3172
1056 3173
1977 3174
2088 3175
879 3176
1103 3177
601 3178
551 3179
1543 3180
169 3181
1778 3182
793 3183
1879 3184
867 3185
2545 3186
2385 3187
567 3188
1851 3189
623 3190
978 3191
2088 3192
292 3193
731 3194
1617 3195
2990 3196
1403 3197
2013 3198
1023 3199
1784 3200
1623 3201
27 3202
1245 3203
2672 3204
1911 3205
1094 3206
653 3207
2561 3208
51 3209
1218 3210
2458 3211
2994 3212
441 3213
91 3214
1599 3215
739 3216
2405 3217
370 3218
3160 3219
1848 3220
1352 3221
577 3222
774 3223
2104 3224
132 3225
607 3226
1983 3227
1720 3228
2433 3229
1270 3230
2592 3231
319 3232
2921 3233
1153 3234
2548 3235
2823 3236
1823 3237
2144 3238
2688 3239
2345 3240
150 3241
270 3242
389 3243
1513 3244
571 3245
2263 3246
347 3247
2536 3248
2255 3249
2650 3250
961 3251
3190 3252
2930 3253
2741 3254
904 3255
1225 3256
1624 3257
3192 3258
1213 3259
33 3260
2550 3261
1565 3262
2917 3263
1358 3264
3255 3265
2265 3266
2850 3267
134 3268
1764 3269
1716 3270
958 3271
1626 3272
2727 3273
1705 3274
3210 3275
3034 3276
2702 3277
2062 3278
708 3279
2407 3280
2324 3281
44 3282
2086 3283
92 3284
784 3285
234 3286
1374 3287
2434 3288
2879 3289
101 3290
955 3291
837 3292
3162 3293
1430 3294
736 3295
564 3296
20 3297
2456 3298
618 3299
816 3300
1807 3301
2303 3302
2098 3303
1702 3304
1927 3305
1022 3306
1952 3307
3135 3308
2738 3309
2337 3310
265 3311
2124 3312
991 3313
1184 3314
1884 3315
3013 3316
850 3317
614 3318
2413 3319
2119 3320
1247 3321
2015 3322
2231 3323
2675 3324
1634 3325
960 3326
741 3327
2424 3328
2954 3329
1253 3330
3243 3331
1685 3332
2992 3333
2495 3334
2467 3335
2091 3336
1489 3337
1675 3338
1663 3339
2834 3340
751 3341
1397 3342
853 3343
2707 3344
543 3345
1626 3346
3215 3347
1809 3348
1809 3349
1468 3350
1238 3351
2861 3352
1099 3353
2117 3354
924 3355
1619 3356
318 3357
430 3358
458 3359
234 3360
2556 3361
1287 3362
3282 3363
2709 3364
828 3365
2676 3366
2082 3367
1152 3368
2252 3369
997 3370
2298 3371
2097 3372
68 3373
2758 3374
1980 3375
989 3376
1209 3377
2061 3378
340 3379
1488 3380
1247 3381
1009 3382
2693 3383
1035 3384
349 3385
2642 3386
2631 3387
2988 3388
3255 3389
675 3390
549 3391
141 3392
1789 3393
616 3394
1919 3395
1532 3396
1751 3397
3158 3398
2352 3399
2877 3400
217 3401
408 3402
1265 3403
110 3404
1143 3405
1652 3406
1159 3407
2111 3408
2690 3409
2122 3410
3392 3411
2219 3412
2532 3413
398 3414
517 3415
1226 3416
1247 3417
2958 3418
433 3419
1253 3420
2095 3421
2280 3422
1908 3423
2343 3424
2095 3425
542 3426
156 3427
2622 3428
2773 3429
3417 3430
513 3431
2200 3432
663 3433
1787 3434
2605 3435
805 3436
1731 3437
340 3438
412 3439
550 3440
2082 3441
1707 3442
2766 3443
784 3444
1875 3445
1851 3446
239 3447
631 3448
2702 3449
1081 3450
3322 3451
1519 3452
957 3453
2190 3454
1993 3455
2076 3456
991 3457
412 3458
1593 3459
2925 3460
2889 3461
2666 3462
1896 3463
2283 3464
2133 3465
3121 3466
172 3467
2924 3468
2290 3469
1100 3470
3141 3471
96 3472
1940 3473
3465 3474
2182 3475
1289 3476
2441 3477
3203 3478
2064 3479
1354 3480
353 3481
368 3482
259 3483
1607 3484
2207 3485
2042 3486
2167 3487
1799 3488
992 3489
2080 3490
3100 3491
1058 3492
1864 3493
2810 3494
1984 3495
1861 3496
2187 3497
2626 3498
2705 3499
2285 3500
1537 3501
2806 3502
155 3503
978 3504
47 3505
923 3506
593 3507
1744 3508
1647 3509
2199 3510
127 3511
1672 3512
3230 3513
2027 3514
1075 3515
1565 3516
1359 3517
2182 3518
1886 3519
3047 3520
931 3521
3085 3522
854 3523
2872 3524
977 3525
3500 3526
2570 3527
1753 3528
3027 3529
2750 3530
1681 3531
604 3532
1972 3533
3184 3534
1295 3535
1816 3536
805 3537
923 3538
584 3539
1193 3540
1822 3541
2204 3542
147 3543
1404 3544
3322 3545
3131 3546
159 3547
3439 3548
2871 3549
3357 3550
3413 3551
590 3552
1556 3553
1666 3554
842 3555
77 3556
837 3557
1513 3558
1561 3559
184 3560
1709 3561
412 3562
1976 3563
897 3564
1280 3565
2704 3566
1404 3567
2551 3568
104 3569
2850 3570
82 3571
767 3572
3068 3573
1188 3574
2357 3575
65 3576
1730 3577
3355 3578
1595 3579
1918 3580
2632 3581
159 3582
1012 3583
2884 3584
2713 3585
2526 3586
1472 3587
824 3588
1543 3589
856 3590
452 3591
3419 3592
572 3593
1680 3594
111 3595
2859 3596
2869 3597
450 3598
2691 3599
171 3600
1799 3601
3598 3602
3142 3603
1445 3604
611 3605
791 3606
1449 3607
392 3608
30 3609
1607 3610
1670 3611
766 3612
571 3613
1341 3614
1203 3615
31 3616
2261 3617
1927 3618
17 3619
2626 3620
1204 3621
483 3622
1879 3623
1211 3624
980 3625
256 3626
1685 3627
1043 3628
2015 3629
3570 3630
793 3631
2575 3632
522 3633
3434 3634
2946 3635
2422 3636
3362 3637
1339 3638
270 3639
1613 3640
3369 3641
387 3642
42 3643
3448 3644
3424 3645
3310 3646
2461 3647
1281 3648
12 3649
2022 3650
995 3651
693 3652
1993 3653
2704 3654
2252 3655
443 3656
580 3657
2375 3658
1273 3659
2826 3660
1988 3661
3477 3662
531 3663
3508 3664
3157 3665
2839 3666
3474 3667
2944 3668
2655 3669
1870 3670
126 3671
862 3672
3119 3673
2202 3674
1286 3675
443 3676
2021 3677
3499 3678
393 3679
1064 3680
3476 3681
2958 3682
2772 3683
240 3684
3223 3685
2663 3686
889 3687
132 3688
1117 3689
1344 3690
2113 3691
649 3692
12 3693
1715 3694
2342 3695
2805 3696
560 3697
2441 3698
60 3699
2724 3700
1635 3701
3563 3702
578 3703
68 3704
1815 3705
3525 3706
2821 3707
3278 3708
3308 3709
621 3710
664 3711
102 3712
1811 3713
2886 3714
2205 3715
1011 3716
1531 3717
2334 3718
3149 3719
2057 3720
2080 3721
3615 3722
2094 3723
1849 3724
457 3725
1907 3726
1826 3727
273 3728
1263 3729
2542 3730
2992 3731
1029 3732
234 3733
3566 3734
1395 3735
1276 3736
1213 3737
1067 3738
3189 3739
1132 3740
1611 3741
3024 3742
1250 3743
909 3744
339 3745
3539 3746
1054 3747
2773 3748
525 3749
2720 3750
1080 3751
3742 3752
68 3753
2130 3754
861 3755
1865 3756
406 3757
59 3758
2017 3759
1362 3760
1490 3761
576 3762
2716 3763
135 3764
1566 3765
14 3766
324 3767
1396 3768
691 3769
2008 3770
3023 3771
323 3772
2780 3773
2030 3774
1817 3775
2534 3776
2315 3777
428 3778
1988 3779
2326 3780
2677 3781
730 3782
3610 3783
445 3784
772 3785
2640 3786
3374 3787
1341 3788
669 3789
3363 3790
2226 3791
878 3792
3342 3793
934 3794
1769 3795
778 3796
2036 3797
453 3798
2209 3799
974 3800
2618 3801
3242 3802
950 3803
1469 3804
2112 3805
439 3806
82 3807
1478 3808
3449 3809
2950 3810
2675 3811
1624 3812
224 3813
1356 3814
953 3815
2875 3816
2634 3817
1419 3818
2152 3819
2520 3820
958 3821
1682 3822
186 3823
3529 3824
2616 3825
2108 3826
3438 3827
2175 3828
399 3829
1325 3830
3153 3831
2756 3832
3375 3833
2433 3834
1910 3835
2116 3836
1394 3837
788 3838
1962 3839
2554 3840
2228 3841
607 3842
1256 3843
3611 3844
3281 3845
3499 3846
160 3847
2696 3848
3706 3849
3015 3850
2502 3851
738 3852
1904 3853
1923 3854
3757 3855
3704 3856
333 3857
3014 3858
2455 3859
491 3860
3665 3861
1802 3862
1951 3863
3645 3864
374 3865
1495 3866
1451 3867
1070 3868
2329 3869
1361 3870
827 3871
1865 3872
947 3873
3289 3874
1549 3875
77 3876
332 3877
178 3878
3309 3879
943 3880
1318 3881
3036 3882
907 3883
247 3884
763 3885
238 3886
3706 3887
541 3888
1922 3889
1127 3890
2553 3891
810 3892
978 3893
1724 3894
1079 3895
2404 3896
2297 3897
1877 3898
2623 3899
851 3900
3660 3901
1440 3902
740 3903
210 3904
193 3905
3558 3906
960 3907
263 3908
3742 3909
1196 3910
218 3911
3194 3912
1375 3913
1858 3914
3614 3915
1760 3916
3272 3917
2436 3918
2069 3919
2655 3920
741 3921
320 3922
2201 3923
3505 3924
2952 3925
3079 3926
3562 3927
1976 3928
3135 3929
178 3930
1742 3931
932 3932
518 3933
3164 3934
3173 3935
1341 3936
985 3937
2124 3938
3912 3939
293 3940
2011 3941
2814 3942
3780 3943
3234 3944
1179 3945
1276 3946
2805 3947
650 3948
1535 3949
3107 3950
3589 3951
2888 3952
3343 3953
2101 3954
2279 3955
3432 3956
435 3957
3613 3958
2281 3959
2996 3960
2002 3961
589 3962
1525 3963
1163 3964
2760 3965
1057 3966
1709 3967
3869 3968
3945 3969
3811 3970
223 3971
1459 3972
1021 3973
107 3974
1268 3975
2306 3976
3313 3977
1127 3978
3890 3979
2443 3980
158 3981
1247 3982
659 3983
2658 3984
2290 3985
763 3986
2076 3987
592 3988
1833 3989
4 3990
2699 3991
2771 3992
3952 3993
1223 3994
1674 3995
397 3996
1325 3997
3638 3998
476 3999
2960 4000
3102 4001
492 4002
2846 4003
2745 4004
2366 4005
533 4006
3521 4007
2622 4008
1019 4009
687 4010
2737 4011
1786 4012
2314 4013
834 4014
3861 4015
3218 4016
1942 4017
548 4018
1398 4019
2326 4020
982 4021
2003 4022
825 4023
714 4024
899 4025
3736 4026
127 4027
2348 4028
2600 4029
82 4030
1630 4031
1202 4032
1265 4033
3069 4034
2590 4035
3168 4036
3699 4037
594 4038
1417 4039
4002 4040
3950 4041
67 4042
248 4043
1748 4044
3148 4045
1299 4046
1122 4047
855 4048
1786 4049
1869 4050
479 4051
570 4052
340 4053
2704 4054
1526 4055
1586 4056
2727 4057
1732 4058
2054 4059
108 4060
640 4061
2611 4062
1684 4063
50 4064
129 4065
3053 4066
2567 4067
849 4068
213 4069
1597 4070
2954 4071
3027 4072
971 4073
3114 4074
255 4075
906 4076
393 4077
326 4078
222 4079
2816 4080
954 4081
1606 4082
2197 4083
894 4084
1012 4085
2184 4086
835 4087
1951 4088
1531 4089
378 4090
3736 4091
1879 4092
2668 4093
89 4094
1153 4095
4063 4096
626 4097
1219 4098
1980 4099
1595 4100
2605 4101
3597 4102
1010 4103
2740 4104
1574 4105
1554 4106
609 4107
764 4108
1583 4109
1208 4110
2778 4111
845 4112
3946 4113
3118 4114
3383 4115
336 4116
1075 4117
3852 4118
2776 4119
2112 4120
1569 4121
1987 4122
1082 4123
508 4124
1655 4125
1717 4126
2951 4127
1754 4128
1263 4129
710 4130
1052 4131
993 4132
2081 4133
2608 4134
3673 4135
2643 4136
116 4137
2876 4138
2201 4139
2838 4140
2277 4141
1305 4142
370 4143
3970 4144
3553 4145
920 4146
3376 4147
3931 4148
962 4149
3401 4150
3956 4151
3681 4152
943 4153
3682 4154
1497 4155
211 4156
3947 4157
2221 4158
413 4159
1487 4160
1400 4161
3740 4162
1158 4163
2992 4164
3272 4165
2296 4166
3117 4167
710 4168
1262 4169
2476 4170
4052 4171
2285 4172
3178 4173
2673 4174
2429 4175
685 4176
1745 4177
1873 4178
3691 4179
2737 4180
3731 4181
3234 4182
1695 4183
2132 4184
3321 4185
3995 4186
883 4187
342 4188
3223 4189
388 4190
2267 4191
2530 4192
3377 4193
254 4194
1946 4195
3317 4196
3391 4197
1387 4198
2203 4199
912 4200
2888 4201
1219 4202
2699 4203
1155 4204
538 4205
1019 4206
942 4207
4163 4208
4058 4209
1691 4210
367 4211
4082 4212
4048 4213
2707 4214
2320 4215
2772 4216
315 4217
297 4218
50 4219
1342 4220
3003 4221
2222 4222
1732 4223
2530 4224
3250 4225
153 4226
1166 4227
3052 4228
3673 4229
1878 4230
11 4231
206 4232
2223 4233
1362 4234
3656 4235
1579 4236
361 4237
331 4238
1334 4239
40 4240
1428 4241
577 4242
4088 4243
3893 4244
1520 4245
1143 4246
95 4247
4081 4248
3902 4249
805 4250
3747 4251
2273 4252
2400 4253
3483 4254
2313 4255
1096 4256
56 4257
2601 4258
2965 4259
4050 4260
2582 4261
4206 4262
388 4263
1841 4264
479 4265
921 4266
2893 4267
2557 4268
2547 4269
1280 4270
3809 4271
4165 4272
3973 4273
2166 4274
927 4275
799 4276
1383 4277
1103 4278
313 4279
308 4280
3239 4281
388 4282
3823 4283
2057 4284
648 4285
1750 4286
4047 4287
3572 4288
847 4289
1888 4290
3193 4291
2114 4292
638 4293
1066 4294
93 4295
3693 4296
1385 4297
3129 4298
1815 4299
3692 4300
1721 4301
3540 4302
3160 4303
383 4304
3572 4305
2158 4306
2212 4307
3633 4308
4144 4309
1746 4310
2282 4311
910 4312
921 4313
3796 4314
468 4315
909 4316
3496 4317
3527 4318
3218 4319
876 4320
3169 4321
1698 4322
4039 4323
3806 4324
3547 4325
47 4326
3516 4327
2025 4328
4074 4329
3509 4330
2796 4331
1370 4332
2901 4333
3233 4334
1630 4335
2188 4336
108 4337
3905 4338
3901 4339
4008 4340
4106 4341
1803 4342
1942 4343
1773 4344
1804 4345
230 4346
589 4347
1361 4348
8 4349
221 4350
778 4351
781 4352
520 4353
1376 4354
3836 4355
1961 4356
2135 4357
208 4358
2014 4359
553 4360
3505 4361
854 4362
3492 4363
4308 4364
1026 4365
1169 4366
3318 4367
3912 4368
1411 4369
2020 4370
1012 4371
1132 4372
1506 4373
2180 4374
2964 4375
389 4376
1061 4377
535 4378
2285 4379
4259 4380
1783 4381
3835 4382
1359 4383
3939 4384
3866 4385
913 4386
1543 4387
1149 4388
4223 4389
3216 4390
2823 4391
1532 4392
4128 4393
1784 4394
579 4395
4391 4396
3156 4397
3101 4398
2438 4399
81 4400
3112 4401
719 4402
1624 4403
1937 4404
1438 4405
2084 4406
3820 4407
619 4408
3354 4409
1225 4410
1964 4411
431 4412
3517 4413
3254 4414
2639 4415
3362 4416
1860 4417
2811 4418
4055 4419
3017 4420
3809 4421
2122 4422
215 4423
587 4424
445 4425
2887 4426
2730 4427
400 4428
802 4429
1232 4430
2437 4431
3483 4432
303 4433
1826 4434
1988 4435
4064 4436
1201 4437
3364 4438
1229 4439
2973 4440
3102 4441
3270 4442
2179 4443
3804 4444
3001 4445
4205 4446
1064 4447
1079 4448
3720 4449
770 4450
722 4451
2567 4452
1036 4453
2456 4454
1234 4455
616 4456
3752 4457
2673 4458
3532 4459
3332 4460
2628 4461
1409 4462
1941 4463
4058 4464
1159 4465
1378 4466
534 4467
744 4468
2224 4469
1412 4470
1011 4471
2891 4472
2602 4473
3042 4474
1830 4475
4365 4476
1112 4477
3318 4478
2556 4479
1174 4480
3592 4481
4075 4482
2832 4483
4418 4484
3388 4485
801 4486
3346 4487
2641 4488
1802 4489
218 4490
1089 4491
1065 4492
904 4493
4455 4494
2674 4495
1229 4496
1515 4497
1385 4498
905 4499
4199 4500
4102 4501
2443 4502
558 4503
759 4504
3823 4505
2326 4506
611 4507
2282 4508
1574 4509
425 4510
181 4511
2218 4512
2872 4513
3337 4514
1145 4515
1929 4516
2689 4517
343 4518
1466 4519
3017 4520
1140 4521
549 4522
3857 4523
1974 4524
3418 4525
2820 4526
1751 4527
3521 4528
4086 4529
3526 4530
1679 4531
678 4532
4187 4533
4304 4534
2667 4535
420 4536
4226 4537
3252 4538
4227 4539
3151 4540
567 4541
1838 4542
1152 4543
219 4544
2197 4545
3403 4546
3730 4547
4126 4548
4492 4549
4378 4550
677 4551
4413 4552
4501 4553
673 4554
1698 4555
931 4556
668 4557
2446 4558
2275 4559
241 4560
3647 4561
3685 4562
2529 4563
3103 4564
73 4565
3427 4566
825 4567
1795 4568
3066 4569
3654 4570
756 4571
2926 4572
2621 4573
3994 4574
4041 4575
4212 4576
916 4577
676 4578
4208 4579
4171 4580
2454 4581
1721 4582
2645 4583
4205 4584
930 4585
2002 4586
3508 4587
3568 4588
392 4589
327 4590
1029 4591
545 4592
855 4593
4269 4594
1416 4595
2643 4596
1439 4597
3273 4598
2740 4599
2765 4600
4187 4601
3582 4602
1424 4603
2671 4604
2985 4605
1350 4606
3779 4607
1345 4608
1603 4609
1054 4610
826 4611
4306 4612
1150 4613
840 4614
2385 4615
4604 4616
508 4617
2282 4618
228 4619
2443 4620
2733 4621
378 4622
4002 4623
810 4624
1302 4625
886 4626
4393 4627
2873 4628
2994 4629
2907 4630
1550 4631
461 4632
466 4633
1750 4634
2293 4635
1082 4636
841 4637
841 4638
2096 4639
3548 4640
3484 4641
3866 4642
3497 4643
2498 4644
1143 4645
3001 4646
169 4647
1169 4648
1793 4649
2232 4650
1747 4651
3152 4652
2905 4653
3064 4654
192 4655
3061 4656
448 4657
3104 4658
751 4659
2208 4660
4219 4661
3477 4662
423 4663
1498 4664
992 4665
686 4666
1529 4667
553 4668
3472 4669
913 4670
3034 4671
2901 4672
4644 4673
4069 4674
1942 4675
3079 4676
4341 4677
1650 4678
1116 4679
3463 4680
2401 4681
4379 4682
296 4683
1389 4684
1867 4685
2378 4686
1023 4687
3812 4688
2081 4689
3076 4690
1466 4691
2160 4692
2864 4693
277 4694
28 4695
3949 4696
2487 4697
119 4698
2364 4699
3568 4700
4618 4701
4267 4702
2259 4703
4040 4704
361 4705
2593 4706
4374 4707
1814 4708
965 4709
2215 4710
3894 4711
2566 4712
811 4713
500 4714
1449 4715
575 4716
1018 4717
558 4718
151 4719
4518 4720
1956 4721
49 4722
2614 4723
3306 4724
3059 4725
392 4726
298 4727
1804 4728
4218 4729
4092 4730
2039 4731
3037 4732
3440 4733
2271 4734
2683 4735
4215 4736
2579 4737
3838 4738
726 4739
2238 4740
691 4741
3646 4742
2850 4743
310 4744
103 4745
4150 4746
1123 4747
581 4748
1039 4749
3270 4750
4190 4751
2996 4752
2287 4753
3072 4754
4586 4755
3063 4756
1405 4757
4433 4758
2859 4759
4114 4760
275 4761
518 4762
17 4763
2135 4764
2455 4765
4205 4766
1600 4767
4508 4768
2626 4769
2129 4770
3776 4771
3164 4772
4564 4773
4408 4774
4075 4775
4363 4776
3682 4777
3650 4778
1645 4779
2429 4780
4660 4781
411 4782
1357 4783
3580 4784
770 4785
4418 4786
2591 4787
4374 4788
1204 4789
4307 4790
3901 4791
3468 4792
1112 4793
132 4794
1335 4795
1221 4796
401 4797
3570 4798
3455 4799
138 4800
707 4801
2826 4802
1717 4803
4535 4804
3664 4805
2125 4806
3877 4807
699 4808
2202 4809
1958 4810
1999 4811
4003 4812
650 4813
109 4814
774 4815
4772 4816
400 4817
1439 4818
3139 4819
396 4820
3784 4821
960 4822
1997 4823
1658 4824
77 4825
707 4826
228 4827
738 4828
2279 4829
674 4830
3788 4831
4795 4832
365 4833
4114 4834
2777 4835
1097 4836
4077 4837
843 4838
277 4839
2217 4840
1463 4841
4019 4842
3547 4843
1574 4844
3419 4845
1060 4846
485 4847
3589 4848
1563 4849
1038 4850
2739 4851
4813 4852
2604 4853
4112 4854
731 4855
3555 4856
3311 4857
3324 4858
2804 4859
3910 4860
4037 4861
3382 4862
4437 4863
3380 4864
2288 4865
467 4866
1024 4867
769 4868
994 4869
4550 4870
1376 4871
4166 4872
3906 4873
4580 4874
2929 4875
2353 4876
2445 4877
3392 4878
4110 4879
1031 4880
1742 4881
3008 4882
1199 4883
4097 4884
2973 4885
1357 4886
4139 4887
1733 4888
3632 4889
4496 4890
4368 4891
1605 4892
1989 4893
3631 4894
1388 4895
4828 4896
4679 4897
3926 4898
169 4899
68 4900
4874 4901
225 4902
2867 4903
2568 4904
3744 4905
863 4906
4610 4907
2167 4908
2207 4909
176 4910
1767 4911
4356 4912
4335 4913
3782 4914
2151 4915
3361 4916
3289 4917
2238 4918
4785 4919
1406 4920
2687 4921
2729 4922
1638 4923
2643 4924
3731 4925
4562 4926
2580 4927
1831 4928
1945 4929
3382 4930
750 4931
2868 4932
4753 4933
1103 4934
588 4935
2151 4936
756 4937
2272 4938
656 4939
1467 4940
4500 4941
3771 4942
2809 4943
892 4944
1856 4945
4071 4946
491 4947
1322 4948
3229 4949
2397 4950
738 4951
1818 4952
2255 4953
3247 4954
1348 4955
3809 4956
1576 4957
1127 4958
4236 4959
3025 4960
3206 4961
2846 4962
2625 4963
4663 4964
2870 4965
2763 4966
3286 4967
2367 4968
2540 4969
1187 4970
1693 4971
3436 4972
3494 4973
3621 4974
692 4975
1371 4976
4440 4977
2896 4978
2635 4979
4845 4980
964 4981
3221 4982
4418 4983
4283 4984
4730 4985
4391 4986
1863 4987
2291 4988
2843 4989
3224 4990
4680 4991
2739 4992
4632 4993
1555 4994
4539 4995
1538 4996
1799 4997
3619 4998
1145 4999
4436 5000
