1 2
1 3
2 4
3 5
4 6
1 7
2 8
4 9
4 10
7 11
1 12
4 13
13 14
11 15
8 16
9 17
16 18
15 19
7 20
9 21
17 22
2 23
8 24
17 25
13 26
15 27
11 28
7 29
13 30
8 31
16 32
7 33
22 34
27 35
5 36
18 37
15 38
30 39
35 40
20 41
9 42
28 43
39 44
35 45
18 46
40 47
28 48
33 49
39 50
48 51
30 52
3 53
35 54
42 55
34 56
44 57
56 58
41 59
41 60
46 61
26 62
15 63
13 64
60 65
33 66
58 67
5 68
35 69
33 70
2 71
14 72
11 73
6 74
5 75
38 76
71 77
67 78
20 79
30 80
47 81
4 82
45 83
8 84
33 85
48 86
33 87
63 88
44 89
20 90
53 91
74 92
53 93
67 94
72 95
63 96
36 97
7 98
51 99
25 100
97 101
83 102
4 103
42 104
44 105
58 106
67 107
40 108
31 109
76 110
101 111
40 112
90 113
110 114
100 115
48 116
67 117
25 118
41 119
71 120
19 121
11 122
62 123
20 124
68 125
112 126
33 127
37 128
106 129
67 130
20 131
97 132
128 133
117 134
35 135
28 136
38 137
54 138
90 139
83 140
69 141
89 142
46 143
14 144
77 145
132 146
64 147
94 148
15 149
40 150
150 151
65 152
14 153
41 154
62 155
133 156
101 157
58 158
87 159
36 160
109 161
98 162
88 163
36 164
123 165
144 166
58 167
72 168
52 169
14 170
94 171
55 172
153 173
40 174
38 175
35 176
155 177
72 178
59 179
117 180
152 181
119 182
60 183
103 184
64 185
165 186
152 187
124 188
143 189
162 190
167 191
158 192
83 193
104 194
174 195
91 196
137 197
43 198
170 199
120 200
121 201
163 202
174 203
150 204
55 205
87 206
190 207
29 208
78 209
160 210
50 211
131 212
173 213
189 214
48 215
39 216
92 217
18 218
172 219
86 220
127 221
184 222
30 223
36 224
12 225
78 226
216 227
100 228
185 229
21 230
89 231
81 232
219 233
64 234
213 235
148 236
147 237
184 238
199 239
125 240
10 241
160 242
74 243
212 244
92 245
153 246
60 247
82 248
101 249
38 250
170 251
129 252
86 253
72 254
139 255
252 256
133 257
229 258
126 259
8 260
168 261
188 262
252 263
151 264
24 265
19 266
157 267
117 268
189 269
198 270
80 271
121 272
70 273
107 274
181 275
271 276
81 277
217 278
100 279
47 280
61 281
171 282
257 283
78 284
245 285
230 286
250 287
192 288
54 289
80 290
60 291
236 292
8 293
157 294
58 295
133 296
168 297
23 298
150 299
130 300
70 301
130 302
74 303
53 304
236 305
297 306
222 307
51 308
121 309
165 310
228 311
119 312
24 313
255 314
287 315
239 316
238 317
204 318
259 319
97 320
247 321
121 322
44 323
254 324
118 325
123 326
109 327
188 328
109 329
236 330
37 331
323 332
246 333
147 334
249 335
62 336
299 337
189 338
337 339
87 340
110 341
221 342
136 343
99 344
2 345
238 346
333 347
140 348
51 349
47 350
252 351
96 352
94 353
353 354
206 355
307 356
196 357
39 358
324 359
98 360
163 361
277 362
243 363
285 364
334 365
106 366
220 367
294 368
351 369
65 370
155 371
215 372
299 373
259 374
253 375
108 376
207 377
370 378
289 379
291 380
38 381
354 382
292 383
7 384
68 385
57 386
346 387
97 388
193 389
301 390
148 391
232 392
325 393
268 394
341 395
20 396
44 397
387 398
116 399
280 400
173 401
162 402
211 403
194 404
347 405
392 406
183 407
101 408
112 409
399 410
62 411
168 412
28 413
379 414
161 415
215 416
261 417
161 418
335 419
191 420
15 421
303 422
88 423
146 424
125 425
325 426
159 427
4 428
408 429
269 430
203 431
65 432
296 433
169 434
309 435
279 436
253 437
269 438
41 439
367 440
267 441
95 442
101 443
38 444
181 445
359 446
179 447
291 448
378 449
442 450
443 451
417 452
226 453
31 454
348 455
251 456
39 457
363 458
45 459
38 460
287 461
451 462
404 463
214 464
362 465
90 466
37 467
347 468
460 469
223 470
361 471
18 472
367 473
174 474
143 475
80 476
379 477
381 478
295 479
30 480
50 481
142 482
169 483
172 484
268 485
129 486
161 487
398 488
217 489
475 490
234 491
360 492
285 493
389 494
208 495
309 496
437 497
398 498
131 499
363 500
238 501
110 502
453 503
325 504
244 505
66 506
458 507
444 508
372 509
360 510
391 511
413 512
13 513
336 514
384 515
232 516
496 517
475 518
242 519
102 520
82 521
181 522
519 523
219 524
400 525
104 526
50 527
63 528
214 529
163 530
239 531
354 532
19 533
439 534
450 535
274 536
47 537
174 538
69 539
337 540
230 541
429 542
479 543
398 544
292 545
274 546
40 547
432 548
131 549
258 550
369 551
97 552
533 553
532 554
287 555
19 556
56 557
490 558
48 559
60 560
313 561
539 562
13 563
162 564
117 565
490 566
545 567
466 568
154 569
237 570
154 571
259 572
101 573
401 574
223 575
422 576
130 577
433 578
395 579
97 580
137 581
55 582
478 583
64 584
360 585
573 586
295 587
191 588
294 589
268 590
418 591
381 592
492 593
204 594
468 595
392 596
349 597
272 598
441 599
454 600
250 601
177 602
272 603
334 604
131 605
83 606
484 607
437 608
131 609
169 610
571 611
507 612
549 613
40 614
135 615
403 616
304 617
136 618
56 619
566 620
189 621
266 622
555 623
326 624
611 625
384 626
479 627
215 628
558 629
52 630
226 631
359 632
632 633
406 634
249 635
606 636
93 637
478 638
92 639
209 640
19 641
240 642
473 643
114 644
632 645
343 646
466 647
203 648
442 649
563 650
260 651
441 652
518 653
582 654
255 655
276 656
349 657
192 658
499 659
239 660
551 661
631 662
652 663
402 664
502 665
224 666
200 667
383 668
536 669
191 670
602 671
386 672
360 673
644 674
21 675
458 676
571 677
69 678
96 679
202 680
266 681
624 682
467 683
264 684
601 685
143 686
578 687
57 688
197 689
583 690
564 691
493 692
206 693
600 694
74 695
281 696
680 697
338 698
74 699
273 700
303 701
80 702
122 703
703 704
132 705
482 706
289 707
466 708
337 709
375 710
79 711
672 712
498 713
58 714
240 715
467 716
591 717
208 718
128 719
564 720
344 721
334 722
622 723
61 724
266 725
500 726
434 727
549 728
418 729
442 730
585 731
578 732
328 733
324 734
216 735
539 736
232 737
12 738
25 739
537 740
261 741
340 742
338 743
328 744
494 745
602 746
559 747
452 748
615 749
286 750
337 751
274 752
580 753
291 754
12 755
736 756
13 757
230 758
266 759
464 760
562 761
630 762
92 763
62 764
196 765
465 766
26 767
24 768
120 769
622 770
418 771
294 772
344 773
595 774
268 775
666 776
748 777
568 778
730 779
102 780
539 781
81 782
575 783
516 784
357 785
457 786
686 787
434 788
164 789
70 790
785 791
645 792
515 793
563 794
389 795
235 796
404 797
123 798
330 799
335 800
53 801
552 802
232 803
352 804
251 805
91 806
576 807
756 808
631 809
236 810
361 811
766 812
547 813
212 814
812 815
389 816
353 817
632 818
736 819
88 820
270 821
351 822
331 823
90 824
211 825
365 826
567 827
123 828
364 829
133 830
123 831
754 832
491 833
733 834
597 835
550 836
215 837
660 838
505 839
799 840
59 841
159 842
826 843
258 844
753 845
632 846
691 847
623 848
84 849
293 850
12 851
331 852
809 853
160 854
682 855
177 856
408 857
88 858
185 859
439 860
622 861
53 862
15 863
482 864
13 865
820 866
439 867
615 868
269 869
322 870
743 871
471 872
171 873
414 874
202 875
131 876
615 877
44 878
153 879
228 880
865 881
846 882
873 883
426 884
89 885
690 886
667 887
581 888
552 889
76 890
194 891
735 892
266 893
433 894
123 895
538 896
275 897
687 898
192 899
831 900
847 901
670 902
545 903
351 904
534 905
524 906
853 907
322 908
259 909
811 910
100 911
660 912
777 913
219 914
375 915
765 916
120 917
917 918
655 919
203 920
680 921
474 922
20 923
104 924
37 925
335 926
7 927
88 928
393 929
102 930
649 931
4 932
854 933
702 934
667 935
505 936
557 937
908 938
742 939
899 940
591 941
136 942
536 943
872 944
537 945
320 946
181 947
646 948
192 949
313 950
246 951
446 952
677 953
875 954
818 955
583 956
880 957
549 958
361 959
781 960
792 961
406 962
906 963
349 964
385 965
183 966
626 967
285 968
402 969
909 970
811 971
277 972
845 973
587 974
839 975
567 976
396 977
560 978
922 979
779 980
592 981
223 982
452 983
509 984
401 985
456 986
292 987
452 988
116 989
393 990
707 991
893 992
330 993
139 994
234 995
359 996
827 997
522 998
687 999
782 1000
348 1001
72 1002
428 1003
537 1004
234 1005
418 1006
66 1007
400 1008
219 1009
158 1010
149 1011
260 1012
361 1013
316 1014
990 1015
759 1016
441 1017
296 1018
421 1019
989 1020
370 1021
299 1022
653 1023
123 1024
625 1025
17 1026
293 1027
1010 1028
1011 1029
459 1030
871 1031
571 1032
429 1033
743 1034
1011 1035
641 1036
353 1037
10 1038
1026 1039
1016 1040
158 1041
297 1042
114 1043
196 1044
750 1045
336 1046
139 1047
173 1048
626 1049
84 1050
191 1051
221 1052
388 1053
96 1054
795 1055
527 1056
770 1057
235 1058
968 1059
89 1060
245 1061
356 1062
277 1063
700 1064
690 1065
31 1066
426 1067
201 1068
9 1069
737 1070
138 1071
373 1072
738 1073
596 1074
865 1075
671 1076
307 1077
795 1078
147 1079
1072 1080
193 1081
819 1082
565 1083
414 1084
213 1085
793 1086
89 1087
660 1088
704 1089
651 1090
828 1091
547 1092
818 1093
491 1094
725 1095
825 1096
954 1097
262 1098
993 1099
842 1100
413 1101
35 1102
511 1103
704 1104
355 1105
142 1106
962 1107
1008 1108
820 1109
1035 1110
402 1111
911 1112
340 1113
820 1114
355 1115
307 1116
11 1117
657 1118
390 1119
240 1120
838 1121
172 1122
788 1123
639 1124
924 1125
429 1126
459 1127
264 1128
889 1129
49 1130
268 1131
724 1132
422 1133
188 1134
1007 1135
998 1136
689 1137
1005 1138
202 1139
1069 1140
510 1141
62 1142
1114 1143
256 1144
868 1145
369 1146
63 1147
429 1148
67 1149
871 1150
866 1151
190 1152
472 1153
865 1154
529 1155
65 1156
622 1157
609 1158
677 1159
591 1160
602 1161
915 1162
821 1163
836 1164
885 1165
1094 1166
589 1167
151 1168
620 1169
1061 1170
548 1171
253 1172
587 1173
1077 1174
541 1175
918 1176
973 1177
585 1178
341 1179
628 1180
748 1181
532 1182
727 1183
46 1184
20 1185
770 1186
44 1187
1065 1188
193 1189
257 1190
715 1191
1110 1192
1027 1193
299 1194
212 1195
727 1196
731 1197
644 1198
210 1199
1094 1200
548 1201
181 1202
600 1203
642 1204
1176 1205
99 1206
546 1207
6 1208
688 1209
1150 1210
456 1211
1023 1212
937 1213
675 1214
593 1215
405 1216
583 1217
1183 1218
601 1219
214 1220
851 1221
930 1222
620 1223
513 1224
73 1225
133 1226
1119 1227
153 1228
386 1229
799 1230
1113 1231
941 1232
29 1233
1001 1234
621 1235
376 1236
71 1237
682 1238
865 1239
1000 1240
584 1241
603 1242
285 1243
940 1244
1027 1245
745 1246
1058 1247
525 1248
398 1249
1220 1250
722 1251
673 1252
765 1253
915 1254
913 1255
215 1256
822 1257
415 1258
18 1259
747 1260
713 1261
719 1262
929 1263
784 1264
1209 1265
406 1266
312 1267
92 1268
905 1269
1236 1270
169 1271
1024 1272
228 1273
280 1274
682 1275
704 1276
34 1277
538 1278
703 1279
1102 1280
1142 1281
1119 1282
630 1283
1251 1284
954 1285
1106 1286
486 1287
289 1288
709 1289
190 1290
355 1291
31 1292
363 1293
417 1294
387 1295
399 1296
700 1297
590 1298
1219 1299
218 1300
101 1301
1092 1302
584 1303
372 1304
36 1305
113 1306
359 1307
1147 1308
131 1309
437 1310
1143 1311
1154 1312
811 1313
721 1314
458 1315
1007 1316
1163 1317
318 1318
668 1319
1017 1320
353 1321
1296 1322
885 1323
1191 1324
809 1325
574 1326
361 1327
24 1328
194 1329
47 1330
776 1331
6 1332
919 1333
1222 1334
59 1335
358 1336
7 1337
661 1338
15 1339
539 1340
1264 1341
293 1342
1045 1343
486 1344
1013 1345
1207 1346
607 1347
1048 1348
1209 1349
1321 1350
413 1351
99 1352
543 1353
244 1354
1237 1355
572 1356
464 1357
752 1358
480 1359
70 1360
1241 1361
143 1362
565 1363
36 1364
1266 1365
468 1366
944 1367
863 1368
100 1369
980 1370
342 1371
1232 1372
45 1373
598 1374
956 1375
1278 1376
164 1377
258 1378
1193 1379
41 1380
1220 1381
46 1382
430 1383
1251 1384
816 1385
1164 1386
1357 1387
801 1388
750 1389
1355 1390
427 1391
903 1392
969 1393
671 1394
857 1395
1111 1396
597 1397
971 1398
624 1399
682 1400
42 1401
808 1402
903 1403
425 1404
802 1405
1276 1406
505 1407
1291 1408
1059 1409
973 1410
584 1411
410 1412
1088 1413
624 1414
111 1415
203 1416
667 1417
45 1418
1212 1419
344 1420
23 1421
829 1422
211 1423
1155 1424
1376 1425
1244 1426
1397 1427
329 1428
647 1429
600 1430
434 1431
937 1432
269 1433
141 1434
1098 1435
1129 1436
376 1437
990 1438
200 1439
1123 1440
358 1441
1319 1442
777 1443
1309 1444
838 1445
486 1446
417 1447
1281 1448
772 1449
186 1450
97 1451
471 1452
1291 1453
370 1454
821 1455
914 1456
226 1457
734 1458
1311 1459
665 1460
381 1461
489 1462
82 1463
1014 1464
1389 1465
970 1466
12 1467
251 1468
80 1469
668 1470
1067 1471
393 1472
774 1473
1119 1474
777 1475
361 1476
227 1477
119 1478
347 1479
435 1480
1234 1481
1124 1482
1273 1483
1430 1484
271 1485
131 1486
1214 1487
1122 1488
1275 1489
741 1490
1359 1491
989 1492
761 1493
709 1494
1084 1495
1476 1496
1385 1497
708 1498
1437 1499
1087 1500
1329 1501
1055 1502
365 1503
55 1504
422 1505
822 1506
1387 1507
1419 1508
1278 1509
190 1510
1085 1511
48 1512
977 1513
200 1514
176 1515
837 1516
1050 1517
1454 1518
237 1519
76 1520
1477 1521
648 1522
145 1523
450 1524
139 1525
521 1526
636 1527
509 1528
335 1529
762 1530
536 1531
892 1532
787 1533
859 1534
1523 1535
564 1536
443 1537
1220 1538
1248 1539
973 1540
101 1541
280 1542
974 1543
630 1544
970 1545
1490 1546
1480 1547
666 1548
840 1549
806 1550
524 1551
1010 1552
4 1553
1102 1554
352 1555
761 1556
591 1557
173 1558
1101 1559
1517 1560
1227 1561
555 1562
1445 1563
212 1564
1553 1565
561 1566
1436 1567
8 1568
684 1569
859 1570
22 1571
653 1572
347 1573
1116 1574
1042 1575
620 1576
712 1577
45 1578
531 1579
692 1580
610 1581
279 1582
153 1583
821 1584
53 1585
603 1586
1490 1587
1225 1588
1208 1589
362 1590
1378 1591
1269 1592
299 1593
279 1594
1270 1595
1096 1596
1024 1597
166 1598
901 1599
1408 1600
635 1601
711 1602
395 1603
217 1604
1352 1605
1126 1606
741 1607
871 1608
757 1609
605 1610
1327 1611
547 1612
61 1613
254 1614
129 1615
88 1616
1020 1617
1383 1618
1614 1619
1208 1620
1590 1621
1456 1622
1589 1623
724 1624
1060 1625
248 1626
331 1627
313 1628
60 1629
1459 1630
1527 1631
58 1632
600 1633
1151 1634
83 1635
1224 1636
624 1637
301 1638
1423 1639
518 1640
1632 1641
1341 1642
107 1643
502 1644
145 1645
1172 1646
1297 1647
798 1648
263 1649
1438 1650
1139 1651
841 1652
38 1653
453 1654
1582 1655
1046 1656
1075 1657
192 1658
1555 1659
44 1660
537 1661
373 1662
1210 1663
624 1664
1081 1665
1208 1666
286 1667
1226 1668
228 1669
574 1670
1050 1671
925 1672
1178 1673
1648 1674
926 1675
1646 1676
1537 1677
757 1678
1064 1679
1531 1680
10 1681
204 1682
347 1683
614 1684
923 1685
886 1686
1331 1687
1136 1688
1206 1689
1514 1690
63 1691
1654 1692
246 1693
758 1694
173 1695
764 1696
121 1697
1081 1698
1575 1699
565 1700
1391 1701
846 1702
376 1703
254 1704
1547 1705
318 1706
380 1707
29 1708
149 1709
222 1710
656 1711
1035 1712
12 1713
619 1714
1102 1715
998 1716
1408 1717
745 1718
1499 1719
146 1720
194 1721
963 1722
421 1723
804 1724
1671 1725
676 1726
1633 1727
165 1728
629 1729
948 1730
1503 1731
1181 1732
51 1733
1563 1734
1164 1735
305 1736
775 1737
785 1738
1192 1739
625 1740
421 1741
1145 1742
1173 1743
1317 1744
173 1745
776 1746
535 1747
1268 1748
851 1749
818 1750
1410 1751
812 1752
234 1753
497 1754
12 1755
1277 1756
1475 1757
678 1758
441 1759
689 1760
312 1761
622 1762
393 1763
571 1764
658 1765
842 1766
1389 1767
1286 1768
1614 1769
689 1770
1328 1771
1719 1772
1663 1773
1160 1774
127 1775
1265 1776
948 1777
109 1778
1767 1779
1590 1780
1222 1781
171 1782
774 1783
1159 1784
570 1785
108 1786
174 1787
1041 1788
280 1789
961 1790
1491 1791
1767 1792
1285 1793
1399 1794
1697 1795
1644 1796
402 1797
676 1798
1340 1799
617 1800
22 1801
789 1802
836 1803
867 1804
21 1805
422 1806
679 1807
9 1808
1171 1809
400 1810
1648 1811
333 1812
1565 1813
77 1814
765 1815
911 1816
1009 1817
1388 1818
1145 1819
41 1820
1702 1821
38 1822
1056 1823
264 1824
1764 1825
542 1826
1017 1827
445 1828
1594 1829
761 1830
818 1831
580 1832
1756 1833
1083 1834
1443 1835
1217 1836
411 1837
682 1838
249 1839
550 1840
660 1841
1495 1842
1573 1843
1805 1844
735 1845
21 1846
195 1847
318 1848
112 1849
49 1850
1255 1851
1403 1852
90 1853
1602 1854
552 1855
175 1856
1142 1857
772 1858
1208 1859
1372 1860
1831 1861
177 1862
1767 1863
88 1864
1582 1865
672 1866
971 1867
1735 1868
236 1869
634 1870
1083 1871
1821 1872
1491 1873
1111 1874
1686 1875
1257 1876
787 1877
1766 1878
638 1879
818 1880
483 1881
734 1882
1418 1883
48 1884
808 1885
640 1886
1822 1887
984 1888
779 1889
1040 1890
959 1891
460 1892
1625 1893
752 1894
226 1895
1519 1896
1509 1897
1176 1898
1529 1899
951 1900
783 1901
1164 1902
288 1903
139 1904
128 1905
971 1906
1423 1907
585 1908
1550 1909
334 1910
1232 1911
1216 1912
468 1913
779 1914
224 1915
1640 1916
1152 1917
675 1918
255 1919
1154 1920
1670 1921
1688 1922
591 1923
143 1924
674 1925
163 1926
410 1927
261 1928
1449 1929
272 1930
1253 1931
1530 1932
708 1933
1793 1934
897 1935
1071 1936
1257 1937
1637 1938
1637 1939
1335 1940
1754 1941
920 1942
566 1943
388 1944
1469 1945
840 1946
1494 1947
610 1948
1934 1949
871 1950
1828 1951
1487 1952
106 1953
581 1954
1696 1955
728 1956
189 1957
512 1958
1758 1959
1328 1960
882 1961
1112 1962
797 1963
123 1964
945 1965
881 1966
1689 1967
1170 1968
1378 1969
241 1970
1256 1971
1260 1972
354 1973
144 1974
1683 1975
1515 1976
1349 1977
1731 1978
22 1979
771 1980
140 1981
1208 1982
1127 1983
998 1984
1711 1985
1607 1986
836 1987
73 1988
926 1989
529 1990
1611 1991
169 1992
1486 1993
950 1994
530 1995
1927 1996
1885 1997
1937 1998
1450 1999
1241 2000
1319 2001
713 2002
1228 2003
666 2004
1913 2005
1492 2006
1682 2007
1930 2008
615 2009
380 2010
642 2011
1372 2012
1655 2013
808 2014
886 2015
589 2016
166 2017
1187 2018
1635 2019
1446 2020
1316 2021
1268 2022
1652 2023
410 2024
942 2025
144 2026
1751 2027
926 2028
1341 2029
995 2030
367 2031
1578 2032
1415 2033
924 2034
1845 2035
1394 2036
579 2037
1818 2038
1827 2039
317 2040
1980 2041
1082 2042
1197 2043
456 2044
1132 2045
1807 2046
1017 2047
576 2048
407 2049
2011 2050
1304 2051
1794 2052
1173 2053
943 2054
636 2055
1460 2056
998 2057
906 2058
853 2059
668 2060
1741 2061
1547 2062
76 2063
2037 2064
1784 2065
1289 2066
1933 2067
670 2068
348 2069
883 2070
1266 2071
363 2072
869 2073
1122 2074
613 2075
139 2076
1344 2077
165 2078
349 2079
516 2080
1970 2081
379 2082
581 2083
8 2084
1861 2085
1197 2086
1959 2087
239 2088
354 2089
1656 2090
706 2091
2087 2092
1501 2093
428 2094
2049 2095
850 2096
226 2097
76 2098
879 2099
1675 2100
103 2101
1732 2102
861 2103
1122 2104
1842 2105
835 2106
2064 2107
63 2108
713 2109
1469 2110
482 2111
1614 2112
881 2113
1388 2114
820 2115
1370 2116
1429 2117
211 2118
525 2119
1470 2120
1009 2121
547 2122
1371 2123
1805 2124
462 2125
1439 2126
577 2127
1381 2128
273 2129
816 2130
1325 2131
1069 2132
1401 2133
1309 2134
796 2135
660 2136
1263 2137
972 2138
1387 2139
1185 2140
1055 2141
401 2142
1188 2143
1970 2144
955 2145
1549 2146
1468 2147
97 2148
596 2149
558 2150
2078 2151
1062 2152
896 2153
1275 2154
287 2155
1022 2156
1794 2157
457 2158
936 2159
1672 2160
858 2161
1872 2162
1818 2163
1699 2164
1594 2165
1887 2166
581 2167
1221 2168
641 2169
1793 2170
1517 2171
504 2172
764 2173
1251 2174
532 2175
452 2176
1754 2177
1809 2178
759 2179
489 2180
389 2181
1462 2182
1201 2183
1525 2184
1999 2185
1153 2186
439 2187
214 2188
76 2189
401 2190
599 2191
133 2192
1811 2193
1925 2194
1955 2195
1986 2196
1073 2197
1566 2198
31 2199
2089 2200
1601 2201
235 2202
162 2203
1096 2204
1751 2205
1294 2206
765 2207
674 2208
69 2209
1862 2210
1049 2211
1531 2212
393 2213
1782 2214
330 2215
1357 2216
1256 2217
1548 2218
1144 2219
1469 2220
97 2221
691 2222
53 2223
1326 2224
153 2225
369 2226
1022 2227
1472 2228
56 2229
988 2230
262 2231
1631 2232
1806 2233
1866 2234
1834 2235
2114 2236
114 2237
591 2238
1195 2239
273 2240
1450 2241
1343 2242
1893 2243
2218 2244
941 2245
1366 2246
2110 2247
1861 2248
1207 2249
719 2250
1086 2251
549 2252
1506 2253
278 2254
662 2255
290 2256
928 2257
1530 2258
1721 2259
1525 2260
1626 2261
556 2262
1122 2263
634 2264
1932 2265
329 2266
730 2267
1999 2268
1168 2269
2099 2270
2140 2271
1478 2272
2123 2273
1527 2274
1582 2275
1932 2276
2000 2277
992 2278
430 2279
1639 2280
1173 2281
1481 2282
1640 2283
676 2284
13 2285
1729 2286
795 2287
1705 2288
1044 2289
1157 2290
1762 2291
34 2292
1105 2293
1113 2294
1036 2295
1382 2296
1845 2297
903 2298
1448 2299
26 2300
1338 2301
506 2302
949 2303
1179 2304
2236 2305
41 2306
943 2307
1001 2308
1197 2309
1888 2310
14 2311
2101 2312
2140 2313
993 2314
194 2315
892 2316
597 2317
510 2318
1790 2319
839 2320
2147 2321
495 2322
203 2323
1100 2324
885 2325
1782 2326
2264 2327
1363 2328
1292 2329
27 2330
295 2331
1781 2332
1191 2333
750 2334
1305 2335
2063 2336
670 2337
164 2338
858 2339
2229 2340
1006 2341
1940 2342
273 2343
1812 2344
1851 2345
1104 2346
506 2347
1759 2348
1895 2349
1103 2350
1645 2351
1671 2352
2031 2353
1842 2354
1592 2355
841 2356
778 2357
1121 2358
838 2359
452 2360
1352 2361
1281 2362
558 2363
1390 2364
742 2365
284 2366
1276 2367
2246 2368
1884 2369
13 2370
958 2371
1590 2372
1318 2373
142 2374
43 2375
49 2376
1577 2377
117 2378
1812 2379
2313 2380
2237 2381
2225 2382
1347 2383
334 2384
1981 2385
1377 2386
1214 2387
1337 2388
897 2389
1197 2390
1567 2391
457 2392
819 2393
1812 2394
2197 2395
444 2396
855 2397
2163 2398
1110 2399
1554 2400
202 2401
807 2402
1466 2403
1292 2404
1323 2405
258 2406
531 2407
1268 2408
2237 2409
2039 2410
1591 2411
2076 2412
814 2413
617 2414
812 2415
150 2416
9 2417
2252 2418
1877 2419
44 2420
2263 2421
286 2422
772 2423
2393 2424
2401 2425
2041 2426
1582 2427
725 2428
554 2429
332 2430
166 2431
1441 2432
688 2433
996 2434
830 2435
1059 2436
2282 2437
579 2438
1598 2439
2383 2440
1985 2441
1698 2442
1216 2443
1060 2444
2119 2445
813 2446
2110 2447
2181 2448
900 2449
1063 2450
944 2451
843 2452
1507 2453
1336 2454
2188 2455
1818 2456
1953 2457
1825 2458
1761 2459
1063 2460
1469 2461
711 2462
1287 2463
1962 2464
2412 2465
1785 2466
835 2467
2302 2468
889 2469
1594 2470
577 2471
2415 2472
831 2473
1505 2474
160 2475
287 2476
1166 2477
2056 2478
1262 2479
1058 2480
581 2481
1681 2482
740 2483
1558 2484
908 2485
689 2486
1094 2487
156 2488
1519 2489
2217 2490
2436 2491
1083 2492
2064 2493
138 2494
2308 2495
575 2496
2059 2497
630 2498
276 2499
1500 2500
985 2501
910 2502
1454 2503
1181 2504
2173 2505
860 2506
2385 2507
1729 2508
261 2509
301 2510
1944 2511
2159 2512
2424 2513
2185 2514
660 2515
504 2516
588 2517
321 2518
2361 2519
2383 2520
1899 2521
1030 2522
355 2523
791 2524
577 2525
279 2526
1117 2527
1500 2528
1982 2529
2452 2530
1425 2531
1499 2532
1611 2533
226 2534
1531 2535
1428 2536
1215 2537
2353 2538
1058 2539
201 2540
2133 2541
2491 2542
480 2543
1363 2544
1828 2545
1861 2546
2405 2547
2251 2548
1259 2549
2151 2550
1973 2551
1487 2552
2253 2553
1276 2554
1238 2555
1783 2556
1584 2557
1028 2558
343 2559
2121 2560
283 2561
1877 2562
628 2563
1324 2564
274 2565
1944 2566
9 2567
420 2568
2329 2569
1411 2570
1232 2571
2474 2572
2499 2573
1813 2574
544 2575
438 2576
1723 2577
1706 2578
1183 2579
2033 2580
248 2581
1593 2582
2029 2583
1288 2584
1535 2585
1022 2586
1706 2587
20 2588
2214 2589
2066 2590
2463 2591
1781 2592
52 2593
1354 2594
272 2595
225 2596
681 2597
2092 2598
1833 2599
1597 2600
774 2601
583 2602
2533 2603
579 2604
666 2605
49 2606
1196 2607
2296 2608
1853 2609
2262 2610
786 2611
2526 2612
1595 2613
719 2614
1251 2615
1187 2616
542 2617
2420 2618
504 2619
705 2620
53 2621
1665 2622
23 2623
1752 2624
1395 2625
573 2626
440 2627
1510 2628
893 2629
2150 2630
1203 2631
2480 2632
736 2633
1529 2634
245 2635
1793 2636
90 2637
578 2638
887 2639
229 2640
1504 2641
1491 2642
845 2643
2448 2644
1096 2645
1197 2646
2620 2647
4 2648
1173 2649
251 2650
1854 2651
1132 2652
839 2653
933 2654
2413 2655
1513 2656
1305 2657
2073 2658
2412 2659
451 2660
1186 2661
2501 2662
2115 2663
2054 2664
133 2665
1850 2666
479 2667
2421 2668
956 2669
1302 2670
399 2671
1623 2672
1460 2673
1683 2674
702 2675
2057 2676
1685 2677
2209 2678
912 2679
1438 2680
749 2681
805 2682
1986 2683
2296 2684
47 2685
1812 2686
1736 2687
1091 2688
254 2689
1404 2690
2326 2691
1651 2692
1609 2693
1209 2694
1450 2695
2133 2696
1418 2697
404 2698
895 2699
159 2700
380 2701
1455 2702
152 2703
381 2704
2392 2705
400 2706
2196 2707
359 2708
74 2709
47 2710
823 2711
1368 2712
2039 2713
1810 2714
1580 2715
616 2716
2455 2717
1728 2718
277 2719
2154 2720
1188 2721
1332 2722
2011 2723
1760 2724
943 2725
470 2726
1265 2727
654 2728
51 2729
536 2730
2464 2731
410 2732
1873 2733
2676 2734
2619 2735
149 2736
62 2737
2518 2738
115 2739
1896 2740
2469 2741
1095 2742
1685 2743
1640 2744
2269 2745
1649 2746
1640 2747
17 2748
99 2749
2269 2750
1407 2751
403 2752
894 2753
2529 2754
1327 2755
685 2756
1564 2757
2577 2758
2266 2759
1379 2760
216 2761
1874 2762
1416 2763
288 2764
2139 2765
1009 2766
743 2767
2730 2768
745 2769
2351 2770
395 2771
2654 2772
1544 2773
1234 2774
801 2775
1601 2776
1839 2777
1088 2778
1376 2779
100 2780
453 2781
1368 2782
148 2783
1217 2784
2292 2785
700 2786
938 2787
2032 2788
2590 2789
1988 2790
2352 2791
1466 2792
2748 2793
2471 2794
1696 2795
1776 2796
738 2797
2765 2798
587 2799
785 2800
968 2801
1072 2802
92 2803
1946 2804
2693 2805
1861 2806
1991 2807
2727 2808
1365 2809
838 2810
1984 2811
999 2812
2733 2813
1401 2814
1742 2815
2558 2816
882 2817
2564 2818
2480 2819
1761 2820
399 2821
597 2822
1611 2823
65 2824
398 2825
1073 2826
1119 2827
2038 2828
568 2829
2033 2830
2383 2831
2004 2832
192 2833
2086 2834
1379 2835
1924 2836
2511 2837
545 2838
829 2839
2576 2840
1959 2841
1374 2842
143 2843
901 2844
993 2845
1968 2846
2130 2847
2223 2848
707 2849
153 2850
1985 2851
48 2852
658 2853
2572 2854
592 2855
1382 2856
1563 2857
1632 2858
2753 2859
1706 2860
110 2861
1439 2862
50 2863
801 2864
242 2865
568 2866
48 2867
2050 2868
2145 2869
1533 2870
1762 2871
418 2872
326 2873
2432 2874
1141 2875
1542 2876
2626 2877
1741 2878
862 2879
2760 2880
1078 2881
2339 2882
1051 2883
1561 2884
2702 2885
2175 2886
654 2887
8 2888
245 2889
530 2890
217 2891
1918 2892
359 2893
2424 2894
2144 2895
2687 2896
2752 2897
18 2898
2171 2899
2119 2900
682 2901
1873 2902
257 2903
2390 2904
921 2905
1920 2906
2040 2907
1116 2908
2299 2909
2186 2910
1605 2911
191 2912
889 2913
2114 2914
2399 2915
654 2916
1481 2917
457 2918
2658 2919
645 2920
2742 2921
1412 2922
281 2923
1942 2924
2653 2925
599 2926
363 2927
2539 2928
2221 2929
2640 2930
1166 2931
141 2932
2686 2933
2790 2934
1756 2935
1656 2936
760 2937
1880 2938
795 2939
944 2940
953 2941
1145 2942
982 2943
2332 2944
1227 2945
2860 2946
1095 2947
266 2948
1698 2949
2684 2950
2181 2951
2129 2952
2846 2953
457 2954
2803 2955
612 2956
2022 2957
681 2958
1390 2959
1727 2960
918 2961
2483 2962
2905 2963
2446 2964
1615 2965
2492 2966
2756 2967
1299 2968
192 2969
12 2970
680 2971
612 2972
1574 2973
2183 2974
249 2975
1676 2976
373 2977
1672 2978
2941 2979
1676 2980
1436 2981
1971 2982
2636 2983
1703 2984
809 2985
284 2986
2662 2987
2741 2988
1970 2989
742 2990
2841 2991
1099 2992
1093 2993
731 2994
1334 2995
1009 2996
2461 2997
327 2998
614 2999
2692 3000
2479 3001
2906 3002
550 3003
299 3004
2224 3005
1845 3006
2687 3007
699 3008
22 3009
16 3010
1916 3011
1766 3012
602 3013
2544 3014
2979 3015
2054 3016
2820 3017
2965 3018
2854 3019
270 3020
2358 3021
1614 3022
558 3023
776 3024
2859 3025
2808 3026
504 3027
501 3028
2856 3029
1478 3030
1761 3031
4 3032
1714 3033
574 3034
2133 3035
442 3036
1043 3037
3 3038
3031 3039
1465 3040
2579 3041
1808 3042
976 3043
1965 3044
1138 3045
2863 3046
375 3047
2757 3048
1633 3049
2988 3050
2606 3051
2960 3052
883 3053
2637 3054
1097 3055
379 3056
1534 3057
1772 3058
2952 3059
2979 3060
1542 3061
1704 3062
3017 3063
1469 3064
1387 3065
1920 3066
834 3067
1429 3068
2376 3069
2687 3070
2361 3071
2734 3072
552 3073
91 3074
2718 3075
516 3076
2792 3077
2322 3078
1676 3079
914 3080
2608 3081
632 3082
1743 3083
289 3084
608 3085
1905 3086
814 3087
1871 3088
1150 3089
1667 3090
1143 3091
2069 3092
2857 3093
2543 3094
1954 3095
1200 3096
251 3097
2097 3098
1596 3099
1226 3100
2827 3101
2387 3102
1035 3103
1404 3104
409 3105
2273 3106
344 3107
1911 3108
2400 3109
2044 3110
600 3111
2239 3112
941 3113
1206 3114
1071 3115
927 3116
835 3117
1037 3118
1785 3119
2395 3120
339 3121
3042 3122
618 3123
1109 3124
1605 3125
2594 3126
950 3127
1894 3128
652 3129
2104 3130
2634 3131
1379 3132
812 3133
828 3134
2538 3135
2176 3136
183 3137
964 3138
2933 3139
106 3140
2285 3141
103 3142
1336 3143
211 3144
739 3145
827 3146
2117 3147
129 3148
38 3149
2264 3150
3002 3151
1164 3152
1422 3153
2646 3154
1559 3155
117 3156
1767 3157
1902 3158
2868 3159
513 3160
3062 3161
2840 3162
2489 3163
42 3164
3124 3165
2287 3166
2972 3167
2933 3168
3105 3169
2929 3170
2399 3171
588 3172
854 3173
2840 3174
3012 3175
803 3176
1746 3177
326 3178
2573 3179
404 3180
8 3181
142 3182
1951 3183
1828 3184
967 3185
2710 3186
1438 3187
428 3188
140 3189
1873 3190
1115 3191
1205 3192
2968 3193
598 3194
188 3195
2282 3196
3096 3197
1580 3198
986 3199
364 3200
1853 3201
475 3202
2866 3203
2858 3204
1120 3205
1866 3206
2305 3207
2287 3208
2737 3209
1947 3210
2594 3211
493 3212
2082 3213
740 3214
80 3215
1374 3216
1762 3217
2725 3218
331 3219
252 3220
3118 3221
583 3222
2335 3223
22 3224
1449 3225
2368 3226
3192 3227
1145 3228
108 3229
876 3230
2830 3231
3167 3232
3177 3233
605 3234
2222 3235
2773 3236
2888 3237
1486 3238
2605 3239
289 3240
1198 3241
333 3242
2482 3243
1978 3244
521 3245
490 3246
755 3247
173 3248
2799 3249
3235 3250
2622 3251
3042 3252
2082 3253
421 3254
350 3255
2646 3256
3062 3257
144 3258
311 3259
2107 3260
1310 3261
43 3262
429 3263
597 3264
71 3265
1957 3266
3090 3267
2866 3268
2352 3269
3236 3270
473 3271
2172 3272
2458 3273
2113 3274
2230 3275
2245 3276
876 3277
282 3278
2731 3279
795 3280
2761 3281
64 3282
3012 3283
1935 3284
2701 3285
151 3286
92 3287
286 3288
2122 3289
1486 3290
242 3291
3144 3292
1596 3293
2133 3294
1587 3295
2638 3296
1409 3297
3256 3298
963 3299
729 3300
298 3301
1427 3302
2291 3303
1672 3304
1978 3305
95 3306
2580 3307
2785 3308
75 3309
3161 3310
1267 3311
711 3312
2317 3313
3170 3314
855 3315
421 3316
1906 3317
25 3318
1666 3319
396 3320
2560 3321
6 3322
1921 3323
2943 3324
887 3325
1565 3326
1782 3327
3093 3328
1370 3329
856 3330
1319 3331
2689 3332
1841 3333
3092 3334
1511 3335
3206 3336
2782 3337
1562 3338
1069 3339
353 3340
1930 3341
2909 3342
2462 3343
747 3344
224 3345
2779 3346
539 3347
548 3348
2987 3349
1476 3350
1809 3351
821 3352
703 3353
2630 3354
2038 3355
904 3356
401 3357
917 3358
1119 3359
1199 3360
2431 3361
885 3362
3222 3363
724 3364
299 3365
460 3366
3051 3367
82 3368
2252 3369
1292 3370
2467 3371
218 3372
164 3373
1156 3374
2809 3375
1133 3376
2366 3377
502 3378
2137 3379
710 3380
3365 3381
1035 3382
227 3383
2668 3384
374 3385
944 3386
2625 3387
3325 3388
2339 3389
360 3390
872 3391
2504 3392
1801 3393
1441 3394
520 3395
729 3396
2078 3397
2411 3398
461 3399
774 3400
1716 3401
1647 3402
3080 3403
2914 3404
3125 3405
399 3406
2763 3407
1658 3408
996 3409
496 3410
1591 3411
2914 3412
45 3413
2003 3414
1068 3415
2752 3416
1675 3417
611 3418
3180 3419
3029 3420
1495 3421
1802 3422
247 3423
3394 3424
1553 3425
2020 3426
1940 3427
1973 3428
3161 3429
1634 3430
2471 3431
1900 3432
1045 3433
3072 3434
2902 3435
726 3436
179 3437
1783 3438
3029 3439
744 3440
2346 3441
2712 3442
965 3443
270 3444
2942 3445
2124 3446
2902 3447
2947 3448
864 3449
1511 3450
3185 3451
161 3452
1803 3453
2080 3454
1661 3455
2962 3456
1050 3457
3161 3458
838 3459
1044 3460
1976 3461
2837 3462
1129 3463
312 3464
524 3465
866 3466
135 3467
629 3468
50 3469
1051 3470
563 3471
1627 3472
1014 3473
2280 3474
2891 3475
2177 3476
1866 3477
229 3478
2720 3479
3333 3480
2545 3481
925 3482
1369 3483
2351 3484
815 3485
1754 3486
2071 3487
966 3488
1999 3489
1390 3490
3222 3491
277 3492
2942 3493
2119 3494
2313 3495
757 3496
2603 3497
1086 3498
298 3499
421 3500
3144 3501
308 3502
2148 3503
3359 3504
3123 3505
2412 3506
746 3507
3026 3508
792 3509
541 3510
3428 3511
541 3512
75 3513
983 3514
2452 3515
1079 3516
1453 3517
658 3518
2812 3519
3345 3520
1397 3521
2597 3522
2622 3523
2096 3524
2820 3525
3334 3526
2644 3527
1361 3528
688 3529
228 3530
1844 3531
1135 3532
1782 3533
1202 3534
2675 3535
3009 3536
1251 3537
2771 3538
1116 3539
243 3540
1093 3541
114 3542
1909 3543
1183 3544
2682 3545
3106 3546
2972 3547
253 3548
2201 3549
820 3550
1207 3551
779 3552
365 3553
584 3554
1946 3555
1752 3556
3378 3557
1947 3558
1289 3559
824 3560
2038 3561
237 3562
1301 3563
3464 3564
3554 3565
2751 3566
3361 3567
1762 3568
1900 3569
3422 3570
2086 3571
887 3572
1967 3573
1168 3574
3324 3575
3292 3576
2888 3577
1799 3578
518 3579
2915 3580
2332 3581
894 3582
2640 3583
1844 3584
2506 3585
91 3586
1191 3587
3253 3588
652 3589
3259 3590
1851 3591
1170 3592
1697 3593
1605 3594
787 3595
156 3596
2937 3597
2848 3598
2306 3599
769 3600
2409 3601
3111 3602
1472 3603
2052 3604
1775 3605
1491 3606
2357 3607
1889 3608
198 3609
1093 3610
682 3611
3101 3612
3472 3613
3416 3614
1566 3615
1059 3616
799 3617
2169 3618
1540 3619
2609 3620
235 3621
3096 3622
2195 3623
1499 3624
585 3625
1168 3626
1000 3627
1616 3628
1419 3629
3061 3630
1693 3631
327 3632
1821 3633
3452 3634
406 3635
2701 3636
1683 3637
588 3638
1931 3639
2805 3640
2119 3641
287 3642
1708 3643
3002 3644
3193 3645
3442 3646
2322 3647
700 3648
3294 3649
2746 3650
758 3651
3590 3652
1076 3653
1545 3654
3297 3655
1602 3656
2295 3657
2763 3658
2399 3659
2932 3660
1154 3661
2996 3662
3019 3663
556 3664
875 3665
828 3666
3513 3667
876 3668
2630 3669
464 3670
198 3671
1610 3672
2254 3673
2143 3674
1427 3675
2739 3676
2718 3677
2106 3678
2439 3679
2445 3680
2096 3681
3256 3682
2354 3683
1247 3684
2778 3685
464 3686
3412 3687
3015 3688
3555 3689
2375 3690
849 3691
1238 3692
3630 3693
3268 3694
2260 3695
144 3696
579 3697
1910 3698
1364 3699
1560 3700
277 3701
1128 3702
495 3703
176 3704
839 3705
671 3706
910 3707
3032 3708
1240 3709
2859 3710
2592 3711
3093 3712
135 3713
2552 3714
1861 3715
2246 3716
1508 3717
2761 3718
499 3719
2570 3720
3632 3721
598 3722
335 3723
3033 3724
2616 3725
1684 3726
542 3727
2854 3728
2548 3729
320 3730
1861 3731
2601 3732
1891 3733
3172 3734
1860 3735
3540 3736
2734 3737
1845 3738
3598 3739
534 3740
1713 3741
139 3742
219 3743
333 3744
430 3745
1141 3746
391 3747
1564 3748
438 3749
737 3750
925 3751
633 3752
154 3753
2816 3754
1031 3755
143 3756
3108 3757
2852 3758
2661 3759
3344 3760
414 3761
255 3762
900 3763
296 3764
1938 3765
1165 3766
3262 3767
745 3768
1639 3769
3737 3770
523 3771
136 3772
2846 3773
1925 3774
1570 3775
3160 3776
975 3777
826 3778
236 3779
298 3780
1531 3781
3132 3782
2472 3783
285 3784
2818 3785
1941 3786
981 3787
1316 3788
1163 3789
241 3790
2074 3791
643 3792
1550 3793
1058 3794
181 3795
406 3796
541 3797
642 3798
2352 3799
2638 3800
1372 3801
3127 3802
1143 3803
3522 3804
2393 3805
3656 3806
2834 3807
3714 3808
3740 3809
1549 3810
3657 3811
1970 3812
743 3813
420 3814
2048 3815
269 3816
3713 3817
855 3818
164 3819
387 3820
3113 3821
1139 3822
2360 3823
2465 3824
500 3825
180 3826
3178 3827
3392 3828
465 3829
3127 3830
589 3831
1003 3832
662 3833
417 3834
1043 3835
841 3836
1829 3837
183 3838
2554 3839
1226 3840
2650 3841
3135 3842
3796 3843
1883 3844
709 3845
2697 3846
265 3847
1691 3848
169 3849
400 3850
1054 3851
990 3852
1481 3853
3343 3854
2089 3855
2521 3856
3124 3857
1524 3858
2838 3859
1331 3860
316 3861
2725 3862
1736 3863
1604 3864
2763 3865
1514 3866
2265 3867
1273 3868
486 3869
3624 3870
567 3871
3501 3872
656 3873
1721 3874
2426 3875
368 3876
219 3877
1376 3878
2695 3879
1402 3880
1611 3881
3287 3882
2066 3883
531 3884
1569 3885
1678 3886
3454 3887
3725 3888
2036 3889
1518 3890
292 3891
2299 3892
3653 3893
2834 3894
1085 3895
1269 3896
2866 3897
1654 3898
2255 3899
770 3900
2656 3901
840 3902
1211 3903
550 3904
810 3905
724 3906
937 3907
1777 3908
2905 3909
589 3910
67 3911
1091 3912
982 3913
255 3914
1965 3915
658 3916
773 3917
1367 3918
3638 3919
2387 3920
470 3921
1271 3922
2648 3923
1488 3924
3478 3925
2040 3926
3728 3927
377 3928
1910 3929
1116 3930
1148 3931
3609 3932
2683 3933
1286 3934
914 3935
1558 3936
3385 3937
231 3938
3556 3939
2058 3940
3144 3941
342 3942
3253 3943
1537 3944
1551 3945
1102 3946
1221 3947
798 3948
2359 3949
921 3950
1934 3951
3021 3952
1 3953
2588 3954
2880 3955
65 3956
1049 3957
3107 3958
3941 3959
634 3960
3041 3961
3145 3962
537 3963
3138 3964
568 3965
1562 3966
1503 3967
2574 3968
2055 3969
3087 3970
641 3971
3242 3972
1605 3973
3272 3974
241 3975
3760 3976
680 3977
379 3978
1164 3979
3517 3980
697 3981
1789 3982
3406 3983
3189 3984
130 3985
3648 3986
2669 3987
366 3988
1784 3989
697 3990
631 3991
3516 3992
352 3993
347 3994
3869 3995
3262 3996
3244 3997
1217 3998
1039 3999
3116 4000
2171 4001
3784 4002
1643 4003
1251 4004
270 4005
2110 4006
1765 4007
2522 4008
3547 4009
1868 4010
1804 4011
3221 4012
907 4013
2568 4014
1895 4015
34 4016
3899 4017
2799 4018
1767 4019
611 4020
3276 4021
2686 4022
3126 4023
336 4024
2925 4025
999 4026
2429 4027
2262 4028
2703 4029
3461 4030
743 4031
1357 4032
49 4033
101 4034
1714 4035
1386 4036
3073 4037
1978 4038
1340 4039
3791 4040
1232 4041
1534 4042
2535 4043
3702 4044
3291 4045
81 4046
915 4047
3700 4048
188 4049
238 4050
3607 4051
1727 4052
2894 4053
3026 4054
678 4055
2707 4056
1876 4057
3855 4058
1219 4059
213 4060
3700 4061
703 4062
539 4063
3218 4064
1111 4065
2148 4066
1295 4067
50 4068
1364 4069
3418 4070
461 4071
3731 4072
1868 4073
2600 4074
984 4075
2530 4076
2814 4077
697 4078
2685 4079
1613 4080
3112 4081
3406 4082
3292 4083
2613 4084
3388 4085
1403 4086
40 4087
382 4088
2610 4089
4073 4090
2491 4091
2362 4092
937 4093
1762 4094
3691 4095
3557 4096
2303 4097
2218 4098
3038 4099
1514 4100
2613 4101
1514 4102
1440 4103
510 4104
3388 4105
3995 4106
2808 4107
123 4108
1523 4109
3497 4110
2688 4111
3064 4112
741 4113
3040 4114
74 4115
3868 4116
2458 4117
3674 4118
1621 4119
3774 4120
4031 4121
505 4122
2853 4123
2474 4124
2315 4125
3411 4126
2926 4127
823 4128
1166 4129
3500 4130
1047 4131
1515 4132
1746 4133
3715 4134
4035 4135
1314 4136
1309 4137
4104 4138
1834 4139
2675 4140
3624 4141
434 4142
2572 4143
2020 4144
3189 4145
2681 4146
2915 4147
401 4148
3682 4149
110 4150
3680 4151
3630 4152
1415 4153
110 4154
1119 4155
3838 4156
2754 4157
472 4158
2211 4159
1123 4160
3705 4161
1996 4162
3581 4163
2529 4164
1992 4165
3639 4166
3464 4167
3619 4168
838 4169
3988 4170
1588 4171
1355 4172
3615 4173
1366 4174
3647 4175
3197 4176
2856 4177
3412 4178
1477 4179
3695 4180
3785 4181
1896 4182
3591 4183
2012 4184
3134 4185
1063 4186
3669 4187
1195 4188
1122 4189
3445 4190
614 4191
1313 4192
2637 4193
3955 4194
3375 4195
2045 4196
1314 4197
3925 4198
2836 4199
218 4200
2790 4201
819 4202
21 4203
748 4204
2637 4205
207 4206
2331 4207
457 4208
518 4209
1977 4210
2677 4211
1543 4212
73 4213
3566 4214
3643 4215
3774 4216
1426 4217
3470 4218
4180 4219
1088 4220
229 4221
1875 4222
3233 4223
1757 4224
3181 4225
206 4226
822 4227
35 4228
2285 4229
2764 4230
967 4231
1922 4232
4230 4233
1994 4234
2702 4235
3955 4236
3714 4237
3295 4238
3963 4239
4212 4240
2387 4241
1237 4242
3333 4243
4118 4244
3096 4245
3453 4246
3707 4247
903 4248
2011 4249
3883 4250
2797 4251
3179 4252
738 4253
3491 4254
1329 4255
1191 4256
811 4257
1471 4258
3389 4259
252 4260
1987 4261
1689 4262
2745 4263
2448 4264
1886 4265
2791 4266
3157 4267
2767 4268
3357 4269
612 4270
766 4271
2507 4272
14 4273
748 4274
753 4275
436 4276
1129 4277
1187 4278
327 4279
2673 4280
4224 4281
2829 4282
707 4283
112 4284
1440 4285
1946 4286
1874 4287
4207 4288
3409 4289
4119 4290
1013 4291
3304 4292
1194 4293
2935 4294
2811 4295
3448 4296
2987 4297
3239 4298
1099 4299
2302 4300
983 4301
3569 4302
3813 4303
481 4304
3158 4305
2465 4306
27 4307
4135 4308
2011 4309
1442 4310
2191 4311
2879 4312
559 4313
1316 4314
3659 4315
1013 4316
3316 4317
1814 4318
4188 4319
2846 4320
2551 4321
3957 4322
1452 4323
2066 4324
1984 4325
970 4326
2594 4327
355 4328
1898 4329
44 4330
1087 4331
3815 4332
3877 4333
2886 4334
4078 4335
4259 4336
4174 4337
3172 4338
105 4339
3454 4340
3056 4341
322 4342
109 4343
2132 4344
347 4345
1619 4346
3439 4347
4100 4348
538 4349
1556 4350
2145 4351
1355 4352
4143 4353
1672 4354
410 4355
3883 4356
2132 4357
680 4358
3590 4359
4276 4360
1081 4361
458 4362
2799 4363
565 4364
4118 4365
3734 4366
628 4367
2109 4368
1142 4369
2459 4370
724 4371
802 4372
612 4373
1587 4374
1682 4375
459 4376
2076 4377
1888 4378
3803 4379
1657 4380
1176 4381
3088 4382
1360 4383
1380 4384
1430 4385
424 4386
3036 4387
59 4388
229 4389
2482 4390
1612 4391
95 4392
1746 4393
961 4394
2464 4395
2809 4396
703 4397
3354 4398
4348 4399
2822 4400
1667 4401
3594 4402
3139 4403
2641 4404
357 4405
3806 4406
1352 4407
2578 4408
2033 4409
3954 4410
425 4411
215 4412
2191 4413
601 4414
3238 4415
2963 4416
817 4417
2810 4418
2557 4419
1531 4420
870 4421
125 4422
3822 4423
460 4424
2850 4425
2416 4426
3491 4427
108 4428
230 4429
1840 4430
2024 4431
1891 4432
3438 4433
3568 4434
1056 4435
3714 4436
3070 4437
1541 4438
488 4439
2847 4440
1509 4441
290 4442
832 4443
612 4444
2098 4445
1134 4446
678 4447
3992 4448
1255 4449
840 4450
584 4451
1685 4452
2463 4453
3086 4454
916 4455
2471 4456
3656 4457
1881 4458
3966 4459
1590 4460
3660 4461
2191 4462
1806 4463
3258 4464
4197 4465
252 4466
1152 4467
233 4468
574 4469
3916 4470
996 4471
1389 4472
88 4473
3570 4474
351 4475
1811 4476
3920 4477
1939 4478
1317 4479
4326 4480
2260 4481
2201 4482
751 4483
1571 4484
2512 4485
1118 4486
1421 4487
3753 4488
3824 4489
1567 4490
3941 4491
3394 4492
2841 4493
4068 4494
1451 4495
4220 4496
1145 4497
4265 4498
1117 4499
3181 4500
3570 4501
1152 4502
4445 4503
997 4504
3850 4505
3947 4506
2851 4507
720 4508
3013 4509
1694 4510
698 4511
1646 4512
4157 4513
4387 4514
3503 4515
1068 4516
1093 4517
2253 4518
3088 4519
2298 4520
2420 4521
2627 4522
2681 4523
2994 4524
4225 4525
3982 4526
1004 4527
2930 4528
1492 4529
1798 4530
1195 4531
1136 4532
4283 4533
2343 4534
652 4535
3602 4536
2427 4537
939 4538
1428 4539
1561 4540
3925 4541
4357 4542
1566 4543
3205 4544
1481 4545
1272 4546
415 4547
3230 4548
3957 4549
1194 4550
4150 4551
1850 4552
389 4553
1373 4554
1727 4555
22 4556
128 4557
1520 4558
619 4559
2840 4560
3494 4561
4343 4562
440 4563
3864 4564
4166 4565
3297 4566
3012 4567
1856 4568
1689 4569
2489 4570
523 4571
2116 4572
779 4573
2580 4574
31 4575
3718 4576
3845 4577
1922 4578
3260 4579
1284 4580
2036 4581
1718 4582
2113 4583
2694 4584
1846 4585
20 4586
3668 4587
252 4588
4349 4589
3727 4590
3307 4591
3918 4592
1775 4593
180 4594
2832 4595
1838 4596
68 4597
292 4598
3153 4599
3678 4600
4116 4601
2062 4602
1212 4603
96 4604
638 4605
357 4606
3010 4607
1423 4608
1745 4609
2012 4610
3895 4611
453 4612
2824 4613
3438 4614
753 4615
1450 4616
1044 4617
314 4618
3445 4619
2285 4620
3256 4621
2110 4622
1869 4623
3043 4624
1913 4625
1058 4626
1323 4627
3095 4628
2012 4629
3318 4630
3438 4631
4061 4632
2011 4633
692 4634
571 4635
3406 4636
490 4637
1464 4638
2614 4639
2766 4640
1192 4641
653 4642
3683 4643
1676 4644
3132 4645
3330 4646
3384 4647
719 4648
1365 4649
1113 4650
463 4651
856 4652
8 4653
1284 4654
3893 4655
1445 4656
404 4657
1707 4658
1461 4659
3856 4660
2910 4661
1041 4662
1031 4663
1553 4664
3631 4665
1379 4666
1003 4667
4591 4668
735 4669
3839 4670
1379 4671
1531 4672
4056 4673
852 4674
3867 4675
3194 4676
3305 4677
3233 4678
1541 4679
3042 4680
485 4681
1871 4682
1113 4683
3467 4684
1073 4685
824 4686
2724 4687
4345 4688
3705 4689
2918 4690
4067 4691
1504 4692
2354 4693
2509 4694
994 4695
4478 4696
2222 4697
2760 4698
3363 4699
1422 4700
3384 4701
2018 4702
2150 4703
4513 4704
1339 4705
2521 4706
3069 4707
4278 4708
1474 4709
3337 4710
1853 4711
2076 4712
4379 4713
3621 4714
2450 4715
3217 4716
1089 4717
1862 4718
1360 4719
4120 4720
97 4721
1165 4722
691 4723
3356 4724
4653 4725
4371 4726
689 4727
2483 4728
1616 4729
427 4730
2769 4731
2776 4732
4281 4733
1342 4734
1316 4735
4054 4736
1208 4737
3023 4738
684 4739
656 4740
1311 4741
2062 4742
74 4743
4701 4744
3585 4745
4214 4746
3299 4747
2582 4748
4437 4749
836 4750
641 4751
2841 4752
75 4753
1248 4754
2102 4755
987 4756
3309 4757
4746 4758
2263 4759
3131 4760
412 4761
896 4762
1614 4763
2869 4764
235 4765
665 4766
1585 4767
3192 4768
135 4769
4687 4770
294 4771
3503 4772
3090 4773
2399 4774
4185 4775
1511 4776
918 4777
3771 4778
2923 4779
963 4780
355 4781
672 4782
1709 4783
1735 4784
1715 4785
4246 4786
1460 4787
2483 4788
2630 4789
3953 4790
1060 4791
655 4792
1248 4793
470 4794
1420 4795
1747 4796
206 4797
3574 4798
2931 4799
2167 4800
4209 4801
4698 4802
1274 4803
4705 4804
1335 4805
1350 4806
3151 4807
2473 4808
634 4809
3930 4810
3411 4811
3945 4812
1441 4813
1899 4814
3765 4815
2515 4816
2900 4817
1305 4818
4698 4819
2705 4820
366 4821
154 4822
1779 4823
4778 4824
1043 4825
3234 4826
3973 4827
2683 4828
2854 4829
1235 4830
4746 4831
3025 4832
3324 4833
163 4834
3783 4835
1145 4836
1303 4837
3447 4838
193 4839
3438 4840
2265 4841
2518 4842
2664 4843
379 4844
9 4845
1294 4846
3966 4847
1974 4848
2349 4849
24 4850
3909 4851
3789 4852
2251 4853
3273 4854
1943 4855
4314 4856
3132 4857
1699 4858
3959 4859
1838 4860
963 4861
3825 4862
2276 4863
1311 4864
332 4865
1075 4866
4180 4867
1143 4868
1758 4869
3013 4870
2530 4871
97 4872
1077 4873
2972 4874
1774 4875
280 4876
297 4877
3390 4878
4773 4879
1626 4880
1345 4881
4318 4882
2345 4883
575 4884
5 4885
397 4886
685 4887
2953 4888
2747 4889
3831 4890
881 4891
3119 4892
3406 4893
1447 4894
346 4895
874 4896
34 4897
4060 4898
2534 4899
3304 4900
675 4901
2003 4902
3497 4903
155 4904
2051 4905
4066 4906
1692 4907
1944 4908
4763 4909
1622 4910
1639 4911
1059 4912
3582 4913
2209 4914
2226 4915
4562 4916
3073 4917
4163 4918
166 4919
1160 4920
4744 4921
2051 4922
982 4923
2494 4924
1653 4925
4645 4926
3561 4927
4322 4928
1075 4929
2557 4930
736 4931
3498 4932
4213 4933
4924 4934
848 4935
4282 4936
2323 4937
4179 4938
1316 4939
326 4940
1228 4941
3132 4942
3613 4943
521 4944
3998 4945
2472 4946
2149 4947
3803 4948
34 4949
985 4950
4179 4951
1486 4952
3437 4953
2715 4954
4819 4955
4198 4956
2259 4957
4940 4958
495 4959
4290 4960
1323 4961
3567 4962
890 4963
182 4964
4572 4965
3799 4966
1418 4967
4882 4968
2773 4969
778 4970
1125 4971
644 4972
1312 4973
3185 4974
1571 4975
896 4976
3700 4977
1852 4978
4677 4979
600 4980
370 4981
1910 4982
4610 4983
833 4984
1178 4985
1727 4986
2998 4987
1497 4988
3923 4989
3318 4990
4452 4991
353 4992
2511 4993
1095 4994
4504 4995
531 4996
1748 4997
3958 4998
78 4999
4611 5000
