1 2
2 3
2 4
2 5
3 6
1 7
6 8
4 9
7 10
8 11
7 12
5 13
9 14
14 15
14 16
3 17
3 18
11 19
15 20
16 21
7 22
16 23
14 24
20 25
15 26
18 27
6 28
25 29
1 30
13 31
24 32
11 33
5 34
23 35
14 36
2 37
4 38
29 39
13 40
2 41
9 42
39 43
10 44
24 45
6 46
43 47
26 48
22 49
28 50
17 51
14 52
18 53
34 54
7 55
49 56
44 57
20 58
57 59
38 60
24 61
47 62
57 63
43 64
44 65
43 66
61 67
36 68
50 69
10 70
45 71
61 72
70 73
23 74
40 75
47 76
71 77
48 78
14 79
6 80
40 81
5 82
44 83
28 84
46 85
20 86
86 87
83 88
10 89
12 90
10 91
4 92
7 93
75 94
41 95
77 96
84 97
57 98
1 99
29 100
16 101
92 102
31 103
32 104
91 105
55 106
86 107
8 108
78 109
25 110
68 111
61 112
31 113
29 114
58 115
77 116
27 117
6 118
112 119
3 120
99 121
99 122
8 123
33 124
23 125
59 126
68 127
25 128
1 129
49 130
32 131
103 132
48 133
87 134
128 135
66 136
64 137
120 138
54 139
89 140
8 141
54 142
27 143
119 144
83 145
22 146
102 147
22 148
94 149
70 150
1 151
72 152
38 153
48 154
116 155
100 156
115 157
15 158
142 159
45 160
160 161
103 162
85 163
130 164
114 165
157 166
124 167
128 168
84 169
77 170
45 171
33 172
5 173
124 174
100 175
48 176
15 177
137 178
156 179
116 180
177 181
58 182
149 183
62 184
73 185
6 186
71 187
7 188
111 189
110 190
92 191
123 192
60 193
9 194
136 195
123 196
21 197
20 198
5 199
119 200
69 201
128 202
105 203
170 204
37 205
101 206
173 207
37 208
143 209
79 210
80 211
173 212
189 213
45 214
21 215
192 216
212 217
136 218
136 219
90 220
174 221
44 222
151 223
20 224
223 225
60 226
204 227
185 228
207 229
79 230
48 231
111 232
217 233
104 234
56 235
70 236
6 237
50 238
43 239
177 240
218 241
106 242
159 243
37 244
54 245
35 246
21 247
227 248
247 249
117 250
21 251
9 252
143 253
1 254
172 255
61 256
41 257
76 258
43 259
30 260
114 261
131 262
82 263
200 264
240 265
118 266
31 267
11 268
103 269
183 270
103 271
132 272
131 273
206 274
114 275
117 276
233 277
179 278
134 279
164 280
42 281
142 282
126 283
246 284
18 285
69 286
285 287
124 288
258 289
158 290
263 291
18 292
119 293
225 294
20 295
258 296
258 297
199 298
294 299
24 300
275 301
263 302
197 303
234 304
48 305
20 306
155 307
117 308
110 309
46 310
181 311
46 312
136 313
101 314
269 315
122 316
70 317
108 318
66 319
5 320
125 321
259 322
144 323
79 324
267 325
171 326
133 327
215 328
165 329
257 330
42 331
255 332
331 333
114 334
239 335
149 336
207 337
215 338
203 339
174 340
246 341
294 342
44 343
129 344
241 345
38 346
192 347
35 348
256 349
178 350
60 351
290 352
338 353
338 354
122 355
334 356
232 357
252 358
30 359
182 360
243 361
62 362
102 363
113 364
166 365
24 366
257 367
326 368
1 369
320 370
181 371
265 372
76 373
7 374
76 375
290 376
141 377
160 378
266 379
198 380
243 381
20 382
53 383
252 384
53 385
108 386
343 387
380 388
227 389
43 390
10 391
349 392
273 393
245 394
335 395
55 396
312 397
98 398
187 399
350 400
345 401
92 402
361 403
340 404
387 405
270 406
270 407
185 408
227 409
363 410
338 411
254 412
288 413
113 414
362 415
126 416
379 417
279 418
262 419
328 420
208 421
67 422
137 423
34 424
59 425
54 426
208 427
408 428
216 429
299 430
406 431
185 432
277 433
273 434
11 435
429 436
138 437
146 438
249 439
23 440
300 441
405 442
356 443
272 444
345 445
257 446
128 447
310 448
164 449
207 450
90 451
28 452
324 453
299 454
55 455
131 456
67 457
303 458
84 459
379 460
55 461
156 462
414 463
133 464
97 465
373 466
282 467
141 468
449 469
377 470
383 471
439 472
370 473
472 474
299 475
104 476
9 477
20 478
273 479
413 480
464 481
368 482
5 483
162 484
134 485
184 486
13 487
17 488
66 489
32 490
292 491
434 492
94 493
282 494
75 495
317 496
434 497
46 498
105 499
292 500
481 501
334 502
156 503
332 504
95 505
103 506
40 507
226 508
242 509
483 510
233 511
364 512
295 513
230 514
30 515
380 516
152 517
463 518
510 519
129 520
225 521
190 522
123 523
29 524
500 525
124 526
103 527
356 528
46 529
188 530
465 531
1 532
255 533
251 534
491 535
466 536
452 537
70 538
383 539
454 540
320 541
106 542
236 543
407 544
397 545
20 546
183 547
356 548
442 549
354 550
409 551
75 552
148 553
331 554
274 555
71 556
463 557
180 558
539 559
314 560
26 561
165 562
190 563
211 564
524 565
357 566
395 567
402 568
478 569
130 570
448 571
553 572
534 573
298 574
531 575
384 576
199 577
106 578
500 579
138 580
398 581
17 582
72 583
313 584
378 585
355 586
291 587
114 588
65 589
10 590
450 591
517 592
436 593
490 594
191 595
56 596
540 597
206 598
529 599
399 600
45 601
470 602
596 603
105 604
255 605
429 606
147 607
585 608
119 609
113 610
409 611
507 612
292 613
107 614
341 615
24 616
458 617
153 618
331 619
558 620
455 621
295 622
521 623
619 624
614 625
620 626
443 627
367 628
349 629
496 630
366 631
293 632
70 633
252 634
365 635
408 636
501 637
492 638
306 639
588 640
173 641
90 642
628 643
323 644
198 645
626 646
451 647
474 648
414 649
33 650
322 651
83 652
336 653
41 654
195 655
16 656
416 657
347 658
451 659
285 660
318 661
223 662
606 663
418 664
9 665
228 666
545 667
486 668
590 669
79 670
71 671
71 672
70 673
186 674
100 675
86 676
127 677
382 678
477 679
303 680
247 681
447 682
20 683
129 684
301 685
259 686
368 687
64 688
493 689
478 690
506 691
680 692
668 693
592 694
463 695
580 696
12 697
385 698
672 699
38 700
19 701
305 702
637 703
199 704
120 705
189 706
634 707
705 708
623 709
406 710
469 711
567 712
280 713
112 714
575 715
714 716
226 717
440 718
64 719
138 720
612 721
290 722
480 723
547 724
614 725
43 726
226 727
717 728
562 729
318 730
726 731
447 732
717 733
532 734
292 735
522 736
448 737
13 738
398 739
361 740
687 741
20 742
405 743
339 744
278 745
5 746
188 747
676 748
558 749
657 750
414 751
160 752
734 753
588 754
182 755
10 756
437 757
361 758
188 759
31 760
188 761
607 762
228 763
512 764
173 765
576 766
336 767
205 768
645 769
432 770
285 771
356 772
717 773
14 774
40 775
27 776
517 777
702 778
735 779
383 780
306 781
246 782
613 783
96 784
156 785
579 786
598 787
203 788
208 789
290 790
761 791
506 792
680 793
108 794
746 795
199 796
714 797
97 798
655 799
366 800
289 801
181 802
407 803
490 804
797 805
69 806
182 807
232 808
520 809
50 810
49 811
428 812
481 813
707 814
128 815
742 816
562 817
89 818
547 819
476 820
776 821
797 822
512 823
490 824
802 825
103 826
118 827
497 828
553 829
342 830
131 831
302 832
276 833
578 834
772 835
660 836
690 837
85 838
50 839
622 840
99 841
573 842
639 843
711 844
443 845
499 846
746 847
770 848
320 849
374 850
260 851
513 852
572 853
514 854
85 855
268 856
725 857
516 858
643 859
459 860
223 861
419 862
162 863
680 864
848 865
416 866
19 867
410 868
216 869
511 870
789 871
816 872
689 873
433 874
621 875
377 876
816 877
459 878
774 879
82 880
861 881
459 882
93 883
67 884
631 885
452 886
553 887
696 888
810 889
172 890
829 891
690 892
150 893
110 894
233 895
286 896
435 897
527 898
49 899
196 900
91 901
20 902
631 903
488 904
804 905
41 906
460 907
330 908
513 909
546 910
661 911
110 912
436 913
450 914
656 915
60 916
589 917
681 918
361 919
291 920
152 921
304 922
152 923
86 924
77 925
775 926
749 927
476 928
784 929
106 930
681 931
905 932
407 933
200 934
375 935
346 936
189 937
223 938
625 939
165 940
719 941
580 942
567 943
184 944
923 945
416 946
226 947
483 948
902 949
4 950
225 951
849 952
903 953
206 954
297 955
499 956
398 957
12 958
630 959
849 960
268 961
949 962
5 963
696 964
580 965
519 966
594 967
13 968
534 969
182 970
824 971
99 972
131 973
779 974
715 975
956 976
166 977
574 978
569 979
14 980
739 981
301 982
61 983
743 984
659 985
968 986
565 987
251 988
164 989
259 990
627 991
149 992
957 993
63 994
220 995
340 996
965 997
115 998
193 999
631 1000
560 1001
671 1002
613 1003
68 1004
803 1005
250 1006
279 1007
113 1008
887 1009
971 1010
415 1011
83 1012
377 1013
113 1014
535 1015
755 1016
623 1017
538 1018
550 1019
512 1020
718 1021
973 1022
754 1023
774 1024
642 1025
224 1026
218 1027
833 1028
931 1029
372 1030
95 1031
583 1032
53 1033
778 1034
920 1035
415 1036
887 1037
975 1038
506 1039
947 1040
909 1041
106 1042
671 1043
588 1044
670 1045
293 1046
260 1047
868 1048
532 1049
14 1050
736 1051
113 1052
744 1053
300 1054
89 1055
483 1056
691 1057
762 1058
463 1059
291 1060
119 1061
467 1062
672 1063
659 1064
630 1065
805 1066
422 1067
558 1068
348 1069
123 1070
603 1071
544 1072
506 1073
964 1074
1023 1075
581 1076
162 1077
925 1078
1039 1079
81 1080
1006 1081
846 1082
524 1083
524 1084
96 1085
210 1086
558 1087
1017 1088
831 1089
319 1090
349 1091
53 1092
56 1093
433 1094
952 1095
36 1096
508 1097
806 1098
1031 1099
813 1100
293 1101
236 1102
31 1103
270 1104
889 1105
784 1106
906 1107
744 1108
104 1109
1094 1110
991 1111
329 1112
1091 1113
173 1114
1046 1115
377 1116
606 1117
830 1118
273 1119
476 1120
585 1121
1078 1122
1036 1123
686 1124
503 1125
340 1126
71 1127
175 1128
157 1129
600 1130
352 1131
878 1132
203 1133
240 1134
972 1135
1006 1136
149 1137
938 1138
67 1139
986 1140
41 1141
226 1142
314 1143
21 1144
388 1145
402 1146
601 1147
1094 1148
267 1149
282 1150
430 1151
860 1152
199 1153
710 1154
433 1155
195 1156
15 1157
1106 1158
915 1159
805 1160
1080 1161
546 1162
686 1163
721 1164
337 1165
762 1166
1142 1167
105 1168
1166 1169
653 1170
276 1171
919 1172
416 1173
739 1174
61 1175
422 1176
225 1177
688 1178
587 1179
554 1180
43 1181
1037 1182
234 1183
217 1184
1064 1185
900 1186
767 1187
209 1188
282 1189
405 1190
25 1191
1110 1192
460 1193
974 1194
922 1195
1139 1196
594 1197
477 1198
284 1199
79 1200
1184 1201
752 1202
67 1203
654 1204
645 1205
770 1206
16 1207
795 1208
312 1209
1155 1210
748 1211
884 1212
1059 1213
183 1214
563 1215
407 1216
547 1217
298 1218
984 1219
525 1220
171 1221
1202 1222
1030 1223
618 1224
574 1225
1113 1226
1095 1227
1124 1228
1073 1229
1035 1230
973 1231
711 1232
1180 1233
471 1234
1213 1235
438 1236
938 1237
577 1238
79 1239
1164 1240
844 1241
750 1242
1133 1243
341 1244
1024 1245
557 1246
795 1247
138 1248
500 1249
531 1250
1207 1251
290 1252
466 1253
968 1254
81 1255
1141 1256
389 1257
1205 1258
54 1259
481 1260
468 1261
769 1262
653 1263
1112 1264
1207 1265
383 1266
1016 1267
637 1268
371 1269
205 1270
636 1271
264 1272
1169 1273
1032 1274
247 1275
494 1276
1268 1277
437 1278
560 1279
980 1280
93 1281
1172 1282
191 1283
289 1284
1266 1285
633 1286
1011 1287
1238 1288
174 1289
586 1290
229 1291
253 1292
625 1293
985 1294
831 1295
132 1296
593 1297
1205 1298
954 1299
186 1300
1122 1301
999 1302
761 1303
892 1304
227 1305
1110 1306
498 1307
309 1308
1276 1309
610 1310
784 1311
903 1312
515 1313
995 1314
280 1315
936 1316
1202 1317
634 1318
1117 1319
3 1320
573 1321
413 1322
978 1323
785 1324
779 1325
727 1326
805 1327
216 1328
1230 1329
1016 1330
1222 1331
448 1332
249 1333
1238 1334
271 1335
867 1336
540 1337
843 1338
581 1339
832 1340
498 1341
802 1342
699 1343
1328 1344
1322 1345
853 1346
415 1347
863 1348
663 1349
418 1350
465 1351
698 1352
1189 1353
968 1354
1162 1355
1111 1356
1301 1357
1080 1358
1233 1359
916 1360
880 1361
502 1362
682 1363
242 1364
1122 1365
115 1366
249 1367
401 1368
852 1369
797 1370
1065 1371
893 1372
163 1373
1207 1374
810 1375
1199 1376
11 1377
609 1378
289 1379
1308 1380
1216 1381
1094 1382
307 1383
397 1384
855 1385
612 1386
977 1387
1219 1388
1334 1389
215 1390
491 1391
419 1392
1210 1393
873 1394
312 1395
65 1396
481 1397
57 1398
1204 1399
1321 1400
735 1401
1060 1402
1363 1403
880 1404
569 1405
320 1406
478 1407
750 1408
765 1409
683 1410
1153 1411
249 1412
49 1413
170 1414
549 1415
952 1416
461 1417
297 1418
298 1419
7 1420
1143 1421
1394 1422
262 1423
1124 1424
320 1425
1391 1426
426 1427
470 1428
437 1429
94 1430
112 1431
842 1432
697 1433
553 1434
1312 1435
728 1436
951 1437
1174 1438
1042 1439
1063 1440
1231 1441
800 1442
103 1443
1397 1444
1175 1445
1186 1446
646 1447
505 1448
35 1449
975 1450
900 1451
786 1452
593 1453
286 1454
700 1455
691 1456
1127 1457
248 1458
1303 1459
217 1460
638 1461
15 1462
212 1463
1222 1464
335 1465
618 1466
863 1467
436 1468
91 1469
47 1470
1254 1471
401 1472
689 1473
929 1474
231 1475
698 1476
504 1477
1263 1478
460 1479
465 1480
641 1481
1140 1482
1232 1483
1224 1484
457 1485
368 1486
163 1487
1138 1488
1072 1489
126 1490
1162 1491
1374 1492
544 1493
713 1494
371 1495
91 1496
36 1497
663 1498
587 1499
630 1500
1150 1501
840 1502
125 1503
590 1504
209 1505
882 1506
881 1507
694 1508
994 1509
195 1510
802 1511
214 1512
232 1513
547 1514
850 1515
1413 1516
1024 1517
877 1518
1119 1519
912 1520
605 1521
441 1522
705 1523
325 1524
804 1525
1090 1526
538 1527
872 1528
1264 1529
337 1530
1069 1531
239 1532
1158 1533
387 1534
1503 1535
1265 1536
681 1537
1191 1538
633 1539
1047 1540
49 1541
833 1542
127 1543
1229 1544
1152 1545
1341 1546
769 1547
798 1548
482 1549
1503 1550
523 1551
1125 1552
766 1553
861 1554
887 1555
219 1556
853 1557
140 1558
1078 1559
814 1560
1346 1561
1087 1562
46 1563
3 1564
485 1565
87 1566
1091 1567
14 1568
1295 1569
241 1570
259 1571
781 1572
41 1573
655 1574
76 1575
226 1576
679 1577
363 1578
1027 1579
1557 1580
988 1581
1239 1582
360 1583
1204 1584
328 1585
988 1586
157 1587
1384 1588
177 1589
260 1590
563 1591
1233 1592
1588 1593
607 1594
155 1595
1081 1596
1378 1597
529 1598
823 1599
527 1600
1188 1601
390 1602
1319 1603
445 1604
715 1605
976 1606
1320 1607
458 1608
1296 1609
482 1610
152 1611
63 1612
648 1613
1581 1614
1514 1615
999 1616
919 1617
1399 1618
1151 1619
1284 1620
119 1621
755 1622
126 1623
434 1624
1555 1625
1081 1626
1196 1627
46 1628
1196 1629
893 1630
116 1631
408 1632
1388 1633
755 1634
1569 1635
1622 1636
1444 1637
1176 1638
411 1639
1442 1640
418 1641
699 1642
89 1643
289 1644
1113 1645
1538 1646
370 1647
1074 1648
399 1649
1567 1650
225 1651
1626 1652
1359 1653
486 1654
219 1655
147 1656
929 1657
57 1658
1224 1659
1141 1660
252 1661
1183 1662
1052 1663
594 1664
84 1665
795 1666
141 1667
1047 1668
1352 1669
866 1670
1664 1671
261 1672
1056 1673
44 1674
210 1675
1434 1676
228 1677
665 1678
1509 1679
837 1680
565 1681
540 1682
215 1683
86 1684
570 1685
1376 1686
1189 1687
841 1688
934 1689
788 1690
1051 1691
1500 1692
440 1693
621 1694
633 1695
262 1696
1065 1697
114 1698
1409 1699
1328 1700
1621 1701
1169 1702
1630 1703
98 1704
1325 1705
596 1706
1201 1707
79 1708
234 1709
106 1710
1661 1711
573 1712
657 1713
1301 1714
1662 1715
647 1716
1451 1717
1199 1718
287 1719
797 1720
833 1721
1085 1722
983 1723
112 1724
1619 1725
36 1726
1618 1727
1223 1728
48 1729
373 1730
397 1731
199 1732
159 1733
800 1734
1622 1735
222 1736
775 1737
157 1738
230 1739
825 1740
1027 1741
1087 1742
638 1743
638 1744
198 1745
1731 1746
450 1747
1227 1748
1408 1749
1361 1750
834 1751
511 1752
1569 1753
559 1754
407 1755
580 1756
780 1757
335 1758
211 1759
1488 1760
504 1761
51 1762
1178 1763
1446 1764
381 1765
592 1766
1388 1767
993 1768
847 1769
272 1770
793 1771
1289 1772
1214 1773
1488 1774
1221 1775
770 1776
1042 1777
1239 1778
1519 1779
662 1780
575 1781
467 1782
107 1783
617 1784
226 1785
1133 1786
1724 1787
353 1788
811 1789
1696 1790
1164 1791
919 1792
1523 1793
1690 1794
1245 1795
1587 1796
1580 1797
887 1798
273 1799
584 1800
1392 1801
848 1802
483 1803
1055 1804
1338 1805
873 1806
188 1807
909 1808
374 1809
418 1810
566 1811
8 1812
1723 1813
502 1814
1270 1815
963 1816
657 1817
869 1818
1110 1819
1516 1820
257 1821
1460 1822
408 1823
1771 1824
1664 1825
1374 1826
404 1827
1385 1828
667 1829
1507 1830
909 1831
361 1832
1826 1833
188 1834
652 1835
63 1836
900 1837
677 1838
570 1839
758 1840
83 1841
173 1842
211 1843
1432 1844
574 1845
366 1846
36 1847
1274 1848
719 1849
1232 1850
617 1851
536 1852
113 1853
994 1854
1640 1855
552 1856
421 1857
437 1858
911 1859
254 1860
651 1861
1618 1862
1100 1863
622 1864
732 1865
59 1866
1718 1867
793 1868
504 1869
582 1870
1435 1871
1030 1872
1222 1873
734 1874
294 1875
290 1876
288 1877
828 1878
1652 1879
3 1880
721 1881
1465 1882
1546 1883
1714 1884
708 1885
169 1886
916 1887
1733 1888
1052 1889
239 1890
622 1891
1728 1892
454 1893
219 1894
562 1895
1111 1896
748 1897
871 1898
1455 1899
1257 1900
787 1901
634 1902
67 1903
301 1904
894 1905
914 1906
1012 1907
812 1908
774 1909
649 1910
949 1911
448 1912
258 1913
1760 1914
1343 1915
1120 1916
1398 1917
1279 1918
1737 1919
601 1920
539 1921
1148 1922
1391 1923
1125 1924
202 1925
553 1926
816 1927
491 1928
118 1929
859 1930
77 1931
381 1932
1379 1933
391 1934
878 1935
1894 1936
826 1937
1155 1938
1572 1939
1523 1940
387 1941
369 1942
1896 1943
1086 1944
1260 1945
1907 1946
1716 1947
630 1948
1249 1949
452 1950
257 1951
671 1952
674 1953
762 1954
1791 1955
652 1956
1158 1957
307 1958
666 1959
1258 1960
9 1961
1682 1962
1645 1963
56 1964
1742 1965
647 1966
1313 1967
1470 1968
1431 1969
1293 1970
1493 1971
965 1972
1048 1973
1502 1974
1528 1975
1189 1976
456 1977
1773 1978
1376 1979
377 1980
861 1981
229 1982
1895 1983
1116 1984
835 1985
1407 1986
1248 1987
1807 1988
1888 1989
1515 1990
1049 1991
1063 1992
125 1993
1184 1994
1066 1995
1063 1996
296 1997
1869 1998
1777 1999
1679 2000
98 2001
1409 2002
1939 2003
1609 2004
744 2005
1112 2006
1613 2007
1883 2008
1200 2009
1647 2010
606 2011
1948 2012
1073 2013
1046 2014
1564 2015
1981 2016
1796 2017
1392 2018
1640 2019
1371 2020
1893 2021
471 2022
1246 2023
1339 2024
1056 2025
1485 2026
664 2027
1950 2028
511 2029
138 2030
1586 2031
87 2032
1095 2033
175 2034
869 2035
1691 2036
809 2037
686 2038
1184 2039
609 2040
1169 2041
1071 2042
1141 2043
862 2044
1704 2045
1395 2046
938 2047
16 2048
823 2049
1116 2050
662 2051
564 2052
1644 2053
1373 2054
1574 2055
422 2056
1742 2057
1128 2058
1390 2059
215 2060
1975 2061
974 2062
401 2063
154 2064
445 2065
603 2066
689 2067
515 2068
701 2069
535 2070
1 2071
1348 2072
564 2073
1931 2074
1615 2075
1115 2076
2001 2077
267 2078
926 2079
468 2080
398 2081
842 2082
783 2083
1918 2084
508 2085
217 2086
103 2087
1771 2088
809 2089
1515 2090
402 2091
62 2092
979 2093
1688 2094
672 2095
626 2096
909 2097
425 2098
509 2099
1793 2100
912 2101
552 2102
109 2103
248 2104
1700 2105
1741 2106
1011 2107
750 2108
891 2109
1349 2110
309 2111
1607 2112
92 2113
1838 2114
2108 2115
1304 2116
1206 2117
1270 2118
1872 2119
67 2120
1792 2121
110 2122
1484 2123
755 2124
1492 2125
1776 2126
1020 2127
1760 2128
1752 2129
958 2130
558 2131
2047 2132
1111 2133
64 2134
1087 2135
716 2136
1721 2137
982 2138
202 2139
2065 2140
703 2141
1976 2142
617 2143
953 2144
1762 2145
1837 2146
108 2147
48 2148
227 2149
1535 2150
1514 2151
1025 2152
916 2153
545 2154
928 2155
362 2156
779 2157
732 2158
1742 2159
766 2160
2132 2161
1070 2162
1166 2163
877 2164
745 2165
1648 2166
605 2167
212 2168
503 2169
1111 2170
1592 2171
1414 2172
2069 2173
108 2174
882 2175
2091 2176
1117 2177
2106 2178
1823 2179
1878 2180
675 2181
2180 2182
1663 2183
144 2184
1526 2185
490 2186
792 2187
1370 2188
1836 2189
1238 2190
2085 2191
200 2192
557 2193
2188 2194
1994 2195
2098 2196
447 2197
1071 2198
1389 2199
1192 2200
996 2201
1165 2202
2050 2203
1013 2204
1856 2205
685 2206
952 2207
1295 2208
1780 2209
833 2210
1922 2211
1907 2212
819 2213
913 2214
2002 2215
1395 2216
1399 2217
848 2218
913 2219
2044 2220
1880 2221
48 2222
745 2223
558 2224
1283 2225
2208 2226
1458 2227
1544 2228
1025 2229
678 2230
829 2231
1760 2232
200 2233
1242 2234
1308 2235
13 2236
739 2237
589 2238
1124 2239
767 2240
1801 2241
1098 2242
1353 2243
1926 2244
588 2245
2166 2246
1494 2247
7 2248
1867 2249
1463 2250
364 2251
213 2252
2205 2253
947 2254
1886 2255
1261 2256
280 2257
939 2258
1283 2259
1597 2260
1207 2261
1575 2262
283 2263
1781 2264
289 2265
1056 2266
916 2267
978 2268
953 2269
365 2270
1150 2271
45 2272
1248 2273
118 2274
721 2275
449 2276
2270 2277
376 2278
1124 2279
47 2280
1032 2281
663 2282
1076 2283
447 2284
1618 2285
124 2286
248 2287
1838 2288
960 2289
1151 2290
717 2291
1855 2292
74 2293
1232 2294
305 2295
589 2296
1820 2297
1993 2298
561 2299
2159 2300
2066 2301
100 2302
1341 2303
2001 2304
470 2305
310 2306
729 2307
404 2308
2291 2309
1881 2310
2144 2311
2079 2312
354 2313
406 2314
1204 2315
1838 2316
1702 2317
965 2318
732 2319
2120 2320
449 2321
312 2322
92 2323
850 2324
148 2325
1249 2326
1397 2327
672 2328
1788 2329
1251 2330
2201 2331
628 2332
990 2333
396 2334
767 2335
45 2336
1046 2337
2330 2338
1947 2339
761 2340
622 2341
2010 2342
1 2343
2009 2344
1631 2345
14 2346
1010 2347
658 2348
90 2349
432 2350
2252 2351
80 2352
2067 2353
1160 2354
1348 2355
2310 2356
2126 2357
1431 2358
1719 2359
2285 2360
1656 2361
1974 2362
43 2363
2206 2364
1305 2365
2206 2366
1525 2367
58 2368
701 2369
329 2370
2185 2371
613 2372
2162 2373
1584 2374
1200 2375
1465 2376
116 2377
1938 2378
1912 2379
1376 2380
1529 2381
86 2382
1590 2383
2225 2384
2272 2385
439 2386
557 2387
1809 2388
548 2389
813 2390
1760 2391
1992 2392
1631 2393
1737 2394
1233 2395
1920 2396
1659 2397
1343 2398
2099 2399
1797 2400
1051 2401
2155 2402
785 2403
897 2404
339 2405
645 2406
1004 2407
803 2408
1824 2409
765 2410
500 2411
2234 2412
173 2413
1244 2414
1663 2415
1262 2416
1202 2417
307 2418
1995 2419
2226 2420
2156 2421
527 2422
2344 2423
1530 2424
1368 2425
209 2426
2344 2427
1859 2428
1679 2429
1222 2430
464 2431
1401 2432
2269 2433
2112 2434
1616 2435
872 2436
252 2437
462 2438
456 2439
1840 2440
1055 2441
965 2442
562 2443
1569 2444
1068 2445
2220 2446
690 2447
1360 2448
2219 2449
1615 2450
766 2451
461 2452
956 2453
785 2454
1520 2455
2155 2456
458 2457
578 2458
1863 2459
1776 2460
1473 2461
2195 2462
2356 2463
397 2464
2049 2465
808 2466
82 2467
1704 2468
1873 2469
1307 2470
2125 2471
1539 2472
1404 2473
1668 2474
146 2475
1160 2476
2167 2477
1897 2478
1515 2479
2326 2480
793 2481
2444 2482
1047 2483
1905 2484
1436 2485
2234 2486
242 2487
2413 2488
2292 2489
1516 2490
147 2491
1309 2492
905 2493
1588 2494
2049 2495
1622 2496
809 2497
2210 2498
920 2499
1563 2500
750 2501
55 2502
1091 2503
1960 2504
650 2505
190 2506
1474 2507
2286 2508
1810 2509
682 2510
276 2511
771 2512
1143 2513
953 2514
1858 2515
2189 2516
1359 2517
1065 2518
1533 2519
1218 2520
2339 2521
224 2522
929 2523
839 2524
225 2525
2483 2526
712 2527
931 2528
530 2529
1620 2530
1428 2531
227 2532
1807 2533
1571 2534
1821 2535
1911 2536
2406 2537
1500 2538
374 2539
1319 2540
1830 2541
1069 2542
1253 2543
1329 2544
723 2545
107 2546
2207 2547
2224 2548
2043 2549
422 2550
541 2551
2210 2552
2549 2553
324 2554
588 2555
590 2556
1414 2557
815 2558
1341 2559
352 2560
1386 2561
2018 2562
2197 2563
1933 2564
1021 2565
576 2566
2405 2567
437 2568
1561 2569
1088 2570
1736 2571
130 2572
1104 2573
809 2574
2542 2575
996 2576
305 2577
466 2578
187 2579
1941 2580
348 2581
632 2582
230 2583
25 2584
624 2585
373 2586
1375 2587
1416 2588
2540 2589
929 2590
503 2591
2579 2592
825 2593
883 2594
2449 2595
1283 2596
553 2597
2238 2598
2393 2599
2301 2600
1189 2601
113 2602
9 2603
949 2604
229 2605
737 2606
1916 2607
417 2608
1043 2609
1442 2610
2479 2611
486 2612
497 2613
2132 2614
1125 2615
988 2616
1023 2617
1990 2618
38 2619
717 2620
1979 2621
1600 2622
1591 2623
1590 2624
2 2625
2341 2626
634 2627
1897 2628
1354 2629
1478 2630
1654 2631
1566 2632
95 2633
780 2634
1161 2635
2126 2636
378 2637
805 2638
478 2639
395 2640
557 2641
168 2642
125 2643
1850 2644
2481 2645
402 2646
2604 2647
718 2648
2556 2649
1661 2650
946 2651
1588 2652
893 2653
468 2654
191 2655
677 2656
814 2657
2433 2658
1522 2659
632 2660
1479 2661
1026 2662
1706 2663
1599 2664
2258 2665
48 2666
1050 2667
1786 2668
965 2669
1275 2670
2277 2671
1754 2672
891 2673
1642 2674
2584 2675
952 2676
1098 2677
854 2678
1892 2679
1427 2680
1711 2681
783 2682
319 2683
699 2684
1971 2685
2307 2686
1710 2687
2117 2688
22 2689
2008 2690
2684 2691
2538 2692
2383 2693
2553 2694
1241 2695
353 2696
2657 2697
1127 2698
2267 2699
93 2700
1876 2701
2432 2702
244 2703
1217 2704
598 2705
1720 2706
1715 2707
1158 2708
311 2709
163 2710
2308 2711
1868 2712
1277 2713
1499 2714
1007 2715
6 2716
2583 2717
1765 2718
2167 2719
2065 2720
245 2721
2546 2722
1837 2723
1608 2724
551 2725
1353 2726
165 2727
1910 2728
2485 2729
1870 2730
2666 2731
729 2732
2579 2733
438 2734
713 2735
125 2736
858 2737
390 2738
2410 2739
2579 2740
2013 2741
743 2742
2546 2743
245 2744
1733 2745
2123 2746
1984 2747
460 2748
1531 2749
2498 2750
2384 2751
1824 2752
2359 2753
1940 2754
1869 2755
2550 2756
721 2757
1685 2758
988 2759
2659 2760
892 2761
1755 2762
2217 2763
1539 2764
2474 2765
1921 2766
900 2767
2726 2768
1871 2769
1992 2770
1808 2771
2017 2772
1115 2773
798 2774
67 2775
1232 2776
253 2777
1260 2778
441 2779
1042 2780
19 2781
152 2782
620 2783
23 2784
685 2785
96 2786
689 2787
620 2788
1997 2789
1734 2790
2186 2791
1533 2792
1318 2793
1686 2794
391 2795
2622 2796
1080 2797
2376 2798
499 2799
1183 2800
521 2801
1023 2802
2723 2803
1562 2804
2501 2805
467 2806
1473 2807
2149 2808
1936 2809
1250 2810
1793 2811
1071 2812
675 2813
674 2814
1944 2815
2393 2816
1989 2817
1138 2818
1759 2819
838 2820
1005 2821
282 2822
509 2823
494 2824
2012 2825
557 2826
1079 2827
1954 2828
1372 2829
1981 2830
10 2831
2465 2832
270 2833
817 2834
2529 2835
158 2836
1925 2837
1692 2838
1579 2839
617 2840
1398 2841
1271 2842
324 2843
406 2844
1793 2845
2263 2846
1499 2847
2105 2848
593 2849
1540 2850
655 2851
1578 2852
2342 2853
914 2854
605 2855
1420 2856
187 2857
2586 2858
244 2859
2403 2860
1707 2861
384 2862
1962 2863
948 2864
98 2865
660 2866
1126 2867
2488 2868
511 2869
95 2870
377 2871
157 2872
1973 2873
1382 2874
1333 2875
2139 2876
1861 2877
213 2878
1603 2879
752 2880
1287 2881
2044 2882
2418 2883
343 2884
2248 2885
1394 2886
1414 2887
540 2888
1333 2889
1528 2890
1074 2891
1509 2892
1032 2893
1904 2894
910 2895
540 2896
1238 2897
679 2898
2460 2899
2741 2900
1110 2901
1657 2902
906 2903
1237 2904
1512 2905
180 2906
2460 2907
1738 2908
1671 2909
2559 2910
1817 2911
2431 2912
2392 2913
2153 2914
99 2915
550 2916
1205 2917
2259 2918
1977 2919
490 2920
1983 2921
2917 2922
2663 2923
2598 2924
1859 2925
204 2926
106 2927
1354 2928
356 2929
1243 2930
1694 2931
883 2932
2370 2933
847 2934
173 2935
1220 2936
2934 2937
801 2938
2530 2939
559 2940
1207 2941
1676 2942
1476 2943
954 2944
953 2945
1162 2946
458 2947
965 2948
348 2949
2900 2950
2269 2951
334 2952
283 2953
792 2954
1591 2955
989 2956
321 2957
947 2958
1382 2959
116 2960
2565 2961
2402 2962
1038 2963
1918 2964
808 2965
477 2966
1187 2967
2514 2968
2110 2969
897 2970
869 2971
378 2972
491 2973
323 2974
2 2975
1668 2976
2453 2977
345 2978
1954 2979
1087 2980
2364 2981
285 2982
2553 2983
2308 2984
2667 2985
983 2986
1118 2987
2034 2988
474 2989
567 2990
2647 2991
2496 2992
1513 2993
1103 2994
2113 2995
1759 2996
938 2997
2446 2998
1177 2999
968 3000
2868 3001
1712 3002
2359 3003
2357 3004
2400 3005
2824 3006
1114 3007
870 3008
2945 3009
1068 3010
2743 3011
2703 3012
138 3013
2431 3014
54 3015
2247 3016
1917 3017
1576 3018
959 3019
1421 3020
2281 3021
977 3022
2006 3023
1549 3024
2317 3025
2970 3026
743 3027
1741 3028
2606 3029
1601 3030
2019 3031
2574 3032
399 3033
821 3034
196 3035
570 3036
594 3037
1471 3038
2068 3039
3024 3040
1495 3041
1605 3042
1800 3043
1176 3044
506 3045
1079 3046
1288 3047
1845 3048
1656 3049
523 3050
679 3051
2368 3052
1267 3053
88 3054
1291 3055
1727 3056
1641 3057
281 3058
2989 3059
1155 3060
2541 3061
2286 3062
1573 3063
2403 3064
2482 3065
2143 3066
134 3067
1211 3068
1978 3069
2708 3070
2 3071
653 3072
84 3073
504 3074
1275 3075
1377 3076
720 3077
873 3078
1393 3079
1359 3080
2854 3081
1043 3082
992 3083
1735 3084
2616 3085
2396 3086
1806 3087
2317 3088
419 3089
645 3090
1760 3091
1346 3092
269 3093
1336 3094
2047 3095
489 3096
2127 3097
244 3098
1314 3099
2652 3100
842 3101
2180 3102
468 3103
1945 3104
1582 3105
807 3106
266 3107
2293 3108
884 3109
2032 3110
1315 3111
1718 3112
1243 3113
3021 3114
1824 3115
634 3116
1538 3117
1901 3118
2907 3119
1077 3120
1147 3121
1219 3122
2898 3123
2513 3124
594 3125
3022 3126
1108 3127
2077 3128
2797 3129
2645 3130
564 3131
2126 3132
1673 3133
875 3134
1446 3135
2520 3136
1399 3137
385 3138
2102 3139
2925 3140
2345 3141
2804 3142
425 3143
1008 3144
1208 3145
1003 3146
2740 3147
2603 3148
1805 3149
446 3150
2784 3151
2940 3152
243 3153
1701 3154
2885 3155
2434 3156
1926 3157
2847 3158
2866 3159
2399 3160
2978 3161
1026 3162
2688 3163
2460 3164
2670 3165
3040 3166
1506 3167
2917 3168
2921 3169
2056 3170
2299 3171
2685 3172
708 3173
2739 3174
2074 3175
2332 3176
687 3177
1312 3178
1968 3179
730 3180
3055 3181
3047 3182
493 3183
2666 3184
1333 3185
1316 3186
890 3187
2334 3188
3039 3189
1870 3190
763 3191
1593 3192
839 3193
1312 3194
2148 3195
452 3196
431 3197
2071 3198
1000 3199
629 3200
2258 3201
276 3202
3161 3203
2868 3204
2853 3205
1887 3206
1679 3207
134 3208
814 3209
3175 3210
1576 3211
1972 3212
2780 3213
80 3214
1768 3215
2016 3216
1100 3217
2859 3218
1267 3219
1127 3220
880 3221
2976 3222
1540 3223
3052 3224
1628 3225
130 3226
335 3227
67 3228
774 3229
2342 3230
2424 3231
1621 3232
3167 3233
2900 3234
2471 3235
2219 3236
154 3237
2149 3238
874 3239
814 3240
178 3241
1088 3242
828 3243
2749 3244
80 3245
3133 3246
2300 3247
2556 3248
1349 3249
2306 3250
1311 3251
1181 3252
1692 3253
1163 3254
675 3255
1621 3256
2728 3257
569 3258
2991 3259
2619 3260
555 3261
517 3262
3136 3263
857 3264
1039 3265
337 3266
2385 3267
1806 3268
1490 3269
1949 3270
907 3271
2976 3272
2588 3273
2793 3274
55 3275
2200 3276
196 3277
890 3278
2339 3279
1986 3280
2926 3281
2019 3282
2634 3283
20 3284
822 3285
2815 3286
409 3287
2117 3288
2963 3289
1497 3290
2495 3291
1457 3292
884 3293
491 3294
48 3295
3280 3296
939 3297
727 3298
2364 3299
866 3300
61 3301
2296 3302
3273 3303
2130 3304
176 3305
237 3306
835 3307
1459 3308
2999 3309
1136 3310
1003 3311
2333 3312
2540 3313
2167 3314
2420 3315
846 3316
1801 3317
1263 3318
2778 3319
3231 3320
2085 3321
1021 3322
1577 3323
985 3324
2103 3325
1955 3326
1732 3327
975 3328
2773 3329
3064 3330
1463 3331
1043 3332
209 3333
1680 3334
2544 3335
2773 3336
551 3337
3244 3338
2985 3339
1049 3340
2880 3341
3124 3342
1320 3343
1522 3344
711 3345
935 3346
254 3347
2440 3348
2341 3349
870 3350
679 3351
2019 3352
2397 3353
456 3354
2804 3355
1347 3356
1553 3357
2948 3358
875 3359
536 3360
1698 3361
1133 3362
3345 3363
947 3364
342 3365
1191 3366
1637 3367
3013 3368
315 3369
2233 3370
3074 3371
1714 3372
472 3373
3149 3374
2130 3375
1337 3376
2087 3377
1146 3378
289 3379
834 3380
1415 3381
781 3382
718 3383
2991 3384
3000 3385
1498 3386
1383 3387
1919 3388
35 3389
434 3390
2340 3391
2595 3392
2510 3393
340 3394
3181 3395
1575 3396
1693 3397
572 3398
747 3399
2965 3400
2184 3401
1022 3402
746 3403
255 3404
1732 3405
371 3406
1344 3407
2302 3408
34 3409
2673 3410
519 3411
721 3412
1829 3413
145 3414
1950 3415
1402 3416
1924 3417
1759 3418
218 3419
2674 3420
2180 3421
2580 3422
2135 3423
2840 3424
1430 3425
2499 3426
3154 3427
3073 3428
645 3429
2089 3430
808 3431
587 3432
977 3433
2008 3434
3194 3435
1837 3436
1835 3437
399 3438
1242 3439
106 3440
1412 3441
2558 3442
344 3443
1646 3444
1254 3445
283 3446
71 3447
2192 3448
2539 3449
289 3450
1218 3451
2282 3452
3134 3453
1938 3454
922 3455
607 3456
29 3457
344 3458
2809 3459
1144 3460
2228 3461
802 3462
609 3463
1822 3464
2169 3465
3465 3466
2219 3467
3430 3468
3062 3469
2676 3470
1714 3471
231 3472
675 3473
771 3474
671 3475
2516 3476
1270 3477
1800 3478
1274 3479
1616 3480
3222 3481
2388 3482
1700 3483
2470 3484
2901 3485
245 3486
844 3487
1892 3488
3376 3489
2911 3490
823 3491
2372 3492
142 3493
2768 3494
688 3495
894 3496
3088 3497
2502 3498
567 3499
2709 3500
807 3501
2914 3502
421 3503
2306 3504
677 3505
1474 3506
1506 3507
1175 3508
3507 3509
1054 3510
1195 3511
324 3512
2744 3513
3233 3514
1995 3515
1516 3516
2527 3517
1988 3518
1875 3519
2724 3520
483 3521
1441 3522
1402 3523
1244 3524
1606 3525
2317 3526
1678 3527
547 3528
3366 3529
3508 3530
2304 3531
247 3532
1315 3533
1292 3534
994 3535
3359 3536
785 3537
2311 3538
3094 3539
511 3540
1760 3541
2115 3542
3090 3543
1785 3544
214 3545
1345 3546
2636 3547
2498 3548
389 3549
2361 3550
1700 3551
3547 3552
3282 3553
3133 3554
655 3555
2660 3556
2108 3557
4 3558
1013 3559
2155 3560
812 3561
324 3562
296 3563
3266 3564
3181 3565
1938 3566
2734 3567
2595 3568
2668 3569
226 3570
467 3571
3285 3572
51 3573
1515 3574
1561 3575
1141 3576
2466 3577
783 3578
1964 3579
449 3580
1223 3581
1116 3582
3207 3583
508 3584
2078 3585
162 3586
1762 3587
102 3588
2470 3589
1104 3590
1990 3591
2637 3592
319 3593
3044 3594
885 3595
1299 3596
3307 3597
1638 3598
1544 3599
322 3600
755 3601
2797 3602
1493 3603
304 3604
711 3605
1087 3606
747 3607
1156 3608
450 3609
1764 3610
3471 3611
2201 3612
2537 3613
3478 3614
3129 3615
1251 3616
853 3617
1987 3618
44 3619
1122 3620
2200 3621
3081 3622
1685 3623
1265 3624
3267 3625
3624 3626
270 3627
345 3628
1505 3629
2580 3630
226 3631
2233 3632
1002 3633
1288 3634
243 3635
2332 3636
2726 3637
1110 3638
1186 3639
2968 3640
1438 3641
1036 3642
3344 3643
14 3644
1826 3645
2721 3646
123 3647
1148 3648
3635 3649
1100 3650
1707 3651
3193 3652
3428 3653
2604 3654
1025 3655
455 3656
2865 3657
3592 3658
1952 3659
541 3660
2946 3661
1717 3662
2565 3663
2259 3664
1673 3665
343 3666
2536 3667
3350 3668
1049 3669
702 3670
2949 3671
724 3672
1789 3673
1189 3674
351 3675
2773 3676
364 3677
403 3678
3554 3679
591 3680
339 3681
2459 3682
2509 3683
363 3684
1102 3685
2307 3686
2726 3687
3660 3688
2529 3689
1674 3690
3644 3691
133 3692
3627 3693
45 3694
1428 3695
2630 3696
3213 3697
553 3698
1855 3699
528 3700
1476 3701
3148 3702
2189 3703
3233 3704
3010 3705
168 3706
3233 3707
1453 3708
1210 3709
503 3710
2615 3711
2284 3712
563 3713
611 3714
3658 3715
1179 3716
1723 3717
1412 3718
783 3719
3075 3720
2057 3721
1174 3722
1788 3723
2497 3724
2236 3725
2626 3726
2731 3727
151 3728
861 3729
3719 3730
265 3731
350 3732
1073 3733
2497 3734
3552 3735
496 3736
752 3737
528 3738
343 3739
241 3740
3427 3741
168 3742
3705 3743
3137 3744
2524 3745
3284 3746
2469 3747
2215 3748
1583 3749
1989 3750
1359 3751
223 3752
585 3753
2581 3754
853 3755
87 3756
2455 3757
3736 3758
2591 3759
3700 3760
2430 3761
32 3762
2192 3763
3396 3764
2323 3765
2113 3766
2050 3767
3616 3768
1672 3769
709 3770
2660 3771
1908 3772
2108 3773
287 3774
2428 3775
1788 3776
1289 3777
2179 3778
3054 3779
1850 3780
1742 3781
1233 3782
3542 3783
688 3784
905 3785
2014 3786
2394 3787
1086 3788
1783 3789
2610 3790
1587 3791
1469 3792
818 3793
1177 3794
3395 3795
1681 3796
1517 3797
2076 3798
844 3799
3462 3800
2719 3801
3343 3802
2654 3803
271 3804
2073 3805
3751 3806
2196 3807
598 3808
3441 3809
576 3810
1858 3811
1252 3812
229 3813
2027 3814
2969 3815
2887 3816
3238 3817
3664 3818
1087 3819
3267 3820
1979 3821
881 3822
2700 3823
998 3824
2660 3825
3719 3826
3423 3827
129 3828
3077 3829
2656 3830
1245 3831
3626 3832
2535 3833
3462 3834
1557 3835
2352 3836
702 3837
1569 3838
1059 3839
2663 3840
1021 3841
1654 3842
3537 3843
607 3844
2673 3845
1770 3846
2170 3847
2566 3848
3257 3849
3756 3850
3512 3851
2200 3852
3 3853
3182 3854
3799 3855
1510 3856
177 3857
3128 3858
457 3859
360 3860
1719 3861
733 3862
2767 3863
1979 3864
122 3865
200 3866
476 3867
3850 3868
1662 3869
770 3870
918 3871
1513 3872
2062 3873
3566 3874
1888 3875
740 3876
1515 3877
420 3878
3766 3879
997 3880
430 3881
1420 3882
156 3883
980 3884
1714 3885
688 3886
2461 3887
3752 3888
1881 3889
3096 3890
1982 3891
874 3892
2955 3893
3841 3894
2190 3895
738 3896
43 3897
890 3898
856 3899
370 3900
3527 3901
1206 3902
3519 3903
3695 3904
1586 3905
1024 3906
788 3907
60 3908
518 3909
3090 3910
1574 3911
3208 3912
1205 3913
2192 3914
2883 3915
110 3916
3285 3917
3117 3918
3329 3919
1883 3920
1487 3921
3554 3922
3251 3923
1807 3924
2474 3925
2720 3926
354 3927
2187 3928
3029 3929
2792 3930
3410 3931
2368 3932
1569 3933
1845 3934
1168 3935
1213 3936
1753 3937
2805 3938
2902 3939
198 3940
3183 3941
1931 3942
3687 3943
2510 3944
3321 3945
2102 3946
2393 3947
3938 3948
952 3949
2896 3950
2625 3951
1831 3952
2799 3953
3175 3954
2949 3955
3504 3956
1173 3957
972 3958
1128 3959
2353 3960
4 3961
3000 3962
1437 3963
52 3964
639 3965
3051 3966
2706 3967
951 3968
1497 3969
1247 3970
2456 3971
3656 3972
1549 3973
3755 3974
1453 3975
3365 3976
466 3977
1192 3978
3174 3979
3584 3980
1190 3981
99 3982
1110 3983
2442 3984
3202 3985
1406 3986
2680 3987
1313 3988
695 3989
1782 3990
935 3991
3551 3992
1932 3993
1466 3994
2782 3995
1450 3996
2115 3997
2110 3998
1017 3999
609 4000
2610 4001
551 4002
1708 4003
161 4004
913 4005
2126 4006
112 4007
1405 4008
2174 4009
3541 4010
130 4011
175 4012
2903 4013
2371 4014
1865 4015
803 4016
2919 4017
586 4018
1373 4019
2993 4020
3353 4021
3251 4022
3349 4023
2371 4024
3787 4025
2318 4026
3907 4027
2065 4028
2246 4029
2579 4030
1572 4031
1567 4032
3208 4033
3792 4034
44 4035
452 4036
2177 4037
439 4038
1810 4039
2460 4040
3086 4041
470 4042
3004 4043
416 4044
2260 4045
855 4046
2292 4047
4030 4048
2265 4049
1209 4050
2673 4051
3856 4052
12 4053
3162 4054
3025 4055
551 4056
955 4057
1964 4058
3398 4059
1698 4060
1151 4061
2823 4062
2167 4063
12 4064
1474 4065
1902 4066
3879 4067
1929 4068
3786 4069
1085 4070
1175 4071
2765 4072
2510 4073
124 4074
1595 4075
2053 4076
127 4077
237 4078
2106 4079
2455 4080
2810 4081
3915 4082
2937 4083
807 4084
1243 4085
2258 4086
1694 4087
212 4088
2318 4089
26 4090
2111 4091
1175 4092
3306 4093
1670 4094
1670 4095
107 4096
167 4097
4081 4098
3482 4099
885 4100
2010 4101
2300 4102
2698 4103
2953 4104
1655 4105
2951 4106
1493 4107
2517 4108
2089 4109
3218 4110
1048 4111
892 4112
9 4113
1242 4114
2462 4115
3441 4116
1966 4117
1807 4118
2080 4119
1143 4120
333 4121
1166 4122
447 4123
891 4124
740 4125
1816 4126
603 4127
3536 4128
2808 4129
398 4130
1478 4131
3009 4132
1657 4133
58 4134
3643 4135
1915 4136
671 4137
2190 4138
2486 4139
1571 4140
2787 4141
1792 4142
2057 4143
2618 4144
378 4145
3901 4146
2012 4147
1289 4148
1292 4149
2414 4150
3483 4151
2417 4152
923 4153
2742 4154
3789 4155
3532 4156
3917 4157
4111 4158
1969 4159
361 4160
960 4161
720 4162
150 4163
851 4164
3294 4165
2165 4166
1467 4167
1183 4168
3281 4169
2114 4170
1415 4171
1459 4172
2965 4173
4021 4174
2364 4175
3886 4176
3220 4177
4027 4178
2443 4179
355 4180
740 4181
545 4182
474 4183
2714 4184
3319 4185
1351 4186
3369 4187
396 4188
2689 4189
3631 4190
544 4191
2063 4192
1671 4193
2698 4194
1772 4195
2602 4196
2005 4197
1055 4198
1549 4199
2882 4200
593 4201
4014 4202
2413 4203
937 4204
2274 4205
1296 4206
2942 4207
3969 4208
1817 4209
1967 4210
4097 4211
948 4212
1104 4213
458 4214
200 4215
3142 4216
4047 4217
2985 4218
751 4219
4164 4220
1771 4221
2774 4222
1106 4223
56 4224
2729 4225
395 4226
2280 4227
3034 4228
3675 4229
1089 4230
2928 4231
2703 4232
1440 4233
1175 4234
2773 4235
2551 4236
401 4237
679 4238
2712 4239
2885 4240
951 4241
2299 4242
3774 4243
426 4244
275 4245
1847 4246
2959 4247
1648 4248
2172 4249
2129 4250
4130 4251
3718 4252
295 4253
1611 4254
2766 4255
2300 4256
2861 4257
1642 4258
25 4259
2475 4260
3530 4261
2216 4262
2305 4263
2966 4264
858 4265
2440 4266
2378 4267
4072 4268
1388 4269
2852 4270
1584 4271
723 4272
4096 4273
52 4274
4146 4275
315 4276
534 4277
2494 4278
2408 4279
790 4280
3717 4281
1601 4282
3683 4283
741 4284
4039 4285
1270 4286
3090 4287
877 4288
3613 4289
3538 4290
1135 4291
2619 4292
3265 4293
3284 4294
720 4295
2127 4296
2234 4297
3946 4298
327 4299
199 4300
1647 4301
3220 4302
617 4303
2431 4304
820 4305
332 4306
163 4307
3252 4308
395 4309
3917 4310
1069 4311
2234 4312
749 4313
1582 4314
2871 4315
1239 4316
358 4317
3649 4318
1909 4319
3913 4320
938 4321
1282 4322
2911 4323
3606 4324
1126 4325
4080 4326
3004 4327
1865 4328
2000 4329
2003 4330
1056 4331
1164 4332
2703 4333
1297 4334
1808 4335
651 4336
186 4337
4134 4338
487 4339
1116 4340
1396 4341
3202 4342
3491 4343
4274 4344
382 4345
2445 4346
184 4347
1055 4348
3186 4349
553 4350
3209 4351
2112 4352
3332 4353
2846 4354
753 4355
3593 4356
3773 4357
2782 4358
2873 4359
2867 4360
481 4361
1598 4362
1467 4363
934 4364
585 4365
2042 4366
3908 4367
2437 4368
85 4369
3671 4370
4012 4371
1229 4372
1223 4373
1104 4374
2988 4375
1032 4376
2430 4377
2767 4378
3183 4379
3416 4380
1482 4381
1364 4382
3665 4383
1017 4384
3051 4385
2085 4386
3248 4387
4086 4388
3133 4389
1005 4390
1445 4391
1077 4392
1712 4393
2104 4394
2710 4395
690 4396
1867 4397
494 4398
109 4399
781 4400
2551 4401
631 4402
733 4403
3807 4404
2905 4405
2123 4406
3974 4407
2001 4408
2861 4409
3606 4410
1981 4411
1078 4412
3902 4413
1768 4414
3687 4415
1858 4416
2829 4417
1557 4418
3411 4419
2651 4420
3432 4421
416 4422
546 4423
2817 4424
4189 4425
209 4426
698 4427
2065 4428
3466 4429
315 4430
310 4431
3639 4432
3149 4433
229 4434
1031 4435
616 4436
1194 4437
908 4438
2632 4439
2900 4440
3621 4441
590 4442
2486 4443
191 4444
3265 4445
578 4446
2036 4447
2642 4448
3102 4449
873 4450
3530 4451
4414 4452
427 4453
3076 4454
2496 4455
4332 4456
1404 4457
3730 4458
862 4459
870 4460
3903 4461
3576 4462
2371 4463
3470 4464
1292 4465
483 4466
838 4467
626 4468
630 4469
3968 4470
85 4471
3548 4472
3563 4473
1668 4474
225 4475
253 4476
3098 4477
3989 4478
2751 4479
4320 4480
3192 4481
3250 4482
4014 4483
2580 4484
1327 4485
2744 4486
4191 4487
1874 4488
441 4489
1416 4490
2181 4491
2509 4492
2537 4493
3679 4494
3594 4495
2935 4496
2805 4497
3442 4498
1851 4499
2157 4500
3430 4501
3529 4502
1672 4503
2756 4504
3231 4505
2902 4506
2777 4507
1694 4508
1961 4509
2398 4510
1228 4511
1131 4512
104 4513
1920 4514
3160 4515
2603 4516
3314 4517
1095 4518
1980 4519
3225 4520
541 4521
4235 4522
3368 4523
898 4524
2358 4525
1014 4526
2575 4527
1780 4528
3103 4529
2421 4530
2285 4531
3097 4532
1704 4533
500 4534
1595 4535
2541 4536
4132 4537
648 4538
3393 4539
2744 4540
440 4541
4298 4542
1087 4543
1609 4544
3113 4545
3270 4546
3245 4547
59 4548
1607 4549
2947 4550
555 4551
3137 4552
709 4553
2958 4554
3253 4555
3661 4556
1869 4557
3281 4558
429 4559
2911 4560
155 4561
1273 4562
1883 4563
2009 4564
2840 4565
4018 4566
422 4567
4375 4568
421 4569
3209 4570
2703 4571
1230 4572
2176 4573
4413 4574
344 4575
3792 4576
105 4577
4278 4578
136 4579
4185 4580
3242 4581
3256 4582
2463 4583
4115 4584
540 4585
3750 4586
3365 4587
2741 4588
3020 4589
518 4590
4392 4591
487 4592
1083 4593
2224 4594
1279 4595
2132 4596
675 4597
4342 4598
274 4599
2704 4600
227 4601
108 4602
464 4603
2730 4604
1996 4605
1881 4606
2498 4607
3683 4608
3009 4609
2415 4610
3762 4611
364 4612
1719 4613
2588 4614
1149 4615
1528 4616
4213 4617
757 4618
4537 4619
3894 4620
3386 4621
1501 4622
4592 4623
3191 4624
3205 4625
1933 4626
1775 4627
1671 4628
1060 4629
1003 4630
3878 4631
2219 4632
2125 4633
1058 4634
1946 4635
1983 4636
2490 4637
3362 4638
2831 4639
2703 4640
1049 4641
174 4642
2723 4643
4096 4644
4322 4645
88 4646
3893 4647
2609 4648
909 4649
1910 4650
1049 4651
2381 4652
629 4653
1386 4654
3592 4655
1292 4656
1960 4657
592 4658
3641 4659
3590 4660
363 4661
3370 4662
3995 4663
3272 4664
3546 4665
2266 4666
1621 4667
3644 4668
2238 4669
1256 4670
1666 4671
4423 4672
3481 4673
2462 4674
521 4675
1554 4676
3938 4677
4492 4678
962 4679
2235 4680
1610 4681
3167 4682
2021 4683
3094 4684
2508 4685
1395 4686
1914 4687
4173 4688
107 4689
2140 4690
1012 4691
1412 4692
3761 4693
3341 4694
2729 4695
2744 4696
686 4697
764 4698
366 4699
1567 4700
2781 4701
301 4702
1756 4703
2792 4704
695 4705
313 4706
822 4707
3035 4708
2487 4709
696 4710
3507 4711
442 4712
576 4713
2473 4714
935 4715
3027 4716
334 4717
4534 4718
1746 4719
2574 4720
3407 4721
3619 4722
2780 4723
4260 4724
851 4725
3404 4726
3280 4727
2529 4728
3469 4729
2580 4730
1715 4731
3154 4732
1954 4733
2625 4734
1842 4735
4119 4736
2543 4737
4324 4738
3820 4739
2504 4740
302 4741
1410 4742
2996 4743
2838 4744
1639 4745
3420 4746
314 4747
2329 4748
1741 4749
4717 4750
1534 4751
541 4752
1822 4753
2582 4754
3800 4755
4427 4756
460 4757
3330 4758
4337 4759
3773 4760
1243 4761
925 4762
1628 4763
248 4764
3775 4765
976 4766
3479 4767
143 4768
1456 4769
2161 4770
3497 4771
1039 4772
893 4773
2934 4774
3540 4775
4628 4776
114 4777
547 4778
3265 4779
4335 4780
1565 4781
1432 4782
4027 4783
4167 4784
2766 4785
3037 4786
2731 4787
4218 4788
2363 4789
3218 4790
4500 4791
3454 4792
3728 4793
3663 4794
1894 4795
682 4796
2447 4797
3543 4798
3207 4799
410 4800
2773 4801
1172 4802
2670 4803
4039 4804
2275 4805
2304 4806
1595 4807
3331 4808
2234 4809
1606 4810
1420 4811
2002 4812
390 4813
3653 4814
3755 4815
4136 4816
354 4817
1817 4818
2846 4819
337 4820
4213 4821
52 4822
4813 4823
798 4824
3909 4825
1755 4826
1997 4827
4104 4828
3295 4829
88 4830
2456 4831
3393 4832
1923 4833
1691 4834
1573 4835
2709 4836
1007 4837
3486 4838
283 4839
847 4840
1141 4841
3196 4842
3618 4843
750 4844
1032 4845
4134 4846
717 4847
373 4848
4067 4849
430 4850
3953 4851
360 4852
3061 4853
3300 4854
4354 4855
4597 4856
2687 4857
4250 4858
3907 4859
749 4860
2659 4861
3352 4862
2452 4863
2879 4864
1394 4865
2453 4866
3133 4867
4214 4868
763 4869
2370 4870
1004 4871
3263 4872
4160 4873
65 4874
1977 4875
4582 4876
3546 4877
4771 4878
3282 4879
4035 4880
1433 4881
3896 4882
4668 4883
2049 4884
4295 4885
2086 4886
2975 4887
4684 4888
1959 4889
2253 4890
1846 4891
1745 4892
1808 4893
2928 4894
3963 4895
4370 4896
2589 4897
3843 4898
3447 4899
3181 4900
1080 4901
4820 4902
4064 4903
1255 4904
2201 4905
2184 4906
4384 4907
3323 4908
787 4909
1632 4910
2038 4911
449 4912
2157 4913
4481 4914
3248 4915
1019 4916
576 4917
2669 4918
3785 4919
2238 4920
263 4921
735 4922
435 4923
1649 4924
1060 4925
3212 4926
3140 4927
3901 4928
2920 4929
4762 4930
776 4931
1333 4932
389 4933
530 4934
2093 4935
1814 4936
3856 4937
3842 4938
1748 4939
2266 4940
2828 4941
2491 4942
2988 4943
2763 4944
1498 4945
1130 4946
4629 4947
3204 4948
2830 4949
3745 4950
676 4951
84 4952
374 4953
3540 4954
2755 4955
79 4956
3654 4957
1301 4958
2319 4959
3874 4960
2676 4961
619 4962
797 4963
2223 4964
2669 4965
1703 4966
816 4967
9 4968
4584 4969
1874 4970
7 4971
2810 4972
2973 4973
3004 4974
3164 4975
3726 4976
4214 4977
3140 4978
1481 4979
3318 4980
1671 4981
3553 4982
4589 4983
1850 4984
2420 4985
2329 4986
3519 4987
1845 4988
3599 4989
1635 4990
2596 4991
4975 4992
485 4993
4934 4994
1238 4995
688 4996
3433 4997
132 4998
959 4999
4407 5000
