1 2
1 3
2 4
4 5
4 6
4 7
7 8
2 9
4 10
2 11
5 12
6 13
10 14
13 15
3 16
13 17
8 18
9 19
10 20
14 21
13 22
8 23
6 24
23 25
9 26
8 27
11 28
26 29
10 30
28 31
24 32
22 33
33 34
16 35
9 36
30 37
31 38
3 39
31 40
23 41
3 42
29 43
7 44
20 45
35 46
24 47
22 48
35 49
10 50
21 51
34 52
14 53
15 54
21 55
27 56
43 57
24 58
49 59
16 60
22 61
37 62
43 63
23 64
51 65
46 66
57 67
35 68
35 69
32 70
11 71
2 72
33 73
10 74
66 75
23 76
70 77
13 78
71 79
43 80
60 81
43 82
2 83
33 84
41 85
19 86
85 87
15 88
72 89
55 90
59 91
19 92
44 93
8 94
90 95
84 96
32 97
29 98
32 99
64 100
40 101
93 102
3 103
73 104
32 105
4 106
93 107
74 108
72 109
64 110
40 111
91 112
94 113
91 114
33 115
98 116
99 117
36 118
27 119
34 120
59 121
75 122
92 123
1 124
124 125
58 126
103 127
89 128
41 129
96 130
116 131
97 132
69 133
53 134
44 135
122 136
136 137
30 138
6 139
63 140
55 141
89 142
84 143
5 144
33 145
110 146
123 147
68 148
1 149
71 150
98 151
23 152
62 153
52 154
58 155
82 156
125 157
77 158
62 159
55 160
109 161
33 162
88 163
151 164
104 165
87 166
9 167
136 168
133 169
168 170
31 171
11 172
118 173
59 174
162 175
117 176
64 177
120 178
25 179
164 180
21 181
24 182
22 183
165 184
108 185
37 186
40 187
75 188
159 189
136 190
100 191
154 192
169 193
73 194
72 195
12 196
144 197
26 198
129 199
157 200
73 201
70 202
91 203
118 204
30 205
132 206
164 207
90 208
204 209
74 210
56 211
66 212
93 213
164 214
119 215
103 216
70 217
37 218
210 219
33 220
162 221
164 222
92 223
129 224
116 225
135 226
79 227
163 228
18 229
202 230
223 231
146 232
195 233
97 234
49 235
217 236
227 237
168 238
11 239
36 240
7 241
159 242
94 243
222 244
144 245
92 246
90 247
236 248
39 249
35 250
224 251
226 252
171 253
248 254
17 255
214 256
219 257
134 258
6 259
255 260
208 261
249 262
152 263
159 264
187 265
211 266
82 267
17 268
129 269
19 270
74 271
203 272
111 273
183 274
22 275
265 276
273 277
99 278
230 279
181 280
13 281
6 282
88 283
244 284
27 285
13 286
143 287
239 288
205 289
129 290
154 291
271 292
273 293
211 294
100 295
96 296
229 297
206 298
218 299
250 300
16 301
220 302
207 303
289 304
188 305
142 306
141 307
144 308
119 309
225 310
50 311
44 312
304 313
290 314
241 315
48 316
305 317
266 318
92 319
217 320
266 321
89 322
158 323
114 324
263 325
161 326
5 327
136 328
165 329
69 330
170 331
322 332
243 333
18 334
52 335
238 336
117 337
219 338
296 339
325 340
228 341
310 342
276 343
60 344
120 345
271 346
74 347
346 348
149 349
60 350
195 351
302 352
216 353
331 354
182 355
26 356
130 357
134 358
9 359
155 360
184 361
196 362
123 363
252 364
199 365
193 366
105 367
252 368
290 369
3 370
155 371
111 372
112 373
127 374
336 375
239 376
97 377
363 378
77 379
335 380
104 381
328 382
94 383
241 384
279 385
59 386
318 387
320 388
249 389
67 390
157 391
179 392
299 393
154 394
278 395
243 396
359 397
189 398
75 399
137 400
229 401
54 402
129 403
106 404
350 405
350 406
258 407
199 408
120 409
376 410
8 411
186 412
137 413
75 414
245 415
298 416
47 417
58 418
88 419
313 420
379 421
186 422
17 423
36 424
1 425
264 426
228 427
415 428
405 429
225 430
198 431
123 432
102 433
420 434
299 435
24 436
152 437
100 438
285 439
326 440
108 441
77 442
103 443
259 444
314 445
387 446
15 447
31 448
61 449
201 450
77 451
235 452
173 453
350 454
244 455
350 456
267 457
439 458
23 459
453 460
364 461
443 462
442 463
456 464
301 465
197 466
268 467
280 468
29 469
161 470
101 471
292 472
385 473
136 474
211 475
290 476
218 477
58 478
240 479
131 480
409 481
369 482
220 483
159 484
17 485
283 486
360 487
74 488
362 489
222 490
203 491
485 492
44 493
292 494
477 495
45 496
253 497
347 498
299 499
414 500
433 501
433 502
264 503
356 504
440 505
48 506
185 507
206 508
202 509
504 510
90 511
121 512
348 513
219 514
499 515
49 516
419 517
430 518
152 519
140 520
158 521
311 522
515 523
439 524
330 525
215 526
468 527
485 528
191 529
24 530
342 531
112 532
332 533
394 534
259 535
189 536
203 537
20 538
453 539
204 540
29 541
161 542
308 543
187 544
335 545
526 546
102 547
510 548
366 549
423 550
58 551
347 552
343 553
143 554
97 555
479 556
419 557
523 558
385 559
545 560
26 561
36 562
465 563
478 564
258 565
31 566
400 567
327 568
261 569
191 570
309 571
399 572
133 573
136 574
203 575
60 576
420 577
199 578
460 579
435 580
472 581
567 582
63 583
308 584
67 585
421 586
465 587
421 588
444 589
389 590
301 591
534 592
291 593
348 594
201 595
132 596
28 597
37 598
411 599
466 600
242 601
313 602
167 603
371 604
14 605
208 606
215 607
541 608
166 609
51 610
213 611
438 612
551 613
411 614
374 615
123 616
591 617
102 618
415 619
481 620
393 621
161 622
92 623
361 624
287 625
383 626
261 627
533 628
159 629
120 630
446 631
336 632
113 633
427 634
251 635
201 636
247 637
44 638
383 639
423 640
459 641
233 642
46 643
26 644
46 645
242 646
160 647
563 648
126 649
300 650
524 651
563 652
356 653
397 654
115 655
113 656
524 657
546 658
256 659
637 660
82 661
597 662
375 663
372 664
620 665
655 666
492 667
237 668
370 669
581 670
445 671
113 672
497 673
425 674
115 675
158 676
583 677
311 678
167 679
278 680
520 681
8 682
14 683
31 684
380 685
604 686
575 687
8 688
139 689
494 690
54 691
425 692
194 693
480 694
275 695
651 696
406 697
488 698
545 699
473 700
34 701
523 702
241 703
626 704
157 705
499 706
430 707
328 708
437 709
528 710
700 711
42 712
163 713
472 714
69 715
371 716
439 717
581 718
557 719
486 720
673 721
495 722
621 723
397 724
214 725
132 726
321 727
385 728
448 729
109 730
7 731
698 732
323 733
429 734
437 735
168 736
603 737
625 738
115 739
362 740
528 741
706 742
187 743
34 744
719 745
677 746
119 747
544 748
50 749
182 750
448 751
365 752
570 753
27 754
148 755
622 756
440 757
45 758
365 759
190 760
433 761
410 762
182 763
294 764
213 765
85 766
290 767
442 768
323 769
733 770
648 771
736 772
455 773
673 774
402 775
346 776
277 777
554 778
406 779
500 780
61 781
169 782
88 783
135 784
721 785
9 786
461 787
773 788
669 789
195 790
406 791
401 792
514 793
746 794
47 795
5 796
733 797
416 798
718 799
337 800
640 801
184 802
631 803
372 804
478 805
259 806
202 807
645 808
129 809
236 810
703 811
591 812
423 813
7 814
244 815
436 816
274 817
708 818
222 819
719 820
330 821
267 822
201 823
680 824
182 825
190 826
820 827
537 828
390 829
413 830
85 831
443 832
48 833
560 834
454 835
552 836
37 837
617 838
197 839
295 840
689 841
655 842
434 843
295 844
694 845
413 846
487 847
239 848
388 849
96 850
798 851
102 852
779 853
298 854
681 855
767 856
33 857
720 858
774 859
752 860
354 861
266 862
785 863
590 864
124 865
536 866
662 867
791 868
640 869
131 870
144 871
226 872
780 873
462 874
616 875
685 876
430 877
372 878
718 879
628 880
572 881
742 882
108 883
536 884
620 885
55 886
623 887
664 888
309 889
131 890
701 891
198 892
195 893
321 894
539 895
761 896
890 897
458 898
888 899
650 900
183 901
264 902
806 903
483 904
272 905
699 906
564 907
200 908
591 909
127 910
870 911
715 912
151 913
710 914
194 915
673 916
196 917
764 918
119 919
769 920
267 921
431 922
84 923
471 924
766 925
248 926
763 927
174 928
237 929
538 930
574 931
155 932
646 933
19 934
586 935
298 936
847 937
116 938
167 939
40 940
453 941
844 942
308 943
17 944
811 945
413 946
315 947
582 948
85 949
181 950
346 951
356 952
263 953
601 954
689 955
637 956
671 957
438 958
129 959
739 960
105 961
550 962
788 963
575 964
471 965
85 966
22 967
65 968
686 969
213 970
732 971
676 972
685 973
617 974
583 975
692 976
225 977
971 978
612 979
113 980
873 981
738 982
805 983
801 984
296 985
414 986
688 987
390 988
352 989
609 990
832 991
650 992
167 993
613 994
118 995
277 996
846 997
95 998
872 999
230 1000
371 1001
992 1002
535 1003
52 1004
674 1005
494 1006
309 1007
522 1008
626 1009
821 1010
70 1011
625 1012
244 1013
833 1014
23 1015
811 1016
278 1017
224 1018
508 1019
728 1020
49 1021
125 1022
11 1023
429 1024
694 1025
120 1026
133 1027
831 1028
1024 1029
199 1030
36 1031
43 1032
761 1033
239 1034
956 1035
416 1036
459 1037
729 1038
230 1039
142 1040
195 1041
115 1042
107 1043
733 1044
879 1045
1000 1046
542 1047
465 1048
617 1049
687 1050
67 1051
879 1052
660 1053
893 1054
758 1055
1045 1056
247 1057
768 1058
970 1059
102 1060
172 1061
802 1062
640 1063
918 1064
1015 1065
345 1066
911 1067
161 1068
434 1069
787 1070
31 1071
112 1072
294 1073
161 1074
258 1075
653 1076
99 1077
759 1078
762 1079
195 1080
927 1081
532 1082
524 1083
834 1084
998 1085
747 1086
1019 1087
355 1088
417 1089
706 1090
683 1091
763 1092
797 1093
525 1094
431 1095
281 1096
388 1097
335 1098
301 1099
320 1100
694 1101
456 1102
407 1103
573 1104
689 1105
551 1106
284 1107
676 1108
641 1109
144 1110
842 1111
1099 1112
595 1113
373 1114
479 1115
1039 1116
874 1117
1103 1118
567 1119
50 1120
78 1121
977 1122
143 1123
1086 1124
98 1125
972 1126
177 1127
959 1128
87 1129
5 1130
266 1131
754 1132
1 1133
257 1134
619 1135
1133 1136
477 1137
603 1138
283 1139
1 1140
1028 1141
248 1142
277 1143
698 1144
287 1145
695 1146
913 1147
535 1148
365 1149
164 1150
351 1151
570 1152
100 1153
293 1154
631 1155
976 1156
330 1157
510 1158
631 1159
677 1160
221 1161
947 1162
372 1163
616 1164
340 1165
241 1166
510 1167
439 1168
176 1169
334 1170
72 1171
660 1172
201 1173
676 1174
367 1175
443 1176
173 1177
1176 1178
911 1179
1080 1180
1144 1181
850 1182
800 1183
769 1184
406 1185
530 1186
1145 1187
565 1188
505 1189
1168 1190
522 1191
1081 1192
1165 1193
85 1194
62 1195
313 1196
334 1197
933 1198
957 1199
258 1200
566 1201
353 1202
344 1203
225 1204
1181 1205
875 1206
1166 1207
395 1208
324 1209
982 1210
19 1211
350 1212
498 1213
364 1214
157 1215
800 1216
110 1217
1029 1218
1130 1219
97 1220
212 1221
816 1222
67 1223
551 1224
586 1225
28 1226
919 1227
166 1228
966 1229
1035 1230
1005 1231
529 1232
965 1233
806 1234
1150 1235
751 1236
456 1237
882 1238
843 1239
644 1240
966 1241
1145 1242
1040 1243
192 1244
121 1245
111 1246
739 1247
798 1248
965 1249
242 1250
361 1251
870 1252
423 1253
1171 1254
536 1255
216 1256
1118 1257
1237 1258
850 1259
862 1260
21 1261
492 1262
740 1263
1023 1264
966 1265
1148 1266
975 1267
1151 1268
73 1269
784 1270
1079 1271
1205 1272
416 1273
61 1274
78 1275
717 1276
561 1277
842 1278
590 1279
236 1280
1127 1281
460 1282
1269 1283
293 1284
868 1285
938 1286
877 1287
563 1288
360 1289
224 1290
914 1291
1162 1292
753 1293
465 1294
1166 1295
1290 1296
15 1297
1039 1298
889 1299
865 1300
385 1301
672 1302
350 1303
532 1304
800 1305
1097 1306
432 1307
139 1308
657 1309
1057 1310
1018 1311
270 1312
1280 1313
552 1314
910 1315
167 1316
300 1317
992 1318
723 1319
42 1320
899 1321
1308 1322
879 1323
95 1324
954 1325
820 1326
1158 1327
900 1328
525 1329
148 1330
1157 1331
1273 1332
1122 1333
1145 1334
58 1335
1294 1336
1218 1337
889 1338
456 1339
779 1340
429 1341
925 1342
1257 1343
602 1344
294 1345
424 1346
430 1347
1327 1348
1244 1349
694 1350
327 1351
512 1352
644 1353
111 1354
142 1355
1137 1356
876 1357
9 1358
567 1359
72 1360
673 1361
1351 1362
458 1363
999 1364
793 1365
88 1366
1075 1367
769 1368
2 1369
397 1370
294 1371
1065 1372
1180 1373
1014 1374
135 1375
617 1376
514 1377
879 1378
25 1379
3 1380
143 1381
719 1382
53 1383
1016 1384
610 1385
496 1386
1221 1387
548 1388
1172 1389
1031 1390
325 1391
311 1392
60 1393
50 1394
1394 1395
1290 1396
109 1397
174 1398
124 1399
515 1400
30 1401
935 1402
1235 1403
851 1404
170 1405
560 1406
62 1407
241 1408
708 1409
647 1410
462 1411
480 1412
904 1413
911 1414
973 1415
1086 1416
1058 1417
1296 1418
459 1419
490 1420
567 1421
501 1422
266 1423
237 1424
211 1425
1282 1426
600 1427
788 1428
361 1429
128 1430
211 1431
1060 1432
1373 1433
963 1434
51 1435
369 1436
181 1437
732 1438
895 1439
980 1440
959 1441
146 1442
690 1443
894 1444
15 1445
1293 1446
1058 1447
805 1448
42 1449
995 1450
1248 1451
1156 1452
553 1453
571 1454
310 1455
815 1456
952 1457
768 1458
1017 1459
822 1460
19 1461
296 1462
721 1463
894 1464
1034 1465
1282 1466
383 1467
364 1468
1202 1469
22 1470
826 1471
1007 1472
522 1473
1150 1474
322 1475
179 1476
1474 1477
411 1478
527 1479
839 1480
380 1481
123 1482
604 1483
1062 1484
588 1485
367 1486
810 1487
1206 1488
1178 1489
1325 1490
218 1491
670 1492
883 1493
1072 1494
1443 1495
1251 1496
79 1497
801 1498
1095 1499
260 1500
1047 1501
400 1502
1197 1503
1420 1504
1165 1505
247 1506
442 1507
929 1508
1333 1509
1394 1510
217 1511
655 1512
1287 1513
842 1514
1513 1515
1174 1516
279 1517
1297 1518
738 1519
365 1520
790 1521
1108 1522
1081 1523
227 1524
975 1525
48 1526
884 1527
936 1528
1255 1529
319 1530
979 1531
1257 1532
60 1533
304 1534
1082 1535
669 1536
829 1537
924 1538
749 1539
876 1540
80 1541
255 1542
331 1543
395 1544
287 1545
1168 1546
250 1547
583 1548
569 1549
18 1550
1378 1551
373 1552
1259 1553
1158 1554
336 1555
121 1556
892 1557
473 1558
1457 1559
883 1560
975 1561
97 1562
673 1563
1277 1564
511 1565
258 1566
1546 1567
1117 1568
1063 1569
1523 1570
1191 1571
466 1572
482 1573
914 1574
1016 1575
822 1576
1393 1577
974 1578
767 1579
869 1580
1285 1581
41 1582
154 1583
663 1584
1229 1585
1079 1586
410 1587
475 1588
414 1589
232 1590
869 1591
351 1592
442 1593
1020 1594
450 1595
191 1596
467 1597
418 1598
616 1599
584 1600
1035 1601
492 1602
1543 1603
1013 1604
6 1605
1347 1606
385 1607
1044 1608
725 1609
780 1610
774 1611
968 1612
678 1613
1340 1614
1387 1615
1589 1616
534 1617
1214 1618
1326 1619
206 1620
38 1621
379 1622
672 1623
1454 1624
778 1625
679 1626
865 1627
3 1628
1503 1629
1371 1630
1616 1631
1184 1632
416 1633
1356 1634
547 1635
1087 1636
262 1637
74 1638
1323 1639
1062 1640
905 1641
56 1642
465 1643
496 1644
350 1645
1078 1646
33 1647
807 1648
498 1649
1196 1650
1384 1651
1197 1652
142 1653
752 1654
211 1655
1061 1656
439 1657
821 1658
127 1659
1259 1660
421 1661
1485 1662
1109 1663
599 1664
1286 1665
75 1666
1471 1667
1438 1668
544 1669
860 1670
1292 1671
1034 1672
333 1673
23 1674
688 1675
49 1676
66 1677
1017 1678
62 1679
275 1680
1531 1681
734 1682
412 1683
572 1684
573 1685
1404 1686
1644 1687
996 1688
1661 1689
43 1690
1026 1691
674 1692
955 1693
339 1694
1018 1695
1247 1696
1266 1697
1210 1698
937 1699
508 1700
1584 1701
115 1702
650 1703
481 1704
802 1705
1000 1706
307 1707
939 1708
531 1709
162 1710
1257 1711
138 1712
1347 1713
351 1714
662 1715
769 1716
1266 1717
1126 1718
846 1719
475 1720
169 1721
843 1722
1522 1723
998 1724
726 1725
71 1726
235 1727
803 1728
724 1729
1644 1730
281 1731
1721 1732
775 1733
1364 1734
997 1735
1451 1736
537 1737
907 1738
271 1739
911 1740
1663 1741
506 1742
883 1743
286 1744
727 1745
1540 1746
1310 1747
310 1748
481 1749
1365 1750
1238 1751
1711 1752
403 1753
438 1754
1047 1755
1668 1756
549 1757
1185 1758
402 1759
1344 1760
559 1761
1142 1762
252 1763
1484 1764
1674 1765
400 1766
1395 1767
19 1768
1052 1769
417 1770
136 1771
1568 1772
1193 1773
1762 1774
809 1775
1429 1776
1392 1777
18 1778
548 1779
1121 1780
121 1781
246 1782
915 1783
105 1784
911 1785
1004 1786
364 1787
1648 1788
1407 1789
963 1790
460 1791
1739 1792
86 1793
546 1794
1489 1795
101 1796
143 1797
959 1798
1083 1799
545 1800
1455 1801
1779 1802
788 1803
968 1804
625 1805
1338 1806
1534 1807
666 1808
1054 1809
909 1810
247 1811
444 1812
1091 1813
383 1814
1251 1815
1300 1816
1074 1817
1365 1818
1763 1819
994 1820
78 1821
197 1822
110 1823
661 1824
280 1825
805 1826
792 1827
1775 1828
85 1829
1195 1830
1517 1831
1115 1832
1724 1833
902 1834
1801 1835
157 1836
1639 1837
1705 1838
359 1839
994 1840
1370 1841
1612 1842
899 1843
1578 1844
1362 1845
1095 1846
45 1847
267 1848
1188 1849
871 1850
73 1851
685 1852
812 1853
69 1854
1688 1855
508 1856
1410 1857
404 1858
903 1859
815 1860
60 1861
413 1862
26 1863
681 1864
1045 1865
1551 1866
1222 1867
972 1868
302 1869
523 1870
750 1871
394 1872
1798 1873
1379 1874
1413 1875
1022 1876
861 1877
757 1878
1457 1879
53 1880
5 1881
1832 1882
452 1883
32 1884
151 1885
248 1886
1366 1887
808 1888
794 1889
243 1890
661 1891
327 1892
804 1893
334 1894
1796 1895
514 1896
1119 1897
109 1898
93 1899
322 1900
1336 1901
1085 1902
737 1903
1762 1904
735 1905
1539 1906
1898 1907
952 1908
476 1909
1534 1910
257 1911
527 1912
1247 1913
948 1914
1432 1915
544 1916
1050 1917
1703 1918
543 1919
108 1920
979 1921
773 1922
20 1923
1554 1924
440 1925
1342 1926
647 1927
78 1928
154 1929
1831 1930
392 1931
1437 1932
251 1933
1761 1934
1356 1935
73 1936
1468 1937
1152 1938
202 1939
301 1940
312 1941
1150 1942
778 1943
904 1944
94 1945
1814 1946
1733 1947
1704 1948
594 1949
1408 1950
1240 1951
1792 1952
126 1953
830 1954
655 1955
1887 1956
1584 1957
112 1958
321 1959
1302 1960
170 1961
1258 1962
392 1963
231 1964
844 1965
1166 1966
637 1967
1456 1968
167 1969
292 1970
867 1971
546 1972
1408 1973
1337 1974
1861 1975
1516 1976
279 1977
415 1978
1460 1979
621 1980
276 1981
670 1982
294 1983
1735 1984
1454 1985
667 1986
1599 1987
889 1988
1323 1989
1607 1990
266 1991
760 1992
1128 1993
27 1994
750 1995
648 1996
145 1997
544 1998
870 1999
772 2000
219 2001
1820 2002
476 2003
1314 2004
1392 2005
1872 2006
201 2007
101 2008
1333 2009
389 2010
383 2011
1059 2012
10 2013
276 2014
1261 2015
994 2016
1869 2017
556 2018
36 2019
895 2020
155 2021
434 2022
70 2023
1523 2024
562 2025
461 2026
609 2027
567 2028
205 2029
139 2030
932 2031
268 2032
644 2033
965 2034
894 2035
1117 2036
1853 2037
1253 2038
629 2039
297 2040
1721 2041
1007 2042
1480 2043
251 2044
121 2045
1177 2046
1168 2047
642 2048
1927 2049
199 2050
1033 2051
775 2052
920 2053
634 2054
1103 2055
1786 2056
1 2057
207 2058
59 2059
132 2060
1883 2061
18 2062
1934 2063
855 2064
1600 2065
193 2066
491 2067
578 2068
297 2069
798 2070
914 2071
1340 2072
899 2073
1219 2074
1910 2075
706 2076
523 2077
1506 2078
1329 2079
903 2080
604 2081
1664 2082
137 2083
1426 2084
1472 2085
1056 2086
787 2087
1817 2088
1643 2089
1581 2090
934 2091
1530 2092
404 2093
422 2094
1509 2095
142 2096
175 2097
155 2098
39 2099
1043 2100
2022 2101
221 2102
1728 2103
272 2104
236 2105
1510 2106
449 2107
1096 2108
371 2109
560 2110
1353 2111
194 2112
1341 2113
225 2114
1685 2115
488 2116
492 2117
1748 2118
982 2119
874 2120
216 2121
1906 2122
1536 2123
1737 2124
548 2125
751 2126
134 2127
1260 2128
250 2129
486 2130
983 2131
1069 2132
193 2133
1035 2134
1932 2135
1906 2136
344 2137
1605 2138
513 2139
715 2140
1644 2141
1360 2142
292 2143
1025 2144
604 2145
2069 2146
1758 2147
1650 2148
1141 2149
2073 2150
525 2151
1405 2152
1406 2153
1481 2154
1029 2155
74 2156
479 2157
388 2158
1708 2159
2035 2160
520 2161
1580 2162
2015 2163
526 2164
971 2165
2110 2166
1158 2167
1245 2168
148 2169
1733 2170
238 2171
1956 2172
1366 2173
511 2174
875 2175
561 2176
848 2177
503 2178
1136 2179
150 2180
1962 2181
1831 2182
1222 2183
992 2184
1955 2185
2178 2186
398 2187
1481 2188
200 2189
2068 2190
667 2191
1222 2192
2008 2193
117 2194
102 2195
515 2196
662 2197
485 2198
1114 2199
962 2200
479 2201
926 2202
2093 2203
1006 2204
1745 2205
315 2206
232 2207
1509 2208
1531 2209
306 2210
346 2211
1744 2212
102 2213
1400 2214
1683 2215
618 2216
1409 2217
1366 2218
326 2219
1595 2220
234 2221
1046 2222
2211 2223
2021 2224
1249 2225
643 2226
1251 2227
1911 2228
789 2229
1594 2230
1376 2231
485 2232
1291 2233
644 2234
920 2235
1803 2236
201 2237
2230 2238
1370 2239
69 2240
470 2241
2131 2242
1739 2243
1395 2244
153 2245
846 2246
1685 2247
1311 2248
220 2249
1959 2250
2024 2251
1533 2252
1900 2253
751 2254
696 2255
1831 2256
957 2257
1005 2258
1937 2259
1638 2260
1025 2261
2095 2262
331 2263
960 2264
1415 2265
371 2266
769 2267
449 2268
2105 2269
329 2270
522 2271
2212 2272
1369 2273
718 2274
1873 2275
1665 2276
1566 2277
899 2278
1002 2279
32 2280
1274 2281
2110 2282
167 2283
828 2284
959 2285
141 2286
1465 2287
1298 2288
5 2289
34 2290
478 2291
204 2292
1453 2293
265 2294
1443 2295
1991 2296
1253 2297
456 2298
455 2299
736 2300
1122 2301
1956 2302
1233 2303
419 2304
764 2305
709 2306
1032 2307
2106 2308
1962 2309
2110 2310
953 2311
2219 2312
641 2313
2063 2314
25 2315
1967 2316
2206 2317
59 2318
730 2319
1514 2320
1469 2321
1420 2322
2174 2323
1734 2324
278 2325
178 2326
1296 2327
1822 2328
72 2329
1228 2330
668 2331
1179 2332
364 2333
184 2334
2020 2335
1543 2336
1834 2337
823 2338
569 2339
606 2340
1221 2341
1847 2342
1826 2343
737 2344
542 2345
1238 2346
1048 2347
1173 2348
84 2349
342 2350
555 2351
1346 2352
527 2353
371 2354
2035 2355
775 2356
555 2357
1299 2358
359 2359
978 2360
2239 2361
1882 2362
61 2363
2145 2364
281 2365
1270 2366
1282 2367
531 2368
556 2369
1720 2370
2 2371
127 2372
297 2373
2096 2374
2017 2375
260 2376
1434 2377
1490 2378
44 2379
1458 2380
1974 2381
1957 2382
1549 2383
1239 2384
1258 2385
1308 2386
1112 2387
1505 2388
2060 2389
1172 2390
1461 2391
2093 2392
1949 2393
508 2394
1973 2395
1591 2396
406 2397
1241 2398
338 2399
1056 2400
1854 2401
1856 2402
961 2403
1099 2404
1369 2405
968 2406
958 2407
1284 2408
1027 2409
653 2410
1374 2411
862 2412
2238 2413
2350 2414
308 2415
1596 2416
1503 2417
1371 2418
721 2419
802 2420
844 2421
1110 2422
1764 2423
592 2424
1639 2425
306 2426
1845 2427
654 2428
2270 2429
993 2430
811 2431
44 2432
1115 2433
1082 2434
421 2435
2320 2436
1502 2437
2340 2438
2036 2439
1924 2440
240 2441
1099 2442
16 2443
228 2444
1547 2445
389 2446
1551 2447
392 2448
43 2449
1660 2450
2244 2451
1799 2452
358 2453
2340 2454
1980 2455
188 2456
996 2457
2339 2458
78 2459
482 2460
1769 2461
1728 2462
988 2463
790 2464
1172 2465
940 2466
76 2467
1533 2468
2447 2469
367 2470
640 2471
729 2472
921 2473
514 2474
992 2475
1785 2476
2048 2477
1465 2478
617 2479
522 2480
1834 2481
1922 2482
2330 2483
620 2484
1525 2485
2236 2486
321 2487
2197 2488
677 2489
30 2490
1859 2491
1610 2492
348 2493
1283 2494
1482 2495
1360 2496
1276 2497
373 2498
2371 2499
1746 2500
106 2501
11 2502
768 2503
2499 2504
1375 2505
855 2506
511 2507
2299 2508
2095 2509
439 2510
481 2511
856 2512
1144 2513
1403 2514
2495 2515
689 2516
837 2517
1017 2518
306 2519
1241 2520
1094 2521
523 2522
2061 2523
362 2524
2013 2525
52 2526
1638 2527
959 2528
552 2529
21 2530
1529 2531
108 2532
56 2533
669 2534
597 2535
1156 2536
1478 2537
867 2538
2220 2539
1600 2540
155 2541
1736 2542
2122 2543
807 2544
916 2545
1116 2546
1675 2547
2054 2548
496 2549
1 2550
1073 2551
2070 2552
147 2553
1807 2554
872 2555
1301 2556
166 2557
381 2558
1687 2559
741 2560
343 2561
1265 2562
2061 2563
1762 2564
1851 2565
2458 2566
471 2567
746 2568
2313 2569
905 2570
2340 2571
1030 2572
680 2573
1961 2574
2374 2575
420 2576
1119 2577
2085 2578
177 2579
1605 2580
2359 2581
2253 2582
2464 2583
216 2584
838 2585
98 2586
1452 2587
2322 2588
1640 2589
906 2590
372 2591
1218 2592
1534 2593
1898 2594
1134 2595
1069 2596
428 2597
1138 2598
863 2599
1797 2600
1161 2601
539 2602
1162 2603
121 2604
2139 2605
662 2606
890 2607
757 2608
2318 2609
2419 2610
2399 2611
769 2612
2588 2613
5 2614
802 2615
2336 2616
1184 2617
2166 2618
1423 2619
1666 2620
1187 2621
2216 2622
80 2623
2003 2624
685 2625
2065 2626
199 2627
838 2628
1595 2629
774 2630
2013 2631
1543 2632
883 2633
480 2634
2287 2635
145 2636
2083 2637
798 2638
561 2639
2178 2640
141 2641
1816 2642
2240 2643
2218 2644
942 2645
437 2646
576 2647
1690 2648
18 2649
611 2650
1251 2651
2238 2652
1531 2653
980 2654
2121 2655
1022 2656
768 2657
1941 2658
1130 2659
2310 2660
2289 2661
2414 2662
1081 2663
2638 2664
1428 2665
179 2666
2282 2667
2284 2668
1480 2669
1495 2670
823 2671
774 2672
2321 2673
2491 2674
1150 2675
268 2676
591 2677
1791 2678
2392 2679
1368 2680
2537 2681
1541 2682
2176 2683
350 2684
1706 2685
1399 2686
1306 2687
10 2688
1922 2689
1333 2690
2212 2691
458 2692
1457 2693
1415 2694
554 2695
749 2696
235 2697
1602 2698
2242 2699
14 2700
159 2701
1084 2702
783 2703
927 2704
649 2705
555 2706
2014 2707
168 2708
392 2709
1749 2710
1763 2711
1696 2712
409 2713
230 2714
2376 2715
462 2716
1555 2717
1265 2718
728 2719
2676 2720
1228 2721
1090 2722
872 2723
2314 2724
235 2725
995 2726
732 2727
227 2728
2696 2729
254 2730
379 2731
2227 2732
1981 2733
661 2734
422 2735
1799 2736
2431 2737
2149 2738
1553 2739
1456 2740
2383 2741
561 2742
2159 2743
1683 2744
1195 2745
2561 2746
1636 2747
2504 2748
2217 2749
1588 2750
634 2751
1821 2752
109 2753
1350 2754
1811 2755
1423 2756
24 2757
357 2758
2150 2759
2733 2760
1668 2761
2439 2762
1182 2763
1865 2764
162 2765
1364 2766
956 2767
855 2768
638 2769
1076 2770
722 2771
2354 2772
760 2773
295 2774
2630 2775
2407 2776
819 2777
1736 2778
879 2779
2213 2780
1661 2781
2475 2782
1486 2783
1318 2784
615 2785
1864 2786
320 2787
971 2788
1083 2789
1367 2790
2458 2791
2240 2792
331 2793
2092 2794
950 2795
452 2796
2066 2797
2290 2798
428 2799
1657 2800
963 2801
918 2802
1986 2803
2082 2804
457 2805
582 2806
1969 2807
2370 2808
1508 2809
2240 2810
557 2811
2009 2812
591 2813
2312 2814
1284 2815
143 2816
2678 2817
1163 2818
1838 2819
1673 2820
2817 2821
1472 2822
158 2823
2444 2824
1553 2825
980 2826
2634 2827
1254 2828
340 2829
2315 2830
980 2831
2771 2832
1114 2833
1589 2834
1585 2835
1808 2836
2162 2837
1033 2838
1636 2839
768 2840
2497 2841
1070 2842
1075 2843
385 2844
56 2845
412 2846
1823 2847
1006 2848
1590 2849
1680 2850
750 2851
2484 2852
1921 2853
1923 2854
674 2855
2695 2856
2784 2857
1161 2858
2265 2859
2786 2860
703 2861
1806 2862
971 2863
2607 2864
2169 2865
2579 2866
2335 2867
2145 2868
2418 2869
2301 2870
1038 2871
2736 2872
2206 2873
1239 2874
2812 2875
2152 2876
2109 2877
2107 2878
1616 2879
636 2880
1935 2881
431 2882
2357 2883
2177 2884
1663 2885
2365 2886
527 2887
1076 2888
2323 2889
2274 2890
1732 2891
2518 2892
2762 2893
602 2894
2617 2895
2675 2896
254 2897
2557 2898
2412 2899
388 2900
2340 2901
1615 2902
660 2903
963 2904
1393 2905
2355 2906
2831 2907
691 2908
946 2909
2689 2910
2805 2911
135 2912
1669 2913
75 2914
417 2915
2812 2916
1357 2917
2308 2918
2371 2919
92 2920
246 2921
1084 2922
1109 2923
503 2924
2827 2925
1172 2926
2114 2927
2827 2928
2372 2929
1374 2930
1140 2931
1036 2932
1367 2933
1025 2934
1076 2935
2249 2936
2127 2937
911 2938
139 2939
2129 2940
2878 2941
1924 2942
279 2943
1973 2944
396 2945
2076 2946
2771 2947
1483 2948
522 2949
1568 2950
1567 2951
1828 2952
669 2953
204 2954
860 2955
745 2956
122 2957
1827 2958
2730 2959
2001 2960
243 2961
1435 2962
2534 2963
2158 2964
2241 2965
1016 2966
2799 2967
775 2968
2733 2969
2607 2970
1724 2971
1777 2972
613 2973
2662 2974
503 2975
1614 2976
2434 2977
1812 2978
1544 2979
2634 2980
2450 2981
1374 2982
670 2983
1204 2984
1476 2985
903 2986
35 2987
2955 2988
1 2989
1902 2990
1335 2991
2135 2992
2164 2993
551 2994
1732 2995
1626 2996
588 2997
2883 2998
947 2999
1757 3000
1175 3001
2030 3002
1594 3003
2699 3004
2019 3005
519 3006
2510 3007
817 3008
1649 3009
2545 3010
1360 3011
1020 3012
47 3013
931 3014
215 3015
1641 3016
648 3017
153 3018
2909 3019
2762 3020
757 3021
2076 3022
2123 3023
2371 3024
2660 3025
1582 3026
1575 3027
1555 3028
2980 3029
1854 3030
701 3031
758 3032
1431 3033
669 3034
2648 3035
2732 3036
1264 3037
2072 3038
1399 3039
2426 3040
2876 3041
3003 3042
725 3043
1370 3044
249 3045
2828 3046
374 3047
942 3048
2604 3049
1457 3050
2956 3051
273 3052
484 3053
2849 3054
264 3055
1707 3056
1553 3057
846 3058
1053 3059
1558 3060
200 3061
2752 3062
2594 3063
2688 3064
788 3065
1875 3066
1532 3067
2628 3068
602 3069
1867 3070
1616 3071
2793 3072
1753 3073
143 3074
1447 3075
61 3076
1796 3077
2290 3078
1586 3079
2464 3080
95 3081
2814 3082
3062 3083
960 3084
1445 3085
1947 3086
1945 3087
2036 3088
2068 3089
2247 3090
2726 3091
2491 3092
1753 3093
1513 3094
2079 3095
467 3096
477 3097
1413 3098
3066 3099
3099 3100
1307 3101
2417 3102
1063 3103
528 3104
2515 3105
2871 3106
2608 3107
152 3108
1752 3109
68 3110
1091 3111
720 3112
1529 3113
2325 3114
279 3115
2367 3116
1564 3117
2421 3118
1829 3119
695 3120
1189 3121
1023 3122
2524 3123
2344 3124
2594 3125
91 3126
2977 3127
22 3128
2733 3129
3057 3130
2205 3131
2008 3132
1013 3133
1382 3134
2372 3135
2038 3136
508 3137
901 3138
1941 3139
1680 3140
590 3141
2012 3142
2295 3143
3038 3144
1551 3145
2029 3146
1871 3147
1418 3148
2440 3149
1331 3150
1527 3151
3002 3152
1526 3153
1620 3154
168 3155
1887 3156
2686 3157
3057 3158
416 3159
1334 3160
1537 3161
2786 3162
223 3163
1240 3164
1922 3165
2101 3166
1391 3167
1565 3168
363 3169
2252 3170
1646 3171
1208 3172
374 3173
1645 3174
542 3175
1754 3176
2003 3177
1799 3178
217 3179
1732 3180
1824 3181
1342 3182
2950 3183
1003 3184
1679 3185
1238 3186
833 3187
1363 3188
3100 3189
2793 3190
3090 3191
3007 3192
1842 3193
2029 3194
537 3195
1645 3196
3023 3197
1669 3198
1454 3199
835 3200
2975 3201
874 3202
1577 3203
481 3204
1905 3205
176 3206
1407 3207
1032 3208
863 3209
3056 3210
1437 3211
899 3212
2281 3213
691 3214
1072 3215
2019 3216
917 3217
1748 3218
86 3219
2283 3220
66 3221
611 3222
2905 3223
2900 3224
1462 3225
188 3226
1562 3227
340 3228
3170 3229
541 3230
2821 3231
279 3232
2181 3233
3062 3234
2470 3235
382 3236
2874 3237
1562 3238
101 3239
2102 3240
2663 3241
2255 3242
1587 3243
303 3244
1107 3245
616 3246
2660 3247
2097 3248
2315 3249
1351 3250
2635 3251
435 3252
1419 3253
2373 3254
2092 3255
425 3256
2422 3257
1145 3258
2905 3259
329 3260
2808 3261
191 3262
713 3263
76 3264
1538 3265
324 3266
1709 3267
1879 3268
1462 3269
128 3270
332 3271
1148 3272
2881 3273
2703 3274
2789 3275
263 3276
3028 3277
1857 3278
2499 3279
361 3280
422 3281
576 3282
3229 3283
1811 3284
3159 3285
749 3286
1654 3287
1260 3288
2661 3289
2242 3290
2901 3291
1578 3292
87 3293
1895 3294
1440 3295
2596 3296
1427 3297
1688 3298
2943 3299
2930 3300
2934 3301
2979 3302
692 3303
2760 3304
102 3305
2913 3306
285 3307
729 3308
179 3309
2614 3310
3296 3311
2989 3312
2594 3313
2087 3314
3313 3315
2573 3316
1562 3317
2276 3318
1956 3319
303 3320
2990 3321
2280 3322
2313 3323
1053 3324
3135 3325
1949 3326
1419 3327
2141 3328
1324 3329
1465 3330
2386 3331
841 3332
2078 3333
220 3334
1590 3335
2441 3336
2834 3337
139 3338
3151 3339
3014 3340
2296 3341
2018 3342
689 3343
37 3344
2433 3345
2388 3346
1104 3347
1946 3348
457 3349
3199 3350
3304 3351
2287 3352
2346 3353
434 3354
3310 3355
2213 3356
892 3357
2891 3358
1133 3359
491 3360
894 3361
391 3362
482 3363
1426 3364
732 3365
815 3366
1093 3367
109 3368
511 3369
1152 3370
1965 3371
3076 3372
2876 3373
2056 3374
464 3375
179 3376
2647 3377
1141 3378
1542 3379
180 3380
483 3381
2063 3382
2053 3383
1066 3384
92 3385
507 3386
3070 3387
1855 3388
2286 3389
1038 3390
2388 3391
85 3392
1665 3393
2784 3394
2516 3395
3314 3396
3265 3397
2276 3398
1247 3399
1483 3400
349 3401
2645 3402
3146 3403
360 3404
2277 3405
1530 3406
749 3407
2962 3408
317 3409
2168 3410
1591 3411
2179 3412
732 3413
1976 3414
332 3415
2316 3416
2901 3417
2238 3418
3259 3419
1490 3420
2229 3421
33 3422
2191 3423
2860 3424
1125 3425
2672 3426
3376 3427
1390 3428
319 3429
2032 3430
534 3431
1678 3432
3080 3433
977 3434
433 3435
2126 3436
1521 3437
2138 3438
3428 3439
3258 3440
541 3441
557 3442
2549 3443
1383 3444
1541 3445
546 3446
1195 3447
483 3448
2046 3449
2463 3450
1836 3451
1576 3452
2587 3453
3374 3454
1122 3455
1070 3456
1691 3457
255 3458
2928 3459
2611 3460
1141 3461
2945 3462
783 3463
2010 3464
845 3465
551 3466
2525 3467
1489 3468
1906 3469
942 3470
3348 3471
747 3472
3285 3473
2962 3474
1081 3475
1841 3476
3208 3477
2805 3478
89 3479
562 3480
2053 3481
182 3482
2947 3483
2286 3484
113 3485
465 3486
3016 3487
1549 3488
3417 3489
784 3490
922 3491
3424 3492
364 3493
2713 3494
1436 3495
2434 3496
980 3497
2584 3498
3238 3499
121 3500
2918 3501
1514 3502
533 3503
1745 3504
483 3505
1368 3506
633 3507
1936 3508
2363 3509
291 3510
1457 3511
1375 3512
238 3513
394 3514
2775 3515
2290 3516
2011 3517
3431 3518
2716 3519
740 3520
473 3521
280 3522
11 3523
934 3524
1473 3525
546 3526
2546 3527
672 3528
1177 3529
149 3530
2377 3531
3322 3532
2760 3533
2596 3534
146 3535
1 3536
3261 3537
189 3538
3246 3539
242 3540
1528 3541
1490 3542
2523 3543
3530 3544
2731 3545
225 3546
3527 3547
1446 3548
3399 3549
2846 3550
3026 3551
1451 3552
2360 3553
711 3554
2419 3555
2945 3556
2797 3557
2070 3558
2489 3559
3342 3560
417 3561
2295 3562
1586 3563
3145 3564
82 3565
1210 3566
2398 3567
988 3568
581 3569
294 3570
3503 3571
3373 3572
3080 3573
503 3574
661 3575
1418 3576
3483 3577
268 3578
1340 3579
3129 3580
3529 3581
1575 3582
803 3583
2443 3584
1281 3585
835 3586
1055 3587
2615 3588
2746 3589
3073 3590
43 3591
1232 3592
3219 3593
1173 3594
2897 3595
3565 3596
273 3597
357 3598
236 3599
873 3600
3376 3601
991 3602
2541 3603
1259 3604
1031 3605
988 3606
2950 3607
1941 3608
3387 3609
2602 3610
684 3611
2274 3612
2116 3613
2400 3614
2417 3615
2299 3616
3148 3617
1830 3618
1134 3619
394 3620
1073 3621
2911 3622
2416 3623
442 3624
1021 3625
1684 3626
3464 3627
1311 3628
266 3629
1793 3630
314 3631
303 3632
3457 3633
121 3634
31 3635
974 3636
1440 3637
1445 3638
3058 3639
2708 3640
2324 3641
1201 3642
3004 3643
3200 3644
1084 3645
2817 3646
765 3647
3208 3648
2410 3649
3616 3650
1501 3651
2584 3652
1404 3653
1642 3654
506 3655
2977 3656
972 3657
1202 3658
1751 3659
3023 3660
1806 3661
694 3662
1657 3663
2516 3664
2850 3665
510 3666
2797 3667
2338 3668
1538 3669
2615 3670
2646 3671
2167 3672
850 3673
7 3674
916 3675
2827 3676
2782 3677
1170 3678
2491 3679
727 3680
2755 3681
1492 3682
3429 3683
3389 3684
2143 3685
3342 3686
624 3687
1159 3688
3031 3689
1187 3690
3229 3691
1001 3692
960 3693
1986 3694
3605 3695
3344 3696
1426 3697
1244 3698
1515 3699
945 3700
2858 3701
3656 3702
2406 3703
451 3704
787 3705
45 3706
456 3707
419 3708
1 3709
1665 3710
1614 3711
2825 3712
1300 3713
493 3714
3669 3715
1734 3716
3423 3717
1204 3718
364 3719
3256 3720
1948 3721
1607 3722
2438 3723
2181 3724
1625 3725
3548 3726
3046 3727
1257 3728
1759 3729
3031 3730
1599 3731
2425 3732
2790 3733
2345 3734
3247 3735
1305 3736
664 3737
1001 3738
2991 3739
1749 3740
84 3741
3117 3742
2415 3743
1303 3744
1367 3745
855 3746
2054 3747
2994 3748
2974 3749
3187 3750
2657 3751
1291 3752
2889 3753
108 3754
244 3755
2054 3756
3752 3757
1495 3758
3279 3759
1837 3760
3017 3761
1534 3762
2084 3763
1724 3764
591 3765
139 3766
2578 3767
3312 3768
2430 3769
1161 3770
1646 3771
2589 3772
918 3773
3358 3774
2770 3775
3476 3776
3746 3777
1251 3778
1467 3779
3466 3780
2793 3781
3106 3782
2529 3783
1585 3784
2672 3785
1236 3786
847 3787
1697 3788
3154 3789
3725 3790
2113 3791
2224 3792
3164 3793
876 3794
2439 3795
3066 3796
1390 3797
2785 3798
271 3799
554 3800
1044 3801
147 3802
278 3803
3309 3804
3671 3805
1905 3806
466 3807
2835 3808
1888 3809
1896 3810
2705 3811
2054 3812
512 3813
3583 3814
1347 3815
3666 3816
3496 3817
1951 3818
131 3819
1174 3820
2118 3821
767 3822
676 3823
1685 3824
3732 3825
177 3826
2799 3827
948 3828
2278 3829
2782 3830
2935 3831
125 3832
977 3833
1867 3834
1459 3835
660 3836
565 3837
2182 3838
3209 3839
2592 3840
3793 3841
2956 3842
1969 3843
3119 3844
575 3845
2565 3846
586 3847
1917 3848
1282 3849
1941 3850
743 3851
2185 3852
3819 3853
3601 3854
1426 3855
2672 3856
2184 3857
1736 3858
2905 3859
374 3860
2809 3861
3333 3862
3104 3863
3339 3864
3325 3865
2199 3866
670 3867
3530 3868
3346 3869
691 3870
2919 3871
2459 3872
3354 3873
780 3874
993 3875
101 3876
384 3877
1350 3878
3625 3879
415 3880
165 3881
2975 3882
1487 3883
1947 3884
811 3885
3134 3886
864 3887
461 3888
161 3889
703 3890
3394 3891
577 3892
3421 3893
3125 3894
3446 3895
1371 3896
785 3897
1681 3898
547 3899
3303 3900
2202 3901
1446 3902
3384 3903
211 3904
885 3905
2660 3906
2609 3907
3179 3908
2741 3909
3533 3910
3375 3911
215 3912
2986 3913
2266 3914
1908 3915
1947 3916
848 3917
725 3918
322 3919
2062 3920
650 3921
3055 3922
1012 3923
1976 3924
2097 3925
3036 3926
2297 3927
2615 3928
1887 3929
2499 3930
1002 3931
2041 3932
3571 3933
3357 3934
377 3935
316 3936
2724 3937
1859 3938
528 3939
377 3940
130 3941
816 3942
1773 3943
595 3944
3326 3945
3757 3946
2085 3947
2348 3948
1701 3949
2172 3950
712 3951
2940 3952
1273 3953
3842 3954
1326 3955
2341 3956
576 3957
2738 3958
1257 3959
2904 3960
276 3961
3181 3962
3605 3963
2885 3964
3901 3965
2439 3966
3798 3967
1202 3968
1386 3969
1951 3970
2399 3971
316 3972
2997 3973
2145 3974
2902 3975
1215 3976
1621 3977
325 3978
430 3979
2723 3980
2339 3981
2614 3982
1950 3983
3630 3984
2838 3985
3311 3986
925 3987
1701 3988
2562 3989
1336 3990
2959 3991
2042 3992
3589 3993
2935 3994
3384 3995
3530 3996
2804 3997
2257 3998
3206 3999
1358 4000
775 4001
3696 4002
434 4003
1933 4004
1353 4005
804 4006
2928 4007
3639 4008
2603 4009
3677 4010
842 4011
2557 4012
3576 4013
3505 4014
593 4015
1730 4016
2230 4017
3010 4018
243 4019
3613 4020
532 4021
1904 4022
953 4023
1098 4024
2172 4025
2304 4026
1112 4027
327 4028
2955 4029
2270 4030
3303 4031
2639 4032
284 4033
1985 4034
1084 4035
2283 4036
3588 4037
106 4038
1097 4039
925 4040
2043 4041
540 4042
2885 4043
1620 4044
3649 4045
84 4046
2508 4047
2414 4048
1517 4049
1255 4050
1225 4051
1674 4052
123 4053
3229 4054
2572 4055
417 4056
2206 4057
2360 4058
3931 4059
3592 4060
3715 4061
630 4062
3526 4063
695 4064
543 4065
1134 4066
2686 4067
1477 4068
2697 4069
148 4070
922 4071
319 4072
171 4073
1614 4074
2001 4075
1311 4076
2301 4077
1704 4078
2314 4079
437 4080
1784 4081
2552 4082
11 4083
462 4084
2554 4085
108 4086
2592 4087
3590 4088
2869 4089
3563 4090
3719 4091
3936 4092
2282 4093
3419 4094
1747 4095
2872 4096
270 4097
3940 4098
354 4099
3256 4100
3615 4101
1580 4102
1058 4103
3130 4104
1594 4105
3404 4106
1122 4107
3038 4108
1388 4109
2289 4110
1680 4111
2673 4112
1754 4113
856 4114
1746 4115
614 4116
1607 4117
2661 4118
2651 4119
803 4120
230 4121
2066 4122
982 4123
2138 4124
3471 4125
789 4126
1706 4127
3425 4128
3391 4129
3032 4130
1557 4131
2819 4132
497 4133
2546 4134
829 4135
1219 4136
3139 4137
1152 4138
1552 4139
3696 4140
128 4141
2793 4142
3141 4143
1698 4144
997 4145
2544 4146
1927 4147
830 4148
1578 4149
2454 4150
1619 4151
3725 4152
4152 4153
1497 4154
345 4155
2251 4156
3398 4157
3815 4158
1385 4159
2145 4160
4118 4161
1851 4162
3938 4163
3446 4164
3149 4165
2029 4166
613 4167
3871 4168
1819 4169
1303 4170
794 4171
789 4172
443 4173
4051 4174
3806 4175
1032 4176
3918 4177
2743 4178
4030 4179
2307 4180
3194 4181
261 4182
3332 4183
1044 4184
1983 4185
2679 4186
2133 4187
3956 4188
1083 4189
1678 4190
2815 4191
1694 4192
6 4193
3870 4194
1750 4195
406 4196
113 4197
3712 4198
2523 4199
949 4200
3771 4201
2450 4202
1106 4203
310 4204
2479 4205
3165 4206
628 4207
1812 4208
960 4209
1668 4210
3700 4211
1715 4212
2057 4213
319 4214
117 4215
3556 4216
2562 4217
1136 4218
3063 4219
2916 4220
2318 4221
1131 4222
1856 4223
3435 4224
1484 4225
3462 4226
3110 4227
219 4228
2194 4229
3775 4230
1752 4231
1300 4232
1792 4233
4223 4234
1483 4235
3998 4236
1798 4237
2874 4238
2702 4239
2777 4240
4197 4241
522 4242
2301 4243
3524 4244
117 4245
1698 4246
3937 4247
669 4248
2286 4249
1183 4250
1350 4251
1698 4252
3092 4253
3632 4254
3566 4255
2753 4256
2744 4257
2443 4258
1748 4259
1047 4260
3592 4261
2464 4262
263 4263
797 4264
3433 4265
204 4266
15 4267
1955 4268
92 4269
153 4270
709 4271
2515 4272
4195 4273
4212 4274
224 4275
3040 4276
3056 4277
1866 4278
3019 4279
3470 4280
1173 4281
2853 4282
1563 4283
3040 4284
2511 4285
787 4286
1228 4287
484 4288
450 4289
468 4290
1796 4291
1846 4292
1969 4293
4075 4294
2298 4295
2967 4296
1653 4297
701 4298
848 4299
1568 4300
1599 4301
2986 4302
2982 4303
2576 4304
3986 4305
1745 4306
2153 4307
3775 4308
4238 4309
322 4310
3662 4311
2083 4312
1947 4313
3787 4314
2902 4315
1596 4316
3850 4317
2753 4318
2688 4319
2795 4320
1667 4321
98 4322
2367 4323
1531 4324
3037 4325
1212 4326
4238 4327
787 4328
361 4329
2945 4330
2618 4331
1652 4332
295 4333
1311 4334
1844 4335
1263 4336
2880 4337
2724 4338
1911 4339
317 4340
792 4341
3104 4342
794 4343
2298 4344
1070 4345
3417 4346
282 4347
1410 4348
4237 4349
70 4350
577 4351
3367 4352
2166 4353
513 4354
2115 4355
1333 4356
2275 4357
4265 4358
2958 4359
3846 4360
3418 4361
274 4362
2259 4363
1602 4364
1316 4365
3907 4366
1257 4367
2091 4368
3562 4369
2688 4370
1484 4371
3968 4372
3773 4373
583 4374
3384 4375
1323 4376
3925 4377
486 4378
47 4379
3481 4380
3291 4381
2744 4382
3015 4383
337 4384
2929 4385
3924 4386
854 4387
358 4388
3315 4389
770 4390
1145 4391
3680 4392
569 4393
4148 4394
4062 4395
4297 4396
382 4397
4070 4398
153 4399
2296 4400
1625 4401
1083 4402
324 4403
1897 4404
4158 4405
2243 4406
142 4407
2849 4408
4284 4409
1640 4410
3518 4411
4007 4412
4126 4413
103 4414
328 4415
3396 4416
4315 4417
2746 4418
1309 4419
660 4420
1667 4421
2609 4422
927 4423
440 4424
2527 4425
4096 4426
597 4427
2949 4428
3759 4429
3202 4430
391 4431
2952 4432
2535 4433
921 4434
1618 4435
3691 4436
1663 4437
3618 4438
3450 4439
1948 4440
4120 4441
153 4442
2831 4443
1102 4444
397 4445
1726 4446
1460 4447
4019 4448
2725 4449
2738 4450
1154 4451
3024 4452
815 4453
2419 4454
3357 4455
1641 4456
1628 4457
3600 4458
252 4459
1343 4460
4295 4461
1158 4462
2452 4463
3968 4464
3663 4465
708 4466
3490 4467
28 4468
2083 4469
1950 4470
2420 4471
319 4472
1829 4473
887 4474
4201 4475
3475 4476
1269 4477
2747 4478
4208 4479
1127 4480
869 4481
1209 4482
3856 4483
4134 4484
120 4485
593 4486
3983 4487
2483 4488
2636 4489
608 4490
3924 4491
3207 4492
2099 4493
4236 4494
1543 4495
1767 4496
3956 4497
2973 4498
4380 4499
4498 4500
1238 4501
1847 4502
2178 4503
2118 4504
2596 4505
2285 4506
619 4507
2516 4508
4082 4509
3838 4510
4283 4511
3883 4512
1620 4513
3744 4514
1538 4515
4498 4516
2194 4517
3043 4518
462 4519
4199 4520
3525 4521
2115 4522
1779 4523
1218 4524
1090 4525
1676 4526
1301 4527
2799 4528
1316 4529
3296 4530
2855 4531
393 4532
1933 4533
873 4534
1722 4535
925 4536
900 4537
1876 4538
1523 4539
3840 4540
421 4541
3774 4542
2708 4543
1009 4544
4257 4545
3040 4546
1227 4547
839 4548
2661 4549
2538 4550
684 4551
259 4552
3836 4553
3763 4554
2481 4555
2736 4556
435 4557
3487 4558
631 4559
1003 4560
3006 4561
4159 4562
1753 4563
1971 4564
4370 4565
4390 4566
129 4567
2803 4568
4302 4569
1421 4570
4392 4571
1740 4572
1443 4573
2566 4574
4561 4575
878 4576
2274 4577
2744 4578
1862 4579
1238 4580
2033 4581
1771 4582
399 4583
4494 4584
3849 4585
2256 4586
1348 4587
1344 4588
2128 4589
2963 4590
1684 4591
1178 4592
2964 4593
3996 4594
969 4595
3122 4596
2189 4597
4215 4598
3945 4599
3254 4600
166 4601
4279 4602
75 4603
3107 4604
1258 4605
2183 4606
4313 4607
1862 4608
189 4609
1901 4610
2456 4611
1177 4612
85 4613
450 4614
1573 4615
3976 4616
921 4617
3677 4618
402 4619
2975 4620
4118 4621
4254 4622
1011 4623
2351 4624
3142 4625
3061 4626
3473 4627
2650 4628
1452 4629
2560 4630
3768 4631
4058 4632
2382 4633
4160 4634
3197 4635
2193 4636
2129 4637
3251 4638
3065 4639
3394 4640
2965 4641
2593 4642
2449 4643
419 4644
374 4645
625 4646
2925 4647
168 4648
965 4649
3022 4650
2086 4651
3981 4652
3840 4653
524 4654
4447 4655
636 4656
1356 4657
617 4658
994 4659
3187 4660
1237 4661
69 4662
1131 4663
3457 4664
753 4665
1464 4666
1238 4667
2495 4668
2648 4669
2480 4670
403 4671
4362 4672
3233 4673
4417 4674
2609 4675
112 4676
4617 4677
2379 4678
4677 4679
4165 4680
1701 4681
3559 4682
4123 4683
1144 4684
1131 4685
1149 4686
717 4687
453 4688
2915 4689
3715 4690
3845 4691
1280 4692
1178 4693
1741 4694
3685 4695
2012 4696
297 4697
1870 4698
117 4699
324 4700
4568 4701
651 4702
1737 4703
693 4704
4358 4705
3806 4706
2562 4707
610 4708
2471 4709
2265 4710
163 4711
1175 4712
1197 4713
94 4714
2913 4715
1061 4716
2369 4717
3078 4718
4278 4719
681 4720
143 4721
863 4722
2682 4723
1019 4724
1682 4725
2707 4726
2040 4727
3841 4728
558 4729
3947 4730
4418 4731
1261 4732
3810 4733
4282 4734
3439 4735
1801 4736
4695 4737
4652 4738
1845 4739
3300 4740
4606 4741
308 4742
3017 4743
1826 4744
348 4745
1225 4746
4273 4747
4352 4748
3787 4749
4328 4750
799 4751
837 4752
2354 4753
1986 4754
1136 4755
846 4756
2332 4757
795 4758
2547 4759
873 4760
1971 4761
148 4762
1990 4763
4229 4764
2089 4765
629 4766
69 4767
2753 4768
4588 4769
547 4770
2246 4771
2979 4772
1571 4773
3240 4774
4305 4775
4726 4776
3123 4777
2954 4778
2101 4779
924 4780
990 4781
3586 4782
4286 4783
132 4784
2122 4785
3347 4786
1626 4787
3005 4788
1718 4789
3571 4790
1872 4791
3827 4792
4118 4793
3893 4794
4496 4795
2065 4796
3412 4797
4209 4798
3637 4799
928 4800
1365 4801
3908 4802
607 4803
4739 4804
4213 4805
4405 4806
4702 4807
3580 4808
2040 4809
283 4810
3486 4811
2876 4812
2822 4813
3088 4814
2378 4815
155 4816
3034 4817
1077 4818
199 4819
3751 4820
3765 4821
3340 4822
1450 4823
3137 4824
2260 4825
527 4826
1201 4827
3127 4828
1533 4829
2410 4830
239 4831
4047 4832
673 4833
1442 4834
1394 4835
4115 4836
4205 4837
4007 4838
552 4839
494 4840
2560 4841
2860 4842
3859 4843
3386 4844
4027 4845
1612 4846
4731 4847
245 4848
196 4849
3619 4850
3093 4851
4702 4852
4400 4853
1410 4854
2161 4855
1088 4856
3114 4857
1936 4858
1972 4859
2221 4860
145 4861
3145 4862
448 4863
4549 4864
310 4865
721 4866
177 4867
391 4868
510 4869
3959 4870
1658 4871
3530 4872
748 4873
3812 4874
564 4875
1407 4876
1755 4877
4445 4878
2067 4879
1589 4880
2794 4881
1654 4882
894 4883
2497 4884
312 4885
3432 4886
336 4887
554 4888
1130 4889
4669 4890
3749 4891
2237 4892
4275 4893
2700 4894
3236 4895
4195 4896
4685 4897
4391 4898
2228 4899
347 4900
3046 4901
3713 4902
2563 4903
3679 4904
873 4905
4601 4906
146 4907
4016 4908
3363 4909
4110 4910
1441 4911
572 4912
4261 4913
2331 4914
1709 4915
4616 4916
2644 4917
4624 4918
3349 4919
4573 4920
2936 4921
4873 4922
3748 4923
4636 4924
3905 4925
2563 4926
3999 4927
1406 4928
1933 4929
630 4930
258 4931
920 4932
2725 4933
598 4934
3024 4935
2069 4936
1830 4937
1340 4938
661 4939
3306 4940
3160 4941
2721 4942
3752 4943
2605 4944
3403 4945
3137 4946
4649 4947
1520 4948
4486 4949
1653 4950
962 4951
465 4952
4912 4953
4298 4954
4759 4955
1208 4956
4292 4957
3466 4958
2511 4959
3219 4960
2217 4961
3958 4962
3108 4963
1997 4964
1791 4965
199 4966
4842 4967
3880 4968
1784 4969
1734 4970
1055 4971
1587 4972
3930 4973
2983 4974
4922 4975
3129 4976
1961 4977
774 4978
4127 4979
4352 4980
890 4981
4555 4982
2285 4983
3762 4984
4235 4985
1225 4986
1533 4987
4494 4988
102 4989
1342 4990
2264 4991
4532 4992
4101 4993
193 4994
4597 4995
671 4996
2361 4997
4677 4998
1363 4999
1115 5000
