1 2
1 3
2 4
2 5
5 6
4 7
1 8
2 9
1 10
1 11
2 12
6 13
9 14
12 15
13 16
1 17
12 18
8 19
10 20
3 21
3 22
16 23
5 24
11 25
12 26
3 27
10 28
10 29
28 30
10 31
27 32
18 33
10 34
22 35
6 36
25 37
2 38
28 39
27 40
4 41
5 42
31 43
17 44
27 45
29 46
45 47
31 48
22 49
45 50
24 51
25 52
41 53
33 54
10 55
1 56
30 57
12 58
51 59
51 60
35 61
38 62
1 63
8 64
32 65
12 66
62 67
45 68
56 69
37 70
70 71
61 72
65 73
58 74
30 75
28 76
68 77
52 78
49 79
5 80
47 81
32 82
16 83
6 84
31 85
2 86
55 87
52 88
8 89
35 90
4 91
64 92
42 93
61 94
7 95
70 96
35 97
88 98
92 99
47 100
3 101
63 102
77 103
31 104
36 105
102 106
48 107
56 108
21 109
79 110
30 111
88 112
100 113
101 114
85 115
102 116
61 117
92 118
83 119
78 120
76 121
27 122
74 123
116 124
71 125
23 126
5 127
57 128
110 129
64 130
40 131
5 132
30 133
92 134
3 135
25 136
103 137
38 138
11 139
126 140
105 141
96 142
140 143
59 144
99 145
51 146
52 147
102 148
74 149
132 150
142 151
93 152
21 153
63 154
64 155
6 156
70 157
37 158
42 159
57 160
142 161
143 162
19 163
99 164
10 165
11 166
95 167
37 168
140 169
108 170
126 171
83 172
19 173
164 174
111 175
71 176
35 177
48 178
160 179
178 180
43 181
7 182
169 183
73 184
80 185
176 186
165 187
74 188
13 189
107 190
148 191
162 192
124 193
94 194
12 195
45 196
57 197
49 198
38 199
102 200
30 201
54 202
162 203
137 204
157 205
151 206
66 207
183 208
112 209
114 210
135 211
34 212
122 213
54 214
13 215
59 216
184 217
52 218
137 219
168 220
173 221
10 222
210 223
222 224
69 225
89 226
121 227
152 228
48 229
159 230
65 231
157 232
65 233
157 234
140 235
113 236
21 237
207 238
38 239
42 240
120 241
50 242
233 243
170 244
98 245
234 246
211 247
40 248
69 249
28 250
4 251
186 252
29 253
66 254
54 255
35 256
108 257
243 258
82 259
167 260
161 261
257 262
110 263
242 264
52 265
159 266
213 267
244 268
105 269
46 270
1 271
72 272
85 273
271 274
198 275
117 276
267 277
133 278
123 279
199 280
119 281
92 282
73 283
205 284
30 285
284 286
100 287
15 288
57 289
133 290
180 291
185 292
161 293
280 294
201 295
246 296
290 297
124 298
39 299
288 300
272 301
226 302
165 303
242 304
40 305
299 306
97 307
152 308
244 309
126 310
25 311
26 312
179 313
134 314
93 315
256 316
308 317
37 318
132 319
287 320
237 321
282 322
30 323
163 324
235 325
100 326
216 327
110 328
128 329
269 330
129 331
64 332
76 333
114 334
66 335
74 336
165 337
3 338
144 339
312 340
57 341
87 342
253 343
15 344
247 345
70 346
287 347
330 348
52 349
6 350
234 351
27 352
235 353
75 354
50 355
302 356
183 357
206 358
210 359
308 360
95 361
45 362
125 363
185 364
195 365
209 366
44 367
45 368
56 369
365 370
151 371
82 372
167 373
312 374
227 375
206 376
276 377
144 378
216 379
376 380
112 381
302 382
299 383
306 384
164 385
340 386
76 387
11 388
379 389
296 390
74 391
49 392
339 393
119 394
9 395
241 396
304 397
134 398
213 399
263 400
14 401
53 402
252 403
294 404
63 405
32 406
386 407
399 408
25 409
16 410
323 411
352 412
123 413
381 414
215 415
380 416
265 417
336 418
141 419
57 420
38 421
101 422
167 423
3 424
283 425
6 426
330 427
92 428
400 429
171 430
1 431
200 432
345 433
392 434
82 435
250 436
306 437
313 438
81 439
121 440
182 441
369 442
323 443
191 444
232 445
298 446
280 447
92 448
249 449
362 450
102 451
303 452
309 453
131 454
392 455
413 456
114 457
101 458
133 459
362 460
415 461
123 462
48 463
136 464
123 465
164 466
411 467
367 468
34 469
247 470
79 471
377 472
288 473
95 474
174 475
60 476
453 477
333 478
353 479
13 480
138 481
410 482
376 483
293 484
124 485
48 486
81 487
349 488
182 489
206 490
397 491
311 492
205 493
167 494
168 495
86 496
111 497
186 498
363 499
452 500
142 501
422 502
350 503
182 504
1 505
112 506
476 507
300 508
455 509
271 510
361 511
116 512
309 513
304 514
328 515
191 516
331 517
410 518
6 519
499 520
27 521
403 522
499 523
101 524
446 525
519 526
88 527
419 528
58 529
372 530
480 531
349 532
325 533
421 534
161 535
321 536
380 537
104 538
282 539
446 540
218 541
76 542
245 543
142 544
124 545
529 546
469 547
12 548
221 549
65 550
62 551
86 552
435 553
203 554
455 555
356 556
524 557
83 558
482 559
407 560
16 561
361 562
538 563
334 564
33 565
166 566
388 567
428 568
469 569
125 570
101 571
361 572
415 573
306 574
513 575
200 576
333 577
577 578
224 579
560 580
194 581
407 582
420 583
523 584
95 585
160 586
7 587
218 588
272 589
281 590
497 591
23 592
470 593
33 594
250 595
529 596
358 597
436 598
176 599
554 600
400 601
351 602
397 603
467 604
146 605
194 606
324 607
489 608
368 609
201 610
536 611
570 612
492 613
108 614
476 615
378 616
262 617
52 618
256 619
76 620
429 621
457 622
591 623
258 624
32 625
134 626
284 627
578 628
519 629
180 630
468 631
262 632
32 633
436 634
533 635
633 636
495 637
256 638
284 639
379 640
625 641
160 642
287 643
383 644
507 645
136 646
242 647
14 648
46 649
384 650
419 651
303 652
362 653
50 654
435 655
341 656
651 657
574 658
245 659
531 660
158 661
346 662
377 663
445 664
421 665
122 666
230 667
426 668
161 669
632 670
615 671
475 672
202 673
139 674
57 675
262 676
152 677
528 678
136 679
219 680
221 681
467 682
17 683
455 684
30 685
38 686
675 687
385 688
646 689
608 690
543 691
643 692
248 693
511 694
42 695
654 696
236 697
468 698
563 699
560 700
83 701
636 702
626 703
347 704
384 705
243 706
186 707
88 708
103 709
382 710
203 711
574 712
662 713
178 714
234 715
638 716
137 717
66 718
568 719
497 720
697 721
86 722
599 723
569 724
605 725
436 726
258 727
508 728
450 729
363 730
420 731
580 732
340 733
703 734
115 735
692 736
71 737
250 738
208 739
139 740
179 741
129 742
280 743
675 744
173 745
103 746
255 747
534 748
216 749
312 750
484 751
360 752
271 753
32 754
155 755
336 756
562 757
120 758
258 759
682 760
474 761
572 762
462 763
232 764
500 765
307 766
695 767
342 768
519 769
449 770
140 771
585 772
532 773
752 774
330 775
687 776
648 777
395 778
14 779
740 780
95 781
182 782
190 783
307 784
92 785
574 786
720 787
757 788
639 789
728 790
317 791
512 792
425 793
244 794
370 795
649 796
470 797
308 798
346 799
370 800
31 801
325 802
508 803
491 804
428 805
696 806
322 807
579 808
36 809
748 810
18 811
594 812
583 813
420 814
616 815
370 816
478 817
685 818
423 819
120 820
99 821
602 822
229 823
506 824
575 825
373 826
583 827
269 828
808 829
278 830
242 831
676 832
194 833
287 834
789 835
483 836
782 837
680 838
425 839
161 840
113 841
527 842
462 843
309 844
700 845
797 846
575 847
686 848
385 849
423 850
794 851
111 852
299 853
407 854
726 855
789 856
542 857
517 858
202 859
117 860
406 861
586 862
694 863
447 864
757 865
282 866
409 867
789 868
248 869
60 870
139 871
791 872
340 873
424 874
854 875
305 876
681 877
435 878
437 879
40 880
514 881
396 882
52 883
836 884
32 885
285 886
794 887
605 888
712 889
860 890
329 891
400 892
859 893
125 894
39 895
834 896
655 897
466 898
787 899
631 900
248 901
269 902
457 903
374 904
243 905
28 906
705 907
164 908
602 909
484 910
385 911
624 912
790 913
411 914
71 915
637 916
787 917
438 918
60 919
671 920
297 921
338 922
110 923
871 924
31 925
670 926
845 927
679 928
681 929
178 930
656 931
133 932
340 933
765 934
2 935
774 936
571 937
257 938
370 939
344 940
744 941
391 942
218 943
306 944
518 945
108 946
642 947
326 948
687 949
640 950
178 951
45 952
330 953
861 954
822 955
687 956
790 957
167 958
625 959
98 960
478 961
111 962
216 963
669 964
378 965
409 966
110 967
531 968
961 969
289 970
92 971
443 972
749 973
716 974
95 975
384 976
943 977
228 978
908 979
726 980
843 981
479 982
10 983
579 984
766 985
418 986
309 987
318 988
631 989
602 990
171 991
511 992
810 993
202 994
816 995
646 996
931 997
613 998
246 999
703 1000
537 1001
519 1002
354 1003
577 1004
534 1005
966 1006
394 1007
1005 1008
62 1009
915 1010
781 1011
35 1012
473 1013
356 1014
928 1015
519 1016
31 1017
748 1018
439 1019
112 1020
294 1021
80 1022
90 1023
435 1024
92 1025
357 1026
300 1027
964 1028
457 1029
327 1030
1014 1031
469 1032
158 1033
964 1034
294 1035
521 1036
945 1037
816 1038
1036 1039
343 1040
542 1041
754 1042
581 1043
26 1044
838 1045
356 1046
276 1047
316 1048
530 1049
412 1050
451 1051
918 1052
533 1053
32 1054
221 1055
220 1056
466 1057
928 1058
966 1059
843 1060
862 1061
998 1062
385 1063
699 1064
492 1065
116 1066
128 1067
878 1068
791 1069
999 1070
338 1071
99 1072
204 1073
544 1074
553 1075
420 1076
153 1077
112 1078
262 1079
134 1080
1039 1081
199 1082
738 1083
765 1084
862 1085
142 1086
559 1087
416 1088
78 1089
357 1090
884 1091
401 1092
454 1093
950 1094
556 1095
357 1096
497 1097
137 1098
984 1099
353 1100
867 1101
779 1102
68 1103
822 1104
929 1105
1022 1106
911 1107
1030 1108
768 1109
767 1110
177 1111
703 1112
400 1113
370 1114
296 1115
422 1116
955 1117
678 1118
323 1119
735 1120
56 1121
646 1122
402 1123
264 1124
1018 1125
193 1126
1066 1127
377 1128
639 1129
1043 1130
1102 1131
510 1132
159 1133
646 1134
852 1135
647 1136
841 1137
754 1138
983 1139
845 1140
210 1141
30 1142
774 1143
830 1144
733 1145
241 1146
230 1147
167 1148
66 1149
515 1150
822 1151
611 1152
1036 1153
502 1154
1128 1155
527 1156
6 1157
1013 1158
812 1159
810 1160
455 1161
961 1162
40 1163
298 1164
685 1165
104 1166
57 1167
729 1168
81 1169
127 1170
955 1171
797 1172
213 1173
581 1174
704 1175
389 1176
86 1177
982 1178
835 1179
1167 1180
904 1181
360 1182
299 1183
84 1184
443 1185
462 1186
48 1187
523 1188
771 1189
549 1190
342 1191
327 1192
539 1193
761 1194
94 1195
22 1196
156 1197
26 1198
445 1199
148 1200
762 1201
270 1202
579 1203
191 1204
672 1205
887 1206
461 1207
1154 1208
19 1209
841 1210
852 1211
754 1212
254 1213
606 1214
130 1215
143 1216
733 1217
53 1218
138 1219
45 1220
412 1221
432 1222
1209 1223
68 1224
129 1225
1119 1226
703 1227
68 1228
316 1229
359 1230
913 1231
1123 1232
262 1233
599 1234
1216 1235
126 1236
1035 1237
1045 1238
859 1239
1088 1240
40 1241
160 1242
359 1243
139 1244
326 1245
648 1246
1129 1247
1013 1248
248 1249
1075 1250
374 1251
679 1252
558 1253
127 1254
7 1255
192 1256
1064 1257
532 1258
1002 1259
119 1260
1152 1261
1186 1262
40 1263
130 1264
809 1265
1075 1266
127 1267
284 1268
413 1269
66 1270
235 1271
140 1272
759 1273
807 1274
1077 1275
1226 1276
280 1277
1017 1278
886 1279
454 1280
722 1281
1035 1282
451 1283
1267 1284
1014 1285
516 1286
953 1287
465 1288
1207 1289
133 1290
946 1291
115 1292
18 1293
639 1294
712 1295
649 1296
1069 1297
1203 1298
1081 1299
103 1300
41 1301
535 1302
830 1303
392 1304
681 1305
1116 1306
1206 1307
266 1308
981 1309
642 1310
52 1311
1258 1312
718 1313
21 1314
803 1315
292 1316
865 1317
689 1318
1209 1319
1178 1320
1311 1321
809 1322
387 1323
1130 1324
373 1325
806 1326
695 1327
657 1328
932 1329
976 1330
794 1331
1322 1332
1034 1333
1189 1334
534 1335
341 1336
1019 1337
141 1338
249 1339
476 1340
724 1341
546 1342
438 1343
297 1344
260 1345
784 1346
443 1347
902 1348
80 1349
748 1350
238 1351
989 1352
566 1353
1345 1354
813 1355
940 1356
1085 1357
468 1358
696 1359
335 1360
842 1361
1220 1362
134 1363
1321 1364
1345 1365
687 1366
508 1367
269 1368
961 1369
345 1370
33 1371
350 1372
819 1373
371 1374
1107 1375
713 1376
652 1377
1315 1378
349 1379
765 1380
609 1381
1259 1382
144 1383
891 1384
206 1385
626 1386
585 1387
575 1388
605 1389
227 1390
863 1391
1286 1392
1232 1393
84 1394
686 1395
1377 1396
1005 1397
129 1398
1033 1399
733 1400
414 1401
1276 1402
1379 1403
1342 1404
1155 1405
480 1406
1228 1407
1079 1408
1289 1409
645 1410
100 1411
522 1412
610 1413
576 1414
958 1415
1170 1416
123 1417
233 1418
768 1419
1341 1420
78 1421
915 1422
1263 1423
1001 1424
1046 1425
1195 1426
8 1427
1188 1428
861 1429
923 1430
12 1431
80 1432
584 1433
556 1434
22 1435
55 1436
1189 1437
17 1438
1367 1439
363 1440
1074 1441
747 1442
307 1443
451 1444
1056 1445
456 1446
551 1447
279 1448
85 1449
969 1450
1417 1451
273 1452
667 1453
1343 1454
209 1455
888 1456
85 1457
212 1458
90 1459
164 1460
594 1461
265 1462
245 1463
104 1464
202 1465
1449 1466
767 1467
1307 1468
1134 1469
1425 1470
154 1471
1366 1472
52 1473
270 1474
1170 1475
535 1476
1221 1477
434 1478
913 1479
917 1480
628 1481
344 1482
1036 1483
521 1484
648 1485
291 1486
576 1487
379 1488
1154 1489
409 1490
821 1491
1406 1492
1359 1493
732 1494
639 1495
1403 1496
265 1497
918 1498
966 1499
1360 1500
356 1501
980 1502
390 1503
112 1504
205 1505
202 1506
1051 1507
193 1508
1112 1509
640 1510
236 1511
1477 1512
842 1513
61 1514
186 1515
137 1516
905 1517
1012 1518
1081 1519
977 1520
1395 1521
478 1522
22 1523
105 1524
464 1525
403 1526
230 1527
1260 1528
1370 1529
696 1530
1130 1531
574 1532
475 1533
374 1534
722 1535
216 1536
1258 1537
708 1538
842 1539
156 1540
66 1541
497 1542
87 1543
64 1544
358 1545
972 1546
101 1547
1285 1548
69 1549
193 1550
2 1551
1483 1552
863 1553
1525 1554
409 1555
106 1556
1455 1557
203 1558
85 1559
583 1560
63 1561
385 1562
1093 1563
60 1564
1006 1565
106 1566
433 1567
1090 1568
885 1569
1278 1570
637 1571
1421 1572
472 1573
1172 1574
401 1575
300 1576
487 1577
754 1578
1515 1579
18 1580
210 1581
39 1582
1000 1583
182 1584
612 1585
1417 1586
286 1587
1188 1588
579 1589
877 1590
1121 1591
218 1592
1100 1593
221 1594
1351 1595
168 1596
834 1597
1270 1598
1043 1599
1131 1600
1030 1601
1203 1602
596 1603
460 1604
1524 1605
1571 1606
467 1607
1048 1608
1326 1609
1084 1610
378 1611
648 1612
29 1613
1524 1614
646 1615
437 1616
1477 1617
311 1618
1204 1619
850 1620
1186 1621
100 1622
388 1623
183 1624
206 1625
667 1626
317 1627
606 1628
881 1629
952 1630
877 1631
628 1632
1426 1633
1208 1634
152 1635
866 1636
708 1637
813 1638
233 1639
173 1640
414 1641
1127 1642
1419 1643
422 1644
952 1645
731 1646
158 1647
870 1648
74 1649
961 1650
1312 1651
775 1652
1024 1653
34 1654
184 1655
663 1656
1045 1657
68 1658
1558 1659
917 1660
944 1661
898 1662
497 1663
88 1664
536 1665
828 1666
282 1667
594 1668
110 1669
173 1670
196 1671
1434 1672
635 1673
698 1674
831 1675
1188 1676
88 1677
662 1678
226 1679
744 1680
21 1681
435 1682
1185 1683
620 1684
476 1685
720 1686
731 1687
714 1688
260 1689
1444 1690
1255 1691
922 1692
152 1693
1645 1694
308 1695
1469 1696
1571 1697
1310 1698
530 1699
1470 1700
427 1701
155 1702
97 1703
410 1704
97 1705
520 1706
1246 1707
1310 1708
324 1709
930 1710
161 1711
645 1712
624 1713
751 1714
678 1715
1301 1716
953 1717
880 1718
734 1719
90 1720
361 1721
62 1722
502 1723
738 1724
1075 1725
1456 1726
212 1727
1651 1728
1118 1729
859 1730
640 1731
727 1732
691 1733
768 1734
599 1735
309 1736
731 1737
23 1738
284 1739
1370 1740
705 1741
45 1742
13 1743
850 1744
1297 1745
560 1746
1621 1747
500 1748
1023 1749
1080 1750
128 1751
606 1752
1708 1753
512 1754
1530 1755
1694 1756
1701 1757
1427 1758
182 1759
844 1760
1525 1761
279 1762
21 1763
233 1764
1525 1765
261 1766
34 1767
545 1768
1584 1769
1244 1770
444 1771
854 1772
818 1773
840 1774
136 1775
259 1776
206 1777
792 1778
588 1779
1188 1780
1041 1781
1295 1782
1760 1783
636 1784
313 1785
31 1786
1364 1787
1104 1788
1472 1789
1313 1790
1520 1791
1297 1792
177 1793
74 1794
279 1795
751 1796
1001 1797
1784 1798
271 1799
1675 1800
847 1801
131 1802
1798 1803
140 1804
329 1805
373 1806
121 1807
148 1808
1271 1809
821 1810
1664 1811
327 1812
104 1813
725 1814
76 1815
1586 1816
1808 1817
1009 1818
7 1819
177 1820
576 1821
1756 1822
1323 1823
877 1824
1123 1825
54 1826
837 1827
337 1828
1729 1829
1223 1830
1115 1831
549 1832
1396 1833
26 1834
1576 1835
1757 1836
919 1837
885 1838
1170 1839
1581 1840
1551 1841
257 1842
281 1843
1301 1844
341 1845
1144 1846
1252 1847
1534 1848
1507 1849
776 1850
884 1851
499 1852
1662 1853
415 1854
1852 1855
592 1856
793 1857
1459 1858
1458 1859
838 1860
290 1861
593 1862
1567 1863
719 1864
840 1865
1123 1866
1339 1867
533 1868
314 1869
1699 1870
774 1871
1354 1872
818 1873
1541 1874
467 1875
976 1876
1561 1877
733 1878
854 1879
409 1880
712 1881
485 1882
85 1883
1471 1884
1555 1885
1105 1886
81 1887
1037 1888
1669 1889
1405 1890
869 1891
157 1892
778 1893
1373 1894
672 1895
1727 1896
765 1897
1211 1898
9 1899
319 1900
1470 1901
298 1902
1768 1903
1781 1904
1743 1905
882 1906
417 1907
77 1908
1687 1909
1585 1910
1189 1911
1482 1912
562 1913
469 1914
1820 1915
280 1916
1233 1917
213 1918
318 1919
1791 1920
748 1921
366 1922
538 1923
1853 1924
1465 1925
1120 1926
1596 1927
1275 1928
1316 1929
1266 1930
445 1931
158 1932
942 1933
1721 1934
768 1935
1320 1936
1485 1937
207 1938
85 1939
161 1940
513 1941
842 1942
902 1943
1711 1944
920 1945
1639 1946
78 1947
1666 1948
1404 1949
422 1950
232 1951
1460 1952
1598 1953
1140 1954
1236 1955
1141 1956
1740 1957
1701 1958
1852 1959
1705 1960
110 1961
103 1962
797 1963
1010 1964
864 1965
1580 1966
1920 1967
1502 1968
1714 1969
869 1970
1952 1971
1130 1972
473 1973
416 1974
580 1975
435 1976
1728 1977
440 1978
871 1979
1866 1980
1135 1981
1851 1982
303 1983
616 1984
772 1985
466 1986
1134 1987
965 1988
1588 1989
414 1990
299 1991
773 1992
1491 1993
1953 1994
7 1995
856 1996
272 1997
399 1998
843 1999
599 2000
1857 2001
1 2002
813 2003
1154 2004
1605 2005
765 2006
277 2007
719 2008
836 2009
984 2010
618 2011
54 2012
589 2013
1219 2014
1337 2015
1412 2016
1394 2017
1078 2018
118 2019
1746 2020
1727 2021
456 2022
566 2023
286 2024
167 2025
889 2026
503 2027
205 2028
689 2029
510 2030
879 2031
751 2032
1877 2033
487 2034
1021 2035
1323 2036
1496 2037
436 2038
439 2039
1224 2040
635 2041
1807 2042
447 2043
920 2044
328 2045
235 2046
1296 2047
1012 2048
174 2049
745 2050
611 2051
1739 2052
1701 2053
780 2054
1520 2055
955 2056
1778 2057
931 2058
974 2059
380 2060
20 2061
146 2062
1678 2063
1415 2064
1977 2065
1193 2066
1574 2067
33 2068
478 2069
325 2070
660 2071
1666 2072
643 2073
1155 2074
1113 2075
1399 2076
270 2077
1192 2078
694 2079
1671 2080
423 2081
1694 2082
80 2083
948 2084
1308 2085
757 2086
908 2087
1093 2088
76 2089
274 2090
964 2091
770 2092
1814 2093
1483 2094
1873 2095
1772 2096
803 2097
311 2098
1732 2099
1597 2100
776 2101
76 2102
367 2103
68 2104
799 2105
527 2106
326 2107
1903 2108
1228 2109
1891 2110
1151 2111
852 2112
1421 2113
252 2114
1081 2115
2099 2116
448 2117
1322 2118
2061 2119
1647 2120
798 2121
48 2122
1308 2123
855 2124
1671 2125
397 2126
547 2127
1894 2128
759 2129
1458 2130
2006 2131
1216 2132
1048 2133
938 2134
225 2135
911 2136
1589 2137
1168 2138
1416 2139
1936 2140
621 2141
911 2142
437 2143
843 2144
1205 2145
1423 2146
1982 2147
935 2148
1038 2149
1103 2150
459 2151
956 2152
964 2153
179 2154
1729 2155
494 2156
1339 2157
321 2158
947 2159
284 2160
346 2161
86 2162
319 2163
1847 2164
897 2165
1442 2166
1224 2167
344 2168
1272 2169
1927 2170
731 2171
1076 2172
1624 2173
402 2174
536 2175
652 2176
28 2177
35 2178
1218 2179
1382 2180
1324 2181
468 2182
2078 2183
583 2184
441 2185
82 2186
1136 2187
418 2188
1905 2189
541 2190
1342 2191
450 2192
546 2193
2114 2194
1039 2195
1245 2196
1073 2197
660 2198
1454 2199
513 2200
195 2201
1860 2202
1547 2203
820 2204
1203 2205
242 2206
398 2207
1089 2208
587 2209
1102 2210
1239 2211
6 2212
2078 2213
1520 2214
193 2215
1879 2216
1001 2217
1353 2218
824 2219
631 2220
61 2221
1930 2222
355 2223
800 2224
1439 2225
1497 2226
186 2227
794 2228
287 2229
2086 2230
1126 2231
1740 2232
204 2233
2054 2234
658 2235
1827 2236
1247 2237
1116 2238
727 2239
299 2240
1179 2241
531 2242
685 2243
1580 2244
351 2245
1889 2246
361 2247
683 2248
657 2249
722 2250
1605 2251
1299 2252
1294 2253
1946 2254
1329 2255
1846 2256
2211 2257
203 2258
1218 2259
2101 2260
2039 2261
1816 2262
262 2263
368 2264
659 2265
346 2266
1670 2267
1291 2268
632 2269
1342 2270
1742 2271
444 2272
1436 2273
2193 2274
2096 2275
1966 2276
1387 2277
8 2278
852 2279
1652 2280
2258 2281
279 2282
748 2283
1304 2284
740 2285
568 2286
2068 2287
1367 2288
706 2289
1696 2290
208 2291
2206 2292
229 2293
142 2294
144 2295
1924 2296
1946 2297
2015 2298
381 2299
1755 2300
1057 2301
749 2302
1614 2303
855 2304
740 2305
1510 2306
1089 2307
1528 2308
1562 2309
1790 2310
1600 2311
1541 2312
776 2313
1247 2314
1115 2315
18 2316
1402 2317
1282 2318
251 2319
1357 2320
124 2321
341 2322
1960 2323
65 2324
644 2325
879 2326
417 2327
2259 2328
458 2329
2 2330
825 2331
669 2332
528 2333
2286 2334
1005 2335
1565 2336
159 2337
1985 2338
168 2339
2266 2340
2242 2341
535 2342
650 2343
219 2344
1504 2345
1477 2346
1254 2347
247 2348
1316 2349
196 2350
311 2351
2284 2352
253 2353
1571 2354
2040 2355
1090 2356
897 2357
2044 2358
6 2359
1541 2360
1822 2361
1862 2362
1213 2363
528 2364
320 2365
110 2366
954 2367
104 2368
896 2369
728 2370
1388 2371
1484 2372
819 2373
377 2374
1838 2375
2346 2376
2215 2377
1803 2378
1959 2379
756 2380
2147 2381
2324 2382
919 2383
1714 2384
498 2385
483 2386
1877 2387
1594 2388
729 2389
156 2390
2041 2391
1880 2392
1970 2393
1157 2394
749 2395
147 2396
599 2397
124 2398
2001 2399
1633 2400
488 2401
1616 2402
372 2403
1088 2404
1539 2405
1143 2406
113 2407
790 2408
1372 2409
2028 2410
392 2411
2135 2412
1870 2413
555 2414
2054 2415
1401 2416
490 2417
1279 2418
1487 2419
2158 2420
663 2421
1359 2422
1171 2423
427 2424
261 2425
2098 2426
1705 2427
1264 2428
289 2429
482 2430
149 2431
1924 2432
324 2433
2218 2434
2227 2435
1413 2436
814 2437
1822 2438
1145 2439
1429 2440
718 2441
852 2442
1548 2443
968 2444
2071 2445
1981 2446
865 2447
619 2448
1324 2449
1244 2450
918 2451
653 2452
1218 2453
2447 2454
978 2455
1489 2456
1369 2457
927 2458
1258 2459
1331 2460
970 2461
2136 2462
1791 2463
849 2464
1468 2465
887 2466
1733 2467
1010 2468
2354 2469
867 2470
176 2471
189 2472
1629 2473
1261 2474
646 2475
193 2476
633 2477
718 2478
463 2479
2303 2480
846 2481
579 2482
275 2483
452 2484
1570 2485
128 2486
1357 2487
565 2488
1338 2489
2402 2490
607 2491
1494 2492
1134 2493
545 2494
710 2495
2188 2496
2432 2497
2257 2498
2218 2499
726 2500
405 2501
2259 2502
374 2503
1345 2504
211 2505
1510 2506
1451 2507
365 2508
1989 2509
2491 2510
1052 2511
258 2512
460 2513
602 2514
14 2515
518 2516
1544 2517
2183 2518
654 2519
2478 2520
1089 2521
2346 2522
2292 2523
1295 2524
847 2525
2149 2526
2035 2527
1698 2528
2025 2529
1830 2530
1838 2531
1924 2532
1043 2533
1532 2534
2149 2535
582 2536
2089 2537
816 2538
670 2539
1883 2540
381 2541
2134 2542
30 2543
542 2544
1564 2545
288 2546
2149 2547
975 2548
1968 2549
811 2550
2526 2551
92 2552
2289 2553
1303 2554
278 2555
866 2556
1950 2557
1926 2558
1961 2559
2081 2560
326 2561
1676 2562
482 2563
213 2564
514 2565
2222 2566
805 2567
2046 2568
1694 2569
1756 2570
2078 2571
203 2572
1860 2573
13 2574
144 2575
2438 2576
1154 2577
770 2578
2323 2579
790 2580
1057 2581
1850 2582
199 2583
2512 2584
1760 2585
1287 2586
1717 2587
2124 2588
2359 2589
42 2590
743 2591
816 2592
1596 2593
1489 2594
808 2595
76 2596
96 2597
322 2598
2387 2599
5 2600
478 2601
2060 2602
2208 2603
1649 2604
2207 2605
2135 2606
820 2607
853 2608
1527 2609
508 2610
2545 2611
1430 2612
1470 2613
1928 2614
2143 2615
672 2616
2209 2617
302 2618
2205 2619
268 2620
1833 2621
1567 2622
926 2623
2167 2624
2084 2625
1502 2626
1527 2627
1700 2628
209 2629
2444 2630
1916 2631
466 2632
1419 2633
1696 2634
2549 2635
1937 2636
925 2637
655 2638
694 2639
91 2640
1227 2641
670 2642
1066 2643
1364 2644
392 2645
2162 2646
534 2647
596 2648
1737 2649
1389 2650
1920 2651
1441 2652
195 2653
516 2654
1313 2655
1445 2656
126 2657
103 2658
1168 2659
1637 2660
1304 2661
1560 2662
340 2663
2140 2664
2126 2665
1812 2666
1073 2667
2375 2668
1303 2669
740 2670
2108 2671
2170 2672
2420 2673
2194 2674
2584 2675
1310 2676
821 2677
2417 2678
1926 2679
2615 2680
414 2681
1210 2682
325 2683
1620 2684
303 2685
677 2686
140 2687
618 2688
690 2689
2618 2690
2524 2691
418 2692
1479 2693
1789 2694
1697 2695
831 2696
2088 2697
1157 2698
2138 2699
1401 2700
1677 2701
1902 2702
2117 2703
341 2704
2 2705
845 2706
2160 2707
1258 2708
1413 2709
626 2710
1323 2711
288 2712
268 2713
317 2714
21 2715
2622 2716
88 2717
239 2718
2664 2719
550 2720
1453 2721
138 2722
441 2723
596 2724
1799 2725
607 2726
298 2727
1174 2728
413 2729
1614 2730
2505 2731
977 2732
998 2733
2452 2734
44 2735
1761 2736
2376 2737
1723 2738
1741 2739
1573 2740
2337 2741
1092 2742
2079 2743
2675 2744
321 2745
1046 2746
370 2747
127 2748
2193 2749
2664 2750
1324 2751
510 2752
1368 2753
1870 2754
1022 2755
1129 2756
2388 2757
1780 2758
34 2759
2208 2760
942 2761
2314 2762
2382 2763
510 2764
2446 2765
1560 2766
173 2767
1656 2768
896 2769
954 2770
1059 2771
33 2772
390 2773
1851 2774
1409 2775
1332 2776
1347 2777
2323 2778
1918 2779
306 2780
2610 2781
887 2782
2476 2783
2782 2784
2016 2785
404 2786
1665 2787
1345 2788
1555 2789
2564 2790
503 2791
1020 2792
1266 2793
1496 2794
555 2795
1760 2796
1331 2797
2666 2798
1552 2799
2341 2800
2347 2801
385 2802
1977 2803
2767 2804
735 2805
537 2806
97 2807
1776 2808
2017 2809
1857 2810
2410 2811
2103 2812
116 2813
1049 2814
2475 2815
2118 2816
1086 2817
586 2818
170 2819
2149 2820
465 2821
2202 2822
1537 2823
626 2824
1814 2825
1589 2826
1190 2827
544 2828
399 2829
2561 2830
2344 2831
2588 2832
2021 2833
1579 2834
930 2835
1929 2836
940 2837
1511 2838
243 2839
2676 2840
1686 2841
324 2842
2100 2843
1858 2844
375 2845
240 2846
2137 2847
1339 2848
339 2849
1729 2850
807 2851
175 2852
803 2853
1904 2854
1685 2855
1928 2856
1789 2857
732 2858
1884 2859
1114 2860
749 2861
1191 2862
2007 2863
1541 2864
182 2865
120 2866
68 2867
2412 2868
2724 2869
1116 2870
1933 2871
680 2872
1321 2873
1290 2874
2174 2875
777 2876
745 2877
967 2878
184 2879
2217 2880
2860 2881
1112 2882
123 2883
868 2884
596 2885
1674 2886
132 2887
102 2888
463 2889
2471 2890
1884 2891
1073 2892
2502 2893
1123 2894
819 2895
2246 2896
1256 2897
102 2898
579 2899
2842 2900
1751 2901
661 2902
323 2903
702 2904
35 2905
1544 2906
2217 2907
1004 2908
914 2909
759 2910
971 2911
1506 2912
344 2913
1893 2914
328 2915
1582 2916
1979 2917
1340 2918
48 2919
1842 2920
2253 2921
2075 2922
1536 2923
332 2924
828 2925
1238 2926
1027 2927
1562 2928
431 2929
2166 2930
2627 2931
959 2932
2444 2933
464 2934
2225 2935
2201 2936
1983 2937
2323 2938
1480 2939
703 2940
2113 2941
2454 2942
1228 2943
478 2944
2114 2945
1173 2946
2438 2947
2045 2948
823 2949
628 2950
743 2951
1768 2952
2032 2953
2146 2954
187 2955
577 2956
1686 2957
2714 2958
1822 2959
998 2960
981 2961
242 2962
83 2963
671 2964
2209 2965
836 2966
1166 2967
2876 2968
2045 2969
684 2970
2595 2971
791 2972
2144 2973
16 2974
1571 2975
2517 2976
2071 2977
867 2978
2898 2979
2403 2980
2401 2981
1775 2982
2351 2983
2110 2984
1072 2985
1989 2986
2193 2987
1916 2988
298 2989
1028 2990
2629 2991
1419 2992
1755 2993
1123 2994
486 2995
1532 2996
984 2997
2746 2998
1174 2999
2389 3000
279 3001
399 3002
1162 3003
792 3004
1004 3005
1953 3006
1467 3007
2252 3008
1064 3009
1406 3010
520 3011
1772 3012
2991 3013
1092 3014
1464 3015
1187 3016
212 3017
2043 3018
504 3019
1492 3020
2195 3021
45 3022
533 3023
1445 3024
1817 3025
2879 3026
166 3027
2592 3028
1058 3029
2773 3030
282 3031
995 3032
1996 3033
1375 3034
356 3035
1560 3036
539 3037
1227 3038
417 3039
1789 3040
868 3041
541 3042
2305 3043
1964 3044
1313 3045
2994 3046
876 3047
1731 3048
1371 3049
591 3050
358 3051
1510 3052
2990 3053
2132 3054
2874 3055
1907 3056
1629 3057
787 3058
2388 3059
2309 3060
437 3061
1409 3062
108 3063
2928 3064
1879 3065
1986 3066
736 3067
1821 3068
1511 3069
787 3070
2532 3071
535 3072
813 3073
53 3074
2437 3075
2568 3076
1173 3077
1849 3078
2666 3079
64 3080
2564 3081
1240 3082
3050 3083
753 3084
1650 3085
2553 3086
1808 3087
1762 3088
1387 3089
415 3090
2111 3091
1636 3092
141 3093
1591 3094
1197 3095
3077 3096
1185 3097
2424 3098
560 3099
3097 3100
792 3101
2432 3102
273 3103
1506 3104
2039 3105
3030 3106
2159 3107
1240 3108
791 3109
1592 3110
2970 3111
1807 3112
1749 3113
2129 3114
2597 3115
694 3116
951 3117
2193 3118
1353 3119
2944 3120
3034 3121
2061 3122
2135 3123
2740 3124
2903 3125
1617 3126
2168 3127
466 3128
182 3129
380 3130
1982 3131
2701 3132
1578 3133
1173 3134
2989 3135
785 3136
2160 3137
1015 3138
220 3139
2000 3140
544 3141
2381 3142
1861 3143
438 3144
946 3145
3114 3146
342 3147
2875 3148
2251 3149
231 3150
769 3151
2956 3152
918 3153
2019 3154
1088 3155
2912 3156
993 3157
2946 3158
3154 3159
1671 3160
505 3161
1945 3162
2748 3163
752 3164
1024 3165
858 3166
2704 3167
1023 3168
1519 3169
1901 3170
2565 3171
1918 3172
996 3173
2357 3174
3126 3175
970 3176
2967 3177
2508 3178
1525 3179
1744 3180
609 3181
1649 3182
2536 3183
2733 3184
667 3185
1590 3186
618 3187
1557 3188
2696 3189
67 3190
2577 3191
265 3192
1492 3193
1408 3194
3042 3195
2026 3196
2271 3197
663 3198
61 3199
1007 3200
1933 3201
2334 3202
2066 3203
511 3204
2921 3205
3205 3206
1277 3207
2788 3208
801 3209
1057 3210
3062 3211
2590 3212
769 3213
621 3214
2933 3215
343 3216
263 3217
2305 3218
2647 3219
2482 3220
540 3221
2093 3222
688 3223
1053 3224
607 3225
3058 3226
1561 3227
1587 3228
3125 3229
763 3230
500 3231
1034 3232
2105 3233
2160 3234
175 3235
185 3236
200 3237
2840 3238
2009 3239
2068 3240
2415 3241
2278 3242
1906 3243
1070 3244
2758 3245
3202 3246
2628 3247
283 3248
841 3249
1652 3250
2929 3251
1122 3252
121 3253
3139 3254
64 3255
2201 3256
314 3257
1063 3258
1833 3259
1379 3260
2556 3261
1773 3262
2515 3263
1372 3264
1459 3265
3153 3266
1490 3267
770 3268
1717 3269
2120 3270
779 3271
2677 3272
2524 3273
2601 3274
283 3275
690 3276
1816 3277
2184 3278
652 3279
1397 3280
3088 3281
1323 3282
246 3283
772 3284
1218 3285
829 3286
2825 3287
2003 3288
1255 3289
1685 3290
1453 3291
1511 3292
2911 3293
1090 3294
2111 3295
271 3296
447 3297
2990 3298
514 3299
3076 3300
2675 3301
294 3302
2704 3303
2734 3304
494 3305
460 3306
2930 3307
1016 3308
1990 3309
1642 3310
2614 3311
48 3312
3230 3313
1522 3314
2085 3315
539 3316
2467 3317
1425 3318
1406 3319
2155 3320
2239 3321
3006 3322
263 3323
1582 3324
823 3325
508 3326
1081 3327
2691 3328
2817 3329
2805 3330
717 3331
2483 3332
1712 3333
1752 3334
960 3335
1737 3336
1638 3337
709 3338
795 3339
1531 3340
174 3341
1066 3342
118 3343
887 3344
526 3345
1064 3346
2717 3347
3067 3348
3014 3349
2192 3350
1212 3351
789 3352
762 3353
2698 3354
3264 3355
3314 3356
1116 3357
2060 3358
996 3359
2926 3360
691 3361
1220 3362
1137 3363
3352 3364
2832 3365
1932 3366
264 3367
2070 3368
2781 3369
1564 3370
1179 3371
2107 3372
2973 3373
2576 3374
1942 3375
2199 3376
1156 3377
2096 3378
3200 3379
1290 3380
251 3381
957 3382
2523 3383
2350 3384
1157 3385
898 3386
1414 3387
1737 3388
657 3389
1998 3390
1340 3391
3313 3392
3067 3393
439 3394
1585 3395
794 3396
1869 3397
2316 3398
2942 3399
40 3400
3372 3401
433 3402
3358 3403
1814 3404
52 3405
364 3406
3395 3407
3376 3408
2511 3409
3229 3410
3211 3411
1458 3412
1589 3413
2598 3414
983 3415
431 3416
3056 3417
371 3418
1479 3419
251 3420
581 3421
2740 3422
2298 3423
1202 3424
585 3425
874 3426
2868 3427
1553 3428
1868 3429
1134 3430
1779 3431
534 3432
64 3433
2506 3434
2736 3435
1790 3436
2629 3437
3189 3438
1144 3439
1816 3440
2389 3441
1391 3442
1265 3443
1478 3444
2016 3445
2907 3446
1301 3447
3030 3448
1159 3449
771 3450
1822 3451
1894 3452
157 3453
2425 3454
2330 3455
448 3456
3371 3457
553 3458
3342 3459
151 3460
2241 3461
2677 3462
168 3463
3195 3464
2117 3465
862 3466
2829 3467
2741 3468
76 3469
3311 3470
1684 3471
2033 3472
490 3473
3107 3474
1984 3475
759 3476
2330 3477
2668 3478
768 3479
3013 3480
687 3481
674 3482
1498 3483
2333 3484
2015 3485
3279 3486
693 3487
3298 3488
115 3489
253 3490
2496 3491
3333 3492
1065 3493
3260 3494
2947 3495
832 3496
1917 3497
2508 3498
1954 3499
1391 3500
971 3501
665 3502
3464 3503
1342 3504
3020 3505
3234 3506
1850 3507
2502 3508
1186 3509
1516 3510
518 3511
1820 3512
2562 3513
2092 3514
942 3515
1115 3516
3390 3517
3156 3518
3187 3519
2003 3520
484 3521
1757 3522
921 3523
1930 3524
2528 3525
2934 3526
871 3527
1671 3528
1531 3529
418 3530
3091 3531
345 3532
1490 3533
3063 3534
2368 3535
26 3536
1408 3537
2355 3538
1421 3539
2071 3540
713 3541
2992 3542
2416 3543
1432 3544
3304 3545
510 3546
3369 3547
1387 3548
127 3549
1125 3550
1011 3551
2715 3552
2856 3553
594 3554
815 3555
1650 3556
1308 3557
2391 3558
2615 3559
2799 3560
2468 3561
26 3562
793 3563
499 3564
2497 3565
1301 3566
2452 3567
1480 3568
3085 3569
1540 3570
1699 3571
2844 3572
3438 3573
3539 3574
3480 3575
2857 3576
1851 3577
3226 3578
1096 3579
2185 3580
1077 3581
2542 3582
1461 3583
388 3584
3497 3585
123 3586
3159 3587
2406 3588
2906 3589
216 3590
513 3591
1002 3592
1556 3593
1897 3594
2561 3595
2218 3596
1082 3597
2981 3598
389 3599
1871 3600
3031 3601
1206 3602
485 3603
652 3604
1483 3605
287 3606
300 3607
1862 3608
1728 3609
601 3610
3214 3611
439 3612
1487 3613
3576 3614
246 3615
3445 3616
34 3617
970 3618
2267 3619
1885 3620
2303 3621
1197 3622
1920 3623
2755 3624
758 3625
1333 3626
3293 3627
1234 3628
274 3629
560 3630
725 3631
1568 3632
803 3633
2709 3634
1009 3635
1076 3636
1247 3637
469 3638
459 3639
806 3640
753 3641
2830 3642
397 3643
143 3644
857 3645
2195 3646
39 3647
1908 3648
3620 3649
1689 3650
1183 3651
677 3652
2372 3653
1771 3654
3126 3655
475 3656
935 3657
3365 3658
2392 3659
850 3660
2811 3661
213 3662
1336 3663
796 3664
3290 3665
2783 3666
3660 3667
82 3668
2893 3669
2953 3670
888 3671
52 3672
591 3673
850 3674
3407 3675
2686 3676
2062 3677
532 3678
2026 3679
2107 3680
142 3681
3238 3682
1907 3683
1300 3684
2644 3685
1652 3686
2414 3687
3263 3688
2045 3689
2489 3690
807 3691
2418 3692
304 3693
1465 3694
3275 3695
528 3696
1439 3697
3208 3698
2218 3699
172 3700
168 3701
1001 3702
1517 3703
3633 3704
3501 3705
3016 3706
2997 3707
2796 3708
752 3709
1559 3710
3043 3711
33 3712
3398 3713
869 3714
3189 3715
1949 3716
2289 3717
1667 3718
3058 3719
2867 3720
1662 3721
1862 3722
3428 3723
2062 3724
209 3725
378 3726
64 3727
113 3728
3426 3729
3375 3730
951 3731
2608 3732
762 3733
1955 3734
427 3735
99 3736
1279 3737
2184 3738
3208 3739
1434 3740
1022 3741
3245 3742
421 3743
990 3744
846 3745
2402 3746
733 3747
2817 3748
2206 3749
3576 3750
513 3751
3409 3752
3066 3753
1282 3754
474 3755
2484 3756
756 3757
2343 3758
3569 3759
2705 3760
1248 3761
672 3762
418 3763
193 3764
2407 3765
2524 3766
1619 3767
3156 3768
1759 3769
2264 3770
1021 3771
1156 3772
843 3773
1284 3774
429 3775
878 3776
999 3777
808 3778
13 3779
1084 3780
3018 3781
3073 3782
1413 3783
2432 3784
195 3785
1590 3786
1 3787
2677 3788
1336 3789
614 3790
2508 3791
2314 3792
3505 3793
2179 3794
1530 3795
330 3796
2884 3797
2891 3798
218 3799
2886 3800
3369 3801
1082 3802
2765 3803
1556 3804
2326 3805
1873 3806
827 3807
1996 3808
1570 3809
929 3810
1184 3811
1911 3812
3596 3813
1498 3814
384 3815
1181 3816
452 3817
1639 3818
329 3819
3618 3820
1651 3821
2551 3822
1274 3823
2550 3824
3732 3825
2873 3826
18 3827
937 3828
1513 3829
2366 3830
969 3831
3400 3832
914 3833
3601 3834
3387 3835
8 3836
3195 3837
1834 3838
1934 3839
1744 3840
2338 3841
2044 3842
1947 3843
1148 3844
2133 3845
2775 3846
3425 3847
2443 3848
1244 3849
1834 3850
2999 3851
2436 3852
855 3853
1792 3854
3362 3855
1198 3856
726 3857
3097 3858
1405 3859
1745 3860
1470 3861
2452 3862
369 3863
574 3864
2946 3865
1730 3866
1425 3867
3101 3868
121 3869
2479 3870
3539 3871
3051 3872
273 3873
779 3874
1468 3875
1531 3876
2730 3877
453 3878
3696 3879
1376 3880
2286 3881
3416 3882
1291 3883
2665 3884
2244 3885
3775 3886
466 3887
1865 3888
2089 3889
3381 3890
2709 3891
2169 3892
2932 3893
2228 3894
2187 3895
1616 3896
3102 3897
1549 3898
3264 3899
831 3900
1961 3901
2777 3902
493 3903
2250 3904
1739 3905
3272 3906
3000 3907
2533 3908
1049 3909
929 3910
2437 3911
900 3912
1425 3913
2083 3914
2733 3915
3602 3916
340 3917
3066 3918
3350 3919
818 3920
3449 3921
1603 3922
2688 3923
3148 3924
1190 3925
3090 3926
3497 3927
2997 3928
1779 3929
3257 3930
1088 3931
3618 3932
1808 3933
2560 3934
1509 3935
453 3936
2349 3937
1056 3938
1544 3939
2967 3940
3210 3941
2913 3942
169 3943
1301 3944
108 3945
3932 3946
214 3947
2730 3948
1949 3949
45 3950
1291 3951
975 3952
2895 3953
902 3954
2956 3955
2887 3956
2492 3957
1543 3958
2878 3959
2488 3960
1192 3961
1200 3962
3866 3963
84 3964
2007 3965
2443 3966
1982 3967
1184 3968
2903 3969
1464 3970
508 3971
2778 3972
3099 3973
1727 3974
1562 3975
3681 3976
725 3977
1237 3978
1970 3979
2240 3980
2639 3981
3713 3982
3769 3983
3722 3984
1442 3985
1826 3986
3479 3987
427 3988
2064 3989
648 3990
2711 3991
1454 3992
2095 3993
3696 3994
1901 3995
836 3996
264 3997
3238 3998
2062 3999
3219 4000
2500 4001
3983 4002
946 4003
2031 4004
1154 4005
1149 4006
895 4007
3052 4008
1681 4009
361 4010
118 4011
2496 4012
1419 4013
556 4014
2150 4015
566 4016
1372 4017
1265 4018
2942 4019
3507 4020
2149 4021
3206 4022
3798 4023
1588 4024
2871 4025
3961 4026
895 4027
2283 4028
204 4029
2876 4030
500 4031
2063 4032
116 4033
2561 4034
1012 4035
520 4036
1607 4037
434 4038
3916 4039
141 4040
141 4041
3681 4042
2247 4043
448 4044
319 4045
1161 4046
2681 4047
240 4048
839 4049
3818 4050
3871 4051
2647 4052
338 4053
1993 4054
1955 4055
3273 4056
1080 4057
3863 4058
1891 4059
3706 4060
3986 4061
2213 4062
2502 4063
1457 4064
3678 4065
1258 4066
2648 4067
1806 4068
94 4069
873 4070
2209 4071
1244 4072
3457 4073
540 4074
1636 4075
2959 4076
2045 4077
1568 4078
3654 4079
1266 4080
207 4081
3921 4082
2838 4083
2544 4084
1870 4085
3856 4086
654 4087
2068 4088
3873 4089
2763 4090
262 4091
1429 4092
193 4093
2087 4094
794 4095
101 4096
2896 4097
3541 4098
470 4099
2746 4100
833 4101
2689 4102
1635 4103
2529 4104
1034 4105
2338 4106
386 4107
2885 4108
1162 4109
313 4110
471 4111
1466 4112
3742 4113
1297 4114
2464 4115
4102 4116
40 4117
1569 4118
2915 4119
754 4120
145 4121
1500 4122
646 4123
1095 4124
2129 4125
3454 4126
4097 4127
2864 4128
1068 4129
670 4130
3931 4131
78 4132
3940 4133
16 4134
797 4135
337 4136
3089 4137
3136 4138
3171 4139
3777 4140
2020 4141
1939 4142
1263 4143
1728 4144
2222 4145
3514 4146
3064 4147
415 4148
91 4149
3906 4150
2738 4151
1520 4152
4118 4153
1857 4154
3065 4155
1094 4156
4113 4157
3628 4158
1693 4159
3458 4160
1535 4161
1891 4162
2510 4163
326 4164
2494 4165
3635 4166
3689 4167
702 4168
1958 4169
4083 4170
1993 4171
3076 4172
3561 4173
1921 4174
3110 4175
29 4176
3381 4177
23 4178
3585 4179
1506 4180
268 4181
2383 4182
3936 4183
2973 4184
1418 4185
1636 4186
3011 4187
1592 4188
3177 4189
847 4190
4144 4191
1608 4192
3691 4193
2539 4194
35 4195
2565 4196
3715 4197
4047 4198
2701 4199
1427 4200
3603 4201
730 4202
2724 4203
1293 4204
2774 4205
2103 4206
2811 4207
700 4208
3920 4209
2384 4210
2239 4211
2711 4212
3138 4213
2724 4214
2259 4215
772 4216
2017 4217
223 4218
667 4219
2508 4220
1214 4221
3366 4222
2475 4223
1748 4224
596 4225
117 4226
1883 4227
770 4228
256 4229
963 4230
3391 4231
2405 4232
964 4233
3998 4234
2957 4235
1353 4236
2042 4237
3490 4238
4128 4239
2454 4240
971 4241
1601 4242
3712 4243
1930 4244
3153 4245
998 4246
4038 4247
2080 4248
2978 4249
40 4250
3024 4251
610 4252
2240 4253
3527 4254
2444 4255
2178 4256
1268 4257
46 4258
1557 4259
3575 4260
2928 4261
1502 4262
226 4263
2556 4264
1967 4265
2969 4266
3905 4267
1945 4268
3483 4269
1929 4270
3905 4271
1044 4272
781 4273
4028 4274
3628 4275
432 4276
1220 4277
1295 4278
2958 4279
819 4280
4124 4281
3384 4282
530 4283
4224 4284
3366 4285
921 4286
813 4287
666 4288
2301 4289
2732 4290
2524 4291
2027 4292
2446 4293
2824 4294
4217 4295
118 4296
3934 4297
2931 4298
2889 4299
2372 4300
3192 4301
1886 4302
3504 4303
1655 4304
2917 4305
867 4306
3649 4307
433 4308
2645 4309
22 4310
653 4311
481 4312
3205 4313
731 4314
956 4315
2256 4316
2208 4317
235 4318
3277 4319
1852 4320
880 4321
2371 4322
3751 4323
141 4324
3986 4325
1698 4326
3883 4327
3056 4328
722 4329
2546 4330
1105 4331
3971 4332
2768 4333
2471 4334
1943 4335
440 4336
516 4337
665 4338
1578 4339
913 4340
2697 4341
1500 4342
2379 4343
96 4344
2242 4345
2235 4346
281 4347
3150 4348
801 4349
3146 4350
1381 4351
2586 4352
2062 4353
1809 4354
63 4355
3144 4356
99 4357
1266 4358
1511 4359
2885 4360
3277 4361
4092 4362
639 4363
1434 4364
1498 4365
1435 4366
2278 4367
4159 4368
4334 4369
4067 4370
4251 4371
3655 4372
4304 4373
4370 4374
3003 4375
747 4376
2176 4377
3262 4378
2018 4379
2283 4380
1947 4381
3920 4382
28 4383
2375 4384
3997 4385
1196 4386
3320 4387
885 4388
43 4389
1335 4390
435 4391
3469 4392
1779 4393
3200 4394
2729 4395
2069 4396
3364 4397
4199 4398
2360 4399
2966 4400
3072 4401
143 4402
1437 4403
25 4404
3719 4405
574 4406
2778 4407
1399 4408
3007 4409
1700 4410
3684 4411
3316 4412
1828 4413
3221 4414
2813 4415
1461 4416
1348 4417
2803 4418
3196 4419
1129 4420
2982 4421
3520 4422
2458 4423
1638 4424
3176 4425
192 4426
2161 4427
3826 4428
3866 4429
4355 4430
1303 4431
679 4432
1344 4433
4267 4434
2522 4435
4178 4436
3235 4437
2932 4438
3564 4439
3815 4440
1320 4441
3810 4442
3045 4443
2823 4444
3808 4445
4274 4446
4137 4447
569 4448
1049 4449
4169 4450
3271 4451
1378 4452
269 4453
266 4454
4423 4455
445 4456
3221 4457
138 4458
2706 4459
2549 4460
563 4461
3595 4462
1360 4463
3969 4464
529 4465
4349 4466
924 4467
3052 4468
1305 4469
1786 4470
1338 4471
504 4472
825 4473
4275 4474
1740 4475
2532 4476
2909 4477
4294 4478
1462 4479
396 4480
2374 4481
618 4482
899 4483
3497 4484
175 4485
2841 4486
3713 4487
3536 4488
1312 4489
3367 4490
1479 4491
3763 4492
1488 4493
1185 4494
4224 4495
2998 4496
2332 4497
1275 4498
1304 4499
1261 4500
3367 4501
85 4502
940 4503
839 4504
1562 4505
2688 4506
2881 4507
1636 4508
1444 4509
2463 4510
45 4511
306 4512
2696 4513
1262 4514
1174 4515
1738 4516
2114 4517
2785 4518
2226 4519
2924 4520
483 4521
3053 4522
629 4523
89 4524
777 4525
3448 4526
554 4527
2263 4528
2818 4529
170 4530
554 4531
1000 4532
2067 4533
2486 4534
4489 4535
853 4536
1447 4537
3470 4538
2851 4539
711 4540
1878 4541
1358 4542
1482 4543
1479 4544
4159 4545
3534 4546
2041 4547
4035 4548
3277 4549
3326 4550
3634 4551
3944 4552
1867 4553
2688 4554
4350 4555
600 4556
4486 4557
847 4558
55 4559
1288 4560
4554 4561
672 4562
2158 4563
3901 4564
146 4565
1402 4566
4406 4567
2360 4568
3717 4569
1890 4570
2455 4571
4412 4572
2150 4573
1340 4574
2044 4575
1549 4576
2992 4577
2143 4578
4341 4579
2336 4580
2666 4581
4566 4582
1956 4583
4486 4584
3081 4585
1669 4586
2042 4587
2604 4588
3079 4589
2681 4590
2080 4591
2314 4592
1463 4593
3780 4594
202 4595
2399 4596
1270 4597
4345 4598
4306 4599
3210 4600
2724 4601
985 4602
1552 4603
2160 4604
2668 4605
367 4606
3868 4607
4481 4608
4144 4609
1879 4610
1565 4611
4296 4612
3353 4613
3265 4614
2113 4615
1308 4616
2340 4617
1560 4618
570 4619
1402 4620
2667 4621
922 4622
222 4623
3414 4624
4617 4625
2871 4626
3156 4627
1251 4628
2707 4629
3910 4630
4486 4631
2529 4632
2527 4633
1404 4634
3215 4635
864 4636
637 4637
1267 4638
114 4639
1035 4640
3460 4641
4370 4642
4166 4643
102 4644
3436 4645
743 4646
3207 4647
202 4648
2521 4649
771 4650
3482 4651
3456 4652
207 4653
1054 4654
1374 4655
1120 4656
3019 4657
2655 4658
233 4659
1641 4660
1810 4661
896 4662
2979 4663
2512 4664
4375 4665
886 4666
1753 4667
2888 4668
3963 4669
1766 4670
1748 4671
4424 4672
2996 4673
3558 4674
4382 4675
3723 4676
3867 4677
491 4678
3180 4679
2807 4680
3986 4681
3775 4682
923 4683
1465 4684
1228 4685
3205 4686
3229 4687
977 4688
21 4689
2852 4690
3991 4691
378 4692
2173 4693
2128 4694
277 4695
2987 4696
3100 4697
846 4698
99 4699
2281 4700
3734 4701
1134 4702
3430 4703
2287 4704
872 4705
3588 4706
492 4707
3774 4708
2248 4709
2499 4710
2391 4711
389 4712
2213 4713
3819 4714
2215 4715
4587 4716
4362 4717
2255 4718
41 4719
547 4720
1571 4721
4330 4722
502 4723
653 4724
2265 4725
2944 4726
3005 4727
3247 4728
4351 4729
4336 4730
935 4731
3568 4732
1780 4733
2515 4734
1812 4735
3917 4736
4527 4737
2756 4738
2626 4739
4108 4740
702 4741
2372 4742
2906 4743
3745 4744
607 4745
1229 4746
2339 4747
4607 4748
246 4749
2410 4750
393 4751
1987 4752
3064 4753
1848 4754
3277 4755
3897 4756
4496 4757
2110 4758
658 4759
4436 4760
927 4761
605 4762
393 4763
1182 4764
711 4765
1561 4766
358 4767
1772 4768
3596 4769
296 4770
1164 4771
2817 4772
3160 4773
1397 4774
3680 4775
4597 4776
1923 4777
674 4778
702 4779
2902 4780
4725 4781
698 4782
2224 4783
2312 4784
2732 4785
167 4786
777 4787
1741 4788
3358 4789
3325 4790
436 4791
4338 4792
178 4793
3584 4794
4003 4795
2666 4796
2598 4797
4617 4798
1902 4799
4239 4800
1661 4801
2844 4802
313 4803
4546 4804
279 4805
2126 4806
3548 4807
2433 4808
790 4809
275 4810
2433 4811
3996 4812
4552 4813
544 4814
3945 4815
3686 4816
406 4817
2046 4818
1648 4819
3123 4820
204 4821
3914 4822
1590 4823
1118 4824
2195 4825
635 4826
2058 4827
2716 4828
4357 4829
3854 4830
3350 4831
187 4832
1527 4833
2250 4834
4248 4835
418 4836
3188 4837
4262 4838
2633 4839
2943 4840
866 4841
4220 4842
3856 4843
136 4844
3769 4845
3569 4846
860 4847
2059 4848
1199 4849
1466 4850
2044 4851
848 4852
2705 4853
3920 4854
3288 4855
1223 4856
2412 4857
954 4858
2456 4859
2785 4860
4545 4861
687 4862
3845 4863
101 4864
1875 4865
838 4866
1530 4867
3511 4868
1678 4869
1250 4870
1485 4871
2747 4872
3645 4873
3346 4874
1037 4875
1591 4876
620 4877
629 4878
2432 4879
288 4880
3490 4881
374 4882
4328 4883
4717 4884
4380 4885
1361 4886
1672 4887
482 4888
1126 4889
2340 4890
1557 4891
4229 4892
1211 4893
4122 4894
4823 4895
1106 4896
2172 4897
21 4898
1970 4899
3700 4900
3422 4901
3695 4902
82 4903
4643 4904
2522 4905
4210 4906
1780 4907
4796 4908
1704 4909
2595 4910
1761 4911
3057 4912
4692 4913
2969 4914
1970 4915
4172 4916
3725 4917
4330 4918
4577 4919
4261 4920
2627 4921
1255 4922
4248 4923
3539 4924
3284 4925
3262 4926
2281 4927
507 4928
2989 4929
2947 4930
4176 4931
48 4932
3261 4933
3162 4934
4843 4935
2557 4936
11 4937
3247 4938
2072 4939
4728 4940
2312 4941
4425 4942
2004 4943
894 4944
1636 4945
1162 4946
4505 4947
930 4948
2001 4949
3516 4950
4460 4951
3121 4952
122 4953
3433 4954
3524 4955
4728 4956
3779 4957
1213 4958
4227 4959
3412 4960
1020 4961
279 4962
317 4963
3863 4964
3679 4965
4320 4966
1139 4967
2871 4968
2282 4969
2315 4970
2517 4971
3090 4972
3160 4973
1258 4974
4660 4975
1983 4976
29 4977
4382 4978
3091 4979
1512 4980
4692 4981
2442 4982
2184 4983
1504 4984
3029 4985
1377 4986
2756 4987
4059 4988
4679 4989
837 4990
694 4991
3103 4992
4078 4993
3696 4994
245 4995
3931 4996
4514 4997
429 4998
1367 4999
1908 5000
