1 2
2 3
2 4
4 5
4 6
5 7
7 8
2 9
7 10
8 11
6 12
9 13
2 14
8 15
3 16
12 17
5 18
18 19
17 20
14 21
2 22
18 23
4 24
10 25
20 26
11 27
13 28
2 29
11 30
22 31
9 32
21 33
15 34
26 35
20 36
31 37
34 38
6 39
39 40
4 41
31 42
37 43
14 44
16 45
38 46
41 47
1 48
47 49
23 50
22 51
22 52
38 53
2 54
27 55
24 56
27 57
9 58
37 59
9 60
32 61
48 62
33 63
19 64
8 65
42 66
49 67
41 68
4 69
49 70
14 71
32 72
33 73
48 74
57 75
53 76
75 77
43 78
34 79
47 80
42 81
41 82
10 83
54 84
28 85
71 86
31 87
51 88
85 89
57 90
74 91
42 92
48 93
27 94
50 95
86 96
43 97
13 98
94 99
31 100
35 101
57 102
36 103
19 104
35 105
46 106
102 107
51 108
5 109
99 110
28 111
79 112
33 113
75 114
104 115
14 116
71 117
104 118
48 119
20 120
107 121
61 122
23 123
17 124
53 125
38 126
2 127
77 128
11 129
49 130
99 131
90 132
91 133
73 134
120 135
98 136
2 137
10 138
61 139
21 140
84 141
125 142
96 143
21 144
128 145
46 146
74 147
105 148
139 149
89 150
27 151
123 152
126 153
138 154
86 155
148 156
92 157
138 158
129 159
26 160
88 161
142 162
42 163
85 164
130 165
29 166
121 167
160 168
80 169
7 170
100 171
101 172
10 173
27 174
76 175
149 176
66 177
73 178
11 179
150 180
177 181
127 182
81 183
115 184
124 185
55 186
43 187
92 188
110 189
146 190
21 191
42 192
121 193
179 194
165 195
174 196
79 197
37 198
39 199
91 200
158 201
84 202
15 203
77 204
101 205
104 206
17 207
146 208
18 209
166 210
93 211
96 212
51 213
110 214
50 215
119 216
136 217
89 218
210 219
138 220
198 221
32 222
164 223
198 224
51 225
158 226
189 227
190 228
224 229
54 230
81 231
6 232
94 233
211 234
169 235
51 236
46 237
133 238
48 239
230 240
101 241
35 242
216 243
88 244
213 245
100 246
89 247
171 248
219 249
50 250
13 251
14 252
9 253
253 254
170 255
38 256
150 257
231 258
5 259
11 260
190 261
75 262
162 263
223 264
24 265
133 266
203 267
26 268
126 269
255 270
194 271
264 272
136 273
3 274
205 275
88 276
266 277
125 278
271 279
90 280
219 281
32 282
185 283
275 284
145 285
2 286
257 287
131 288
78 289
278 290
269 291
66 292
80 293
93 294
290 295
157 296
276 297
57 298
246 299
229 300
48 301
144 302
290 303
43 304
242 305
174 306
113 307
196 308
167 309
182 310
181 311
133 312
179 313
44 314
188 315
310 316
163 317
200 318
279 319
205 320
118 321
102 322
121 323
126 324
43 325
102 326
7 327
14 328
171 329
171 330
297 331
146 332
281 333
217 334
319 335
5 336
203 337
281 338
92 339
235 340
64 341
55 342
177 343
310 344
78 345
285 346
241 347
219 348
312 349
110 350
162 351
105 352
231 353
186 354
212 355
152 356
153 357
336 358
25 359
178 360
41 361
122 362
63 363
281 364
195 365
75 366
296 367
155 368
359 369
309 370
19 371
34 372
71 373
21 374
317 375
21 376
314 377
313 378
239 379
205 380
283 381
147 382
177 383
195 384
115 385
64 386
152 387
156 388
356 389
296 390
85 391
81 392
377 393
199 394
387 395
223 396
43 397
202 398
207 399
226 400
90 401
6 402
188 403
163 404
67 405
38 406
122 407
79 408
176 409
291 410
79 411
341 412
136 413
346 414
321 415
209 416
133 417
50 418
396 419
9 420
148 421
376 422
152 423
351 424
344 425
32 426
154 427
83 428
420 429
124 430
63 431
353 432
202 433
396 434
354 435
247 436
411 437
382 438
415 439
65 440
171 441
353 442
214 443
90 444
24 445
276 446
86 447
291 448
382 449
266 450
33 451
268 452
183 453
384 454
170 455
269 456
245 457
449 458
33 459
180 460
225 461
429 462
289 463
158 464
163 465
400 466
346 467
16 468
383 469
403 470
140 471
266 472
86 473
349 474
395 475
181 476
349 477
301 478
82 479
284 480
418 481
292 482
231 483
187 484
378 485
350 486
268 487
455 488
243 489
114 490
255 491
299 492
321 493
127 494
419 495
110 496
24 497
150 498
128 499
31 500
102 501
296 502
238 503
202 504
322 505
117 506
430 507
129 508
382 509
395 510
354 511
230 512
75 513
416 514
267 515
356 516
93 517
365 518
114 519
363 520
284 521
197 522
390 523
316 524
478 525
140 526
30 527
283 528
404 529
50 530
452 531
185 532
78 533
223 534
59 535
278 536
335 537
219 538
141 539
181 540
301 541
144 542
205 543
41 544
293 545
84 546
219 547
367 548
227 549
210 550
156 551
163 552
306 553
394 554
54 555
107 556
102 557
533 558
301 559
14 560
298 561
109 562
545 563
9 564
395 565
228 566
294 567
212 568
428 569
374 570
74 571
448 572
421 573
389 574
356 575
143 576
167 577
212 578
206 579
345 580
518 581
286 582
164 583
36 584
364 585
470 586
485 587
292 588
194 589
36 590
245 591
535 592
411 593
509 594
540 595
58 596
412 597
292 598
386 599
70 600
546 601
260 602
75 603
278 604
203 605
507 606
549 607
151 608
169 609
383 610
369 611
140 612
470 613
140 614
446 615
372 616
182 617
301 618
156 619
223 620
429 621
311 622
237 623
336 624
228 625
213 626
126 627
113 628
17 629
280 630
402 631
187 632
586 633
245 634
234 635
302 636
560 637
26 638
108 639
75 640
123 641
40 642
4 643
73 644
313 645
643 646
283 647
517 648
517 649
405 650
390 651
46 652
601 653
209 654
200 655
632 656
129 657
309 658
108 659
335 660
151 661
471 662
654 663
121 664
480 665
478 666
412 667
596 668
412 669
667 670
481 671
74 672
554 673
302 674
489 675
98 676
303 677
274 678
119 679
615 680
613 681
352 682
354 683
426 684
502 685
216 686
646 687
283 688
405 689
443 690
660 691
142 692
184 693
60 694
594 695
415 696
8 697
263 698
57 699
689 700
441 701
186 702
220 703
44 704
530 705
341 706
436 707
225 708
520 709
71 710
517 711
583 712
236 713
526 714
17 715
373 716
251 717
94 718
242 719
664 720
160 721
454 722
400 723
699 724
604 725
390 726
198 727
553 728
468 729
682 730
661 731
522 732
653 733
350 734
404 735
527 736
673 737
6 738
77 739
184 740
596 741
208 742
521 743
267 744
502 745
174 746
742 747
710 748
680 749
168 750
427 751
748 752
523 753
226 754
49 755
180 756
107 757
737 758
395 759
304 760
26 761
119 762
458 763
423 764
468 765
526 766
488 767
501 768
673 769
451 770
15 771
713 772
320 773
393 774
440 775
78 776
3 777
381 778
617 779
348 780
16 781
569 782
742 783
32 784
41 785
182 786
421 787
351 788
779 789
228 790
407 791
140 792
86 793
68 794
567 795
741 796
64 797
438 798
588 799
116 800
306 801
405 802
289 803
39 804
665 805
31 806
84 807
168 808
560 809
21 810
106 811
553 812
428 813
582 814
442 815
751 816
376 817
814 818
535 819
699 820
789 821
322 822
118 823
219 824
521 825
668 826
560 827
67 828
45 829
58 830
178 831
217 832
310 833
118 834
554 835
739 836
400 837
424 838
367 839
83 840
625 841
760 842
341 843
645 844
204 845
434 846
667 847
793 848
660 849
28 850
168 851
44 852
776 853
573 854
402 855
137 856
234 857
149 858
145 859
734 860
129 861
62 862
572 863
765 864
637 865
698 866
818 867
828 868
236 869
844 870
55 871
537 872
152 873
745 874
72 875
72 876
860 877
597 878
172 879
691 880
179 881
466 882
782 883
374 884
627 885
784 886
86 887
574 888
233 889
352 890
704 891
664 892
534 893
439 894
450 895
142 896
77 897
369 898
307 899
241 900
78 901
560 902
821 903
573 904
187 905
823 906
772 907
437 908
508 909
446 910
455 911
220 912
158 913
644 914
897 915
780 916
14 917
620 918
566 919
444 920
282 921
231 922
913 923
197 924
441 925
667 926
638 927
817 928
626 929
373 930
826 931
855 932
629 933
887 934
162 935
830 936
484 937
586 938
322 939
494 940
935 941
48 942
535 943
355 944
752 945
72 946
785 947
682 948
847 949
312 950
171 951
906 952
339 953
788 954
379 955
920 956
850 957
126 958
901 959
199 960
6 961
789 962
376 963
513 964
486 965
364 966
616 967
922 968
770 969
240 970
487 971
285 972
501 973
784 974
503 975
169 976
560 977
456 978
871 979
381 980
717 981
607 982
804 983
108 984
745 985
243 986
16 987
957 988
676 989
11 990
192 991
961 992
480 993
549 994
833 995
290 996
832 997
520 998
737 999
671 1000
337 1001
588 1002
78 1003
599 1004
323 1005
996 1006
449 1007
626 1008
509 1009
861 1010
683 1011
255 1012
230 1013
621 1014
449 1015
522 1016
935 1017
350 1018
371 1019
817 1020
84 1021
96 1022
578 1023
296 1024
963 1025
261 1026
806 1027
792 1028
1021 1029
21 1030
451 1031
882 1032
102 1033
589 1034
679 1035
806 1036
909 1037
943 1038
913 1039
1006 1040
752 1041
224 1042
68 1043
763 1044
436 1045
313 1046
874 1047
563 1048
654 1049
235 1050
456 1051
1030 1052
10 1053
317 1054
616 1055
303 1056
199 1057
186 1058
258 1059
469 1060
78 1061
986 1062
797 1063
246 1064
174 1065
201 1066
1055 1067
1 1068
1039 1069
1030 1070
734 1071
1028 1072
184 1073
884 1074
520 1075
609 1076
1005 1077
225 1078
673 1079
381 1080
462 1081
125 1082
370 1083
584 1084
308 1085
695 1086
42 1087
758 1088
882 1089
397 1090
372 1091
468 1092
450 1093
339 1094
220 1095
170 1096
438 1097
728 1098
344 1099
105 1100
579 1101
120 1102
855 1103
553 1104
264 1105
680 1106
948 1107
461 1108
284 1109
73 1110
1086 1111
824 1112
905 1113
1079 1114
51 1115
562 1116
546 1117
147 1118
504 1119
1041 1120
1010 1121
645 1122
748 1123
962 1124
924 1125
406 1126
58 1127
419 1128
941 1129
870 1130
952 1131
283 1132
986 1133
1089 1134
587 1135
515 1136
1023 1137
493 1138
674 1139
781 1140
1101 1141
48 1142
897 1143
1004 1144
784 1145
497 1146
1106 1147
975 1148
989 1149
576 1150
357 1151
379 1152
377 1153
682 1154
409 1155
612 1156
175 1157
940 1158
114 1159
1158 1160
883 1161
874 1162
572 1163
951 1164
1063 1165
242 1166
1051 1167
650 1168
102 1169
646 1170
857 1171
390 1172
87 1173
951 1174
929 1175
285 1176
404 1177
326 1178
754 1179
293 1180
806 1181
223 1182
1109 1183
681 1184
237 1185
367 1186
623 1187
369 1188
98 1189
726 1190
1044 1191
157 1192
748 1193
644 1194
729 1195
736 1196
968 1197
735 1198
846 1199
918 1200
451 1201
165 1202
816 1203
173 1204
1042 1205
976 1206
453 1207
982 1208
1074 1209
536 1210
301 1211
786 1212
1201 1213
599 1214
819 1215
1139 1216
790 1217
110 1218
1126 1219
1035 1220
45 1221
875 1222
274 1223
1169 1224
185 1225
661 1226
252 1227
541 1228
75 1229
208 1230
757 1231
1059 1232
75 1233
116 1234
1031 1235
12 1236
433 1237
214 1238
85 1239
677 1240
930 1241
626 1242
1004 1243
539 1244
334 1245
1032 1246
715 1247
936 1248
264 1249
523 1250
232 1251
837 1252
840 1253
1128 1254
82 1255
698 1256
345 1257
356 1258
214 1259
619 1260
1234 1261
915 1262
796 1263
1175 1264
775 1265
1160 1266
998 1267
744 1268
1219 1269
1091 1270
879 1271
843 1272
1255 1273
812 1274
681 1275
568 1276
1112 1277
34 1278
461 1279
756 1280
1209 1281
805 1282
396 1283
85 1284
191 1285
632 1286
1133 1287
96 1288
301 1289
110 1290
776 1291
1137 1292
917 1293
454 1294
264 1295
202 1296
505 1297
260 1298
152 1299
786 1300
69 1301
429 1302
587 1303
752 1304
497 1305
1150 1306
376 1307
427 1308
666 1309
48 1310
959 1311
600 1312
711 1313
160 1314
913 1315
915 1316
504 1317
115 1318
1315 1319
1057 1320
545 1321
366 1322
825 1323
285 1324
961 1325
784 1326
1107 1327
921 1328
22 1329
1256 1330
756 1331
902 1332
1144 1333
182 1334
264 1335
693 1336
462 1337
403 1338
301 1339
1249 1340
934 1341
666 1342
731 1343
8 1344
258 1345
450 1346
538 1347
212 1348
17 1349
980 1350
1009 1351
1183 1352
1133 1353
233 1354
951 1355
411 1356
1237 1357
88 1358
1101 1359
886 1360
590 1361
1163 1362
514 1363
229 1364
349 1365
267 1366
508 1367
961 1368
1341 1369
1337 1370
1138 1371
769 1372
1004 1373
606 1374
218 1375
770 1376
715 1377
241 1378
1316 1379
1308 1380
221 1381
1076 1382
1183 1383
1281 1384
515 1385
111 1386
1309 1387
1075 1388
910 1389
262 1390
510 1391
905 1392
229 1393
643 1394
1384 1395
866 1396
332 1397
1159 1398
422 1399
467 1400
623 1401
394 1402
666 1403
996 1404
69 1405
268 1406
279 1407
277 1408
1153 1409
694 1410
389 1411
714 1412
401 1413
189 1414
891 1415
851 1416
437 1417
414 1418
109 1419
216 1420
438 1421
163 1422
360 1423
1276 1424
994 1425
1081 1426
264 1427
917 1428
433 1429
431 1430
552 1431
828 1432
763 1433
1112 1434
1225 1435
348 1436
508 1437
1035 1438
607 1439
1313 1440
641 1441
851 1442
292 1443
409 1444
363 1445
1232 1446
767 1447
258 1448
109 1449
873 1450
353 1451
492 1452
375 1453
1425 1454
810 1455
815 1456
1330 1457
29 1458
475 1459
453 1460
417 1461
68 1462
924 1463
1169 1464
373 1465
876 1466
622 1467
304 1468
523 1469
1045 1470
1302 1471
716 1472
319 1473
982 1474
735 1475
822 1476
749 1477
1142 1478
1193 1479
1355 1480
1040 1481
1385 1482
419 1483
613 1484
344 1485
272 1486
1072 1487
29 1488
550 1489
336 1490
358 1491
385 1492
265 1493
1174 1494
527 1495
1397 1496
176 1497
865 1498
178 1499
80 1500
1329 1501
804 1502
254 1503
1240 1504
546 1505
1197 1506
696 1507
185 1508
221 1509
994 1510
1336 1511
297 1512
1472 1513
110 1514
257 1515
1398 1516
1403 1517
739 1518
682 1519
1502 1520
1315 1521
1089 1522
1181 1523
1101 1524
1032 1525
1166 1526
797 1527
1341 1528
391 1529
12 1530
403 1531
169 1532
641 1533
364 1534
411 1535
197 1536
565 1537
1318 1538
328 1539
1218 1540
540 1541
248 1542
178 1543
1535 1544
100 1545
1033 1546
1245 1547
1227 1548
1043 1549
880 1550
1103 1551
1232 1552
1385 1553
173 1554
1176 1555
1486 1556
1373 1557
390 1558
384 1559
1089 1560
335 1561
58 1562
1287 1563
740 1564
30 1565
1516 1566
1144 1567
449 1568
790 1569
55 1570
484 1571
710 1572
1523 1573
1287 1574
1477 1575
882 1576
274 1577
805 1578
1161 1579
162 1580
305 1581
546 1582
576 1583
1401 1584
234 1585
123 1586
1310 1587
1486 1588
1582 1589
1326 1590
437 1591
1230 1592
1436 1593
727 1594
1070 1595
1054 1596
511 1597
1046 1598
664 1599
1427 1600
71 1601
497 1602
1515 1603
1473 1604
1460 1605
1332 1606
1322 1607
775 1608
945 1609
743 1610
883 1611
373 1612
639 1613
914 1614
1555 1615
1126 1616
1308 1617
556 1618
1422 1619
1604 1620
1088 1621
154 1622
221 1623
918 1624
437 1625
1562 1626
144 1627
446 1628
536 1629
493 1630
899 1631
1472 1632
1087 1633
1349 1634
1065 1635
59 1636
407 1637
1006 1638
238 1639
1118 1640
61 1641
371 1642
1211 1643
1260 1644
1319 1645
847 1646
943 1647
724 1648
1234 1649
1216 1650
638 1651
386 1652
53 1653
1508 1654
1044 1655
1418 1656
1202 1657
1000 1658
768 1659
311 1660
1427 1661
1339 1662
1376 1663
1025 1664
235 1665
1019 1666
1490 1667
255 1668
947 1669
114 1670
1521 1671
948 1672
712 1673
1355 1674
1422 1675
172 1676
680 1677
97 1678
801 1679
537 1680
898 1681
1051 1682
1122 1683
1500 1684
431 1685
344 1686
261 1687
525 1688
1193 1689
61 1690
1536 1691
1100 1692
1231 1693
1403 1694
347 1695
1352 1696
1229 1697
1613 1698
134 1699
130 1700
706 1701
926 1702
1471 1703
119 1704
1290 1705
1456 1706
1379 1707
257 1708
1242 1709
304 1710
1430 1711
81 1712
1465 1713
995 1714
322 1715
265 1716
120 1717
75 1718
637 1719
69 1720
1303 1721
1575 1722
34 1723
320 1724
1198 1725
388 1726
1541 1727
772 1728
476 1729
1283 1730
1451 1731
588 1732
654 1733
224 1734
1408 1735
35 1736
1300 1737
549 1738
534 1739
1734 1740
4 1741
979 1742
513 1743
1329 1744
826 1745
1124 1746
1446 1747
925 1748
1616 1749
1106 1750
1426 1751
282 1752
923 1753
305 1754
461 1755
1350 1756
855 1757
114 1758
704 1759
795 1760
1618 1761
1631 1762
1649 1763
349 1764
914 1765
1084 1766
1054 1767
1030 1768
869 1769
749 1770
233 1771
1001 1772
1675 1773
686 1774
764 1775
69 1776
1358 1777
226 1778
46 1779
558 1780
577 1781
1098 1782
1669 1783
901 1784
983 1785
1556 1786
840 1787
1266 1788
1315 1789
705 1790
730 1791
178 1792
1698 1793
164 1794
176 1795
555 1796
1318 1797
595 1798
461 1799
546 1800
28 1801
667 1802
1686 1803
1198 1804
335 1805
493 1806
1581 1807
260 1808
1142 1809
297 1810
734 1811
638 1812
753 1813
1124 1814
797 1815
838 1816
807 1817
1560 1818
334 1819
854 1820
391 1821
192 1822
949 1823
1213 1824
1113 1825
1505 1826
1422 1827
590 1828
432 1829
218 1830
1265 1831
8 1832
1627 1833
272 1834
1171 1835
268 1836
1460 1837
785 1838
546 1839
407 1840
1680 1841
1635 1842
473 1843
122 1844
1382 1845
857 1846
661 1847
63 1848
1236 1849
1719 1850
75 1851
1218 1852
1716 1853
1107 1854
694 1855
184 1856
622 1857
510 1858
1610 1859
415 1860
1704 1861
447 1862
29 1863
1129 1864
1388 1865
1764 1866
1515 1867
1179 1868
472 1869
349 1870
1817 1871
1196 1872
263 1873
193 1874
714 1875
367 1876
458 1877
1844 1878
457 1879
1013 1880
1510 1881
974 1882
1422 1883
1244 1884
1718 1885
848 1886
455 1887
1733 1888
104 1889
58 1890
673 1891
651 1892
1711 1893
47 1894
1574 1895
793 1896
814 1897
993 1898
1752 1899
928 1900
1125 1901
805 1902
1858 1903
1432 1904
646 1905
1413 1906
374 1907
515 1908
1078 1909
1595 1910
1104 1911
693 1912
771 1913
891 1914
1205 1915
1594 1916
1164 1917
1450 1918
187 1919
1143 1920
296 1921
8 1922
1045 1923
1442 1924
301 1925
951 1926
1344 1927
1719 1928
1456 1929
726 1930
1462 1931
1142 1932
408 1933
1481 1934
1306 1935
1167 1936
1817 1937
688 1938
395 1939
1823 1940
1705 1941
1456 1942
1723 1943
1664 1944
1641 1945
252 1946
126 1947
1013 1948
295 1949
732 1950
843 1951
214 1952
316 1953
521 1954
1416 1955
77 1956
1707 1957
33 1958
1394 1959
116 1960
693 1961
932 1962
403 1963
8 1964
1029 1965
1742 1966
683 1967
543 1968
1040 1969
1030 1970
1252 1971
386 1972
1904 1973
667 1974
582 1975
580 1976
1604 1977
1586 1978
1748 1979
351 1980
908 1981
908 1982
941 1983
1460 1984
1547 1985
369 1986
606 1987
659 1988
1087 1989
1222 1990
1855 1991
1893 1992
1880 1993
255 1994
1676 1995
1439 1996
1306 1997
1062 1998
1690 1999
1821 2000
555 2001
160 2002
1183 2003
1007 2004
1881 2005
1071 2006
1574 2007
146 2008
1324 2009
380 2010
1186 2011
412 2012
1547 2013
452 2014
1751 2015
268 2016
332 2017
140 2018
693 2019
481 2020
117 2021
1221 2022
219 2023
222 2024
666 2025
517 2026
1989 2027
665 2028
1882 2029
558 2030
1166 2031
635 2032
797 2033
1829 2034
1278 2035
779 2036
1932 2037
203 2038
1914 2039
1870 2040
76 2041
1036 2042
535 2043
1516 2044
1720 2045
228 2046
966 2047
1664 2048
926 2049
6 2050
1584 2051
1024 2052
980 2053
553 2054
440 2055
362 2056
1438 2057
86 2058
857 2059
772 2060
486 2061
63 2062
83 2063
773 2064
1624 2065
860 2066
853 2067
643 2068
600 2069
1315 2070
1832 2071
1083 2072
1979 2073
525 2074
1528 2075
1807 2076
1596 2077
1431 2078
266 2079
1348 2080
147 2081
1196 2082
975 2083
813 2084
499 2085
520 2086
1783 2087
354 2088
810 2089
1674 2090
1937 2091
1115 2092
425 2093
134 2094
1726 2095
515 2096
313 2097
1299 2098
1084 2099
1513 2100
275 2101
152 2102
1066 2103
489 2104
546 2105
1809 2106
1117 2107
25 2108
111 2109
639 2110
819 2111
830 2112
1978 2113
615 2114
2017 2115
1119 2116
222 2117
1148 2118
1263 2119
1113 2120
1523 2121
450 2122
925 2123
1403 2124
43 2125
2008 2126
1986 2127
470 2128
1314 2129
1620 2130
882 2131
1310 2132
1864 2133
1623 2134
245 2135
1228 2136
1041 2137
1944 2138
164 2139
1835 2140
208 2141
686 2142
1313 2143
1912 2144
1084 2145
1454 2146
1753 2147
478 2148
931 2149
602 2150
132 2151
767 2152
985 2153
1848 2154
740 2155
2044 2156
1425 2157
384 2158
806 2159
1078 2160
1320 2161
952 2162
308 2163
1916 2164
2081 2165
2028 2166
745 2167
1223 2168
1105 2169
1611 2170
1239 2171
197 2172
83 2173
566 2174
2030 2175
1475 2176
159 2177
1113 2178
1994 2179
1792 2180
1039 2181
1995 2182
1822 2183
1737 2184
285 2185
2159 2186
295 2187
1206 2188
1336 2189
1907 2190
437 2191
270 2192
1771 2193
1623 2194
1987 2195
817 2196
2040 2197
1889 2198
581 2199
1135 2200
1952 2201
868 2202
935 2203
1253 2204
1021 2205
1669 2206
559 2207
693 2208
1277 2209
1314 2210
1777 2211
402 2212
2047 2213
2201 2214
810 2215
2179 2216
328 2217
417 2218
1614 2219
696 2220
1706 2221
168 2222
1548 2223
1848 2224
600 2225
1832 2226
70 2227
3 2228
1438 2229
1314 2230
1664 2231
626 2232
1198 2233
2053 2234
779 2235
374 2236
584 2237
1950 2238
1061 2239
1476 2240
2114 2241
253 2242
620 2243
1931 2244
735 2245
1072 2246
1657 2247
106 2248
2096 2249
742 2250
2048 2251
974 2252
414 2253
1991 2254
912 2255
2057 2256
572 2257
2081 2258
80 2259
1964 2260
1308 2261
1958 2262
101 2263
1961 2264
1282 2265
234 2266
1405 2267
442 2268
259 2269
377 2270
175 2271
1494 2272
621 2273
1601 2274
401 2275
847 2276
1915 2277
603 2278
293 2279
1115 2280
1447 2281
1641 2282
1653 2283
1170 2284
2008 2285
606 2286
1883 2287
654 2288
1109 2289
1831 2290
704 2291
1767 2292
312 2293
34 2294
478 2295
682 2296
265 2297
1551 2298
1902 2299
1157 2300
301 2301
967 2302
1341 2303
2096 2304
291 2305
1004 2306
537 2307
1151 2308
112 2309
1713 2310
949 2311
1148 2312
2251 2313
1973 2314
120 2315
29 2316
679 2317
1398 2318
1624 2319
286 2320
1664 2321
129 2322
1989 2323
1515 2324
397 2325
685 2326
1288 2327
2118 2328
1426 2329
1200 2330
1023 2331
803 2332
1520 2333
1166 2334
812 2335
2070 2336
2019 2337
1256 2338
1193 2339
2035 2340
914 2341
537 2342
2192 2343
250 2344
2018 2345
2046 2346
1317 2347
2099 2348
1589 2349
785 2350
601 2351
1371 2352
303 2353
1812 2354
1305 2355
1411 2356
465 2357
149 2358
183 2359
562 2360
16 2361
1115 2362
593 2363
1695 2364
118 2365
1927 2366
2336 2367
1143 2368
1842 2369
1905 2370
846 2371
1256 2372
1401 2373
1073 2374
1889 2375
1180 2376
942 2377
1141 2378
666 2379
1788 2380
1696 2381
2290 2382
698 2383
2039 2384
184 2385
1149 2386
1397 2387
1431 2388
318 2389
2292 2390
1028 2391
373 2392
1334 2393
1687 2394
2275 2395
895 2396
388 2397
1726 2398
2274 2399
189 2400
2327 2401
899 2402
633 2403
1475 2404
2174 2405
1041 2406
1079 2407
271 2408
753 2409
1046 2410
921 2411
632 2412
2307 2413
632 2414
1269 2415
837 2416
1441 2417
576 2418
801 2419
285 2420
1579 2421
1967 2422
1701 2423
2393 2424
1271 2425
845 2426
2271 2427
1428 2428
2041 2429
1136 2430
1215 2431
1115 2432
1159 2433
616 2434
1677 2435
1042 2436
1173 2437
373 2438
604 2439
1319 2440
552 2441
2189 2442
1423 2443
1052 2444
1774 2445
904 2446
1027 2447
1973 2448
60 2449
2057 2450
4 2451
1582 2452
1016 2453
1584 2454
486 2455
460 2456
359 2457
1250 2458
1478 2459
690 2460
1479 2461
1530 2462
2230 2463
2001 2464
1962 2465
2232 2466
1846 2467
2300 2468
1193 2469
614 2470
1885 2471
2080 2472
515 2473
346 2474
2184 2475
1366 2476
1602 2477
440 2478
836 2479
692 2480
1498 2481
383 2482
669 2483
1897 2484
1564 2485
672 2486
2262 2487
2118 2488
65 2489
2250 2490
1212 2491
2176 2492
474 2493
181 2494
843 2495
1268 2496
2202 2497
1332 2498
1195 2499
343 2500
1729 2501
242 2502
2190 2503
2085 2504
1097 2505
181 2506
1224 2507
1002 2508
2151 2509
2200 2510
341 2511
453 2512
1981 2513
2477 2514
679 2515
356 2516
941 2517
2065 2518
301 2519
1858 2520
773 2521
2459 2522
1245 2523
1437 2524
1920 2525
532 2526
682 2527
7 2528
1503 2529
415 2530
2460 2531
198 2532
702 2533
780 2534
178 2535
91 2536
1866 2537
1669 2538
1919 2539
2277 2540
391 2541
1733 2542
397 2543
215 2544
1983 2545
1307 2546
1876 2547
721 2548
2290 2549
757 2550
1662 2551
83 2552
40 2553
747 2554
523 2555
56 2556
2487 2557
2386 2558
426 2559
1464 2560
1721 2561
1696 2562
1687 2563
2068 2564
74 2565
548 2566
512 2567
773 2568
2463 2569
1537 2570
987 2571
1203 2572
764 2573
2363 2574
666 2575
263 2576
1714 2577
894 2578
552 2579
858 2580
196 2581
1824 2582
794 2583
1932 2584
2151 2585
1122 2586
1176 2587
769 2588
994 2589
309 2590
1230 2591
1718 2592
1112 2593
2293 2594
606 2595
1634 2596
1313 2597
298 2598
1503 2599
398 2600
602 2601
37 2602
18 2603
2114 2604
2333 2605
1520 2606
2601 2607
740 2608
1050 2609
1120 2610
1812 2611
1386 2612
2182 2613
2224 2614
219 2615
2330 2616
742 2617
1839 2618
1849 2619
652 2620
1627 2621
917 2622
590 2623
230 2624
1729 2625
1788 2626
666 2627
1561 2628
1284 2629
2487 2630
1986 2631
1708 2632
1078 2633
362 2634
1218 2635
859 2636
2581 2637
2292 2638
1752 2639
673 2640
2022 2641
1145 2642
1104 2643
339 2644
1901 2645
942 2646
1372 2647
2539 2648
1181 2649
1255 2650
524 2651
935 2652
1773 2653
659 2654
1785 2655
2421 2656
1382 2657
2401 2658
1919 2659
1619 2660
1927 2661
1734 2662
2102 2663
1390 2664
1178 2665
207 2666
1679 2667
1652 2668
2317 2669
1898 2670
4 2671
2137 2672
593 2673
2369 2674
1289 2675
2377 2676
236 2677
477 2678
44 2679
1872 2680
442 2681
631 2682
1173 2683
1278 2684
2463 2685
1685 2686
1189 2687
842 2688
862 2689
356 2690
2371 2691
584 2692
1897 2693
1309 2694
1528 2695
489 2696
2341 2697
95 2698
1062 2699
193 2700
2246 2701
2099 2702
1976 2703
2054 2704
220 2705
832 2706
1318 2707
2488 2708
1173 2709
64 2710
1871 2711
552 2712
144 2713
1970 2714
671 2715
1764 2716
2006 2717
710 2718
1680 2719
1197 2720
1052 2721
861 2722
557 2723
1509 2724
189 2725
1498 2726
2034 2727
2507 2728
1875 2729
2185 2730
940 2731
1870 2732
2025 2733
733 2734
1338 2735
291 2736
1885 2737
299 2738
2239 2739
1915 2740
2323 2741
1886 2742
102 2743
619 2744
2502 2745
2668 2746
108 2747
1599 2748
2586 2749
381 2750
1723 2751
1970 2752
1873 2753
1689 2754
2602 2755
143 2756
28 2757
551 2758
616 2759
2481 2760
2294 2761
1245 2762
2615 2763
970 2764
1140 2765
1846 2766
992 2767
37 2768
141 2769
2301 2770
150 2771
2439 2772
1915 2773
1441 2774
1106 2775
2702 2776
851 2777
2318 2778
1208 2779
475 2780
801 2781
655 2782
269 2783
2629 2784
1556 2785
987 2786
1230 2787
1908 2788
2569 2789
1862 2790
2670 2791
2621 2792
751 2793
2145 2794
1806 2795
2629 2796
786 2797
2685 2798
1315 2799
2491 2800
695 2801
518 2802
2773 2803
2259 2804
19 2805
711 2806
2793 2807
1242 2808
1056 2809
2614 2810
704 2811
769 2812
43 2813
2022 2814
99 2815
567 2816
2233 2817
1136 2818
399 2819
2735 2820
405 2821
756 2822
2718 2823
533 2824
875 2825
2406 2826
482 2827
2037 2828
1610 2829
240 2830
938 2831
2636 2832
2435 2833
1087 2834
832 2835
556 2836
1079 2837
841 2838
695 2839
1944 2840
2029 2841
714 2842
1471 2843
678 2844
2500 2845
1066 2846
2011 2847
666 2848
1668 2849
899 2850
2781 2851
1462 2852
591 2853
2293 2854
435 2855
955 2856
589 2857
202 2858
1188 2859
1628 2860
353 2861
1930 2862
35 2863
780 2864
2704 2865
2042 2866
955 2867
1441 2868
1978 2869
1464 2870
1067 2871
1520 2872
2151 2873
480 2874
2224 2875
279 2876
174 2877
2055 2878
2381 2879
475 2880
1733 2881
1370 2882
1958 2883
614 2884
468 2885
219 2886
2415 2887
1910 2888
356 2889
2021 2890
1089 2891
2074 2892
1863 2893
2575 2894
628 2895
1185 2896
1288 2897
1586 2898
2474 2899
681 2900
420 2901
87 2902
2709 2903
1516 2904
375 2905
149 2906
1469 2907
2180 2908
1260 2909
1713 2910
616 2911
35 2912
603 2913
1062 2914
142 2915
589 2916
2413 2917
62 2918
541 2919
1222 2920
1922 2921
1421 2922
2471 2923
814 2924
794 2925
2837 2926
760 2927
2193 2928
1040 2929
2692 2930
652 2931
946 2932
1329 2933
2276 2934
2247 2935
1187 2936
1091 2937
270 2938
2469 2939
426 2940
2533 2941
762 2942
947 2943
2356 2944
713 2945
1782 2946
236 2947
1234 2948
1987 2949
607 2950
1480 2951
918 2952
636 2953
1358 2954
2346 2955
127 2956
867 2957
152 2958
1261 2959
998 2960
131 2961
1904 2962
1847 2963
440 2964
2335 2965
2183 2966
1198 2967
713 2968
1211 2969
390 2970
1590 2971
1435 2972
791 2973
142 2974
1969 2975
1397 2976
1680 2977
14 2978
2040 2979
1344 2980
15 2981
1415 2982
1572 2983
2764 2984
2771 2985
644 2986
2446 2987
1648 2988
931 2989
2134 2990
2055 2991
2701 2992
68 2993
1320 2994
1110 2995
745 2996
2482 2997
240 2998
972 2999
472 3000
2890 3001
2056 3002
1913 3003
585 3004
1459 3005
1759 3006
1239 3007
2373 3008
863 3009
2125 3010
2454 3011
1914 3012
2036 3013
1404 3014
1817 3015
2453 3016
326 3017
2278 3018
1222 3019
216 3020
1620 3021
2304 3022
1379 3023
1011 3024
2985 3025
1968 3026
2017 3027
250 3028
2351 3029
2334 3030
626 3031
526 3032
2980 3033
962 3034
2075 3035
99 3036
294 3037
2413 3038
2778 3039
1162 3040
203 3041
591 3042
2099 3043
1782 3044
888 3045
2272 3046
190 3047
2180 3048
881 3049
960 3050
549 3051
1646 3052
1497 3053
2747 3054
2142 3055
2564 3056
2768 3057
1166 3058
2798 3059
788 3060
1858 3061
1793 3062
1723 3063
1869 3064
1850 3065
2183 3066
971 3067
2169 3068
893 3069
482 3070
2481 3071
2120 3072
274 3073
2602 3074
33 3075
2075 3076
1408 3077
1998 3078
1515 3079
1767 3080
1560 3081
131 3082
340 3083
1708 3084
2847 3085
347 3086
2611 3087
1009 3088
1589 3089
777 3090
2142 3091
1924 3092
1363 3093
1475 3094
2766 3095
2759 3096
2304 3097
1246 3098
2184 3099
2358 3100
1838 3101
2376 3102
2048 3103
2717 3104
160 3105
2554 3106
1983 3107
30 3108
1143 3109
844 3110
205 3111
2642 3112
1859 3113
2896 3114
1268 3115
2442 3116
1620 3117
2681 3118
3073 3119
48 3120
2409 3121
312 3122
3003 3123
1177 3124
2075 3125
333 3126
2767 3127
657 3128
1796 3129
3078 3130
2967 3131
987 3132
2371 3133
1578 3134
2366 3135
978 3136
554 3137
586 3138
1446 3139
875 3140
2263 3141
2618 3142
3107 3143
344 3144
2119 3145
2526 3146
792 3147
233 3148
1742 3149
2763 3150
1975 3151
1859 3152
2958 3153
2101 3154
2438 3155
1933 3156
2093 3157
224 3158
1393 3159
1634 3160
758 3161
530 3162
2309 3163
1773 3164
2643 3165
1688 3166
2743 3167
2215 3168
701 3169
825 3170
2168 3171
1467 3172
2718 3173
1653 3174
2331 3175
2969 3176
2358 3177
358 3178
777 3179
2188 3180
2600 3181
377 3182
1987 3183
380 3184
409 3185
2070 3186
2901 3187
279 3188
115 3189
181 3190
1908 3191
1348 3192
1895 3193
1677 3194
885 3195
155 3196
1446 3197
66 3198
1931 3199
1940 3200
27 3201
530 3202
1377 3203
2999 3204
825 3205
2472 3206
2289 3207
1863 3208
1712 3209
2444 3210
2004 3211
1994 3212
2645 3213
2933 3214
2070 3215
2542 3216
1894 3217
1545 3218
799 3219
3179 3220
2726 3221
2828 3222
2915 3223
1967 3224
2810 3225
1025 3226
1775 3227
2421 3228
2123 3229
1814 3230
1965 3231
2363 3232
1409 3233
1552 3234
200 3235
2891 3236
110 3237
1524 3238
576 3239
1131 3240
3134 3241
3240 3242
912 3243
1807 3244
1602 3245
635 3246
1477 3247
1045 3248
3086 3249
1829 3250
295 3251
2991 3252
1000 3253
2201 3254
1730 3255
564 3256
1807 3257
663 3258
1767 3259
1215 3260
1311 3261
1923 3262
968 3263
715 3264
2033 3265
2709 3266
1135 3267
2319 3268
1743 3269
3106 3270
1944 3271
2878 3272
1685 3273
1687 3274
1920 3275
3130 3276
1383 3277
1181 3278
1838 3279
122 3280
2026 3281
772 3282
1732 3283
1589 3284
3259 3285
3161 3286
1812 3287
542 3288
59 3289
2065 3290
1843 3291
1535 3292
1093 3293
358 3294
3203 3295
3077 3296
1396 3297
2599 3298
1980 3299
727 3300
1716 3301
742 3302
2772 3303
1743 3304
1509 3305
2919 3306
1607 3307
2767 3308
359 3309
2116 3310
3286 3311
1648 3312
3068 3313
1670 3314
2021 3315
459 3316
391 3317
2779 3318
544 3319
1681 3320
841 3321
2292 3322
1081 3323
1547 3324
1736 3325
991 3326
3137 3327
190 3328
459 3329
923 3330
2969 3331
2098 3332
3083 3333
1865 3334
871 3335
484 3336
2841 3337
2209 3338
330 3339
2079 3340
717 3341
2744 3342
213 3343
1883 3344
1004 3345
817 3346
1792 3347
1333 3348
1259 3349
3001 3350
3219 3351
1632 3352
316 3353
641 3354
2042 3355
1376 3356
2767 3357
353 3358
1837 3359
946 3360
2306 3361
739 3362
2673 3363
679 3364
592 3365
3077 3366
2557 3367
912 3368
3265 3369
1345 3370
336 3371
1854 3372
1671 3373
3309 3374
1704 3375
635 3376
148 3377
1589 3378
156 3379
2444 3380
485 3381
2757 3382
1491 3383
3091 3384
1807 3385
2306 3386
846 3387
28 3388
2959 3389
3208 3390
190 3391
1969 3392
3097 3393
2534 3394
221 3395
1000 3396
1799 3397
3262 3398
163 3399
1347 3400
3162 3401
509 3402
1838 3403
1923 3404
1052 3405
1523 3406
368 3407
242 3408
1337 3409
1323 3410
444 3411
2066 3412
2093 3413
1391 3414
2762 3415
1471 3416
3046 3417
1750 3418
1185 3419
1879 3420
3417 3421
1800 3422
2522 3423
611 3424
266 3425
205 3426
90 3427
1086 3428
3304 3429
928 3430
2034 3431
3254 3432
3422 3433
1045 3434
3105 3435
725 3436
1523 3437
2144 3438
2337 3439
3219 3440
1219 3441
1281 3442
779 3443
2933 3444
3052 3445
1254 3446
2900 3447
295 3448
934 3449
572 3450
2312 3451
1833 3452
1242 3453
1636 3454
3251 3455
2155 3456
807 3457
222 3458
2236 3459
3365 3460
2458 3461
1196 3462
1789 3463
1331 3464
1589 3465
2641 3466
3393 3467
3395 3468
1944 3469
1893 3470
521 3471
3053 3472
2864 3473
3206 3474
673 3475
3263 3476
45 3477
1313 3478
2359 3479
2694 3480
466 3481
847 3482
2184 3483
526 3484
1922 3485
395 3486
1683 3487
782 3488
880 3489
1308 3490
3045 3491
2515 3492
1160 3493
2951 3494
1390 3495
619 3496
1463 3497
1744 3498
1691 3499
1229 3500
738 3501
2100 3502
3333 3503
809 3504
1552 3505
2524 3506
1340 3507
2967 3508
831 3509
92 3510
683 3511
1888 3512
1913 3513
2098 3514
2857 3515
1831 3516
433 3517
541 3518
2839 3519
1238 3520
1396 3521
2225 3522
2301 3523
2009 3524
3441 3525
785 3526
880 3527
2510 3528
383 3529
2112 3530
3179 3531
2042 3532
1589 3533
1819 3534
850 3535
3431 3536
858 3537
323 3538
687 3539
527 3540
57 3541
70 3542
2746 3543
773 3544
220 3545
1149 3546
2620 3547
1658 3548
1724 3549
965 3550
3203 3551
2420 3552
1010 3553
2465 3554
1477 3555
1763 3556
65 3557
3426 3558
1576 3559
2335 3560
2718 3561
1130 3562
808 3563
1036 3564
1 3565
2580 3566
22 3567
682 3568
1201 3569
1967 3570
1580 3571
1492 3572
2096 3573
2795 3574
725 3575
3444 3576
1676 3577
487 3578
550 3579
3118 3580
3514 3581
3528 3582
968 3583
2264 3584
1202 3585
1500 3586
3317 3587
430 3588
2236 3589
642 3590
1465 3591
1448 3592
3096 3593
1617 3594
2368 3595
2441 3596
440 3597
1249 3598
452 3599
2458 3600
1153 3601
50 3602
1281 3603
2133 3604
3324 3605
2110 3606
3417 3607
816 3608
1207 3609
1259 3610
173 3611
3551 3612
3300 3613
3144 3614
1068 3615
872 3616
2318 3617
3059 3618
2451 3619
112 3620
677 3621
2801 3622
1199 3623
1093 3624
706 3625
3102 3626
3145 3627
2515 3628
1596 3629
2752 3630
717 3631
162 3632
382 3633
3279 3634
626 3635
1533 3636
770 3637
2980 3638
1103 3639
1689 3640
2969 3641
2136 3642
2051 3643
651 3644
1337 3645
406 3646
2502 3647
3450 3648
1763 3649
3144 3650
2778 3651
2287 3652
547 3653
823 3654
1107 3655
3529 3656
2625 3657
781 3658
2688 3659
3265 3660
3392 3661
790 3662
3555 3663
2123 3664
1464 3665
3044 3666
2959 3667
715 3668
1157 3669
1951 3670
2781 3671
839 3672
677 3673
742 3674
1328 3675
1153 3676
1578 3677
982 3678
3652 3679
1289 3680
2750 3681
54 3682
1271 3683
1419 3684
2861 3685
74 3686
2265 3687
1130 3688
1968 3689
2062 3690
710 3691
96 3692
3445 3693
1931 3694
810 3695
2832 3696
586 3697
1601 3698
32 3699
666 3700
1902 3701
2678 3702
2276 3703
1768 3704
2925 3705
115 3706
1146 3707
3626 3708
3341 3709
943 3710
1774 3711
413 3712
1295 3713
1080 3714
3350 3715
3259 3716
2608 3717
87 3718
2295 3719
2975 3720
583 3721
986 3722
2336 3723
202 3724
2012 3725
3567 3726
846 3727
3300 3728
2455 3729
504 3730
2680 3731
1919 3732
1874 3733
107 3734
2372 3735
407 3736
372 3737
1860 3738
1046 3739
3694 3740
1622 3741
3662 3742
1918 3743
1886 3744
578 3745
3394 3746
1601 3747
1211 3748
333 3749
2932 3750
1302 3751
918 3752
2206 3753
3403 3754
1708 3755
1931 3756
91 3757
391 3758
2333 3759
2962 3760
2545 3761
3293 3762
53 3763
422 3764
203 3765
1269 3766
2577 3767
1564 3768
3023 3769
875 3770
1040 3771
3167 3772
2491 3773
418 3774
564 3775
3313 3776
999 3777
2413 3778
3558 3779
3573 3780
3686 3781
2620 3782
2947 3783
2528 3784
158 3785
461 3786
1563 3787
3676 3788
2649 3789
3731 3790
3358 3791
1416 3792
1636 3793
2903 3794
2155 3795
358 3796
1863 3797
2776 3798
279 3799
293 3800
2665 3801
2344 3802
2321 3803
2511 3804
1283 3805
3238 3806
3360 3807
3183 3808
794 3809
2537 3810
2558 3811
741 3812
52 3813
1953 3814
2511 3815
2827 3816
2484 3817
1462 3818
3185 3819
3088 3820
78 3821
3775 3822
419 3823
3813 3824
2872 3825
2671 3826
1754 3827
2038 3828
2120 3829
1710 3830
1573 3831
3119 3832
2644 3833
3063 3834
2425 3835
3698 3836
2345 3837
1685 3838
1519 3839
1393 3840
2862 3841
682 3842
3686 3843
3341 3844
2479 3845
2599 3846
1818 3847
3385 3848
3233 3849
156 3850
1997 3851
445 3852
1381 3853
1280 3854
1848 3855
344 3856
2776 3857
2490 3858
2068 3859
380 3860
1631 3861
1106 3862
3615 3863
493 3864
1295 3865
2980 3866
2657 3867
1375 3868
3348 3869
2310 3870
1780 3871
3012 3872
429 3873
2366 3874
433 3875
3567 3876
1745 3877
2734 3878
188 3879
286 3880
1633 3881
1356 3882
2082 3883
1192 3884
2224 3885
1325 3886
3576 3887
324 3888
3075 3889
3280 3890
3409 3891
108 3892
1609 3893
2963 3894
3219 3895
2624 3896
2125 3897
777 3898
1014 3899
701 3900
2460 3901
2528 3902
686 3903
2876 3904
2184 3905
3311 3906
3883 3907
3832 3908
2625 3909
3017 3910
2683 3911
2205 3912
714 3913
810 3914
3333 3915
3 3916
2334 3917
925 3918
2536 3919
3051 3920
2557 3921
1784 3922
1010 3923
412 3924
1809 3925
3743 3926
1248 3927
1903 3928
1156 3929
3739 3930
3853 3931
1577 3932
1742 3933
2350 3934
1486 3935
3926 3936
403 3937
2724 3938
2670 3939
202 3940
1399 3941
464 3942
3906 3943
2563 3944
1183 3945
3634 3946
510 3947
2369 3948
3237 3949
232 3950
1757 3951
3913 3952
183 3953
2908 3954
3292 3955
1415 3956
1584 3957
760 3958
240 3959
1984 3960
623 3961
2222 3962
693 3963
2829 3964
1454 3965
1739 3966
579 3967
2061 3968
1304 3969
1337 3970
3429 3971
2545 3972
726 3973
1284 3974
2590 3975
3433 3976
3779 3977
2252 3978
775 3979
319 3980
687 3981
2739 3982
1541 3983
1620 3984
2841 3985
574 3986
1852 3987
502 3988
3751 3989
3543 3990
1161 3991
933 3992
1068 3993
1636 3994
759 3995
3741 3996
1221 3997
3098 3998
3063 3999
3253 4000
166 4001
3007 4002
20 4003
1703 4004
2325 4005
3390 4006
2211 4007
2980 4008
2459 4009
273 4010
632 4011
1435 4012
3580 4013
2137 4014
3559 4015
2608 4016
3116 4017
708 4018
3232 4019
3224 4020
501 4021
936 4022
2937 4023
2343 4024
2943 4025
2756 4026
2164 4027
1752 4028
772 4029
3393 4030
3702 4031
1515 4032
267 4033
3321 4034
2136 4035
1037 4036
3087 4037
2685 4038
552 4039
1332 4040
1460 4041
3202 4042
1674 4043
704 4044
3431 4045
4005 4046
2449 4047
2481 4048
3890 4049
3725 4050
114 4051
3179 4052
495 4053
2827 4054
3607 4055
2889 4056
3049 4057
3747 4058
278 4059
3347 4060
637 4061
939 4062
3779 4063
1970 4064
2457 4065
2664 4066
974 4067
2085 4068
1150 4069
1644 4070
1786 4071
2072 4072
797 4073
3586 4074
970 4075
2605 4076
1508 4077
497 4078
396 4079
913 4080
395 4081
1287 4082
3055 4083
1686 4084
1444 4085
4073 4086
1102 4087
507 4088
2768 4089
1536 4090
2150 4091
3294 4092
3788 4093
2151 4094
2264 4095
2997 4096
3983 4097
3129 4098
2573 4099
1385 4100
2514 4101
3715 4102
1367 4103
1345 4104
406 4105
2571 4106
1209 4107
2007 4108
2434 4109
1173 4110
1920 4111
3496 4112
1817 4113
2310 4114
2497 4115
209 4116
2239 4117
1587 4118
1452 4119
2611 4120
1550 4121
1563 4122
2413 4123
743 4124
1501 4125
3809 4126
2995 4127
536 4128
4089 4129
3176 4130
2797 4131
1300 4132
2884 4133
148 4134
2021 4135
272 4136
1743 4137
2829 4138
1541 4139
702 4140
3016 4141
1030 4142
911 4143
3113 4144
2880 4145
995 4146
1701 4147
1110 4148
4084 4149
99 4150
3668 4151
2828 4152
1889 4153
885 4154
2715 4155
3657 4156
1286 4157
3619 4158
3806 4159
1241 4160
2814 4161
2441 4162
3559 4163
603 4164
2963 4165
1575 4166
3278 4167
1421 4168
2241 4169
3694 4170
3528 4171
4023 4172
1621 4173
951 4174
2482 4175
1710 4176
2151 4177
139 4178
1301 4179
1384 4180
2984 4181
2881 4182
3820 4183
3267 4184
1304 4185
3104 4186
3164 4187
3067 4188
4094 4189
585 4190
1146 4191
3356 4192
1491 4193
383 4194
2217 4195
2026 4196
1719 4197
2194 4198
2327 4199
1777 4200
1294 4201
1906 4202
1342 4203
2346 4204
3336 4205
3733 4206
660 4207
1792 4208
3009 4209
1037 4210
750 4211
3574 4212
2391 4213
2067 4214
2900 4215
629 4216
3378 4217
478 4218
195 4219
552 4220
1633 4221
1540 4222
2506 4223
1790 4224
3397 4225
4010 4226
3944 4227
915 4228
2138 4229
2819 4230
251 4231
457 4232
3449 4233
1432 4234
2043 4235
4190 4236
1915 4237
3448 4238
995 4239
203 4240
194 4241
3817 4242
4189 4243
1556 4244
1506 4245
2829 4246
520 4247
3872 4248
1395 4249
3132 4250
3550 4251
3199 4252
481 4253
3044 4254
390 4255
2554 4256
705 4257
87 4258
2681 4259
1325 4260
789 4261
3480 4262
2899 4263
1135 4264
877 4265
1552 4266
3689 4267
2233 4268
306 4269
4257 4270
1983 4271
876 4272
1901 4273
3536 4274
3954 4275
3137 4276
4004 4277
681 4278
2362 4279
1009 4280
1569 4281
4218 4282
3854 4283
1140 4284
2920 4285
1265 4286
1567 4287
283 4288
2598 4289
3937 4290
540 4291
2177 4292
1527 4293
2366 4294
2488 4295
518 4296
614 4297
97 4298
997 4299
2729 4300
3430 4301
833 4302
4224 4303
1671 4304
2167 4305
4192 4306
1799 4307
1493 4308
1686 4309
1931 4310
2146 4311
3798 4312
3121 4313
3585 4314
2916 4315
3830 4316
2630 4317
1922 4318
854 4319
1906 4320
3780 4321
3114 4322
1088 4323
146 4324
2543 4325
1505 4326
445 4327
3974 4328
2504 4329
1789 4330
1970 4331
3505 4332
3780 4333
180 4334
3705 4335
3489 4336
3122 4337
479 4338
2803 4339
1177 4340
506 4341
3299 4342
1438 4343
3055 4344
403 4345
1802 4346
2948 4347
1778 4348
3465 4349
418 4350
3527 4351
4234 4352
778 4353
1770 4354
1991 4355
693 4356
1897 4357
630 4358
2716 4359
4094 4360
3763 4361
3444 4362
3955 4363
718 4364
3347 4365
291 4366
3510 4367
714 4368
3289 4369
2526 4370
1415 4371
3129 4372
406 4373
2722 4374
3772 4375
3349 4376
3572 4377
1219 4378
2591 4379
4219 4380
4032 4381
2319 4382
3111 4383
2340 4384
2231 4385
1428 4386
4224 4387
416 4388
3310 4389
2319 4390
3273 4391
2708 4392
4252 4393
913 4394
3162 4395
3625 4396
1407 4397
2116 4398
418 4399
2740 4400
1206 4401
115 4402
2430 4403
4391 4404
1365 4405
2780 4406
2762 4407
2463 4408
2316 4409
1084 4410
4044 4411
3316 4412
1 4413
2054 4414
536 4415
3840 4416
2232 4417
3730 4418
2552 4419
4189 4420
2938 4421
2411 4422
3774 4423
516 4424
3516 4425
2942 4426
1909 4427
2967 4428
3026 4429
3533 4430
2131 4431
2283 4432
3934 4433
464 4434
3558 4435
350 4436
3768 4437
829 4438
3686 4439
1953 4440
3438 4441
297 4442
1812 4443
293 4444
2052 4445
4322 4446
2005 4447
3204 4448
2565 4449
2185 4450
1388 4451
3118 4452
2630 4453
3084 4454
949 4455
2341 4456
1438 4457
148 4458
1384 4459
2451 4460
4377 4461
880 4462
4191 4463
1340 4464
4179 4465
496 4466
844 4467
2909 4468
1038 4469
761 4470
3064 4471
2821 4472
3092 4473
4260 4474
3780 4475
3001 4476
4114 4477
4217 4478
1161 4479
3984 4480
188 4481
3413 4482
571 4483
3569 4484
2959 4485
4264 4486
3397 4487
870 4488
3517 4489
3769 4490
3836 4491
3843 4492
2809 4493
642 4494
855 4495
2270 4496
405 4497
2412 4498
1057 4499
1397 4500
2595 4501
1763 4502
2754 4503
266 4504
688 4505
965 4506
378 4507
192 4508
1529 4509
1304 4510
3170 4511
3394 4512
3016 4513
4235 4514
3253 4515
2854 4516
4204 4517
1949 4518
2800 4519
4179 4520
366 4521
819 4522
537 4523
2570 4524
4369 4525
3994 4526
1966 4527
3252 4528
3524 4529
4417 4530
443 4531
4507 4532
1791 4533
1091 4534
2312 4535
1027 4536
3870 4537
866 4538
2089 4539
2858 4540
708 4541
4231 4542
3162 4543
914 4544
2471 4545
1857 4546
1962 4547
3133 4548
2795 4549
4533 4550
2913 4551
1802 4552
734 4553
3768 4554
3204 4555
4246 4556
3611 4557
3367 4558
648 4559
1177 4560
415 4561
4331 4562
4386 4563
1818 4564
4365 4565
1774 4566
900 4567
4365 4568
3078 4569
106 4570
1854 4571
762 4572
4180 4573
2768 4574
834 4575
3341 4576
2540 4577
2704 4578
1360 4579
4324 4580
892 4581
323 4582
4122 4583
965 4584
23 4585
244 4586
4570 4587
4415 4588
4216 4589
173 4590
3501 4591
2346 4592
3821 4593
1355 4594
1322 4595
3680 4596
4116 4597
3467 4598
3421 4599
1571 4600
281 4601
2497 4602
2274 4603
318 4604
4324 4605
3791 4606
3765 4607
2034 4608
3417 4609
141 4610
774 4611
245 4612
1439 4613
1859 4614
2271 4615
474 4616
2801 4617
4169 4618
2257 4619
4067 4620
480 4621
1299 4622
3182 4623
108 4624
701 4625
546 4626
2025 4627
336 4628
2196 4629
492 4630
2178 4631
3353 4632
2271 4633
895 4634
2837 4635
1132 4636
2285 4637
3419 4638
2062 4639
2864 4640
2019 4641
2616 4642
1275 4643
3019 4644
230 4645
1079 4646
2438 4647
910 4648
3925 4649
2259 4650
780 4651
3738 4652
613 4653
2227 4654
4643 4655
4208 4656
2014 4657
3300 4658
1458 4659
3072 4660
2378 4661
524 4662
4385 4663
1203 4664
2904 4665
151 4666
1608 4667
401 4668
1257 4669
3277 4670
193 4671
1853 4672
1676 4673
2476 4674
4555 4675
1084 4676
403 4677
3515 4678
3073 4679
3295 4680
1493 4681
300 4682
3967 4683
4592 4684
871 4685
836 4686
1080 4687
2430 4688
3599 4689
250 4690
1337 4691
719 4692
545 4693
731 4694
3812 4695
1239 4696
4488 4697
4011 4698
464 4699
2016 4700
2470 4701
1552 4702
1636 4703
4646 4704
144 4705
1031 4706
1979 4707
3756 4708
3815 4709
2266 4710
456 4711
1771 4712
4200 4713
4402 4714
4155 4715
1995 4716
2065 4717
184 4718
924 4719
4487 4720
3905 4721
412 4722
1046 4723
2741 4724
1825 4725
249 4726
4206 4727
548 4728
4678 4729
1042 4730
484 4731
4314 4732
168 4733
4428 4734
4720 4735
3135 4736
2473 4737
3984 4738
517 4739
2207 4740
1520 4741
1562 4742
256 4743
1971 4744
3209 4745
2688 4746
2770 4747
2370 4748
4113 4749
4506 4750
2431 4751
1953 4752
408 4753
2948 4754
2565 4755
401 4756
2820 4757
3796 4758
454 4759
4074 4760
4336 4761
4027 4762
1064 4763
684 4764
703 4765
358 4766
2735 4767
1045 4768
3788 4769
2863 4770
1849 4771
3535 4772
57 4773
2261 4774
2484 4775
2940 4776
3247 4777
32 4778
3286 4779
3677 4780
111 4781
3141 4782
701 4783
906 4784
1003 4785
3102 4786
793 4787
324 4788
4524 4789
2082 4790
105 4791
3652 4792
2445 4793
3290 4794
4773 4795
1198 4796
2243 4797
1268 4798
3038 4799
2437 4800
1216 4801
2665 4802
2554 4803
1099 4804
4109 4805
4526 4806
2542 4807
1902 4808
1540 4809
4355 4810
1826 4811
625 4812
981 4813
3000 4814
847 4815
87 4816
4427 4817
4214 4818
1705 4819
3412 4820
4127 4821
4705 4822
3403 4823
1416 4824
4515 4825
3680 4826
3781 4827
4336 4828
993 4829
4157 4830
757 4831
3041 4832
2286 4833
1219 4834
3443 4835
3906 4836
1919 4837
177 4838
60 4839
3093 4840
3621 4841
3573 4842
438 4843
3501 4844
3547 4845
3313 4846
745 4847
4702 4848
3467 4849
1882 4850
3168 4851
1085 4852
2880 4853
3010 4854
4198 4855
4332 4856
2035 4857
158 4858
1615 4859
2347 4860
4431 4861
1166 4862
1075 4863
2680 4864
4154 4865
975 4866
2106 4867
3365 4868
2380 4869
34 4870
1347 4871
757 4872
4720 4873
3919 4874
3835 4875
1317 4876
521 4877
3362 4878
2477 4879
539 4880
3660 4881
1284 4882
2111 4883
2211 4884
1118 4885
41 4886
1006 4887
4520 4888
1600 4889
829 4890
994 4891
2181 4892
2790 4893
3583 4894
3517 4895
2092 4896
355 4897
2278 4898
2932 4899
2106 4900
2839 4901
4400 4902
2781 4903
2587 4904
1361 4905
628 4906
2018 4907
2568 4908
3959 4909
4610 4910
3369 4911
2472 4912
4156 4913
3044 4914
1345 4915
259 4916
1744 4917
2209 4918
3309 4919
2971 4920
3648 4921
4008 4922
793 4923
3021 4924
1669 4925
2535 4926
909 4927
4738 4928
3425 4929
2719 4930
633 4931
4729 4932
1925 4933
2742 4934
4399 4935
1421 4936
2734 4937
703 4938
4241 4939
300 4940
4142 4941
3841 4942
3669 4943
718 4944
415 4945
3925 4946
278 4947
329 4948
2453 4949
2512 4950
3180 4951
2758 4952
910 4953
2202 4954
1513 4955
3361 4956
1755 4957
1681 4958
760 4959
2182 4960
2563 4961
871 4962
214 4963
1026 4964
4696 4965
3611 4966
1721 4967
2061 4968
938 4969
1987 4970
779 4971
3648 4972
4378 4973
2967 4974
3563 4975
58 4976
4861 4977
1267 4978
3274 4979
3750 4980
3202 4981
1065 4982
3215 4983
685 4984
247 4985
3143 4986
1492 4987
411 4988
4838 4989
2619 4990
4544 4991
2623 4992
3082 4993
1784 4994
568 4995
4899 4996
79 4997
2192 4998
4650 4999
4969 5000
