1 2
2 3
1 4
4 5
1 6
3 7
7 8
4 9
6 10
5 11
5 12
9 13
12 14
6 15
15 16
4 17
1 18
6 19
18 20
14 21
20 22
17 23
11 24
9 25
25 26
9 27
21 28
1 29
21 30
2 31
28 32
1 33
8 34
5 35
7 36
31 37
4 38
29 39
19 40
17 41
38 42
25 43
8 44
17 45
39 46
44 47
12 48
46 49
37 50
35 51
10 52
26 53
39 54
16 55
38 56
47 57
36 58
15 59
44 60
20 61
55 62
58 63
14 64
7 65
50 66
19 67
33 68
43 69
61 70
3 71
40 72
40 73
8 74
17 75
68 76
22 77
22 78
19 79
64 80
65 81
79 82
47 83
16 84
34 85
7 86
15 87
74 88
8 89
12 90
2 91
47 92
91 93
58 94
50 95
38 96
11 97
4 98
36 99
59 100
8 101
75 102
3 103
11 104
15 105
85 106
85 107
96 108
67 109
41 110
30 111
65 112
39 113
101 114
95 115
88 116
18 117
23 118
117 119
6 120
87 121
77 122
114 123
45 124
105 125
41 126
96 127
89 128
40 129
129 130
45 131
15 132
116 133
130 134
121 135
123 136
60 137
55 138
67 139
17 140
28 141
63 142
101 143
59 144
34 145
12 146
135 147
141 148
102 149
8 150
86 151
142 152
16 153
123 154
87 155
77 156
81 157
120 158
28 159
132 160
121 161
120 162
47 163
117 164
160 165
130 166
26 167
136 168
29 169
158 170
146 171
83 172
146 173
11 174
155 175
75 176
140 177
82 178
46 179
160 180
44 181
109 182
90 183
85 184
143 185
134 186
113 187
59 188
152 189
189 190
68 191
66 192
13 193
43 194
67 195
158 196
76 197
8 198
29 199
152 200
146 201
17 202
170 203
163 204
188 205
73 206
201 207
154 208
32 209
56 210
89 211
44 212
85 213
209 214
177 215
210 216
174 217
211 218
110 219
98 220
161 221
146 222
142 223
206 224
60 225
164 226
167 227
38 228
116 229
105 230
73 231
229 232
187 233
52 234
115 235
111 236
16 237
25 238
235 239
190 240
124 241
187 242
154 243
52 244
242 245
141 246
53 247
5 248
211 249
77 250
112 251
12 252
63 253
215 254
179 255
91 256
241 257
60 258
220 259
123 260
26 261
221 262
23 263
210 264
262 265
114 266
19 267
192 268
18 269
4 270
8 271
192 272
258 273
188 274
50 275
258 276
133 277
39 278
220 279
16 280
17 281
74 282
213 283
280 284
44 285
60 286
274 287
173 288
73 289
119 290
210 291
198 292
88 293
200 294
258 295
157 296
65 297
166 298
237 299
190 300
78 301
70 302
295 303
57 304
146 305
10 306
110 307
24 308
240 309
166 310
18 311
195 312
256 313
254 314
183 315
131 316
107 317
298 318
137 319
180 320
32 321
140 322
251 323
284 324
282 325
247 326
324 327
200 328
245 329
28 330
323 331
296 332
189 333
12 334
220 335
116 336
211 337
170 338
78 339
108 340
296 341
40 342
222 343
342 344
20 345
252 346
223 347
256 348
233 349
298 350
313 351
201 352
222 353
191 354
27 355
122 356
130 357
242 358
228 359
18 360
192 361
74 362
222 363
70 364
170 365
305 366
54 367
65 368
52 369
235 370
183 371
234 372
240 373
228 374
314 375
155 376
283 377
289 378
338 379
174 380
256 381
296 382
366 383
193 384
349 385
119 386
262 387
194 388
14 389
97 390
171 391
158 392
174 393
24 394
357 395
388 396
222 397
40 398
193 399
52 400
139 401
356 402
273 403
44 404
16 405
168 406
160 407
270 408
22 409
389 410
192 411
155 412
278 413
227 414
223 415
323 416
237 417
67 418
108 419
68 420
198 421
49 422
220 423
118 424
247 425
404 426
372 427
203 428
290 429
272 430
285 431
90 432
162 433
327 434
335 435
346 436
199 437
289 438
167 439
221 440
403 441
357 442
268 443
228 444
363 445
12 446
336 447
396 448
152 449
224 450
377 451
421 452
35 453
84 454
164 455
302 456
2 457
266 458
303 459
99 460
93 461
357 462
71 463
381 464
193 465
256 466
317 467
420 468
201 469
82 470
20 471
253 472
329 473
82 474
376 475
442 476
414 477
154 478
150 479
15 480
168 481
250 482
2 483
1 484
386 485
271 486
393 487
397 488
169 489
198 490
270 491
481 492
472 493
101 494
7 495
301 496
290 497
327 498
347 499
328 500
99 501
286 502
455 503
320 504
191 505
39 506
229 507
464 508
157 509
315 510
239 511
92 512
41 513
399 514
458 515
266 516
166 517
48 518
494 519
150 520
2 521
83 522
304 523
460 524
398 525
414 526
361 527
282 528
462 529
14 530
247 531
529 532
120 533
57 534
517 535
406 536
185 537
185 538
326 539
55 540
260 541
322 542
115 543
502 544
381 545
167 546
128 547
391 548
305 549
308 550
324 551
118 552
502 553
176 554
442 555
446 556
474 557
71 558
414 559
211 560
418 561
511 562
64 563
52 564
336 565
549 566
395 567
563 568
95 569
22 570
469 571
523 572
73 573
385 574
425 575
334 576
231 577
539 578
51 579
418 580
33 581
32 582
338 583
552 584
78 585
39 586
25 587
305 588
378 589
191 590
363 591
342 592
95 593
41 594
434 595
232 596
203 597
594 598
282 599
592 600
569 601
311 602
42 603
363 604
237 605
14 606
39 607
571 608
262 609
472 610
52 611
134 612
164 613
89 614
265 615
139 616
335 617
460 618
204 619
488 620
162 621
44 622
153 623
368 624
66 625
215 626
241 627
313 628
624 629
86 630
383 631
631 632
604 633
99 634
466 635
118 636
491 637
410 638
364 639
632 640
371 641
128 642
609 643
147 644
501 645
117 646
180 647
207 648
309 649
612 650
68 651
55 652
361 653
85 654
69 655
253 656
622 657
254 658
143 659
305 660
499 661
248 662
398 663
316 664
395 665
431 666
204 667
506 668
590 669
72 670
99 671
146 672
551 673
596 674
22 675
221 676
47 677
449 678
249 679
562 680
606 681
208 682
310 683
307 684
374 685
498 686
430 687
549 688
625 689
405 690
213 691
41 692
51 693
230 694
184 695
631 696
121 697
609 698
300 699
558 700
392 701
365 702
579 703
623 704
237 705
153 706
690 707
491 708
340 709
380 710
28 711
448 712
525 713
492 714
616 715
180 716
532 717
355 718
691 719
451 720
380 721
220 722
31 723
297 724
212 725
207 726
353 727
437 728
492 729
339 730
275 731
165 732
605 733
216 734
551 735
668 736
632 737
39 738
587 739
222 740
79 741
567 742
718 743
256 744
5 745
235 746
386 747
416 748
200 749
121 750
678 751
480 752
427 753
429 754
71 755
126 756
390 757
4 758
636 759
463 760
495 761
218 762
418 763
653 764
306 765
459 766
296 767
374 768
494 769
317 770
2 771
738 772
197 773
55 774
509 775
400 776
553 777
403 778
693 779
600 780
769 781
7 782
576 783
421 784
243 785
212 786
235 787
429 788
474 789
715 790
515 791
170 792
755 793
227 794
330 795
30 796
440 797
392 798
656 799
134 800
513 801
214 802
523 803
741 804
559 805
329 806
730 807
731 808
545 809
455 810
599 811
166 812
803 813
426 814
592 815
774 816
223 817
94 818
193 819
762 820
51 821
9 822
533 823
352 824
299 825
249 826
586 827
107 828
143 829
504 830
616 831
784 832
293 833
241 834
224 835
295 836
808 837
381 838
794 839
712 840
585 841
638 842
60 843
135 844
119 845
503 846
698 847
547 848
338 849
273 850
714 851
436 852
595 853
625 854
198 855
617 856
262 857
6 858
69 859
471 860
367 861
106 862
351 863
330 864
826 865
356 866
540 867
779 868
286 869
454 870
432 871
460 872
708 873
477 874
461 875
508 876
715 877
529 878
834 879
692 880
604 881
755 882
341 883
259 884
421 885
693 886
199 887
699 888
282 889
582 890
805 891
215 892
682 893
649 894
7 895
887 896
554 897
368 898
324 899
317 900
544 901
591 902
709 903
588 904
483 905
594 906
404 907
329 908
365 909
394 910
305 911
173 912
856 913
482 914
279 915
691 916
695 917
216 918
794 919
721 920
338 921
133 922
320 923
669 924
319 925
697 926
716 927
413 928
610 929
222 930
573 931
607 932
727 933
830 934
792 935
579 936
737 937
39 938
738 939
806 940
878 941
706 942
196 943
672 944
804 945
548 946
711 947
526 948
83 949
82 950
190 951
115 952
396 953
151 954
347 955
898 956
422 957
280 958
211 959
224 960
350 961
383 962
361 963
796 964
420 965
19 966
892 967
98 968
112 969
57 970
304 971
870 972
537 973
965 974
816 975
224 976
157 977
241 978
886 979
750 980
748 981
540 982
60 983
425 984
58 985
521 986
965 987
621 988
671 989
575 990
142 991
372 992
53 993
657 994
169 995
798 996
497 997
532 998
377 999
747 1000
834 1001
891 1002
742 1003
334 1004
444 1005
63 1006
60 1007
19 1008
635 1009
372 1010
835 1011
208 1012
488 1013
764 1014
456 1015
436 1016
455 1017
607 1018
1005 1019
216 1020
392 1021
857 1022
7 1023
115 1024
1010 1025
588 1026
369 1027
411 1028
882 1029
247 1030
784 1031
864 1032
37 1033
375 1034
541 1035
827 1036
5 1037
387 1038
898 1039
204 1040
125 1041
413 1042
512 1043
988 1044
770 1045
676 1046
69 1047
264 1048
578 1049
765 1050
17 1051
819 1052
409 1053
848 1054
994 1055
241 1056
802 1057
389 1058
940 1059
232 1060
218 1061
581 1062
380 1063
424 1064
675 1065
377 1066
718 1067
979 1068
671 1069
731 1070
223 1071
905 1072
162 1073
350 1074
724 1075
319 1076
925 1077
405 1078
874 1079
613 1080
1001 1081
552 1082
214 1083
375 1084
1028 1085
644 1086
60 1087
1014 1088
934 1089
387 1090
556 1091
1073 1092
476 1093
660 1094
526 1095
158 1096
256 1097
50 1098
267 1099
248 1100
123 1101
461 1102
137 1103
387 1104
141 1105
365 1106
857 1107
14 1108
935 1109
143 1110
309 1111
918 1112
68 1113
154 1114
1108 1115
254 1116
631 1117
452 1118
261 1119
304 1120
917 1121
82 1122
560 1123
118 1124
13 1125
273 1126
1001 1127
75 1128
557 1129
523 1130
886 1131
747 1132
563 1133
518 1134
6 1135
68 1136
689 1137
794 1138
236 1139
44 1140
437 1141
753 1142
480 1143
1090 1144
297 1145
345 1146
795 1147
697 1148
586 1149
25 1150
415 1151
112 1152
1141 1153
115 1154
577 1155
486 1156
1 1157
843 1158
934 1159
952 1160
216 1161
957 1162
661 1163
373 1164
537 1165
253 1166
180 1167
868 1168
1141 1169
238 1170
666 1171
433 1172
905 1173
354 1174
879 1175
738 1176
419 1177
1166 1178
718 1179
213 1180
478 1181
632 1182
634 1183
410 1184
915 1185
90 1186
539 1187
781 1188
130 1189
55 1190
750 1191
455 1192
216 1193
151 1194
268 1195
724 1196
948 1197
1141 1198
298 1199
370 1200
473 1201
133 1202
1014 1203
338 1204
144 1205
9 1206
302 1207
808 1208
271 1209
625 1210
1114 1211
1156 1212
724 1213
320 1214
24 1215
355 1216
348 1217
1123 1218
639 1219
415 1220
352 1221
1147 1222
437 1223
103 1224
1038 1225
621 1226
1215 1227
1175 1228
413 1229
1143 1230
1206 1231
785 1232
972 1233
309 1234
49 1235
68 1236
341 1237
803 1238
1044 1239
102 1240
564 1241
816 1242
1121 1243
816 1244
1056 1245
429 1246
947 1247
426 1248
502 1249
225 1250
732 1251
161 1252
132 1253
688 1254
818 1255
1214 1256
399 1257
1188 1258
124 1259
131 1260
998 1261
1208 1262
1096 1263
1176 1264
781 1265
1098 1266
970 1267
120 1268
826 1269
38 1270
346 1271
17 1272
169 1273
818 1274
782 1275
787 1276
976 1277
911 1278
1233 1279
1008 1280
332 1281
986 1282
1021 1283
282 1284
222 1285
427 1286
577 1287
733 1288
476 1289
187 1290
460 1291
458 1292
856 1293
94 1294
773 1295
321 1296
702 1297
792 1298
356 1299
306 1300
673 1301
442 1302
608 1303
377 1304
1208 1305
343 1306
1182 1307
768 1308
808 1309
1142 1310
79 1311
182 1312
1241 1313
436 1314
52 1315
535 1316
1088 1317
997 1318
1200 1319
982 1320
154 1321
1127 1322
807 1323
109 1324
1023 1325
523 1326
764 1327
40 1328
236 1329
401 1330
273 1331
179 1332
1282 1333
799 1334
817 1335
1177 1336
908 1337
23 1338
642 1339
82 1340
641 1341
1081 1342
212 1343
185 1344
379 1345
319 1346
886 1347
89 1348
23 1349
664 1350
1163 1351
1188 1352
52 1353
1189 1354
232 1355
1133 1356
1130 1357
1036 1358
18 1359
289 1360
684 1361
19 1362
663 1363
1243 1364
1189 1365
203 1366
917 1367
103 1368
322 1369
228 1370
267 1371
909 1372
1031 1373
1335 1374
426 1375
684 1376
680 1377
188 1378
567 1379
1321 1380
390 1381
888 1382
295 1383
665 1384
190 1385
1347 1386
287 1387
1036 1388
680 1389
1178 1390
43 1391
1234 1392
709 1393
515 1394
113 1395
265 1396
366 1397
697 1398
196 1399
147 1400
107 1401
1374 1402
774 1403
418 1404
38 1405
413 1406
759 1407
317 1408
1060 1409
655 1410
1152 1411
345 1412
897 1413
555 1414
197 1415
208 1416
389 1417
267 1418
757 1419
562 1420
750 1421
142 1422
616 1423
84 1424
106 1425
1040 1426
103 1427
53 1428
231 1429
606 1430
346 1431
923 1432
1034 1433
444 1434
503 1435
611 1436
1173 1437
906 1438
257 1439
1304 1440
1275 1441
36 1442
471 1443
263 1444
862 1445
1188 1446
211 1447
1141 1448
658 1449
866 1450
669 1451
137 1452
999 1453
984 1454
973 1455
1175 1456
739 1457
926 1458
1364 1459
200 1460
565 1461
1148 1462
907 1463
185 1464
17 1465
351 1466
1133 1467
953 1468
1323 1469
1087 1470
388 1471
365 1472
245 1473
1068 1474
746 1475
975 1476
942 1477
109 1478
1137 1479
81 1480
1009 1481
251 1482
636 1483
1030 1484
65 1485
1380 1486
233 1487
1189 1488
1371 1489
85 1490
931 1491
629 1492
904 1493
409 1494
628 1495
921 1496
1127 1497
134 1498
701 1499
1282 1500
228 1501
8 1502
1148 1503
870 1504
234 1505
525 1506
1283 1507
494 1508
287 1509
889 1510
22 1511
1431 1512
637 1513
1116 1514
548 1515
1356 1516
143 1517
1311 1518
1088 1519
1196 1520
927 1521
430 1522
685 1523
1388 1524
214 1525
802 1526
1245 1527
738 1528
1504 1529
571 1530
1504 1531
1149 1532
372 1533
1506 1534
245 1535
745 1536
952 1537
92 1538
1373 1539
1427 1540
553 1541
1116 1542
748 1543
475 1544
1438 1545
1098 1546
1436 1547
630 1548
1168 1549
3 1550
1272 1551
871 1552
809 1553
1082 1554
506 1555
1102 1556
1532 1557
1454 1558
637 1559
1095 1560
199 1561
410 1562
1276 1563
1163 1564
642 1565
698 1566
266 1567
1530 1568
164 1569
166 1570
1320 1571
959 1572
79 1573
1530 1574
1496 1575
820 1576
47 1577
1134 1578
1171 1579
1351 1580
1295 1581
157 1582
1361 1583
267 1584
1236 1585
981 1586
1198 1587
738 1588
1151 1589
292 1590
1582 1591
104 1592
1226 1593
1540 1594
260 1595
1506 1596
1314 1597
377 1598
111 1599
981 1600
539 1601
231 1602
991 1603
476 1604
884 1605
1438 1606
253 1607
737 1608
27 1609
1230 1610
309 1611
427 1612
83 1613
862 1614
683 1615
1506 1616
388 1617
1370 1618
789 1619
208 1620
987 1621
1346 1622
1363 1623
142 1624
401 1625
793 1626
1372 1627
251 1628
142 1629
767 1630
812 1631
567 1632
394 1633
394 1634
841 1635
313 1636
988 1637
984 1638
963 1639
29 1640
726 1641
503 1642
194 1643
1469 1644
1210 1645
832 1646
832 1647
1282 1648
611 1649
1436 1650
963 1651
275 1652
35 1653
1326 1654
1404 1655
237 1656
268 1657
896 1658
653 1659
180 1660
1041 1661
864 1662
1008 1663
399 1664
14 1665
481 1666
244 1667
559 1668
1041 1669
480 1670
1031 1671
901 1672
1394 1673
1253 1674
1323 1675
78 1676
1095 1677
590 1678
115 1679
290 1680
1562 1681
1433 1682
819 1683
630 1684
1663 1685
753 1686
534 1687
1653 1688
52 1689
1061 1690
1200 1691
1406 1692
741 1693
1378 1694
257 1695
1077 1696
1383 1697
1573 1698
337 1699
932 1700
1493 1701
892 1702
568 1703
663 1704
297 1705
889 1706
1650 1707
527 1708
1231 1709
893 1710
1155 1711
1441 1712
292 1713
1074 1714
1675 1715
1080 1716
56 1717
569 1718
1553 1719
1105 1720
1430 1721
1534 1722
1350 1723
871 1724
59 1725
1278 1726
1048 1727
630 1728
1133 1729
937 1730
1438 1731
256 1732
1331 1733
172 1734
944 1735
1617 1736
228 1737
751 1738
354 1739
572 1740
381 1741
1184 1742
613 1743
267 1744
1643 1745
1047 1746
1602 1747
554 1748
1264 1749
873 1750
844 1751
82 1752
1482 1753
455 1754
31 1755
596 1756
571 1757
1697 1758
35 1759
938 1760
1337 1761
973 1762
1244 1763
831 1764
1552 1765
1398 1766
507 1767
374 1768
405 1769
561 1770
290 1771
1228 1772
323 1773
1240 1774
1720 1775
1321 1776
895 1777
1446 1778
337 1779
191 1780
1034 1781
1604 1782
288 1783
862 1784
523 1785
411 1786
1324 1787
1715 1788
502 1789
1056 1790
1327 1791
509 1792
781 1793
572 1794
16 1795
4 1796
537 1797
1349 1798
1151 1799
139 1800
1190 1801
785 1802
683 1803
1344 1804
1291 1805
1352 1806
1396 1807
862 1808
628 1809
924 1810
1449 1811
1279 1812
813 1813
379 1814
343 1815
821 1816
941 1817
865 1818
867 1819
346 1820
26 1821
1600 1822
1527 1823
1761 1824
809 1825
881 1826
567 1827
1044 1828
1212 1829
1429 1830
1502 1831
434 1832
1642 1833
1265 1834
903 1835
1232 1836
1429 1837
346 1838
625 1839
158 1840
902 1841
1768 1842
440 1843
438 1844
1346 1845
1045 1846
1549 1847
887 1848
196 1849
21 1850
1258 1851
1683 1852
931 1853
1112 1854
966 1855
1752 1856
488 1857
879 1858
15 1859
915 1860
1189 1861
855 1862
940 1863
1218 1864
743 1865
1275 1866
640 1867
1169 1868
1219 1869
708 1870
857 1871
1151 1872
1802 1873
1840 1874
10 1875
209 1876
345 1877
1231 1878
1798 1879
1802 1880
1326 1881
1561 1882
1658 1883
1154 1884
1041 1885
1017 1886
75 1887
783 1888
1622 1889
1885 1890
1638 1891
213 1892
1361 1893
1710 1894
163 1895
1791 1896
815 1897
262 1898
1867 1899
1416 1900
1582 1901
1628 1902
1121 1903
803 1904
1688 1905
200 1906
1827 1907
1020 1908
1204 1909
1646 1910
1077 1911
1776 1912
1692 1913
86 1914
1165 1915
1172 1916
689 1917
1500 1918
138 1919
1340 1920
551 1921
1291 1922
1511 1923
1321 1924
1290 1925
1553 1926
364 1927
654 1928
1677 1929
1817 1930
1154 1931
637 1932
44 1933
480 1934
456 1935
450 1936
1372 1937
695 1938
1098 1939
272 1940
708 1941
1294 1942
1531 1943
462 1944
337 1945
1364 1946
1704 1947
1945 1948
1268 1949
1628 1950
1484 1951
158 1952
1262 1953
1489 1954
633 1955
1869 1956
1611 1957
1660 1958
1147 1959
1876 1960
729 1961
405 1962
598 1963
1349 1964
1763 1965
1920 1966
1496 1967
1583 1968
204 1969
475 1970
1365 1971
387 1972
1157 1973
525 1974
205 1975
1631 1976
794 1977
667 1978
1038 1979
1338 1980
1371 1981
410 1982
1478 1983
839 1984
1351 1985
780 1986
489 1987
927 1988
934 1989
765 1990
1463 1991
1500 1992
315 1993
104 1994
1405 1995
580 1996
792 1997
1557 1998
783 1999
954 2000
738 2001
722 2002
675 2003
628 2004
1504 2005
884 2006
616 2007
1017 2008
187 2009
994 2010
1485 2011
774 2012
1609 2013
1575 2014
586 2015
1393 2016
367 2017
877 2018
363 2019
5 2020
332 2021
1561 2022
32 2023
123 2024
2006 2025
51 2026
1618 2027
1985 2028
218 2029
620 2030
673 2031
1755 2032
469 2033
1480 2034
1520 2035
1703 2036
250 2037
1334 2038
1349 2039
982 2040
307 2041
1009 2042
957 2043
1342 2044
664 2045
2014 2046
958 2047
217 2048
1184 2049
637 2050
505 2051
548 2052
493 2053
84 2054
1842 2055
1097 2056
1542 2057
504 2058
1892 2059
482 2060
869 2061
1548 2062
1625 2063
1696 2064
1856 2065
750 2066
521 2067
329 2068
488 2069
975 2070
1116 2071
45 2072
1453 2073
937 2074
1720 2075
230 2076
865 2077
1825 2078
1247 2079
555 2080
246 2081
747 2082
234 2083
1208 2084
1973 2085
1847 2086
1983 2087
11 2088
1096 2089
601 2090
1994 2091
1840 2092
1003 2093
192 2094
2018 2095
1866 2096
336 2097
980 2098
1440 2099
815 2100
322 2101
1938 2102
946 2103
597 2104
349 2105
628 2106
1913 2107
1054 2108
719 2109
1997 2110
598 2111
67 2112
1358 2113
478 2114
2017 2115
1434 2116
1457 2117
568 2118
1364 2119
1884 2120
477 2121
1806 2122
745 2123
207 2124
1857 2125
1472 2126
40 2127
67 2128
1364 2129
236 2130
1533 2131
2082 2132
867 2133
856 2134
694 2135
1115 2136
1531 2137
500 2138
1719 2139
136 2140
924 2141
646 2142
2021 2143
1700 2144
401 2145
1021 2146
1697 2147
1851 2148
1 2149
572 2150
1566 2151
656 2152
568 2153
2082 2154
1952 2155
1132 2156
111 2157
1017 2158
1467 2159
822 2160
519 2161
822 2162
250 2163
266 2164
460 2165
434 2166
949 2167
1786 2168
138 2169
340 2170
1119 2171
277 2172
910 2173
1399 2174
2094 2175
460 2176
1628 2177
1964 2178
1924 2179
1553 2180
233 2181
1241 2182
905 2183
1784 2184
1183 2185
1904 2186
727 2187
1103 2188
1712 2189
1570 2190
1148 2191
757 2192
2081 2193
1445 2194
482 2195
1072 2196
1920 2197
2013 2198
742 2199
1110 2200
263 2201
514 2202
667 2203
80 2204
667 2205
414 2206
1213 2207
585 2208
1570 2209
1252 2210
1043 2211
585 2212
965 2213
297 2214
1698 2215
2054 2216
82 2217
1267 2218
990 2219
1155 2220
1688 2221
1672 2222
2192 2223
1296 2224
670 2225
1914 2226
1239 2227
477 2228
899 2229
1224 2230
2202 2231
1721 2232
876 2233
1964 2234
859 2235
1325 2236
2141 2237
13 2238
776 2239
1292 2240
2075 2241
551 2242
1885 2243
1021 2244
1144 2245
1000 2246
2057 2247
286 2248
243 2249
936 2250
92 2251
254 2252
406 2253
304 2254
1323 2255
1623 2256
2006 2257
1802 2258
1768 2259
689 2260
1564 2261
507 2262
1093 2263
1504 2264
1406 2265
1995 2266
840 2267
1267 2268
759 2269
2203 2270
460 2271
745 2272
402 2273
1160 2274
223 2275
1474 2276
1431 2277
1785 2278
519 2279
832 2280
550 2281
126 2282
2054 2283
1712 2284
1551 2285
649 2286
944 2287
215 2288
1495 2289
291 2290
853 2291
1054 2292
856 2293
1521 2294
1072 2295
274 2296
1899 2297
2285 2298
707 2299
1819 2300
549 2301
2145 2302
829 2303
1810 2304
1473 2305
1030 2306
744 2307
228 2308
1274 2309
2080 2310
405 2311
443 2312
120 2313
2157 2314
2072 2315
1191 2316
1879 2317
754 2318
724 2319
821 2320
118 2321
637 2322
2302 2323
1280 2324
239 2325
1558 2326
238 2327
1268 2328
1986 2329
392 2330
1955 2331
77 2332
1357 2333
114 2334
2193 2335
1249 2336
1326 2337
274 2338
2151 2339
1301 2340
2298 2341
1914 2342
627 2343
590 2344
1978 2345
1086 2346
622 2347
1729 2348
2201 2349
719 2350
1897 2351
372 2352
451 2353
1220 2354
1945 2355
560 2356
2351 2357
1385 2358
1866 2359
1026 2360
1262 2361
427 2362
922 2363
2304 2364
1697 2365
1922 2366
37 2367
1372 2368
2258 2369
496 2370
697 2371
668 2372
1714 2373
450 2374
1838 2375
111 2376
1501 2377
323 2378
1124 2379
1547 2380
2129 2381
1719 2382
1709 2383
563 2384
1261 2385
1180 2386
1875 2387
2068 2388
1490 2389
1132 2390
1948 2391
386 2392
2237 2393
1860 2394
2037 2395
1602 2396
583 2397
608 2398
291 2399
691 2400
1797 2401
1561 2402
2114 2403
427 2404
2237 2405
488 2406
1183 2407
2235 2408
1449 2409
316 2410
1663 2411
1463 2412
2384 2413
1527 2414
1614 2415
2005 2416
1044 2417
1168 2418
202 2419
2393 2420
2067 2421
284 2422
1605 2423
1002 2424
2251 2425
1404 2426
609 2427
1998 2428
336 2429
241 2430
2347 2431
2005 2432
2063 2433
368 2434
2193 2435
871 2436
2331 2437
118 2438
1793 2439
2145 2440
765 2441
426 2442
1346 2443
611 2444
1136 2445
1059 2446
2429 2447
70 2448
605 2449
1812 2450
214 2451
1930 2452
1856 2453
1860 2454
2124 2455
1006 2456
2243 2457
1133 2458
1211 2459
1289 2460
1425 2461
658 2462
1240 2463
1219 2464
1510 2465
155 2466
992 2467
577 2468
174 2469
936 2470
2209 2471
937 2472
2055 2473
1267 2474
172 2475
796 2476
1251 2477
1929 2478
1641 2479
1227 2480
1203 2481
861 2482
1708 2483
2060 2484
1244 2485
233 2486
1721 2487
1063 2488
1633 2489
851 2490
126 2491
497 2492
1749 2493
1308 2494
337 2495
1764 2496
1767 2497
774 2498
375 2499
739 2500
2481 2501
9 2502
316 2503
2303 2504
1720 2505
927 2506
70 2507
2220 2508
2174 2509
2220 2510
611 2511
253 2512
996 2513
2170 2514
958 2515
1907 2516
1085 2517
1246 2518
2296 2519
1510 2520
2419 2521
354 2522
2079 2523
1682 2524
686 2525
1320 2526
1216 2527
2086 2528
1447 2529
1534 2530
43 2531
1795 2532
1746 2533
489 2534
879 2535
608 2536
665 2537
2359 2538
1359 2539
1690 2540
998 2541
973 2542
600 2543
2034 2544
2389 2545
2094 2546
271 2547
1576 2548
295 2549
1398 2550
1099 2551
1005 2552
1365 2553
1872 2554
171 2555
1198 2556
25 2557
1739 2558
1652 2559
412 2560
72 2561
1040 2562
64 2563
255 2564
1048 2565
2289 2566
857 2567
2525 2568
1398 2569
1779 2570
1564 2571
629 2572
1946 2573
311 2574
882 2575
960 2576
2466 2577
2327 2578
1305 2579
208 2580
2495 2581
1161 2582
659 2583
1550 2584
106 2585
2037 2586
839 2587
2458 2588
9 2589
859 2590
670 2591
675 2592
8 2593
1376 2594
959 2595
2375 2596
174 2597
2201 2598
2026 2599
2445 2600
2533 2601
1793 2602
2564 2603
1385 2604
1395 2605
381 2606
1168 2607
105 2608
1584 2609
97 2610
1004 2611
1684 2612
653 2613
208 2614
1434 2615
2496 2616
2453 2617
1082 2618
2355 2619
1633 2620
1052 2621
162 2622
2223 2623
361 2624
473 2625
410 2626
1343 2627
2031 2628
1257 2629
1016 2630
1803 2631
1521 2632
1422 2633
1203 2634
1984 2635
10 2636
177 2637
301 2638
357 2639
249 2640
1935 2641
106 2642
677 2643
616 2644
121 2645
2256 2646
777 2647
1820 2648
461 2649
213 2650
46 2651
1765 2652
1078 2653
995 2654
1287 2655
1558 2656
2204 2657
1005 2658
401 2659
616 2660
622 2661
249 2662
2299 2663
941 2664
1833 2665
6 2666
1519 2667
2213 2668
1382 2669
2110 2670
1873 2671
1488 2672
2167 2673
2533 2674
2007 2675
1427 2676
353 2677
1367 2678
1872 2679
2319 2680
2319 2681
1172 2682
2383 2683
241 2684
281 2685
1830 2686
434 2687
2068 2688
850 2689
301 2690
533 2691
1238 2692
1025 2693
853 2694
545 2695
1443 2696
1958 2697
2539 2698
985 2699
61 2700
2301 2701
569 2702
2480 2703
1866 2704
880 2705
2259 2706
1764 2707
1052 2708
1547 2709
50 2710
1171 2711
2666 2712
917 2713
130 2714
1143 2715
1813 2716
279 2717
2478 2718
2099 2719
2051 2720
2077 2721
284 2722
1736 2723
663 2724
1716 2725
1858 2726
2203 2727
1275 2728
2266 2729
556 2730
2587 2731
1104 2732
1607 2733
2206 2734
817 2735
1993 2736
1088 2737
2061 2738
1149 2739
1791 2740
584 2741
1855 2742
1838 2743
1360 2744
561 2745
2558 2746
976 2747
1447 2748
2603 2749
2140 2750
278 2751
281 2752
2483 2753
157 2754
878 2755
1041 2756
2048 2757
1495 2758
453 2759
1268 2760
1982 2761
1421 2762
2281 2763
1356 2764
1264 2765
1569 2766
1369 2767
2690 2768
1189 2769
2366 2770
2332 2771
789 2772
744 2773
589 2774
1279 2775
432 2776
2092 2777
1070 2778
2770 2779
829 2780
1607 2781
77 2782
959 2783
2559 2784
110 2785
1579 2786
1908 2787
1494 2788
361 2789
2721 2790
386 2791
1673 2792
208 2793
604 2794
1108 2795
1949 2796
1918 2797
1971 2798
893 2799
943 2800
475 2801
1648 2802
914 2803
941 2804
972 2805
372 2806
864 2807
2235 2808
2615 2809
2673 2810
300 2811
2725 2812
2186 2813
935 2814
219 2815
1428 2816
1341 2817
2118 2818
842 2819
930 2820
543 2821
368 2822
759 2823
460 2824
545 2825
431 2826
2031 2827
1272 2828
1551 2829
1204 2830
626 2831
1706 2832
2474 2833
2700 2834
613 2835
2087 2836
1605 2837
620 2838
321 2839
2648 2840
2076 2841
1708 2842
440 2843
149 2844
82 2845
51 2846
1961 2847
2682 2848
527 2849
36 2850
2815 2851
956 2852
521 2853
1904 2854
1166 2855
1793 2856
536 2857
2295 2858
2791 2859
1898 2860
1515 2861
2853 2862
2294 2863
308 2864
1605 2865
1393 2866
2684 2867
1750 2868
1029 2869
198 2870
1375 2871
66 2872
2044 2873
1673 2874
612 2875
990 2876
1614 2877
196 2878
191 2879
2057 2880
2180 2881
1625 2882
1144 2883
2482 2884
1719 2885
1100 2886
2033 2887
2443 2888
2460 2889
3 2890
1538 2891
1268 2892
675 2893
528 2894
258 2895
2083 2896
1570 2897
85 2898
2355 2899
2267 2900
377 2901
1453 2902
2345 2903
497 2904
1538 2905
2157 2906
519 2907
1470 2908
1848 2909
2532 2910
2409 2911
743 2912
214 2913
1796 2914
476 2915
2651 2916
2322 2917
1311 2918
2208 2919
871 2920
2134 2921
2492 2922
1454 2923
1241 2924
102 2925
1293 2926
2759 2927
1833 2928
1261 2929
719 2930
2286 2931
212 2932
2351 2933
1296 2934
2875 2935
53 2936
1422 2937
806 2938
321 2939
1398 2940
2929 2941
2479 2942
1227 2943
921 2944
152 2945
1495 2946
1713 2947
2663 2948
1023 2949
699 2950
2070 2951
1431 2952
2506 2953
1269 2954
2472 2955
764 2956
2018 2957
1016 2958
1903 2959
2400 2960
2758 2961
1878 2962
4 2963
1890 2964
644 2965
861 2966
2182 2967
1707 2968
687 2969
567 2970
2141 2971
937 2972
2459 2973
1979 2974
346 2975
649 2976
1134 2977
2808 2978
1391 2979
2585 2980
972 2981
1524 2982
334 2983
2906 2984
651 2985
2242 2986
2938 2987
2331 2988
1780 2989
40 2990
216 2991
1981 2992
1029 2993
938 2994
2596 2995
2878 2996
1191 2997
2507 2998
2459 2999
541 3000
1409 3001
1456 3002
1388 3003
173 3004
2456 3005
2199 3006
1920 3007
1085 3008
1177 3009
2255 3010
460 3011
2340 3012
952 3013
747 3014
1877 3015
510 3016
980 3017
6 3018
1351 3019
1408 3020
2462 3021
1422 3022
2457 3023
1920 3024
2287 3025
1405 3026
1201 3027
1640 3028
2435 3029
1835 3030
1367 3031
2446 3032
956 3033
1856 3034
46 3035
2664 3036
1067 3037
2380 3038
241 3039
2919 3040
1435 3041
1439 3042
2620 3043
3036 3044
918 3045
392 3046
855 3047
530 3048
1791 3049
241 3050
3047 3051
1019 3052
2988 3053
2500 3054
2869 3055
2982 3056
763 3057
2971 3058
481 3059
1524 3060
810 3061
2121 3062
1077 3063
2875 3064
2195 3065
521 3066
1402 3067
1258 3068
2137 3069
2286 3070
993 3071
329 3072
2373 3073
1978 3074
2826 3075
2216 3076
1424 3077
70 3078
1691 3079
1795 3080
348 3081
2826 3082
701 3083
2341 3084
1330 3085
1741 3086
1934 3087
20 3088
2000 3089
2962 3090
478 3091
1247 3092
1121 3093
2142 3094
2777 3095
1064 3096
180 3097
1720 3098
2907 3099
1746 3100
1098 3101
493 3102
268 3103
2469 3104
2611 3105
2682 3106
3000 3107
1213 3108
1632 3109
8 3110
2145 3111
2433 3112
1420 3113
3110 3114
3114 3115
2124 3116
1298 3117
83 3118
2585 3119
2961 3120
1115 3121
1362 3122
35 3123
1153 3124
2109 3125
2258 3126
998 3127
2111 3128
2798 3129
1577 3130
2890 3131
1134 3132
1906 3133
1393 3134
2525 3135
809 3136
1556 3137
2135 3138
2635 3139
1114 3140
3109 3141
63 3142
810 3143
2986 3144
2329 3145
2516 3146
980 3147
2511 3148
2 3149
1963 3150
3051 3151
1495 3152
1243 3153
956 3154
969 3155
666 3156
2760 3157
1245 3158
1291 3159
1020 3160
1910 3161
658 3162
2040 3163
1656 3164
2308 3165
3014 3166
2483 3167
358 3168
429 3169
281 3170
2708 3171
2729 3172
1470 3173
1804 3174
2249 3175
1069 3176
1607 3177
1197 3178
1557 3179
1507 3180
436 3181
136 3182
16 3183
928 3184
122 3185
1505 3186
1929 3187
2165 3188
2334 3189
2583 3190
169 3191
2831 3192
2077 3193
1119 3194
630 3195
346 3196
543 3197
377 3198
1088 3199
3099 3200
2049 3201
1620 3202
2774 3203
896 3204
1248 3205
919 3206
930 3207
1491 3208
326 3209
2899 3210
1200 3211
625 3212
1335 3213
217 3214
3124 3215
841 3216
2852 3217
2460 3218
1483 3219
2703 3220
2756 3221
1377 3222
2779 3223
1662 3224
1963 3225
3121 3226
615 3227
1473 3228
2437 3229
1178 3230
3097 3231
1571 3232
691 3233
2228 3234
102 3235
2930 3236
3100 3237
629 3238
1956 3239
2881 3240
1878 3241
1932 3242
2524 3243
884 3244
775 3245
3023 3246
1278 3247
3189 3248
2890 3249
2772 3250
130 3251
3139 3252
2036 3253
377 3254
810 3255
2443 3256
2639 3257
1335 3258
2351 3259
1641 3260
2233 3261
2952 3262
846 3263
41 3264
2177 3265
1674 3266
1462 3267
789 3268
726 3269
2700 3270
2583 3271
1476 3272
1587 3273
1547 3274
1971 3275
2231 3276
2915 3277
2694 3278
285 3279
2730 3280
2875 3281
989 3282
1375 3283
400 3284
1731 3285
2554 3286
1916 3287
1948 3288
1718 3289
2576 3290
990 3291
2978 3292
2642 3293
2922 3294
1503 3295
1696 3296
1504 3297
3004 3298
153 3299
848 3300
325 3301
2518 3302
632 3303
3104 3304
1567 3305
115 3306
1199 3307
3184 3308
2020 3309
2121 3310
2544 3311
1148 3312
2312 3313
453 3314
1185 3315
633 3316
592 3317
232 3318
2941 3319
1769 3320
1632 3321
2912 3322
830 3323
705 3324
908 3325
686 3326
2151 3327
1792 3328
3151 3329
2575 3330
1700 3331
1388 3332
1334 3333
772 3334
734 3335
890 3336
2541 3337
2638 3338
1130 3339
253 3340
1404 3341
1826 3342
1760 3343
3252 3344
2943 3345
484 3346
3018 3347
1417 3348
2992 3349
2655 3350
1936 3351
2355 3352
2636 3353
3174 3354
1716 3355
1442 3356
623 3357
611 3358
2754 3359
2728 3360
1880 3361
140 3362
72 3363
1211 3364
673 3365
2444 3366
2662 3367
324 3368
2317 3369
473 3370
894 3371
757 3372
151 3373
1343 3374
901 3375
3099 3376
857 3377
1848 3378
3358 3379
528 3380
2578 3381
787 3382
2883 3383
1929 3384
359 3385
1934 3386
2639 3387
943 3388
3378 3389
1761 3390
2056 3391
3373 3392
1432 3393
890 3394
1344 3395
1917 3396
337 3397
377 3398
2125 3399
1816 3400
1067 3401
792 3402
1789 3403
2790 3404
2986 3405
3144 3406
2783 3407
3215 3408
661 3409
2844 3410
376 3411
1983 3412
2525 3413
2373 3414
3089 3415
1388 3416
428 3417
567 3418
1005 3419
307 3420
291 3421
1441 3422
1953 3423
35 3424
2001 3425
416 3426
899 3427
2434 3428
3145 3429
2993 3430
1113 3431
785 3432
808 3433
1298 3434
2023 3435
1162 3436
833 3437
303 3438
3408 3439
2580 3440
916 3441
182 3442
311 3443
290 3444
820 3445
1582 3446
3428 3447
820 3448
3293 3449
457 3450
738 3451
1788 3452
2221 3453
1629 3454
2421 3455
2151 3456
2136 3457
1424 3458
1608 3459
2862 3460
3365 3461
1108 3462
228 3463
1205 3464
3239 3465
2768 3466
2121 3467
796 3468
82 3469
1210 3470
796 3471
704 3472
3361 3473
199 3474
2323 3475
3406 3476
2123 3477
1338 3478
3041 3479
1978 3480
712 3481
2345 3482
2390 3483
1194 3484
2527 3485
1719 3486
1402 3487
2188 3488
544 3489
1003 3490
1423 3491
2969 3492
1873 3493
1357 3494
1906 3495
2535 3496
2503 3497
1637 3498
2328 3499
156 3500
3278 3501
2419 3502
1422 3503
3014 3504
1977 3505
1146 3506
1532 3507
1685 3508
418 3509
191 3510
2220 3511
362 3512
19 3513
651 3514
643 3515
194 3516
1844 3517
2221 3518
2518 3519
2577 3520
2758 3521
1089 3522
2261 3523
2609 3524
1455 3525
906 3526
3439 3527
86 3528
1753 3529
1368 3530
1482 3531
536 3532
2921 3533
3218 3534
593 3535
95 3536
3269 3537
3420 3538
2675 3539
3072 3540
796 3541
556 3542
945 3543
932 3544
184 3545
3535 3546
3536 3547
1431 3548
2877 3549
3324 3550
1219 3551
3523 3552
3005 3553
3222 3554
2235 3555
1270 3556
828 3557
3489 3558
1721 3559
233 3560
2383 3561
1335 3562
575 3563
3175 3564
5 3565
3447 3566
2857 3567
2019 3568
386 3569
1107 3570
2646 3571
182 3572
3504 3573
3302 3574
1638 3575
1538 3576
739 3577
2735 3578
1613 3579
389 3580
647 3581
3244 3582
1505 3583
155 3584
2888 3585
3156 3586
1522 3587
3554 3588
2690 3589
2201 3590
489 3591
1860 3592
2513 3593
237 3594
947 3595
662 3596
2176 3597
2941 3598
403 3599
3251 3600
1624 3601
2982 3602
973 3603
2864 3604
3331 3605
3603 3606
2603 3607
2910 3608
960 3609
1049 3610
2800 3611
2184 3612
8 3613
1014 3614
3509 3615
284 3616
138 3617
2656 3618
2154 3619
834 3620
3443 3621
983 3622
1797 3623
240 3624
3223 3625
2624 3626
2733 3627
124 3628
1442 3629
2905 3630
355 3631
3430 3632
2258 3633
998 3634
111 3635
857 3636
1492 3637
3175 3638
315 3639
229 3640
202 3641
1831 3642
858 3643
2287 3644
29 3645
2380 3646
897 3647
502 3648
1129 3649
443 3650
721 3651
3544 3652
1467 3653
1347 3654
1729 3655
2939 3656
192 3657
3047 3658
1639 3659
2303 3660
1158 3661
3368 3662
403 3663
687 3664
1735 3665
3222 3666
688 3667
1569 3668
693 3669
3628 3670
668 3671
592 3672
3348 3673
2412 3674
1403 3675
2792 3676
435 3677
3209 3678
2413 3679
1814 3680
2870 3681
1797 3682
1359 3683
2576 3684
2740 3685
2290 3686
1385 3687
2401 3688
602 3689
482 3690
3102 3691
1465 3692
3598 3693
1927 3694
912 3695
2419 3696
3223 3697
3678 3698
336 3699
1682 3700
1835 3701
1451 3702
2429 3703
1900 3704
1058 3705
2949 3706
538 3707
3189 3708
968 3709
3313 3710
1364 3711
3331 3712
2258 3713
2940 3714
705 3715
985 3716
74 3717
113 3718
1207 3719
2889 3720
3211 3721
1239 3722
985 3723
1070 3724
1043 3725
2432 3726
734 3727
2984 3728
1755 3729
221 3730
2055 3731
1637 3732
1906 3733
3135 3734
2215 3735
95 3736
1499 3737
1969 3738
291 3739
632 3740
683 3741
36 3742
3611 3743
3133 3744
1672 3745
1411 3746
1870 3747
462 3748
596 3749
1398 3750
752 3751
423 3752
3572 3753
530 3754
3467 3755
1826 3756
912 3757
1166 3758
3291 3759
2909 3760
767 3761
3660 3762
1747 3763
963 3764
444 3765
3625 3766
3540 3767
1048 3768
3688 3769
2652 3770
2273 3771
3148 3772
2210 3773
1577 3774
1595 3775
3 3776
1800 3777
845 3778
2145 3779
1893 3780
1524 3781
1952 3782
934 3783
1991 3784
2144 3785
1435 3786
2203 3787
666 3788
2643 3789
2224 3790
552 3791
1943 3792
1011 3793
1202 3794
893 3795
2883 3796
3679 3797
1885 3798
1111 3799
2738 3800
880 3801
1370 3802
2356 3803
1221 3804
2766 3805
830 3806
2414 3807
3292 3808
786 3809
474 3810
1447 3811
1327 3812
2458 3813
2813 3814
3701 3815
3787 3816
484 3817
1263 3818
1949 3819
2683 3820
2277 3821
3441 3822
2103 3823
2909 3824
3410 3825
3107 3826
2233 3827
2704 3828
2896 3829
703 3830
3185 3831
2651 3832
339 3833
185 3834
3423 3835
1315 3836
401 3837
2251 3838
3266 3839
635 3840
579 3841
3602 3842
2432 3843
1851 3844
2934 3845
784 3846
3011 3847
3 3848
2849 3849
50 3850
575 3851
1402 3852
2303 3853
2178 3854
937 3855
2701 3856
2824 3857
85 3858
1021 3859
1104 3860
214 3861
728 3862
2241 3863
2263 3864
2198 3865
904 3866
2326 3867
3538 3868
1862 3869
1724 3870
2630 3871
2014 3872
388 3873
3477 3874
2026 3875
1380 3876
552 3877
2955 3878
2702 3879
1727 3880
1419 3881
2638 3882
3682 3883
3521 3884
191 3885
1810 3886
2580 3887
2421 3888
2302 3889
858 3890
311 3891
3597 3892
2431 3893
2877 3894
1911 3895
151 3896
2154 3897
1865 3898
985 3899
2727 3900
438 3901
844 3902
3662 3903
404 3904
551 3905
2588 3906
3527 3907
429 3908
108 3909
592 3910
1568 3911
3575 3912
365 3913
3861 3914
3314 3915
2461 3916
3903 3917
1145 3918
3099 3919
3616 3920
1477 3921
2114 3922
646 3923
1136 3924
3314 3925
379 3926
1336 3927
973 3928
118 3929
2022 3930
56 3931
2743 3932
1863 3933
1831 3934
501 3935
1076 3936
1581 3937
3547 3938
2112 3939
1117 3940
119 3941
299 3942
3453 3943
457 3944
869 3945
2855 3946
522 3947
2940 3948
2171 3949
1759 3950
830 3951
3135 3952
476 3953
323 3954
3075 3955
2461 3956
356 3957
209 3958
120 3959
3629 3960
1201 3961
3573 3962
2595 3963
2950 3964
2240 3965
326 3966
91 3967
696 3968
1599 3969
3104 3970
991 3971
1672 3972
52 3973
1541 3974
2267 3975
2197 3976
1232 3977
755 3978
386 3979
1379 3980
2889 3981
683 3982
2044 3983
1626 3984
608 3985
143 3986
2329 3987
2149 3988
14 3989
818 3990
2670 3991
1307 3992
815 3993
2735 3994
2976 3995
142 3996
2117 3997
2378 3998
2071 3999
3827 4000
290 4001
2361 4002
2735 4003
860 4004
1614 4005
1166 4006
1519 4007
1551 4008
1425 4009
2742 4010
241 4011
617 4012
3247 4013
1429 4014
3019 4015
1676 4016
167 4017
652 4018
2762 4019
3037 4020
3145 4021
1884 4022
1441 4023
3102 4024
737 4025
2170 4026
3587 4027
3737 4028
381 4029
174 4030
3651 4031
3478 4032
1963 4033
3943 4034
2635 4035
1011 4036
2899 4037
1649 4038
2017 4039
2321 4040
1426 4041
2806 4042
635 4043
296 4044
1208 4045
1699 4046
3803 4047
1756 4048
1782 4049
2182 4050
2311 4051
3593 4052
2526 4053
620 4054
1369 4055
3260 4056
3604 4057
4037 4058
2652 4059
974 4060
2874 4061
2379 4062
3987 4063
1280 4064
3491 4065
319 4066
1758 4067
3493 4068
3371 4069
400 4070
3230 4071
3869 4072
719 4073
1879 4074
2293 4075
3802 4076
3318 4077
2937 4078
1763 4079
3436 4080
1157 4081
3852 4082
2561 4083
1649 4084
1536 4085
455 4086
3393 4087
3220 4088
3161 4089
53 4090
385 4091
3184 4092
2759 4093
1164 4094
1895 4095
771 4096
3308 4097
3725 4098
3246 4099
2877 4100
214 4101
2730 4102
2640 4103
2939 4104
1106 4105
2058 4106
3272 4107
2681 4108
3217 4109
1025 4110
1306 4111
3894 4112
505 4113
2949 4114
3995 4115
2832 4116
3132 4117
955 4118
1764 4119
2491 4120
1663 4121
3207 4122
129 4123
2353 4124
3511 4125
3542 4126
3069 4127
788 4128
660 4129
291 4130
235 4131
2183 4132
2965 4133
610 4134
1870 4135
24 4136
1302 4137
2400 4138
403 4139
3451 4140
2686 4141
1256 4142
3613 4143
2719 4144
3439 4145
396 4146
3459 4147
1632 4148
1073 4149
1512 4150
1190 4151
3205 4152
3477 4153
1952 4154
3514 4155
2341 4156
1319 4157
2083 4158
2929 4159
644 4160
1428 4161
2149 4162
2953 4163
1733 4164
631 4165
2507 4166
802 4167
3980 4168
1782 4169
3855 4170
4144 4171
1917 4172
2148 4173
3005 4174
4056 4175
3366 4176
386 4177
402 4178
3231 4179
2304 4180
1445 4181
2912 4182
3626 4183
4183 4184
3281 4185
3053 4186
4117 4187
3165 4188
2910 4189
4112 4190
1918 4191
3156 4192
1487 4193
2782 4194
231 4195
543 4196
3496 4197
4061 4198
1632 4199
4068 4200
2021 4201
1823 4202
3300 4203
3999 4204
86 4205
3141 4206
1592 4207
1347 4208
1126 4209
1490 4210
2750 4211
1084 4212
3969 4213
3929 4214
919 4215
869 4216
3467 4217
3270 4218
1579 4219
1747 4220
258 4221
968 4222
1259 4223
3637 4224
3944 4225
1750 4226
79 4227
486 4228
496 4229
2503 4230
3945 4231
504 4232
2682 4233
3350 4234
269 4235
1943 4236
4021 4237
738 4238
1316 4239
3585 4240
3254 4241
4157 4242
841 4243
3949 4244
2461 4245
4064 4246
3622 4247
433 4248
2432 4249
3270 4250
728 4251
1247 4252
3204 4253
2797 4254
1672 4255
1824 4256
1073 4257
3486 4258
3998 4259
1807 4260
35 4261
469 4262
1544 4263
1879 4264
3764 4265
987 4266
2551 4267
2395 4268
3780 4269
2819 4270
267 4271
112 4272
2368 4273
4242 4274
1767 4275
2589 4276
1217 4277
2120 4278
2522 4279
225 4280
553 4281
2819 4282
4164 4283
3651 4284
1571 4285
1239 4286
1365 4287
587 4288
2343 4289
2913 4290
2889 4291
4066 4292
906 4293
1950 4294
2731 4295
1177 4296
381 4297
4129 4298
4089 4299
472 4300
346 4301
2324 4302
767 4303
527 4304
771 4305
2194 4306
3130 4307
3112 4308
199 4309
3663 4310
2881 4311
1789 4312
2309 4313
3865 4314
1722 4315
3232 4316
3650 4317
4069 4318
2176 4319
3727 4320
2837 4321
1670 4322
1203 4323
4143 4324
1879 4325
2973 4326
3921 4327
1129 4328
1007 4329
937 4330
590 4331
3263 4332
496 4333
2612 4334
57 4335
3816 4336
3962 4337
2339 4338
4057 4339
3525 4340
2342 4341
3426 4342
2579 4343
3485 4344
3091 4345
1286 4346
953 4347
1761 4348
2700 4349
153 4350
425 4351
1533 4352
137 4353
4244 4354
1237 4355
2687 4356
2615 4357
696 4358
3861 4359
4256 4360
1775 4361
3007 4362
3979 4363
2647 4364
2633 4365
38 4366
940 4367
3611 4368
1497 4369
400 4370
760 4371
1110 4372
1423 4373
3211 4374
3806 4375
3980 4376
1890 4377
3684 4378
4188 4379
245 4380
2920 4381
448 4382
1555 4383
3916 4384
2646 4385
1598 4386
2584 4387
2328 4388
3632 4389
3382 4390
2995 4391
3098 4392
2398 4393
969 4394
2255 4395
4136 4396
3643 4397
2326 4398
2272 4399
3620 4400
3072 4401
1549 4402
3064 4403
2088 4404
2675 4405
846 4406
3158 4407
2787 4408
3696 4409
3867 4410
2044 4411
1105 4412
3150 4413
3924 4414
247 4415
778 4416
4015 4417
4049 4418
2452 4419
3433 4420
536 4421
1668 4422
2324 4423
1164 4424
3916 4425
2196 4426
1947 4427
4085 4428
3464 4429
2018 4430
606 4431
1177 4432
2887 4433
1111 4434
2286 4435
2739 4436
2235 4437
1187 4438
4431 4439
1385 4440
1100 4441
1834 4442
824 4443
1487 4444
2619 4445
3812 4446
1340 4447
4082 4448
2933 4449
1229 4450
1999 4451
665 4452
2198 4453
3757 4454
579 4455
2582 4456
2997 4457
1130 4458
292 4459
2469 4460
1595 4461
746 4462
2317 4463
4331 4464
2824 4465
2401 4466
1733 4467
599 4468
3988 4469
778 4470
2694 4471
2642 4472
2330 4473
4330 4474
3627 4475
252 4476
1366 4477
3029 4478
2192 4479
1406 4480
2448 4481
4184 4482
3662 4483
2539 4484
427 4485
2080 4486
2517 4487
1016 4488
4422 4489
278 4490
3754 4491
2781 4492
3392 4493
2835 4494
3899 4495
4296 4496
3956 4497
2623 4498
889 4499
4073 4500
3056 4501
2734 4502
2585 4503
1227 4504
3337 4505
4355 4506
1691 4507
1195 4508
3479 4509
4215 4510
1600 4511
158 4512
324 4513
4002 4514
3934 4515
3764 4516
2815 4517
2113 4518
2446 4519
3919 4520
4069 4521
2087 4522
193 4523
1403 4524
3919 4525
2252 4526
574 4527
2796 4528
3232 4529
3991 4530
1279 4531
1050 4532
4198 4533
2046 4534
3589 4535
1877 4536
2637 4537
1545 4538
208 4539
1409 4540
3293 4541
3496 4542
1217 4543
619 4544
3048 4545
3880 4546
4419 4547
2523 4548
4191 4549
1412 4550
3897 4551
3468 4552
3371 4553
3535 4554
3862 4555
4245 4556
3310 4557
3319 4558
336 4559
703 4560
4260 4561
1889 4562
578 4563
3609 4564
2561 4565
20 4566
1983 4567
911 4568
4321 4569
4191 4570
1053 4571
2141 4572
3568 4573
1088 4574
278 4575
3385 4576
2284 4577
2506 4578
1144 4579
2280 4580
3117 4581
2309 4582
4358 4583
1493 4584
1557 4585
3308 4586
3352 4587
479 4588
1856 4589
3572 4590
3619 4591
2166 4592
1312 4593
1396 4594
2246 4595
2756 4596
774 4597
3602 4598
4014 4599
410 4600
4127 4601
2203 4602
3893 4603
3360 4604
3520 4605
1107 4606
4567 4607
2559 4608
1639 4609
113 4610
1178 4611
497 4612
3717 4613
2252 4614
574 4615
2498 4616
1799 4617
2913 4618
2647 4619
580 4620
3787 4621
84 4622
763 4623
1859 4624
1132 4625
4588 4626
3823 4627
1419 4628
1123 4629
834 4630
441 4631
1080 4632
403 4633
3757 4634
1036 4635
3452 4636
4103 4637
3246 4638
30 4639
4239 4640
1881 4641
2895 4642
4048 4643
3869 4644
4155 4645
2700 4646
65 4647
2770 4648
3874 4649
2576 4650
3912 4651
4488 4652
3266 4653
4407 4654
3228 4655
491 4656
1658 4657
873 4658
2605 4659
4578 4660
3111 4661
2089 4662
4639 4663
3220 4664
2772 4665
2612 4666
2734 4667
4412 4668
807 4669
3771 4670
3510 4671
2031 4672
4419 4673
375 4674
2770 4675
206 4676
946 4677
583 4678
3197 4679
730 4680
266 4681
3084 4682
1210 4683
2903 4684
1862 4685
202 4686
2950 4687
4595 4688
448 4689
630 4690
1101 4691
1592 4692
1643 4693
762 4694
2280 4695
4402 4696
4569 4697
1526 4698
296 4699
394 4700
3574 4701
4606 4702
1743 4703
1386 4704
2900 4705
4259 4706
3705 4707
1420 4708
202 4709
1525 4710
3625 4711
4105 4712
3697 4713
1503 4714
3642 4715
3449 4716
1753 4717
2099 4718
2556 4719
643 4720
3929 4721
404 4722
3871 4723
4577 4724
1201 4725
2477 4726
1396 4727
1261 4728
4082 4729
3944 4730
2786 4731
866 4732
517 4733
2702 4734
2482 4735
3351 4736
3521 4737
827 4738
1287 4739
701 4740
3021 4741
880 4742
4474 4743
1583 4744
461 4745
1596 4746
1834 4747
3306 4748
4305 4749
530 4750
331 4751
827 4752
4479 4753
707 4754
4179 4755
3241 4756
3106 4757
514 4758
592 4759
3962 4760
2005 4761
2585 4762
2270 4763
2177 4764
1457 4765
2359 4766
3399 4767
1905 4768
2148 4769
1599 4770
2267 4771
713 4772
2662 4773
2061 4774
331 4775
2339 4776
4215 4777
3760 4778
3080 4779
3326 4780
4550 4781
3281 4782
3069 4783
1479 4784
717 4785
3892 4786
879 4787
3831 4788
567 4789
3441 4790
1742 4791
4139 4792
4102 4793
4057 4794
1518 4795
25 4796
1239 4797
4121 4798
1474 4799
4503 4800
2561 4801
4717 4802
2658 4803
329 4804
2930 4805
4352 4806
2701 4807
1784 4808
2516 4809
795 4810
3209 4811
2497 4812
4196 4813
898 4814
3992 4815
638 4816
2133 4817
175 4818
1652 4819
303 4820
2348 4821
4649 4822
1045 4823
3554 4824
1545 4825
1305 4826
510 4827
1578 4828
91 4829
4272 4830
4124 4831
791 4832
1431 4833
3698 4834
1915 4835
1965 4836
3696 4837
3967 4838
4457 4839
1660 4840
2991 4841
922 4842
4604 4843
2471 4844
2369 4845
4145 4846
759 4847
2685 4848
2092 4849
4229 4850
3815 4851
2509 4852
3713 4853
1255 4854
183 4855
2053 4856
622 4857
833 4858
3379 4859
152 4860
786 4861
2227 4862
4592 4863
4317 4864
851 4865
1612 4866
1981 4867
4581 4868
2045 4869
3097 4870
3721 4871
4838 4872
4147 4873
4605 4874
2270 4875
1949 4876
1128 4877
2616 4878
1097 4879
3237 4880
2353 4881
3180 4882
1524 4883
1223 4884
1053 4885
2799 4886
2498 4887
4590 4888
2302 4889
3605 4890
3127 4891
1512 4892
4031 4893
2009 4894
4319 4895
2577 4896
4673 4897
2569 4898
1703 4899
3780 4900
2850 4901
4839 4902
4356 4903
1125 4904
1729 4905
1432 4906
3414 4907
3950 4908
4425 4909
2701 4910
4656 4911
1699 4912
4835 4913
300 4914
1965 4915
1481 4916
3285 4917
1625 4918
3863 4919
1325 4920
4427 4921
4197 4922
336 4923
2564 4924
1325 4925
3026 4926
1261 4927
4440 4928
671 4929
3522 4930
384 4931
3983 4932
4223 4933
2756 4934
4512 4935
1990 4936
3151 4937
369 4938
1440 4939
4150 4940
1039 4941
4541 4942
1151 4943
647 4944
1465 4945
2427 4946
2963 4947
305 4948
3 4949
3018 4950
3878 4951
3125 4952
4837 4953
4904 4954
3686 4955
166 4956
255 4957
2958 4958
1515 4959
3967 4960
1172 4961
367 4962
170 4963
900 4964
825 4965
1562 4966
587 4967
4589 4968
1968 4969
879 4970
252 4971
394 4972
281 4973
2273 4974
3197 4975
787 4976
3977 4977
974 4978
3968 4979
4705 4980
3185 4981
4755 4982
993 4983
657 4984
2896 4985
2054 4986
1561 4987
4762 4988
3751 4989
3940 4990
1910 4991
3696 4992
2111 4993
1046 4994
4849 4995
3939 4996
3341 4997
2993 4998
847 4999
4491 5000
