100 35
100 40
100 33
100 38
100 36
100 33
100 35
100 35
100 35
100 36
100 34
100 35
100 36
100 37
100 35
100 37
100 36
100 35
100 37
100 34
100 35
100 34
100 36
100 35
100 36
100 36
100 37
100 35
100 33
100 32
100 34
100 32
100 35
100 32
100 36
100 38
100 35
100 34
100 36
100 36
100 35
100 34
100 35
100 34
100 36
100 34
100 38
100 34
100 34
100 33
100 40
100 41
100 34
100 35
100 36
100 36
100 35
100 43
100 38
100 35
100 34
100 34
100 34
100 36
100 37
100 35
100 38
100 37
100 37
100 35
100 37
100 36
100 34
100 41
100 34
100 36
100 33
100 39
100 37
100 38
100 35
100 37
100 36
100 37
100 39
100 36
100 35
100 36
100 35
100 37
100 35
100 34
100 38
100 37
100 33
100 36
100 40
100 36
100 34
100 35
500 183
500 186
500 184
500 179
500 184
500 193
500 180
500 176
500 181
500 186
500 175
500 182
500 185
500 182
500 184
500 178
500 184
500 180
500 185
500 184
500 180
500 186
500 187
500 179
500 183
500 175
500 187
500 181
500 186
500 188
500 182
500 177
500 183
500 183
500 185
500 176
500 175
500 183
500 176
500 181
500 179
500 176
500 181
500 177
500 190
500 183
500 184
500 193
500 184
500 183
500 177
500 182
500 189
500 182
500 184
500 177
500 184
500 182
500 184
500 175
500 184
500 189
500 183
500 181
500 181
500 181
500 190
500 179
500 190
500 189
500 178
500 192
500 184
500 186
500 175
500 186
500 170
500 181
500 180
500 183
500 192
500 187
500 187
500 184
500 182
500 184
500 185
500 187
500 180
500 182
500 190
500 185
500 181
500 183
500 179
500 180
500 180
500 186
500 184
500 175
1000 364
1000 374
1000 368
1000 363
1000 360
1000 361
1000 361
1000 377
1000 372
1000 357
1000 364
1000 365
1000 363
1000 368
1000 375
1000 371
1000 375
1000 366
1000 369
1000 370
1000 366
1000 361
1000 364
1000 377
1000 362
1000 363
1000 365
1000 374
1000 366
1000 367
1000 362
1000 371
1000 366
1000 379
1000 359
1000 366
1000 360
1000 362
1000 365
1000 366
1000 359
1000 363
1000 371
1000 368
1000 367
1000 362
1000 371
1000 363
1000 374
1000 369
1000 365
1000 378
1000 366
1000 355
1000 374
1000 356
1000 359
1000 371
1000 365
1000 360
1000 361
1000 368
1000 366
1000 375
1000 380
1000 365
1000 375
1000 366
1000 365
1000 372
1000 366
1000 375
1000 358
1000 371
1000 359
1000 350
1000 368
1000 378
1000 367
1000 362
1000 366
1000 371
1000 374
1000 363
1000 356
1000 368
1000 372
1000 376
1000 367
1000 372
1000 364
1000 370
1000 370
1000 363
1000 361
1000 363
1000 369
1000 371
1000 384
1000 376
5000 1831
5000 1836
5000 1823
5000 1835
5000 1834
5000 1829
5000 1836
5000 1823
5000 1838
5000 1857
5000 1860
5000 1843
5000 1821
5000 1819
5000 1826
5000 1816
5000 1838
5000 1844
5000 1828
5000 1814
5000 1827
5000 1846
5000 1832
5000 1835
5000 1831
5000 1861
5000 1857
5000 1824
5000 1852
5000 1824
5000 1816
5000 1844
5000 1854
5000 1830
5000 1833
5000 1832
5000 1823
5000 1833
5000 1837
5000 1842
5000 1830
5000 1833
5000 1840
5000 1831
5000 1838
5000 1820
5000 1836
5000 1824
5000 1864
5000 1838
5000 1837
5000 1825
5000 1817
5000 1824
5000 1818
5000 1833
5000 1832
5000 1809
5000 1844
5000 1842
5000 1826
5000 1812
5000 1837
5000 1842
5000 1856
5000 1863
5000 1821
5000 1859
5000 1839
5000 1833
5000 1830
5000 1815
5000 1813
5000 1845
5000 1853
5000 1819
5000 1823
5000 1843
5000 1818
5000 1849
5000 1844
5000 1849
5000 1840
5000 1852
5000 1856
5000 1823
5000 1845
5000 1823
5000 1863
5000 1832
5000 1844
5000 1820
5000 1839
5000 1837
5000 1849
5000 1847
5000 1847
5000 1842
5000 1821
5000 1829
10000 3659
10000 3673
10000 3677
10000 3676
10000 3679
10000 3630
10000 3673
10000 3656
10000 3688
10000 3645
10000 3669
10000 3650
10000 3680
10000 3665
10000 3678
10000 3694
10000 3681
10000 3693
10000 3705
10000 3700
10000 3664
10000 3683
10000 3703
10000 3675
10000 3684
10000 3676
10000 3641
10000 3659
10000 3637
10000 3699
10000 3693
10000 3655
10000 3658
10000 3701
10000 3655
10000 3663
10000 3664
10000 3647
10000 3675
10000 3644
10000 3665
10000 3727
10000 3683
10000 3654
10000 3682
10000 3706
10000 3641
10000 3666
10000 3678
10000 3713
10000 3637
10000 3644
10000 3705
10000 3661
10000 3689
10000 3696
10000 3655
10000 3663
10000 3702
10000 3693
10000 3703
10000 3700
10000 3679
10000 3684
10000 3672
10000 3694
10000 3676
10000 3702
10000 3665
10000 3670
10000 3663
10000 3691
10000 3713
10000 3696
10000 3713
10000 3700
10000 3635
10000 3668
10000 3664
10000 3701
10000 3663
10000 3645
10000 3704
10000 3712
10000 3735
10000 3675
10000 3663
10000 3693
10000 3659
10000 3666
10000 3663
10000 3678
10000 3699
10000 3668
10000 3706
10000 3679
10000 3689
10000 3678
10000 3683
10000 3665
50000 18421
50000 18385
50000 18433
50000 18439
50000 18408
50000 18394
50000 18436
50000 18329
50000 18452
50000 18344
50000 18436
50000 18346
50000 18333
50000 18447
50000 18369
50000 18362
50000 18464
50000 18363
50000 18367
50000 18387
50000 18395
50000 18486
50000 18432
50000 18411
50000 18381
50000 18449
50000 18373
50000 18479
50000 18438
50000 18401
50000 18334
50000 18445
50000 18439
50000 18397
50000 18438
50000 18429
50000 18381
50000 18353
50000 18406
50000 18364
50000 18413
50000 18352
50000 18408
50000 18409
50000 18437
50000 18481
50000 18373
50000 18366
50000 18419
50000 18334
50000 18463
50000 18375
50000 18303
50000 18490
50000 18383
50000 18400
50000 18303
50000 18294
50000 18364
50000 18391
50000 18366
50000 18390
50000 18414
50000 18394
50000 18463
50000 18409
50000 18404
50000 18430
50000 18337
50000 18424
50000 18477
50000 18388
50000 18400
50000 18387
50000 18424
50000 18347
50000 18395
50000 18417
50000 18398
50000 18389
50000 18375
50000 18426
50000 18382
50000 18385
50000 18396
50000 18384
50000 18484
50000 18316
50000 18329
50000 18365
50000 18344
50000 18402
50000 18421
50000 18378
50000 18388
50000 18421
50000 18399
50000 18355
50000 18436
50000 18399
100000 36849
100000 36694
100000 36766
100000 36819
100000 36958
100000 36755
100000 36935
100000 36804
100000 36800
100000 36810
100000 36727
100000 36719
100000 36902
100000 36675
100000 36763
100000 36755
100000 36765
100000 36816
100000 36803
100000 36707
100000 36723
100000 36750
100000 36854
100000 36709
100000 36868
100000 36736
100000 36744
100000 36790
100000 36808
100000 36827
100000 36786
100000 36759
100000 36857
100000 36871
100000 36814
100000 36765
100000 36773
100000 36853
100000 36820
100000 36774
100000 36766
100000 36747
100000 36938
100000 36773
100000 36723
100000 36853
100000 36858
100000 36641
100000 36816
100000 36762
100000 36787
100000 36841
100000 36908
100000 36793
100000 36791
100000 36796
100000 36809
100000 36754
100000 36815
100000 36887
100000 36773
100000 36772
100000 36815
100000 36828
100000 36889
100000 36715
100000 36707
100000 36699
100000 36965
100000 36732
100000 36800
100000 36794
100000 36723
100000 36785
100000 36777
100000 36792
100000 36706
100000 36743
100000 36737
100000 36719
100000 36789
100000 36722
100000 36727
100000 36761
100000 36797
100000 36848
100000 36731
100000 36856
100000 36761
100000 36833
100000 36803
100000 36826
100000 36746
100000 36777
100000 36687
100000 36745
100000 36755
100000 36834
100000 36752
100000 36829