1 2
1 3
3 4
4 5
5 6
2 7
4 8
8 9
7 10
10 11
8 12
9 13
7 14
2 15
7 16
7 17
10 18
16 19
11 20
10 21
12 22
3 23
18 24
9 25
16 26
1 27
19 28
10 29
27 30
4 31
6 32
8 33
10 34
22 35
21 36
25 37
13 38
17 39
2 40
6 41
31 42
41 43
4 44
16 45
45 46
19 47
3 48
47 49
19 50
46 51
43 52
2 53
31 54
20 55
17 56
28 57
45 58
41 59
24 60
24 61
36 62
58 63
37 64
1 65
45 66
7 67
3 68
56 69
65 70
3 71
30 72
70 73
20 74
22 75
43 76
31 77
14 78
38 79
63 80
15 81
62 82
15 83
27 84
36 85
47 86
38 87
70 88
45 89
54 90
6 91
19 92
75 93
15 94
39 95
27 96
2 97
29 98
17 99
38 100
