1 2
1 3
2 4
1 5
5 6
6 7
6 8
5 9
8 10
3 11
8 12
12 13
6 14
5 15
6 16
8 17
12 18
1 19
4 20
9 21
13 22
5 23
22 24
14 25
16 26
17 27
21 28
24 29
8 30
17 31
9 32
11 33
19 34
1 35
31 36
28 37
17 38
21 39
38 40
16 41
33 42
32 43
28 44
14 45
35 46
28 47
45 48
15 49
47 50
3 51
48 52
22 53
29 54
20 55
9 56
25 57
35 58
11 59
19 60
27 61
14 62
33 63
55 64
52 65
22 66
13 67
19 68
28 69
28 70
27 71
15 72
38 73
73 74
27 75
16 76
74 77
28 78
9 79
13 80
19 81
17 82
82 83
35 84
13 85
74 86
25 87
78 88
70 89
14 90
21 91
73 92
26 93
9 94
61 95
84 96
24 97
31 98
92 99
57 100
