1 2
2 3
1 4
2 5
4 6
2 7
5 8
7 9
3 10
5 11
5 12
9 13
6 14
2 15
1 16
8 17
8 18
9 19
18 20
15 21
4 22
3 23
4 24
2 25
1 26
18 27
6 28
9 29
11 30
17 31
21 32
29 33
27 34
3 35
6 36
3 37
36 38
10 39
2 40
13 41
19 42
22 43
19 44
7 45
11 46
38 47
25 48
27 49
25 50
34 51
12 52
40 53
50 54
18 55
43 56
9 57
28 58
5 59
31 60
13 61
34 62
12 63
49 64
56 65
26 66
46 67
41 68
29 69
52 70
37 71
49 72
9 73
54 74
29 75
3 76
10 77
25 78
39 79
39 80
26 81
42 82
25 83
1 84
80 85
45 86
11 87
59 88
69 89
59 90
27 91
41 92
34 93
32 94
25 95
50 96
47 97
11 98
72 99
70 100
