1 2
1 3
1 4
3 5
2 6
4 7
3 8
1 9
7 10
2 11
4 12
9 13
8 14
7 15
14 16
16 17
12 18
7 19
18 20
19 21
21 22
18 23
4 24
4 25
22 26
24 27
9 28
15 29
16 30
13 31
27 32
24 33
27 34
16 35
1 36
10 37
22 38
37 39
33 40
20 41
20 42
1 43
25 44
31 45
34 46
35 47
23 48
14 49
17 50
3 51
31 52
18 53
29 54
32 55
50 56
43 57
39 58
13 59
37 60
39 61
41 62
42 63
38 64
19 65
23 66
63 67
1 68
9 69
2 70
36 71
8 72
7 73
48 74
39 75
26 76
39 77
2 78
34 79
62 80
44 81
16 82
43 83
69 84
49 85
52 86
20 87
76 88
14 89
33 90
19 91
72 92
34 93
43 94
93 95
68 96
75 97
8 98
2 99
38 100
