1 2
1 3
3 4
3 5
4 6
3 7
5 8
3 9
6 10
7 11
2 12
10 13
11 14
1 15
1 16
6 17
17 18
7 19
14 20
15 21
1 22
3 23
2 24
4 25
12 26
7 27
4 28
28 29
9 30
23 31
3 32
26 33
26 34
22 35
32 36
11 37
4 38
7 39
35 40
40 41
23 42
2 43
13 44
20 45
44 46
18 47
5 48
41 49
40 50
42 51
16 52
45 53
50 54
13 55
10 56
6 57
3 58
53 59
21 60
56 61
23 62
27 63
10 64
35 65
36 66
49 67
25 68
25 69
68 70
33 71
67 72
68 73
59 74
24 75
17 76
25 77
28 78
1 79
65 80
28 81
18 82
74 83
23 84
51 85
37 86
27 87
86 88
75 89
37 90
37 91
2 92
83 93
2 94
14 95
4 96
19 97
32 98
79 99
57 100
