1 2
2 3
2 4
4 5
1 6
2 7
7 8
3 9
3 10
8 11
3 12
3 13
2 14
13 15
12 16
9 17
12 18
16 19
19 20
17 21
13 22
21 23
20 24
15 25
3 26
15 27
14 28
9 29
2 30
26 31
11 32
5 33
15 34
10 35
19 36
24 37
29 38
35 39
33 40
25 41
30 42
27 43
20 44
16 45
3 46
34 47
6 48
47 49
9 50
46 51
30 52
6 53
38 54
22 55
44 56
13 57
32 58
34 59
5 60
45 61
43 62
23 63
33 64
15 65
64 66
51 67
63 68
45 69
32 70
15 71
1 72
58 73
66 74
67 75
1 76
75 77
11 78
2 79
73 80
76 81
62 82
25 83
32 84
68 85
64 86
21 87
78 88
57 89
1 90
32 91
70 92
43 93
28 94
3 95
3 96
79 97
81 98
18 99
13 100
