1 2
1 3
2 4
4 5
1 6
5 7
2 8
6 9
9 10
8 11
1 12
11 13
7 14
9 15
15 16
12 17
10 18
1 19
4 20
15 21
17 22
7 23
23 24
8 25
21 26
13 27
1 28
26 29
6 30
29 31
27 32
24 33
26 34
31 35
26 36
19 37
4 38
35 39
3 40
9 41
20 42
21 43
40 44
22 45
25 46
19 47
35 48
36 49
43 50
13 51
34 52
20 53
49 54
3 55
35 56
40 57
34 58
34 59
44 60
15 61
4 62
43 63
27 64
49 65
48 66
37 67
62 68
50 69
69 70
15 71
19 72
60 73
45 74
15 75
58 76
1 77
21 78
31 79
70 80
59 81
58 82
71 83
76 84
56 85
26 86
63 87
49 88
50 89
42 90
84 91
63 92
34 93
60 94
44 95
23 96
40 97
26 98
66 99
90 100
