1 2
2 3
1 4
1 5
1 6
3 7
1 8
4 9
8 10
4 11
8 12
3 13
11 14
13 15
10 16
11 17
14 18
7 19
13 20
17 21
19 22
22 23
2 24
19 25
11 26
6 27
26 28
18 29
10 30
13 31
30 32
23 33
25 34
9 35
20 36
13 37
35 38
25 39
29 40
20 41
17 42
36 43
14 44
30 45
29 46
27 47
3 48
18 49
8 50
13 51
35 52
9 53
5 54
40 55
52 56
15 57
4 58
56 59
14 60
18 61
46 62
40 63
8 64
55 65
9 66
58 67
13 68
54 69
42 70
69 71
52 72
47 73
55 74
20 75
23 76
28 77
4 78
29 79
79 80
52 81
1 82
74 83
21 84
3 85
18 86
4 87
49 88
16 89
15 90
43 91
55 92
35 93
23 94
89 95
24 96
66 97
37 98
47 99
82 100
