1 2
2 3
2 4
3 5
2 6
5 7
1 8
2 9
8 10
7 11
5 12
8 13
1 14
11 15
2 16
12 17
7 18
7 19
5 20
15 21
12 22
4 23
19 24
2 25
15 26
14 27
27 28
2 29
6 30
19 31
26 32
3 33
8 34
13 35
7 36
25 37
25 38
19 39
7 40
12 41
40 42
18 43
31 44
20 45
36 46
25 47
34 48
42 49
10 50
42 51
16 52
12 53
43 54
44 55
40 56
26 57
27 58
48 59
42 60
26 61
28 62
16 63
30 64
35 65
13 66
49 67
17 68
4 69
34 70
35 71
64 72
23 73
26 74
4 75
19 76
9 77
33 78
60 79
35 80
73 81
56 82
43 83
10 84
67 85
63 86
50 87
37 88
45 89
67 90
46 91
18 92
21 93
65 94
19 95
29 96
88 97
55 98
87 99
60 100
