1 2
1 3
3 4
4 5
3 6
4 7
7 8
7 9
5 10
9 11
3 12
8 13
9 14
4 15
15 16
2 17
1 18
8 19
17 20
11 21
16 22
11 23
19 24
21 25
12 26
4 27
8 28
18 29
18 30
13 31
6 32
16 33
1 34
4 35
34 36
10 37
18 38
24 39
7 40
37 41
3 42
29 43
28 44
40 45
24 46
42 47
26 48
6 49
15 50
21 51
23 52
50 53
38 54
12 55
15 56
52 57
29 58
34 59
29 60
44 61
18 62
39 63
42 64
30 65
4 66
9 67
24 68
58 69
34 70
15 71
18 72
50 73
58 74
59 75
33 76
49 77
19 78
42 79
15 80
38 81
20 82
1 83
61 84
22 85
5 86
48 87
84 88
42 89
60 90
77 91
1 92
3 93
64 94
34 95
30 96
87 97
23 98
47 99
43 100
