1 2
1 3
2 4
1 5
3 6
4 7
5 8
5 9
8 10
8 11
5 12
7 13
8 14
6 15
2 16
13 17
16 18
3 19
3 20
18 21
3 22
22 23
19 24
17 25
25 26
25 27
9 28
1 29
29 30
21 31
17 32
1 33
2 34
5 35
21 36
8 37
29 38
4 39
17 40
1 41
38 42
16 43
6 44
21 45
20 46
6 47
29 48
4 49
13 50
25 51
28 52
25 53
15 54
44 55
16 56
32 57
51 58
5 59
6 60
58 61
20 62
57 63
24 64
2 65
59 66
11 67
53 68
25 69
61 70
43 71
10 72
56 73
56 74
14 75
74 76
58 77
22 78
16 79
54 80
60 81
72 82
55 83
15 84
65 85
23 86
47 87
73 88
54 89
48 90
80 91
76 92
31 93
76 94
62 95
9 96
50 97
86 98
45 99
32 100
