1 2
1 3
3 4
4 5
5 6
6 7
5 8
1 9
9 10
2 11
5 12
9 13
8 14
2 15
12 16
14 17
9 18
15 19
1 20
4 21
18 22
9 23
6 24
6 25
16 26
16 27
6 28
2 29
9 30
15 31
7 32
2 33
16 34
7 35
32 36
32 37
32 38
12 39
33 40
24 41
2 42
28 43
17 44
2 45
7 46
19 47
4 48
23 49
17 50
36 51
8 52
38 53
34 54
4 55
45 56
36 57
22 58
29 59
21 60
34 61
17 62
35 63
4 64
23 65
61 66
1 67
43 68
64 69
32 70
33 71
35 72
53 73
39 74
6 75
14 76
28 77
50 78
64 79
63 80
51 81
65 82
60 83
5 84
11 85
16 86
58 87
3 88
77 89
44 90
21 91
32 92
79 93
52 94
4 95
23 96
65 97
96 98
95 99
12 100
