1 2
1 3
3 4
3 5
1 6
2 7
2 8
2 9
5 10
1 11
8 12
11 13
7 14
7 15
1 16
15 17
7 18
7 19
19 20
15 21
8 22
4 23
18 24
22 25
1 26
12 27
27 28
18 29
15 30
5 31
6 32
14 33
10 34
22 35
33 36
22 37
15 38
28 39
19 40
34 41
22 42
21 43
3 44
15 45
35 46
26 47
42 48
39 49
22 50
33 51
15 52
18 53
33 54
32 55
2 56
17 57
41 58
22 59
44 60
22 61
9 62
35 63
12 64
62 65
40 66
2 67
54 68
5 69
45 70
7 71
31 72
19 73
47 74
7 75
48 76
60 77
48 78
1 79
33 80
28 81
53 82
76 83
12 84
30 85
70 86
72 87
72 88
38 89
40 90
10 91
78 92
32 93
33 94
4 95
95 96
49 97
87 98
84 99
85 100
