1 2
2 3
3 4
1 5
5 6
3 7
3 8
6 9
8 10
9 11
9 12
2 13
6 14
4 15
2 16
8 17
8 18
15 19
18 20
16 21
18 22
22 23
22 24
14 25
1 26
11 27
20 28
27 29
3 30
6 31
23 32
27 33
13 34
6 35
28 36
17 37
22 38
24 39
30 40
10 41
2 42
9 43
33 44
21 45
21 46
18 47
42 48
5 49
10 50
41 51
32 52
31 53
41 54
11 55
41 56
28 57
34 58
28 59
17 60
1 61
55 62
37 63
33 64
7 65
35 66
44 67
50 68
4 69
38 70
31 71
2 72
45 73
72 74
74 75
54 76
40 77
71 78
14 79
67 80
42 81
15 82
1 83
7 84
38 85
21 86
26 87
66 88
20 89
1 90
49 91
49 92
30 93
26 94
60 95
62 96
16 97
47 98
43 99
76 100
