1 2
1 3
2 4
2 5
1 6
4 7
4 8
7 9
6 10
7 11
1 12
12 13
11 14
11 15
8 16
3 17
8 18
5 19
10 20
7 21
1 22
11 23
20 24
14 25
3 26
6 27
12 28
16 29
11 30
5 31
26 32
13 33
18 34
23 35
14 36
19 37
32 38
4 39
19 40
19 41
39 42
5 43
9 44
42 45
25 46
9 47
39 48
12 49
35 50
1 51
17 52
27 53
3 54
22 55
17 56
13 57
35 58
31 59
24 60
16 61
49 62
53 63
17 64
50 65
51 66
54 67
5 68
13 69
56 70
12 71
25 72
54 73
66 74
48 75
38 76
27 77
69 78
13 79
54 80
77 81
20 82
34 83
48 84
29 85
65 86
20 87
38 88
41 89
64 90
13 91
31 92
52 93
35 94
65 95
32 96
19 97
57 98
15 99
68 100
