1 2
1 3
3 4
3 5
5 6
6 7
3 8
8 9
1 10
1 11
2 12
1 13
11 14
6 15
4 16
16 17
15 18
16 19
12 20
9 21
14 22
2 23
9 24
22 25
25 26
1 27
25 28
18 29
5 30
7 31
26 32
27 33
9 34
33 35
26 36
23 37
3 38
5 39
10 40
17 41
21 42
40 43
25 44
21 45
19 46
8 47
26 48
47 49
43 50
8 51
42 52
46 53
6 54
13 55
21 56
40 57
47 58
25 59
34 60
8 61
59 62
50 63
51 64
18 65
37 66
13 67
29 68
51 69
13 70
25 71
30 72
22 73
19 74
27 75
61 76
55 77
24 78
30 79
14 80
8 81
46 82
27 83
66 84
38 85
39 86
35 87
53 88
46 89
18 90
41 91
54 92
60 93
36 94
26 95
44 96
51 97
5 98
44 99
62 100
