1 2
1 3
1 4
3 5
3 6
5 7
2 8
4 9
6 10
1 11
8 12
11 13
7 14
6 15
6 16
8 17
15 18
1 19
8 20
7 21
6 22
5 23
15 24
22 25
12 26
8 27
3 28
25 29
17 30
20 31
18 32
13 33
15 34
26 35
9 36
15 37
11 38
38 39
30 40
25 41
31 42
19 43
33 44
12 45
15 46
24 47
39 48
33 49
6 50
41 51
11 52
38 53
43 54
54 55
14 56
8 57
44 58
53 59
34 60
60 61
48 62
35 63
36 64
30 65
64 66
56 67
41 68
1 69
20 70
27 71
7 72
59 73
27 74
36 75
4 76
65 77
49 78
8 79
14 80
70 81
16 82
25 83
36 84
44 85
84 86
38 87
15 88
65 89
26 90
18 91
58 92
47 93
52 94
71 95
93 96
71 97
72 98
38 99
79 100
