1 2
1 3
1 4
2 5
3 6
5 7
6 8
3 9
9 10
9 11
11 12
11 13
5 14
2 15
8 16
6 17
16 18
14 19
13 20
11 21
12 22
12 23
3 24
8 25
20 26
23 27
10 28
1 29
9 30
17 31
13 32
25 33
19 34
16 35
19 36
10 37
5 38
29 39
31 40
2 41
29 42
9 43
39 44
6 45
3 46
17 47
46 48
20 49
23 50
44 51
3 52
49 53
41 54
28 55
17 56
43 57
7 58
3 59
53 60
3 61
38 62
5 63
43 64
62 65
55 66
17 67
52 68
47 69
47 70
54 71
38 72
53 73
60 74
40 75
71 76
4 77
25 78
59 79
4 80
53 81
12 82
1 83
17 84
38 85
24 86
39 87
47 88
7 89
27 90
23 91
87 92
18 93
73 94
81 95
18 96
68 97
94 98
64 99
97 100
