1 2
1 3
2 4
3 5
3 6
1 7
7 8
5 9
8 10
8 11
4 12
4 13
2 14
7 15
7 16
13 17
9 18
18 19
13 20
14 21
11 22
15 23
22 24
7 25
24 26
2 27
3 28
7 29
24 30
24 31
25 32
3 33
5 34
6 35
30 36
29 37
32 38
4 39
24 40
40 41
16 42
13 43
17 44
40 45
30 46
21 47
37 48
27 49
23 50
10 51
41 52
42 53
46 54
28 55
46 56
52 57
57 58
49 59
57 60
44 61
15 62
33 63
1 64
31 65
29 66
6 67
6 68
48 69
1 70
41 71
32 72
41 73
45 74
50 75
53 76
16 77
62 78
26 79
57 80
72 81
15 82
2 83
4 84
36 85
35 86
61 87
50 88
7 89
61 90
84 91
9 92
90 93
52 94
13 95
21 96
49 97
45 98
78 99
36 100
