1 2
2 3
2 4
3 5
5 6
3 7
3 8
1 9
2 10
8 11
1 12
5 13
3 14
5 15
15 16
8 17
13 18
16 19
4 20
1 21
14 22
22 23
5 24
10 25
13 26
17 27
22 28
23 29
10 30
5 31
26 32
10 33
7 34
28 35
22 36
30 37
5 38
17 39
11 40
37 41
41 42
11 43
40 44
3 45
19 46
26 47
25 48
44 49
33 50
34 51
19 52
36 53
3 54
36 55
8 56
21 57
26 58
10 59
5 60
9 61
55 62
6 63
62 64
22 65
64 66
20 67
45 68
32 69
19 70
67 71
49 72
30 73
69 74
24 75
50 76
48 77
67 78
3 79
79 80
73 81
52 82
3 83
59 84
40 85
40 86
52 87
1 88
15 89
78 90
29 91
21 92
26 93
32 94
5 95
1 96
15 97
93 98
90 99
58 100
