1 2
2 3
2 4
4 5
3 6
3 7
2 8
5 9
2 10
6 11
5 12
8 13
11 14
7 15
3 16
6 17
6 18
12 19
10 20
10 21
18 22
6 23
21 24
23 25
5 26
24 27
26 28
16 29
14 30
2 31
21 32
10 33
19 34
29 35
27 36
4 37
35 38
3 39
10 40
4 41
34 42
31 43
30 44
25 45
34 46
14 47
36 48
7 49
44 50
44 51
3 52
35 53
39 54
9 55
14 56
1 57
33 58
22 59
25 60
8 61
38 62
1 63
7 64
42 65
64 66
7 67
2 68
66 69
9 70
30 71
3 72
46 73
32 74
47 75
27 76
12 77
51 78
31 79
15 80
26 81
38 82
36 83
83 84
81 85
64 86
19 87
66 88
7 89
29 90
36 91
23 92
71 93
73 94
74 95
69 96
23 97
97 98
17 99
98 100
