1 2
2 3
2 4
1 5
5 6
3 7
3 8
4 9
7 10
8 11
5 12
2 13
6 14
3 15
8 16
7 17
5 18
3 19
2 20
4 21
12 22
8 23
5 24
10 25
6 26
5 27
13 28
16 29
9 30
6 31
23 32
19 33
18 34
2 35
29 36
35 37
15 38
4 39
16 40
33 41
12 42
21 43
43 44
1 45
40 46
15 47
23 48
16 49
40 50
5 51
19 52
44 53
12 54
31 55
46 56
48 57
46 58
54 59
6 60
25 61
43 62
13 63
5 64
7 65
21 66
46 67
20 68
20 69
57 70
46 71
34 72
11 73
62 74
51 75
9 76
58 77
61 78
77 79
47 80
8 81
7 82
76 83
18 84
6 85
3 86
13 87
28 88
26 89
43 90
36 91
42 92
58 93
53 94
93 95
94 96
10 97
32 98
95 99
62 100
