1 2
1 3
1 4
3 5
3 6
3 7
7 8
6 9
5 10
7 11
1 12
11 13
12 14
11 15
11 16
14 17
10 18
6 19
1 20
12 21
21 22
19 23
23 24
19 25
24 26
2 27
19 28
21 29
10 30
26 31
25 32
29 33
21 34
34 35
31 36
5 37
28 38
19 39
4 40
40 41
18 42
38 43
27 44
31 45
38 46
20 47
45 48
4 49
33 50
11 51
15 52
43 53
9 54
27 55
15 56
41 57
6 58
49 59
32 60
58 61
40 62
46 63
51 64
31 65
18 66
14 67
44 68
52 69
2 70
62 71
40 72
37 73
7 74
9 75
16 76
22 77
41 78
42 79
2 80
34 81
39 82
73 83
20 84
29 85
75 86
14 87
45 88
34 89
55 90
36 91
28 92
52 93
81 94
1 95
89 96
9 97
18 98
15 99
9 100
