1 2
2 3
1 4
3 5
4 6
2 7
6 8
2 9
2 10
3 11
11 12
7 13
2 14
9 15
15 16
7 17
8 18
9 19
12 20
11 21
17 22
18 23
4 24
7 25
21 26
15 27
6 28
19 29
12 30
23 31
9 32
13 33
11 34
14 35
35 36
24 37
23 38
28 39
15 40
10 41
23 42
23 43
4 44
1 45
32 46
23 47
5 48
38 49
5 50
44 51
29 52
8 53
23 54
25 55
50 56
50 57
17 58
15 59
25 60
31 61
47 62
29 63
57 64
36 65
18 66
26 67
23 68
44 69
12 70
3 71
53 72
51 73
68 74
52 75
6 76
71 77
14 78
76 79
73 80
13 81
66 82
27 83
44 84
76 85
26 86
8 87
18 88
54 89
59 90
87 91
39 92
46 93
44 94
15 95
90 96
68 97
55 98
48 99
45 100
