1 2
1 3
2 4
3 5
4 6
3 7
7 8
8 9
3 10
1 11
5 12
7 13
5 14
8 15
5 16
1 17
17 18
5 19
14 20
1 21
4 22
10 23
21 24
20 25
24 26
7 27
15 28
8 29
4 30
1 31
23 32
25 33
18 34
4 35
34 36
13 37
22 38
16 39
32 40
8 41
16 42
30 43
1 44
38 45
30 46
19 47
24 48
15 49
6 50
5 51
27 52
48 53
21 54
5 55
36 56
49 57
23 58
56 59
20 60
26 61
10 62
12 63
62 64
37 65
19 66
42 67
43 68
52 69
45 70
26 71
62 72
56 73
11 74
2 75
6 76
71 77
5 78
3 79
4 80
17 81
62 82
55 83
4 84
83 85
83 86
50 87
52 88
45 89
58 90
63 91
79 92
35 93
85 94
8 95
32 96
37 97
29 98
43 99
96 100
