1 2
1 3
1 4
1 5
4 6
4 7
6 8
8 9
3 10
4 11
1 12
6 13
8 14
3 15
3 16
1 17
17 18
13 19
13 20
11 21
9 22
19 23
12 24
6 25
15 26
21 27
7 28
25 29
17 30
15 31
20 32
2 33
5 34
17 35
7 36
36 37
27 38
22 39
19 40
40 41
41 42
14 43
7 44
21 45
21 46
27 47
3 48
9 49
49 50
43 51
14 52
16 53
37 54
27 55
21 56
7 57
19 58
21 59
50 60
37 61
47 62
51 63
20 64
4 65
29 66
9 67
14 68
41 69
61 70
48 71
63 72
34 73
25 74
53 75
61 76
30 77
13 78
28 79
39 80
6 81
47 82
28 83
57 84
25 85
49 86
82 87
79 88
17 89
80 90
6 91
84 92
86 93
72 94
84 95
85 96
40 97
86 98
24 99
79 100
