1 2
2 3
3 4
4 5
5 6
1 7
3 8
2 9
5 10
5 11
2 12
7 13
11 14
1 15
7 16
16 17
11 18
6 19
2 20
11 21
21 22
16 23
18 24
14 25
22 26
23 27
19 28
11 29
4 30
10 31
1 32
15 33
9 34
24 35
15 36
2 37
15 38
8 39
5 40
23 41
34 42
17 43
39 44
41 45
16 46
16 47
46 48
22 49
24 50
38 51
31 52
36 53
39 54
50 55
39 56
46 57
14 58
23 59
21 60
46 61
1 62
19 63
28 64
51 65
55 66
44 67
6 68
23 69
24 70
29 71
32 72
10 73
72 74
27 75
41 76
27 77
54 78
64 79
52 80
8 81
56 82
16 83
58 84
59 85
10 86
67 87
9 88
22 89
52 90
76 91
53 92
86 93
2 94
64 95
30 96
93 97
55 98
61 99
23 100
