1 2
2 3
2 4
1 5
5 6
4 7
1 8
6 9
8 10
8 11
5 12
3 13
7 14
7 15
7 16
10 17
15 18
7 19
9 20
1 21
10 22
21 23
8 24
4 25
18 26
6 27
19 28
14 29
20 30
24 31
3 32
14 33
6 34
11 35
24 36
5 37
24 38
18 39
33 40
18 41
22 42
38 43
22 44
27 45
33 46
34 47
44 48
10 49
9 50
3 51
25 52
5 53
36 54
4 55
32 56
2 57
13 58
45 59
53 60
9 61
61 62
9 63
22 64
30 65
42 66
52 67
56 68
35 69
29 70
47 71
44 72
69 73
36 74
7 75
28 76
60 77
9 78
60 79
31 80
63 81
46 82
65 83
47 84
12 85
1 86
39 87
37 88
45 89
41 90
13 91
12 92
11 93
54 94
38 95
18 96
13 97
9 98
64 99
12 100
38 101
9 102
101 103
77 104
22 105
63 106
66 107
30 108
17 109
100 110
5 111
6 112
74 113
74 114
38 115
57 116
86 117
40 118
100 119
111 120
72 121
47 122
10 123
50 124
29 125
92 126
1 127
104 128
61 129
55 130
65 131
47 132
16 133
53 134
12 135
97 136
126 137
47 138
22 139
67 140
81 141
108 142
59 143
43 144
2 145
83 146
34 147
53 148
121 149
18 150
112 151
93 152
146 153
75 154
21 155
4 156
130 157
67 158
5 159
157 160
84 161
114 162
103 163
61 164
33 165
106 166
138 167
22 168
82 169
126 170
78 171
127 172
88 173
98 174
69 175
14 176
162 177
174 178
18 179
88 180
91 181
69 182
121 183
122 184
143 185
145 186
28 187
98 188
107 189
125 190
186 191
85 192
129 193
94 194
51 195
10 196
98 197
62 198
144 199
110 200
172 201
162 202
101 203
27 204
15 205
174 206
124 207
162 208
75 209
61 210
20 211
62 212
124 213
196 214
122 215
64 216
162 217
46 218
105 219
21 220
193 221
69 222
20 223
43 224
208 225
208 226
73 227
190 228
8 229
71 230
143 231
170 232
41 233
85 234
1 235
52 236
44 237
206 238
9 239
99 240
67 241
162 242
107 243
110 244
28 245
50 246
125 247
223 248
174 249
193 250
137 251
78 252
127 253
230 254
147 255
129 256
202 257
3 258
234 259
161 260
103 261
194 262
136 263
258 264
56 265
153 266
52 267
67 268
133 269
121 270
66 271
134 272
124 273
251 274
37 275
161 276
236 277
240 278
162 279
106 280
90 281
158 282
259 283
181 284
254 285
148 286
117 287
251 288
9 289
18 290
26 291
9 292
290 293
23 294
166 295
256 296
82 297
70 298
260 299
164 300
67 301
48 302
267 303
230 304
264 305
166 306
234 307
190 308
191 309
224 310
209 311
304 312
100 313
182 314
99 315
268 316
162 317
20 318
55 319
139 320
246 321
57 322
189 323
111 324
275 325
65 326
255 327
317 328
188 329
206 330
81 331
265 332
64 333
213 334
315 335
325 336
117 337
95 338
96 339
271 340
248 341
62 342
70 343
111 344
251 345
82 346
269 347
193 348
64 349
9 350
76 351
195 352
91 353
47 354
203 355
156 356
98 357
342 358
327 359
199 360
31 361
25 362
309 363
146 364
69 365
323 366
28 367
319 368
195 369
352 370
340 371
262 372
265 373
128 374
243 375
185 376
355 377
144 378
343 379
93 380
217 381
317 382
126 383
24 384
34 385
327 386
28 387
306 388
280 389
73 390
136 391
93 392
349 393
357 394
54 395
26 396
377 397
372 398
268 399
174 400
126 401
311 402
247 403
48 404
210 405
48 406
157 407
111 408
46 409
126 410
210 411
278 412
198 413
78 414
402 415
177 416
126 417
306 418
232 419
387 420
240 421
292 422
162 423
395 424
389 425
18 426
290 427
397 428
36 429
313 430
142 431
54 432
254 433
307 434
218 435
210 436
190 437
307 438
88 439
226 440
326 441
360 442
325 443
187 444
131 445
297 446
106 447
41 448
181 449
196 450
198 451
320 452
318 453
393 454
266 455
189 456
50 457
2 458
124 459
97 460
5 461
330 462
424 463
242 464
212 465
243 466
147 467
12 468
344 469
413 470
78 471
84 472
471 473
332 474
338 475
157 476
109 477
35 478
338 479
375 480
480 481
195 482
130 483
403 484
17 485
52 486
227 487
381 488
185 489
115 490
192 491
398 492
177 493
420 494
433 495
186 496
418 497
226 498
28 499
233 500
341 501
29 502
478 503
423 504
421 505
101 506
458 507
191 508
90 509
253 510
168 511
17 512
34 513
290 514
403 515
389 516
303 517
382 518
99 519
266 520
178 521
39 522
196 523
319 524
45 525
425 526
426 527
220 528
113 529
200 530
424 531
486 532
70 533
34 534
42 535
457 536
275 537
283 538
262 539
343 540
509 541
414 542
283 543
155 544
188 545
155 546
387 547
206 548
38 549
45 550
264 551
352 552
307 553
217 554
166 555
450 556
193 557
401 558
484 559
423 560
227 561
69 562
508 563
119 564
327 565
104 566
410 567
33 568
183 569
110 570
272 571
373 572
356 573
254 574
56 575
194 576
335 577
105 578
326 579
554 580
391 581
566 582
339 583
566 584
58 585
281 586
256 587
139 588
213 589
441 590
27 591
213 592
126 593
361 594
373 595
217 596
61 597
550 598
519 599
545 600
484 601
465 602
538 603
14 604
7 605
350 606
434 607
73 608
581 609
533 610
267 611
528 612
191 613
581 614
284 615
280 616
234 617
142 618
16 619
16 620
136 621
617 622
156 623
278 624
89 625
337 626
83 627
565 628
165 629
430 630
322 631
485 632
41 633
293 634
93 635
322 636
389 637
591 638
53 639
7 640
13 641
91 642
612 643
101 644
375 645
375 646
552 647
335 648
349 649
245 650
643 651
374 652
574 653
566 654
443 655
204 656
308 657
472 658
38 659
503 660
38 661
260 662
281 663
288 664
407 665
597 666
41 667
509 668
261 669
89 670
627 671
489 672
247 673
396 674
277 675
643 676
554 677
592 678
512 679
561 680
646 681
605 682
475 683
649 684
532 685
380 686
327 687
124 688
10 689
524 690
441 691
149 692
369 693
279 694
131 695
481 696
622 697
121 698
376 699
536 700
439 701
594 702
449 703
410 704
135 705
532 706
248 707
158 708
499 709
298 710
663 711
678 712
690 713
80 714
301 715
277 716
478 717
390 718
72 719
636 720
321 721
433 722
112 723
224 724
424 725
115 726
485 727
168 728
9 729
116 730
161 731
628 732
447 733
167 734
434 735
109 736
650 737
527 738
585 739
477 740
408 741
275 742
424 743
481 744
73 745
23 746
639 747
426 748
668 749
672 750
100 751
717 752
504 753
717 754
156 755
189 756
392 757
582 758
216 759
616 760
696 761
345 762
171 763
170 764
729 765
470 766
264 767
52 768
123 769
530 770
722 771
232 772
341 773
227 774
233 775
49 776
649 777
534 778
172 779
720 780
175 781
551 782
232 783
166 784
604 785
660 786
78 787
625 788
166 789
288 790
582 791
706 792
382 793
123 794
314 795
761 796
300 797
126 798
569 799
49 800
202 801
389 802
795 803
220 804
524 805
556 806
265 807
765 808
208 809
202 810
623 811
148 812
766 813
216 814
136 815
690 816
255 817
732 818
186 819
740 820
227 821
435 822
418 823
15 824
199 825
117 826
512 827
748 828
479 829
35 830
641 831
351 832
703 833
471 834
140 835
609 836
562 837
269 838
804 839
747 840
213 841
436 842
660 843
616 844
195 845
365 846
147 847
197 848
395 849
36 850
789 851
519 852
258 853
481 854
151 855
620 856
66 857
794 858
709 859
598 860
609 861
695 862
79 863
676 864
206 865
707 866
864 867
755 868
325 869
121 870
170 871
818 872
424 873
872 874
614 875
419 876
239 877
315 878
576 879
440 880
434 881
629 882
10 883
602 884
598 885
95 886
636 887
75 888
235 889
515 890
853 891
430 892
723 893
136 894
92 895
270 896
783 897
475 898
270 899
269 900
267 901
195 902
894 903
820 904
549 905
517 906
869 907
161 908
318 909
375 910
601 911
499 912
614 913
558 914
31 915
566 916
814 917
748 918
396 919
460 920
775 921
220 922
505 923
177 924
258 925
65 926
77 927
246 928
832 929
305 930
670 931
663 932
651 933
926 934
648 935
598 936
778 937
354 938
535 939
883 940
858 941
807 942
481 943
440 944
375 945
352 946
272 947
268 948
184 949
338 950
28 951
75 952
249 953
768 954
465 955
35 956
511 957
388 958
339 959
536 960
264 961
308 962
840 963
896 964
484 965
60 966
232 967
753 968
17 969
369 970
403 971
54 972
179 973
465 974
808 975
82 976
544 977
272 978
927 979
881 980
17 981
910 982
226 983
981 984
404 985
286 986
872 987
267 988
605 989
358 990
533 991
105 992
378 993
881 994
852 995
849 996
445 997
246 998
752 999
443 1000
258 1001
672 1002
200 1003
463 1004
117 1005
694 1006
24 1007
749 1008
251 1009
558 1010
129 1011
923 1012
1000 1013
262 1014
461 1015
976 1016
110 1017
471 1018
963 1019
188 1020
763 1021
203 1022
617 1023
829 1024
748 1025
1004 1026
859 1027
125 1028
777 1029
906 1030
76 1031
346 1032
490 1033
70 1034
281 1035
707 1036
304 1037
220 1038
931 1039
272 1040
971 1041
488 1042
1038 1043
731 1044
801 1045
373 1046
608 1047
512 1048
705 1049
816 1050
121 1051
666 1052
496 1053
302 1054
345 1055
367 1056
932 1057
26 1058
712 1059
410 1060
968 1061
760 1062
599 1063
468 1064
674 1065
291 1066
719 1067
462 1068
341 1069
166 1070
845 1071
208 1072
390 1073
376 1074
93 1075
54 1076
699 1077
167 1078
585 1079
484 1080
939 1081
55 1082
137 1083
375 1084
21 1085
957 1086
490 1087
137 1088
54 1089
736 1090
568 1091
418 1092
92 1093
542 1094
808 1095
17 1096
281 1097
246 1098
1058 1099
1041 1100
887 1101
328 1102
932 1103
659 1104
475 1105
784 1106
303 1107
391 1108
21 1109
121 1110
435 1111
811 1112
214 1113
354 1114
961 1115
233 1116
70 1117
155 1118
1069 1119
16 1120
965 1121
624 1122
503 1123
426 1124
565 1125
383 1126
736 1127
2 1128
230 1129
566 1130
190 1131
159 1132
966 1133
187 1134
46 1135
414 1136
350 1137
848 1138
402 1139
391 1140
989 1141
977 1142
262 1143
655 1144
251 1145
165 1146
723 1147
833 1148
935 1149
565 1150
754 1151
1151 1152
442 1153
455 1154
546 1155
1140 1156
988 1157
889 1158
463 1159
999 1160
896 1161
443 1162
774 1163
883 1164
257 1165
587 1166
269 1167
1101 1168
227 1169
647 1170
582 1171
822 1172
156 1173
269 1174
867 1175
601 1176
864 1177
250 1178
470 1179
15 1180
852 1181
30 1182
935 1183
663 1184
624 1185
1023 1186
437 1187
1027 1188
65 1189
455 1190
361 1191
803 1192
783 1193
627 1194
267 1195
133 1196
748 1197
730 1198
603 1199
306 1200
6 1201
351 1202
1145 1203
187 1204
501 1205
277 1206
178 1207
131 1208
928 1209
189 1210
767 1211
33 1212
114 1213
196 1214
486 1215
1025 1216
1042 1217
1117 1218
683 1219
764 1220
277 1221
5 1222
312 1223
136 1224
54 1225
372 1226
238 1227
787 1228
107 1229
546 1230
1203 1231
664 1232
491 1233
46 1234
469 1235
468 1236
110 1237
1063 1238
844 1239
277 1240
13 1241
91 1242
356 1243
229 1244
90 1245
499 1246
1163 1247
33 1248
720 1249
1018 1250
940 1251
1213 1252
247 1253
303 1254
141 1255
1163 1256
267 1257
422 1258
1024 1259
118 1260
1201 1261
287 1262
787 1263
717 1264
1011 1265
1001 1266
349 1267
149 1268
790 1269
45 1270
717 1271
207 1272
645 1273
352 1274
1055 1275
624 1276
318 1277
435 1278
1267 1279
840 1280
1145 1281
1079 1282
357 1283
1077 1284
1038 1285
1158 1286
782 1287
841 1288
761 1289
401 1290
772 1291
318 1292
163 1293
1151 1294
212 1295
608 1296
1197 1297
120 1298
570 1299
395 1300
151 1301
297 1302
989 1303
383 1304
529 1305
770 1306
96 1307
1062 1308
1009 1309
804 1310
917 1311
689 1312
439 1313
497 1314
1220 1315
583 1316
516 1317
399 1318
1139 1319
675 1320
32 1321
746 1322
1239 1323
390 1324
378 1325
1067 1326
209 1327
640 1328
1088 1329
862 1330
1147 1331
772 1332
244 1333
431 1334
792 1335
486 1336
944 1337
267 1338
1048 1339
351 1340
771 1341
89 1342
1181 1343
281 1344
843 1345
292 1346
814 1347
651 1348
1272 1349
503 1350
974 1351
440 1352
742 1353
20 1354
1061 1355
1315 1356
1225 1357
632 1358
977 1359
560 1360
1296 1361
211 1362
934 1363
708 1364
545 1365
1189 1366
1079 1367
754 1368
620 1369
1062 1370
704 1371
616 1372
443 1373
518 1374
1080 1375
862 1376
496 1377
1367 1378
1112 1379
665 1380
122 1381
259 1382
648 1383
1228 1384
201 1385
1009 1386
1132 1387
333 1388
716 1389
82 1390
468 1391
1090 1392
381 1393
629 1394
223 1395
350 1396
476 1397
698 1398
426 1399
359 1400
26 1401
815 1402
1398 1403
254 1404
1400 1405
1161 1406
14 1407
928 1408
1160 1409
565 1410
1265 1411
727 1412
1017 1413
1106 1414
204 1415
413 1416
808 1417
658 1418
1291 1419
1309 1420
1032 1421
834 1422
834 1423
430 1424
939 1425
1403 1426
920 1427
63 1428
7 1429
729 1430
944 1431
608 1432
245 1433
1350 1434
1359 1435
48 1436
279 1437
193 1438
666 1439
1116 1440
1407 1441
1345 1442
1089 1443
89 1444
253 1445
276 1446
1150 1447
1301 1448
437 1449
299 1450
172 1451
886 1452
830 1453
351 1454
316 1455
1430 1456
124 1457
708 1458
104 1459
808 1460
195 1461
769 1462
832 1463
154 1464
937 1465
1228 1466
151 1467
401 1468
404 1469
1205 1470
170 1471
638 1472
200 1473
869 1474
1374 1475
618 1476
753 1477
1304 1478
471 1479
584 1480
542 1481
778 1482
852 1483
1382 1484
292 1485
466 1486
398 1487
1464 1488
148 1489
278 1490
1090 1491
282 1492
759 1493
628 1494
872 1495
1250 1496
1175 1497
1417 1498
465 1499
236 1500
1246 1501
443 1502
1021 1503
1013 1504
653 1505
1123 1506
1365 1507
127 1508
310 1509
1213 1510
332 1511
1096 1512
765 1513
868 1514
405 1515
343 1516
178 1517
271 1518
991 1519
334 1520
863 1521
5 1522
1240 1523
382 1524
1440 1525
1381 1526
701 1527
813 1528
1005 1529
95 1530
532 1531
140 1532
240 1533
73 1534
989 1535
772 1536
1413 1537
1177 1538
759 1539
127 1540
793 1541
814 1542
243 1543
1252 1544
430 1545
890 1546
1330 1547
751 1548
886 1549
591 1550
684 1551
118 1552
891 1553
176 1554
94 1555
1059 1556
126 1557
842 1558
759 1559
1485 1560
404 1561
45 1562
826 1563
1353 1564
1498 1565
225 1566
285 1567
939 1568
843 1569
649 1570
871 1571
1004 1572
1025 1573
703 1574
268 1575
1276 1576
742 1577
82 1578
430 1579
1246 1580
696 1581
1151 1582
1328 1583
523 1584
884 1585
957 1586
23 1587
517 1588
1281 1589
325 1590
1185 1591
1099 1592
844 1593
748 1594
172 1595
1249 1596
701 1597
801 1598
817 1599
443 1600
242 1601
1047 1602
1078 1603
627 1604
778 1605
720 1606
1246 1607
757 1608
274 1609
982 1610
953 1611
1396 1612
783 1613
1267 1614
101 1615
1509 1616
665 1617
1501 1618
6 1619
1032 1620
934 1621
1090 1622
1491 1623
1370 1624
1596 1625
806 1626
976 1627
1382 1628
64 1629
1385 1630
151 1631
1252 1632
825 1633
477 1634
830 1635
1283 1636
789 1637
258 1638
3 1639
270 1640
211 1641
890 1642
811 1643
255 1644
1031 1645
553 1646
1079 1647
1068 1648
1024 1649
960 1650
367 1651
582 1652
1469 1653
1446 1654
1551 1655
1501 1656
1071 1657
184 1658
1361 1659
922 1660
487 1661
1429 1662
325 1663
1475 1664
342 1665
1058 1666
1022 1667
1489 1668
427 1669
1171 1670
1512 1671
891 1672
1234 1673
228 1674
458 1675
594 1676
1193 1677
305 1678
1373 1679
815 1680
1376 1681
1227 1682
1231 1683
1340 1684
61 1685
206 1686
1051 1687
1214 1688
1305 1689
1444 1690
185 1691
1164 1692
314 1693
199 1694
801 1695
411 1696
1011 1697
1129 1698
1432 1699
1546 1700
1219 1701
711 1702
786 1703
671 1704
1314 1705
205 1706
680 1707
122 1708
172 1709
938 1710
216 1711
981 1712
1549 1713
649 1714
80 1715
228 1716
283 1717
267 1718
1717 1719
24 1720
849 1721
1050 1722
777 1723
306 1724
600 1725
536 1726
936 1727
1148 1728
549 1729
860 1730
1132 1731
903 1732
374 1733
1182 1734
736 1735
217 1736
631 1737
508 1738
1149 1739
443 1740
1053 1741
1716 1742
544 1743
1240 1744
361 1745
53 1746
1468 1747
248 1748
1686 1749
1473 1750
1071 1751
1090 1752
1646 1753
358 1754
935 1755
1594 1756
1714 1757
612 1758
612 1759
1268 1760
873 1761
1033 1762
1353 1763
545 1764
730 1765
366 1766
312 1767
1751 1768
102 1769
1541 1770
1327 1771
691 1772
574 1773
1337 1774
1171 1775
675 1776
302 1777
1627 1778
1721 1779
635 1780
416 1781
137 1782
1355 1783
1031 1784
1698 1785
1089 1786
1487 1787
691 1788
144 1789
1701 1790
1487 1791
506 1792
1467 1793
166 1794
1654 1795
947 1796
272 1797
464 1798
961 1799
1593 1800
904 1801
397 1802
58 1803
1041 1804
1612 1805
1270 1806
1636 1807
1646 1808
1276 1809
349 1810
315 1811
917 1812
705 1813
512 1814
465 1815
606 1816
661 1817
1156 1818
1296 1819
170 1820
1731 1821
737 1822
947 1823
213 1824
501 1825
292 1826
1504 1827
863 1828
1160 1829
324 1830
1107 1831
1407 1832
627 1833
1055 1834
1558 1835
1297 1836
1274 1837
20 1838
992 1839
1441 1840
713 1841
345 1842
667 1843
1824 1844
1810 1845
323 1846
957 1847
1449 1848
589 1849
185 1850
513 1851
806 1852
377 1853
1582 1854
768 1855
426 1856
1654 1857
490 1858
1136 1859
458 1860
830 1861
1645 1862
551 1863
1264 1864
1625 1865
1047 1866
1163 1867
1716 1868
992 1869
289 1870
851 1871
1476 1872
1295 1873
1635 1874
1386 1875
294 1876
1003 1877
284 1878
547 1879
489 1880
1310 1881
445 1882
914 1883
1325 1884
1814 1885
595 1886
928 1887
1422 1888
1408 1889
1173 1890
1393 1891
699 1892
1488 1893
1309 1894
118 1895
839 1896
737 1897
113 1898
452 1899
119 1900
359 1901
167 1902
1097 1903
1581 1904
1031 1905
1449 1906
1224 1907
242 1908
1083 1909
1561 1910
1390 1911
1903 1912
1596 1913
1400 1914
1488 1915
345 1916
1813 1917
345 1918
1196 1919
645 1920
713 1921
1510 1922
1603 1923
355 1924
1058 1925
519 1926
1008 1927
1384 1928
984 1929
227 1930
1084 1931
993 1932
1003 1933
838 1934
553 1935
345 1936
1438 1937
370 1938
94 1939
1315 1940
98 1941
1114 1942
750 1943
44 1944
260 1945
351 1946
1162 1947
469 1948
526 1949
724 1950
1175 1951
1837 1952
1776 1953
787 1954
1025 1955
1869 1956
1650 1957
512 1958
938 1959
281 1960
198 1961
41 1962
360 1963
422 1964
1914 1965
1708 1966
303 1967
1035 1968
915 1969
333 1970
216 1971
372 1972
810 1973
300 1974
1719 1975
1107 1976
465 1977
1553 1978
678 1979
1690 1980
1570 1981
1436 1982
618 1983
1773 1984
927 1985
1812 1986
192 1987
936 1988
1653 1989
1479 1990
279 1991
963 1992
847 1993
1204 1994
1992 1995
1704 1996
125 1997
1897 1998
852 1999
49 2000
546 2001
624 2002
246 2003
464 2004
1417 2005
6 2006
741 2007
1660 2008
648 2009
915 2010
438 2011
867 2012
132 2013
1821 2014
125 2015
1411 2016
227 2017
1192 2018
1957 2019
84 2020
1252 2021
1212 2022
1890 2023
2009 2024
349 2025
985 2026
1003 2027
888 2028
1729 2029
1782 2030
1249 2031
389 2032
478 2033
1715 2034
609 2035
394 2036
225 2037
59 2038
466 2039
1096 2040
1485 2041
1123 2042
430 2043
566 2044
217 2045
411 2046
659 2047
854 2048
470 2049
2026 2050
1960 2051
1637 2052
1156 2053
583 2054
1708 2055
2035 2056
1490 2057
717 2058
1439 2059
888 2060
388 2061
2 2062
342 2063
123 2064
1619 2065
1819 2066
1178 2067
650 2068
300 2069
1328 2070
1728 2071
78 2072
493 2073
1735 2074
1989 2075
475 2076
143 2077
558 2078
1841 2079
345 2080
372 2081
222 2082
1499 2083
1338 2084
1081 2085
671 2086
856 2087
975 2088
253 2089
709 2090
1751 2091
1506 2092
1874 2093
292 2094
27 2095
996 2096
956 2097
1559 2098
1986 2099
593 2100
134 2101
1655 2102
2090 2103
1681 2104
1772 2105
1776 2106
1140 2107
1699 2108
690 2109
1285 2110
891 2111
34 2112
819 2113
443 2114
753 2115
2095 2116
1764 2117
2059 2118
1739 2119
1947 2120
240 2121
1792 2122
1297 2123
31 2124
60 2125
1285 2126
326 2127
432 2128
903 2129
1310 2130
1254 2131
1084 2132
1024 2133
1850 2134
1658 2135
11 2136
1950 2137
374 2138
1892 2139
1077 2140
2137 2141
2124 2142
650 2143
11 2144
1059 2145
1575 2146
313 2147
1854 2148
712 2149
1302 2150
1536 2151
736 2152
606 2153
1769 2154
47 2155
139 2156
1778 2157
746 2158
2147 2159
1391 2160
1316 2161
1659 2162
1221 2163
1346 2164
215 2165
1215 2166
238 2167
748 2168
1307 2169
1719 2170
1924 2171
1134 2172
674 2173
387 2174
653 2175
671 2176
1928 2177
2166 2178
1335 2179
799 2180
373 2181
374 2182
378 2183
1137 2184
1785 2185
1043 2186
73 2187
1544 2188
1027 2189
1305 2190
470 2191
1191 2192
1914 2193
48 2194
586 2195
1482 2196
1235 2197
1201 2198
494 2199
492 2200
1694 2201
2060 2202
1684 2203
540 2204
1212 2205
1660 2206
1070 2207
720 2208
414 2209
2165 2210
2168 2211
1203 2212
373 2213
56 2214
788 2215
550 2216
1480 2217
1287 2218
1593 2219
878 2220
1461 2221
1837 2222
514 2223
1826 2224
679 2225
1837 2226
151 2227
1054 2228
807 2229
474 2230
1667 2231
234 2232
558 2233
2190 2234
1587 2235
2023 2236
160 2237
732 2238
915 2239
172 2240
2145 2241
1511 2242
850 2243
2041 2244
2023 2245
617 2246
284 2247
2113 2248
2217 2249
1796 2250
1796 2251
1355 2252
1843 2253
341 2254
874 2255
1903 2256
474 2257
2144 2258
1938 2259
1424 2260
278 2261
1183 2262
1004 2263
1657 2264
1380 2265
1184 2266
1691 2267
1593 2268
465 2269
1058 2270
1773 2271
686 2272
2258 2273
785 2274
1503 2275
927 2276
201 2277
1619 2278
852 2279
1459 2280
1191 2281
262 2282
571 2283
441 2284
1573 2285
1169 2286
513 2287
1609 2288
747 2289
1604 2290
819 2291
2010 2292
1985 2293
2270 2294
1426 2295
1772 2296
1063 2297
935 2298
298 2299
1007 2300
1221 2301
606 2302
1264 2303
1710 2304
1581 2305
1719 2306
649 2307
826 2308
2034 2309
970 2310
167 2311
795 2312
2028 2313
64 2314
199 2315
1476 2316
1236 2317
1187 2318
34 2319
1680 2320
2282 2321
2222 2322
1464 2323
240 2324
409 2325
2037 2326
338 2327
374 2328
304 2329
1477 2330
2298 2331
317 2332
2009 2333
1577 2334
874 2335
1502 2336
1060 2337
2233 2338
1497 2339
189 2340
286 2341
1232 2342
1907 2343
2268 2344
1711 2345
30 2346
2023 2347
1808 2348
2142 2349
1603 2350
2038 2351
74 2352
1410 2353
1685 2354
1457 2355
1927 2356
1308 2357
2124 2358
146 2359
1473 2360
903 2361
1121 2362
721 2363
1878 2364
2058 2365
1446 2366
2299 2367
2307 2368
294 2369
1100 2370
182 2371
434 2372
1546 2373
943 2374
1983 2375
1164 2376
1212 2377
2316 2378
2320 2379
1874 2380
1227 2381
1407 2382
677 2383
1376 2384
675 2385
195 2386
60 2387
1061 2388
1863 2389
748 2390
1205 2391
1626 2392
2133 2393
791 2394
2061 2395
337 2396
2149 2397
2027 2398
1040 2399
2088 2400
963 2401
2332 2402
1180 2403
1730 2404
39 2405
976 2406
1201 2407
2243 2408
2320 2409
1948 2410
1060 2411
818 2412
706 2413
2019 2414
1944 2415
2312 2416
2021 2417
291 2418
1465 2419
753 2420
1647 2421
289 2422
728 2423
284 2424
2349 2425
611 2426
266 2427
890 2428
335 2429
1663 2430
1800 2431
1574 2432
1244 2433
1599 2434
165 2435
1423 2436
1084 2437
1137 2438
1728 2439
1637 2440
342 2441
361 2442
1759 2443
253 2444
1533 2445
2194 2446
643 2447
1996 2448
130 2449
905 2450
346 2451
822 2452
948 2453
1699 2454
1037 2455
1808 2456
2346 2457
804 2458
184 2459
2240 2460
1741 2461
483 2462
1737 2463
2212 2464
1805 2465
1573 2466
2286 2467
964 2468
17 2469
55 2470
2161 2471
41 2472
201 2473
2088 2474
1136 2475
2307 2476
446 2477
211 2478
511 2479
1899 2480
1935 2481
1438 2482
767 2483
1149 2484
669 2485
1111 2486
1057 2487
463 2488
2141 2489
1011 2490
783 2491
1895 2492
2100 2493
1836 2494
566 2495
930 2496
1532 2497
454 2498
2072 2499
1932 2500
689 2501
786 2502
1013 2503
656 2504
1870 2505
401 2506
595 2507
174 2508
195 2509
674 2510
685 2511
1361 2512
2268 2513
1756 2514
2504 2515
2438 2516
565 2517
318 2518
1182 2519
2375 2520
1464 2521
1062 2522
141 2523
180 2524
1050 2525
1559 2526
1592 2527
66 2528
2203 2529
366 2530
1943 2531
916 2532
1173 2533
453 2534
1467 2535
2138 2536
883 2537
2446 2538
937 2539
1976 2540
421 2541
758 2542
1296 2543
2108 2544
31 2545
426 2546
1161 2547
2082 2548
2061 2549
1140 2550
593 2551
2225 2552
696 2553
1822 2554
2488 2555
381 2556
78 2557
2291 2558
2428 2559
1400 2560
1823 2561
8 2562
1233 2563
1436 2564
557 2565
1076 2566
2505 2567
2208 2568
910 2569
539 2570
2358 2571
316 2572
1593 2573
2568 2574
267 2575
1973 2576
1370 2577
1487 2578
2180 2579
227 2580
1828 2581
376 2582
550 2583
1597 2584
845 2585
1120 2586
2299 2587
1982 2588
1329 2589
1781 2590
717 2591
389 2592
908 2593
270 2594
2190 2595
197 2596
585 2597
1482 2598
1910 2599
2344 2600
170 2601
1458 2602
1834 2603
1731 2604
1432 2605
2013 2606
993 2607
1536 2608
1728 2609
1546 2610
789 2611
1473 2612
751 2613
1203 2614
918 2615
1638 2616
1087 2617
236 2618
1228 2619
156 2620
711 2621
2233 2622
41 2623
1738 2624
1625 2625
2416 2626
912 2627
2081 2628
1656 2629
1224 2630
722 2631
88 2632
59 2633
2301 2634
1268 2635
2258 2636
1671 2637
130 2638
507 2639
1290 2640
1182 2641
108 2642
2384 2643
1650 2644
379 2645
173 2646
483 2647
2029 2648
407 2649
273 2650
2093 2651
1203 2652
268 2653
2397 2654
743 2655
2073 2656
665 2657
2520 2658
813 2659
2219 2660
2435 2661
436 2662
1791 2663
2328 2664
2360 2665
76 2666
2373 2667
661 2668
800 2669
1992 2670
1750 2671
2155 2672
2410 2673
581 2674
1944 2675
1274 2676
1059 2677
488 2678
61 2679
1260 2680
1077 2681
400 2682
2192 2683
1424 2684
2149 2685
1687 2686
981 2687
2172 2688
175 2689
2552 2690
1959 2691
942 2692
1800 2693
1895 2694
2479 2695
1306 2696
1596 2697
518 2698
1955 2699
2167 2700
1170 2701
2223 2702
1235 2703
2576 2704
2337 2705
1797 2706
1049 2707
92 2708
2065 2709
2028 2710
99 2711
1321 2712
878 2713
8 2714
2686 2715
910 2716
2399 2717
1051 2718
987 2719
2216 2720
1216 2721
2587 2722
852 2723
1360 2724
1237 2725
2484 2726
1020 2727
1460 2728
2630 2729
973 2730
1532 2731
96 2732
2333 2733
1352 2734
322 2735
463 2736
1651 2737
399 2738
796 2739
528 2740
1634 2741
1564 2742
645 2743
488 2744
2688 2745
1815 2746
646 2747
2006 2748
2584 2749
1657 2750
401 2751
1216 2752
213 2753
2578 2754
262 2755
1605 2756
287 2757
1401 2758
479 2759
1366 2760
1825 2761
2586 2762
2446 2763
248 2764
2643 2765
524 2766
216 2767
1401 2768
869 2769
2486 2770
1139 2771
1268 2772
1059 2773
1096 2774
200 2775
1678 2776
1888 2777
374 2778
2364 2779
1824 2780
178 2781
2149 2782
1362 2783
1044 2784
1384 2785
1287 2786
524 2787
454 2788
2188 2789
2505 2790
591 2791
1693 2792
985 2793
348 2794
377 2795
600 2796
2497 2797
2126 2798
1998 2799
1081 2800
463 2801
328 2802
2040 2803
1451 2804
1822 2805
1896 2806
1918 2807
405 2808
2780 2809
118 2810
1200 2811
1233 2812
1031 2813
1436 2814
1545 2815
2243 2816
1594 2817
2761 2818
915 2819
605 2820
1132 2821
1350 2822
2115 2823
1076 2824
1588 2825
33 2826
284 2827
1300 2828
2356 2829
1359 2830
1006 2831
1587 2832
2302 2833
965 2834
2142 2835
2421 2836
2332 2837
2126 2838
2718 2839
529 2840
1633 2841
2425 2842
2224 2843
245 2844
131 2845
2205 2846
2419 2847
1144 2848
742 2849
1924 2850
529 2851
36 2852
2643 2853
2086 2854
636 2855
1057 2856
2762 2857
529 2858
2762 2859
2087 2860
1531 2861
947 2862
393 2863
1847 2864
2542 2865
1893 2866
752 2867
2453 2868
882 2869
132 2870
1784 2871
2405 2872
38 2873
2235 2874
1001 2875
1687 2876
1690 2877
2312 2878
990 2879
1582 2880
522 2881
2531 2882
1618 2883
777 2884
850 2885
800 2886
1288 2887
1089 2888
1740 2889
1782 2890
707 2891
945 2892
971 2893
299 2894
2442 2895
229 2896
1377 2897
2318 2898
1471 2899
1656 2900
617 2901
311 2902
2163 2903
325 2904
2553 2905
2548 2906
1766 2907
2677 2908
1893 2909
2728 2910
327 2911
2512 2912
1805 2913
161 2914
1036 2915
178 2916
1426 2917
1184 2918
543 2919
2332 2920
2222 2921
732 2922
959 2923
708 2924
2216 2925
1299 2926
278 2927
2774 2928
1015 2929
1983 2930
1554 2931
1536 2932
2299 2933
118 2934
1286 2935
858 2936
1270 2937
2214 2938
1369 2939
1907 2940
161 2941
2047 2942
2130 2943
2647 2944
1241 2945
1898 2946
2065 2947
1254 2948
706 2949
1088 2950
2762 2951
1186 2952
2116 2953
1451 2954
1028 2955
617 2956
1553 2957
2582 2958
355 2959
2390 2960
584 2961
1613 2962
1041 2963
1419 2964
1727 2965
1750 2966
822 2967
992 2968
2062 2969
1472 2970
2784 2971
420 2972
1737 2973
532 2974
2220 2975
2905 2976
705 2977
1058 2978
2061 2979
1193 2980
2307 2981
2927 2982
2855 2983
1788 2984
933 2985
2858 2986
1926 2987
2900 2988
2321 2989
1042 2990
63 2991
2807 2992
1747 2993
524 2994
1341 2995
983 2996
1738 2997
2199 2998
553 2999
1365 3000
925 3001
260 3002
2262 3003
1746 3004
883 3005
2185 3006
1682 3007
1719 3008
2268 3009
2367 3010
2695 3011
2688 3012
2273 3013
1092 3014
488 3015
1892 3016
2537 3017
2921 3018
2653 3019
124 3020
1772 3021
37 3022
2668 3023
943 3024
2651 3025
2439 3026
1612 3027
2808 3028
1437 3029
2509 3030
2899 3031
16 3032
2872 3033
1079 3034
468 3035
1041 3036
184 3037
1204 3038
408 3039
834 3040
2748 3041
1106 3042
343 3043
1344 3044
446 3045
1055 3046
1069 3047
940 3048
1822 3049
1722 3050
1539 3051
2393 3052
1624 3053
1263 3054
828 3055
1300 3056
1098 3057
990 3058
106 3059
2200 3060
2242 3061
2781 3062
2619 3063
1465 3064
2908 3065
588 3066
517 3067
1161 3068
229 3069
2615 3070
922 3071
2885 3072
1383 3073
2464 3074
1259 3075
1683 3076
2383 3077
835 3078
349 3079
2469 3080
1398 3081
2089 3082
832 3083
585 3084
1905 3085
433 3086
1415 3087
2825 3088
2833 3089
566 3090
1792 3091
408 3092
883 3093
3065 3094
610 3095
286 3096
656 3097
2512 3098
527 3099
514 3100
2086 3101
2361 3102
65 3103
156 3104
3021 3105
2644 3106
1606 3107
2143 3108
2604 3109
1271 3110
1506 3111
2518 3112
448 3113
1852 3114
585 3115
1870 3116
1728 3117
1820 3118
992 3119
2376 3120
2964 3121
341 3122
2179 3123
245 3124
24 3125
2392 3126
2713 3127
1147 3128
2535 3129
2008 3130
1820 3131
1406 3132
1639 3133
1760 3134
2198 3135
1665 3136
1670 3137
957 3138
864 3139
2103 3140
2131 3141
1293 3142
903 3143
677 3144
2027 3145
1175 3146
3029 3147
3124 3148
3056 3149
587 3150
1882 3151
365 3152
546 3153
47 3154
3061 3155
2809 3156
141 3157
2996 3158
1429 3159
1176 3160
232 3161
1422 3162
580 3163
1615 3164
396 3165
137 3166
2288 3167
3033 3168
2058 3169
2085 3170
1187 3171
1295 3172
2232 3173
617 3174
2456 3175
1134 3176
206 3177
2370 3178
371 3179
1724 3180
2542 3181
215 3182
731 3183
1145 3184
1692 3185
1248 3186
1694 3187
2756 3188
2793 3189
1298 3190
531 3191
1590 3192
2157 3193
1073 3194
232 3195
397 3196
2060 3197
2157 3198
1441 3199
2465 3200
1403 3201
1469 3202
1932 3203
1517 3204
2248 3205
199 3206
2785 3207
143 3208
333 3209
18 3210
1907 3211
561 3212
289 3213
2508 3214
1222 3215
1975 3216
2510 3217
414 3218
2199 3219
212 3220
1397 3221
632 3222
299 3223
1740 3224
1082 3225
2118 3226
2836 3227
1375 3228
1396 3229
2558 3230
2295 3231
1981 3232
1892 3233
1562 3234
3163 3235
2729 3236
3011 3237
3160 3238
1025 3239
1049 3240
2572 3241
2187 3242
1772 3243
2684 3244
3001 3245
2819 3246
2611 3247
3236 3248
3074 3249
385 3250
1364 3251
1143 3252
1280 3253
2726 3254
127 3255
1688 3256
1400 3257
2321 3258
2384 3259
2102 3260
3125 3261
2646 3262
748 3263
2751 3264
3138 3265
2552 3266
1928 3267
1781 3268
267 3269
2334 3270
1171 3271
1949 3272
2842 3273
2127 3274
893 3275
1192 3276
2800 3277
2531 3278
1033 3279
3077 3280
135 3281
2574 3282
1370 3283
628 3284
2987 3285
2645 3286
2772 3287
2485 3288
948 3289
56 3290
202 3291
887 3292
826 3293
2068 3294
739 3295
82 3296
1577 3297
744 3298
3050 3299
2868 3300
1731 3301
3026 3302
3227 3303
1000 3304
3165 3305
1127 3306
2892 3307
2765 3308
1078 3309
786 3310
900 3311
127 3312
2265 3313
2938 3314
3079 3315
3315 3316
997 3317
1661 3318
1485 3319
1079 3320
1561 3321
2000 3322
1668 3323
1221 3324
772 3325
2141 3326
1865 3327
781 3328
734 3329
1310 3330
2215 3331
110 3332
2474 3333
538 3334
107 3335
1802 3336
522 3337
3126 3338
139 3339
3124 3340
1571 3341
965 3342
3191 3343
1617 3344
2075 3345
2958 3346
1113 3347
1736 3348
554 3349
2981 3350
3337 3351
2946 3352
2653 3353
2180 3354
978 3355
2525 3356
1206 3357
3083 3358
3108 3359
2607 3360
1388 3361
2812 3362
2531 3363
2791 3364
1409 3365
1076 3366
2715 3367
1229 3368
507 3369
1514 3370
254 3371
1720 3372
2870 3373
2020 3374
380 3375
2581 3376
1619 3377
944 3378
1967 3379
1934 3380
431 3381
1128 3382
1459 3383
1615 3384
40 3385
29 3386
1553 3387
229 3388
917 3389
1170 3390
2071 3391
1903 3392
958 3393
1498 3394
3382 3395
1455 3396
370 3397
1047 3398
2056 3399
107 3400
1239 3401
1392 3402
1175 3403
3028 3404
900 3405
719 3406
2927 3407
859 3408
2402 3409
1746 3410
2593 3411
2676 3412
2274 3413
3121 3414
505 3415
1792 3416
187 3417
3101 3418
2366 3419
2874 3420
2549 3421
1499 3422
1545 3423
568 3424
545 3425
2769 3426
1631 3427
1280 3428
830 3429
97 3430
971 3431
1218 3432
1772 3433
598 3434
1516 3435
2313 3436
343 3437
2194 3438
220 3439
2232 3440
1714 3441
2535 3442
978 3443
3122 3444
1450 3445
54 3446
533 3447
1759 3448
1819 3449
2296 3450
1560 3451
2189 3452
682 3453
1465 3454
2812 3455
799 3456
189 3457
478 3458
1155 3459
1632 3460
189 3461
66 3462
2254 3463
3013 3464
11 3465
2806 3466
1363 3467
3366 3468
224 3469
153 3470
1419 3471
2092 3472
317 3473
2597 3474
1995 3475
2535 3476
3159 3477
461 3478
2408 3479
3336 3480
417 3481
763 3482
2755 3483
1779 3484
927 3485
2218 3486
3190 3487
3033 3488
3001 3489
1652 3490
3473 3491
1216 3492
2530 3493
385 3494
3250 3495
1836 3496
1285 3497
278 3498
586 3499
211 3500
2426 3501
88 3502
2248 3503
1026 3504
3289 3505
3389 3506
1703 3507
1689 3508
2877 3509
81 3510
2410 3511
218 3512
2882 3513
1558 3514
1780 3515
3112 3516
1784 3517
2703 3518
1139 3519
1675 3520
3048 3521
2663 3522
128 3523
2063 3524
2324 3525
584 3526
1239 3527
1751 3528
2985 3529
490 3530
386 3531
1638 3532
1679 3533
857 3534
2915 3535
2865 3536
1395 3537
706 3538
3369 3539
2004 3540
2204 3541
2188 3542
1123 3543
1810 3544
3178 3545
3176 3546
2175 3547
2207 3548
1025 3549
11 3550
2455 3551
2467 3552
1631 3553
1332 3554
156 3555
1937 3556
2463 3557
2666 3558
219 3559
726 3560
795 3561
20 3562
1058 3563
2317 3564
1611 3565
231 3566
1304 3567
17 3568
64 3569
2537 3570
721 3571
1526 3572
789 3573
2488 3574
853 3575
2392 3576
2825 3577
1162 3578
483 3579
1697 3580
1924 3581
1423 3582
1666 3583
3270 3584
1888 3585
560 3586
1304 3587
2832 3588
3581 3589
1467 3590
3227 3591
400 3592
2451 3593
3478 3594
1429 3595
653 3596
214 3597
2372 3598
875 3599
1792 3600
2291 3601
2737 3602
2222 3603
2902 3604
2335 3605
3510 3606
2288 3607
1136 3608
550 3609
2187 3610
1452 3611
3009 3612
1044 3613
649 3614
1734 3615
1347 3616
2696 3617
2911 3618
48 3619
1643 3620
1071 3621
98 3622
2963 3623
416 3624
3042 3625
2194 3626
3000 3627
1887 3628
2656 3629
227 3630
1721 3631
1254 3632
1512 3633
2091 3634
3093 3635
525 3636
1361 3637
3162 3638
2910 3639
1617 3640
2217 3641
2565 3642
3213 3643
902 3644
1187 3645
2818 3646
1260 3647
123 3648
3070 3649
2145 3650
144 3651
585 3652
562 3653
1109 3654
3494 3655
3250 3656
1810 3657
2473 3658
211 3659
566 3660
2426 3661
782 3662
2479 3663
122 3664
1181 3665
2312 3666
3257 3667
2803 3668
1110 3669
3575 3670
3066 3671
2749 3672
1831 3673
195 3674
931 3675
1563 3676
3446 3677
1963 3678
3405 3679
3301 3680
2340 3681
2874 3682
2528 3683
3410 3684
3254 3685
2551 3686
1583 3687
3456 3688
1873 3689
3541 3690
387 3691
1612 3692
1966 3693
2410 3694
3456 3695
927 3696
2902 3697
1020 3698
1567 3699
2747 3700
3341 3701
2422 3702
2075 3703
1739 3704
2652 3705
1572 3706
2072 3707
1077 3708
2641 3709
2479 3710
556 3711
240 3712
3625 3713
333 3714
1966 3715
294 3716
2006 3717
3520 3718
2513 3719
3702 3720
1878 3721
1345 3722
1512 3723
90 3724
2458 3725
198 3726
622 3727
1663 3728
3 3729
2854 3730
230 3731
505 3732
2570 3733
2585 3734
1305 3735
1711 3736
2838 3737
3084 3738
2698 3739
2994 3740
206 3741
749 3742
816 3743
3289 3744
2237 3745
2936 3746
1907 3747
1750 3748
2955 3749
1467 3750
2708 3751
1791 3752
710 3753
3149 3754
2963 3755
2389 3756
164 3757
2635 3758
2468 3759
3101 3760
427 3761
2933 3762
1868 3763
859 3764
3308 3765
486 3766
2786 3767
1538 3768
1161 3769
583 3770
1655 3771
873 3772
1172 3773
1419 3774
283 3775
1299 3776
3467 3777
3352 3778
2231 3779
3041 3780
1418 3781
2777 3782
3540 3783
2577 3784
2373 3785
3323 3786
3412 3787
1373 3788
401 3789
3629 3790
1180 3791
1339 3792
147 3793
368 3794
1824 3795
1513 3796
2313 3797
2123 3798
1748 3799
2602 3800
3749 3801
434 3802
1360 3803
2628 3804
460 3805
2274 3806
573 3807
2649 3808
629 3809
2689 3810
78 3811
2510 3812
2198 3813
2276 3814
2987 3815
1089 3816
1398 3817
3277 3818
378 3819
1827 3820
2864 3821
3379 3822
84 3823
1758 3824
3533 3825
1954 3826
3442 3827
1512 3828
921 3829
2350 3830
3584 3831
672 3832
3478 3833
2687 3834
1207 3835
3797 3836
2926 3837
1053 3838
1998 3839
210 3840
2538 3841
489 3842
2571 3843
2562 3844
1456 3845
1605 3846
2420 3847
2894 3848
2266 3849
1021 3850
640 3851
1515 3852
2086 3853
2558 3854
1458 3855
2344 3856
3511 3857
3100 3858
105 3859
3516 3860
2359 3861
1625 3862
88 3863
394 3864
3036 3865
3750 3866
2154 3867
468 3868
2587 3869
1751 3870
2656 3871
9 3872
2281 3873
2004 3874
2007 3875
1633 3876
2705 3877
2563 3878
140 3879
1943 3880
3611 3881
1327 3882
3756 3883
235 3884
3133 3885
2319 3886
958 3887
1667 3888
2026 3889
2009 3890
1078 3891
1862 3892
3294 3893
1673 3894
429 3895
1172 3896
3802 3897
2773 3898
2367 3899
3742 3900
388 3901
3130 3902
2575 3903
651 3904
2384 3905
2098 3906
452 3907
834 3908
2775 3909
715 3910
1501 3911
1962 3912
3783 3913
327 3914
3309 3915
3638 3916
2027 3917
2472 3918
2645 3919
2171 3920
3171 3921
3854 3922
402 3923
423 3924
3168 3925
2965 3926
2066 3927
1637 3928
1470 3929
834 3930
182 3931
1707 3932
628 3933
1507 3934
356 3935
258 3936
347 3937
2635 3938
1140 3939
213 3940
1665 3941
2916 3942
2204 3943
68 3944
1071 3945
2858 3946
2098 3947
743 3948
470 3949
2276 3950
1344 3951
3746 3952
562 3953
1399 3954
2373 3955
1908 3956
3222 3957
911 3958
2591 3959
2657 3960
2027 3961
2193 3962
187 3963
2241 3964
337 3965
2824 3966
3732 3967
404 3968
2420 3969
1357 3970
1142 3971
1117 3972
2152 3973
2919 3974
93 3975
1387 3976
985 3977
3241 3978
1556 3979
484 3980
3592 3981
2315 3982
3135 3983
821 3984
1787 3985
2112 3986
3871 3987
2401 3988
397 3989
3288 3990
76 3991
2049 3992
735 3993
3802 3994
2092 3995
2526 3996
1595 3997
2046 3998
2325 3999
3023 4000
1534 4001
19 4002
3503 4003
957 4004
2157 4005
2460 4006
2667 4007
1452 4008
3285 4009
226 4010
2051 4011
2267 4012
1937 4013
2695 4014
2487 4015
3114 4016
639 4017
738 4018
1980 4019
1575 4020
1685 4021
565 4022
1120 4023
3168 4024
2665 4025
392 4026
2662 4027
49 4028
756 4029
2497 4030
1335 4031
3851 4032
2816 4033
3539 4034
3152 4035
2507 4036
1444 4037
3408 4038
2137 4039
1628 4040
3724 4041
365 4042
3514 4043
2238 4044
3591 4045
595 4046
2390 4047
2157 4048
171 4049
3329 4050
3775 4051
3579 4052
11 4053
1815 4054
245 4055
840 4056
2993 4057
1953 4058
3031 4059
1653 4060
1512 4061
2540 4062
1552 4063
217 4064
1790 4065
208 4066
118 4067
99 4068
900 4069
536 4070
564 4071
3105 4072
3995 4073
1626 4074
374 4075
1540 4076
1140 4077
2710 4078
854 4079
3084 4080
367 4081
685 4082
1660 4083
3108 4084
1760 4085
2582 4086
2299 4087
3141 4088
3312 4089
3509 4090
168 4091
3426 4092
4090 4093
455 4094
1016 4095
2190 4096
3838 4097
2609 4098
4005 4099
3170 4100
1458 4101
1566 4102
203 4103
883 4104
2274 4105
2635 4106
2708 4107
1191 4108
910 4109
3659 4110
25 4111
182 4112
1920 4113
784 4114
1791 4115
2094 4116
3054 4117
395 4118
2605 4119
3334 4120
603 4121
3282 4122
1302 4123
1061 4124
1421 4125
1400 4126
950 4127
34 4128
2329 4129
3496 4130
2468 4131
664 4132
3376 4133
1513 4134
2465 4135
3441 4136
234 4137
982 4138
3231 4139
1675 4140
1894 4141
2545 4142
887 4143
462 4144
1448 4145
553 4146
2059 4147
440 4148
3592 4149
2400 4150
1744 4151
875 4152
150 4153
2271 4154
2715 4155
2777 4156
3545 4157
1969 4158
82 4159
3421 4160
38 4161
3514 4162
388 4163
3208 4164
2011 4165
469 4166
4041 4167
614 4168
1046 4169
3844 4170
4136 4171
2956 4172
3121 4173
3565 4174
2774 4175
908 4176
2115 4177
2420 4178
1399 4179
1337 4180
4042 4181
1046 4182
2766 4183
2236 4184
1894 4185
3502 4186
2943 4187
2005 4188
3285 4189
2747 4190
3839 4191
2070 4192
2170 4193
3826 4194
3944 4195
2312 4196
3758 4197
3295 4198
3129 4199
2537 4200
3311 4201
2558 4202
43 4203
2082 4204
3089 4205
162 4206
3080 4207
3924 4208
1893 4209
2032 4210
1228 4211
3896 4212
3514 4213
384 4214
2101 4215
2328 4216
4076 4217
2266 4218
1165 4219
362 4220
2014 4221
2977 4222
2881 4223
3742 4224
1247 4225
1627 4226
845 4227
2227 4228
1129 4229
40 4230
1198 4231
4085 4232
346 4233
1922 4234
610 4235
3263 4236
2133 4237
2783 4238
1409 4239
1725 4240
749 4241
874 4242
990 4243
4165 4244
2482 4245
2614 4246
2735 4247
3908 4248
1754 4249
670 4250
1774 4251
2508 4252
104 4253
3867 4254
1776 4255
165 4256
2196 4257
4002 4258
610 4259
1052 4260
3025 4261
1324 4262
3236 4263
3540 4264
3961 4265
3374 4266
980 4267
1938 4268
516 4269
693 4270
3143 4271
2633 4272
2539 4273
3229 4274
2507 4275
527 4276
128 4277
1300 4278
1893 4279
1784 4280
1364 4281
2979 4282
3410 4283
314 4284
144 4285
2080 4286
2154 4287
1109 4288
1440 4289
3085 4290
887 4291
2677 4292
12 4293
3076 4294
2827 4295
1890 4296
4272 4297
3398 4298
4251 4299
1596 4300
1234 4301
905 4302
3073 4303
3790 4304
2088 4305
212 4306
3134 4307
3555 4308
337 4309
3056 4310
1363 4311
4136 4312
304 4313
1554 4314
3003 4315
3957 4316
1777 4317
3938 4318
3431 4319
2374 4320
3989 4321
840 4322
340 4323
3635 4324
2158 4325
2030 4326
3857 4327
3564 4328
617 4329
1329 4330
2578 4331
2581 4332
4059 4333
2284 4334
2701 4335
2485 4336
3674 4337
4204 4338
1835 4339
208 4340
568 4341
1713 4342
3628 4343
35 4344
3246 4345
505 4346
1813 4347
4199 4348
4152 4349
949 4350
2738 4351
3675 4352
3340 4353
1302 4354
3165 4355
2707 4356
1610 4357
3704 4358
507 4359
2458 4360
1749 4361
2570 4362
3189 4363
2404 4364
2228 4365
2684 4366
4352 4367
578 4368
965 4369
4106 4370
1185 4371
1253 4372
2213 4373
847 4374
3907 4375
3460 4376
630 4377
1766 4378
482 4379
1037 4380
3544 4381
675 4382
937 4383
2313 4384
1875 4385
1192 4386
2362 4387
3491 4388
1329 4389
2319 4390
3578 4391
2184 4392
4078 4393
1801 4394
3587 4395
2101 4396
2493 4397
1789 4398
1832 4399
849 4400
1402 4401
1782 4402
961 4403
884 4404
1912 4405
2072 4406
3783 4407
1414 4408
3616 4409
1259 4410
3836 4411
85 4412
440 4413
2171 4414
3066 4415
3560 4416
1188 4417
2119 4418
1121 4419
601 4420
4102 4421
3725 4422
3143 4423
917 4424
650 4425
2773 4426
3480 4427
2750 4428
3071 4429
3318 4430
2964 4431
3016 4432
3214 4433
1682 4434
2596 4435
416 4436
2870 4437
1622 4438
18 4439
2504 4440
3026 4441
2476 4442
2880 4443
2178 4444
331 4445
2320 4446
780 4447
1287 4448
1437 4449
143 4450
772 4451
2246 4452
3320 4453
1286 4454
1314 4455
2017 4456
1226 4457
3575 4458
3712 4459
1138 4460
195 4461
3103 4462
398 4463
1861 4464
3780 4465
2295 4466
632 4467
1299 4468
1661 4469
2831 4470
4236 4471
1819 4472
1633 4473
4413 4474
625 4475
3154 4476
437 4477
3184 4478
2524 4479
972 4480
261 4481
4426 4482
1270 4483
3679 4484
3858 4485
3114 4486
264 4487
1418 4488
4377 4489
1356 4490
3000 4491
3266 4492
157 4493
1014 4494
578 4495
2787 4496
3683 4497
2729 4498
829 4499
2502 4500
4458 4501
1786 4502
231 4503
3755 4504
3873 4505
375 4506
1074 4507
3192 4508
4382 4509
2598 4510
2684 4511
573 4512
4077 4513
193 4514
4227 4515
531 4516
3933 4517
3205 4518
333 4519
137 4520
3996 4521
2049 4522
4036 4523
2375 4524
185 4525
333 4526
171 4527
2141 4528
4366 4529
919 4530
1838 4531
680 4532
1669 4533
65 4534
3393 4535
4352 4536
168 4537
1120 4538
1773 4539
1371 4540
3525 4541
2729 4542
1296 4543
2882 4544
2345 4545
155 4546
872 4547
1298 4548
3442 4549
4452 4550
2981 4551
3970 4552
4090 4553
1080 4554
2150 4555
2013 4556
3842 4557
1315 4558
2120 4559
2493 4560
1561 4561
3861 4562
1303 4563
3750 4564
899 4565
634 4566
1748 4567
4014 4568
4453 4569
4512 4570
2600 4571
941 4572
2990 4573
1741 4574
1893 4575
3774 4576
183 4577
1330 4578
1103 4579
2035 4580
877 4581
1027 4582
3249 4583
3192 4584
1175 4585
1169 4586
2218 4587
2110 4588
697 4589
244 4590
4513 4591
1934 4592
4265 4593
3481 4594
1261 4595
1292 4596
469 4597
1940 4598
3409 4599
2210 4600
2483 4601
2944 4602
3819 4603
1638 4604
2161 4605
168 4606
1386 4607
4191 4608
2818 4609
2060 4610
2880 4611
4549 4612
2577 4613
2850 4614
2527 4615
1953 4616
609 4617
2578 4618
4449 4619
2488 4620
2218 4621
3388 4622
3948 4623
3386 4624
1255 4625
2639 4626
1309 4627
4404 4628
2721 4629
4071 4630
1397 4631
1121 4632
4478 4633
3108 4634
1328 4635
3838 4636
2073 4637
2880 4638
3723 4639
841 4640
4393 4641
2268 4642
3749 4643
824 4644
4034 4645
4618 4646
1209 4647
3749 4648
1123 4649
152 4650
240 4651
3338 4652
107 4653
3767 4654
4584 4655
754 4656
3737 4657
2160 4658
2881 4659
2516 4660
4502 4661
2682 4662
4568 4663
2976 4664
1104 4665
4323 4666
81 4667
1701 4668
4549 4669
2065 4670
4210 4671
3623 4672
84 4673
2652 4674
3779 4675
3769 4676
693 4677
1515 4678
924 4679
1686 4680
4059 4681
3015 4682
4084 4683
3174 4684
3208 4685
1997 4686
1494 4687
1146 4688
1353 4689
1183 4690
4285 4691
367 4692
1701 4693
1188 4694
4206 4695
2472 4696
3458 4697
3441 4698
2527 4699
3544 4700
2405 4701
249 4702
1995 4703
160 4704
4163 4705
1787 4706
2237 4707
4463 4708
4501 4709
2830 4710
1740 4711
3819 4712
2417 4713
679 4714
2417 4715
3763 4716
3884 4717
533 4718
2567 4719
2169 4720
1422 4721
504 4722
824 4723
429 4724
3610 4725
2570 4726
381 4727
2418 4728
2737 4729
2500 4730
4722 4731
3375 4732
1636 4733
1424 4734
3247 4735
3214 4736
1025 4737
730 4738
4513 4739
3446 4740
2836 4741
413 4742
607 4743
4301 4744
582 4745
3107 4746
4616 4747
4721 4748
784 4749
2505 4750
435 4751
1507 4752
1873 4753
1167 4754
4631 4755
1779 4756
2107 4757
4100 4758
3285 4759
4391 4760
2277 4761
319 4762
4495 4763
2820 4764
1817 4765
3980 4766
2411 4767
3511 4768
4547 4769
415 4770
4549 4771
1051 4772
4538 4773
351 4774
2747 4775
4150 4776
2709 4777
3165 4778
321 4779
2711 4780
1465 4781
252 4782
101 4783
3358 4784
938 4785
4732 4786
2659 4787
3934 4788
4285 4789
1258 4790
4364 4791
288 4792
1486 4793
330 4794
4741 4795
1746 4796
4186 4797
3041 4798
1670 4799
2827 4800
2672 4801
1157 4802
2481 4803
1151 4804
4162 4805
4255 4806
429 4807
4373 4808
4557 4809
3791 4810
3633 4811
820 4812
3418 4813
2212 4814
3198 4815
3716 4816
2418 4817
4488 4818
1576 4819
4221 4820
461 4821
2712 4822
44 4823
1323 4824
1679 4825
2584 4826
899 4827
2771 4828
4474 4829
368 4830
3381 4831
1765 4832
4368 4833
1136 4834
1008 4835
1634 4836
3299 4837
370 4838
2632 4839
4194 4840
3196 4841
1115 4842
849 4843
4064 4844
3640 4845
4453 4846
462 4847
3042 4848
3959 4849
1649 4850
996 4851
1649 4852
3769 4853
1307 4854
4739 4855
79 4856
623 4857
1299 4858
2907 4859
1012 4860
1935 4861
20 4862
3472 4863
447 4864
487 4865
2104 4866
3980 4867
3665 4868
2191 4869
4359 4870
4811 4871
676 4872
783 4873
1253 4874
2861 4875
4316 4876
2024 4877
3635 4878
83 4879
3014 4880
3984 4881
2641 4882
2277 4883
4510 4884
4679 4885
2424 4886
4355 4887
4414 4888
2668 4889
4615 4890
3702 4891
2381 4892
2174 4893
3269 4894
3114 4895
3786 4896
503 4897
3930 4898
627 4899
4294 4900
2769 4901
3873 4902
3952 4903
2935 4904
468 4905
4766 4906
4732 4907
4312 4908
4670 4909
1597 4910
2410 4911
1501 4912
1963 4913
3446 4914
3028 4915
2400 4916
2644 4917
4180 4918
3177 4919
2922 4920
3842 4921
1909 4922
742 4923
114 4924
1370 4925
2945 4926
1543 4927
2734 4928
1496 4929
4239 4930
1578 4931
4764 4932
503 4933
2980 4934
1050 4935
3039 4936
3574 4937
3810 4938
3056 4939
3525 4940
268 4941
4264 4942
1243 4943
4556 4944
3038 4945
1448 4946
3855 4947
242 4948
3431 4949
4482 4950
2200 4951
961 4952
4909 4953
1189 4954
4596 4955
1632 4956
1928 4957
1502 4958
1510 4959
1829 4960
1540 4961
239 4962
1543 4963
451 4964
3035 4965
3278 4966
4921 4967
4183 4968
3525 4969
2652 4970
4055 4971
2914 4972
2806 4973
52 4974
352 4975
4796 4976
1318 4977
3438 4978
4096 4979
2441 4980
1062 4981
4755 4982
321 4983
669 4984
290 4985
395 4986
2403 4987
3525 4988
1179 4989
3027 4990
4876 4991
3366 4992
4396 4993
1716 4994
1790 4995
4977 4996
982 4997
4419 4998
4510 4999
603 5000
4375 5001
903 5002
2150 5003
4793 5004
4311 5005
3027 5006
4104 5007
3287 5008
1940 5009
4885 5010
4559 5011
327 5012
820 5013
1352 5014
403 5015
1681 5016
4902 5017
985 5018
1837 5019
718 5020
1052 5021
2820 5022
1377 5023
3373 5024
4562 5025
4276 5026
656 5027
5025 5028
1822 5029
266 5030
4370 5031
641 5032
4914 5033
417 5034
198 5035
592 5036
4787 5037
486 5038
457 5039
3401 5040
1215 5041
4083 5042
3288 5043
4074 5044
412 5045
3045 5046
3383 5047
1216 5048
2866 5049
2409 5050
3936 5051
2096 5052
493 5053
3240 5054
2913 5055
3740 5056
3978 5057
966 5058
4105 5059
1042 5060
2982 5061
3196 5062
1613 5063
4063 5064
1462 5065
521 5066
4119 5067
2176 5068
3611 5069
3759 5070
1900 5071
4342 5072
2347 5073
4682 5074
4557 5075
3261 5076
2930 5077
1066 5078
4422 5079
2552 5080
1720 5081
3659 5082
3969 5083
4366 5084
1603 5085
4404 5086
56 5087
4002 5088
512 5089
87 5090
2892 5091
1820 5092
3211 5093
2429 5094
2814 5095
36 5096
2963 5097
20 5098
421 5099
3985 5100
2339 5101
1405 5102
1054 5103
3456 5104
3512 5105
198 5106
1011 5107
2756 5108
1712 5109
701 5110
2406 5111
1384 5112
4897 5113
5021 5114
3645 5115
587 5116
3766 5117
3430 5118
2433 5119
2294 5120
948 5121
866 5122
953 5123
2103 5124
9 5125
4177 5126
3459 5127
2751 5128
1328 5129
846 5130
3922 5131
2182 5132
3742 5133
3779 5134
2216 5135
2041 5136
3414 5137
710 5138
854 5139
1997 5140
3620 5141
332 5142
1344 5143
114 5144
2809 5145
2238 5146
2297 5147
4842 5148
4377 5149
2104 5150
3487 5151
2072 5152
1710 5153
3671 5154
4394 5155
4636 5156
4314 5157
1327 5158
3291 5159
2188 5160
4198 5161
4711 5162
4404 5163
4669 5164
1745 5165
4215 5166
3331 5167
2463 5168
3242 5169
2938 5170
4108 5171
2493 5172
3755 5173
1616 5174
4723 5175
152 5176
143 5177
1791 5178
2962 5179
4226 5180
322 5181
3314 5182
470 5183
4162 5184
504 5185
4675 5186
483 5187
3317 5188
1733 5189
302 5190
5030 5191
484 5192
12 5193
1846 5194
3549 5195
4829 5196
2404 5197
12 5198
1503 5199
911 5200
1678 5201
4733 5202
4313 5203
1531 5204
2633 5205
3540 5206
1115 5207
2297 5208
2878 5209
1557 5210
3982 5211
5059 5212
4904 5213
1263 5214
1532 5215
3179 5216
1573 5217
3247 5218
4347 5219
1231 5220
5186 5221
3256 5222
1950 5223
4494 5224
1523 5225
2415 5226
1921 5227
930 5228
3410 5229
891 5230
119 5231
1311 5232
3007 5233
2429 5234
3059 5235
593 5236
5208 5237
4001 5238
3595 5239
5089 5240
4186 5241
4079 5242
4574 5243
2563 5244
1819 5245
2659 5246
2418 5247
3823 5248
1588 5249
435 5250
1331 5251
446 5252
4019 5253
2501 5254
58 5255
97 5256
1241 5257
1312 5258
2896 5259
878 5260
363 5261
5259 5262
3877 5263
4180 5264
3553 5265
4188 5266
784 5267
4582 5268
2842 5269
2343 5270
1228 5271
159 5272
4278 5273
7 5274
5046 5275
146 5276
1761 5277
4311 5278
673 5279
2463 5280
1188 5281
1906 5282
2358 5283
2725 5284
3382 5285
4443 5286
4656 5287
2723 5288
626 5289
2420 5290
1704 5291
3351 5292
4198 5293
1738 5294
4504 5295
3908 5296
4209 5297
3168 5298
4771 5299
4062 5300
3163 5301
1151 5302
684 5303
5076 5304
4537 5305
3835 5306
1750 5307
3881 5308
2924 5309
2841 5310
878 5311
5130 5312
157 5313
1744 5314
5261 5315
4589 5316
1396 5317
5265 5318
3589 5319
4106 5320
2568 5321
2173 5322
1057 5323
166 5324
1133 5325
5053 5326
2815 5327
556 5328
2888 5329
2138 5330
4117 5331
3776 5332
294 5333
778 5334
2794 5335
1351 5336
873 5337
2470 5338
4873 5339
4063 5340
4132 5341
3109 5342
2270 5343
1679 5344
1621 5345
4973 5346
300 5347
2233 5348
849 5349
1113 5350
2963 5351
1923 5352
2707 5353
2535 5354
1943 5355
978 5356
5030 5357
4461 5358
3964 5359
4749 5360
4658 5361
5015 5362
3739 5363
2637 5364
989 5365
3484 5366
1652 5367
4964 5368
4320 5369
4864 5370
1495 5371
2409 5372
3218 5373
1072 5374
5261 5375
2903 5376
1030 5377
5108 5378
4121 5379
3625 5380
2794 5381
4467 5382
3846 5383
3882 5384
1245 5385
555 5386
573 5387
4033 5388
3347 5389
3943 5390
5112 5391
1124 5392
1810 5393
1708 5394
605 5395
2048 5396
2230 5397
912 5398
5183 5399
222 5400
3966 5401
1430 5402
777 5403
4272 5404
1941 5405
282 5406
2855 5407
3537 5408
1244 5409
3557 5410
5409 5411
2361 5412
4881 5413
3426 5414
3704 5415
4590 5416
2717 5417
3919 5418
5359 5419
5342 5420
1981 5421
4578 5422
3515 5423
4760 5424
2329 5425
3058 5426
3697 5427
4686 5428
4620 5429
4023 5430
335 5431
582 5432
1027 5433
3497 5434
1816 5435
2093 5436
614 5437
4539 5438
2270 5439
3997 5440
2466 5441
2757 5442
644 5443
69 5444
1717 5445
4957 5446
1461 5447
547 5448
662 5449
2023 5450
3381 5451
69 5452
4149 5453
877 5454
3399 5455
3972 5456
1059 5457
3500 5458
3158 5459
4188 5460
3174 5461
5332 5462
5325 5463
876 5464
2834 5465
3389 5466
961 5467
2277 5468
2920 5469
2268 5470
3993 5471
3024 5472
1284 5473
468 5474
3291 5475
660 5476
767 5477
2753 5478
1094 5479
3596 5480
3770 5481
3662 5482
554 5483
483 5484
1332 5485
3640 5486
4426 5487
3872 5488
5246 5489
1949 5490
662 5491
202 5492
3330 5493
4040 5494
1474 5495
4731 5496
4180 5497
4900 5498
2316 5499
1127 5500
2458 5501
2824 5502
4849 5503
3284 5504
2171 5505
1954 5506
5187 5507
1984 5508
4266 5509
1368 5510
2096 5511
422 5512
2578 5513
1374 5514
991 5515
1884 5516
4442 5517
313 5518
331 5519
1439 5520
5149 5521
966 5522
1315 5523
4917 5524
2217 5525
1741 5526
1387 5527
2826 5528
4385 5529
92 5530
1187 5531
3517 5532
1121 5533
1611 5534
715 5535
4306 5536
4347 5537
1860 5538
1727 5539
4882 5540
4949 5541
1013 5542
4574 5543
1199 5544
670 5545
2625 5546
1710 5547
4359 5548
3219 5549
721 5550
881 5551
1340 5552
1461 5553
3300 5554
4435 5555
5351 5556
3184 5557
23 5558
3755 5559
2384 5560
3078 5561
2404 5562
4028 5563
1589 5564
1718 5565
1942 5566
3665 5567
1991 5568
667 5569
94 5570
5240 5571
3013 5572
4845 5573
4439 5574
1645 5575
3493 5576
851 5577
1203 5578
2115 5579
320 5580
4837 5581
3746 5582
1569 5583
4221 5584
1709 5585
1550 5586
2373 5587
734 5588
969 5589
110 5590
1414 5591
5478 5592
14 5593
5436 5594
5140 5595
944 5596
1686 5597
87 5598
1332 5599
4383 5600
1993 5601
188 5602
1964 5603
2454 5604
4511 5605
4228 5606
4276 5607
676 5608
4898 5609
2817 5610
224 5611
5130 5612
3978 5613
5363 5614
1298 5615
3833 5616
4793 5617
612 5618
4366 5619
1110 5620
3732 5621
143 5622
2759 5623
5161 5624
3333 5625
5253 5626
226 5627
2682 5628
4361 5629
4711 5630
3224 5631
3700 5632
2556 5633
4862 5634
5031 5635
5444 5636
2866 5637
3432 5638
3191 5639
592 5640
4095 5641
529 5642
4252 5643
1688 5644
3176 5645
5506 5646
2069 5647
5287 5648
1098 5649
2629 5650
1447 5651
1771 5652
534 5653
1599 5654
1990 5655
754 5656
1692 5657
2383 5658
1554 5659
3184 5660
4419 5661
2209 5662
5595 5663
3498 5664
2844 5665
1102 5666
2293 5667
2874 5668
1433 5669
2312 5670
1350 5671
4368 5672
193 5673
2971 5674
4149 5675
3517 5676
1782 5677
3282 5678
243 5679
5245 5680
1439 5681
2385 5682
55 5683
2713 5684
2691 5685
506 5686
2352 5687
2751 5688
3510 5689
4497 5690
4871 5691
3957 5692
2554 5693
2544 5694
2295 5695
3325 5696
394 5697
996 5698
234 5699
3793 5700
936 5701
3590 5702
1798 5703
4974 5704
298 5705
5205 5706
713 5707
2182 5708
3921 5709
4513 5710
3243 5711
1189 5712
3904 5713
4194 5714
1884 5715
1868 5716
1257 5717
4487 5718
3836 5719
4078 5720
5450 5721
5330 5722
5490 5723
4121 5724
2492 5725
1385 5726
3225 5727
984 5728
1110 5729
858 5730
5719 5731
1076 5732
1940 5733
4604 5734
761 5735
4443 5736
5396 5737
5449 5738
5148 5739
2363 5740
2042 5741
5685 5742
15 5743
2378 5744
4097 5745
1003 5746
5549 5747
1099 5748
4160 5749
1472 5750
1977 5751
5300 5752
3574 5753
3139 5754
653 5755
556 5756
4610 5757
1933 5758
5312 5759
2130 5760
5500 5761
3660 5762
801 5763
2279 5764
1749 5765
4369 5766
4756 5767
4727 5768
3957 5769
5681 5770
1310 5771
1014 5772
4700 5773
514 5774
1407 5775
3230 5776
2743 5777
1672 5778
1756 5779
1722 5780
2044 5781
3098 5782
4892 5783
4447 5784
3359 5785
254 5786
852 5787
1349 5788
5690 5789
4010 5790
2617 5791
5176 5792
1662 5793
4198 5794
4282 5795
1699 5796
34 5797
4473 5798
517 5799
4046 5800
3257 5801
1797 5802
1814 5803
1320 5804
2465 5805
1304 5806
3241 5807
4385 5808
5806 5809
5724 5810
1092 5811
8 5812
3968 5813
2515 5814
2348 5815
2340 5816
1915 5817
5636 5818
3336 5819
1978 5820
2583 5821
5615 5822
1822 5823
4991 5824
628 5825
3447 5826
1550 5827
1667 5828
4336 5829
471 5830
2122 5831
301 5832
4256 5833
4515 5834
1305 5835
107 5836
530 5837
3998 5838
771 5839
5835 5840
2099 5841
1654 5842
389 5843
881 5844
797 5845
4982 5846
3225 5847
4782 5848
552 5849
3562 5850
1134 5851
3743 5852
2776 5853
5152 5854
2751 5855
1096 5856
1339 5857
3799 5858
5253 5859
5534 5860
4711 5861
3639 5862
4957 5863
1176 5864
3586 5865
3835 5866
291 5867
2200 5868
4603 5869
5468 5870
5528 5871
5135 5872
5086 5873
4167 5874
46 5875
2998 5876
4848 5877
2043 5878
798 5879
2893 5880
5522 5881
3168 5882
3996 5883
4474 5884
572 5885
4196 5886
3823 5887
1355 5888
317 5889
5434 5890
4263 5891
1089 5892
107 5893
912 5894
1848 5895
1171 5896
3880 5897
4801 5898
946 5899
5642 5900
1119 5901
3613 5902
3993 5903
1150 5904
91 5905
805 5906
1782 5907
4369 5908
5752 5909
1789 5910
838 5911
609 5912
168 5913
3537 5914
5293 5915
3547 5916
2445 5917
3066 5918
498 5919
4345 5920
3486 5921
1130 5922
478 5923
2988 5924
320 5925
2121 5926
3682 5927
1900 5928
4592 5929
122 5930
4774 5931
5348 5932
2582 5933
5297 5934
1102 5935
4754 5936
1718 5937
182 5938
4376 5939
1445 5940
5051 5941
483 5942
1169 5943
996 5944
4744 5945
1731 5946
716 5947
3987 5948
5617 5949
2646 5950
4746 5951
4544 5952
1260 5953
3545 5954
2671 5955
256 5956
1088 5957
2630 5958
2573 5959
3063 5960
2726 5961
5677 5962
4960 5963
864 5964
1870 5965
3755 5966
4443 5967
3070 5968
1910 5969
3234 5970
302 5971
1602 5972
3226 5973
1043 5974
586 5975
3055 5976
930 5977
4656 5978
1531 5979
1267 5980
3639 5981
1968 5982
1781 5983
522 5984
1158 5985
1184 5986
4949 5987
1180 5988
4567 5989
3213 5990
1523 5991
3840 5992
1661 5993
4640 5994
5836 5995
3290 5996
5320 5997
2742 5998
4846 5999
2109 6000
2629 6001
3277 6002
4972 6003
2257 6004
2419 6005
1527 6006
2443 6007
4706 6008
80 6009
902 6010
5743 6011
2312 6012
932 6013
3623 6014
3007 6015
245 6016
3491 6017
2330 6018
5531 6019
444 6020
2946 6021
4111 6022
5301 6023
5855 6024
5348 6025
4790 6026
3338 6027
2342 6028
226 6029
5848 6030
4000 6031
2678 6032
4773 6033
1573 6034
2127 6035
3455 6036
3469 6037
4501 6038
5028 6039
1986 6040
5178 6041
4173 6042
2262 6043
289 6044
4562 6045
4335 6046
3932 6047
4389 6048
2776 6049
3384 6050
6008 6051
131 6052
1157 6053
2411 6054
4570 6055
1684 6056
3756 6057
3237 6058
4558 6059
424 6060
4441 6061
408 6062
777 6063
5020 6064
3302 6065
5473 6066
1447 6067
3068 6068
5739 6069
4860 6070
635 6071
1886 6072
2197 6073
2100 6074
5234 6075
3186 6076
1138 6077
3297 6078
3121 6079
1817 6080
3655 6081
5967 6082
4330 6083
2856 6084
5922 6085
4714 6086
391 6087
4067 6088
5986 6089
3248 6090
3636 6091
5778 6092
677 6093
3680 6094
1877 6095
1907 6096
2503 6097
5465 6098
1739 6099
2015 6100
3557 6101
923 6102
1679 6103
2999 6104
500 6105
3298 6106
5342 6107
974 6108
5793 6109
5769 6110
5043 6111
5176 6112
570 6113
4547 6114
1746 6115
1386 6116
6104 6117
3116 6118
1697 6119
581 6120
1778 6121
758 6122
2886 6123
5840 6124
3991 6125
4445 6126
5521 6127
4850 6128
3204 6129
2941 6130
3463 6131
1695 6132
4248 6133
5919 6134
3748 6135
5953 6136
2390 6137
2859 6138
1152 6139
5734 6140
5040 6141
6092 6142
490 6143
1003 6144
936 6145
5172 6146
474 6147
3672 6148
2586 6149
4350 6150
2310 6151
4874 6152
2319 6153
2415 6154
1999 6155
3164 6156
3916 6157
3615 6158
1820 6159
5362 6160
5384 6161
3216 6162
5422 6163
2858 6164
6089 6165
480 6166
3653 6167
3363 6168
2497 6169
1739 6170
4958 6171
6128 6172
2664 6173
3958 6174
3994 6175
3895 6176
2441 6177
2338 6178
4812 6179
1640 6180
1521 6181
4828 6182
4841 6183
4571 6184
5553 6185
1464 6186
3930 6187
5201 6188
4374 6189
742 6190
5814 6191
75 6192
48 6193
3128 6194
3639 6195
3515 6196
5954 6197
3284 6198
2316 6199
2177 6200
4053 6201
545 6202
1929 6203
2265 6204
2972 6205
4560 6206
2704 6207
1219 6208
1091 6209
788 6210
2180 6211
3939 6212
2101 6213
5526 6214
440 6215
2791 6216
5302 6217
1603 6218
1743 6219
1774 6220
1804 6221
201 6222
1984 6223
2320 6224
3409 6225
2443 6226
4860 6227
1074 6228
5405 6229
5362 6230
5901 6231
3635 6232
2324 6233
558 6234
4557 6235
170 6236
2563 6237
1313 6238
5735 6239
2738 6240
2660 6241
5440 6242
606 6243
1454 6244
4456 6245
5646 6246
19 6247
1428 6248
5918 6249
265 6250
5350 6251
3966 6252
5654 6253
3811 6254
4744 6255
3245 6256
3164 6257
2931 6258
3472 6259
5230 6260
2376 6261
3810 6262
5923 6263
4377 6264
3219 6265
6254 6266
1926 6267
5093 6268
3048 6269
1694 6270
6149 6271
2614 6272
3962 6273
1861 6274
2190 6275
4737 6276
4024 6277
1252 6278
2983 6279
1938 6280
3536 6281
2284 6282
3663 6283
5288 6284
99 6285
4817 6286
2119 6287
2351 6288
3267 6289
568 6290
4362 6291
3855 6292
3597 6293
2714 6294
3792 6295
5633 6296
984 6297
3697 6298
5193 6299
5986 6300
5819 6301
4319 6302
5628 6303
1515 6304
1693 6305
5110 6306
1979 6307
2106 6308
284 6309
3130 6310
2564 6311
1371 6312
6089 6313
6155 6314
6203 6315
1495 6316
6175 6317
3120 6318
2102 6319
212 6320
932 6321
6146 6322
1113 6323
2431 6324
4838 6325
5456 6326
6023 6327
5485 6328
1129 6329
4505 6330
5613 6331
4877 6332
1009 6333
1301 6334
4072 6335
6254 6336
2769 6337
622 6338
1155 6339
2656 6340
5122 6341
3205 6342
4438 6343
1480 6344
4895 6345
5577 6346
5329 6347
3214 6348
3429 6349
6348 6350
121 6351
5379 6352
965 6353
6084 6354
1456 6355
3982 6356
71 6357
6038 6358
367 6359
5156 6360
4763 6361
4259 6362
5872 6363
1448 6364
720 6365
2667 6366
1479 6367
4282 6368
6246 6369
2653 6370
3912 6371
391 6372
5450 6373
4788 6374
695 6375
3532 6376
4291 6377
537 6378
6213 6379
3531 6380
2166 6381
512 6382
1722 6383
2399 6384
5972 6385
32 6386
657 6387
4622 6388
2413 6389
333 6390
1340 6391
5491 6392
1218 6393
6360 6394
4289 6395
6020 6396
95 6397
4286 6398
5596 6399
3406 6400
4717 6401
2778 6402
5405 6403
3121 6404
1701 6405
3028 6406
3471 6407
910 6408
3362 6409
4148 6410
5562 6411
2556 6412
4444 6413
6217 6414
4813 6415
3367 6416
3396 6417
6339 6418
5194 6419
1386 6420
1326 6421
2978 6422
5529 6423
197 6424
2501 6425
612 6426
4061 6427
4782 6428
1533 6429
3169 6430
909 6431
5296 6432
1110 6433
1786 6434
4353 6435
3602 6436
6295 6437
3827 6438
1407 6439
3810 6440
5707 6441
2494 6442
2507 6443
5147 6444
1116 6445
6065 6446
3993 6447
1591 6448
6374 6449
6282 6450
3383 6451
3848 6452
2333 6453
2239 6454
3759 6455
2987 6456
3622 6457
4612 6458
2456 6459
4202 6460
5329 6461
2792 6462
3917 6463
3968 6464
3207 6465
6267 6466
990 6467
3592 6468
4578 6469
3089 6470
1206 6471
2967 6472
5673 6473
6308 6474
4718 6475
2931 6476
4636 6477
432 6478
5462 6479
1441 6480
860 6481
2553 6482
6034 6483
1300 6484
4195 6485
6028 6486
2841 6487
4663 6488
4523 6489
5121 6490
5599 6491
3281 6492
446 6493
4171 6494
2820 6495
2426 6496
1079 6497
1958 6498
5506 6499
5969 6500
716 6501
4953 6502
4224 6503
4205 6504
5208 6505
5694 6506
3857 6507
1944 6508
3583 6509
1344 6510
4783 6511
4454 6512
4915 6513
3543 6514
5194 6515
1045 6516
202 6517
1369 6518
4799 6519
4178 6520
711 6521
6396 6522
1956 6523
4264 6524
4223 6525
3862 6526
1286 6527
1251 6528
6453 6529
2584 6530
3163 6531
3152 6532
2783 6533
1339 6534
5642 6535
1748 6536
3101 6537
2689 6538
1674 6539
3390 6540
324 6541
1186 6542
4681 6543
1950 6544
31 6545
2769 6546
459 6547
3031 6548
2646 6549
5447 6550
3929 6551
3082 6552
2983 6553
2889 6554
672 6555
5449 6556
5851 6557
5640 6558
3006 6559
3856 6560
4077 6561
6501 6562
5278 6563
3314 6564
319 6565
2587 6566
726 6567
2763 6568
1898 6569
6447 6570
6181 6571
313 6572
696 6573
5409 6574
5146 6575
2888 6576
75 6577
5919 6578
67 6579
1688 6580
3041 6581
4263 6582
3282 6583
4943 6584
3698 6585
4859 6586
487 6587
2207 6588
5388 6589
6561 6590
5656 6591
2706 6592
2827 6593
5029 6594
3970 6595
1207 6596
3346 6597
4663 6598
226 6599
622 6600
635 6601
5665 6602
4460 6603
6042 6604
1506 6605
2364 6606
2716 6607
3645 6608
1404 6609
4339 6610
4216 6611
800 6612
4233 6613
3440 6614
1654 6615
614 6616
6194 6617
4771 6618
3002 6619
6467 6620
726 6621
5570 6622
5588 6623
1122 6624
6553 6625
1351 6626
3185 6627
2313 6628
108 6629
5224 6630
2995 6631
1335 6632
936 6633
1610 6634
2249 6635
1871 6636
5050 6637
256 6638
1565 6639
3582 6640
6580 6641
3659 6642
3001 6643
5552 6644
3609 6645
3861 6646
2022 6647
542 6648
722 6649
1813 6650
4358 6651
350 6652
2798 6653
787 6654
2844 6655
4704 6656
161 6657
1543 6658
1054 6659
6474 6660
145 6661
5480 6662
1744 6663
2865 6664
2273 6665
2187 6666
3491 6667
1702 6668
5937 6669
1254 6670
6518 6671
420 6672
5558 6673
6367 6674
4974 6675
1737 6676
1702 6677
3746 6678
2175 6679
3690 6680
6015 6681
4350 6682
478 6683
4029 6684
2458 6685
1658 6686
2444 6687
1628 6688
842 6689
3415 6690
2336 6691
567 6692
4614 6693
1844 6694
1277 6695
1609 6696
6317 6697
217 6698
816 6699
4266 6700
6206 6701
4654 6702
330 6703
1991 6704
3794 6705
1507 6706
50 6707
6529 6708
3250 6709
4700 6710
1983 6711
1150 6712
4923 6713
379 6714
3444 6715
4573 6716
383 6717
197 6718
1352 6719
2977 6720
1838 6721
5428 6722
6682 6723
1263 6724
556 6725
4236 6726
4559 6727
5222 6728
3880 6729
4973 6730
1874 6731
5008 6732
845 6733
4347 6734
5884 6735
4606 6736
2821 6737
407 6738
963 6739
195 6740
5669 6741
6412 6742
1062 6743
672 6744
4565 6745
5791 6746
1892 6747
1036 6748
2723 6749
3955 6750
6394 6751
5008 6752
443 6753
3891 6754
4114 6755
2532 6756
4051 6757
1984 6758
2160 6759
1744 6760
6139 6761
2823 6762
2643 6763
3400 6764
2311 6765
4935 6766
1949 6767
2579 6768
4299 6769
848 6770
993 6771
5884 6772
3485 6773
4980 6774
4038 6775
3399 6776
1968 6777
3286 6778
6054 6779
3146 6780
3842 6781
2364 6782
1073 6783
4150 6784
5427 6785
72 6786
3324 6787
462 6788
4371 6789
2412 6790
4135 6791
1823 6792
1715 6793
6082 6794
3956 6795
685 6796
3586 6797
3281 6798
2593 6799
2458 6800
1952 6801
5677 6802
3927 6803
4854 6804
3884 6805
4393 6806
3597 6807
4226 6808
206 6809
5056 6810
2180 6811
3722 6812
6575 6813
1175 6814
5615 6815
2585 6816
2345 6817
5508 6818
4129 6819
4632 6820
3844 6821
5928 6822
6236 6823
6330 6824
5973 6825
5581 6826
932 6827
4782 6828
4442 6829
5347 6830
2258 6831
2928 6832
5610 6833
2139 6834
6700 6835
3678 6836
3415 6837
4030 6838
6485 6839
3262 6840
2944 6841
314 6842
221 6843
6820 6844
1677 6845
1695 6846
4038 6847
5012 6848
5719 6849
2240 6850
3597 6851
5695 6852
6116 6853
6367 6854
4640 6855
4811 6856
4958 6857
745 6858
1913 6859
4517 6860
671 6861
4379 6862
1739 6863
2413 6864
5186 6865
5535 6866
4974 6867
3832 6868
3908 6869
6429 6870
3577 6871
549 6872
1160 6873
4864 6874
5334 6875
7 6876
3448 6877
6501 6878
5164 6879
610 6880
6816 6881
448 6882
794 6883
1199 6884
2515 6885
1982 6886
6307 6887
3769 6888
3286 6889
5029 6890
3840 6891
6028 6892
4666 6893
4510 6894
3342 6895
103 6896
5280 6897
2931 6898
383 6899
3071 6900
1617 6901
3366 6902
3036 6903
4380 6904
3256 6905
6007 6906
2000 6907
6650 6908
6607 6909
5834 6910
5704 6911
6523 6912
1531 6913
357 6914
762 6915
3663 6916
5579 6917
2271 6918
4738 6919
4072 6920
4822 6921
5984 6922
1889 6923
5000 6924
3602 6925
5692 6926
1026 6927
1147 6928
4104 6929
306 6930
2194 6931
4566 6932
565 6933
1558 6934
5923 6935
6199 6936
905 6937
1329 6938
5977 6939
6110 6940
6596 6941
5685 6942
1418 6943
2331 6944
1532 6945
1267 6946
4239 6947
5006 6948
2045 6949
1714 6950
5142 6951
79 6952
3885 6953
2601 6954
5040 6955
1633 6956
5319 6957
4739 6958
2818 6959
6768 6960
3934 6961
4710 6962
640 6963
6517 6964
3559 6965
3208 6966
4475 6967
6075 6968
5066 6969
5855 6970
6395 6971
231 6972
4465 6973
2825 6974
1611 6975
759 6976
1113 6977
5028 6978
4449 6979
6037 6980
3442 6981
3013 6982
1077 6983
2870 6984
536 6985
304 6986
6499 6987
5485 6988
2614 6989
4591 6990
3907 6991
3971 6992
5916 6993
4831 6994
1895 6995
3389 6996
6421 6997
5909 6998
4451 6999
4531 7000
2147 7001
2439 7002
292 7003
6422 7004
6997 7005
2337 7006
4961 7007
4364 7008
570 7009
1664 7010
1172 7011
5868 7012
2981 7013
1116 7014
4309 7015
5072 7016
661 7017
4833 7018
5683 7019
1090 7020
1825 7021
6852 7022
2983 7023
298 7024
2729 7025
161 7026
839 7027
4465 7028
2525 7029
2554 7030
4773 7031
6305 7032
3092 7033
1102 7034
4660 7035
5249 7036
2671 7037
6037 7038
757 7039
2930 7040
5441 7041
2135 7042
4534 7043
801 7044
1298 7045
6846 7046
774 7047
2490 7048
5912 7049
2974 7050
823 7051
3218 7052
6426 7053
5183 7054
3236 7055
3660 7056
149 7057
4136 7058
702 7059
4231 7060
6766 7061
286 7062
5255 7063
5186 7064
2040 7065
4022 7066
3133 7067
3297 7068
4423 7069
6519 7070
178 7071
4208 7072
5513 7073
81 7074
3356 7075
2223 7076
592 7077
1907 7078
4458 7079
607 7080
1064 7081
3711 7082
3276 7083
6688 7084
5647 7085
515 7086
4136 7087
2560 7088
5035 7089
938 7090
5546 7091
3093 7092
1366 7093
1860 7094
2803 7095
5902 7096
5358 7097
6741 7098
1891 7099
6100 7100
1372 7101
6152 7102
2489 7103
239 7104
76 7105
6742 7106
3145 7107
6594 7108
5518 7109
5732 7110
6196 7111
794 7112
3231 7113
5000 7114
5346 7115
4696 7116
6499 7117
5215 7118
2951 7119
6396 7120
4393 7121
88 7122
2357 7123
2027 7124
3689 7125
6307 7126
1009 7127
5244 7128
256 7129
6625 7130
2959 7131
4957 7132
809 7133
5685 7134
430 7135
3515 7136
302 7137
4273 7138
2298 7139
659 7140
485 7141
304 7142
803 7143
2888 7144
1796 7145
3263 7146
1242 7147
5680 7148
2840 7149
317 7150
157 7151
6909 7152
5055 7153
1048 7154
4119 7155
2997 7156
4706 7157
5631 7158
2644 7159
6738 7160
4774 7161
5078 7162
4552 7163
248 7164
1278 7165
7132 7166
204 7167
4309 7168
235 7169
2600 7170
1648 7171
420 7172
1296 7173
859 7174
6405 7175
1344 7176
832 7177
3447 7178
2582 7179
6570 7180
1296 7181
2795 7182
5404 7183
897 7184
4087 7185
4500 7186
4239 7187
6869 7188
4055 7189
184 7190
2441 7191
5838 7192
2650 7193
2138 7194
5337 7195
3769 7196
814 7197
2350 7198
2596 7199
936 7200
3968 7201
1182 7202
1921 7203
5627 7204
5884 7205
4152 7206
3447 7207
5389 7208
448 7209
5288 7210
6164 7211
2428 7212
5027 7213
3466 7214
107 7215
3765 7216
2124 7217
4847 7218
643 7219
409 7220
5212 7221
795 7222
5987 7223
5087 7224
691 7225
4698 7226
2700 7227
3182 7228
4034 7229
3255 7230
5914 7231
5129 7232
5425 7233
474 7234
2356 7235
4339 7236
4702 7237
5811 7238
6975 7239
6638 7240
1106 7241
2490 7242
4950 7243
2893 7244
4857 7245
6637 7246
4441 7247
6145 7248
6917 7249
155 7250
6657 7251
2864 7252
886 7253
2589 7254
5686 7255
5314 7256
5035 7257
3210 7258
6253 7259
1294 7260
4112 7261
1836 7262
3974 7263
216 7264
1775 7265
6694 7266
2906 7267
7132 7268
6116 7269
5032 7270
2326 7271
3702 7272
6853 7273
547 7274
4212 7275
1378 7276
3336 7277
5395 7278
6350 7279
5479 7280
3399 7281
6137 7282
857 7283
5361 7284
5567 7285
54 7286
3559 7287
3527 7288
2450 7289
6354 7290
4594 7291
4995 7292
5307 7293
4393 7294
1114 7295
5407 7296
2285 7297
2181 7298
13 7299
2843 7300
6313 7301
4279 7302
4711 7303
2094 7304
5896 7305
2950 7306
2695 7307
356 7308
2518 7309
4372 7310
1925 7311
3872 7312
6240 7313
3700 7314
3842 7315
5048 7316
4427 7317
1107 7318
2102 7319
4531 7320
2828 7321
4305 7322
3293 7323
4891 7324
1382 7325
6444 7326
3263 7327
2580 7328
2790 7329
6932 7330
4613 7331
4818 7332
999 7333
827 7334
1455 7335
5250 7336
6089 7337
3251 7338
4560 7339
121 7340
6176 7341
1417 7342
3338 7343
1324 7344
4738 7345
3233 7346
6825 7347
2002 7348
6173 7349
252 7350
4801 7351
1973 7352
2426 7353
2458 7354
3267 7355
6090 7356
2399 7357
7222 7358
1428 7359
2878 7360
204 7361
2783 7362
6537 7363
6698 7364
1111 7365
5588 7366
6943 7367
6585 7368
5853 7369
4604 7370
6520 7371
5588 7372
7059 7373
3120 7374
4977 7375
2452 7376
289 7377
2143 7378
3825 7379
5484 7380
5365 7381
777 7382
5741 7383
2878 7384
1125 7385
2995 7386
2603 7387
5116 7388
2502 7389
421 7390
628 7391
189 7392
2512 7393
4425 7394
847 7395
3026 7396
4268 7397
6895 7398
1153 7399
2395 7400
4595 7401
7171 7402
3732 7403
1315 7404
3294 7405
2696 7406
3366 7407
1217 7408
441 7409
104 7410
5635 7411
2366 7412
4221 7413
2582 7414
526 7415
4428 7416
1676 7417
2853 7418
5333 7419
3922 7420
4008 7421
3207 7422
3962 7423
3794 7424
2042 7425
1155 7426
6487 7427
2953 7428
4185 7429
5917 7430
4565 7431
804 7432
3068 7433
1533 7434
7281 7435
6558 7436
7367 7437
5111 7438
234 7439
2152 7440
4236 7441
6084 7442
1832 7443
5112 7444
4835 7445
2901 7446
2629 7447
6513 7448
5667 7449
4666 7450
3167 7451
1560 7452
749 7453
4416 7454
4264 7455
3047 7456
7259 7457
1899 7458
6439 7459
1431 7460
5423 7461
5184 7462
450 7463
5655 7464
2998 7465
1850 7466
6984 7467
7060 7468
2103 7469
2929 7470
6551 7471
5381 7472
7417 7473
3708 7474
5139 7475
4995 7476
1389 7477
1574 7478
620 7479
2020 7480
7093 7481
357 7482
3045 7483
4449 7484
603 7485
2784 7486
286 7487
3621 7488
5355 7489
946 7490
7437 7491
4326 7492
988 7493
612 7494
993 7495
3292 7496
962 7497
3981 7498
278 7499
5337 7500
1090 7501
5236 7502
5187 7503
1887 7504
4277 7505
302 7506
290 7507
2530 7508
2232 7509
5703 7510
770 7511
4924 7512
1520 7513
2941 7514
120 7515
5941 7516
3556 7517
6829 7518
2073 7519
1042 7520
5289 7521
256 7522
1140 7523
4353 7524
2758 7525
2248 7526
253 7527
6823 7528
1528 7529
4854 7530
7173 7531
3237 7532
817 7533
5141 7534
667 7535
347 7536
765 7537
5267 7538
3293 7539
1959 7540
112 7541
3193 7542
6687 7543
1574 7544
2409 7545
1202 7546
5173 7547
2539 7548
480 7549
4784 7550
422 7551
2624 7552
4813 7553
6385 7554
5273 7555
7317 7556
4396 7557
6401 7558
527 7559
2791 7560
755 7561
6225 7562
5315 7563
3611 7564
210 7565
4510 7566
1948 7567
5564 7568
4186 7569
848 7570
4060 7571
685 7572
4799 7573
1074 7574
2108 7575
4080 7576
6379 7577
3774 7578
182 7579
578 7580
1084 7581
5563 7582
3674 7583
7092 7584
6794 7585
6154 7586
1015 7587
3521 7588
547 7589
3738 7590
3115 7591
6631 7592
4976 7593
995 7594
132 7595
5157 7596
2659 7597
3299 7598
3735 7599
3546 7600
4647 7601
953 7602
7207 7603
2454 7604
4206 7605
3731 7606
1128 7607
5675 7608
6514 7609
1934 7610
897 7611
1293 7612
3851 7613
1146 7614
2486 7615
3616 7616
128 7617
5255 7618
7106 7619
2076 7620
5738 7621
4697 7622
2839 7623
4262 7624
5569 7625
991 7626
4338 7627
577 7628
2585 7629
1840 7630
4446 7631
4133 7632
6738 7633
1871 7634
364 7635
3188 7636
2468 7637
4218 7638
1772 7639
2071 7640
2266 7641
2409 7642
3291 7643
31 7644
935 7645
2686 7646
4538 7647
1954 7648
1591 7649
132 7650
5840 7651
5776 7652
2588 7653
5849 7654
7044 7655
5275 7656
2945 7657
527 7658
4020 7659
2515 7660
6048 7661
7008 7662
2572 7663
4391 7664
5715 7665
1542 7666
3526 7667
2932 7668
4347 7669
5531 7670
1958 7671
3781 7672
585 7673
952 7674
5857 7675
758 7676
6096 7677
2860 7678
7247 7679
2308 7680
5368 7681
5831 7682
5372 7683
6664 7684
1858 7685
1643 7686
6899 7687
5602 7688
6297 7689
936 7690
1881 7691
2496 7692
1600 7693
6085 7694
823 7695
123 7696
7429 7697
7255 7698
5788 7699
2941 7700
3099 7701
2809 7702
934 7703
1416 7704
593 7705
5764 7706
5581 7707
2896 7708
3469 7709
2344 7710
1681 7711
6403 7712
2083 7713
4049 7714
1080 7715
3654 7716
1431 7717
3664 7718
1643 7719
7511 7720
7314 7721
780 7722
2394 7723
6077 7724
4140 7725
6352 7726
6478 7727
5419 7728
4745 7729
1401 7730
7313 7731
5190 7732
7672 7733
4813 7734
5247 7735
7261 7736
6358 7737
5779 7738
359 7739
2410 7740
6308 7741
2680 7742
4872 7743
3760 7744
3846 7745
6320 7746
5857 7747
1181 7748
3600 7749
7277 7750
6845 7751
3685 7752
1081 7753
1097 7754
1635 7755
5341 7756
1253 7757
5288 7758
6174 7759
591 7760
56 7761
7292 7762
2181 7763
2553 7764
1808 7765
1496 7766
778 7767
952 7768
3128 7769
2131 7770
3785 7771
5006 7772
4087 7773
3859 7774
4495 7775
1777 7776
772 7777
6820 7778
4470 7779
7069 7780
3930 7781
3330 7782
3482 7783
7469 7784
6209 7785
1294 7786
750 7787
3206 7788
3672 7789
2144 7790
4938 7791
3799 7792
748 7793
1072 7794
2130 7795
2977 7796
6245 7797
7522 7798
2436 7799
5859 7800
773 7801
5783 7802
2430 7803
5537 7804
930 7805
150 7806
2502 7807
4803 7808
3760 7809
1124 7810
3976 7811
331 7812
1517 7813
5268 7814
2395 7815
2502 7816
4150 7817
5355 7818
6643 7819
6340 7820
44 7821
3861 7822
4750 7823
6065 7824
7578 7825
3619 7826
7753 7827
6459 7828
5137 7829
284 7830
3751 7831
6995 7832
641 7833
3007 7834
5633 7835
28 7836
1730 7837
3620 7838
929 7839
7321 7840
6934 7841
6264 7842
7609 7843
986 7844
5404 7845
5926 7846
7316 7847
6859 7848
4582 7849
3304 7850
1174 7851
4179 7852
6953 7853
617 7854
6379 7855
4890 7856
4778 7857
7004 7858
2692 7859
3339 7860
1997 7861
6882 7862
5692 7863
3710 7864
3312 7865
3910 7866
4266 7867
4071 7868
2619 7869
4871 7870
459 7871
4192 7872
2702 7873
5773 7874
159 7875
2438 7876
3237 7877
5406 7878
1372 7879
5793 7880
777 7881
5226 7882
5789 7883
1842 7884
2741 7885
2852 7886
7812 7887
5864 7888
2994 7889
5671 7890
6965 7891
2390 7892
7488 7893
3884 7894
6707 7895
1013 7896
7893 7897
1925 7898
7249 7899
2275 7900
121 7901
6099 7902
6650 7903
4704 7904
510 7905
3581 7906
6101 7907
7079 7908
3476 7909
1503 7910
446 7911
6137 7912
5776 7913
7268 7914
603 7915
4374 7916
5769 7917
2767 7918
2809 7919
7132 7920
2003 7921
6092 7922
3873 7923
7621 7924
2490 7925
6677 7926
5701 7927
905 7928
1781 7929
3208 7930
5290 7931
2940 7932
302 7933
4912 7934
7752 7935
3909 7936
5663 7937
1049 7938
1666 7939
3473 7940
5993 7941
963 7942
5093 7943
7221 7944
2762 7945
3835 7946
6848 7947
7883 7948
426 7949
5839 7950
3378 7951
7038 7952
6717 7953
3979 7954
752 7955
11 7956
5967 7957
1845 7958
1879 7959
4499 7960
1699 7961
3669 7962
2556 7963
97 7964
5735 7965
7627 7966
1390 7967
941 7968
6030 7969
4156 7970
7478 7971
1751 7972
6441 7973
73 7974
5993 7975
6052 7976
4618 7977
6786 7978
301 7979
6990 7980
7959 7981
6172 7982
5029 7983
5845 7984
5980 7985
4030 7986
1013 7987
1398 7988
1998 7989
6813 7990
2174 7991
7662 7992
7365 7993
5001 7994
3603 7995
1463 7996
548 7997
3340 7998
787 7999
503 8000
6802 8001
3757 8002
4809 8003
2849 8004
6097 8005
3858 8006
7148 8007
2872 8008
7882 8009
2095 8010
5037 8011
6995 8012
4934 8013
5269 8014
3895 8015
1823 8016
214 8017
5683 8018
2337 8019
6144 8020
6894 8021
7389 8022
2324 8023
731 8024
6526 8025
5186 8026
8 8027
131 8028
4474 8029
6062 8030
3032 8031
4061 8032
5910 8033
7324 8034
7673 8035
857 8036
6215 8037
6765 8038
2600 8039
1099 8040
6041 8041
747 8042
119 8043
3902 8044
6777 8045
4888 8046
6365 8047
4019 8048
8002 8049
2580 8050
5112 8051
3533 8052
2905 8053
7360 8054
5964 8055
4897 8056
3252 8057
209 8058
5289 8059
7412 8060
4326 8061
2460 8062
372 8063
1347 8064
1901 8065
5306 8066
101 8067
7173 8068
7411 8069
1136 8070
2577 8071
4780 8072
7459 8073
6438 8074
1528 8075
407 8076
2392 8077
82 8078
2794 8079
2738 8080
238 8081
7722 8082
2679 8083
478 8084
613 8085
46 8086
1034 8087
6605 8088
3982 8089
4056 8090
3740 8091
5509 8092
889 8093
1738 8094
3237 8095
2518 8096
1021 8097
822 8098
3610 8099
4024 8100
7781 8101
7347 8102
6631 8103
4276 8104
416 8105
871 8106
1368 8107
3290 8108
4388 8109
5403 8110
4320 8111
4613 8112
4186 8113
4734 8114
5230 8115
7041 8116
5534 8117
1660 8118
3063 8119
1735 8120
7261 8121
7177 8122
730 8123
628 8124
5912 8125
524 8126
5528 8127
6651 8128
1645 8129
5209 8130
7174 8131
3044 8132
4923 8133
4325 8134
1864 8135
347 8136
3986 8137
3992 8138
7736 8139
143 8140
5373 8141
2196 8142
2482 8143
4800 8144
6413 8145
2827 8146
5932 8147
3591 8148
3671 8149
4505 8150
3768 8151
2117 8152
3190 8153
2420 8154
5390 8155
3828 8156
3302 8157
2640 8158
6561 8159
1025 8160
5559 8161
3204 8162
4504 8163
4330 8164
4288 8165
5479 8166
2356 8167
528 8168
7529 8169
5977 8170
1492 8171
1274 8172
8116 8173
455 8174
4234 8175
2235 8176
4164 8177
3111 8178
5359 8179
5432 8180
1651 8181
5779 8182
7331 8183
647 8184
5206 8185
6637 8186
6105 8187
1003 8188
6334 8189
4832 8190
4958 8191
3109 8192
3502 8193
3062 8194
3944 8195
6131 8196
4395 8197
7579 8198
5745 8199
7169 8200
5780 8201
2780 8202
4714 8203
2450 8204
1841 8205
1706 8206
5573 8207
415 8208
7270 8209
5110 8210
3472 8211
5210 8212
2682 8213
3835 8214
2155 8215
4150 8216
6457 8217
970 8218
7221 8219
3084 8220
3423 8221
755 8222
7463 8223
5956 8224
3375 8225
7789 8226
1947 8227
1013 8228
1455 8229
2055 8230
656 8231
934 8232
7519 8233
5046 8234
4877 8235
898 8236
6460 8237
2285 8238
5591 8239
2833 8240
4015 8241
1476 8242
6247 8243
1835 8244
2599 8245
6427 8246
6876 8247
2127 8248
3366 8249
5177 8250
892 8251
5406 8252
2865 8253
6184 8254
4413 8255
477 8256
5658 8257
3049 8258
1048 8259
3962 8260
6311 8261
5446 8262
6337 8263
7330 8264
7974 8265
7395 8266
5666 8267
2607 8268
3667 8269
8096 8270
4516 8271
8133 8272
4507 8273
5269 8274
6957 8275
8111 8276
8035 8277
3906 8278
7975 8279
3578 8280
4175 8281
810 8282
1809 8283
1936 8284
7552 8285
5275 8286
7038 8287
1431 8288
7677 8289
6193 8290
6437 8291
238 8292
2334 8293
6346 8294
7257 8295
5421 8296
7033 8297
5715 8298
4588 8299
3477 8300
7389 8301
269 8302
3009 8303
6423 8304
402 8305
1418 8306
4767 8307
6190 8308
3988 8309
5676 8310
300 8311
6216 8312
6150 8313
6751 8314
1143 8315
6299 8316
6350 8317
3401 8318
1738 8319
3240 8320
2569 8321
4356 8322
829 8323
881 8324
2648 8325
6643 8326
6082 8327
6174 8328
5891 8329
529 8330
5038 8331
7294 8332
5479 8333
468 8334
2410 8335
1523 8336
7629 8337
6704 8338
7213 8339
7653 8340
6485 8341
1077 8342
6188 8343
6000 8344
7988 8345
4237 8346
7902 8347
2315 8348
7874 8349
477 8350
3542 8351
7421 8352
2238 8353
1827 8354
3138 8355
5854 8356
5842 8357
5230 8358
2570 8359
8201 8360
1474 8361
3225 8362
6018 8363
938 8364
1533 8365
6033 8366
1125 8367
7756 8368
3509 8369
2771 8370
6349 8371
810 8372
4979 8373
2874 8374
4967 8375
6321 8376
6238 8377
4096 8378
5182 8379
4001 8380
8303 8381
2207 8382
2713 8383
4008 8384
5351 8385
3740 8386
5471 8387
3428 8388
5401 8389
6377 8390
2205 8391
4202 8392
6068 8393
4617 8394
5681 8395
7932 8396
4618 8397
780 8398
1696 8399
5798 8400
3050 8401
7892 8402
1286 8403
1513 8404
2670 8405
7357 8406
3743 8407
2246 8408
7238 8409
7363 8410
6929 8411
95 8412
2579 8413
5764 8414
7542 8415
751 8416
250 8417
178 8418
8315 8419
2057 8420
3836 8421
2148 8422
3212 8423
7242 8424
6997 8425
6641 8426
1962 8427
5276 8428
2154 8429
2868 8430
4597 8431
7572 8432
339 8433
6016 8434
4559 8435
4651 8436
7074 8437
2655 8438
8029 8439
1651 8440
7841 8441
1843 8442
6560 8443
5972 8444
4958 8445
2881 8446
6474 8447
5393 8448
5734 8449
8077 8450
7629 8451
7607 8452
5970 8453
601 8454
7415 8455
1613 8456
6476 8457
7616 8458
7091 8459
5070 8460
1125 8461
4809 8462
2455 8463
696 8464
988 8465
4327 8466
4087 8467
914 8468
1155 8469
6373 8470
7947 8471
3220 8472
3501 8473
6054 8474
3870 8475
4784 8476
5900 8477
2682 8478
2259 8479
600 8480
2300 8481
4400 8482
3174 8483
7446 8484
2246 8485
1399 8486
1421 8487
8184 8488
7271 8489
6146 8490
2215 8491
4312 8492
7418 8493
6010 8494
4436 8495
470 8496
1358 8497
1099 8498
5311 8499
4075 8500
4578 8501
5574 8502
7914 8503
3851 8504
4134 8505
1417 8506
1763 8507
4313 8508
5996 8509
4019 8510
1810 8511
3656 8512
8479 8513
7635 8514
4702 8515
2505 8516
874 8517
990 8518
336 8519
6271 8520
3863 8521
3039 8522
5874 8523
6294 8524
2772 8525
5825 8526
2650 8527
5443 8528
336 8529
1065 8530
6612 8531
6449 8532
3551 8533
6015 8534
7352 8535
1524 8536
8435 8537
6265 8538
5740 8539
7347 8540
7092 8541
3218 8542
6491 8543
7736 8544
6684 8545
2763 8546
1854 8547
1059 8548
1628 8549
3404 8550
5855 8551
2871 8552
7900 8553
5762 8554
4889 8555
7924 8556
2020 8557
5246 8558
1344 8559
7761 8560
2695 8561
2700 8562
728 8563
5771 8564
3011 8565
6627 8566
4425 8567
375 8568
3832 8569
7141 8570
5779 8571
3871 8572
1729 8573
2478 8574
1280 8575
208 8576
3974 8577
5540 8578
6863 8579
1483 8580
6987 8581
784 8582
1808 8583
3167 8584
1868 8585
6950 8586
3929 8587
3468 8588
8102 8589
4342 8590
1777 8591
945 8592
3854 8593
4451 8594
8064 8595
6581 8596
7237 8597
5474 8598
2385 8599
6389 8600
3442 8601
1527 8602
5810 8603
2447 8604
5443 8605
8476 8606
1471 8607
5271 8608
3145 8609
5190 8610
6086 8611
426 8612
2731 8613
4553 8614
2434 8615
4996 8616
8418 8617
4287 8618
7412 8619
4082 8620
6146 8621
2936 8622
1692 8623
6023 8624
4461 8625
1378 8626
6046 8627
5717 8628
5363 8629
873 8630
2060 8631
1595 8632
7454 8633
6526 8634
1175 8635
8287 8636
7477 8637
439 8638
6957 8639
7690 8640
5572 8641
6300 8642
5998 8643
3753 8644
6769 8645
5886 8646
4010 8647
1744 8648
4125 8649
3621 8650
5465 8651
488 8652
2023 8653
7052 8654
6499 8655
2902 8656
5601 8657
8396 8658
5421 8659
558 8660
5065 8661
1261 8662
1704 8663
4574 8664
7466 8665
5267 8666
3819 8667
2705 8668
6937 8669
4471 8670
8371 8671
4747 8672
5450 8673
478 8674
1046 8675
807 8676
4483 8677
2024 8678
7629 8679
6290 8680
7205 8681
293 8682
4252 8683
4865 8684
3112 8685
3827 8686
7618 8687
5977 8688
6951 8689
305 8690
3179 8691
8230 8692
3585 8693
2162 8694
7933 8695
802 8696
8353 8697
2179 8698
2935 8699
4193 8700
1762 8701
3816 8702
7961 8703
7710 8704
4614 8705
1399 8706
2214 8707
8521 8708
7585 8709
763 8710
8624 8711
2447 8712
7938 8713
4457 8714
1864 8715
291 8716
7992 8717
146 8718
3168 8719
385 8720
2721 8721
885 8722
6348 8723
351 8724
3228 8725
169 8726
906 8727
4414 8728
5484 8729
3223 8730
7814 8731
8538 8732
3797 8733
6897 8734
7151 8735
4819 8736
4216 8737
8338 8738
1289 8739
820 8740
3179 8741
1076 8742
4715 8743
5123 8744
2116 8745
5767 8746
7017 8747
5582 8748
1694 8749
4604 8750
2731 8751
5386 8752
3996 8753
1987 8754
1419 8755
2063 8756
6713 8757
7180 8758
4551 8759
7344 8760
8163 8761
4674 8762
8283 8763
6889 8764
4375 8765
7428 8766
7788 8767
4795 8768
4552 8769
2353 8770
4295 8771
936 8772
6036 8773
3527 8774
3931 8775
4361 8776
5853 8777
2490 8778
129 8779
6884 8780
6865 8781
3375 8782
7176 8783
1428 8784
1199 8785
3195 8786
6528 8787
947 8788
8668 8789
3171 8790
844 8791
7370 8792
6265 8793
8553 8794
3697 8795
8011 8796
4851 8797
8318 8798
2187 8799
5881 8800
195 8801
4456 8802
7473 8803
7294 8804
2947 8805
237 8806
7064 8807
8012 8808
7321 8809
7309 8810
3141 8811
7000 8812
8660 8813
5840 8814
8117 8815
4767 8816
4191 8817
5296 8818
1509 8819
3711 8820
6112 8821
1932 8822
3079 8823
284 8824
251 8825
3463 8826
8297 8827
6581 8828
927 8829
6745 8830
4870 8831
1829 8832
737 8833
2928 8834
69 8835
2171 8836
4145 8837
1861 8838
3428 8839
8294 8840
8023 8841
1398 8842
8588 8843
1057 8844
7400 8845
131 8846
7805 8847
3459 8848
5571 8849
6289 8850
5415 8851
4956 8852
1229 8853
2805 8854
8435 8855
2625 8856
126 8857
815 8858
2438 8859
204 8860
7490 8861
1819 8862
3332 8863
2903 8864
2942 8865
4271 8866
8587 8867
1217 8868
4564 8869
7244 8870
2766 8871
4501 8872
3736 8873
362 8874
6790 8875
2678 8876
2903 8877
7300 8878
8724 8879
6555 8880
7858 8881
1125 8882
8467 8883
92 8884
1494 8885
321 8886
649 8887
7128 8888
3354 8889
1603 8890
4982 8891
2338 8892
8582 8893
5723 8894
6844 8895
1599 8896
3268 8897
6842 8898
2986 8899
5018 8900
1289 8901
2373 8902
4159 8903
6528 8904
6094 8905
5152 8906
8457 8907
4225 8908
5952 8909
5438 8910
6778 8911
8550 8912
2986 8913
7972 8914
660 8915
7403 8916
2055 8917
8383 8918
5393 8919
4612 8920
7311 8921
7462 8922
8009 8923
2771 8924
3694 8925
5122 8926
7342 8927
6890 8928
5236 8929
1759 8930
5576 8931
4815 8932
5652 8933
602 8934
6890 8935
6601 8936
7908 8937
8204 8938
84 8939
7122 8940
5585 8941
8338 8942
8774 8943
6299 8944
5910 8945
7153 8946
1162 8947
2959 8948
2237 8949
281 8950
8633 8951
7855 8952
979 8953
7887 8954
7219 8955
1823 8956
176 8957
613 8958
5393 8959
560 8960
2279 8961
8769 8962
7831 8963
4958 8964
6122 8965
8326 8966
735 8967
6823 8968
3848 8969
6147 8970
378 8971
1203 8972
1096 8973
2364 8974
1704 8975
413 8976
6844 8977
1931 8978
2844 8979
4691 8980
3444 8981
4214 8982
5521 8983
629 8984
3745 8985
1864 8986
4170 8987
7172 8988
7917 8989
94 8990
3869 8991
3661 8992
5356 8993
5589 8994
6936 8995
2242 8996
5543 8997
8821 8998
7589 8999
3573 9000
8046 9001
588 9002
252 9003
393 9004
4744 9005
5347 9006
8215 9007
4281 9008
5408 9009
7925 9010
8614 9011
30 9012
4837 9013
1001 9014
4289 9015
7317 9016
6115 9017
3102 9018
7127 9019
1299 9020
4360 9021
3599 9022
1863 9023
6563 9024
4360 9025
3103 9026
1963 9027
5154 9028
7036 9029
8639 9030
5294 9031
4724 9032
4253 9033
851 9034
2983 9035
4938 9036
5758 9037
2548 9038
7562 9039
8802 9040
6496 9041
1609 9042
6093 9043
1435 9044
1317 9045
7829 9046
4927 9047
1575 9048
4172 9049
2799 9050
3787 9051
251 9052
3567 9053
8632 9054
6629 9055
2947 9056
6817 9057
1519 9058
5475 9059
7258 9060
1906 9061
3687 9062
2878 9063
8893 9064
7045 9065
1071 9066
2452 9067
9038 9068
7055 9069
896 9070
2180 9071
1114 9072
8742 9073
1505 9074
7923 9075
2514 9076
1384 9077
7768 9078
5285 9079
3703 9080
2009 9081
5397 9082
5313 9083
9035 9084
7453 9085
3115 9086
7763 9087
584 9088
1122 9089
7995 9090
2948 9091
8542 9092
3309 9093
4289 9094
5396 9095
2796 9096
5832 9097
6405 9098
2878 9099
5610 9100
8234 9101
3471 9102
5160 9103
6305 9104
5817 9105
8110 9106
7301 9107
5392 9108
4002 9109
6608 9110
4767 9111
3206 9112
5348 9113
3439 9114
4040 9115
9019 9116
692 9117
1949 9118
1726 9119
1335 9120
5097 9121
7954 9122
4231 9123
631 9124
4772 9125
5774 9126
4799 9127
2944 9128
752 9129
6138 9130
2466 9131
5537 9132
6746 9133
5506 9134
1307 9135
8847 9136
579 9137
8894 9138
5391 9139
4111 9140
3470 9141
4110 9142
6670 9143
8656 9144
4296 9145
6642 9146
198 9147
6173 9148
4389 9149
977 9150
9104 9151
6817 9152
8364 9153
6454 9154
4334 9155
4591 9156
1056 9157
3329 9158
8881 9159
5671 9160
3147 9161
7125 9162
602 9163
2928 9164
5595 9165
8320 9166
571 9167
3309 9168
8546 9169
1155 9170
331 9171
6224 9172
2566 9173
3912 9174
7589 9175
8041 9176
490 9177
3282 9178
1129 9179
8031 9180
3605 9181
2467 9182
7974 9183
8941 9184
7647 9185
5908 9186
8345 9187
8473 9188
3905 9189
6579 9190
4247 9191
6032 9192
5712 9193
3791 9194
5797 9195
3583 9196
2648 9197
1080 9198
8077 9199
4275 9200
7474 9201
1034 9202
6188 9203
6373 9204
591 9205
5156 9206
4727 9207
8401 9208
1807 9209
174 9210
5399 9211
8291 9212
6816 9213
6805 9214
3643 9215
424 9216
8838 9217
7999 9218
5752 9219
63 9220
9155 9221
7559 9222
8999 9223
7296 9224
3178 9225
2843 9226
8952 9227
5308 9228
4382 9229
5184 9230
4787 9231
4119 9232
3195 9233
3554 9234
7699 9235
8948 9236
8268 9237
8821 9238
6225 9239
64 9240
3258 9241
6807 9242
602 9243
3057 9244
5900 9245
8628 9246
8230 9247
4251 9248
7727 9249
7103 9250
1463 9251
8832 9252
2169 9253
5889 9254
4498 9255
9106 9256
6103 9257
3089 9258
45 9259
1450 9260
1032 9261
7653 9262
1619 9263
4663 9264
3158 9265
4401 9266
4726 9267
442 9268
5266 9269
7848 9270
7287 9271
4436 9272
8782 9273
2009 9274
7665 9275
4147 9276
5000 9277
4081 9278
2715 9279
1385 9280
7942 9281
9001 9282
3622 9283
1238 9284
6915 9285
1292 9286
6527 9287
5228 9288
6109 9289
8910 9290
575 9291
583 9292
954 9293
8346 9294
57 9295
1751 9296
134 9297
4105 9298
1312 9299
5946 9300
1800 9301
2537 9302
3799 9303
5314 9304
2628 9305
8885 9306
8956 9307
1147 9308
739 9309
6118 9310
4875 9311
2903 9312
548 9313
1221 9314
7265 9315
5622 9316
2173 9317
6230 9318
7265 9319
2476 9320
4246 9321
3952 9322
4693 9323
1761 9324
8392 9325
3058 9326
7764 9327
8632 9328
296 9329
6809 9330
8508 9331
3649 9332
3897 9333
1736 9334
4001 9335
8719 9336
5031 9337
6404 9338
3751 9339
2757 9340
7384 9341
5725 9342
627 9343
7800 9344
7664 9345
3668 9346
3364 9347
2640 9348
1320 9349
1324 9350
1789 9351
2850 9352
1171 9353
2069 9354
8919 9355
7186 9356
8618 9357
6203 9358
8448 9359
1387 9360
9173 9361
2574 9362
1986 9363
9358 9364
2450 9365
4011 9366
1048 9367
4485 9368
8852 9369
9280 9370
61 9371
6692 9372
6123 9373
2784 9374
5735 9375
6000 9376
8503 9377
5701 9378
228 9379
1691 9380
3152 9381
7257 9382
1638 9383
1458 9384
728 9385
5288 9386
1259 9387
4380 9388
3189 9389
4450 9390
5406 9391
5016 9392
7551 9393
5045 9394
1677 9395
8023 9396
1312 9397
509 9398
5782 9399
9152 9400
7698 9401
8933 9402
2106 9403
4320 9404
4662 9405
2186 9406
1055 9407
4308 9408
7988 9409
2086 9410
7020 9411
6005 9412
6894 9413
1625 9414
7516 9415
1824 9416
8189 9417
6488 9418
6363 9419
1566 9420
8674 9421
5432 9422
833 9423
686 9424
2626 9425
9205 9426
4733 9427
6086 9428
8870 9429
2558 9430
7675 9431
7159 9432
5522 9433
5638 9434
6818 9435
2667 9436
1063 9437
4352 9438
2846 9439
8230 9440
1241 9441
1332 9442
6441 9443
1257 9444
1753 9445
2130 9446
561 9447
7675 9448
2541 9449
1112 9450
15 9451
276 9452
4625 9453
8809 9454
1655 9455
7906 9456
7725 9457
2820 9458
1284 9459
3277 9460
2865 9461
5922 9462
2406 9463
7181 9464
2624 9465
6055 9466
3163 9467
1996 9468
4148 9469
7955 9470
3004 9471
6996 9472
802 9473
5179 9474
3683 9475
6072 9476
8877 9477
777 9478
1611 9479
7197 9480
5147 9481
7724 9482
3738 9483
7260 9484
9193 9485
7312 9486
93 9487
711 9488
7624 9489
9287 9490
6786 9491
7207 9492
8246 9493
3140 9494
7903 9495
1835 9496
6288 9497
4806 9498
8556 9499
2698 9500
1949 9501
6371 9502
5370 9503
8385 9504
6631 9505
9339 9506
5043 9507
5080 9508
3298 9509
696 9510
7620 9511
8870 9512
610 9513
2497 9514
6168 9515
3775 9516
7586 9517
9084 9518
4936 9519
3118 9520
1093 9521
9076 9522
3268 9523
4377 9524
9318 9525
7144 9526
8444 9527
2298 9528
2249 9529
7111 9530
8772 9531
7636 9532
4620 9533
3962 9534
8027 9535
3230 9536
9517 9537
2043 9538
1302 9539
2245 9540
8585 9541
5537 9542
5749 9543
3017 9544
146 9545
6215 9546
6612 9547
5317 9548
2422 9549
3121 9550
5466 9551
5789 9552
3348 9553
703 9554
8474 9555
7068 9556
5665 9557
2860 9558
3814 9559
5313 9560
9391 9561
6462 9562
9324 9563
6579 9564
8558 9565
6408 9566
8617 9567
9291 9568
5047 9569
871 9570
7891 9571
1167 9572
392 9573
4258 9574
5825 9575
6893 9576
5206 9577
2323 9578
8358 9579
876 9580
7270 9581
6295 9582
2337 9583
1296 9584
7400 9585
3991 9586
8212 9587
2945 9588
4114 9589
564 9590
1717 9591
5376 9592
7304 9593
540 9594
1482 9595
6312 9596
19 9597
1561 9598
4443 9599
1853 9600
2337 9601
4099 9602
1558 9603
8782 9604
6773 9605
8683 9606
5722 9607
2634 9608
4734 9609
744 9610
3009 9611
9086 9612
8241 9613
6048 9614
1155 9615
930 9616
3075 9617
6722 9618
8182 9619
9340 9620
8931 9621
5554 9622
2711 9623
6517 9624
4013 9625
5387 9626
1060 9627
6111 9628
2975 9629
2651 9630
7521 9631
9332 9632
3380 9633
9237 9634
7188 9635
1483 9636
386 9637
33 9638
3560 9639
6473 9640
3180 9641
2180 9642
9537 9643
399 9644
2622 9645
6633 9646
244 9647
9444 9648
8183 9649
9118 9650
92 9651
5413 9652
1551 9653
647 9654
945 9655
6870 9656
2382 9657
8711 9658
1402 9659
5806 9660
6101 9661
2659 9662
971 9663
737 9664
3186 9665
6855 9666
820 9667
5503 9668
8604 9669
413 9670
3479 9671
8341 9672
6456 9673
8902 9674
6509 9675
916 9676
3946 9677
1105 9678
2791 9679
8971 9680
4432 9681
9415 9682
4066 9683
6413 9684
2715 9685
4792 9686
1421 9687
6252 9688
549 9689
1760 9690
7488 9691
4029 9692
565 9693
310 9694
9658 9695
4319 9696
2899 9697
7319 9698
3026 9699
989 9700
6380 9701
8173 9702
7824 9703
941 9704
6122 9705
7444 9706
1135 9707
4615 9708
4173 9709
6142 9710
1135 9711
9644 9712
4629 9713
6533 9714
736 9715
5917 9716
7158 9717
9226 9718
6157 9719
1105 9720
8563 9721
7600 9722
6309 9723
9427 9724
7927 9725
6834 9726
9045 9727
8502 9728
8255 9729
7895 9730
2104 9731
8508 9732
2450 9733
7385 9734
1088 9735
7781 9736
6374 9737
627 9738
3521 9739
4570 9740
5989 9741
9058 9742
75 9743
7123 9744
2494 9745
2543 9746
7612 9747
153 9748
1616 9749
3056 9750
6055 9751
1971 9752
6212 9753
8915 9754
7507 9755
3031 9756
3350 9757
258 9758
7432 9759
7783 9760
8082 9761
1382 9762
2158 9763
6332 9764
8313 9765
6417 9766
899 9767
5919 9768
135 9769
4891 9770
9037 9771
9091 9772
863 9773
4828 9774
3548 9775
7870 9776
9477 9777
3962 9778
6452 9779
148 9780
143 9781
5930 9782
3268 9783
360 9784
4608 9785
6790 9786
4587 9787
3990 9788
3340 9789
76 9790
968 9791
1508 9792
986 9793
7238 9794
7921 9795
5725 9796
7645 9797
6479 9798
8595 9799
6073 9800
7967 9801
8536 9802
2340 9803
4211 9804
7138 9805
195 9806
146 9807
2561 9808
5600 9809
2108 9810
8652 9811
515 9812
1104 9813
7914 9814
7500 9815
3674 9816
8571 9817
7099 9818
7187 9819
4189 9820
2967 9821
8558 9822
8320 9823
9147 9824
5319 9825
4328 9826
6411 9827
584 9828
7927 9829
1611 9830
837 9831
7760 9832
8953 9833
4956 9834
3968 9835
2628 9836
2976 9837
5748 9838
2216 9839
3989 9840
3069 9841
8229 9842
7833 9843
4039 9844
9764 9845
7284 9846
9692 9847
6501 9848
1076 9849
777 9850
5725 9851
6377 9852
1441 9853
765 9854
9178 9855
5990 9856
4268 9857
6302 9858
2570 9859
6971 9860
6054 9861
6631 9862
625 9863
310 9864
5213 9865
8858 9866
7164 9867
604 9868
6353 9869
2161 9870
980 9871
2183 9872
2422 9873
9101 9874
8795 9875
7850 9876
8896 9877
6484 9878
8821 9879
7238 9880
5829 9881
4442 9882
8776 9883
9387 9884
2267 9885
7951 9886
4589 9887
7768 9888
3364 9889
8464 9890
2942 9891
2452 9892
8255 9893
5436 9894
1433 9895
3287 9896
8455 9897
2228 9898
8483 9899
1251 9900
982 9901
6794 9902
5283 9903
6692 9904
8196 9905
5218 9906
4155 9907
9072 9908
1638 9909
1990 9910
9243 9911
2306 9912
7018 9913
8183 9914
3577 9915
8076 9916
7092 9917
2045 9918
4045 9919
4041 9920
9875 9921
9512 9922
5872 9923
6454 9924
7999 9925
3111 9926
2150 9927
7154 9928
4187 9929
5414 9930
7635 9931
1568 9932
515 9933
3698 9934
5354 9935
7069 9936
3818 9937
9757 9938
2968 9939
1958 9940
5936 9941
4325 9942
192 9943
7744 9944
7437 9945
9246 9946
3127 9947
4592 9948
9820 9949
7622 9950
3129 9951
5900 9952
5292 9953
2829 9954
3963 9955
6895 9956
9530 9957
1177 9958
2972 9959
9445 9960
1610 9961
5723 9962
4851 9963
8254 9964
4627 9965
210 9966
7849 9967
2770 9968
4460 9969
4888 9970
6963 9971
353 9972
6539 9973
5321 9974
5696 9975
8303 9976
3540 9977
6113 9978
7011 9979
3055 9980
8318 9981
8272 9982
720 9983
4443 9984
3216 9985
7316 9986
8564 9987
1251 9988
9979 9989
3040 9990
7796 9991
5692 9992
577 9993
2153 9994
5790 9995
3414 9996
7841 9997
9008 9998
6884 9999
7697 10000
