1 2
1 3
3 4
2 5
1 6
2 7
5 8
5 9
9 10
8 11
8 12
10 13
11 14
12 15
6 16
4 17
3 18
14 19
9 20
19 21
14 22
12 23
14 24
1 25
21 26
1 27
24 28
25 29
1 30
21 31
9 32
21 33
6 34
22 35
11 36
1 37
20 38
26 39
20 40
7 41
39 42
16 43
21 44
5 45
10 46
24 47
36 48
22 49
40 50
11 51
48 52
14 53
8 54
42 55
12 56
14 57
11 58
46 59
17 60
15 61
14 62
59 63
16 64
51 65
51 66
24 67
65 68
25 69
33 70
12 71
63 72
67 73
37 74
42 75
37 76
8 77
52 78
64 79
61 80
10 81
39 82
58 83
32 84
23 85
66 86
73 87
65 88
66 89
23 90
86 91
68 92
67 93
4 94
18 95
54 96
95 97
51 98
36 99
87 100
85 101
60 102
7 103
54 104
7 105
95 106
36 107
91 108
60 109
30 110
53 111
99 112
80 113
72 114
100 115
62 116
81 117
5 118
31 119
108 120
50 121
18 122
86 123
84 124
101 125
27 126
35 127
38 128
96 129
84 130
103 131
113 132
55 133
105 134
58 135
59 136
129 137
75 138
10 139
11 140
66 141
71 142
47 143
132 144
63 145
22 146
102 147
9 148
37 149
111 150
111 151
35 152
131 153
120 154
99 155
52 156
105 157
57 158
65 159
82 160
125 161
112 162
101 163
149 164
118 165
137 166
76 167
147 168
149 169
135 170
14 171
8 172
80 173
75 174
102 175
44 176
62 177
63 178
118 179
100 180
61 181
146 182
99 183
130 184
150 185
26 186
78 187
108 188
53 189
182 190
186 191
171 192
141 193
77 194
48 195
31 196
116 197
6 198
62 199
62 200
180 201
143 202
35 203
79 204
190 205
117 206
95 207
94 208
55 209
194 210
147 211
129 212
43 213
198 214
16 215
33 216
158 217
204 218
209 219
128 220
28 221
194 222
170 223
3 224
17 225
72 226
98 227
133 228
134 229
165 230
89 231
201 232
191 233
166 234
110 235
18 236
36 237
142 238
153 239
237 240
65 241
70 242
126 243
204 244
193 245
90 246
84 247
138 248
240 249
185 250
15 251
50 252
191 253
154 254
4 255
149 256
79 257
45 258
190 259
218 260
180 261
183 262
72 263
226 264
25 265
26 266
252 267
179 268
28 269
212 270
18 271
127 272
222 273
254 274
261 275
21 276
274 277
262 278
71 279
201 280
78 281
206 282
79 283
53 284
101 285
8 286
226 287
163 288
122 289
44 290
72 291
205 292
96 293
175 294
103 295
188 296
99 297
6 298
45 299
51 300
130 301
64 302
300 303
139 304
92 305
184 306
297 307
148 308
46 309
67 310
307 311
110 312
2 313
3 314
84 315
114 316
82 317
162 318
86 319
154 320
51 321
249 322
244 323
225 324
284 325
74 326
71 327
16 328
245 329
208 330
36 331
247 332
298 333
118 334
218 335
220 336
77 337
124 338
165 339
311 340
88 341
111 342
190 343
80 344
242 345
20 346
45 347
66 348
170 349
92 350
212 351
123 352
58 353
335 354
34 355
118 356
36 357
146 358
61 359
121 360
126 361
96 362
14 363
256 364
253 365
222 366
313 367
62 368
122 369
266 370
41 371
14 372
328 373
335 374
222 375
60 376
5 377
299 378
123 379
191 380
193 381
63 382
55 383
361 384
305 385
350 386
78 387
125 388
349 389
132 390
352 391
57 392
367 393
230 394
335 395
233 396
291 397
143 398
383 399
222 400
84 401
328 402
145 403
7 404
377 405
72 406
402 407
93 408
48 409
170 410
389 411
55 412
76 413
72 414
219 415
237 416
249 417
305 418
355 419
267 420
45 421
173 422
135 423
45 424
264 425
170 426
62 427
78 428
48 429
406 430
383 431
250 432
41 433
58 434
91 435
238 436
405 437
362 438
356 439
284 440
44 441
395 442
60 443
361 444
403 445
146 446
376 447
354 448
7 449
365 450
211 451
399 452
349 453
99 454
168 455
114 456
10 457
298 458
328 459
103 460
2 461
217 462
246 463
59 464
383 465
454 466
104 467
151 468
451 469
300 470
207 471
321 472
438 473
435 474
20 475
435 476
172 477
48 478
82 479
184 480
146 481
239 482
3 483
269 484
131 485
231 486
312 487
188 488
475 489
348 490
140 491
67 492
388 493
346 494
89 495
396 496
439 497
339 498
62 499
295 500
331 501
324 502
367 503
339 504
136 505
293 506
88 507
174 508
312 509
9 510
480 511
60 512
14 513
489 514
445 515
277 516
153 517
167 518
166 519
354 520
230 521
92 522
365 523
224 524
67 525
320 526
164 527
92 528
298 529
213 530
345 531
529 532
368 533
71 534
191 535
472 536
165 537
57 538
140 539
307 540
94 541
421 542
105 543
518 544
14 545
437 546
253 547
323 548
127 549
347 550
360 551
130 552
139 553
226 554
545 555
372 556
284 557
130 558
229 559
106 560
387 561
359 562
492 563
20 564
94 565
522 566
488 567
288 568
10 569
159 570
101 571
43 572
146 573
169 574
279 575
55 576
23 577
151 578
35 579
199 580
50 581
259 582
179 583
67 584
301 585
103 586
14 587
260 588
458 589
315 590
232 591
454 592
356 593
111 594
531 595
362 596
362 597
542 598
182 599
101 600
272 601
241 602
101 603
187 604
344 605
33 606
115 607
546 608
205 609
371 610
506 611
7 612
317 613
359 614
51 615
356 616
37 617
472 618
617 619
223 620
408 621
389 622
369 623
57 624
97 625
483 626
304 627
470 628
158 629
356 630
346 631
288 632
168 633
185 634
628 635
108 636
459 637
15 638
517 639
514 640
488 641
195 642
35 643
283 644
95 645
136 646
106 647
545 648
308 649
410 650
171 651
587 652
164 653
168 654
467 655
271 656
193 657
74 658
356 659
588 660
64 661
396 662
52 663
43 664
570 665
335 666
253 667
594 668
658 669
62 670
73 671
24 672
171 673
475 674
95 675
160 676
556 677
173 678
657 679
473 680
188 681
72 682
203 683
78 684
108 685
578 686
301 687
144 688
610 689
561 690
268 691
392 692
468 693
498 694
279 695
1 696
574 697
495 698
463 699
353 700
385 701
390 702
200 703
445 704
234 705
609 706
492 707
199 708
573 709
643 710
409 711
471 712
330 713
176 714
207 715
318 716
496 717
283 718
51 719
213 720
243 721
594 722
621 723
153 724
433 725
715 726
712 727
500 728
32 729
126 730
696 731
637 732
419 733
408 734
196 735
452 736
720 737
39 738
198 739
457 740
487 741
259 742
498 743
424 744
709 745
636 746
22 747
730 748
263 749
443 750
387 751
710 752
427 753
498 754
337 755
404 756
601 757
380 758
411 759
419 760
520 761
694 762
627 763
443 764
762 765
320 766
287 767
373 768
17 769
319 770
383 771
23 772
388 773
497 774
133 775
110 776
724 777
694 778
616 779
294 780
139 781
233 782
696 783
378 784
403 785
407 786
710 787
386 788
299 789
607 790
305 791
143 792
635 793
793 794
761 795
365 796
117 797
345 798
238 799
633 800
114 801
131 802
583 803
184 804
575 805
313 806
485 807
705 808
314 809
373 810
645 811
447 812
221 813
100 814
37 815
696 816
245 817
320 818
276 819
806 820
688 821
172 822
718 823
623 824
330 825
771 826
343 827
438 828
792 829
21 830
673 831
185 832
521 833
404 834
567 835
447 836
115 837
331 838
721 839
744 840
608 841
678 842
660 843
424 844
238 845
169 846
783 847
306 848
151 849
98 850
161 851
577 852
289 853
375 854
135 855
6 856
36 857
853 858
748 859
55 860
82 861
199 862
341 863
542 864
82 865
396 866
9 867
453 868
188 869
861 870
37 871
550 872
566 873
608 874
116 875
759 876
756 877
159 878
94 879
395 880
495 881
393 882
429 883
702 884
689 885
647 886
478 887
255 888
90 889
599 890
692 891
110 892
734 893
440 894
707 895
393 896
737 897
821 898
885 899
815 900
375 901
229 902
301 903
238 904
46 905
324 906
605 907
540 908
197 909
315 910
471 911
429 912
795 913
433 914
353 915
703 916
691 917
844 918
224 919
403 920
412 921
482 922
21 923
522 924
377 925
665 926
660 927
579 928
247 929
486 930
49 931
80 932
173 933
602 934
446 935
830 936
526 937
105 938
59 939
264 940
925 941
270 942
533 943
719 944
219 945
851 946
339 947
439 948
559 949
604 950
564 951
427 952
531 953
273 954
189 955
207 956
950 957
941 958
805 959
504 960
59 961
403 962
406 963
379 964
165 965
435 966
2 967
60 968
402 969
870 970
910 971
478 972
209 973
719 974
101 975
910 976
318 977
752 978
598 979
224 980
195 981
751 982
696 983
32 984
69 985
701 986
615 987
521 988
849 989
59 990
410 991
360 992
468 993
386 994
951 995
684 996
862 997
680 998
775 999
270 1000
180 1001
267 1002
108 1003
605 1004
512 1005
975 1006
729 1007
653 1008
751 1009
369 1010
26 1011
820 1012
666 1013
975 1014
575 1015
109 1016
744 1017
73 1018
732 1019
966 1020
900 1021
591 1022
920 1023
231 1024
621 1025
893 1026
424 1027
80 1028
410 1029
108 1030
551 1031
907 1032
420 1033
295 1034
962 1035
795 1036
602 1037
77 1038
514 1039
208 1040
207 1041
526 1042
883 1043
641 1044
299 1045
433 1046
174 1047
356 1048
267 1049
906 1050
366 1051
186 1052
176 1053
755 1054
305 1055
479 1056
566 1057
596 1058
90 1059
502 1060
916 1061
606 1062
585 1063
536 1064
641 1065
981 1066
859 1067
818 1068
271 1069
170 1070
383 1071
19 1072
814 1073
242 1074
342 1075
602 1076
563 1077
321 1078
456 1079
428 1080
736 1081
322 1082
291 1083
407 1084
8 1085
276 1086
674 1087
617 1088
957 1089
244 1090
255 1091
259 1092
582 1093
854 1094
897 1095
535 1096
427 1097
873 1098
347 1099
1049 1100
969 1101
439 1102
489 1103
619 1104
682 1105
580 1106
541 1107
1068 1108
577 1109
42 1110
112 1111
438 1112
452 1113
557 1114
629 1115
530 1116
35 1117
552 1118
126 1119
562 1120
663 1121
1100 1122
533 1123
358 1124
762 1125
917 1126
61 1127
723 1128
336 1129
398 1130
966 1131
1069 1132
557 1133
924 1134
47 1135
226 1136
323 1137
968 1138
565 1139
730 1140
307 1141
1080 1142
723 1143
848 1144
809 1145
320 1146
453 1147
713 1148
684 1149
884 1150
896 1151
1019 1152
786 1153
792 1154
758 1155
549 1156
231 1157
242 1158
561 1159
187 1160
691 1161
90 1162
220 1163
102 1164
741 1165
39 1166
411 1167
551 1168
608 1169
61 1170
604 1171
832 1172
361 1173
768 1174
265 1175
1065 1176
65 1177
423 1178
452 1179
220 1180
254 1181
632 1182
443 1183
678 1184
1116 1185
108 1186
872 1187
1127 1188
297 1189
409 1190
197 1191
662 1192
585 1193
737 1194
410 1195
1129 1196
1016 1197
664 1198
654 1199
1169 1200
862 1201
127 1202
937 1203
1022 1204
715 1205
1091 1206
1006 1207
753 1208
1 1209
32 1210
655 1211
172 1212
839 1213
627 1214
56 1215
592 1216
772 1217
92 1218
526 1219
5 1220
721 1221
1161 1222
999 1223
49 1224
141 1225
1096 1226
1215 1227
395 1228
808 1229
654 1230
940 1231
418 1232
291 1233
297 1234
1118 1235
690 1236
725 1237
74 1238
230 1239
428 1240
791 1241
28 1242
505 1243
700 1244
138 1245
1062 1246
396 1247
698 1248
1225 1249
407 1250
256 1251
336 1252
258 1253
573 1254
763 1255
839 1256
853 1257
864 1258
393 1259
360 1260
175 1261
250 1262
1154 1263
193 1264
454 1265
84 1266
156 1267
158 1268
792 1269
437 1270
693 1271
1070 1272
686 1273
341 1274
194 1275
361 1276
1186 1277
930 1278
943 1279
394 1280
750 1281
738 1282
985 1283
1108 1284
679 1285
951 1286
68 1287
1003 1288
135 1289
583 1290
1045 1291
1107 1292
153 1293
107 1294
582 1295
641 1296
567 1297
763 1298
363 1299
110 1300
966 1301
703 1302
1001 1303
51 1304
886 1305
787 1306
986 1307
108 1308
1054 1309
752 1310
1162 1311
203 1312
23 1313
1116 1314
1239 1315
513 1316
869 1317
68 1318
814 1319
797 1320
767 1321
1277 1322
1204 1323
829 1324
906 1325
1260 1326
1107 1327
382 1328
741 1329
1093 1330
320 1331
1184 1332
424 1333
579 1334
559 1335
344 1336
1200 1337
462 1338
7 1339
638 1340
931 1341
491 1342
711 1343
701 1344
256 1345
1083 1346
200 1347
1341 1348
1076 1349
1119 1350
516 1351
356 1352
866 1353
833 1354
493 1355
644 1356
833 1357
59 1358
345 1359
656 1360
886 1361
1040 1362
888 1363
138 1364
648 1365
1251 1366
940 1367
462 1368
341 1369
933 1370
597 1371
816 1372
1190 1373
722 1374
297 1375
113 1376
165 1377
155 1378
863 1379
982 1380
722 1381
700 1382
1342 1383
680 1384
311 1385
1120 1386
372 1387
1133 1388
429 1389
120 1390
1070 1391
804 1392
1029 1393
1103 1394
173 1395
69 1396
716 1397
606 1398
1256 1399
374 1400
1154 1401
466 1402
685 1403
662 1404
992 1405
111 1406
986 1407
473 1408
899 1409
217 1410
342 1411
1321 1412
1066 1413
1103 1414
891 1415
393 1416
334 1417
95 1418
858 1419
586 1420
989 1421
446 1422
1113 1423
391 1424
1326 1425
172 1426
218 1427
1302 1428
882 1429
499 1430
175 1431
834 1432
363 1433
954 1434
696 1435
681 1436
423 1437
542 1438
1217 1439
522 1440
728 1441
37 1442
1399 1443
237 1444
485 1445
1198 1446
1132 1447
1441 1448
347 1449
752 1450
1102 1451
137 1452
1307 1453
1440 1454
4 1455
343 1456
515 1457
388 1458
1315 1459
657 1460
1046 1461
1267 1462
463 1463
1374 1464
1212 1465
570 1466
183 1467
1101 1468
775 1469
1140 1470
884 1471
579 1472
1354 1473
629 1474
1301 1475
571 1476
621 1477
211 1478
99 1479
1192 1480
54 1481
146 1482
54 1483
917 1484
1410 1485
1471 1486
653 1487
742 1488
171 1489
971 1490
1466 1491
756 1492
970 1493
974 1494
634 1495
291 1496
1381 1497
457 1498
1440 1499
648 1500
562 1501
1171 1502
829 1503
175 1504
76 1505
143 1506
971 1507
1365 1508
292 1509
662 1510
1044 1511
807 1512
46 1513
89 1514
1007 1515
892 1516
1135 1517
1086 1518
816 1519
1366 1520
889 1521
273 1522
1368 1523
1412 1524
1143 1525
325 1526
440 1527
259 1528
1247 1529
470 1530
806 1531
720 1532
928 1533
329 1534
554 1535
1103 1536
1351 1537
1377 1538
1487 1539
1435 1540
172 1541
654 1542
416 1543
676 1544
850 1545
358 1546
76 1547
112 1548
364 1549
657 1550
767 1551
1265 1552
882 1553
1295 1554
533 1555
506 1556
1193 1557
1474 1558
1306 1559
1009 1560
695 1561
862 1562
405 1563
916 1564
1117 1565
1360 1566
1008 1567
220 1568
695 1569
1152 1570
1566 1571
1553 1572
758 1573
134 1574
1085 1575
1478 1576
1522 1577
1239 1578
1466 1579
447 1580
1140 1581
802 1582
1123 1583
439 1584
1296 1585
573 1586
874 1587
1488 1588
43 1589
1253 1590
1303 1591
1063 1592
446 1593
1188 1594
243 1595
363 1596
1538 1597
441 1598
170 1599
265 1600
217 1601
345 1602
380 1603
731 1604
1307 1605
291 1606
1132 1607
575 1608
1446 1609
791 1610
950 1611
1153 1612
1161 1613
454 1614
772 1615
1434 1616
663 1617
19 1618
589 1619
1274 1620
1530 1621
1363 1622
751 1623
1621 1624
293 1625
1539 1626
33 1627
564 1628
1526 1629
1498 1630
536 1631
352 1632
1353 1633
111 1634
1213 1635
500 1636
1341 1637
1416 1638
810 1639
292 1640
73 1641
816 1642
266 1643
676 1644
1034 1645
1211 1646
907 1647
696 1648
98 1649
197 1650
527 1651
1504 1652
858 1653
796 1654
1004 1655
1203 1656
496 1657
826 1658
371 1659
387 1660
1542 1661
174 1662
991 1663
1651 1664
1383 1665
35 1666
1067 1667
1651 1668
567 1669
746 1670
67 1671
567 1672
238 1673
1285 1674
1043 1675
1437 1676
951 1677
1481 1678
957 1679
1302 1680
1055 1681
1177 1682
927 1683
1343 1684
776 1685
940 1686
727 1687
379 1688
651 1689
108 1690
316 1691
259 1692
216 1693
53 1694
1632 1695
368 1696
774 1697
628 1698
166 1699
641 1700
169 1701
60 1702
329 1703
1505 1704
1116 1705
162 1706
1390 1707
354 1708
290 1709
324 1710
1548 1711
781 1712
1542 1713
1639 1714
1088 1715
841 1716
680 1717
1656 1718
985 1719
955 1720
1572 1721
381 1722
1214 1723
877 1724
819 1725
519 1726
1290 1727
120 1728
663 1729
619 1730
1187 1731
699 1732
948 1733
237 1734
1322 1735
1081 1736
1190 1737
501 1738
919 1739
122 1740
1124 1741
891 1742
1252 1743
1090 1744
1623 1745
1186 1746
272 1747
778 1748
1167 1749
591 1750
1264 1751
1582 1752
960 1753
889 1754
1270 1755
399 1756
1228 1757
934 1758
1083 1759
986 1760
1134 1761
96 1762
41 1763
333 1764
1717 1765
1416 1766
1590 1767
819 1768
1681 1769
1708 1770
353 1771
1508 1772
1556 1773
943 1774
1625 1775
1414 1776
1623 1777
334 1778
1774 1779
252 1780
997 1781
333 1782
1180 1783
380 1784
1450 1785
1722 1786
1022 1787
503 1788
1388 1789
249 1790
722 1791
582 1792
1608 1793
686 1794
357 1795
964 1796
1080 1797
1511 1798
621 1799
871 1800
431 1801
602 1802
1565 1803
593 1804
390 1805
1547 1806
120 1807
847 1808
360 1809
177 1810
1124 1811
361 1812
1582 1813
1637 1814
1753 1815
1783 1816
1161 1817
1453 1818
863 1819
1369 1820
10 1821
206 1822
966 1823
266 1824
109 1825
1347 1826
65 1827
60 1828
1440 1829
1555 1830
755 1831
1204 1832
1751 1833
1561 1834
96 1835
889 1836
294 1837
728 1838
1706 1839
1005 1840
1579 1841
926 1842
1090 1843
1424 1844
1405 1845
1424 1846
526 1847
1459 1848
1525 1849
34 1850
941 1851
1190 1852
756 1853
1256 1854
1536 1855
751 1856
936 1857
879 1858
1642 1859
9 1860
113 1861
4 1862
919 1863
1556 1864
1827 1865
77 1866
326 1867
1252 1868
1532 1869
604 1870
1206 1871
1167 1872
231 1873
605 1874
129 1875
1180 1876
406 1877
1142 1878
1137 1879
1505 1880
784 1881
742 1882
1061 1883
567 1884
1493 1885
1170 1886
1718 1887
999 1888
604 1889
564 1890
2 1891
1356 1892
132 1893
476 1894
986 1895
1463 1896
1291 1897
1323 1898
195 1899
1307 1900
1383 1901
701 1902
1022 1903
1005 1904
1176 1905
45 1906
1088 1907
328 1908
1580 1909
501 1910
133 1911
1587 1912
1111 1913
1913 1914
1197 1915
1472 1916
1152 1917
1480 1918
1059 1919
751 1920
1035 1921
8 1922
1381 1923
1670 1924
753 1925
1221 1926
1586 1927
1567 1928
11 1929
1921 1930
1644 1931
1332 1932
897 1933
679 1934
703 1935
1549 1936
1725 1937
1722 1938
1420 1939
1932 1940
1162 1941
1768 1942
441 1943
969 1944
1105 1945
1900 1946
1857 1947
1570 1948
1054 1949
1411 1950
123 1951
841 1952
72 1953
1666 1954
1876 1955
1652 1956
787 1957
893 1958
93 1959
1467 1960
1640 1961
1136 1962
520 1963
74 1964
503 1965
1331 1966
1871 1967
207 1968
1771 1969
597 1970
1727 1971
824 1972
955 1973
535 1974
671 1975
754 1976
1229 1977
204 1978
236 1979
1603 1980
1652 1981
1691 1982
833 1983
508 1984
753 1985
1521 1986
678 1987
136 1988
376 1989
112 1990
1050 1991
1219 1992
1753 1993
664 1994
1340 1995
1809 1996
311 1997
1716 1998
1570 1999
357 2000
776 2001
1931 2002
1634 2003
5 2004
74 2005
586 2006
1032 2007
640 2008
499 2009
1025 2010
1933 2011
681 2012
660 2013
708 2014
1399 2015
483 2016
2004 2017
1853 2018
1498 2019
144 2020
1367 2021
1312 2022
1697 2023
978 2024
1412 2025
1800 2026
1091 2027
1139 2028
1317 2029
1072 2030
277 2031
2012 2032
342 2033
826 2034
947 2035
501 2036
1207 2037
1816 2038
1546 2039
110 2040
1856 2041
1673 2042
1435 2043
1312 2044
571 2045
669 2046
415 2047
745 2048
1719 2049
657 2050
1120 2051
1122 2052
653 2053
639 2054
1044 2055
502 2056
1324 2057
1690 2058
414 2059
86 2060
28 2061
1725 2062
891 2063
102 2064
557 2065
1933 2066
1491 2067
1423 2068
372 2069
1828 2070
31 2071
516 2072
1036 2073
514 2074
1778 2075
1236 2076
1308 2077
1184 2078
769 2079
167 2080
975 2081
1602 2082
126 2083
1021 2084
947 2085
1698 2086
1771 2087
2012 2088
1197 2089
137 2090
1198 2091
1701 2092
1702 2093
2046 2094
1402 2095
1952 2096
344 2097
265 2098
377 2099
5 2100
1434 2101
186 2102
1721 2103
1779 2104
784 2105
145 2106
191 2107
388 2108
948 2109
483 2110
719 2111
2079 2112
1668 2113
1868 2114
97 2115
1714 2116
1301 2117
734 2118
502 2119
230 2120
1420 2121
2088 2122
1088 2123
1262 2124
2042 2125
219 2126
1836 2127
1959 2128
725 2129
1918 2130
488 2131
1496 2132
200 2133
440 2134
729 2135
1127 2136
390 2137
1797 2138
41 2139
247 2140
399 2141
1061 2142
752 2143
121 2144
55 2145
891 2146
2035 2147
5 2148
945 2149
1565 2150
1600 2151
892 2152
1083 2153
2137 2154
75 2155
975 2156
1484 2157
1571 2158
353 2159
1505 2160
451 2161
705 2162
64 2163
10 2164
1496 2165
912 2166
99 2167
1165 2168
308 2169
1166 2170
362 2171
832 2172
131 2173
578 2174
2160 2175
818 2176
500 2177
2168 2178
625 2179
178 2180
1051 2181
612 2182
2112 2183
1689 2184
4 2185
1963 2186
1185 2187
739 2188
2066 2189
309 2190
1244 2191
817 2192
1263 2193
85 2194
1690 2195
334 2196
435 2197
658 2198
291 2199
2104 2200
1472 2201
1583 2202
701 2203
1349 2204
1414 2205
1389 2206
647 2207
492 2208
1846 2209
1540 2210
990 2211
1227 2212
969 2213
821 2214
1494 2215
946 2216
910 2217
353 2218
1462 2219
1485 2220
310 2221
1265 2222
1720 2223
101 2224
896 2225
1534 2226
519 2227
471 2228
958 2229
109 2230
1395 2231
1526 2232
323 2233
975 2234
1876 2235
1646 2236
1452 2237
2147 2238
2142 2239
1182 2240
1499 2241
1668 2242
1305 2243
152 2244
1878 2245
1576 2246
870 2247
273 2248
404 2249
199 2250
1439 2251
1874 2252
2116 2253
2027 2254
1216 2255
1675 2256
1626 2257
898 2258
1820 2259
2099 2260
364 2261
1715 2262
149 2263
135 2264
1602 2265
1708 2266
1074 2267
618 2268
515 2269
1738 2270
1832 2271
413 2272
1602 2273
673 2274
1932 2275
259 2276
1132 2277
1085 2278
1153 2279
811 2280
2039 2281
1858 2282
1541 2283
1197 2284
853 2285
1621 2286
965 2287
1877 2288
285 2289
85 2290
753 2291
1975 2292
773 2293
538 2294
1102 2295
1025 2296
78 2297
2125 2298
1832 2299
558 2300
787 2301
1371 2302
1383 2303
662 2304
958 2305
743 2306
741 2307
1939 2308
756 2309
1128 2310
2003 2311
1905 2312
2151 2313
773 2314
346 2315
2015 2316
600 2317
960 2318
1715 2319
1174 2320
1370 2321
2106 2322
1503 2323
1343 2324
2253 2325
657 2326
1673 2327
140 2328
425 2329
1716 2330
1557 2331
389 2332
924 2333
1873 2334
384 2335
2335 2336
2160 2337
1406 2338
150 2339
953 2340
1376 2341
1215 2342
2101 2343
2161 2344
1921 2345
1093 2346
1916 2347
909 2348
1312 2349
1330 2350
1369 2351
1917 2352
735 2353
1226 2354
2308 2355
1896 2356
1497 2357
937 2358
662 2359
1754 2360
1262 2361
2309 2362
189 2363
1270 2364
2131 2365
285 2366
844 2367
388 2368
1160 2369
1621 2370
1967 2371
57 2372
2276 2373
304 2374
2023 2375
2004 2376
1254 2377
206 2378
2338 2379
1652 2380
21 2381
716 2382
813 2383
496 2384
1269 2385
1343 2386
526 2387
2328 2388
2078 2389
1974 2390
1119 2391
1171 2392
2377 2393
167 2394
2057 2395
387 2396
1846 2397
1803 2398
45 2399
735 2400
632 2401
2309 2402
2375 2403
829 2404
1356 2405
2226 2406
189 2407
757 2408
835 2409
2341 2410
2388 2411
989 2412
2410 2413
1792 2414
2089 2415
829 2416
2181 2417
1796 2418
315 2419
1832 2420
948 2421
1066 2422
1752 2423
1860 2424
322 2425
1065 2426
1885 2427
966 2428
1920 2429
1675 2430
815 2431
1722 2432
1701 2433
184 2434
980 2435
222 2436
636 2437
1086 2438
908 2439
1974 2440
38 2441
2327 2442
990 2443
1515 2444
367 2445
2149 2446
108 2447
359 2448
1368 2449
1485 2450
1342 2451
1485 2452
1477 2453
606 2454
1994 2455
1087 2456
1482 2457
2023 2458
995 2459
1695 2460
19 2461
1397 2462
2054 2463
2283 2464
1416 2465
2208 2466
1075 2467
311 2468
2292 2469
1917 2470
462 2471
1587 2472
2394 2473
1510 2474
1826 2475
721 2476
1416 2477
1449 2478
425 2479
1841 2480
502 2481
2237 2482
2325 2483
1144 2484
19 2485
1870 2486
155 2487
1114 2488
2254 2489
1178 2490
1227 2491
896 2492
2121 2493
2453 2494
1573 2495
2168 2496
1891 2497
2211 2498
1446 2499
1520 2500
1687 2501
4 2502
1174 2503
1009 2504
1358 2505
2026 2506
1019 2507
1270 2508
406 2509
934 2510
2207 2511
358 2512
1051 2513
1379 2514
2360 2515
1120 2516
188 2517
1435 2518
278 2519
326 2520
770 2521
107 2522
909 2523
231 2524
176 2525
2456 2526
1626 2527
674 2528
930 2529
441 2530
43 2531
77 2532
604 2533
1101 2534
1768 2535
117 2536
1587 2537
671 2538
836 2539
357 2540
1971 2541
2025 2542
498 2543
110 2544
597 2545
1907 2546
2157 2547
2046 2548
2545 2549
1818 2550
884 2551
1718 2552
716 2553
272 2554
1329 2555
1685 2556
81 2557
2484 2558
2166 2559
1473 2560
1256 2561
1392 2562
149 2563
1586 2564
2340 2565
1093 2566
2425 2567
590 2568
1031 2569
2404 2570
629 2571
1018 2572
1736 2573
1822 2574
1473 2575
762 2576
2064 2577
1635 2578
976 2579
473 2580
1285 2581
2177 2582
1067 2583
1551 2584
779 2585
518 2586
525 2587
979 2588
1124 2589
495 2590
2267 2591
2406 2592
767 2593
1683 2594
1881 2595
1180 2596
968 2597
1036 2598
2115 2599
168 2600
813 2601
273 2602
1803 2603
2279 2604
2035 2605
2471 2606
2130 2607
2370 2608
915 2609
1890 2610
2456 2611
136 2612
1093 2613
442 2614
94 2615
2401 2616
1758 2617
1109 2618
1073 2619
212 2620
2064 2621
2324 2622
2107 2623
1951 2624
1802 2625
2581 2626
1336 2627
2079 2628
2489 2629
2595 2630
297 2631
1351 2632
210 2633
13 2634
2225 2635
2549 2636
1077 2637
424 2638
754 2639
1531 2640
363 2641
417 2642
426 2643
1068 2644
2553 2645
1488 2646
1721 2647
79 2648
487 2649
604 2650
2455 2651
1632 2652
1173 2653
873 2654
2512 2655
115 2656
1095 2657
1244 2658
1368 2659
2643 2660
905 2661
2415 2662
905 2663
1249 2664
2241 2665
2498 2666
1913 2667
1191 2668
1404 2669
248 2670
1487 2671
546 2672
1689 2673
2515 2674
726 2675
637 2676
1938 2677
917 2678
459 2679
2660 2680
808 2681
1496 2682
1670 2683
2585 2684
2314 2685
1811 2686
1137 2687
2295 2688
1803 2689
301 2690
981 2691
2385 2692
1336 2693
872 2694
2046 2695
1494 2696
867 2697
2307 2698
358 2699
340 2700
1131 2701
1472 2702
2057 2703
1949 2704
90 2705
1858 2706
1535 2707
182 2708
2079 2709
1499 2710
1080 2711
1585 2712
58 2713
623 2714
17 2715
2538 2716
2351 2717
1666 2718
191 2719
1607 2720
695 2721
1266 2722
973 2723
598 2724
1634 2725
1565 2726
2083 2727
909 2728
867 2729
2416 2730
1910 2731
475 2732
753 2733
391 2734
1587 2735
2183 2736
570 2737
2486 2738
1193 2739
1107 2740
1285 2741
206 2742
2034 2743
249 2744
1452 2745
2283 2746
2626 2747
922 2748
87 2749
655 2750
542 2751
2576 2752
721 2753
374 2754
1373 2755
1005 2756
702 2757
1345 2758
908 2759
2441 2760
1803 2761
2749 2762
1140 2763
1928 2764
301 2765
366 2766
2225 2767
1641 2768
2510 2769
383 2770
1029 2771
2149 2772
1062 2773
209 2774
2739 2775
1957 2776
1476 2777
614 2778
361 2779
2253 2780
1112 2781
1858 2782
263 2783
624 2784
2031 2785
952 2786
2634 2787
872 2788
460 2789
303 2790
337 2791
641 2792
1301 2793
611 2794
67 2795
139 2796
2424 2797
1462 2798
2403 2799
2549 2800
2656 2801
1492 2802
2748 2803
171 2804
2518 2805
152 2806
1304 2807
265 2808
145 2809
1100 2810
1589 2811
2186 2812
2340 2813
477 2814
1297 2815
186 2816
1219 2817
1389 2818
541 2819
1152 2820
1965 2821
1005 2822
467 2823
2503 2824
744 2825
269 2826
2557 2827
299 2828
1698 2829
1243 2830
1326 2831
948 2832
1998 2833
2508 2834
2758 2835
1602 2836
836 2837
2814 2838
1810 2839
1094 2840
2367 2841
1597 2842
574 2843
2503 2844
1773 2845
516 2846
660 2847
633 2848
2341 2849
965 2850
252 2851
2154 2852
2425 2853
2803 2854
1093 2855
503 2856
1562 2857
2723 2858
890 2859
1442 2860
1284 2861
2125 2862
908 2863
26 2864
1840 2865
892 2866
1665 2867
1543 2868
1089 2869
813 2870
248 2871
12 2872
1497 2873
33 2874
2015 2875
1655 2876
55 2877
53 2878
2564 2879
690 2880
2134 2881
1547 2882
2310 2883
1524 2884
420 2885
605 2886
1260 2887
2791 2888
1287 2889
1404 2890
134 2891
2438 2892
2245 2893
2178 2894
563 2895
1039 2896
1628 2897
1594 2898
1470 2899
1570 2900
2038 2901
2409 2902
2196 2903
250 2904
145 2905
2339 2906
1021 2907
437 2908
971 2909
1887 2910
1169 2911
1866 2912
55 2913
1520 2914
1029 2915
192 2916
2351 2917
1542 2918
1935 2919
55 2920
2808 2921
407 2922
812 2923
898 2924
1607 2925
2415 2926
451 2927
775 2928
2570 2929
214 2930
1259 2931
1009 2932
2528 2933
2418 2934
880 2935
1911 2936
2344 2937
1320 2938
384 2939
669 2940
1590 2941
2804 2942
2590 2943
2375 2944
1416 2945
748 2946
976 2947
1943 2948
1932 2949
247 2950
1770 2951
2367 2952
1257 2953
937 2954
1839 2955
1053 2956
795 2957
2301 2958
1763 2959
204 2960
261 2961
1851 2962
2045 2963
1700 2964
2311 2965
1666 2966
157 2967
527 2968
1182 2969
1844 2970
419 2971
1169 2972
2960 2973
1174 2974
2741 2975
336 2976
1338 2977
2504 2978
1270 2979
697 2980
2758 2981
1193 2982
806 2983
2677 2984
738 2985
666 2986
2433 2987
138 2988
1544 2989
2358 2990
1942 2991
2674 2992
2886 2993
2298 2994
2484 2995
1956 2996
1978 2997
2012 2998
133 2999
12 3000
1202 3001
2023 3002
1519 3003
1087 3004
1527 3005
1339 3006
2029 3007
2582 3008
1970 3009
1143 3010
1537 3011
1709 3012
785 3013
1549 3014
2072 3015
1765 3016
1986 3017
2585 3018
499 3019
746 3020
1812 3021
1898 3022
1666 3023
2688 3024
1798 3025
435 3026
1422 3027
1829 3028
2758 3029
1099 3030
2352 3031
40 3032
1578 3033
296 3034
2470 3035
95 3036
2224 3037
655 3038
1944 3039
1373 3040
1823 3041
1663 3042
185 3043
1018 3044
2478 3045
2963 3046
2216 3047
804 3048
1906 3049
1333 3050
1713 3051
2466 3052
2033 3053
2299 3054
2690 3055
2893 3056
2940 3057
1291 3058
715 3059
1776 3060
1757 3061
552 3062
1998 3063
549 3064
1114 3065
2356 3066
869 3067
538 3068
1463 3069
1101 3070
3046 3071
1023 3072
653 3073
1554 3074
1656 3075
1565 3076
2933 3077
2653 3078
2118 3079
342 3080
2223 3081
1858 3082
2990 3083
2310 3084
2505 3085
894 3086
2315 3087
1972 3088
616 3089
1448 3090
3033 3091
559 3092
1365 3093
2017 3094
2314 3095
641 3096
1278 3097
1727 3098
2947 3099
1566 3100
2826 3101
1009 3102
2588 3103
703 3104
1369 3105
1468 3106
222 3107
2244 3108
621 3109
1669 3110
1983 3111
2788 3112
1333 3113
1247 3114
2927 3115
1133 3116
813 3117
2599 3118
306 3119
680 3120
2472 3121
2679 3122
386 3123
424 3124
2696 3125
9 3126
22 3127
2694 3128
995 3129
519 3130
2763 3131
822 3132
253 3133
1632 3134
3061 3135
295 3136
1473 3137
1983 3138
1889 3139
2281 3140
619 3141
1814 3142
3128 3143
367 3144
1722 3145
1085 3146
1341 3147
2441 3148
1353 3149
592 3150
564 3151
2917 3152
296 3153
1316 3154
984 3155
3000 3156
459 3157
2641 3158
1150 3159
172 3160
21 3161
13 3162
2362 3163
143 3164
780 3165
2358 3166
2188 3167
297 3168
2024 3169
2387 3170
2861 3171
2032 3172
2622 3173
1594 3174
2318 3175
2001 3176
1312 3177
2128 3178
2737 3179
721 3180
2094 3181
331 3182
97 3183
3161 3184
2824 3185
572 3186
391 3187
3085 3188
1599 3189
2117 3190
1358 3191
2837 3192
1415 3193
1647 3194
572 3195
2669 3196
225 3197
1081 3198
2203 3199
1346 3200
2746 3201
2729 3202
303 3203
999 3204
2772 3205
533 3206
229 3207
779 3208
1402 3209
1212 3210
2282 3211
1279 3212
716 3213
670 3214
868 3215
2665 3216
137 3217
408 3218
484 3219
1995 3220
2078 3221
2137 3222
2357 3223
2547 3224
1606 3225
676 3226
1897 3227
2629 3228
1009 3229
2842 3230
2357 3231
2345 3232
695 3233
1229 3234
1497 3235
1973 3236
3200 3237
3182 3238
565 3239
195 3240
1919 3241
1800 3242
540 3243
1190 3244
1464 3245
13 3246
1153 3247
365 3248
2573 3249
789 3250
2641 3251
766 3252
2176 3253
3065 3254
606 3255
2241 3256
1927 3257
77 3258
1401 3259
385 3260
1778 3261
2755 3262
972 3263
1119 3264
869 3265
1719 3266
590 3267
3015 3268
1834 3269
18 3270
878 3271
3134 3272
732 3273
292 3274
1042 3275
2590 3276
2003 3277
3116 3278
427 3279
1730 3280
1541 3281
2081 3282
2143 3283
593 3284
1930 3285
561 3286
2905 3287
2215 3288
2948 3289
1286 3290
2857 3291
2198 3292
108 3293
1988 3294
128 3295
3094 3296
2228 3297
2779 3298
1796 3299
368 3300
1941 3301
3244 3302
1050 3303
633 3304
526 3305
1402 3306
2682 3307
2625 3308
386 3309
1951 3310
442 3311
2569 3312
2452 3313
901 3314
2609 3315
390 3316
2808 3317
1666 3318
18 3319
2828 3320
2758 3321
94 3322
1200 3323
1420 3324
2679 3325
1891 3326
2598 3327
1060 3328
213 3329
1349 3330
2527 3331
2996 3332
2764 3333
2025 3334
3045 3335
3041 3336
348 3337
1775 3338
896 3339
180 3340
1871 3341
16 3342
2699 3343
1840 3344
2334 3345
2004 3346
2234 3347
333 3348
2110 3349
2501 3350
2154 3351
3208 3352
2952 3353
2791 3354
2393 3355
1081 3356
2017 3357
1200 3358
548 3359
2236 3360
1284 3361
1945 3362
2583 3363
2298 3364
145 3365
1662 3366
2232 3367
1939 3368
3225 3369
1339 3370
842 3371
1011 3372
2478 3373
999 3374
1072 3375
71 3376
1927 3377
474 3378
1229 3379
1279 3380
628 3381
2801 3382
1949 3383
435 3384
2587 3385
1369 3386
2344 3387
2789 3388
886 3389
2124 3390
105 3391
2063 3392
2297 3393
3173 3394
3199 3395
735 3396
3 3397
1675 3398
107 3399
3276 3400
1299 3401
418 3402
2521 3403
3250 3404
1864 3405
757 3406
1826 3407
819 3408
988 3409
2914 3410
1589 3411
1901 3412
1915 3413
1383 3414
592 3415
1196 3416
2657 3417
570 3418
2144 3419
1374 3420
2016 3421
2647 3422
2498 3423
1746 3424
338 3425
3252 3426
1080 3427
1652 3428
262 3429
2936 3430
2351 3431
2830 3432
2978 3433
1738 3434
2303 3435
1838 3436
2817 3437
1430 3438
2517 3439
2099 3440
405 3441
2742 3442
1532 3443
719 3444
2956 3445
1912 3446
1241 3447
2597 3448
1522 3449
2909 3450
422 3451
1203 3452
2249 3453
2233 3454
1948 3455
1508 3456
1867 3457
1034 3458
111 3459
155 3460
2833 3461
1931 3462
3214 3463
366 3464
706 3465
705 3466
1063 3467
1993 3468
3142 3469
2321 3470
289 3471
1348 3472
1327 3473
1678 3474
54 3475
2461 3476
2582 3477
3400 3478
2268 3479
2070 3480
2938 3481
2062 3482
4 3483
590 3484
2538 3485
1079 3486
3407 3487
2895 3488
2801 3489
433 3490
349 3491
2393 3492
3080 3493
1687 3494
122 3495
2544 3496
1898 3497
1210 3498
3357 3499
3398 3500
2604 3501
876 3502
2423 3503
2766 3504
2060 3505
999 3506
2788 3507
2299 3508
679 3509
1774 3510
2102 3511
192 3512
1556 3513
2293 3514
3379 3515
2315 3516
1697 3517
1126 3518
1238 3519
1000 3520
2627 3521
856 3522
737 3523
2527 3524
1577 3525
446 3526
1908 3527
2008 3528
1807 3529
1515 3530
3319 3531
1966 3532
1642 3533
1172 3534
2486 3535
716 3536
1523 3537
3296 3538
2012 3539
3514 3540
732 3541
2006 3542
1874 3543
1233 3544
1437 3545
2385 3546
2946 3547
3124 3548
1410 3549
2000 3550
3394 3551
1925 3552
156 3553
1039 3554
3170 3555
175 3556
196 3557
698 3558
2001 3559
3312 3560
2676 3561
254 3562
1972 3563
2349 3564
3517 3565
1236 3566
2876 3567
729 3568
3502 3569
2394 3570
1953 3571
2708 3572
287 3573
464 3574
3013 3575
1645 3576
724 3577
2904 3578
1028 3579
137 3580
3143 3581
1326 3582
2208 3583
875 3584
2584 3585
66 3586
2561 3587
1000 3588
1219 3589
3096 3590
2545 3591
411 3592
1319 3593
3343 3594
797 3595
1675 3596
46 3597
3151 3598
3412 3599
2990 3600
1521 3601
1799 3602
994 3603
1909 3604
1801 3605
3024 3606
3015 3607
270 3608
950 3609
1098 3610
849 3611
265 3612
2275 3613
640 3614
836 3615
3294 3616
1908 3617
879 3618
3070 3619
776 3620
183 3621
2889 3622
1944 3623
117 3624
186 3625
3016 3626
3410 3627
1477 3628
54 3629
591 3630
2480 3631
731 3632
383 3633
3504 3634
2204 3635
3490 3636
320 3637
2080 3638
1990 3639
2497 3640
2621 3641
846 3642
99 3643
3022 3644
3596 3645
594 3646
2099 3647
673 3648
370 3649
3550 3650
1220 3651
2121 3652
377 3653
1231 3654
3588 3655
3482 3656
3035 3657
2053 3658
2312 3659
3398 3660
3168 3661
114 3662
100 3663
3208 3664
3562 3665
3418 3666
816 3667
1045 3668
2053 3669
3173 3670
2971 3671
638 3672
1339 3673
2408 3674
1158 3675
563 3676
1303 3677
2383 3678
696 3679
2115 3680
2007 3681
3155 3682
116 3683
1828 3684
181 3685
618 3686
1931 3687
3607 3688
2021 3689
994 3690
1108 3691
2522 3692
1920 3693
760 3694
59 3695
3007 3696
2345 3697
2330 3698
188 3699
1605 3700
3381 3701
2576 3702
472 3703
2096 3704
226 3705
529 3706
2452 3707
678 3708
3567 3709
2392 3710
2054 3711
1665 3712
960 3713
1155 3714
1567 3715
2688 3716
1490 3717
125 3718
2981 3719
2846 3720
638 3721
2158 3722
3244 3723
1360 3724
1986 3725
942 3726
435 3727
739 3728
2760 3729
1384 3730
915 3731
2349 3732
1496 3733
1240 3734
226 3735
508 3736
2957 3737
452 3738
1618 3739
2611 3740
1763 3741
410 3742
3510 3743
2920 3744
1838 3745
1162 3746
3629 3747
767 3748
879 3749
1274 3750
1280 3751
14 3752
2261 3753
1966 3754
1345 3755
127 3756
325 3757
2851 3758
39 3759
2351 3760
485 3761
3613 3762
379 3763
3462 3764
390 3765
1417 3766
838 3767
215 3768
2338 3769
3508 3770
2001 3771
1635 3772
470 3773
1775 3774
3322 3775
3014 3776
228 3777
287 3778
2221 3779
1913 3780
2972 3781
2133 3782
588 3783
3352 3784
3667 3785
2031 3786
1875 3787
3349 3788
3714 3789
802 3790
3531 3791
433 3792
3608 3793
1327 3794
2142 3795
1835 3796
1488 3797
3258 3798
2127 3799
3651 3800
1778 3801
1082 3802
1781 3803
3303 3804
184 3805
3324 3806
3311 3807
3060 3808
2793 3809
3706 3810
427 3811
3606 3812
1471 3813
2199 3814
3299 3815
1765 3816
2949 3817
1510 3818
2624 3819
3701 3820
138 3821
734 3822
2157 3823
2917 3824
2099 3825
2340 3826
3312 3827
467 3828
1847 3829
1903 3830
1507 3831
3310 3832
2952 3833
2479 3834
2739 3835
2307 3836
946 3837
2717 3838
828 3839
1184 3840
618 3841
394 3842
3729 3843
1119 3844
3431 3845
2448 3846
2976 3847
2137 3848
2892 3849
797 3850
561 3851
1587 3852
3497 3853
2490 3854
3669 3855
2873 3856
186 3857
1267 3858
2048 3859
932 3860
1149 3861
1094 3862
82 3863
2013 3864
2763 3865
2416 3866
2761 3867
621 3868
1210 3869
3285 3870
1787 3871
3720 3872
269 3873
2180 3874
1878 3875
1317 3876
270 3877
1749 3878
3659 3879
3143 3880
3505 3881
2568 3882
2907 3883
658 3884
339 3885
707 3886
2652 3887
849 3888
217 3889
2502 3890
3850 3891
3579 3892
3370 3893
1130 3894
2854 3895
1095 3896
2566 3897
139 3898
3724 3899
3449 3900
1613 3901
2606 3902
544 3903
3440 3904
1365 3905
3554 3906
1069 3907
1212 3908
3621 3909
572 3910
3040 3911
3415 3912
2128 3913
2951 3914
435 3915
2130 3916
1070 3917
3275 3918
2317 3919
1575 3920
3133 3921
1982 3922
1346 3923
717 3924
2103 3925
3163 3926
1836 3927
291 3928
3844 3929
3715 3930
3792 3931
3869 3932
890 3933
2675 3934
2663 3935
3752 3936
179 3937
3328 3938
3914 3939
2107 3940
1641 3941
3267 3942
2887 3943
770 3944
3681 3945
1797 3946
2059 3947
3063 3948
1522 3949
2058 3950
415 3951
2981 3952
87 3953
2649 3954
2749 3955
1859 3956
713 3957
3870 3958
63 3959
3945 3960
158 3961
3892 3962
1963 3963
1507 3964
599 3965
238 3966
3390 3967
3187 3968
2223 3969
2285 3970
1707 3971
3088 3972
949 3973
2601 3974
1880 3975
2279 3976
3944 3977
506 3978
2948 3979
1780 3980
2102 3981
3524 3982
3605 3983
2371 3984
2394 3985
1684 3986
2548 3987
2708 3988
713 3989
2889 3990
252 3991
3208 3992
930 3993
1093 3994
3520 3995
2346 3996
110 3997
3269 3998
3904 3999
2722 4000
2798 4001
1003 4002
72 4003
1130 4004
3292 4005
2377 4006
2688 4007
2279 4008
671 4009
1370 4010
1682 4011
95 4012
2432 4013
3935 4014
3575 4015
1745 4016
1614 4017
81 4018
696 4019
1612 4020
774 4021
2083 4022
1746 4023
1487 4024
2110 4025
2685 4026
141 4027
3404 4028
511 4029
811 4030
358 4031
160 4032
2196 4033
981 4034
157 4035
580 4036
29 4037
2692 4038
17 4039
3120 4040
266 4041
1802 4042
1741 4043
536 4044
2662 4045
2190 4046
2321 4047
1146 4048
3163 4049
3593 4050
124 4051
3982 4052
767 4053
3146 4054
1033 4055
161 4056
527 4057
3238 4058
645 4059
3829 4060
1662 4061
988 4062
499 4063
1275 4064
17 4065
588 4066
2720 4067
264 4068
106 4069
3749 4070
1152 4071
2211 4072
3998 4073
2395 4074
825 4075
355 4076
2836 4077
2894 4078
2689 4079
2639 4080
1843 4081
422 4082
3581 4083
2785 4084
1476 4085
681 4086
3757 4087
1333 4088
1060 4089
3499 4090
2513 4091
505 4092
1065 4093
2527 4094
1659 4095
3249 4096
1542 4097
308 4098
3124 4099
350 4100
208 4101
1188 4102
223 4103
3630 4104
984 4105
1962 4106
1352 4107
2136 4108
1191 4109
731 4110
2969 4111
3442 4112
105 4113
3947 4114
3273 4115
743 4116
2590 4117
2699 4118
100 4119
614 4120
731 4121
1658 4122
1768 4123
3498 4124
538 4125
2162 4126
409 4127
3922 4128
1854 4129
2331 4130
856 4131
2864 4132
5 4133
1936 4134
1659 4135
4135 4136
1774 4137
3731 4138
169 4139
457 4140
3770 4141
3351 4142
3525 4143
3550 4144
3894 4145
3608 4146
1239 4147
2074 4148
3236 4149
303 4150
527 4151
832 4152
1662 4153
2272 4154
1116 4155
1948 4156
3330 4157
3902 4158
1829 4159
3552 4160
1973 4161
2670 4162
1874 4163
1547 4164
119 4165
1493 4166
1145 4167
149 4168
1154 4169
2507 4170
2606 4171
1051 4172
2316 4173
3075 4174
2088 4175
1794 4176
4164 4177
1891 4178
1265 4179
198 4180
703 4181
3911 4182
3758 4183
1303 4184
759 4185
1410 4186
298 4187
2651 4188
2757 4189
515 4190
67 4191
4161 4192
1026 4193
1450 4194
3584 4195
3414 4196
3954 4197
941 4198
3210 4199
817 4200
1077 4201
2029 4202
1074 4203
2775 4204
1229 4205
3286 4206
1106 4207
3994 4208
991 4209
2717 4210
448 4211
4010 4212
3468 4213
2447 4214
3695 4215
984 4216
3702 4217
4036 4218
1410 4219
1783 4220
1753 4221
1887 4222
2302 4223
3848 4224
283 4225
3694 4226
187 4227
4033 4228
772 4229
4078 4230
2910 4231
3527 4232
4063 4233
1172 4234
3836 4235
799 4236
2505 4237
4091 4238
665 4239
2315 4240
3591 4241
1125 4242
945 4243
1721 4244
3338 4245
459 4246
3725 4247
2154 4248
827 4249
2743 4250
2657 4251
788 4252
597 4253
3534 4254
2011 4255
941 4256
2091 4257
1940 4258
1241 4259
1055 4260
3294 4261
1799 4262
136 4263
3170 4264
2192 4265
3370 4266
961 4267
4194 4268
3010 4269
570 4270
4134 4271
2743 4272
3598 4273
2930 4274
2183 4275
1657 4276
3511 4277
1055 4278
434 4279
1855 4280
4019 4281
1916 4282
4228 4283
2482 4284
3090 4285
334 4286
4045 4287
3613 4288
1200 4289
1881 4290
3580 4291
1363 4292
3305 4293
259 4294
1813 4295
2495 4296
3739 4297
1335 4298
386 4299
1402 4300
2361 4301
2588 4302
3525 4303
3308 4304
4164 4305
3852 4306
482 4307
2351 4308
1240 4309
1644 4310
4114 4311
2179 4312
4290 4313
920 4314
11 4315
2027 4316
3233 4317
4226 4318
798 4319
915 4320
451 4321
4318 4322
1611 4323
90 4324
3106 4325
1652 4326
1562 4327
650 4328
2130 4329
1765 4330
1774 4331
1339 4332
2637 4333
3909 4334
4334 4335
1133 4336
1669 4337
2320 4338
3643 4339
1728 4340
3891 4341
2719 4342
3944 4343
671 4344
4277 4345
555 4346
2618 4347
1939 4348
1318 4349
1647 4350
4193 4351
950 4352
3054 4353
4115 4354
2582 4355
3390 4356
1962 4357
3823 4358
3485 4359
3895 4360
4332 4361
2209 4362
1400 4363
3702 4364
401 4365
3521 4366
227 4367
1700 4368
946 4369
285 4370
827 4371
1660 4372
2040 4373
3812 4374
2096 4375
3049 4376
4300 4377
3584 4378
2934 4379
1344 4380
2589 4381
1799 4382
2450 4383
525 4384
4326 4385
555 4386
3647 4387
1761 4388
1571 4389
3610 4390
2466 4391
2105 4392
3149 4393
2990 4394
2344 4395
2363 4396
607 4397
313 4398
249 4399
851 4400
2939 4401
495 4402
1683 4403
999 4404
3842 4405
60 4406
2407 4407
3294 4408
273 4409
2841 4410
2612 4411
3433 4412
3749 4413
1126 4414
6 4415
500 4416
4212 4417
1861 4418
1853 4419
89 4420
1868 4421
2123 4422
1200 4423
983 4424
793 4425
2745 4426
6 4427
4161 4428
1040 4429
4061 4430
438 4431
3962 4432
1568 4433
3676 4434
1569 4435
1217 4436
2786 4437
4422 4438
1004 4439
2158 4440
3796 4441
2577 4442
758 4443
3335 4444
4190 4445
2114 4446
1855 4447
2570 4448
2820 4449
1281 4450
1944 4451
3765 4452
2573 4453
327 4454
68 4455
648 4456
4323 4457
4425 4458
1587 4459
2190 4460
32 4461
364 4462
1357 4463
276 4464
3995 4465
1456 4466
2591 4467
2886 4468
152 4469
3042 4470
3604 4471
4102 4472
2837 4473
778 4474
2171 4475
4167 4476
3867 4477
2140 4478
3781 4479
1173 4480
3100 4481
1670 4482
2305 4483
975 4484
4239 4485
4282 4486
695 4487
969 4488
3165 4489
1482 4490
2755 4491
1416 4492
852 4493
2950 4494
1671 4495
1575 4496
3062 4497
330 4498
2908 4499
1840 4500
1597 4501
2313 4502
1519 4503
2451 4504
4392 4505
211 4506
3005 4507
4077 4508
4422 4509
2602 4510
3884 4511
1596 4512
4394 4513
1866 4514
2391 4515
1826 4516
1687 4517
1983 4518
1375 4519
2004 4520
148 4521
3108 4522
619 4523
2046 4524
2858 4525
988 4526
892 4527
1577 4528
1589 4529
988 4530
413 4531
1272 4532
2720 4533
2129 4534
1667 4535
800 4536
3383 4537
1718 4538
3596 4539
1550 4540
1010 4541
2086 4542
888 4543
2609 4544
1820 4545
1649 4546
4072 4547
656 4548
403 4549
2649 4550
1171 4551
4122 4552
2407 4553
2027 4554
1200 4555
871 4556
3423 4557
4316 4558
394 4559
1162 4560
4265 4561
4423 4562
1885 4563
1102 4564
2383 4565
4431 4566
3022 4567
4170 4568
1248 4569
2258 4570
1691 4571
2969 4572
567 4573
1697 4574
3205 4575
887 4576
3393 4577
2780 4578
2836 4579
866 4580
3082 4581
2284 4582
1031 4583
1003 4584
3247 4585
1040 4586
3765 4587
2063 4588
2586 4589
2981 4590
2244 4591
2970 4592
2252 4593
590 4594
4317 4595
4248 4596
3803 4597
3187 4598
2674 4599
45 4600
2043 4601
4063 4602
3274 4603
168 4604
2371 4605
4005 4606
1771 4607
659 4608
1487 4609
4170 4610
3659 4611
2712 4612
1550 4613
3772 4614
4149 4615
1122 4616
2265 4617
3768 4618
4575 4619
2749 4620
1340 4621
4354 4622
2338 4623
2446 4624
1080 4625
1675 4626
4415 4627
3490 4628
2568 4629
570 4630
297 4631
1562 4632
1995 4633
4042 4634
2145 4635
1910 4636
1550 4637
1095 4638
2963 4639
583 4640
340 4641
2419 4642
883 4643
4425 4644
2025 4645
1321 4646
5 4647
3744 4648
3523 4649
992 4650
1429 4651
2708 4652
3350 4653
1119 4654
2604 4655
4202 4656
2170 4657
1721 4658
665 4659
2515 4660
1657 4661
2209 4662
3670 4663
1759 4664
1005 4665
548 4666
3573 4667
2642 4668
1881 4669
1537 4670
285 4671
4403 4672
784 4673
678 4674
3530 4675
3197 4676
2419 4677
381 4678
3526 4679
650 4680
4263 4681
4056 4682
2939 4683
4458 4684
257 4685
302 4686
3222 4687
4162 4688
3238 4689
2953 4690
434 4691
2406 4692
1790 4693
2281 4694
111 4695
4632 4696
2266 4697
4172 4698
718 4699
1560 4700
3411 4701
1596 4702
1888 4703
4031 4704
2723 4705
4003 4706
1939 4707
3594 4708
2072 4709
2864 4710
3270 4711
1287 4712
3424 4713
1358 4714
2149 4715
103 4716
2743 4717
4097 4718
3504 4719
4618 4720
1557 4721
4660 4722
4654 4723
3302 4724
3915 4725
3053 4726
1344 4727
1501 4728
1763 4729
3949 4730
4381 4731
36 4732
328 4733
2323 4734
4629 4735
2625 4736
600 4737
1308 4738
2883 4739
4528 4740
4248 4741
2165 4742
1904 4743
3952 4744
2852 4745
2219 4746
2783 4747
3152 4748
382 4749
1654 4750
2073 4751
1271 4752
167 4753
332 4754
4135 4755
98 4756
2778 4757
670 4758
2481 4759
1206 4760
2568 4761
2805 4762
2259 4763
829 4764
3879 4765
3338 4766
4359 4767
1009 4768
926 4769
141 4770
4034 4771
19 4772
457 4773
4454 4774
873 4775
1176 4776
3174 4777
868 4778
4485 4779
899 4780
1945 4781
96 4782
1910 4783
3311 4784
2500 4785
359 4786
2170 4787
1113 4788
1710 4789
2486 4790
2796 4791
4387 4792
1647 4793
100 4794
1361 4795
4019 4796
645 4797
1403 4798
1604 4799
825 4800
2004 4801
2908 4802
1843 4803
615 4804
2967 4805
602 4806
2712 4807
1469 4808
2673 4809
406 4810
2159 4811
2092 4812
4015 4813
1965 4814
1893 4815
1142 4816
1668 4817
2575 4818
1745 4819
1437 4820
1354 4821
813 4822
4220 4823
169 4824
2044 4825
2369 4826
426 4827
3722 4828
1245 4829
140 4830
1649 4831
3586 4832
4396 4833
4786 4834
64 4835
1253 4836
2145 4837
630 4838
588 4839
579 4840
4594 4841
966 4842
4500 4843
4003 4844
2410 4845
3509 4846
4545 4847
829 4848
4592 4849
2211 4850
764 4851
3387 4852
2016 4853
1645 4854
2645 4855
596 4856
722 4857
3334 4858
4138 4859
1169 4860
498 4861
1151 4862
3168 4863
397 4864
3705 4865
1680 4866
3779 4867
723 4868
329 4869
2992 4870
2226 4871
1071 4872
2781 4873
4324 4874
2961 4875
4232 4876
4183 4877
2747 4878
279 4879
3914 4880
2478 4881
1713 4882
3931 4883
2883 4884
4702 4885
594 4886
2483 4887
4402 4888
796 4889
4517 4890
493 4891
4537 4892
2369 4893
439 4894
3228 4895
4455 4896
993 4897
2813 4898
3225 4899
3957 4900
545 4901
2159 4902
52 4903
3080 4904
3507 4905
997 4906
702 4907
4523 4908
404 4909
4202 4910
3208 4911
1594 4912
2736 4913
4233 4914
254 4915
42 4916
4288 4917
2685 4918
4781 4919
2713 4920
1093 4921
2326 4922
2812 4923
2901 4924
1040 4925
4020 4926
1248 4927
1236 4928
612 4929
1788 4930
1494 4931
1184 4932
4521 4933
2384 4934
2829 4935
110 4936
1053 4937
4702 4938
4720 4939
3755 4940
3105 4941
4536 4942
1010 4943
2858 4944
865 4945
2112 4946
3007 4947
913 4948
136 4949
592 4950
1502 4951
3514 4952
2844 4953
849 4954
3372 4955
250 4956
4762 4957
1636 4958
2146 4959
25 4960
863 4961
4221 4962
1490 4963
3325 4964
3058 4965
3568 4966
2109 4967
934 4968
613 4969
1735 4970
4466 4971
1506 4972
3072 4973
1242 4974
2654 4975
73 4976
2585 4977
2601 4978
89 4979
1257 4980
2384 4981
478 4982
259 4983
3862 4984
2034 4985
2991 4986
4585 4987
1608 4988
2168 4989
4142 4990
2367 4991
953 4992
2316 4993
3894 4994
1833 4995
3221 4996
2666 4997
3603 4998
4783 4999
4295 5000
4492 5001
1998 5002
863 5003
1341 5004
3600 5005
763 5006
3931 5007
982 5008
1232 5009
2696 5010
4650 5011
2521 5012
4076 5013
3893 5014
1571 5015
434 5016
1243 5017
522 5018
267 5019
4394 5020
4244 5021
4516 5022
2389 5023
4570 5024
4799 5025
4712 5026
231 5027
1557 5028
4185 5029
22 5030
3983 5031
845 5032
1058 5033
3905 5034
2925 5035
4693 5036
3676 5037
4267 5038
4260 5039
4666 5040
1452 5041
3811 5042
254 5043
4268 5044
5003 5045
1561 5046
4369 5047
3324 5048
4042 5049
4949 5050
510 5051
3421 5052
1324 5053
2797 5054
4162 5055
2399 5056
17 5057
1681 5058
789 5059
1420 5060
1213 5061
3377 5062
4182 5063
2462 5064
4764 5065
103 5066
4790 5067
1565 5068
2257 5069
3876 5070
1578 5071
4160 5072
3242 5073
1023 5074
3908 5075
1990 5076
3310 5077
1699 5078
69 5079
2822 5080
2244 5081
1409 5082
2764 5083
3442 5084
2817 5085
770 5086
5032 5087
2514 5088
2396 5089
4816 5090
3409 5091
1199 5092
4615 5093
2560 5094
1992 5095
759 5096
719 5097
3561 5098
2255 5099
2283 5100
1934 5101
1302 5102
521 5103
1201 5104
4009 5105
3488 5106
1345 5107
5036 5108
2747 5109
4804 5110
3963 5111
2878 5112
1152 5113
1463 5114
300 5115
123 5116
322 5117
4115 5118
4022 5119
872 5120
2813 5121
4962 5122
19 5123
2433 5124
1349 5125
2780 5126
1870 5127
756 5128
3451 5129
4740 5130
4109 5131
921 5132
2098 5133
3346 5134
2469 5135
998 5136
920 5137
2089 5138
3514 5139
1524 5140
4021 5141
491 5142
2718 5143
4173 5144
4289 5145
1882 5146
3391 5147
131 5148
799 5149
5019 5150
3458 5151
4442 5152
1833 5153
3794 5154
686 5155
203 5156
278 5157
1481 5158
3975 5159
734 5160
111 5161
11 5162
3941 5163
574 5164
2300 5165
4471 5166
3639 5167
3230 5168
4549 5169
3744 5170
2657 5171
1455 5172
2961 5173
2614 5174
906 5175
3346 5176
1791 5177
4907 5178
822 5179
2359 5180
696 5181
4327 5182
908 5183
5112 5184
4575 5185
4991 5186
4853 5187
1590 5188
2821 5189
3423 5190
1124 5191
427 5192
999 5193
326 5194
3210 5195
2071 5196
5061 5197
574 5198
742 5199
3907 5200
3559 5201
1440 5202
4176 5203
3214 5204
3306 5205
4752 5206
4875 5207
4983 5208
3350 5209
4720 5210
2627 5211
2265 5212
2706 5213
2274 5214
3869 5215
735 5216
500 5217
114 5218
197 5219
2476 5220
937 5221
1659 5222
2110 5223
4156 5224
2971 5225
879 5226
4294 5227
1565 5228
174 5229
3741 5230
4736 5231
2345 5232
3342 5233
2534 5234
1876 5235
794 5236
4115 5237
1810 5238
105 5239
4123 5240
5162 5241
4652 5242
490 5243
1172 5244
2104 5245
2053 5246
2283 5247
2765 5248
4230 5249
5195 5250
2046 5251
977 5252
1294 5253
4459 5254
3836 5255
1282 5256
3365 5257
906 5258
4678 5259
3623 5260
1118 5261
2602 5262
980 5263
4715 5264
1362 5265
3360 5266
1442 5267
2346 5268
4902 5269
3524 5270
5226 5271
3052 5272
989 5273
653 5274
3078 5275
2451 5276
3638 5277
2549 5278
4109 5279
2752 5280
4270 5281
5176 5282
4467 5283
1950 5284
3634 5285
454 5286
1460 5287
391 5288
4711 5289
1334 5290
162 5291
2709 5292
3053 5293
2067 5294
4827 5295
3983 5296
2194 5297
3289 5298
4212 5299
4850 5300
5039 5301
4398 5302
2301 5303
2631 5304
4185 5305
379 5306
3473 5307
3396 5308
5011 5309
2560 5310
2756 5311
4033 5312
3708 5313
4776 5314
2659 5315
1777 5316
2846 5317
3243 5318
1656 5319
2308 5320
1604 5321
3909 5322
2037 5323
2054 5324
2704 5325
3095 5326
3093 5327
2249 5328
4203 5329
2020 5330
3389 5331
4457 5332
2624 5333
1973 5334
1052 5335
2724 5336
3032 5337
1920 5338
4437 5339
2907 5340
3322 5341
2640 5342
1647 5343
4986 5344
2093 5345
1247 5346
1460 5347
3770 5348
4466 5349
886 5350
3879 5351
1324 5352
376 5353
1766 5354
1304 5355
21 5356
1805 5357
3413 5358
1029 5359
1718 5360
1228 5361
861 5362
499 5363
1325 5364
3986 5365
4284 5366
3526 5367
5045 5368
465 5369
2486 5370
2486 5371
1012 5372
1808 5373
4544 5374
3275 5375
494 5376
1486 5377
827 5378
5022 5379
2867 5380
2144 5381
5224 5382
783 5383
5270 5384
4502 5385
1399 5386
3897 5387
4675 5388
858 5389
4192 5390
834 5391
1055 5392
4469 5393
3765 5394
1249 5395
847 5396
3019 5397
4027 5398
4804 5399
3089 5400
4159 5401
2819 5402
3863 5403
4804 5404
2133 5405
1162 5406
5363 5407
4750 5408
2651 5409
4196 5410
724 5411
387 5412
3436 5413
1801 5414
854 5415
1380 5416
3819 5417
4841 5418
1679 5419
2844 5420
3941 5421
16 5422
2319 5423
3516 5424
2629 5425
1734 5426
3042 5427
486 5428
5361 5429
3773 5430
4380 5431
5366 5432
2790 5433
2507 5434
4349 5435
3357 5436
398 5437
4882 5438
4703 5439
4100 5440
3484 5441
1347 5442
3583 5443
70 5444
522 5445
1484 5446
1810 5447
3102 5448
2192 5449
2739 5450
4680 5451
3215 5452
4506 5453
367 5454
3839 5455
4493 5456
4617 5457
2445 5458
1860 5459
3683 5460
3458 5461
461 5462
3506 5463
1999 5464
4585 5465
3924 5466
1224 5467
3673 5468
2787 5469
174 5470
2956 5471
3852 5472
4850 5473
711 5474
3943 5475
3571 5476
527 5477
435 5478
642 5479
2191 5480
4662 5481
351 5482
3009 5483
2651 5484
4667 5485
2733 5486
4278 5487
2498 5488
1791 5489
2264 5490
391 5491
46 5492
3544 5493
863 5494
3740 5495
126 5496
1021 5497
3795 5498
2371 5499
4381 5500
4113 5501
187 5502
1724 5503
3380 5504
5482 5505
1051 5506
4024 5507
4560 5508
178 5509
5305 5510
1272 5511
2055 5512
4935 5513
3010 5514
1310 5515
26 5516
5090 5517
4578 5518
350 5519
4809 5520
4648 5521
3142 5522
5317 5523
1291 5524
5318 5525
4324 5526
4159 5527
2675 5528
1842 5529
5376 5530
4857 5531
2300 5532
1903 5533
2859 5534
4463 5535
1991 5536
689 5537
3708 5538
3214 5539
611 5540
680 5541
5204 5542
4450 5543
713 5544
986 5545
5316 5546
2404 5547
531 5548
134 5549
2291 5550
1326 5551
1592 5552
4329 5553
2235 5554
5077 5555
4999 5556
3522 5557
2692 5558
4854 5559
1516 5560
359 5561
426 5562
2574 5563
2955 5564
541 5565
519 5566
2382 5567
4903 5568
840 5569
863 5570
3862 5571
406 5572
4832 5573
617 5574
2360 5575
738 5576
2639 5577
1030 5578
111 5579
1788 5580
234 5581
3778 5582
4475 5583
1282 5584
1769 5585
4945 5586
5168 5587
5055 5588
1184 5589
3679 5590
1861 5591
3068 5592
2896 5593
4496 5594
5011 5595
1008 5596
709 5597
3219 5598
4331 5599
4267 5600
2154 5601
3242 5602
3735 5603
4937 5604
2642 5605
3188 5606
1982 5607
4088 5608
2359 5609
1915 5610
3729 5611
298 5612
4075 5613
2402 5614
5058 5615
3861 5616
1039 5617
4197 5618
3551 5619
3571 5620
593 5621
5463 5622
115 5623
847 5624
3868 5625
2048 5626
1147 5627
144 5628
2090 5629
2185 5630
3327 5631
1940 5632
2999 5633
2524 5634
2637 5635
1507 5636
624 5637
1715 5638
2188 5639
4663 5640
1309 5641
5482 5642
755 5643
5607 5644
2033 5645
2056 5646
2682 5647
2570 5648
1018 5649
4152 5650
112 5651
4014 5652
3373 5653
1274 5654
1482 5655
5427 5656
2826 5657
1040 5658
1370 5659
382 5660
1356 5661
1442 5662
5030 5663
2833 5664
4265 5665
586 5666
2509 5667
5362 5668
3722 5669
2560 5670
236 5671
4155 5672
620 5673
2363 5674
3668 5675
1966 5676
5074 5677
2709 5678
450 5679
695 5680
45 5681
1772 5682
3191 5683
2921 5684
3381 5685
2373 5686
682 5687
5254 5688
5585 5689
2513 5690
4860 5691
4018 5692
4681 5693
3313 5694
3241 5695
5339 5696
3009 5697
4782 5698
104 5699
5146 5700
4419 5701
701 5702
5030 5703
4727 5704
3196 5705
3 5706
4514 5707
1118 5708
1349 5709
5491 5710
3925 5711
583 5712
4678 5713
900 5714
3570 5715
1530 5716
1732 5717
319 5718
3054 5719
656 5720
1659 5721
3544 5722
1807 5723
5063 5724
322 5725
2183 5726
3982 5727
4266 5728
2919 5729
1715 5730
4412 5731
666 5732
3692 5733
2708 5734
2064 5735
5388 5736
5449 5737
407 5738
5182 5739
5374 5740
4448 5741
5683 5742
5438 5743
3495 5744
1194 5745
3386 5746
1028 5747
5284 5748
1838 5749
1780 5750
3179 5751
2102 5752
2638 5753
789 5754
1879 5755
3839 5756
4068 5757
5728 5758
2891 5759
2243 5760
3099 5761
1390 5762
4121 5763
5470 5764
166 5765
3710 5766
524 5767
541 5768
3659 5769
2392 5770
1224 5771
2312 5772
3492 5773
3716 5774
1776 5775
4831 5776
4721 5777
469 5778
1027 5779
5177 5780
5691 5781
391 5782
1709 5783
921 5784
4024 5785
1537 5786
1546 5787
1957 5788
85 5789
4255 5790
5055 5791
2249 5792
3174 5793
4521 5794
5577 5795
455 5796
223 5797
3304 5798
4513 5799
4448 5800
4368 5801
21 5802
5520 5803
5087 5804
2981 5805
3033 5806
4911 5807
4242 5808
5781 5809
1974 5810
4650 5811
3786 5812
2769 5813
2566 5814
5260 5815
5443 5816
3080 5817
305 5818
3961 5819
1490 5820
2788 5821
2772 5822
1268 5823
1048 5824
2585 5825
1605 5826
490 5827
3849 5828
948 5829
3634 5830
4326 5831
3040 5832
5416 5833
4714 5834
4205 5835
550 5836
3097 5837
927 5838
3346 5839
2067 5840
2403 5841
333 5842
5609 5843
4113 5844
1047 5845
4055 5846
4633 5847
1408 5848
5292 5849
1385 5850
2257 5851
2357 5852
4778 5853
123 5854
4774 5855
2765 5856
1966 5857
4164 5858
4395 5859
3746 5860
5269 5861
5455 5862
2866 5863
5230 5864
1181 5865
3432 5866
3591 5867
3564 5868
433 5869
2851 5870
5685 5871
5068 5872
563 5873
1891 5874
943 5875
5517 5876
2192 5877
672 5878
5272 5879
1188 5880
420 5881
2475 5882
5465 5883
5452 5884
1108 5885
4452 5886
1410 5887
1073 5888
501 5889
4753 5890
4641 5891
5758 5892
4311 5893
278 5894
350 5895
5863 5896
5463 5897
2041 5898
258 5899
1702 5900
2173 5901
5648 5902
1559 5903
538 5904
4424 5905
2313 5906
1988 5907
2175 5908
5590 5909
4121 5910
1025 5911
240 5912
243 5913
1123 5914
5212 5915
887 5916
3511 5917
2160 5918
4467 5919
823 5920
4333 5921
5368 5922
4756 5923
2705 5924
4132 5925
2998 5926
4969 5927
3976 5928
662 5929
1569 5930
1253 5931
633 5932
3562 5933
474 5934
2421 5935
2089 5936
5219 5937
4048 5938
2310 5939
249 5940
67 5941
1700 5942
5229 5943
1065 5944
627 5945
5350 5946
5135 5947
953 5948
1721 5949
68 5950
525 5951
3607 5952
3597 5953
4515 5954
4897 5955
575 5956
1155 5957
5897 5958
4870 5959
5341 5960
2904 5961
4811 5962
2435 5963
2634 5964
1560 5965
3691 5966
2117 5967
5589 5968
3548 5969
3959 5970
4571 5971
211 5972
2189 5973
3241 5974
3661 5975
3483 5976
4789 5977
903 5978
640 5979
3080 5980
5267 5981
2061 5982
2737 5983
1060 5984
3210 5985
5343 5986
123 5987
3427 5988
2907 5989
746 5990
2854 5991
3596 5992
4262 5993
4228 5994
3120 5995
4297 5996
3313 5997
1022 5998
776 5999
3576 6000
5251 6001
2132 6002
842 6003
5493 6004
760 6005
5583 6006
4541 6007
1185 6008
4515 6009
4313 6010
3202 6011
2522 6012
3519 6013
1840 6014
795 6015
5620 6016
3850 6017
4838 6018
3154 6019
5564 6020
3001 6021
4295 6022
3270 6023
53 6024
1805 6025
1602 6026
4622 6027
820 6028
5308 6029
560 6030
5799 6031
2353 6032
3814 6033
3884 6034
2087 6035
3587 6036
4277 6037
2730 6038
5397 6039
947 6040
574 6041
4276 6042
4672 6043
1903 6044
5053 6045
3880 6046
5598 6047
1482 6048
3726 6049
3982 6050
596 6051
5138 6052
922 6053
1725 6054
5119 6055
7 6056
2611 6057
2731 6058
1709 6059
5242 6060
1617 6061
2313 6062
2111 6063
2866 6064
259 6065
2193 6066
5839 6067
5123 6068
3107 6069
1803 6070
502 6071
4753 6072
3736 6073
5547 6074
3099 6075
5813 6076
2502 6077
1601 6078
4954 6079
6011 6080
551 6081
5509 6082
5148 6083
5589 6084
5410 6085
4908 6086
604 6087
1507 6088
2995 6089
5289 6090
6016 6091
161 6092
776 6093
3905 6094
4646 6095
304 6096
1511 6097
4072 6098
1956 6099
1842 6100
3383 6101
1891 6102
3971 6103
1947 6104
3834 6105
5303 6106
5686 6107
3801 6108
4983 6109
5559 6110
986 6111
5152 6112
2382 6113
5941 6114
5970 6115
2881 6116
5312 6117
5521 6118
1377 6119
2626 6120
3758 6121
1968 6122
504 6123
487 6124
2307 6125
2368 6126
2612 6127
843 6128
3863 6129
6097 6130
4245 6131
857 6132
5369 6133
5501 6134
1678 6135
5247 6136
1096 6137
4381 6138
514 6139
2723 6140
2185 6141
1248 6142
2077 6143
4794 6144
4813 6145
5184 6146
4998 6147
2493 6148
2813 6149
5913 6150
6091 6151
3462 6152
5943 6153
5359 6154
3677 6155
2543 6156
4655 6157
3663 6158
5117 6159
478 6160
5275 6161
4494 6162
5270 6163
2761 6164
5289 6165
570 6166
1811 6167
1927 6168
2811 6169
283 6170
3322 6171
5599 6172
2442 6173
5698 6174
3201 6175
4411 6176
3553 6177
5140 6178
3187 6179
5420 6180
2413 6181
3562 6182
323 6183
4299 6184
5978 6185
3363 6186
1440 6187
6142 6188
363 6189
2502 6190
2198 6191
5505 6192
3168 6193
4454 6194
5649 6195
3474 6196
3837 6197
5214 6198
4952 6199
5088 6200
4721 6201
2850 6202
5472 6203
5764 6204
1489 6205
3740 6206
581 6207
1134 6208
3291 6209
1648 6210
4596 6211
2786 6212
1334 6213
5305 6214
3210 6215
5194 6216
565 6217
190 6218
1406 6219
5665 6220
5714 6221
2741 6222
5756 6223
1701 6224
1068 6225
4466 6226
3610 6227
3353 6228
810 6229
5027 6230
4164 6231
1950 6232
2830 6233
3931 6234
4511 6235
3887 6236
3139 6237
5313 6238
2976 6239
3658 6240
5540 6241
3961 6242
3109 6243
2177 6244
729 6245
5667 6246
1974 6247
5565 6248
1649 6249
3315 6250
1563 6251
2387 6252
717 6253
5877 6254
527 6255
4700 6256
154 6257
5330 6258
3501 6259
5420 6260
1826 6261
5489 6262
5059 6263
2686 6264
2445 6265
5857 6266
1307 6267
979 6268
3490 6269
584 6270
1184 6271
3332 6272
5937 6273
202 6274
2089 6275
3298 6276
3304 6277
653 6278
5968 6279
3205 6280
2889 6281
3944 6282
5656 6283
5763 6284
4750 6285
2890 6286
5955 6287
5863 6288
5360 6289
850 6290
5245 6291
1974 6292
2960 6293
2114 6294
872 6295
185 6296
3034 6297
4815 6298
3719 6299
2642 6300
1941 6301
2869 6302
57 6303
2461 6304
4977 6305
2637 6306
2504 6307
4222 6308
5696 6309
6259 6310
2609 6311
5668 6312
6136 6313
153 6314
1244 6315
3965 6316
4 6317
3605 6318
49 6319
2938 6320
4815 6321
2348 6322
5211 6323
485 6324
1309 6325
5129 6326
4367 6327
5778 6328
2766 6329
3460 6330
1055 6331
3924 6332
373 6333
894 6334
151 6335
5967 6336
596 6337
5015 6338
1842 6339
3998 6340
1035 6341
5693 6342
831 6343
4312 6344
6032 6345
4981 6346
5997 6347
2306 6348
2963 6349
2721 6350
5511 6351
5144 6352
1102 6353
3420 6354
4088 6355
2179 6356
3402 6357
4882 6358
4411 6359
3041 6360
282 6361
3422 6362
4667 6363
524 6364
4713 6365
2025 6366
5797 6367
1633 6368
1541 6369
3395 6370
685 6371
5178 6372
6298 6373
2466 6374
3431 6375
875 6376
1956 6377
4571 6378
6325 6379
3499 6380
4768 6381
3292 6382
936 6383
4365 6384
2466 6385
1782 6386
5932 6387
5404 6388
5021 6389
829 6390
5732 6391
1861 6392
5367 6393
1889 6394
5630 6395
2370 6396
5268 6397
5604 6398
6130 6399
1077 6400
4506 6401
3022 6402
4794 6403
2959 6404
5826 6405
1489 6406
6179 6407
5621 6408
393 6409
900 6410
5234 6411
5490 6412
4188 6413
227 6414
3130 6415
6391 6416
1626 6417
1375 6418
3493 6419
1282 6420
1756 6421
6143 6422
4812 6423
5102 6424
2016 6425
313 6426
4443 6427
2164 6428
3731 6429
2831 6430
5742 6431
4169 6432
2653 6433
5334 6434
613 6435
5391 6436
5275 6437
5802 6438
5677 6439
1403 6440
522 6441
3946 6442
2687 6443
1521 6444
4454 6445
5043 6446
1944 6447
2874 6448
6202 6449
3263 6450
101 6451
4835 6452
4805 6453
4567 6454
3757 6455
622 6456
3380 6457
398 6458
5554 6459
3313 6460
3139 6461
1248 6462
1388 6463
2176 6464
4320 6465
1227 6466
5280 6467
1705 6468
1126 6469
4155 6470
1810 6471
2670 6472
1110 6473
4081 6474
2518 6475
5341 6476
6368 6477
4345 6478
1180 6479
990 6480
6440 6481
4749 6482
3495 6483
5861 6484
2067 6485
440 6486
3238 6487
6107 6488
802 6489
3391 6490
707 6491
5597 6492
3441 6493
1512 6494
4954 6495
4046 6496
4893 6497
169 6498
5580 6499
3192 6500
2467 6501
3975 6502
3729 6503
3043 6504
1529 6505
3252 6506
394 6507
1290 6508
3898 6509
183 6510
3814 6511
4792 6512
1874 6513
5480 6514
4667 6515
6283 6516
4183 6517
2554 6518
3261 6519
69 6520
3952 6521
2783 6522
2331 6523
2957 6524
3105 6525
6231 6526
926 6527
2181 6528
1656 6529
2460 6530
2393 6531
111 6532
1052 6533
1281 6534
2609 6535
4814 6536
5039 6537
3388 6538
2874 6539
3851 6540
4734 6541
1975 6542
6271 6543
2133 6544
4832 6545
865 6546
2249 6547
4874 6548
3097 6549
2355 6550
4726 6551
2048 6552
3808 6553
3071 6554
3907 6555
3332 6556
2250 6557
4615 6558
3050 6559
4688 6560
5592 6561
3833 6562
5469 6563
5583 6564
2560 6565
6185 6566
1917 6567
5661 6568
4167 6569
6430 6570
4706 6571
3764 6572
513 6573
2625 6574
3879 6575
754 6576
1909 6577
5160 6578
3355 6579
418 6580
4698 6581
5747 6582
917 6583
1645 6584
1335 6585
3652 6586
5340 6587
6579 6588
5288 6589
3181 6590
6441 6591
2362 6592
2985 6593
1106 6594
5959 6595
3638 6596
1078 6597
1291 6598
6264 6599
3408 6600
3507 6601
2191 6602
2909 6603
5710 6604
2806 6605
390 6606
5832 6607
3232 6608
2714 6609
6097 6610
3264 6611
3219 6612
2840 6613
1201 6614
4490 6615
2593 6616
1858 6617
4257 6618
2133 6619
6270 6620
417 6621
314 6622
4695 6623
3643 6624
2046 6625
175 6626
1727 6627
2511 6628
5954 6629
797 6630
3876 6631
2334 6632
5002 6633
1416 6634
3164 6635
6616 6636
682 6637
3929 6638
2561 6639
4384 6640
639 6641
213 6642
4682 6643
4622 6644
6183 6645
3514 6646
3244 6647
1935 6648
612 6649
6482 6650
5972 6651
5763 6652
3628 6653
5130 6654
5342 6655
896 6656
3962 6657
4285 6658
3562 6659
4643 6660
3420 6661
2998 6662
5143 6663
1542 6664
1570 6665
2707 6666
2986 6667
4067 6668
1096 6669
1274 6670
601 6671
5759 6672
1908 6673
5197 6674
5652 6675
3648 6676
5252 6677
6010 6678
3565 6679
1331 6680
4468 6681
4939 6682
1730 6683
6457 6684
1512 6685
2196 6686
1865 6687
3869 6688
6442 6689
4244 6690
2826 6691
3561 6692
5240 6693
4407 6694
2353 6695
1493 6696
2679 6697
4668 6698
5036 6699
5389 6700
3687 6701
1818 6702
1438 6703
707 6704
5569 6705
4317 6706
6354 6707
3406 6708
399 6709
835 6710
1026 6711
2428 6712
5016 6713
6126 6714
2560 6715
2017 6716
3520 6717
4785 6718
2565 6719
1280 6720
17 6721
5709 6722
494 6723
3915 6724
3087 6725
4290 6726
4300 6727
6277 6728
5887 6729
4991 6730
5671 6731
351 6732
4634 6733
3126 6734
5532 6735
725 6736
5651 6737
6517 6738
5604 6739
5687 6740
3480 6741
6299 6742
4459 6743
3246 6744
3411 6745
4295 6746
1075 6747
5928 6748
2554 6749
3515 6750
5038 6751
2677 6752
1425 6753
22 6754
1949 6755
5711 6756
5981 6757
3750 6758
6039 6759
4581 6760
911 6761
4842 6762
4018 6763
542 6764
661 6765
3324 6766
5868 6767
4974 6768
1411 6769
5169 6770
4096 6771
1372 6772
5945 6773
6288 6774
3369 6775
1718 6776
716 6777
4022 6778
4714 6779
4624 6780
371 6781
6588 6782
6178 6783
4466 6784
5665 6785
1578 6786
3093 6787
3340 6788
4611 6789
5549 6790
4704 6791
1573 6792
1449 6793
5175 6794
4000 6795
2073 6796
4731 6797
1485 6798
4454 6799
5138 6800
5443 6801
6750 6802
4826 6803
2622 6804
3385 6805
4334 6806
5027 6807
5944 6808
4396 6809
5308 6810
68 6811
815 6812
3485 6813
171 6814
4055 6815
3867 6816
5003 6817
2496 6818
4185 6819
5059 6820
6122 6821
277 6822
6530 6823
4945 6824
4218 6825
6591 6826
5748 6827
4484 6828
2344 6829
1921 6830
4658 6831
1555 6832
696 6833
540 6834
1194 6835
2791 6836
1356 6837
5977 6838
518 6839
2125 6840
4770 6841
1021 6842
2873 6843
2664 6844
6685 6845
5003 6846
5180 6847
4803 6848
1622 6849
6106 6850
6013 6851
1219 6852
6491 6853
6422 6854
4296 6855
5367 6856
4171 6857
5904 6858
2998 6859
5427 6860
4121 6861
254 6862
6803 6863
2632 6864
4238 6865
3168 6866
2091 6867
524 6868
4264 6869
1356 6870
2148 6871
1763 6872
2151 6873
6237 6874
6434 6875
2590 6876
5981 6877
5220 6878
6554 6879
3947 6880
6663 6881
560 6882
1440 6883
4464 6884
6158 6885
4740 6886
4948 6887
1047 6888
1665 6889
3663 6890
4689 6891
5597 6892
2234 6893
1771 6894
2952 6895
3888 6896
4243 6897
1749 6898
1155 6899
2278 6900
1074 6901
4015 6902
3931 6903
2170 6904
3477 6905
3641 6906
2704 6907
6277 6908
4470 6909
113 6910
1142 6911
4237 6912
4174 6913
2785 6914
1568 6915
918 6916
5943 6917
2170 6918
6907 6919
2012 6920
5634 6921
3139 6922
443 6923
3097 6924
6589 6925
2650 6926
3587 6927
725 6928
1747 6929
3743 6930
1377 6931
184 6932
4931 6933
720 6934
1712 6935
6154 6936
5362 6937
2937 6938
2362 6939
4068 6940
3409 6941
6883 6942
1448 6943
5587 6944
2149 6945
449 6946
876 6947
4249 6948
1007 6949
3604 6950
4884 6951
895 6952
4104 6953
2174 6954
1165 6955
3995 6956
1307 6957
1867 6958
105 6959
4916 6960
2591 6961
1911 6962
2173 6963
5550 6964
6559 6965
39 6966
1032 6967
6104 6968
5665 6969
6374 6970
3581 6971
6683 6972
101 6973
3310 6974
3735 6975
927 6976
3132 6977
6919 6978
1479 6979
424 6980
3645 6981
6754 6982
1126 6983
2120 6984
4412 6985
5512 6986
4646 6987
4028 6988
6044 6989
3303 6990
6292 6991
1573 6992
5224 6993
3504 6994
6405 6995
1540 6996
1940 6997
3079 6998
4022 6999
6553 7000
404 7001
2803 7002
1738 7003
2578 7004
5182 7005
1087 7006
5208 7007
5572 7008
5971 7009
1769 7010
3819 7011
1122 7012
152 7013
5955 7014
3304 7015
6727 7016
2414 7017
4485 7018
5186 7019
5151 7020
2976 7021
4534 7022
2901 7023
6501 7024
1794 7025
4864 7026
6913 7027
5389 7028
6367 7029
1558 7030
6935 7031
1586 7032
2034 7033
3692 7034
5360 7035
2011 7036
2565 7037
2590 7038
3539 7039
1070 7040
1156 7041
3936 7042
4860 7043
3293 7044
6123 7045
1455 7046
5181 7047
6506 7048
6204 7049
2490 7050
5907 7051
3099 7052
5619 7053
4578 7054
797 7055
4466 7056
261 7057
972 7058
1140 7059
6002 7060
4752 7061
6710 7062
854 7063
4956 7064
5344 7065
6469 7066
5317 7067
4021 7068
3495 7069
4416 7070
4666 7071
1191 7072
2992 7073
2512 7074
3976 7075
6239 7076
1683 7077
6239 7078
4707 7079
7053 7080
5947 7081
5095 7082
3184 7083
6797 7084
3141 7085
4107 7086
2134 7087
4757 7088
5103 7089
6655 7090
4560 7091
1947 7092
1452 7093
1759 7094
5654 7095
7046 7096
2123 7097
6488 7098
5319 7099
1074 7100
5897 7101
971 7102
1170 7103
3478 7104
6621 7105
2726 7106
934 7107
1368 7108
5456 7109
5813 7110
117 7111
4808 7112
1320 7113
6985 7114
3665 7115
1670 7116
4656 7117
2640 7118
5057 7119
438 7120
4463 7121
7030 7122
1418 7123
2970 7124
4382 7125
5834 7126
5592 7127
2384 7128
1149 7129
6241 7130
553 7131
4287 7132
4898 7133
2951 7134
5800 7135
131 7136
624 7137
5240 7138
1080 7139
6183 7140
182 7141
6417 7142
3288 7143
5704 7144
2409 7145
675 7146
6897 7147
6467 7148
6537 7149
4138 7150
6230 7151
6366 7152
1147 7153
1142 7154
79 7155
4802 7156
6818 7157
7151 7158
7122 7159
4150 7160
104 7161
101 7162
3358 7163
3249 7164
5160 7165
6678 7166
3137 7167
801 7168
688 7169
5357 7170
3778 7171
735 7172
3108 7173
6476 7174
4388 7175
6646 7176
4543 7177
5801 7178
683 7179
6925 7180
6786 7181
3777 7182
741 7183
4116 7184
5334 7185
2909 7186
10 7187
6964 7188
5732 7189
5215 7190
1242 7191
3164 7192
2432 7193
3005 7194
4533 7195
517 7196
6816 7197
935 7198
3463 7199
2596 7200
5052 7201
1929 7202
3748 7203
2187 7204
155 7205
2353 7206
419 7207
3261 7208
277 7209
6796 7210
6466 7211
1699 7212
1658 7213
6976 7214
2152 7215
6818 7216
2667 7217
4286 7218
1548 7219
3337 7220
5856 7221
1467 7222
2282 7223
4411 7224
2636 7225
5837 7226
5136 7227
4457 7228
5362 7229
3730 7230
3564 7231
6025 7232
7126 7233
4541 7234
4766 7235
3643 7236
698 7237
6815 7238
4578 7239
6966 7240
1667 7241
4977 7242
1969 7243
3758 7244
3727 7245
1706 7246
484 7247
1432 7248
7242 7249
4567 7250
2720 7251
7076 7252
6818 7253
5960 7254
1163 7255
5672 7256
2920 7257
1006 7258
6131 7259
1035 7260
1911 7261
1119 7262
3127 7263
253 7264
6662 7265
1193 7266
3505 7267
4779 7268
4006 7269
1632 7270
4911 7271
116 7272
6087 7273
3680 7274
4280 7275
4624 7276
6506 7277
2219 7278
155 7279
2280 7280
2104 7281
5227 7282
1446 7283
483 7284
548 7285
2729 7286
6186 7287
3755 7288
3011 7289
5647 7290
3140 7291
3610 7292
3130 7293
1022 7294
1752 7295
4025 7296
3136 7297
920 7298
5478 7299
698 7300
2264 7301
4301 7302
2635 7303
2367 7304
2686 7305
3265 7306
2797 7307
3363 7308
6154 7309
4702 7310
4512 7311
4497 7312
6162 7313
3228 7314
6833 7315
7069 7316
1210 7317
5204 7318
6098 7319
701 7320
5021 7321
883 7322
3126 7323
673 7324
2665 7325
1242 7326
5252 7327
4258 7328
1767 7329
4699 7330
2307 7331
238 7332
4040 7333
5887 7334
4122 7335
5155 7336
3598 7337
3111 7338
2351 7339
7145 7340
6258 7341
4323 7342
2534 7343
611 7344
6295 7345
2075 7346
4318 7347
2301 7348
6901 7349
367 7350
6391 7351
3217 7352
3499 7353
389 7354
3587 7355
3920 7356
6155 7357
2586 7358
2043 7359
3084 7360
3906 7361
6313 7362
1092 7363
6909 7364
349 7365
5739 7366
893 7367
1746 7368
1731 7369
2761 7370
6792 7371
659 7372
5284 7373
6182 7374
6647 7375
2096 7376
4448 7377
4347 7378
4257 7379
4731 7380
1745 7381
5056 7382
1203 7383
1475 7384
6775 7385
6505 7386
1181 7387
6930 7388
4431 7389
4342 7390
1701 7391
807 7392
6631 7393
5368 7394
3808 7395
1434 7396
749 7397
5785 7398
901 7399
3745 7400
114 7401
2566 7402
519 7403
473 7404
5949 7405
1 7406
4189 7407
3971 7408
2876 7409
346 7410
7215 7411
2446 7412
4702 7413
5415 7414
930 7415
681 7416
2797 7417
1489 7418
5978 7419
1132 7420
7258 7421
4396 7422
4338 7423
4408 7424
4898 7425
347 7426
5631 7427
1299 7428
6986 7429
6981 7430
6444 7431
129 7432
5127 7433
5287 7434
3062 7435
5977 7436
4328 7437
7327 7438
4276 7439
2459 7440
7411 7441
2486 7442
6786 7443
7363 7444
4047 7445
6548 7446
2744 7447
1171 7448
2458 7449
4472 7450
4142 7451
454 7452
5020 7453
2251 7454
1602 7455
254 7456
5502 7457
3799 7458
4420 7459
2365 7460
6233 7461
3441 7462
3832 7463
2053 7464
3653 7465
2651 7466
6299 7467
6996 7468
4875 7469
2106 7470
4995 7471
3425 7472
4579 7473
2622 7474
4181 7475
1273 7476
3522 7477
3273 7478
1422 7479
5930 7480
4140 7481
4041 7482
5727 7483
6481 7484
2789 7485
3694 7486
116 7487
2009 7488
3082 7489
4972 7490
4298 7491
1092 7492
290 7493
1231 7494
5693 7495
6596 7496
25 7497
1092 7498
5346 7499
136 7500
3761 7501
7379 7502
910 7503
6293 7504
4651 7505
6264 7506
7300 7507
3108 7508
3382 7509
4275 7510
5869 7511
6728 7512
7100 7513
2566 7514
1217 7515
2250 7516
1360 7517
6930 7518
5270 7519
2057 7520
3734 7521
3120 7522
7385 7523
2523 7524
6032 7525
6865 7526
4251 7527
6090 7528
3141 7529
5170 7530
3450 7531
6533 7532
7113 7533
1095 7534
5988 7535
5646 7536
4407 7537
3660 7538
6572 7539
3527 7540
2907 7541
5560 7542
7015 7543
6780 7544
4928 7545
2815 7546
1631 7547
6376 7548
1886 7549
5000 7550
4315 7551
1160 7552
6765 7553
2049 7554
1218 7555
1924 7556
6996 7557
6558 7558
152 7559
4388 7560
6421 7561
5354 7562
3376 7563
3312 7564
3558 7565
825 7566
3506 7567
2361 7568
1374 7569
6479 7570
4911 7571
5210 7572
5922 7573
3565 7574
4417 7575
7233 7576
2334 7577
2012 7578
3846 7579
4286 7580
2542 7581
2701 7582
3139 7583
6790 7584
7336 7585
3280 7586
2111 7587
4269 7588
1808 7589
5269 7590
3309 7591
2777 7592
49 7593
1592 7594
1529 7595
5716 7596
3810 7597
4566 7598
3548 7599
4510 7600
3351 7601
5160 7602
6594 7603
1509 7604
1843 7605
3782 7606
7286 7607
629 7608
3890 7609
5627 7610
1363 7611
2356 7612
718 7613
1653 7614
2963 7615
5145 7616
6341 7617
1473 7618
2173 7619
3321 7620
7300 7621
3565 7622
2025 7623
1596 7624
2528 7625
2413 7626
2064 7627
6879 7628
5977 7629
312 7630
552 7631
2177 7632
2240 7633
5070 7634
5299 7635
5784 7636
7147 7637
6907 7638
2549 7639
5406 7640
7023 7641
6291 7642
463 7643
5494 7644
5467 7645
3605 7646
5647 7647
773 7648
3500 7649
7362 7650
235 7651
7043 7652
822 7653
1272 7654
4587 7655
7401 7656
7555 7657
6031 7658
2707 7659
4182 7660
5412 7661
6127 7662
7617 7663
4943 7664
331 7665
5243 7666
2959 7667
7450 7668
6283 7669
5362 7670
2041 7671
5328 7672
3842 7673
4384 7674
7596 7675
3024 7676
3769 7677
3501 7678
1856 7679
7615 7680
201 7681
2836 7682
5710 7683
2706 7684
2177 7685
5452 7686
6707 7687
7589 7688
4089 7689
5191 7690
4907 7691
1960 7692
2982 7693
1751 7694
7473 7695
2683 7696
1103 7697
4316 7698
1476 7699
3396 7700
6669 7701
2153 7702
7298 7703
1519 7704
1615 7705
1785 7706
4402 7707
183 7708
4390 7709
822 7710
1784 7711
1293 7712
3081 7713
6410 7714
5060 7715
4267 7716
5213 7717
6875 7718
589 7719
5406 7720
5147 7721
899 7722
3684 7723
352 7724
3152 7725
3569 7726
5916 7727
4338 7728
6888 7729
122 7730
3099 7731
3309 7732
6844 7733
5301 7734
2458 7735
301 7736
6880 7737
6234 7738
2908 7739
7712 7740
7484 7741
5960 7742
2299 7743
5964 7744
2032 7745
4218 7746
1858 7747
4110 7748
4653 7749
2359 7750
1565 7751
4836 7752
2944 7753
5856 7754
7424 7755
2914 7756
4407 7757
7443 7758
2645 7759
4325 7760
1486 7761
5697 7762
3851 7763
3320 7764
2420 7765
7148 7766
4003 7767
5488 7768
5913 7769
4019 7770
753 7771
1885 7772
3847 7773
500 7774
3568 7775
2098 7776
2492 7777
7112 7778
5552 7779
2277 7780
4474 7781
4459 7782
1934 7783
4880 7784
3088 7785
7428 7786
4644 7787
997 7788
598 7789
224 7790
3532 7791
6238 7792
1550 7793
3948 7794
5455 7795
4317 7796
6455 7797
7140 7798
7228 7799
4235 7800
3870 7801
2996 7802
2646 7803
943 7804
186 7805
3947 7806
5796 7807
6142 7808
6308 7809
5248 7810
5031 7811
6954 7812
7685 7813
4985 7814
2607 7815
7148 7816
1384 7817
3488 7818
3952 7819
1843 7820
4828 7821
2132 7822
1799 7823
3006 7824
5436 7825
3475 7826
5365 7827
2340 7828
4843 7829
1247 7830
7794 7831
2419 7832
6684 7833
3126 7834
4212 7835
2945 7836
6352 7837
4765 7838
5497 7839
3599 7840
1568 7841
5511 7842
1602 7843
4068 7844
4443 7845
943 7846
2945 7847
6058 7848
2431 7849
2123 7850
7486 7851
2234 7852
1937 7853
2213 7854
5785 7855
700 7856
4043 7857
6337 7858
5173 7859
7051 7860
2085 7861
5657 7862
972 7863
1624 7864
5031 7865
5475 7866
7292 7867
6506 7868
6007 7869
4360 7870
580 7871
837 7872
5082 7873
332 7874
5547 7875
1794 7876
985 7877
6644 7878
5024 7879
5255 7880
1176 7881
1129 7882
7817 7883
5097 7884
1569 7885
2528 7886
1158 7887
25 7888
4334 7889
619 7890
6471 7891
4992 7892
2072 7893
2746 7894
4896 7895
77 7896
7414 7897
1585 7898
3819 7899
238 7900
2706 7901
1112 7902
3516 7903
862 7904
782 7905
1019 7906
6664 7907
6960 7908
1278 7909
6827 7910
5228 7911
1210 7912
5663 7913
7560 7914
2272 7915
4692 7916
2270 7917
3746 7918
6633 7919
1179 7920
6631 7921
2056 7922
3357 7923
6707 7924
2658 7925
7130 7926
5271 7927
4481 7928
2379 7929
2016 7930
6080 7931
3799 7932
2046 7933
4619 7934
6760 7935
2452 7936
6464 7937
5965 7938
1840 7939
2329 7940
738 7941
2765 7942
4182 7943
2470 7944
4965 7945
4287 7946
1513 7947
3644 7948
2026 7949
2014 7950
621 7951
2831 7952
6821 7953
210 7954
1821 7955
5800 7956
780 7957
3550 7958
2439 7959
6048 7960
3769 7961
5133 7962
5169 7963
3277 7964
3952 7965
6877 7966
7844 7967
2099 7968
471 7969
6306 7970
2651 7971
3914 7972
6651 7973
901 7974
7859 7975
2049 7976
2384 7977
4738 7978
4451 7979
1688 7980
5323 7981
7284 7982
4952 7983
211 7984
1116 7985
4453 7986
5896 7987
2026 7988
2242 7989
540 7990
5291 7991
560 7992
215 7993
4708 7994
2452 7995
99 7996
6977 7997
2768 7998
979 7999
4779 8000
2952 8001
4823 8002
2316 8003
5835 8004
52 8005
155 8006
4873 8007
876 8008
6131 8009
4823 8010
3055 8011
6247 8012
4595 8013
1696 8014
6246 8015
762 8016
5826 8017
2330 8018
2979 8019
5950 8020
3889 8021
4924 8022
6825 8023
722 8024
6511 8025
7851 8026
5315 8027
7922 8028
7872 8029
3937 8030
5576 8031
7080 8032
3068 8033
4393 8034
6753 8035
3195 8036
7725 8037
5449 8038
7128 8039
4235 8040
7661 8041
891 8042
2227 8043
70 8044
652 8045
6062 8046
2726 8047
6222 8048
5551 8049
2559 8050
7360 8051
4217 8052
7978 8053
5881 8054
5056 8055
4840 8056
1769 8057
5789 8058
7894 8059
5114 8060
368 8061
3552 8062
1584 8063
1420 8064
1459 8065
4528 8066
2675 8067
3678 8068
3480 8069
1479 8070
3875 8071
4048 8072
3779 8073
2016 8074
618 8075
6230 8076
3327 8077
6356 8078
2701 8079
3748 8080
1118 8081
3198 8082
6598 8083
4976 8084
1638 8085
3955 8086
459 8087
2973 8088
7122 8089
3943 8090
5015 8091
5281 8092
6330 8093
8073 8094
1355 8095
1650 8096
126 8097
1119 8098
5000 8099
1841 8100
3080 8101
7384 8102
7420 8103
3563 8104
6549 8105
5271 8106
6401 8107
3323 8108
6413 8109
5443 8110
4203 8111
3887 8112
3665 8113
5875 8114
4158 8115
5841 8116
100 8117
4307 8118
5855 8119
4099 8120
1887 8121
1743 8122
7707 8123
6827 8124
1090 8125
4257 8126
3654 8127
2540 8128
5348 8129
1426 8130
3170 8131
4417 8132
5503 8133
4435 8134
4698 8135
6684 8136
3859 8137
6640 8138
5071 8139
223 8140
82 8141
4218 8142
3222 8143
1578 8144
4641 8145
6736 8146
7111 8147
7838 8148
1018 8149
1196 8150
1671 8151
5489 8152
3566 8153
4569 8154
7754 8155
3964 8156
212 8157
7956 8158
7172 8159
1682 8160
6500 8161
6861 8162
595 8163
1922 8164
439 8165
4937 8166
6767 8167
1165 8168
6894 8169
5444 8170
7900 8171
1691 8172
6235 8173
5785 8174
6487 8175
2425 8176
600 8177
1376 8178
5771 8179
2725 8180
6847 8181
2012 8182
5380 8183
7169 8184
3589 8185
8041 8186
5673 8187
5457 8188
3801 8189
5660 8190
3927 8191
8178 8192
5089 8193
2254 8194
825 8195
4490 8196
1694 8197
2981 8198
2080 8199
2832 8200
502 8201
102 8202
8000 8203
3269 8204
6877 8205
1807 8206
1514 8207
739 8208
2714 8209
6845 8210
7115 8211
7229 8212
1931 8213
7740 8214
3274 8215
5993 8216
4629 8217
8158 8218
1650 8219
102 8220
3154 8221
1162 8222
4009 8223
7983 8224
5763 8225
7934 8226
2590 8227
7385 8228
5743 8229
4156 8230
3449 8231
3399 8232
6626 8233
1368 8234
3760 8235
1629 8236
2599 8237
3229 8238
3158 8239
2953 8240
4478 8241
1432 8242
5621 8243
6333 8244
268 8245
4799 8246
1782 8247
7515 8248
7236 8249
4541 8250
8240 8251
291 8252
8179 8253
5591 8254
7865 8255
954 8256
1186 8257
3596 8258
4496 8259
5451 8260
4358 8261
4674 8262
1839 8263
6896 8264
5045 8265
1379 8266
141 8267
3296 8268
1509 8269
3872 8270
7300 8271
1658 8272
2092 8273
1913 8274
267 8275
3886 8276
362 8277
7951 8278
4112 8279
1128 8280
6423 8281
5123 8282
314 8283
8025 8284
633 8285
1122 8286
6948 8287
2482 8288
8129 8289
1419 8290
7678 8291
2396 8292
345 8293
8061 8294
1594 8295
7418 8296
2519 8297
1768 8298
3136 8299
4314 8300
8018 8301
370 8302
4884 8303
7951 8304
4694 8305
1174 8306
6292 8307
4796 8308
2349 8309
7593 8310
20 8311
3645 8312
7560 8313
1137 8314
1345 8315
3907 8316
8125 8317
7043 8318
7303 8319
5017 8320
279 8321
5875 8322
139 8323
2531 8324
838 8325
6441 8326
5381 8327
2537 8328
1796 8329
7555 8330
2511 8331
6587 8332
98 8333
7963 8334
5992 8335
3443 8336
3157 8337
3969 8338
6037 8339
113 8340
1095 8341
5596 8342
5416 8343
6892 8344
7308 8345
4288 8346
4305 8347
7162 8348
3539 8349
7706 8350
7247 8351
4901 8352
4852 8353
7190 8354
7147 8355
7050 8356
1123 8357
6202 8358
4812 8359
3149 8360
5907 8361
1536 8362
3400 8363
2646 8364
8149 8365
7649 8366
1339 8367
6749 8368
2409 8369
4343 8370
903 8371
5369 8372
6626 8373
5923 8374
4240 8375
2408 8376
1556 8377
5545 8378
5639 8379
4859 8380
431 8381
107 8382
2319 8383
5926 8384
4654 8385
2850 8386
5515 8387
8022 8388
4758 8389
5227 8390
4802 8391
3761 8392
2248 8393
2767 8394
6345 8395
2235 8396
6391 8397
7987 8398
8301 8399
1006 8400
3244 8401
8069 8402
7284 8403
1852 8404
2985 8405
2616 8406
7534 8407
6325 8408
2835 8409
6491 8410
4707 8411
1838 8412
5320 8413
7793 8414
2158 8415
8250 8416
7489 8417
6966 8418
1845 8419
5824 8420
1427 8421
1318 8422
2491 8423
2205 8424
4235 8425
6709 8426
5666 8427
576 8428
6232 8429
5392 8430
4470 8431
6288 8432
3673 8433
6243 8434
5909 8435
713 8436
2876 8437
3416 8438
3147 8439
7063 8440
7347 8441
5124 8442
661 8443
3196 8444
7319 8445
3038 8446
6272 8447
681 8448
774 8449
2708 8450
6355 8451
3762 8452
5311 8453
6214 8454
1050 8455
1457 8456
3095 8457
5482 8458
3378 8459
8081 8460
1958 8461
3995 8462
3045 8463
5531 8464
1900 8465
2289 8466
4606 8467
2314 8468
1245 8469
1332 8470
1026 8471
1759 8472
8076 8473
4435 8474
5334 8475
4532 8476
3929 8477
5643 8478
5425 8479
1774 8480
2006 8481
4792 8482
819 8483
7572 8484
3935 8485
181 8486
6685 8487
7522 8488
1345 8489
738 8490
4529 8491
4012 8492
5580 8493
8144 8494
8059 8495
5659 8496
3757 8497
321 8498
8238 8499
6775 8500
6575 8501
3356 8502
6445 8503
7486 8504
3235 8505
4293 8506
7703 8507
2371 8508
5386 8509
3849 8510
4953 8511
2498 8512
3311 8513
5472 8514
8031 8515
5147 8516
3350 8517
7666 8518
7142 8519
1434 8520
8500 8521
3137 8522
4946 8523
1887 8524
3784 8525
3566 8526
1871 8527
894 8528
2465 8529
3474 8530
3685 8531
6016 8532
3293 8533
4015 8534
368 8535
1873 8536
2971 8537
7768 8538
7790 8539
4629 8540
2031 8541
3590 8542
960 8543
2220 8544
379 8545
5423 8546
7828 8547
2877 8548
6148 8549
5910 8550
677 8551
5416 8552
7971 8553
2584 8554
4111 8555
776 8556
2050 8557
3388 8558
5905 8559
6516 8560
5939 8561
5439 8562
5302 8563
4122 8564
5328 8565
3841 8566
994 8567
8113 8568
5262 8569
8093 8570
1073 8571
1407 8572
4360 8573
6419 8574
935 8575
8303 8576
2557 8577
6513 8578
6322 8579
5825 8580
1574 8581
3017 8582
8569 8583
882 8584
4206 8585
7397 8586
7538 8587
3257 8588
2636 8589
2555 8590
5971 8591
2998 8592
3800 8593
485 8594
3755 8595
7733 8596
1233 8597
497 8598
4815 8599
3696 8600
3396 8601
5221 8602
1878 8603
1879 8604
2454 8605
4603 8606
596 8607
6069 8608
6746 8609
4325 8610
162 8611
3084 8612
3327 8613
1419 8614
840 8615
6452 8616
6345 8617
7636 8618
1084 8619
6844 8620
148 8621
6862 8622
5484 8623
2379 8624
8175 8625
6211 8626
5675 8627
1638 8628
919 8629
3939 8630
4574 8631
1373 8632
7941 8633
5818 8634
7645 8635
169 8636
4081 8637
2697 8638
5238 8639
8206 8640
1452 8641
702 8642
827 8643
2329 8644
1249 8645
7663 8646
324 8647
7142 8648
1345 8649
5744 8650
4702 8651
7024 8652
1104 8653
4306 8654
26 8655
6135 8656
2650 8657
3073 8658
8295 8659
4175 8660
1052 8661
6756 8662
5033 8663
6840 8664
8302 8665
6075 8666
4683 8667
3301 8668
1728 8669
2712 8670
7690 8671
2304 8672
3582 8673
8111 8674
5226 8675
4422 8676
4262 8677
6648 8678
1956 8679
8011 8680
7432 8681
6222 8682
4313 8683
4297 8684
7537 8685
5287 8686
8658 8687
820 8688
335 8689
3366 8690
566 8691
6515 8692
5637 8693
969 8694
853 8695
6138 8696
2179 8697
4787 8698
6689 8699
8057 8700
3800 8701
6201 8702
7851 8703
3911 8704
3507 8705
7455 8706
5201 8707
5840 8708
1939 8709
3117 8710
1715 8711
6949 8712
2456 8713
6892 8714
4915 8715
8071 8716
967 8717
665 8718
6740 8719
510 8720
8621 8721
6682 8722
7302 8723
8240 8724
6948 8725
5884 8726
6514 8727
3330 8728
4614 8729
2257 8730
4791 8731
2551 8732
4239 8733
3398 8734
6970 8735
7340 8736
3558 8737
8386 8738
5425 8739
1336 8740
8638 8741
1690 8742
2166 8743
3407 8744
1342 8745
5527 8746
469 8747
3645 8748
6122 8749
7057 8750
3432 8751
6976 8752
3125 8753
6877 8754
36 8755
6800 8756
6928 8757
6737 8758
1017 8759
2881 8760
5180 8761
4148 8762
3165 8763
2320 8764
341 8765
4473 8766
2262 8767
6522 8768
4609 8769
2854 8770
5997 8771
7093 8772
5381 8773
2417 8774
6708 8775
170 8776
503 8777
7518 8778
3665 8779
1959 8780
6543 8781
6596 8782
8204 8783
2955 8784
8541 8785
2145 8786
4064 8787
5647 8788
6150 8789
788 8790
7040 8791
5983 8792
8563 8793
4521 8794
6239 8795
5573 8796
879 8797
8191 8798
5285 8799
2682 8800
7814 8801
6150 8802
5836 8803
1414 8804
5520 8805
7779 8806
809 8807
5994 8808
4337 8809
3726 8810
4764 8811
3174 8812
5434 8813
2670 8814
2331 8815
7514 8816
4677 8817
3188 8818
6590 8819
7920 8820
1110 8821
5517 8822
2784 8823
5981 8824
6325 8825
7 8826
8068 8827
8084 8828
2067 8829
3588 8830
6832 8831
4684 8832
3770 8833
7885 8834
7878 8835
881 8836
146 8837
5461 8838
8612 8839
2718 8840
2781 8841
447 8842
8108 8843
6866 8844
2378 8845
3480 8846
7120 8847
3855 8848
1443 8849
1166 8850
8713 8851
4740 8852
6954 8853
1714 8854
8378 8855
7397 8856
319 8857
3632 8858
2887 8859
5132 8860
1313 8861
1385 8862
2241 8863
2706 8864
290 8865
308 8866
6792 8867
4846 8868
776 8869
8439 8870
8269 8871
236 8872
1081 8873
8795 8874
6030 8875
2804 8876
5175 8877
4040 8878
512 8879
1322 8880
5672 8881
7449 8882
4069 8883
8774 8884
5477 8885
4024 8886
1362 8887
8141 8888
5677 8889
8056 8890
6038 8891
2113 8892
2129 8893
5981 8894
5840 8895
2588 8896
3216 8897
1483 8898
1466 8899
1062 8900
4170 8901
4307 8902
3837 8903
4847 8904
6184 8905
2137 8906
1015 8907
8070 8908
7586 8909
6933 8910
8474 8911
5368 8912
937 8913
7313 8914
1622 8915
8500 8916
2245 8917
6626 8918
4611 8919
110 8920
2556 8921
6822 8922
7260 8923
4266 8924
6123 8925
7475 8926
8132 8927
3769 8928
8613 8929
2957 8930
3534 8931
7759 8932
7533 8933
8602 8934
6353 8935
2331 8936
3940 8937
7814 8938
1362 8939
2626 8940
2353 8941
2612 8942
7050 8943
2262 8944
147 8945
4652 8946
2184 8947
6620 8948
439 8949
3016 8950
212 8951
8783 8952
2924 8953
879 8954
2902 8955
6237 8956
204 8957
7617 8958
8231 8959
130 8960
4795 8961
8127 8962
2316 8963
8340 8964
7520 8965
457 8966
8671 8967
4409 8968
7065 8969
3596 8970
8435 8971
371 8972
2213 8973
7913 8974
4126 8975
959 8976
201 8977
1775 8978
2130 8979
1398 8980
2183 8981
4462 8982
1637 8983
3757 8984
7724 8985
8005 8986
2766 8987
4131 8988
3007 8989
8947 8990
8713 8991
6716 8992
1325 8993
347 8994
7147 8995
571 8996
1267 8997
5043 8998
8310 8999
237 9000
6087 9001
2179 9002
8099 9003
6856 9004
7898 9005
3170 9006
2301 9007
3848 9008
6300 9009
7491 9010
8408 9011
660 9012
7679 9013
6907 9014
1124 9015
1153 9016
2473 9017
4298 9018
4436 9019
7005 9020
2251 9021
7076 9022
7669 9023
8947 9024
842 9025
5283 9026
4654 9027
3929 9028
7009 9029
3376 9030
4417 9031
2867 9032
239 9033
7759 9034
6522 9035
4343 9036
8833 9037
9025 9038
430 9039
6544 9040
2570 9041
1396 9042
5714 9043
8039 9044
2104 9045
4067 9046
7476 9047
5900 9048
6093 9049
8160 9050
1960 9051
660 9052
8584 9053
2774 9054
3847 9055
2520 9056
6350 9057
814 9058
1385 9059
8645 9060
1761 9061
408 9062
4727 9063
5317 9064
7522 9065
8505 9066
5219 9067
5223 9068
3564 9069
5182 9070
295 9071
5794 9072
7122 9073
530 9074
1883 9075
4277 9076
4319 9077
4234 9078
7396 9079
1582 9080
8623 9081
3002 9082
1587 9083
2791 9084
2427 9085
5974 9086
1474 9087
8985 9088
7169 9089
7775 9090
668 9091
7469 9092
5287 9093
8828 9094
7179 9095
3205 9096
6840 9097
8247 9098
5426 9099
3669 9100
5378 9101
7542 9102
2883 9103
4297 9104
7691 9105
351 9106
183 9107
4521 9108
698 9109
6726 9110
6506 9111
6747 9112
3388 9113
8964 9114
6044 9115
8194 9116
1631 9117
1580 9118
8661 9119
4757 9120
6619 9121
9037 9122
3623 9123
3293 9124
7286 9125
3702 9126
2526 9127
1866 9128
932 9129
4452 9130
3868 9131
536 9132
3323 9133
7732 9134
3591 9135
2329 9136
7093 9137
4156 9138
1267 9139
1606 9140
1349 9141
4517 9142
8367 9143
1930 9144
3172 9145
3340 9146
1243 9147
3086 9148
7718 9149
5531 9150
6383 9151
2697 9152
7493 9153
527 9154
97 9155
3039 9156
5422 9157
2416 9158
9050 9159
2387 9160
7370 9161
4738 9162
3044 9163
1394 9164
5336 9165
5760 9166
1700 9167
7471 9168
1873 9169
5086 9170
8683 9171
6186 9172
7130 9173
3678 9174
8818 9175
1176 9176
4980 9177
981 9178
300 9179
4251 9180
6658 9181
5698 9182
4615 9183
9081 9184
6645 9185
8911 9186
1848 9187
5128 9188
5472 9189
639 9190
994 9191
8377 9192
1086 9193
6943 9194
9133 9195
2712 9196
3450 9197
5134 9198
3535 9199
5558 9200
8884 9201
7526 9202
4081 9203
1341 9204
7919 9205
7388 9206
175 9207
3335 9208
7065 9209
7460 9210
8925 9211
2000 9212
6817 9213
4886 9214
236 9215
3917 9216
830 9217
3921 9218
4463 9219
6564 9220
1866 9221
87 9222
7094 9223
8752 9224
5096 9225
5087 9226
2357 9227
3179 9228
3969 9229
8392 9230
6319 9231
4134 9232
1657 9233
1416 9234
7733 9235
8466 9236
2152 9237
3553 9238
1447 9239
3861 9240
743 9241
7681 9242
5092 9243
6759 9244
4854 9245
1764 9246
6476 9247
715 9248
4402 9249
992 9250
5458 9251
7481 9252
4000 9253
7822 9254
4765 9255
1786 9256
6010 9257
413 9258
2360 9259
5216 9260
3285 9261
3043 9262
251 9263
2422 9264
4412 9265
703 9266
8293 9267
5470 9268
1424 9269
4978 9270
6435 9271
3418 9272
4032 9273
6290 9274
7378 9275
3363 9276
5354 9277
9228 9278
1135 9279
8494 9280
7565 9281
5514 9282
152 9283
1539 9284
4962 9285
1624 9286
6482 9287
8789 9288
5964 9289
3535 9290
8574 9291
2373 9292
3334 9293
2279 9294
7741 9295
6232 9296
6107 9297
2614 9298
1071 9299
773 9300
5308 9301
9140 9302
4669 9303
7681 9304
1045 9305
3270 9306
3334 9307
4342 9308
2521 9309
6177 9310
1816 9311
3916 9312
6665 9313
2394 9314
4951 9315
4283 9316
9149 9317
6863 9318
6767 9319
995 9320
8605 9321
8742 9322
6170 9323
396 9324
3397 9325
4819 9326
2452 9327
8431 9328
4017 9329
6544 9330
139 9331
888 9332
1389 9333
3627 9334
2535 9335
6679 9336
7445 9337
9004 9338
2187 9339
7695 9340
9047 9341
7315 9342
8089 9343
8886 9344
2816 9345
8264 9346
1507 9347
2754 9348
3995 9349
1711 9350
6210 9351
3501 9352
6767 9353
5400 9354
7990 9355
3148 9356
6969 9357
5917 9358
3959 9359
6125 9360
871 9361
2954 9362
3423 9363
1816 9364
7078 9365
3816 9366
3429 9367
3964 9368
9158 9369
2421 9370
1727 9371
8013 9372
3180 9373
8408 9374
1861 9375
1157 9376
1206 9377
9199 9378
8444 9379
2694 9380
2963 9381
3967 9382
9167 9383
6422 9384
2578 9385
5151 9386
5098 9387
6717 9388
8482 9389
4288 9390
32 9391
6565 9392
3558 9393
4041 9394
7279 9395
7005 9396
7599 9397
7337 9398
4914 9399
1500 9400
2217 9401
2706 9402
4653 9403
2606 9404
5576 9405
5108 9406
1593 9407
4037 9408
8249 9409
1866 9410
3388 9411
7525 9412
1083 9413
6129 9414
7688 9415
5917 9416
94 9417
4130 9418
1754 9419
534 9420
5719 9421
8204 9422
6285 9423
1698 9424
8360 9425
9109 9426
8337 9427
8094 9428
7855 9429
8684 9430
2822 9431
4433 9432
5717 9433
6060 9434
6080 9435
8990 9436
7579 9437
4220 9438
941 9439
4037 9440
4454 9441
1750 9442
3898 9443
8790 9444
4874 9445
3673 9446
1250 9447
8488 9448
7521 9449
7687 9450
1524 9451
9304 9452
7909 9453
972 9454
2727 9455
5477 9456
7571 9457
8091 9458
8083 9459
3186 9460
588 9461
7394 9462
2056 9463
5981 9464
6003 9465
5105 9466
2446 9467
1066 9468
4866 9469
1928 9470
8650 9471
5212 9472
2256 9473
2404 9474
2239 9475
3513 9476
4336 9477
3539 9478
6338 9479
7370 9480
5276 9481
1021 9482
2102 9483
1243 9484
9100 9485
2612 9486
6869 9487
6009 9488
6932 9489
2191 9490
8696 9491
3679 9492
6778 9493
1228 9494
457 9495
1456 9496
7138 9497
6057 9498
2872 9499
102 9500
1930 9501
6110 9502
3336 9503
7201 9504
8281 9505
1554 9506
8089 9507
5487 9508
3641 9509
1758 9510
5102 9511
126 9512
4863 9513
1506 9514
3919 9515
6915 9516
3202 9517
5847 9518
2369 9519
1707 9520
3659 9521
3262 9522
3162 9523
8411 9524
6189 9525
7667 9526
5415 9527
5155 9528
4130 9529
1932 9530
2008 9531
8563 9532
9142 9533
103 9534
2698 9535
7507 9536
2863 9537
8162 9538
516 9539
7264 9540
6977 9541
5368 9542
5932 9543
6414 9544
6455 9545
3141 9546
8076 9547
6778 9548
2002 9549
879 9550
8767 9551
2345 9552
5929 9553
4348 9554
2713 9555
1636 9556
71 9557
5348 9558
6863 9559
280 9560
6391 9561
8767 9562
3623 9563
404 9564
786 9565
5987 9566
8637 9567
1806 9568
1776 9569
8429 9570
4341 9571
2468 9572
2685 9573
3306 9574
687 9575
297 9576
4553 9577
4127 9578
1173 9579
4453 9580
2301 9581
5547 9582
148 9583
2287 9584
9461 9585
9454 9586
7984 9587
4319 9588
2557 9589
2744 9590
5715 9591
1756 9592
2505 9593
2778 9594
4364 9595
2205 9596
1823 9597
289 9598
5279 9599
8496 9600
1881 9601
4915 9602
8823 9603
8271 9604
5661 9605
6183 9606
4152 9607
4559 9608
4067 9609
8353 9610
2978 9611
7465 9612
84 9613
3289 9614
6802 9615
3746 9616
1904 9617
3678 9618
9437 9619
5101 9620
5907 9621
2456 9622
4345 9623
8621 9624
6455 9625
2990 9626
713 9627
2774 9628
4915 9629
4740 9630
2170 9631
1669 9632
1564 9633
1048 9634
6724 9635
947 9636
6110 9637
8032 9638
2007 9639
3521 9640
8220 9641
8933 9642
3408 9643
8135 9644
203 9645
7303 9646
4614 9647
9044 9648
8728 9649
8560 9650
1981 9651
9647 9652
4408 9653
3860 9654
615 9655
3038 9656
2748 9657
4706 9658
3554 9659
4656 9660
8207 9661
1006 9662
3428 9663
2622 9664
7054 9665
3036 9666
1708 9667
6831 9668
1451 9669
3479 9670
5635 9671
4658 9672
425 9673
1390 9674
1425 9675
291 9676
5705 9677
4078 9678
801 9679
822 9680
4118 9681
7251 9682
4416 9683
2032 9684
5869 9685
4275 9686
870 9687
4966 9688
1379 9689
9621 9690
1716 9691
3803 9692
6120 9693
3160 9694
2489 9695
8926 9696
4688 9697
4225 9698
9694 9699
9635 9700
3533 9701
5543 9702
2849 9703
4969 9704
7075 9705
2390 9706
3770 9707
7185 9708
2531 9709
5898 9710
8479 9711
4806 9712
6891 9713
573 9714
2762 9715
8130 9716
774 9717
1814 9718
714 9719
3375 9720
9232 9721
978 9722
1953 9723
6688 9724
2751 9725
9146 9726
7494 9727
4748 9728
6663 9729
4533 9730
6978 9731
4377 9732
4430 9733
8559 9734
3573 9735
4426 9736
933 9737
9466 9738
3013 9739
7285 9740
5424 9741
6015 9742
4177 9743
8713 9744
6210 9745
7149 9746
8161 9747
205 9748
2655 9749
971 9750
7220 9751
6401 9752
1345 9753
3016 9754
6924 9755
63 9756
5674 9757
32 9758
3193 9759
2737 9760
176 9761
3247 9762
6015 9763
5721 9764
6528 9765
2601 9766
4500 9767
5460 9768
7056 9769
9485 9770
4464 9771
1085 9772
4796 9773
7467 9774
1250 9775
3740 9776
4003 9777
287 9778
250 9779
8165 9780
1417 9781
4972 9782
3841 9783
3782 9784
5839 9785
3131 9786
8091 9787
2250 9788
5785 9789
1616 9790
4435 9791
7350 9792
1129 9793
3742 9794
5302 9795
4284 9796
3381 9797
8490 9798
713 9799
5538 9800
3952 9801
8393 9802
4870 9803
3710 9804
8404 9805
8454 9806
6338 9807
2570 9808
236 9809
707 9810
6028 9811
2984 9812
6699 9813
2905 9814
1773 9815
1755 9816
3509 9817
7519 9818
6958 9819
6124 9820
9362 9821
5195 9822
1713 9823
5210 9824
6789 9825
3845 9826
2620 9827
7766 9828
3535 9829
7532 9830
7757 9831
7714 9832
5431 9833
5428 9834
3554 9835
790 9836
5740 9837
8896 9838
4334 9839
8607 9840
605 9841
6007 9842
4260 9843
4344 9844
3953 9845
1403 9846
9625 9847
6671 9848
2477 9849
9819 9850
3383 9851
3705 9852
9145 9853
5999 9854
4146 9855
1936 9856
5006 9857
9431 9858
8027 9859
4223 9860
5968 9861
2086 9862
1157 9863
5566 9864
6884 9865
5518 9866
3546 9867
6815 9868
1286 9869
2085 9870
2851 9871
7754 9872
4986 9873
5861 9874
9417 9875
2491 9876
2285 9877
1518 9878
7890 9879
8398 9880
6947 9881
2711 9882
9127 9883
7262 9884
3441 9885
4073 9886
797 9887
4152 9888
1025 9889
352 9890
8724 9891
8276 9892
6159 9893
7942 9894
9605 9895
1534 9896
560 9897
7702 9898
721 9899
5380 9900
8737 9901
2651 9902
6636 9903
7411 9904
4897 9905
8962 9906
2743 9907
7220 9908
2077 9909
9145 9910
7916 9911
1587 9912
9612 9913
2972 9914
416 9915
5216 9916
6794 9917
1263 9918
194 9919
800 9920
4910 9921
8251 9922
3209 9923
1448 9924
7002 9925
3582 9926
5775 9927
9874 9928
633 9929
5030 9930
9256 9931
7051 9932
9006 9933
2208 9934
8519 9935
7537 9936
6036 9937
3633 9938
5497 9939
3851 9940
4836 9941
6092 9942
5839 9943
7937 9944
8235 9945
5831 9946
5772 9947
8279 9948
4384 9949
8540 9950
756 9951
3304 9952
9580 9953
3214 9954
2800 9955
5004 9956
5726 9957
3038 9958
5409 9959
6042 9960
6586 9961
3287 9962
7465 9963
9017 9964
5433 9965
8100 9966
9355 9967
4263 9968
3012 9969
7673 9970
913 9971
5571 9972
8588 9973
2670 9974
4302 9975
1113 9976
3153 9977
3278 9978
4894 9979
3129 9980
8008 9981
1463 9982
5374 9983
2988 9984
2297 9985
9267 9986
3311 9987
7738 9988
9474 9989
1831 9990
962 9991
54 9992
2467 9993
3650 9994
3440 9995
6509 9996
9475 9997
534 9998
5681 9999
1762 10000
