1 2
1 3
2 4
3 5
4 6
5 7
3 8
7 9
8 10
5 11
4 12
10 13
13 14
1 15
1 16
2 17
11 18
17 19
16 20
8 21
12 22
15 23
9 24
3 25
25 26
19 27
6 28
3 29
1 30
6 31
16 32
2 33
27 34
23 35
21 36
11 37
11 38
23 39
25 40
36 41
25 42
34 43
19 44
25 45
24 46
43 47
18 48
3 49
40 50
2 51
40 52
33 53
14 54
9 55
21 56
36 57
26 58
16 59
24 60
17 61
5 62
50 63
11 64
13 65
42 66
36 67
56 68
58 69
27 70
58 71
60 72
31 73
32 74
51 75
25 76
21 77
9 78
10 79
29 80
67 81
28 82
54 83
73 84
54 85
53 86
70 87
18 88
32 89
85 90
6 91
81 92
5 93
21 94
92 95
16 96
68 97
75 98
31 99
31 100
100 101
82 102
74 103
39 104
74 105
77 106
60 107
51 108
91 109
74 110
49 111
45 112
87 113
74 114
51 115
62 116
83 117
111 118
74 119
95 120
83 121
75 122
113 123
106 124
58 125
10 126
71 127
96 128
17 129
4 130
101 131
10 132
106 133
46 134
25 135
111 136
2 137
57 138
118 139
116 140
118 141
88 142
101 143
54 144
105 145
80 146
110 147
43 148
13 149
78 150
114 151
118 152
123 153
24 154
113 155
30 156
2 157
151 158
83 159
66 160
110 161
135 162
28 163
71 164
34 165
105 166
47 167
3 168
74 169
28 170
9 171
114 172
11 173
62 174
13 175
171 176
171 177
150 178
149 179
123 180
130 181
20 182
137 183
103 184
111 185
139 186
111 187
85 188
104 189
183 190
43 191
123 192
64 193
193 194
146 195
176 196
86 197
59 198
39 199
45 200
30 201
84 202
45 203
77 204
86 205
47 206
134 207
168 208
106 209
99 210
20 211
15 212
171 213
132 214
99 215
172 216
78 217
33 218
112 219
204 220
86 221
127 222
159 223
60 224
29 225
105 226
131 227
216 228
18 229
16 230
46 231
35 232
69 233
112 234
216 235
100 236
196 237
222 238
146 239
210 240
58 241
50 242
67 243
45 244
203 245
133 246
77 247
48 248
176 249
191 250
134 251
191 252
95 253
218 254
31 255
10 256
80 257
73 258
14 259
49 260
153 261
76 262
221 263
12 264
56 265
27 266
25 267
185 268
24 269
191 270
124 271
186 272
83 273
49 274
108 275
88 276
123 277
255 278
98 279
42 280
9 281
248 282
181 283
147 284
157 285
28 286
196 287
158 288
82 289
34 290
156 291
15 292
195 293
210 294
221 295
181 296
289 297
126 298
204 299
39 300
195 301
72 302
225 303
153 304
73 305
119 306
205 307
274 308
283 309
121 310
99 311
278 312
22 313
64 314
219 315
26 316
305 317
275 318
283 319
223 320
246 321
49 322
28 323
157 324
78 325
170 326
310 327
241 328
67 329
21 330
306 331
242 332
294 333
75 334
176 335
14 336
54 337
336 338
107 339
305 340
74 341
71 342
232 343
61 344
284 345
121 346
304 347
121 348
186 349
215 350
284 351
209 352
13 353
9 354
340 355
89 356
103 357
101 358
229 359
183 360
164 361
182 362
35 363
7 364
131 365
67 366
245 367
41 368
34 369
144 370
310 371
168 372
54 373
163 374
37 375
117 376
198 377
354 378
7 379
369 380
195 381
186 382
262 383
300 384
51 385
240 386
125 387
171 388
97 389
87 390
384 391
143 392
135 393
37 394
328 395
50 396
239 397
279 398
264 399
243 400
97 401
360 402
185 403
176 404
342 405
333 406
251 407
144 408
1 409
322 410
45 411
161 412
10 413
263 414
296 415
32 416
412 417
347 418
50 419
148 420
60 421
294 422
3 423
305 424
400 425
281 426
411 427
259 428
42 429
152 430
131 431
397 432
201 433
285 434
111 435
311 436
227 437
366 438
245 439
185 440
115 441
309 442
68 443
394 444
360 445
223 446
433 447
206 448
422 449
329 450
304 451
358 452
433 453
111 454
120 455
363 456
24 457
309 458
72 459
426 460
447 461
105 462
365 463
36 464
20 465
408 466
126 467
200 468
249 469
361 470
63 471
405 472
24 473
130 474
365 475
325 476
100 477
106 478
76 479
251 480
370 481
133 482
265 483
451 484
206 485
463 486
300 487
227 488
459 489
338 490
370 491
50 492
115 493
431 494
3 495
33 496
37 497
203 498
425 499
346 500
344 501
138 502
410 503
495 504
62 505
370 506
412 507
200 508
447 509
383 510
408 511
88 512
429 513
198 514
411 515
334 516
93 517
56 518
266 519
418 520
167 521
518 522
109 523
437 524
216 525
390 526
129 527
56 528
286 529
132 530
493 531
240 532
453 533
123 534
492 535
379 536
477 537
221 538
275 539
41 540
174 541
6 542
39 543
348 544
293 545
301 546
274 547
21 548
355 549
276 550
541 551
409 552
324 553
407 554
242 555
228 556
71 557
187 558
505 559
302 560
358 561
476 562
148 563
461 564
510 565
527 566
87 567
102 568
172 569
249 570
518 571
71 572
342 573
502 574
269 575
72 576
318 577
264 578
186 579
64 580
507 581
244 582
404 583
86 584
412 585
324 586
35 587
352 588
280 589
543 590
115 591
106 592
581 593
71 594
61 595
501 596
41 597
108 598
185 599
255 600
325 601
529 602
22 603
459 604
139 605
364 606
264 607
362 608
48 609
11 610
423 611
18 612
254 613
327 614
105 615
14 616
427 617
254 618
365 619
388 620
307 621
273 622
433 623
146 624
186 625
68 626
382 627
563 628
598 629
236 630
200 631
323 632
106 633
213 634
382 635
440 636
483 637
157 638
137 639
131 640
480 641
111 642
76 643
218 644
560 645
253 646
570 647
555 648
482 649
509 650
68 651
432 652
213 653
250 654
252 655
449 656
337 657
488 658
537 659
602 660
194 661
482 662
602 663
121 664
567 665
45 666
575 667
551 668
258 669
140 670
234 671
594 672
576 673
90 674
552 675
7 676
539 677
147 678
1 679
219 680
428 681
631 682
444 683
401 684
30 685
177 686
125 687
413 688
594 689
37 690
44 691
13 692
292 693
370 694
358 695
352 696
466 697
427 698
644 699
84 700
166 701
575 702
376 703
595 704
354 705
589 706
302 707
156 708
412 709
489 710
463 711
324 712
261 713
10 714
9 715
403 716
608 717
392 718
598 719
157 720
506 721
663 722
420 723
423 724
236 725
590 726
556 727
439 728
534 729
697 730
53 731
224 732
165 733
577 734
37 735
647 736
534 737
727 738
198 739
284 740
737 741
290 742
289 743
578 744
590 745
100 746
20 747
194 748
628 749
257 750
686 751
461 752
72 753
62 754
440 755
676 756
598 757
539 758
417 759
187 760
139 761
308 762
221 763
333 764
733 765
112 766
474 767
144 768
546 769
41 770
169 771
43 772
31 773
524 774
12 775
304 776
533 777
243 778
711 779
611 780
200 781
76 782
734 783
60 784
632 785
663 786
309 787
359 788
781 789
120 790
252 791
221 792
706 793
15 794
759 795
559 796
250 797
193 798
224 799
62 800
260 801
364 802
113 803
557 804
360 805
597 806
399 807
485 808
536 809
249 810
610 811
638 812
782 813
347 814
213 815
471 816
166 817
436 818
545 819
93 820
286 821
387 822
439 823
816 824
339 825
531 826
266 827
294 828
206 829
540 830
769 831
345 832
472 833
125 834
625 835
40 836
531 837
228 838
212 839
797 840
25 841
63 842
663 843
455 844
591 845
241 846
312 847
754 848
102 849
335 850
313 851
662 852
260 853
18 854
160 855
784 856
374 857
5 858
772 859
851 860
742 861
47 862
251 863
129 864
835 865
688 866
170 867
330 868
453 869
436 870
240 871
582 872
682 873
582 874
767 875
435 876
137 877
10 878
589 879
413 880
592 881
587 882
615 883
487 884
282 885
337 886
746 887
785 888
510 889
574 890
718 891
708 892
787 893
578 894
667 895
101 896
500 897
149 898
821 899
478 900
756 901
607 902
387 903
239 904
688 905
362 906
491 907
596 908
165 909
653 910
111 911
486 912
604 913
371 914
319 915
483 916
618 917
206 918
828 919
629 920
371 921
416 922
303 923
789 924
236 925
164 926
650 927
4 928
75 929
193 930
794 931
201 932
361 933
622 934
606 935
748 936
884 937
398 938
724 939
145 940
786 941
885 942
828 943
807 944
487 945
333 946
885 947
585 948
844 949
868 950
828 951
278 952
920 953
621 954
268 955
509 956
684 957
580 958
430 959
734 960
780 961
748 962
540 963
127 964
694 965
35 966
721 967
282 968
744 969
423 970
387 971
938 972
93 973
245 974
165 975
30 976
249 977
403 978
104 979
686 980
857 981
337 982
385 983
755 984
231 985
678 986
888 987
361 988
807 989
880 990
400 991
832 992
560 993
179 994
742 995
136 996
50 997
292 998
619 999
905 1000
386 1001
601 1002
636 1003
875 1004
619 1005
493 1006
524 1007
848 1008
501 1009
495 1010
31 1011
33 1012
874 1013
979 1014
981 1015
546 1016
824 1017
890 1018
389 1019
803 1020
692 1021
887 1022
959 1023
30 1024
21 1025
1005 1026
820 1027
374 1028
286 1029
709 1030
193 1031
166 1032
481 1033
456 1034
1031 1035
732 1036
182 1037
278 1038
789 1039
73 1040
191 1041
110 1042
839 1043
768 1044
987 1045
547 1046
511 1047
335 1048
506 1049
784 1050
432 1051
641 1052
237 1053
614 1054
846 1055
984 1056
748 1057
126 1058
181 1059
286 1060
605 1061
518 1062
748 1063
734 1064
367 1065
162 1066
677 1067
67 1068
450 1069
594 1070
333 1071
650 1072
218 1073
640 1074
749 1075
942 1076
1025 1077
1041 1078
754 1079
969 1080
727 1081
1023 1082
1010 1083
180 1084
416 1085
231 1086
972 1087
135 1088
171 1089
591 1090
999 1091
360 1092
547 1093
716 1094
1063 1095
194 1096
594 1097
378 1098
859 1099
301 1100
866 1101
38 1102
305 1103
826 1104
101 1105
767 1106
685 1107
189 1108
207 1109
71 1110
910 1111
585 1112
938 1113
526 1114
239 1115
600 1116
306 1117
194 1118
482 1119
315 1120
247 1121
202 1122
474 1123
938 1124
128 1125
1076 1126
899 1127
675 1128
130 1129
260 1130
128 1131
46 1132
48 1133
138 1134
192 1135
1039 1136
999 1137
1020 1138
692 1139
629 1140
548 1141
946 1142
1075 1143
369 1144
361 1145
164 1146
1121 1147
1001 1148
961 1149
342 1150
214 1151
23 1152
176 1153
702 1154
263 1155
569 1156
23 1157
409 1158
235 1159
860 1160
616 1161
582 1162
657 1163
738 1164
998 1165
691 1166
59 1167
56 1168
1145 1169
597 1170
945 1171
664 1172
300 1173
890 1174
157 1175
532 1176
635 1177
490 1178
824 1179
1106 1180
886 1181
187 1182
689 1183
986 1184
1099 1185
848 1186
664 1187
30 1188
355 1189
774 1190
186 1191
130 1192
856 1193
477 1194
633 1195
303 1196
816 1197
1024 1198
527 1199
1010 1200
398 1201
1024 1202
961 1203
975 1204
743 1205
424 1206
796 1207
166 1208
216 1209
1090 1210
608 1211
609 1212
993 1213
994 1214
404 1215
21 1216
547 1217
1183 1218
970 1219
379 1220
864 1221
868 1222
888 1223
379 1224
1093 1225
82 1226
938 1227
727 1228
1196 1229
993 1230
1065 1231
518 1232
1219 1233
1175 1234
509 1235
60 1236
989 1237
901 1238
464 1239
563 1240
1220 1241
892 1242
43 1243
94 1244
575 1245
1115 1246
44 1247
989 1248
506 1249
76 1250
820 1251
473 1252
1181 1253
1110 1254
352 1255
1001 1256
215 1257
494 1258
152 1259
492 1260
900 1261
318 1262
752 1263
601 1264
115 1265
386 1266
1237 1267
115 1268
504 1269
292 1270
1195 1271
734 1272
1120 1273
1022 1274
686 1275
408 1276
844 1277
919 1278
1060 1279
1165 1280
967 1281
48 1282
302 1283
56 1284
834 1285
63 1286
898 1287
256 1288
89 1289
297 1290
1105 1291
191 1292
459 1293
687 1294
1255 1295
1128 1296
896 1297
305 1298
371 1299
620 1300
1255 1301
776 1302
261 1303
98 1304
938 1305
187 1306
1096 1307
1250 1308
1263 1309
554 1310
1181 1311
352 1312
499 1313
1001 1314
982 1315
146 1316
269 1317
926 1318
1223 1319
746 1320
1016 1321
72 1322
909 1323
382 1324
864 1325
1157 1326
1002 1327
816 1328
135 1329
1271 1330
401 1331
450 1332
1063 1333
141 1334
676 1335
809 1336
902 1337
169 1338
1223 1339
498 1340
140 1341
951 1342
318 1343
546 1344
1101 1345
1061 1346
104 1347
207 1348
1203 1349
1327 1350
928 1351
945 1352
1185 1353
718 1354
1048 1355
1048 1356
459 1357
1328 1358
873 1359
823 1360
336 1361
1022 1362
298 1363
1029 1364
755 1365
1255 1366
630 1367
624 1368
869 1369
670 1370
1048 1371
1318 1372
669 1373
917 1374
624 1375
715 1376
497 1377
633 1378
865 1379
1331 1380
834 1381
409 1382
380 1383
43 1384
1255 1385
179 1386
978 1387
1205 1388
350 1389
888 1390
442 1391
835 1392
244 1393
40 1394
831 1395
242 1396
460 1397
661 1398
824 1399
327 1400
1200 1401
234 1402
775 1403
315 1404
993 1405
338 1406
1257 1407
487 1408
561 1409
1395 1410
374 1411
339 1412
295 1413
60 1414
1367 1415
480 1416
193 1417
275 1418
240 1419
70 1420
953 1421
752 1422
1285 1423
219 1424
963 1425
244 1426
1014 1427
641 1428
1389 1429
831 1430
21 1431
1229 1432
1347 1433
104 1434
798 1435
25 1436
412 1437
434 1438
136 1439
952 1440
1013 1441
488 1442
613 1443
1125 1444
1043 1445
745 1446
289 1447
1212 1448
1125 1449
1271 1450
962 1451
262 1452
1090 1453
789 1454
1023 1455
1003 1456
1003 1457
753 1458
54 1459
225 1460
245 1461
253 1462
266 1463
1053 1464
736 1465
824 1466
1155 1467
333 1468
686 1469
911 1470
907 1471
6 1472
763 1473
754 1474
1195 1475
350 1476
305 1477
842 1478
1003 1479
645 1480
538 1481
1296 1482
362 1483
1170 1484
1101 1485
917 1486
1185 1487
235 1488
984 1489
742 1490
959 1491
95 1492
273 1493
923 1494
651 1495
1231 1496
1316 1497
940 1498
1364 1499
1476 1500
1369 1501
172 1502
21 1503
488 1504
220 1505
243 1506
673 1507
698 1508
1229 1509
780 1510
953 1511
520 1512
129 1513
1351 1514
875 1515
448 1516
1426 1517
506 1518
205 1519
636 1520
953 1521
1092 1522
1231 1523
1455 1524
155 1525
244 1526
751 1527
404 1528
425 1529
32 1530
144 1531
1353 1532
1430 1533
1194 1534
160 1535
906 1536
1041 1537
356 1538
651 1539
157 1540
1080 1541
869 1542
191 1543
222 1544
1158 1545
1307 1546
160 1547
1145 1548
135 1549
284 1550
762 1551
560 1552
1307 1553
687 1554
593 1555
603 1556
234 1557
1353 1558
796 1559
332 1560
1092 1561
1489 1562
1299 1563
1551 1564
405 1565
597 1566
399 1567
319 1568
883 1569
833 1570
216 1571
609 1572
1429 1573
509 1574
960 1575
1058 1576
343 1577
951 1578
372 1579
1464 1580
637 1581
294 1582
473 1583
783 1584
1506 1585
1329 1586
241 1587
177 1588
1569 1589
1127 1590
637 1591
1564 1592
512 1593
765 1594
202 1595
218 1596
919 1597
268 1598
988 1599
868 1600
1167 1601
38 1602
140 1603
790 1604
395 1605
580 1606
1511 1607
575 1608
790 1609
149 1610
715 1611
585 1612
1067 1613
946 1614
361 1615
779 1616
997 1617
1250 1618
1561 1619
101 1620
576 1621
497 1622
632 1623
1569 1624
1001 1625
905 1626
1313 1627
1003 1628
1073 1629
644 1630
229 1631
217 1632
675 1633
1443 1634
332 1635
712 1636
1151 1637
809 1638
348 1639
113 1640
1579 1641
697 1642
749 1643
1527 1644
392 1645
577 1646
957 1647
158 1648
1529 1649
947 1650
1173 1651
357 1652
808 1653
1633 1654
141 1655
571 1656
717 1657
1611 1658
1588 1659
1479 1660
568 1661
381 1662
171 1663
476 1664
1518 1665
538 1666
1630 1667
423 1668
614 1669
627 1670
564 1671
530 1672
56 1673
870 1674
1350 1675
510 1676
593 1677
783 1678
1469 1679
953 1680
1602 1681
70 1682
292 1683
1107 1684
600 1685
1184 1686
674 1687
246 1688
1335 1689
850 1690
364 1691
155 1692
1345 1693
233 1694
102 1695
986 1696
1334 1697
561 1698
885 1699
1516 1700
317 1701
1198 1702
510 1703
426 1704
679 1705
1454 1706
1569 1707
820 1708
1298 1709
1442 1710
365 1711
334 1712
391 1713
641 1714
1674 1715
1601 1716
189 1717
1364 1718
330 1719
1232 1720
1083 1721
1144 1722
1017 1723
1476 1724
480 1725
86 1726
1043 1727
682 1728
1569 1729
446 1730
678 1731
388 1732
1355 1733
1119 1734
834 1735
1118 1736
1726 1737
648 1738
165 1739
1646 1740
1101 1741
1199 1742
1005 1743
639 1744
1547 1745
894 1746
460 1747
1688 1748
1324 1749
1637 1750
1209 1751
1541 1752
592 1753
280 1754
1043 1755
1726 1756
301 1757
821 1758
661 1759
724 1760
760 1761
1466 1762
416 1763
521 1764
1124 1765
1663 1766
42 1767
244 1768
715 1769
1181 1770
635 1771
1323 1772
787 1773
1513 1774
1134 1775
1590 1776
1314 1777
1510 1778
129 1779
950 1780
616 1781
890 1782
86 1783
1435 1784
1426 1785
1553 1786
1596 1787
668 1788
1165 1789
1476 1790
1628 1791
590 1792
86 1793
557 1794
258 1795
1486 1796
899 1797
3 1798
565 1799
1054 1800
1153 1801
1466 1802
1724 1803
249 1804
757 1805
371 1806
1790 1807
1583 1808
630 1809
918 1810
543 1811
593 1812
239 1813
263 1814
1685 1815
1148 1816
1327 1817
1148 1818
854 1819
685 1820
276 1821
1241 1822
853 1823
293 1824
515 1825
1007 1826
751 1827
784 1828
1291 1829
108 1830
1523 1831
1205 1832
1211 1833
811 1834
1084 1835
206 1836
790 1837
1733 1838
980 1839
1376 1840
1045 1841
1346 1842
1216 1843
1724 1844
292 1845
811 1846
1528 1847
900 1848
1802 1849
1652 1850
1822 1851
1386 1852
628 1853
375 1854
43 1855
1121 1856
731 1857
1225 1858
258 1859
913 1860
24 1861
606 1862
1454 1863
874 1864
411 1865
536 1866
3 1867
830 1868
1571 1869
1771 1870
1411 1871
55 1872
1537 1873
1749 1874
1748 1875
970 1876
1397 1877
1752 1878
667 1879
1667 1880
359 1881
509 1882
1416 1883
1600 1884
1827 1885
488 1886
1768 1887
849 1888
320 1889
1253 1890
1370 1891
1767 1892
1727 1893
355 1894
1252 1895
1537 1896
1876 1897
1507 1898
476 1899
320 1900
1301 1901
698 1902
856 1903
697 1904
609 1905
1680 1906
181 1907
1895 1908
75 1909
1045 1910
984 1911
1073 1912
30 1913
1746 1914
1114 1915
1808 1916
1833 1917
730 1918
1554 1919
170 1920
1141 1921
292 1922
1593 1923
1563 1924
1807 1925
1381 1926
32 1927
828 1928
761 1929
304 1930
629 1931
1201 1932
1048 1933
1521 1934
362 1935
329 1936
172 1937
1615 1938
1597 1939
1371 1940
204 1941
271 1942
1334 1943
782 1944
194 1945
92 1946
849 1947
627 1948
1916 1949
1266 1950
1866 1951
387 1952
313 1953
227 1954
1774 1955
202 1956
805 1957
1701 1958
646 1959
371 1960
777 1961
1925 1962
1572 1963
1962 1964
499 1965
1788 1966
1807 1967
838 1968
290 1969
1636 1970
54 1971
56 1972
362 1973
1516 1974
1497 1975
1528 1976
940 1977
906 1978
10 1979
1849 1980
1136 1981
1155 1982
471 1983
1457 1984
490 1985
1234 1986
1714 1987
1586 1988
157 1989
467 1990
1422 1991
645 1992
1449 1993
1665 1994
1638 1995
790 1996
1475 1997
341 1998
1627 1999
1926 2000
1195 2001
1988 2002
532 2003
955 2004
562 2005
974 2006
119 2007
37 2008
1619 2009
424 2010
1170 2011
1582 2012
132 2013
1716 2014
1136 2015
505 2016
1002 2017
103 2018
1095 2019
664 2020
1538 2021
1742 2022
1478 2023
1318 2024
1064 2025
853 2026
2025 2027
858 2028
1587 2029
699 2030
731 2031
963 2032
1611 2033
1935 2034
1620 2035
1019 2036
1998 2037
1545 2038
1695 2039
788 2040
247 2041
794 2042
338 2043
705 2044
792 2045
782 2046
1340 2047
412 2048
1444 2049
1182 2050
403 2051
144 2052
672 2053
1756 2054
620 2055
222 2056
1736 2057
915 2058
1831 2059
1331 2060
1276 2061
834 2062
1892 2063
2057 2064
2006 2065
1241 2066
1922 2067
1845 2068
1475 2069
711 2070
1136 2071
856 2072
1860 2073
1012 2074
231 2075
718 2076
939 2077
1751 2078
1363 2079
1531 2080
62 2081
602 2082
1984 2083
1862 2084
986 2085
762 2086
404 2087
888 2088
1586 2089
569 2090
285 2091
274 2092
1693 2093
933 2094
1031 2095
1021 2096
1760 2097
1827 2098
1057 2099
1323 2100
669 2101
197 2102
1987 2103
365 2104
1930 2105
2022 2106
54 2107
1971 2108
1403 2109
230 2110
680 2111
1638 2112
805 2113
1742 2114
1494 2115
1473 2116
753 2117
880 2118
223 2119
516 2120
1629 2121
298 2122
1910 2123
1577 2124
248 2125
1269 2126
1507 2127
1562 2128
230 2129
666 2130
912 2131
1870 2132
1876 2133
481 2134
408 2135
1263 2136
1709 2137
1744 2138
851 2139
1516 2140
975 2141
366 2142
1313 2143
251 2144
82 2145
1420 2146
183 2147
600 2148
153 2149
1979 2150
2021 2151
1325 2152
1389 2153
237 2154
1619 2155
65 2156
432 2157
1389 2158
1662 2159
931 2160
264 2161
164 2162
985 2163
1376 2164
1071 2165
463 2166
1227 2167
1759 2168
433 2169
1664 2170
843 2171
1963 2172
424 2173
2112 2174
1220 2175
1821 2176
457 2177
1343 2178
1914 2179
882 2180
1926 2181
1552 2182
1699 2183
1483 2184
768 2185
1425 2186
355 2187
1597 2188
1134 2189
1025 2190
433 2191
1446 2192
794 2193
2024 2194
77 2195
1427 2196
2076 2197
1735 2198
1921 2199
1755 2200
1494 2201
634 2202
171 2203
2193 2204
1416 2205
1291 2206
614 2207
2113 2208
954 2209
507 2210
470 2211
694 2212
518 2213
974 2214
1134 2215
607 2216
335 2217
494 2218
287 2219
1731 2220
371 2221
298 2222
255 2223
403 2224
860 2225
769 2226
704 2227
124 2228
2034 2229
730 2230
1476 2231
1556 2232
533 2233
1268 2234
2049 2235
743 2236
1874 2237
1308 2238
722 2239
2040 2240
497 2241
2188 2242
15 2243
1322 2244
418 2245
2214 2246
1268 2247
1997 2248
345 2249
1218 2250
1167 2251
1778 2252
1310 2253
1047 2254
1921 2255
1680 2256
937 2257
567 2258
1959 2259
375 2260
1122 2261
63 2262
313 2263
1553 2264
620 2265
1583 2266
2083 2267
1762 2268
989 2269
1334 2270
237 2271
1248 2272
241 2273
594 2274
399 2275
521 2276
103 2277
943 2278
1547 2279
989 2280
448 2281
2046 2282
1537 2283
736 2284
423 2285
815 2286
2252 2287
597 2288
216 2289
1165 2290
24 2291
2193 2292
633 2293
1333 2294
322 2295
40 2296
1454 2297
1365 2298
2017 2299
2054 2300
594 2301
852 2302
902 2303
101 2304
1901 2305
2139 2306
1334 2307
185 2308
864 2309
953 2310
1223 2311
889 2312
361 2313
1782 2314
1797 2315
539 2316
1846 2317
1959 2318
1686 2319
2259 2320
2111 2321
252 2322
1152 2323
706 2324
731 2325
1766 2326
577 2327
866 2328
1158 2329
1186 2330
143 2331
631 2332
646 2333
1795 2334
1595 2335
471 2336
1081 2337
731 2338
818 2339
132 2340
1364 2341
1813 2342
1276 2343
1291 2344
1078 2345
1957 2346
896 2347
1144 2348
1024 2349
1312 2350
115 2351
921 2352
76 2353
1544 2354
503 2355
842 2356
2170 2357
2329 2358
699 2359
204 2360
117 2361
1889 2362
2021 2363
753 2364
1716 2365
1568 2366
1703 2367
1737 2368
988 2369
112 2370
616 2371
272 2372
962 2373
1106 2374
473 2375
1586 2376
1703 2377
1667 2378
317 2379
971 2380
987 2381
33 2382
1372 2383
96 2384
238 2385
2219 2386
1486 2387
1978 2388
587 2389
1764 2390
1282 2391
1261 2392
868 2393
340 2394
418 2395
1658 2396
247 2397
268 2398
1251 2399
1555 2400
1921 2401
369 2402
721 2403
338 2404
2308 2405
397 2406
632 2407
2162 2408
28 2409
264 2410
732 2411
2055 2412
399 2413
31 2414
1672 2415
308 2416
1864 2417
2001 2418
687 2419
2203 2420
2224 2421
2041 2422
248 2423
1444 2424
1470 2425
961 2426
371 2427
2154 2428
2157 2429
2328 2430
615 2431
2157 2432
2078 2433
1208 2434
1929 2435
56 2436
10 2437
2317 2438
1601 2439
1261 2440
2232 2441
656 2442
2440 2443
2304 2444
1043 2445
2188 2446
1868 2447
10 2448
53 2449
2253 2450
1915 2451
703 2452
849 2453
2448 2454
2447 2455
2301 2456
153 2457
859 2458
42 2459
2065 2460
618 2461
1877 2462
338 2463
2005 2464
1381 2465
1829 2466
672 2467
1289 2468
584 2469
1394 2470
33 2471
2451 2472
631 2473
2270 2474
1216 2475
1902 2476
1098 2477
2250 2478
1557 2479
556 2480
932 2481
900 2482
2192 2483
1883 2484
437 2485
1322 2486
1924 2487
1191 2488
399 2489
1516 2490
2419 2491
459 2492
1795 2493
252 2494
2402 2495
626 2496
1981 2497
1675 2498
485 2499
585 2500
1544 2501
2483 2502
1720 2503
2230 2504
2436 2505
188 2506
1740 2507
1156 2508
455 2509
312 2510
468 2511
1808 2512
768 2513
877 2514
1089 2515
1950 2516
2508 2517
2470 2518
1626 2519
98 2520
304 2521
2326 2522
1472 2523
1169 2524
90 2525
658 2526
1041 2527
102 2528
2163 2529
524 2530
1802 2531
1000 2532
2303 2533
532 2534
658 2535
1366 2536
119 2537
2245 2538
440 2539
536 2540
1868 2541
558 2542
2343 2543
1915 2544
139 2545
1684 2546
721 2547
2451 2548
1347 2549
2093 2550
386 2551
1201 2552
711 2553
2066 2554
2497 2555
2464 2556
195 2557
487 2558
26 2559
1200 2560
2137 2561
1632 2562
452 2563
2348 2564
451 2565
1241 2566
598 2567
577 2568
384 2569
2394 2570
394 2571
2059 2572
1885 2573
1973 2574
1456 2575
630 2576
1362 2577
1102 2578
422 2579
2163 2580
1615 2581
2487 2582
1221 2583
1487 2584
1212 2585
2304 2586
2398 2587
1605 2588
603 2589
1189 2590
1533 2591
278 2592
674 2593
1573 2594
1563 2595
2417 2596
796 2597
1274 2598
514 2599
2 2600
1992 2601
1183 2602
2323 2603
1501 2604
1627 2605
2467 2606
1405 2607
2430 2608
2499 2609
1803 2610
2492 2611
1194 2612
889 2613
1291 2614
1110 2615
2094 2616
804 2617
156 2618
2071 2619
837 2620
682 2621
2536 2622
290 2623
2623 2624
2350 2625
1895 2626
81 2627
1810 2628
1214 2629
2488 2630
1703 2631
2299 2632
174 2633
1392 2634
1171 2635
839 2636
1138 2637
432 2638
2581 2639
346 2640
971 2641
2092 2642
1247 2643
487 2644
2055 2645
1802 2646
1217 2647
337 2648
270 2649
785 2650
215 2651
2560 2652
1883 2653
428 2654
1598 2655
312 2656
2003 2657
2132 2658
771 2659
2238 2660
1224 2661
2557 2662
1828 2663
404 2664
2392 2665
1537 2666
1201 2667
494 2668
917 2669
1136 2670
444 2671
817 2672
2072 2673
1038 2674
343 2675
1363 2676
1446 2677
1073 2678
1727 2679
163 2680
56 2681
2661 2682
2537 2683
1063 2684
1001 2685
1894 2686
533 2687
844 2688
2546 2689
1841 2690
1709 2691
611 2692
2345 2693
2436 2694
306 2695
181 2696
1676 2697
1919 2698
2404 2699
2060 2700
685 2701
1130 2702
928 2703
1548 2704
1106 2705
2432 2706
599 2707
802 2708
2113 2709
1013 2710
2036 2711
1122 2712
454 2713
2660 2714
1990 2715
492 2716
717 2717
2326 2718
2057 2719
903 2720
678 2721
1800 2722
1707 2723
1068 2724
1210 2725
905 2726
1561 2727
749 2728
532 2729
911 2730
2000 2731
364 2732
1190 2733
346 2734
2111 2735
2542 2736
948 2737
1732 2738
1906 2739
2489 2740
1506 2741
1148 2742
1945 2743
2397 2744
1552 2745
1540 2746
448 2747
2627 2748
463 2749
605 2750
265 2751
595 2752
2619 2753
1688 2754
277 2755
1261 2756
1350 2757
2673 2758
2213 2759
2633 2760
2129 2761
1307 2762
351 2763
1926 2764
710 2765
866 2766
248 2767
1087 2768
1688 2769
1354 2770
977 2771
1865 2772
186 2773
221 2774
1696 2775
2558 2776
1183 2777
2104 2778
11 2779
1949 2780
494 2781
2641 2782
1643 2783
1212 2784
1975 2785
209 2786
1207 2787
1619 2788
269 2789
851 2790
526 2791
2248 2792
422 2793
1490 2794
52 2795
2669 2796
1504 2797
2103 2798
2 2799
1020 2800
2660 2801
2165 2802
1717 2803
125 2804
511 2805
1432 2806
1604 2807
2227 2808
830 2809
762 2810
1380 2811
1827 2812
377 2813
2156 2814
1989 2815
2100 2816
840 2817
2282 2818
29 2819
965 2820
1020 2821
97 2822
2694 2823
969 2824
2245 2825
1820 2826
2096 2827
1762 2828
2376 2829
2639 2830
1929 2831
458 2832
611 2833
2233 2834
2093 2835
222 2836
2101 2837
808 2838
1802 2839
868 2840
2676 2841
2505 2842
675 2843
1513 2844
2714 2845
698 2846
116 2847
595 2848
2723 2849
577 2850
2070 2851
592 2852
1358 2853
1283 2854
2653 2855
1269 2856
2159 2857
2376 2858
2545 2859
1446 2860
648 2861
486 2862
103 2863
2806 2864
549 2865
553 2866
1683 2867
530 2868
780 2869
450 2870
151 2871
1588 2872
2086 2873
1962 2874
476 2875
2140 2876
1069 2877
1117 2878
487 2879
2814 2880
1073 2881
1845 2882
1024 2883
2391 2884
2547 2885
2438 2886
1277 2887
1539 2888
243 2889
913 2890
2033 2891
518 2892
1655 2893
2523 2894
1076 2895
405 2896
2800 2897
1018 2898
569 2899
394 2900
1923 2901
577 2902
25 2903
536 2904
1779 2905
1317 2906
1390 2907
410 2908
2881 2909
1571 2910
2907 2911
155 2912
2469 2913
1737 2914
1742 2915
2612 2916
2486 2917
2435 2918
2329 2919
1782 2920
1120 2921
1145 2922
2090 2923
2757 2924
1235 2925
161 2926
1734 2927
2586 2928
25 2929
1681 2930
68 2931
1367 2932
2070 2933
2312 2934
2758 2935
474 2936
2570 2937
2887 2938
1748 2939
1008 2940
829 2941
857 2942
846 2943
1155 2944
2446 2945
622 2946
1947 2947
386 2948
1021 2949
1324 2950
2570 2951
2101 2952
658 2953
2548 2954
1131 2955
2219 2956
2475 2957
1340 2958
895 2959
1035 2960
2100 2961
2143 2962
775 2963
2136 2964
2497 2965
2307 2966
2938 2967
703 2968
292 2969
840 2970
1607 2971
123 2972
2885 2973
958 2974
1548 2975
478 2976
2525 2977
2874 2978
487 2979
2909 2980
1390 2981
46 2982
256 2983
755 2984
2000 2985
336 2986
2884 2987
984 2988
2107 2989
1220 2990
2655 2991
2685 2992
345 2993
1487 2994
979 2995
454 2996
2919 2997
1113 2998
1823 2999
469 3000
739 3001
1468 3002
847 3003
2019 3004
525 3005
1499 3006
1376 3007
1655 3008
1473 3009
216 3010
2934 3011
1541 3012
2176 3013
1036 3014
602 3015
2827 3016
2757 3017
1486 3018
209 3019
1137 3020
996 3021
2327 3022
531 3023
2855 3024
1137 3025
1087 3026
2841 3027
1526 3028
672 3029
1508 3030
1645 3031
722 3032
613 3033
347 3034
1242 3035
723 3036
2855 3037
2135 3038
2268 3039
210 3040
1328 3041
1718 3042
2469 3043
559 3044
584 3045
2006 3046
393 3047
3005 3048
1094 3049
767 3050
912 3051
1864 3052
943 3053
2396 3054
1798 3055
860 3056
517 3057
2244 3058
232 3059
954 3060
1963 3061
872 3062
1727 3063
844 3064
71 3065
126 3066
405 3067
2368 3068
1418 3069
112 3070
2640 3071
1656 3072
1338 3073
1089 3074
2338 3075
1270 3076
483 3077
865 3078
971 3079
688 3080
1780 3081
2591 3082
154 3083
261 3084
390 3085
2996 3086
2320 3087
2129 3088
2501 3089
1068 3090
723 3091
663 3092
2499 3093
961 3094
468 3095
2576 3096
150 3097
2793 3098
2622 3099
38 3100
2510 3101
298 3102
2868 3103
2514 3104
2663 3105
1387 3106
1351 3107
160 3108
2696 3109
2060 3110
1595 3111
2782 3112
2971 3113
2290 3114
336 3115
1005 3116
850 3117
1638 3118
2618 3119
1320 3120
1889 3121
545 3122
2298 3123
2390 3124
1712 3125
2136 3126
569 3127
3078 3128
1412 3129
2634 3130
1255 3131
2330 3132
1529 3133
415 3134
1128 3135
614 3136
932 3137
1669 3138
994 3139
3097 3140
97 3141
1970 3142
1941 3143
1885 3144
851 3145
1058 3146
2900 3147
1681 3148
2666 3149
987 3150
1693 3151
673 3152
1076 3153
847 3154
1223 3155
2803 3156
1959 3157
2433 3158
1342 3159
149 3160
3126 3161
2078 3162
1382 3163
926 3164
3001 3165
2058 3166
2083 3167
1110 3168
2699 3169
486 3170
108 3171
1856 3172
80 3173
1302 3174
2483 3175
2713 3176
62 3177
954 3178
2676 3179
2 3180
3131 3181
1877 3182
858 3183
528 3184
2333 3185
64 3186
554 3187
1170 3188
2195 3189
136 3190
249 3191
3181 3192
2107 3193
146 3194
1936 3195
619 3196
926 3197
1878 3198
502 3199
2768 3200
1036 3201
3090 3202
392 3203
1448 3204
1546 3205
2035 3206
3036 3207
1495 3208
1110 3209
2285 3210
2031 3211
3205 3212
557 3213
548 3214
886 3215
2997 3216
1705 3217
684 3218
796 3219
490 3220
1607 3221
1295 3222
1630 3223
3071 3224
2553 3225
2838 3226
3206 3227
594 3228
2948 3229
2106 3230
1418 3231
2434 3232
884 3233
477 3234
2516 3235
1077 3236
1831 3237
2289 3238
1900 3239
2475 3240
1478 3241
855 3242
248 3243
1726 3244
1748 3245
2369 3246
1387 3247
2406 3248
2746 3249
658 3250
3180 3251
2221 3252
901 3253
2599 3254
532 3255
2951 3256
2433 3257
2315 3258
1842 3259
874 3260
779 3261
2257 3262
2840 3263
1309 3264
3054 3265
1745 3266
2283 3267
570 3268
3175 3269
1210 3270
1628 3271
2686 3272
1081 3273
1592 3274
1365 3275
472 3276
244 3277
484 3278
2423 3279
1998 3280
2635 3281
2880 3282
1718 3283
1766 3284
1335 3285
2476 3286
190 3287
1300 3288
1509 3289
57 3290
2853 3291
779 3292
2609 3293
2064 3294
1650 3295
1358 3296
1135 3297
1982 3298
1567 3299
2937 3300
1588 3301
1313 3302
663 3303
1237 3304
1446 3305
1912 3306
2351 3307
2667 3308
968 3309
976 3310
2767 3311
3289 3312
298 3313
3222 3314
625 3315
2143 3316
2949 3317
105 3318
2728 3319
3186 3320
2310 3321
2024 3322
2153 3323
475 3324
3007 3325
2393 3326
2407 3327
1981 3328
1483 3329
2295 3330
1013 3331
2589 3332
3226 3333
3025 3334
644 3335
1790 3336
1039 3337
1629 3338
283 3339
3157 3340
1578 3341
219 3342
850 3343
1666 3344
1719 3345
365 3346
2903 3347
670 3348
815 3349
2079 3350
557 3351
68 3352
2034 3353
2924 3354
1625 3355
127 3356
1991 3357
3299 3358
1177 3359
2163 3360
3012 3361
1156 3362
1240 3363
1094 3364
1493 3365
3246 3366
1001 3367
1091 3368
345 3369
357 3370
3063 3371
2634 3372
1570 3373
1384 3374
2010 3375
460 3376
3075 3377
1560 3378
564 3379
1643 3380
1303 3381
2747 3382
2506 3383
3025 3384
282 3385
2416 3386
1656 3387
2204 3388
21 3389
342 3390
3080 3391
506 3392
2970 3393
2439 3394
3357 3395
1858 3396
604 3397
191 3398
657 3399
3099 3400
2730 3401
1570 3402
1271 3403
2616 3404
3191 3405
2588 3406
2503 3407
1242 3408
2657 3409
286 3410
391 3411
679 3412
1991 3413
2384 3414
1166 3415
318 3416
1396 3417
2140 3418
531 3419
2183 3420
1719 3421
1217 3422
1979 3423
3369 3424
520 3425
950 3426
1802 3427
1949 3428
771 3429
2026 3430
784 3431
1159 3432
2510 3433
1783 3434
311 3435
1001 3436
120 3437
492 3438
2262 3439
3214 3440
3285 3441
1885 3442
1635 3443
1601 3444
2216 3445
2386 3446
2117 3447
2065 3448
176 3449
2649 3450
142 3451
616 3452
1194 3453
3070 3454
221 3455
1678 3456
818 3457
2631 3458
2951 3459
1289 3460
175 3461
2838 3462
2920 3463
2803 3464
3155 3465
2670 3466
1743 3467
2350 3468
1753 3469
1795 3470
3176 3471
1206 3472
2678 3473
857 3474
1457 3475
2855 3476
2707 3477
2098 3478
2108 3479
384 3480
265 3481
2980 3482
507 3483
767 3484
690 3485
3325 3486
1827 3487
1234 3488
3076 3489
2975 3490
1696 3491
3006 3492
1068 3493
812 3494
2824 3495
2321 3496
794 3497
1881 3498
1831 3499
829 3500
40 3501
3373 3502
3157 3503
3034 3504
3130 3505
2073 3506
1742 3507
2911 3508
3191 3509
923 3510
1611 3511
1891 3512
665 3513
2269 3514
3358 3515
2939 3516
218 3517
130 3518
503 3519
1231 3520
1468 3521
2581 3522
812 3523
2248 3524
2660 3525
715 3526
1229 3527
3040 3528
2767 3529
703 3530
181 3531
3408 3532
703 3533
2939 3534
2565 3535
318 3536
2033 3537
3354 3538
285 3539
2959 3540
3109 3541
651 3542
1085 3543
2374 3544
101 3545
3386 3546
2844 3547
623 3548
273 3549
876 3550
262 3551
707 3552
494 3553
2277 3554
2867 3555
301 3556
1092 3557
294 3558
2243 3559
3515 3560
2460 3561
3127 3562
2722 3563
3431 3564
1756 3565
177 3566
3177 3567
665 3568
1060 3569
586 3570
1832 3571
676 3572
3423 3573
3396 3574
2700 3575
3109 3576
2320 3577
3249 3578
897 3579
1197 3580
1683 3581
948 3582
803 3583
709 3584
2916 3585
3381 3586
2916 3587
1709 3588
1169 3589
2783 3590
2283 3591
16 3592
1869 3593
208 3594
738 3595
1256 3596
1918 3597
2555 3598
835 3599
2096 3600
141 3601
1503 3602
1113 3603
1417 3604
2461 3605
1456 3606
1953 3607
1804 3608
588 3609
360 3610
1249 3611
2890 3612
430 3613
1837 3614
567 3615
2562 3616
3237 3617
2280 3618
2747 3619
90 3620
2765 3621
1510 3622
2384 3623
1664 3624
3260 3625
1592 3626
2316 3627
3237 3628
2782 3629
2527 3630
843 3631
2222 3632
2801 3633
2277 3634
547 3635
536 3636
3565 3637
3514 3638
1781 3639
278 3640
1097 3641
408 3642
3211 3643
2015 3644
1325 3645
2152 3646
2802 3647
1530 3648
3102 3649
430 3650
3107 3651
3332 3652
3358 3653
3231 3654
3101 3655
3086 3656
3050 3657
2069 3658
295 3659
1498 3660
621 3661
864 3662
2963 3663
2803 3664
2495 3665
3243 3666
1439 3667
1754 3668
1889 3669
2401 3670
3208 3671
297 3672
2046 3673
1342 3674
2409 3675
3155 3676
401 3677
3284 3678
3563 3679
3030 3680
3433 3681
263 3682
3483 3683
3604 3684
2959 3685
1530 3686
69 3687
3307 3688
2494 3689
2373 3690
3347 3691
1297 3692
185 3693
2224 3694
2232 3695
826 3696
1263 3697
239 3698
2657 3699
1347 3700
2925 3701
1350 3702
2382 3703
616 3704
2966 3705
809 3706
630 3707
75 3708
278 3709
3402 3710
1701 3711
762 3712
1624 3713
2439 3714
2735 3715
763 3716
1363 3717
115 3718
1351 3719
2040 3720
3613 3721
3012 3722
365 3723
54 3724
1252 3725
1334 3726
3277 3727
2392 3728
1740 3729
2964 3730
1212 3731
2715 3732
1244 3733
2783 3734
2102 3735
3152 3736
132 3737
1421 3738
303 3739
2522 3740
2175 3741
2385 3742
2105 3743
1715 3744
347 3745
1807 3746
923 3747
1967 3748
1801 3749
3685 3750
1303 3751
170 3752
3436 3753
3393 3754
1159 3755
146 3756
2771 3757
2957 3758
2392 3759
569 3760
632 3761
2016 3762
3076 3763
1188 3764
1824 3765
273 3766
2974 3767
270 3768
2728 3769
2172 3770
79 3771
1906 3772
1985 3773
1459 3774
940 3775
3481 3776
1575 3777
2259 3778
2437 3779
117 3780
2674 3781
551 3782
2740 3783
920 3784
375 3785
585 3786
607 3787
363 3788
3072 3789
3736 3790
3748 3791
1375 3792
1444 3793
2121 3794
3459 3795
2978 3796
1960 3797
3300 3798
1450 3799
2299 3800
2397 3801
2044 3802
968 3803
2466 3804
831 3805
16 3806
3328 3807
2730 3808
494 3809
975 3810
3670 3811
3007 3812
3647 3813
2945 3814
2100 3815
1162 3816
1886 3817
1108 3818
2784 3819
5 3820
2368 3821
2317 3822
160 3823
2799 3824
1319 3825
838 3826
1089 3827
3044 3828
1982 3829
2398 3830
2946 3831
3231 3832
2727 3833
3129 3834
2824 3835
2193 3836
222 3837
675 3838
2601 3839
2858 3840
1278 3841
3661 3842
185 3843
1363 3844
3341 3845
3161 3846
2527 3847
2664 3848
1175 3849
3613 3850
1109 3851
2291 3852
2804 3853
358 3854
3616 3855
2986 3856
3029 3857
2780 3858
701 3859
1109 3860
1674 3861
1798 3862
910 3863
2935 3864
854 3865
1861 3866
1756 3867
3789 3868
3177 3869
563 3870
1627 3871
2619 3872
2534 3873
2595 3874
1870 3875
1065 3876
552 3877
67 3878
3468 3879
1026 3880
18 3881
2026 3882
1770 3883
2485 3884
3606 3885
2911 3886
2820 3887
3108 3888
3715 3889
2542 3890
1159 3891
3657 3892
3182 3893
91 3894
3339 3895
3365 3896
1431 3897
1256 3898
1830 3899
717 3900
2342 3901
2047 3902
2301 3903
877 3904
580 3905
2138 3906
3399 3907
129 3908
3064 3909
2195 3910
3796 3911
3271 3912
3067 3913
2350 3914
3451 3915
1617 3916
465 3917
2324 3918
1216 3919
2447 3920
2968 3921
3078 3922
2809 3923
3894 3924
646 3925
2700 3926
2417 3927
750 3928
1085 3929
3265 3930
3304 3931
3144 3932
3049 3933
2754 3934
2139 3935
120 3936
1621 3937
1407 3938
3153 3939
82 3940
2815 3941
2318 3942
1900 3943
2343 3944
667 3945
1964 3946
2031 3947
220 3948
869 3949
1988 3950
2225 3951
1213 3952
3188 3953
2927 3954
1845 3955
1209 3956
1363 3957
1114 3958
3656 3959
2025 3960
1920 3961
1112 3962
3078 3963
677 3964
2929 3965
1470 3966
1689 3967
1344 3968
346 3969
1097 3970
2346 3971
2848 3972
3833 3973
1776 3974
2655 3975
1389 3976
2331 3977
664 3978
2463 3979
2987 3980
262 3981
1521 3982
3567 3983
1210 3984
1530 3985
2363 3986
371 3987
3564 3988
1940 3989
2465 3990
2766 3991
965 3992
3435 3993
443 3994
71 3995
2805 3996
3120 3997
2687 3998
3900 3999
538 4000
3363 4001
1902 4002
3186 4003
3186 4004
2935 4005
2639 4006
625 4007
2414 4008
3991 4009
2388 4010
3777 4011
182 4012
919 4013
88 4014
3357 4015
995 4016
1043 4017
1466 4018
340 4019
2109 4020
2274 4021
2489 4022
1000 4023
2753 4024
3885 4025
1564 4026
2599 4027
658 4028
1778 4029
2308 4030
2739 4031
1319 4032
379 4033
48 4034
1436 4035
2260 4036
2187 4037
1820 4038
3234 4039
4021 4040
3362 4041
2906 4042
644 4043
1307 4044
662 4045
1248 4046
253 4047
1054 4048
44 4049
1827 4050
3737 4051
1299 4052
828 4053
3650 4054
3608 4055
1734 4056
3275 4057
2011 4058
1486 4059
3776 4060
3120 4061
1357 4062
3992 4063
2524 4064
100 4065
3808 4066
2935 4067
696 4068
1398 4069
393 4070
3069 4071
664 4072
3563 4073
107 4074
3625 4075
1501 4076
3905 4077
2964 4078
1627 4079
484 4080
3617 4081
3733 4082
1256 4083
797 4084
3697 4085
3910 4086
758 4087
3739 4088
2723 4089
926 4090
3433 4091
3020 4092
1498 4093
2044 4094
3304 4095
1036 4096
3762 4097
2173 4098
3044 4099
3056 4100
311 4101
721 4102
577 4103
1679 4104
1719 4105
473 4106
1407 4107
1183 4108
222 4109
3996 4110
1477 4111
3511 4112
3339 4113
2098 4114
117 4115
3741 4116
2497 4117
467 4118
3630 4119
3351 4120
2053 4121
777 4122
2765 4123
3195 4124
698 4125
733 4126
4034 4127
1761 4128
74 4129
1852 4130
2942 4131
2101 4132
3565 4133
13 4134
3261 4135
3137 4136
2728 4137
1564 4138
708 4139
1456 4140
188 4141
2867 4142
1313 4143
674 4144
264 4145
634 4146
648 4147
3707 4148
1057 4149
1945 4150
1305 4151
862 4152
103 4153
591 4154
3060 4155
636 4156
243 4157
1733 4158
792 4159
2500 4160
3995 4161
2805 4162
3533 4163
2894 4164
512 4165
2614 4166
3470 4167
1169 4168
1118 4169
1631 4170
462 4171
1089 4172
2544 4173
3824 4174
3223 4175
3422 4176
2635 4177
31 4178
348 4179
2649 4180
1257 4181
4143 4182
1252 4183
698 4184
829 4185
1485 4186
825 4187
371 4188
2673 4189
1285 4190
1024 4191
1403 4192
782 4193
3829 4194
1457 4195
1740 4196
44 4197
724 4198
2058 4199
2425 4200
2820 4201
1939 4202
1068 4203
2084 4204
758 4205
4014 4206
1415 4207
2678 4208
1841 4209
1819 4210
2978 4211
312 4212
377 4213
572 4214
3674 4215
3883 4216
2936 4217
2371 4218
2044 4219
2526 4220
3947 4221
925 4222
234 4223
843 4224
205 4225
2966 4226
777 4227
3443 4228
3427 4229
1302 4230
3507 4231
484 4232
824 4233
4100 4234
3583 4235
3134 4236
3589 4237
443 4238
1479 4239
4078 4240
612 4241
415 4242
2921 4243
1193 4244
653 4245
4156 4246
171 4247
763 4248
1109 4249
2765 4250
2362 4251
2557 4252
3230 4253
2748 4254
2105 4255
947 4256
1179 4257
952 4258
3985 4259
3100 4260
776 4261
1923 4262
1790 4263
993 4264
1672 4265
1945 4266
1293 4267
2238 4268
3283 4269
3264 4270
3471 4271
2778 4272
1563 4273
1671 4274
1332 4275
2500 4276
1258 4277
2376 4278
4219 4279
1779 4280
1966 4281
3178 4282
2501 4283
1255 4284
1635 4285
150 4286
2124 4287
3515 4288
1916 4289
179 4290
447 4291
1854 4292
1993 4293
1180 4294
2479 4295
2083 4296
2708 4297
4091 4298
2334 4299
2255 4300
3125 4301
2337 4302
2916 4303
2797 4304
1134 4305
3982 4306
1882 4307
130 4308
1317 4309
3720 4310
4096 4311
2877 4312
1937 4313
2903 4314
2030 4315
1166 4316
2844 4317
3168 4318
4244 4319
201 4320
4104 4321
2860 4322
4255 4323
2687 4324
3260 4325
1591 4326
4134 4327
2497 4328
3089 4329
2811 4330
2777 4331
2960 4332
624 4333
3273 4334
1223 4335
4175 4336
809 4337
1385 4338
1142 4339
3693 4340
3489 4341
3989 4342
1516 4343
3036 4344
3473 4345
2274 4346
2604 4347
3508 4348
2504 4349
636 4350
19 4351
3295 4352
3436 4353
3838 4354
3054 4355
365 4356
4343 4357
361 4358
4020 4359
1101 4360
3577 4361
1289 4362
1148 4363
3151 4364
996 4365
1853 4366
2072 4367
3602 4368
3809 4369
2763 4370
2783 4371
381 4372
592 4373
2250 4374
3739 4375
501 4376
1196 4377
1493 4378
602 4379
3699 4380
3513 4381
349 4382
93 4383
773 4384
4271 4385
4221 4386
799 4387
1844 4388
2285 4389
1532 4390
595 4391
3217 4392
4183 4393
575 4394
2045 4395
1706 4396
1022 4397
3186 4398
2626 4399
2484 4400
1642 4401
24 4402
2346 4403
2483 4404
2230 4405
2983 4406
3974 4407
689 4408
3584 4409
343 4410
4058 4411
2196 4412
614 4413
2188 4414
3325 4415
4048 4416
2373 4417
1420 4418
3235 4419
756 4420
3242 4421
1212 4422
3033 4423
3518 4424
221 4425
2007 4426
262 4427
2452 4428
311 4429
1160 4430
3338 4431
2781 4432
920 4433
2451 4434
4282 4435
154 4436
1486 4437
395 4438
1296 4439
2247 4440
2013 4441
3484 4442
3944 4443
1041 4444
3324 4445
1944 4446
785 4447
1907 4448
4419 4449
1003 4450
2275 4451
2696 4452
2748 4453
4089 4454
3422 4455
3437 4456
1625 4457
427 4458
4081 4459
3408 4460
1473 4461
443 4462
502 4463
3121 4464
78 4465
2446 4466
4412 4467
2526 4468
4046 4469
1152 4470
1889 4471
30 4472
1749 4473
2564 4474
3509 4475
3671 4476
2646 4477
986 4478
3997 4479
3095 4480
3075 4481
88 4482
3183 4483
64 4484
3925 4485
1641 4486
4274 4487
2953 4488
2692 4489
674 4490
1030 4491
3944 4492
3331 4493
410 4494
3113 4495
3666 4496
3410 4497
3748 4498
2298 4499
4328 4500
3448 4501
693 4502
2628 4503
610 4504
2481 4505
247 4506
3327 4507
1722 4508
1290 4509
2334 4510
1171 4511
2715 4512
1421 4513
682 4514
656 4515
3527 4516
1585 4517
3376 4518
295 4519
3932 4520
2918 4521
1135 4522
567 4523
1240 4524
4301 4525
1568 4526
2483 4527
1913 4528
2514 4529
3946 4530
3718 4531
630 4532
1186 4533
4317 4534
1454 4535
1195 4536
208 4537
510 4538
3245 4539
1154 4540
4167 4541
2491 4542
1628 4543
1932 4544
4011 4545
3090 4546
1962 4547
2432 4548
2207 4549
4047 4550
325 4551
4341 4552
211 4553
2238 4554
812 4555
765 4556
1201 4557
733 4558
4176 4559
2829 4560
4377 4561
1530 4562
1258 4563
699 4564
3017 4565
1043 4566
2473 4567
678 4568
2168 4569
1525 4570
3205 4571
3018 4572
1593 4573
435 4574
1538 4575
1800 4576
3070 4577
3153 4578
66 4579
1136 4580
1658 4581
1514 4582
3982 4583
3889 4584
3382 4585
1063 4586
3981 4587
4212 4588
809 4589
1838 4590
3005 4591
300 4592
1526 4593
3734 4594
3028 4595
3574 4596
752 4597
3373 4598
1189 4599
4174 4600
2954 4601
3230 4602
85 4603
19 4604
331 4605
1257 4606
3923 4607
2055 4608
1135 4609
4488 4610
1755 4611
647 4612
714 4613
1638 4614
3373 4615
3719 4616
4591 4617
1317 4618
1593 4619
2042 4620
296 4621
2187 4622
286 4623
2577 4624
3671 4625
4319 4626
743 4627
1685 4628
3508 4629
1485 4630
1170 4631
799 4632
4577 4633
1137 4634
211 4635
2021 4636
2700 4637
1752 4638
825 4639
1390 4640
2965 4641
5 4642
2891 4643
644 4644
48 4645
2931 4646
3619 4647
3903 4648
2135 4649
4148 4650
4049 4651
2815 4652
2078 4653
4450 4654
2244 4655
4483 4656
1376 4657
61 4658
3097 4659
309 4660
4313 4661
4093 4662
2202 4663
810 4664
1389 4665
1202 4666
4377 4667
4403 4668
3583 4669
4653 4670
4051 4671
1105 4672
1088 4673
3895 4674
3803 4675
4273 4676
2421 4677
1491 4678
3936 4679
3693 4680
4136 4681
2207 4682
238 4683
1480 4684
1788 4685
4649 4686
1808 4687
4424 4688
826 4689
3920 4690
4418 4691
1292 4692
893 4693
1220 4694
3947 4695
3256 4696
2137 4697
3186 4698
4596 4699
3068 4700
4023 4701
2263 4702
3382 4703
2997 4704
2285 4705
215 4706
1279 4707
3970 4708
2901 4709
1094 4710
2141 4711
456 4712
1171 4713
2931 4714
3444 4715
906 4716
1514 4717
3393 4718
3735 4719
181 4720
3962 4721
3955 4722
4126 4723
2197 4724
4343 4725
1566 4726
520 4727
3327 4728
2924 4729
2674 4730
2209 4731
3291 4732
4173 4733
331 4734
2684 4735
4349 4736
1541 4737
3468 4738
3620 4739
4038 4740
739 4741
2562 4742
3637 4743
2046 4744
1243 4745
2282 4746
1515 4747
934 4748
299 4749
4398 4750
791 4751
2067 4752
807 4753
404 4754
2562 4755
934 4756
3830 4757
2410 4758
1504 4759
802 4760
1874 4761
3639 4762
3078 4763
3355 4764
2444 4765
2027 4766
981 4767
4164 4768
2439 4769
4103 4770
3364 4771
1319 4772
842 4773
1101 4774
3869 4775
842 4776
720 4777
1099 4778
2682 4779
4103 4780
1646 4781
918 4782
3491 4783
3699 4784
3276 4785
4424 4786
3371 4787
1755 4788
4010 4789
797 4790
3636 4791
926 4792
158 4793
1083 4794
3786 4795
1444 4796
436 4797
493 4798
1018 4799
1254 4800
741 4801
1710 4802
4741 4803
1563 4804
2615 4805
1954 4806
141 4807
1141 4808
4410 4809
349 4810
4623 4811
4198 4812
4151 4813
3348 4814
3068 4815
1313 4816
844 4817
615 4818
2798 4819
4419 4820
4175 4821
4781 4822
3411 4823
421 4824
1769 4825
3216 4826
2387 4827
739 4828
2774 4829
1720 4830
1778 4831
2468 4832
4722 4833
2271 4834
3611 4835
4658 4836
544 4837
1652 4838
3632 4839
1283 4840
2716 4841
4018 4842
3157 4843
672 4844
166 4845
1608 4846
1960 4847
4548 4848
2 4849
1937 4850
1189 4851
3514 4852
4221 4853
394 4854
3112 4855
3662 4856
1885 4857
809 4858
2670 4859
746 4860
2179 4861
2556 4862
2189 4863
3614 4864
3554 4865
3211 4866
4812 4867
205 4868
653 4869
4737 4870
4039 4871
1569 4872
51 4873
2468 4874
2237 4875
939 4876
3574 4877
2590 4878
2117 4879
3283 4880
3870 4881
761 4882
4515 4883
1592 4884
771 4885
2521 4886
3362 4887
193 4888
1416 4889
1062 4890
584 4891
4547 4892
1897 4893
4252 4894
103 4895
4512 4896
19 4897
2524 4898
1248 4899
3326 4900
802 4901
3028 4902
4705 4903
1991 4904
1742 4905
4141 4906
23 4907
4258 4908
784 4909
1002 4910
4393 4911
664 4912
102 4913
569 4914
1555 4915
1776 4916
3223 4917
3480 4918
4629 4919
852 4920
3777 4921
2596 4922
3158 4923
1100 4924
2879 4925
4660 4926
2108 4927
1068 4928
1553 4929
336 4930
4260 4931
1618 4932
3521 4933
4751 4934
3064 4935
1496 4936
4133 4937
3925 4938
4638 4939
8 4940
457 4941
2780 4942
3974 4943
721 4944
573 4945
2142 4946
707 4947
770 4948
4471 4949
4098 4950
3822 4951
160 4952
2274 4953
2065 4954
4410 4955
4199 4956
2208 4957
3459 4958
3154 4959
857 4960
4547 4961
1257 4962
3848 4963
1670 4964
268 4965
3856 4966
1540 4967
1059 4968
3345 4969
3565 4970
1377 4971
3502 4972
3940 4973
504 4974
3817 4975
92 4976
2635 4977
2726 4978
3624 4979
574 4980
2907 4981
1795 4982
277 4983
2422 4984
14 4985
4153 4986
4394 4987
3926 4988
4725 4989
3255 4990
3233 4991
1747 4992
2684 4993
2918 4994
4486 4995
1421 4996
4429 4997
3426 4998
2154 4999
322 5000
1218 5001
3139 5002
4891 5003
2718 5004
4175 5005
309 5006
1225 5007
2694 5008
4783 5009
1653 5010
1084 5011
792 5012
3185 5013
2443 5014
2924 5015
2270 5016
2274 5017
4491 5018
1057 5019
1649 5020
5004 5021
1729 5022
4019 5023
4548 5024
1558 5025
3356 5026
960 5027
1729 5028
354 5029
4537 5030
4897 5031
2310 5032
3569 5033
2882 5034
2023 5035
4845 5036
1420 5037
2611 5038
3719 5039
2721 5040
88 5041
736 5042
3302 5043
993 5044
3357 5045
1733 5046
3077 5047
1275 5048
1993 5049
2050 5050
1367 5051
4960 5052
4081 5053
1162 5054
4375 5055
4659 5056
3635 5057
199 5058
2395 5059
3717 5060
4926 5061
2915 5062
2423 5063
4063 5064
424 5065
1312 5066
4643 5067
1589 5068
718 5069
96 5070
3562 5071
487 5072
3315 5073
3597 5074
1682 5075
460 5076
3594 5077
1238 5078
3104 5079
3166 5080
175 5081
4618 5082
2244 5083
1568 5084
4484 5085
595 5086
4778 5087
1094 5088
4424 5089
945 5090
1756 5091
1357 5092
4039 5093
2123 5094
1731 5095
3791 5096
2601 5097
872 5098
2986 5099
4450 5100
3127 5101
1077 5102
821 5103
2460 5104
253 5105
798 5106
1379 5107
2746 5108
3178 5109
2871 5110
1444 5111
580 5112
2167 5113
2048 5114
1857 5115
4779 5116
1784 5117
375 5118
1641 5119
2887 5120
1458 5121
4972 5122
3191 5123
1145 5124
4684 5125
2918 5126
105 5127
4980 5128
2525 5129
190 5130
833 5131
3366 5132
4818 5133
2916 5134
1049 5135
1172 5136
1822 5137
1032 5138
5064 5139
3110 5140
1863 5141
310 5142
3160 5143
1219 5144
1146 5145
3938 5146
85 5147
1738 5148
1773 5149
4065 5150
2509 5151
255 5152
984 5153
2284 5154
909 5155
2357 5156
4309 5157
780 5158
4450 5159
808 5160
4444 5161
2412 5162
3050 5163
874 5164
986 5165
512 5166
2460 5167
3370 5168
555 5169
623 5170
1337 5171
4742 5172
3018 5173
1890 5174
1431 5175
3590 5176
3183 5177
703 5178
1873 5179
4874 5180
4906 5181
1306 5182
1257 5183
1450 5184
1268 5185
4664 5186
5014 5187
2124 5188
4218 5189
1397 5190
4404 5191
578 5192
4210 5193
5193 5194
416 5195
83 5196
1481 5197
3478 5198
3776 5199
4274 5200
4388 5201
1895 5202
3163 5203
245 5204
3662 5205
2332 5206
2754 5207
3315 5208
1331 5209
806 5210
427 5211
3992 5212
2575 5213
3026 5214
2828 5215
833 5216
2356 5217
1790 5218
677 5219
3133 5220
1087 5221
980 5222
2039 5223
2022 5224
47 5225
2951 5226
629 5227
1523 5228
1266 5229
4928 5230
3771 5231
3733 5232
4659 5233
3659 5234
2126 5235
4474 5236
1069 5237
4882 5238
649 5239
4250 5240
35 5241
1288 5242
4501 5243
494 5244
2806 5245
335 5246
2554 5247
5182 5248
2154 5249
1886 5250
4377 5251
1108 5252
4601 5253
1800 5254
2525 5255
2871 5256
1641 5257
1174 5258
3104 5259
2613 5260
3930 5261
3370 5262
317 5263
1177 5264
5027 5265
637 5266
984 5267
3227 5268
1363 5269
5125 5270
870 5271
2465 5272
5118 5273
2846 5274
1964 5275
1770 5276
4684 5277
2222 5278
324 5279
1659 5280
3672 5281
3530 5282
813 5283
3714 5284
1954 5285
1987 5286
3809 5287
3944 5288
4345 5289
4614 5290
2832 5291
3600 5292
1027 5293
4329 5294
582 5295
408 5296
1886 5297
628 5298
1984 5299
1107 5300
1664 5301
754 5302
3232 5303
3022 5304
1810 5305
1725 5306
1551 5307
3817 5308
5254 5309
1911 5310
4927 5311
3787 5312
614 5313
3741 5314
1531 5315
5093 5316
2163 5317
212 5318
1495 5319
3210 5320
1319 5321
4461 5322
2281 5323
2300 5324
3498 5325
2284 5326
764 5327
740 5328
4482 5329
3657 5330
2291 5331
2942 5332
4185 5333
1294 5334
2955 5335
1983 5336
3126 5337
267 5338
1023 5339
5216 5340
1607 5341
1663 5342
778 5343
4973 5344
4629 5345
247 5346
4101 5347
4956 5348
3358 5349
4034 5350
2449 5351
4852 5352
3460 5353
3924 5354
2625 5355
3006 5356
3116 5357
2445 5358
2230 5359
609 5360
1258 5361
2760 5362
2990 5363
2617 5364
4018 5365
3113 5366
1505 5367
2020 5368
4427 5369
2189 5370
4823 5371
2885 5372
4425 5373
4103 5374
2966 5375
3697 5376
4207 5377
4465 5378
5276 5379
4778 5380
4957 5381
5260 5382
4921 5383
4227 5384
2347 5385
4718 5386
1354 5387
651 5388
2313 5389
393 5390
2716 5391
5074 5392
665 5393
1518 5394
4148 5395
2581 5396
1050 5397
2122 5398
1371 5399
996 5400
524 5401
4027 5402
4130 5403
119 5404
3857 5405
266 5406
5005 5407
702 5408
4595 5409
3461 5410
489 5411
1201 5412
1914 5413
3082 5414
5266 5415
2120 5416
1772 5417
119 5418
2189 5419
2264 5420
470 5421
11 5422
873 5423
3189 5424
4992 5425
4443 5426
4176 5427
2867 5428
4005 5429
276 5430
2582 5431
4309 5432
4240 5433
5324 5434
2047 5435
5152 5436
2435 5437
1976 5438
874 5439
1478 5440
4649 5441
5340 5442
2438 5443
3557 5444
4433 5445
438 5446
4414 5447
3249 5448
5375 5449
633 5450
1567 5451
606 5452
1896 5453
3523 5454
5285 5455
131 5456
2482 5457
3561 5458
945 5459
5108 5460
4397 5461
3670 5462
731 5463
4347 5464
1406 5465
4248 5466
2581 5467
906 5468
903 5469
1634 5470
1866 5471
4802 5472
251 5473
1178 5474
1407 5475
5206 5476
1060 5477
867 5478
3365 5479
969 5480
3033 5481
3263 5482
3855 5483
5372 5484
5386 5485
3209 5486
4284 5487
3490 5488
3491 5489
2982 5490
2524 5491
4743 5492
1296 5493
156 5494
1772 5495
1532 5496
3630 5497
5057 5498
5438 5499
723 5500
175 5501
1609 5502
4124 5503
2565 5504
3568 5505
2516 5506
2693 5507
1532 5508
2048 5509
3942 5510
102 5511
1995 5512
3879 5513
1833 5514
4534 5515
671 5516
3473 5517
3508 5518
5508 5519
2930 5520
3700 5521
5175 5522
2409 5523
4663 5524
730 5525
269 5526
2223 5527
4054 5528
174 5529
1327 5530
702 5531
2912 5532
1575 5533
1759 5534
1011 5535
4563 5536
5034 5537
2564 5538
1832 5539
3605 5540
4391 5541
5270 5542
4548 5543
4007 5544
5283 5545
1414 5546
2979 5547
2626 5548
1317 5549
977 5550
1156 5551
1461 5552
4563 5553
1533 5554
175 5555
5482 5556
1054 5557
5162 5558
2502 5559
1674 5560
4661 5561
3737 5562
1636 5563
4332 5564
1811 5565
4125 5566
3295 5567
1888 5568
2205 5569
5514 5570
330 5571
2176 5572
389 5573
3195 5574
270 5575
246 5576
1844 5577
1965 5578
4571 5579
851 5580
3601 5581
5044 5582
3555 5583
2487 5584
1377 5585
3689 5586
3957 5587
5398 5588
593 5589
2803 5590
2704 5591
54 5592
397 5593
2386 5594
2672 5595
4162 5596
1231 5597
647 5598
1349 5599
1285 5600
2553 5601
4766 5602
330 5603
1006 5604
3482 5605
1450 5606
1005 5607
5479 5608
5274 5609
5485 5610
5043 5611
3994 5612
972 5613
1463 5614
2833 5615
4688 5616
3630 5617
2737 5618
4995 5619
4985 5620
1315 5621
3847 5622
5026 5623
4400 5624
1290 5625
1548 5626
1070 5627
2740 5628
936 5629
2743 5630
2268 5631
1406 5632
1119 5633
932 5634
178 5635
2506 5636
3010 5637
3443 5638
5388 5639
1612 5640
1223 5641
4972 5642
4178 5643
2926 5644
2838 5645
2642 5646
4197 5647
620 5648
1491 5649
1549 5650
1262 5651
3093 5652
4434 5653
2944 5654
954 5655
1928 5656
3060 5657
4119 5658
4311 5659
4696 5660
3084 5661
1923 5662
732 5663
303 5664
852 5665
349 5666
860 5667
907 5668
1260 5669
3492 5670
4003 5671
2537 5672
5416 5673
4150 5674
892 5675
5500 5676
5403 5677
3259 5678
955 5679
2429 5680
4713 5681
3686 5682
3633 5683
1490 5684
5040 5685
5101 5686
3646 5687
1224 5688
5650 5689
2838 5690
1430 5691
2255 5692
4483 5693
3875 5694
1753 5695
5567 5696
4317 5697
4036 5698
3472 5699
2701 5700
3278 5701
1448 5702
2119 5703
1101 5704
452 5705
838 5706
5476 5707
202 5708
1728 5709
2226 5710
404 5711
4959 5712
3450 5713
1647 5714
2230 5715
1854 5716
5114 5717
518 5718
1032 5719
1291 5720
5712 5721
840 5722
3559 5723
3884 5724
2734 5725
4906 5726
4196 5727
4452 5728
2160 5729
4198 5730
5526 5731
1016 5732
3872 5733
1797 5734
711 5735
3809 5736
4037 5737
2859 5738
1996 5739
3208 5740
4939 5741
5407 5742
2066 5743
5085 5744
2127 5745
5433 5746
1579 5747
2980 5748
1028 5749
4388 5750
2681 5751
3029 5752
5444 5753
2402 5754
3796 5755
4988 5756
3743 5757
4987 5758
5012 5759
3183 5760
1746 5761
1635 5762
1121 5763
4883 5764
4461 5765
4314 5766
1046 5767
3163 5768
2537 5769
2936 5770
4094 5771
2995 5772
2830 5773
5285 5774
101 5775
5428 5776
5029 5777
4854 5778
3441 5779
219 5780
1286 5781
1749 5782
1300 5783
2277 5784
2456 5785
638 5786
4266 5787
2635 5788
2937 5789
5709 5790
1677 5791
1131 5792
2383 5793
4676 5794
241 5795
673 5796
4591 5797
1028 5798
2042 5799
3480 5800
1215 5801
1888 5802
3509 5803
509 5804
3890 5805
1589 5806
3864 5807
342 5808
5789 5809
5801 5810
1031 5811
56 5812
3231 5813
1651 5814
5020 5815
4133 5816
3222 5817
3344 5818
747 5819
3783 5820
4132 5821
740 5822
1727 5823
1018 5824
1219 5825
1959 5826
4550 5827
4133 5828
4827 5829
3723 5830
4147 5831
1144 5832
3983 5833
2965 5834
1763 5835
5182 5836
4082 5837
4045 5838
288 5839
4612 5840
182 5841
3236 5842
2267 5843
3654 5844
2559 5845
2844 5846
3399 5847
5129 5848
4042 5849
4657 5850
15 5851
4877 5852
5138 5853
3372 5854
2314 5855
3920 5856
3225 5857
5534 5858
4105 5859
2424 5860
2238 5861
5014 5862
2726 5863
3940 5864
4722 5865
2059 5866
3325 5867
395 5868
4749 5869
3510 5870
648 5871
3359 5872
3371 5873
143 5874
1826 5875
5560 5876
4246 5877
1125 5878
920 5879
310 5880
2563 5881
2969 5882
5710 5883
4457 5884
5266 5885
969 5886
3874 5887
808 5888
5850 5889
4869 5890
1717 5891
739 5892
3601 5893
2072 5894
272 5895
1767 5896
5554 5897
1181 5898
726 5899
3316 5900
482 5901
1695 5902
2049 5903
4236 5904
2830 5905
2465 5906
3726 5907
4137 5908
120 5909
1872 5910
2236 5911
3047 5912
2358 5913
5831 5914
479 5915
228 5916
5670 5917
948 5918
4449 5919
3832 5920
562 5921
3581 5922
5248 5923
2489 5924
2702 5925
4078 5926
1816 5927
864 5928
5217 5929
1555 5930
252 5931
4518 5932
2358 5933
1419 5934
4058 5935
2884 5936
2255 5937
1206 5938
550 5939
1835 5940
2385 5941
4846 5942
1836 5943
513 5944
3336 5945
4946 5946
2846 5947
628 5948
4233 5949
1256 5950
812 5951
733 5952
5245 5953
5882 5954
2209 5955
4711 5956
3393 5957
4557 5958
465 5959
938 5960
98 5961
3659 5962
2050 5963
5547 5964
2588 5965
4887 5966
136 5967
4621 5968
1709 5969
5380 5970
4931 5971
3838 5972
3453 5973
800 5974
861 5975
4810 5976
68 5977
5735 5978
2028 5979
4661 5980
5270 5981
3559 5982
617 5983
4075 5984
2167 5985
1264 5986
2027 5987
1227 5988
577 5989
5595 5990
1737 5991
2293 5992
5578 5993
3415 5994
2006 5995
1619 5996
4076 5997
4457 5998
764 5999
1216 6000
1286 6001
3085 6002
777 6003
1957 6004
77 6005
5446 6006
3062 6007
4627 6008
2661 6009
3142 6010
1195 6011
5183 6012
2884 6013
4743 6014
5270 6015
5860 6016
237 6017
308 6018
3284 6019
2740 6020
5894 6021
5565 6022
433 6023
1318 6024
4087 6025
3168 6026
559 6027
3600 6028
2172 6029
3846 6030
4813 6031
4604 6032
2953 6033
403 6034
367 6035
3591 6036
5186 6037
2047 6038
609 6039
3549 6040
6023 6041
1430 6042
5247 6043
5900 6044
4250 6045
392 6046
4457 6047
943 6048
2275 6049
3895 6050
2527 6051
202 6052
3763 6053
1300 6054
3209 6055
3955 6056
5795 6057
5522 6058
5440 6059
1468 6060
4784 6061
2677 6062
5522 6063
5302 6064
5756 6065
5307 6066
2210 6067
5677 6068
172 6069
10 6070
3158 6071
3832 6072
5148 6073
4491 6074
5606 6075
2442 6076
1676 6077
3326 6078
3582 6079
1865 6080
1507 6081
5465 6082
5949 6083
1775 6084
1521 6085
4175 6086
2273 6087
1979 6088
1546 6089
1032 6090
1201 6091
257 6092
2355 6093
5117 6094
4068 6095
3949 6096
1957 6097
4110 6098
5909 6099
918 6100
2453 6101
1829 6102
2507 6103
1000 6104
1041 6105
315 6106
3531 6107
292 6108
2923 6109
3784 6110
2869 6111
4292 6112
4955 6113
1371 6114
5143 6115
2557 6116
3823 6117
2782 6118
4460 6119
2554 6120
4751 6121
857 6122
5337 6123
1917 6124
4662 6125
1657 6126
4652 6127
399 6128
3748 6129
4229 6130
6003 6131
1532 6132
1267 6133
3832 6134
4121 6135
2255 6136
3150 6137
3693 6138
4827 6139
4057 6140
4468 6141
28 6142
5146 6143
3800 6144
3815 6145
5883 6146
3849 6147
4237 6148
4806 6149
5354 6150
1171 6151
581 6152
2239 6153
3682 6154
5839 6155
3261 6156
190 6157
4809 6158
446 6159
1592 6160
413 6161
2076 6162
4843 6163
3131 6164
50 6165
4207 6166
11 6167
5641 6168
2992 6169
2988 6170
4715 6171
402 6172
3933 6173
1095 6174
3485 6175
3699 6176
5235 6177
3429 6178
1136 6179
4266 6180
3449 6181
4148 6182
5999 6183
2007 6184
780 6185
2715 6186
1380 6187
5997 6188
5201 6189
777 6190
438 6191
6049 6192
1633 6193
49 6194
2824 6195
4361 6196
4244 6197
3320 6198
6041 6199
1082 6200
2124 6201
4390 6202
5998 6203
3798 6204
5442 6205
4340 6206
2461 6207
2190 6208
4108 6209
6037 6210
3983 6211
5133 6212
1420 6213
2030 6214
4619 6215
4896 6216
6094 6217
1994 6218
1519 6219
698 6220
2731 6221
4530 6222
4061 6223
1605 6224
5934 6225
5537 6226
4405 6227
1183 6228
5552 6229
822 6230
2232 6231
4508 6232
278 6233
694 6234
1224 6235
1679 6236
3939 6237
3893 6238
1270 6239
4496 6240
4017 6241
4613 6242
765 6243
2228 6244
3891 6245
3725 6246
5861 6247
1811 6248
1585 6249
5592 6250
5177 6251
487 6252
1994 6253
835 6254
4673 6255
1964 6256
5294 6257
3841 6258
4442 6259
4773 6260
857 6261
3487 6262
807 6263
177 6264
1923 6265
530 6266
2304 6267
4393 6268
2320 6269
1892 6270
4017 6271
1703 6272
6187 6273
4357 6274
6062 6275
2807 6276
211 6277
6043 6278
2977 6279
818 6280
4834 6281
1038 6282
3954 6283
2446 6284
5928 6285
4496 6286
384 6287
3976 6288
2962 6289
2584 6290
423 6291
2870 6292
5960 6293
2598 6294
2204 6295
1729 6296
387 6297
3250 6298
2551 6299
3605 6300
5844 6301
3242 6302
3397 6303
4618 6304
2063 6305
5014 6306
2546 6307
689 6308
844 6309
295 6310
1632 6311
5458 6312
2302 6313
2598 6314
5349 6315
2644 6316
667 6317
4464 6318
3929 6319
2103 6320
5297 6321
3847 6322
2899 6323
5533 6324
805 6325
4099 6326
3880 6327
707 6328
3866 6329
1479 6330
3530 6331
2015 6332
1988 6333
1155 6334
2351 6335
271 6336
3262 6337
3224 6338
5959 6339
5492 6340
491 6341
514 6342
4404 6343
1350 6344
1044 6345
2875 6346
5405 6347
3326 6348
4674 6349
5390 6350
5693 6351
5036 6352
736 6353
2395 6354
290 6355
4257 6356
1828 6357
5719 6358
4577 6359
5162 6360
4432 6361
190 6362
583 6363
5031 6364
1898 6365
5713 6366
4792 6367
1120 6368
6334 6369
5410 6370
2065 6371
6227 6372
5662 6373
5506 6374
3133 6375
192 6376
2543 6377
122 6378
2188 6379
1460 6380
4779 6381
2416 6382
6162 6383
3144 6384
1441 6385
2939 6386
3350 6387
5870 6388
4079 6389
256 6390
5283 6391
4380 6392
4088 6393
2102 6394
2363 6395
3373 6396
3057 6397
687 6398
5348 6399
2479 6400
536 6401
714 6402
2188 6403
3934 6404
6236 6405
5413 6406
5086 6407
1517 6408
4379 6409
3195 6410
4040 6411
5570 6412
2860 6413
2203 6414
2000 6415
26 6416
2736 6417
4810 6418
2682 6419
659 6420
2294 6421
483 6422
179 6423
6167 6424
2110 6425
6421 6426
4514 6427
2892 6428
2656 6429
1310 6430
1203 6431
1180 6432
4189 6433
1805 6434
4537 6435
3022 6436
425 6437
4797 6438
1739 6439
5499 6440
4574 6441
1743 6442
5741 6443
3004 6444
4820 6445
1823 6446
804 6447
4201 6448
4424 6449
6345 6450
742 6451
5654 6452
6180 6453
2645 6454
547 6455
2764 6456
3757 6457
5364 6458
4624 6459
1158 6460
5288 6461
1188 6462
5035 6463
3981 6464
5923 6465
4587 6466
2661 6467
1077 6468
1223 6469
4115 6470
3037 6471
5200 6472
3251 6473
18 6474
17 6475
517 6476
553 6477
2796 6478
1087 6479
100 6480
5933 6481
1056 6482
4136 6483
2653 6484
655 6485
3678 6486
4375 6487
1455 6488
28 6489
1623 6490
1556 6491
5154 6492
3887 6493
803 6494
646 6495
2521 6496
3613 6497
2375 6498
5840 6499
5132 6500
5458 6501
5836 6502
2800 6503
636 6504
5288 6505
3039 6506
4618 6507
2334 6508
994 6509
914 6510
3826 6511
56 6512
1660 6513
4795 6514
5379 6515
3465 6516
1053 6517
6243 6518
4831 6519
1237 6520
5469 6521
1786 6522
3011 6523
3317 6524
1860 6525
2828 6526
2374 6527
2520 6528
2948 6529
5903 6530
308 6531
1014 6532
5153 6533
2598 6534
4337 6535
6092 6536
5695 6537
2303 6538
1934 6539
2091 6540
6322 6541
1389 6542
2396 6543
6513 6544
4567 6545
2586 6546
4409 6547
549 6548
4203 6549
5693 6550
1621 6551
1053 6552
4092 6553
5617 6554
6531 6555
1301 6556
3224 6557
5332 6558
6345 6559
2348 6560
156 6561
2112 6562
2778 6563
5142 6564
3625 6565
6102 6566
4701 6567
3107 6568
939 6569
6055 6570
2703 6571
422 6572
325 6573
4756 6574
2689 6575
1831 6576
1994 6577
2299 6578
1702 6579
3066 6580
1559 6581
6010 6582
3413 6583
5074 6584
6495 6585
1882 6586
912 6587
5599 6588
2786 6589
3742 6590
6281 6591
3392 6592
5625 6593
6121 6594
5089 6595
4515 6596
163 6597
5185 6598
5052 6599
4335 6600
6395 6601
6319 6602
3437 6603
1572 6604
4350 6605
4411 6606
1552 6607
3100 6608
1233 6609
4417 6610
683 6611
6218 6612
786 6613
1565 6614
1256 6615
4906 6616
3282 6617
3518 6618
6077 6619
6414 6620
1118 6621
4527 6622
5820 6623
5291 6624
3052 6625
4244 6626
674 6627
5986 6628
2704 6629
1502 6630
1938 6631
306 6632
2258 6633
1664 6634
1052 6635
5718 6636
4949 6637
5183 6638
318 6639
5619 6640
1913 6641
3749 6642
814 6643
1026 6644
3214 6645
5083 6646
6332 6647
6167 6648
1392 6649
2139 6650
2961 6651
2772 6652
3855 6653
3938 6654
3767 6655
1547 6656
5288 6657
1059 6658
239 6659
3643 6660
5816 6661
3287 6662
5127 6663
4389 6664
5889 6665
1883 6666
5779 6667
751 6668
6302 6669
536 6670
857 6671
4425 6672
4656 6673
4667 6674
1650 6675
4623 6676
1109 6677
6066 6678
1814 6679
25 6680
2375 6681
2475 6682
4875 6683
255 6684
4333 6685
6064 6686
5087 6687
5846 6688
442 6689
5208 6690
5466 6691
2748 6692
3701 6693
2801 6694
4388 6695
2876 6696
3294 6697
4113 6698
958 6699
5465 6700
4900 6701
2612 6702
461 6703
6555 6704
2291 6705
6351 6706
919 6707
2835 6708
3204 6709
1719 6710
3882 6711
762 6712
1446 6713
481 6714
122 6715
5934 6716
4493 6717
3316 6718
4658 6719
1728 6720
6268 6721
5622 6722
4825 6723
25 6724
5539 6725
4278 6726
467 6727
598 6728
1712 6729
29 6730
742 6731
1351 6732
1434 6733
804 6734
5581 6735
5785 6736
6044 6737
4064 6738
5957 6739
5746 6740
3923 6741
5812 6742
2327 6743
6080 6744
1421 6745
5386 6746
958 6747
5151 6748
4984 6749
3085 6750
5020 6751
1487 6752
5359 6753
6413 6754
3423 6755
4703 6756
6183 6757
2460 6758
1422 6759
5847 6760
6145 6761
6010 6762
5148 6763
3554 6764
2507 6765
4541 6766
6277 6767
5082 6768
2521 6769
2046 6770
1994 6771
4761 6772
4073 6773
1223 6774
1880 6775
732 6776
5048 6777
3907 6778
1142 6779
758 6780
1077 6781
366 6782
5337 6783
2051 6784
2178 6785
1188 6786
5886 6787
1310 6788
3789 6789
6148 6790
5665 6791
400 6792
2908 6793
615 6794
6483 6795
4214 6796
5630 6797
4379 6798
6305 6799
2393 6800
2026 6801
1421 6802
583 6803
5642 6804
6437 6805
6678 6806
3539 6807
3080 6808
3248 6809
5192 6810
6404 6811
4584 6812
4589 6813
2831 6814
1887 6815
6150 6816
403 6817
3570 6818
4690 6819
6656 6820
3793 6821
2758 6822
6541 6823
6471 6824
4216 6825
6276 6826
4536 6827
5124 6828
2726 6829
3822 6830
4155 6831
677 6832
3924 6833
335 6834
6341 6835
2589 6836
6718 6837
6055 6838
3641 6839
3274 6840
5631 6841
1202 6842
3493 6843
5288 6844
1277 6845
3053 6846
1706 6847
5526 6848
6028 6849
4441 6850
5081 6851
3676 6852
3701 6853
6483 6854
3879 6855
6715 6856
2852 6857
730 6858
5156 6859
6600 6860
6050 6861
2743 6862
3719 6863
2240 6864
3898 6865
5567 6866
3997 6867
699 6868
6823 6869
3399 6870
2677 6871
5236 6872
2934 6873
1641 6874
6138 6875
1270 6876
2031 6877
3078 6878
347 6879
6110 6880
5945 6881
3514 6882
5569 6883
5571 6884
483 6885
4899 6886
5887 6887
4254 6888
3709 6889
2455 6890
2168 6891
335 6892
1313 6893
1974 6894
5466 6895
5701 6896
1326 6897
6572 6898
12 6899
43 6900
4662 6901
4790 6902
1048 6903
923 6904
5712 6905
4484 6906
5120 6907
3998 6908
110 6909
1623 6910
3808 6911
6581 6912
3756 6913
1681 6914
5506 6915
4240 6916
1884 6917
3208 6918
6090 6919
2120 6920
4137 6921
2503 6922
2193 6923
1602 6924
1609 6925
3540 6926
2393 6927
1246 6928
2392 6929
1626 6930
153 6931
3989 6932
4178 6933
6245 6934
881 6935
5863 6936
4152 6937
6205 6938
6775 6939
4392 6940
6603 6941
5239 6942
4978 6943
3395 6944
4420 6945
1104 6946
170 6947
4324 6948
5071 6949
3889 6950
1625 6951
2182 6952
3602 6953
4168 6954
2287 6955
233 6956
105 6957
3056 6958
6573 6959
4932 6960
4399 6961
6652 6962
2352 6963
5650 6964
3422 6965
696 6966
4501 6967
4921 6968
2167 6969
4180 6970
6689 6971
3969 6972
969 6973
597 6974
3583 6975
3631 6976
6830 6977
2001 6978
6112 6979
6473 6980
2043 6981
1428 6982
6267 6983
3672 6984
1123 6985
263 6986
6325 6987
4965 6988
3336 6989
4453 6990
4592 6991
361 6992
1474 6993
4202 6994
4120 6995
804 6996
198 6997
1290 6998
1145 6999
3529 7000
2664 7001
30 7002
6644 7003
6817 7004
4384 7005
2376 7006
1174 7007
6631 7008
748 7009
6394 7010
4781 7011
894 7012
1803 7013
5514 7014
2278 7015
2504 7016
5287 7017
4746 7018
168 7019
2363 7020
4602 7021
3513 7022
2828 7023
5050 7024
2005 7025
3269 7026
1347 7027
6436 7028
1935 7029
7014 7030
6331 7031
5544 7032
5567 7033
3014 7034
4690 7035
3151 7036
2026 7037
463 7038
5356 7039
6678 7040
4892 7041
51 7042
6149 7043
1680 7044
6710 7045
1366 7046
4439 7047
4047 7048
2249 7049
2640 7050
4648 7051
1254 7052
6980 7053
3016 7054
3684 7055
6325 7056
6606 7057
5178 7058
5204 7059
6900 7060
2415 7061
4708 7062
6693 7063
5846 7064
4300 7065
168 7066
4827 7067
5365 7068
6649 7069
6950 7070
2346 7071
5548 7072
2397 7073
2328 7074
225 7075
1071 7076
5542 7077
4629 7078
557 7079
2069 7080
4145 7081
6290 7082
6526 7083
3225 7084
5140 7085
1892 7086
4192 7087
5098 7088
4166 7089
2421 7090
1704 7091
5012 7092
1186 7093
4051 7094
3323 7095
4533 7096
6460 7097
4154 7098
6203 7099
3898 7100
2998 7101
1381 7102
2301 7103
3469 7104
3292 7105
6659 7106
3634 7107
4166 7108
367 7109
3086 7110
6689 7111
6052 7112
4488 7113
6797 7114
5769 7115
5 7116
662 7117
990 7118
6426 7119
3933 7120
1081 7121
843 7122
2794 7123
2790 7124
1438 7125
5010 7126
3569 7127
851 7128
4736 7129
6170 7130
1756 7131
4123 7132
4547 7133
5208 7134
1293 7135
7009 7136
398 7137
6383 7138
1447 7139
2175 7140
517 7141
6241 7142
1279 7143
6413 7144
7101 7145
293 7146
1583 7147
4637 7148
4176 7149
5558 7150
6847 7151
2581 7152
6190 7153
263 7154
2336 7155
3758 7156
4802 7157
4686 7158
4178 7159
4161 7160
2636 7161
3136 7162
6604 7163
5219 7164
1098 7165
5542 7166
2444 7167
5875 7168
1982 7169
6138 7170
4050 7171
3823 7172
5618 7173
561 7174
653 7175
6590 7176
6015 7177
2485 7178
141 7179
4306 7180
4557 7181
1503 7182
6071 7183
881 7184
2666 7185
1564 7186
6517 7187
4325 7188
4601 7189
2472 7190
2562 7191
6862 7192
4945 7193
2505 7194
4233 7195
3552 7196
5022 7197
3719 7198
5611 7199
6971 7200
2535 7201
4030 7202
425 7203
2510 7204
3597 7205
303 7206
240 7207
6781 7208
6048 7209
4363 7210
400 7211
3991 7212
3962 7213
4678 7214
5629 7215
3563 7216
2704 7217
4314 7218
4079 7219
2634 7220
3144 7221
5154 7222
2596 7223
4435 7224
2643 7225
4194 7226
4186 7227
3924 7228
3484 7229
4383 7230
2294 7231
1993 7232
5903 7233
3515 7234
2804 7235
960 7236
2187 7237
3540 7238
2001 7239
995 7240
3529 7241
1265 7242
2484 7243
203 7244
2019 7245
6621 7246
1216 7247
1835 7248
5293 7249
5286 7250
3103 7251
5761 7252
4139 7253
427 7254
2330 7255
1161 7256
2469 7257
6079 7258
3776 7259
7241 7260
295 7261
5132 7262
6895 7263
4907 7264
6177 7265
397 7266
6404 7267
4724 7268
6963 7269
4405 7270
4559 7271
6383 7272
4343 7273
323 7274
7105 7275
6263 7276
2063 7277
2582 7278
181 7279
7099 7280
591 7281
1561 7282
342 7283
5909 7284
622 7285
5998 7286
1713 7287
1984 7288
1859 7289
3894 7290
4621 7291
4591 7292
4376 7293
4747 7294
2890 7295
3124 7296
6592 7297
2619 7298
6187 7299
3627 7300
7070 7301
2173 7302
6323 7303
4007 7304
3910 7305
7271 7306
3204 7307
3365 7308
1541 7309
4649 7310
7056 7311
751 7312
4166 7313
4640 7314
3886 7315
6626 7316
3080 7317
2085 7318
485 7319
2539 7320
942 7321
835 7322
4567 7323
3151 7324
6031 7325
5040 7326
6931 7327
4204 7328
2180 7329
2242 7330
3314 7331
3134 7332
4622 7333
1547 7334
1388 7335
6063 7336
5709 7337
2651 7338
1823 7339
2518 7340
7245 7341
1213 7342
5605 7343
2937 7344
920 7345
4188 7346
4241 7347
4638 7348
3398 7349
5381 7350
4567 7351
4717 7352
4209 7353
4243 7354
3998 7355
7319 7356
1676 7357
1720 7358
1006 7359
3888 7360
6061 7361
1166 7362
4208 7363
4487 7364
6925 7365
354 7366
3121 7367
5359 7368
1482 7369
6081 7370
2767 7371
3896 7372
1344 7373
7133 7374
818 7375
1991 7376
3771 7377
762 7378
241 7379
399 7380
7031 7381
6264 7382
737 7383
1088 7384
4263 7385
2854 7386
3002 7387
6091 7388
5028 7389
466 7390
3351 7391
2502 7392
1084 7393
2700 7394
6015 7395
3055 7396
3016 7397
6252 7398
4481 7399
6631 7400
3054 7401
2128 7402
2592 7403
5049 7404
4111 7405
6490 7406
2268 7407
1029 7408
1636 7409
1200 7410
1299 7411
5215 7412
3940 7413
7391 7414
5715 7415
2573 7416
1391 7417
6875 7418
6261 7419
5728 7420
6034 7421
267 7422
818 7423
3021 7424
3859 7425
1724 7426
3419 7427
340 7428
1576 7429
1959 7430
6593 7431
2834 7432
1759 7433
7178 7434
6557 7435
6747 7436
3552 7437
4415 7438
475 7439
990 7440
6221 7441
5299 7442
7251 7443
2742 7444
504 7445
6688 7446
2148 7447
159 7448
6753 7449
1332 7450
2189 7451
5208 7452
2255 7453
1175 7454
7068 7455
7341 7456
4983 7457
2104 7458
1210 7459
3631 7460
902 7461
1449 7462
4298 7463
6497 7464
6104 7465
5618 7466
7035 7467
2079 7468
1628 7469
6579 7470
4315 7471
2708 7472
5025 7473
5718 7474
77 7475
6287 7476
390 7477
1683 7478
3386 7479
4319 7480
5319 7481
4599 7482
3347 7483
1057 7484
2192 7485
4352 7486
4223 7487
3318 7488
6424 7489
4462 7490
5666 7491
2151 7492
294 7493
2303 7494
6445 7495
2212 7496
3141 7497
6983 7498
6794 7499
2611 7500
5650 7501
1901 7502
7243 7503
3482 7504
3093 7505
7138 7506
2648 7507
6796 7508
3598 7509
907 7510
3832 7511
689 7512
1981 7513
7016 7514
2054 7515
214 7516
5739 7517
634 7518
7229 7519
5529 7520
2340 7521
638 7522
1660 7523
4010 7524
2861 7525
1532 7526
2425 7527
296 7528
5405 7529
5817 7530
2702 7531
6376 7532
6875 7533
7309 7534
110 7535
7166 7536
448 7537
7249 7538
3758 7539
3314 7540
7178 7541
1356 7542
2288 7543
1721 7544
4209 7545
467 7546
1385 7547
4278 7548
5194 7549
1717 7550
5190 7551
2938 7552
1756 7553
2077 7554
7113 7555
2880 7556
3077 7557
1160 7558
4889 7559
5796 7560
6124 7561
7445 7562
5524 7563
102 7564
1086 7565
3265 7566
845 7567
3851 7568
4420 7569
6814 7570
5998 7571
3194 7572
5153 7573
1418 7574
1827 7575
5348 7576
7085 7577
2288 7578
114 7579
3324 7580
6582 7581
1208 7582
46 7583
6272 7584
6033 7585
7365 7586
5465 7587
116 7588
3720 7589
7345 7590
5410 7591
2351 7592
3209 7593
1141 7594
6144 7595
593 7596
6891 7597
4319 7598
5555 7599
257 7600
7320 7601
2614 7602
1082 7603
1564 7604
5530 7605
1120 7606
6517 7607
1844 7608
4247 7609
1518 7610
2246 7611
7150 7612
4166 7613
2945 7614
2718 7615
5543 7616
6880 7617
6520 7618
1435 7619
6464 7620
7555 7621
5798 7622
3583 7623
2686 7624
1816 7625
6729 7626
1349 7627
728 7628
6885 7629
7561 7630
6666 7631
1503 7632
5435 7633
3015 7634
3017 7635
3190 7636
1447 7637
1136 7638
1664 7639
5301 7640
7486 7641
6726 7642
4525 7643
6073 7644
2573 7645
5543 7646
1108 7647
3205 7648
1915 7649
3824 7650
728 7651
6892 7652
7450 7653
3219 7654
2590 7655
3178 7656
1429 7657
6313 7658
4625 7659
1663 7660
704 7661
3408 7662
391 7663
754 7664
3897 7665
3212 7666
1259 7667
5870 7668
1887 7669
1104 7670
6685 7671
3338 7672
3336 7673
493 7674
1023 7675
3967 7676
3845 7677
2018 7678
2106 7679
2352 7680
662 7681
3090 7682
5237 7683
5059 7684
6161 7685
5068 7686
6160 7687
2773 7688
2020 7689
871 7690
6659 7691
6551 7692
804 7693
6911 7694
2319 7695
833 7696
5215 7697
6454 7698
1449 7699
3908 7700
1438 7701
7325 7702
1072 7703
5971 7704
3928 7705
2828 7706
3788 7707
554 7708
2510 7709
4205 7710
5947 7711
2085 7712
5923 7713
2688 7714
1592 7715
3600 7716
4378 7717
7408 7718
1263 7719
5536 7720
1529 7721
5654 7722
2928 7723
3236 7724
5893 7725
4676 7726
3675 7727
4488 7728
7321 7729
4293 7730
1457 7731
532 7732
7592 7733
1156 7734
6956 7735
4475 7736
5109 7737
6129 7738
4786 7739
1601 7740
4565 7741
6355 7742
1711 7743
4750 7744
5561 7745
7326 7746
2542 7747
5029 7748
6009 7749
3688 7750
3348 7751
176 7752
272 7753
3045 7754
4159 7755
2316 7756
729 7757
4304 7758
1256 7759
3009 7760
4442 7761
674 7762
4665 7763
5229 7764
3221 7765
2636 7766
1096 7767
953 7768
6323 7769
3080 7770
7281 7771
7681 7772
1737 7773
4318 7774
6441 7775
2294 7776
1284 7777
57 7778
4468 7779
6856 7780
6399 7781
2995 7782
7532 7783
7363 7784
3369 7785
4077 7786
5823 7787
2478 7788
4627 7789
670 7790
713 7791
1803 7792
1253 7793
3007 7794
5167 7795
2139 7796
6436 7797
7125 7798
4281 7799
6163 7800
2351 7801
1390 7802
3716 7803
5118 7804
6649 7805
5953 7806
1053 7807
4305 7808
7607 7809
6310 7810
7625 7811
3923 7812
5691 7813
2922 7814
6718 7815
3781 7816
1311 7817
5925 7818
5708 7819
2051 7820
688 7821
1925 7822
5514 7823
2162 7824
5161 7825
7452 7826
4284 7827
3644 7828
3163 7829
3724 7830
4439 7831
5198 7832
5627 7833
4231 7834
4779 7835
5788 7836
2562 7837
7224 7838
6444 7839
4692 7840
5369 7841
1636 7842
2869 7843
5650 7844
5435 7845
6664 7846
7258 7847
347 7848
6514 7849
2307 7850
7625 7851
5578 7852
871 7853
4944 7854
3674 7855
5434 7856
1931 7857
7827 7858
2045 7859
1303 7860
1848 7861
1767 7862
1905 7863
1001 7864
7773 7865
6286 7866
5087 7867
5379 7868
4811 7869
1633 7870
2121 7871
5249 7872
5333 7873
6872 7874
5427 7875
2221 7876
6809 7877
2009 7878
184 7879
7109 7880
7626 7881
3084 7882
4188 7883
2474 7884
6573 7885
6798 7886
2834 7887
1245 7888
1184 7889
4888 7890
4463 7891
1311 7892
1239 7893
6284 7894
5550 7895
485 7896
3421 7897
5025 7898
6469 7899
947 7900
2771 7901
612 7902
3513 7903
5120 7904
2992 7905
1922 7906
5188 7907
1305 7908
3668 7909
4402 7910
3328 7911
5460 7912
3009 7913
5679 7914
4359 7915
5829 7916
6170 7917
2595 7918
6174 7919
6947 7920
3846 7921
767 7922
6130 7923
2273 7924
6245 7925
7301 7926
4963 7927
1509 7928
3413 7929
2183 7930
6578 7931
4691 7932
5328 7933
2856 7934
5435 7935
3078 7936
2834 7937
1679 7938
2650 7939
4515 7940
4793 7941
1686 7942
7330 7943
3375 7944
7383 7945
1267 7946
7054 7947
5254 7948
4781 7949
947 7950
3949 7951
5665 7952
5868 7953
2646 7954
3168 7955
5877 7956
7261 7957
7651 7958
3728 7959
2078 7960
2254 7961
3215 7962
5407 7963
7201 7964
5942 7965
849 7966
1530 7967
6133 7968
7736 7969
1723 7970
5486 7971
7353 7972
4591 7973
3237 7974
4498 7975
36 7976
2062 7977
557 7978
6129 7979
2543 7980
7366 7981
2185 7982
1355 7983
7021 7984
4655 7985
7106 7986
7092 7987
7680 7988
7953 7989
40 7990
365 7991
2860 7992
1992 7993
7283 7994
4649 7995
5844 7996
6776 7997
585 7998
4992 7999
1460 8000
2428 8001
6384 8002
6650 8003
3583 8004
48 8005
112 8006
3382 8007
4237 8008
5380 8009
2122 8010
4921 8011
4896 8012
2054 8013
5359 8014
2782 8015
4603 8016
7517 8017
1238 8018
6145 8019
6015 8020
5720 8021
4228 8022
3286 8023
5276 8024
6273 8025
5762 8026
1871 8027
640 8028
6422 8029
3158 8030
6492 8031
7866 8032
1134 8033
2731 8034
5875 8035
5526 8036
3244 8037
5080 8038
5507 8039
1103 8040
5452 8041
5658 8042
483 8043
4266 8044
4225 8045
4698 8046
6036 8047
3511 8048
2181 8049
4813 8050
6912 8051
3482 8052
2483 8053
2609 8054
7843 8055
2905 8056
5540 8057
5382 8058
2602 8059
2697 8060
1494 8061
286 8062
6079 8063
3098 8064
5706 8065
4184 8066
6435 8067
717 8068
5374 8069
5187 8070
3299 8071
2436 8072
1347 8073
6977 8074
8026 8075
6135 8076
6063 8077
5892 8078
6549 8079
3716 8080
5553 8081
4787 8082
7320 8083
557 8084
1128 8085
5254 8086
7761 8087
5692 8088
6856 8089
6478 8090
4292 8091
2502 8092
3115 8093
2570 8094
6801 8095
6648 8096
2754 8097
1507 8098
2258 8099
2563 8100
414 8101
3931 8102
7398 8103
2408 8104
1705 8105
6580 8106
4936 8107
90 8108
6099 8109
3805 8110
5583 8111
1213 8112
3003 8113
6144 8114
2349 8115
1208 8116
72 8117
4156 8118
7431 8119
4252 8120
3157 8121
2862 8122
5 8123
8010 8124
6339 8125
428 8126
2064 8127
3086 8128
3942 8129
2422 8130
4022 8131
7068 8132
4406 8133
6863 8134
5020 8135
681 8136
294 8137
6653 8138
3321 8139
4907 8140
5340 8141
168 8142
509 8143
6176 8144
4044 8145
4219 8146
3971 8147
6044 8148
4150 8149
3911 8150
68 8151
6318 8152
1525 8153
3760 8154
6132 8155
5842 8156
324 8157
8007 8158
7909 8159
4749 8160
3163 8161
7919 8162
6751 8163
8078 8164
7578 8165
1605 8166
6221 8167
7280 8168
2258 8169
6124 8170
1342 8171
3565 8172
3537 8173
5688 8174
6311 8175
4119 8176
7503 8177
5192 8178
4561 8179
7602 8180
4689 8181
5930 8182
6401 8183
1108 8184
4503 8185
1308 8186
3582 8187
186 8188
3488 8189
4416 8190
465 8191
4808 8192
7226 8193
1027 8194
1144 8195
7870 8196
705 8197
3472 8198
4279 8199
1685 8200
5857 8201
2571 8202
5353 8203
8058 8204
6226 8205
6834 8206
7488 8207
5904 8208
5644 8209
4683 8210
6341 8211
2638 8212
415 8213
2669 8214
1085 8215
5776 8216
2790 8217
636 8218
270 8219
1544 8220
1471 8221
4737 8222
7050 8223
432 8224
5887 8225
656 8226
2327 8227
147 8228
5727 8229
1034 8230
4617 8231
662 8232
6081 8233
4984 8234
3667 8235
6579 8236
1627 8237
7259 8238
3403 8239
2461 8240
5197 8241
6195 8242
6128 8243
6670 8244
2013 8245
383 8246
6529 8247
4987 8248
8235 8249
7876 8250
8031 8251
584 8252
5221 8253
1214 8254
5134 8255
7045 8256
1581 8257
2832 8258
4138 8259
3135 8260
7076 8261
4085 8262
5133 8263
8118 8264
7923 8265
6488 8266
5724 8267
3393 8268
5481 8269
4323 8270
4304 8271
4308 8272
7704 8273
1158 8274
7693 8275
2062 8276
7054 8277
2979 8278
7896 8279
6511 8280
2571 8281
1784 8282
5356 8283
4904 8284
4136 8285
487 8286
5660 8287
5890 8288
4720 8289
4331 8290
2744 8291
6072 8292
1275 8293
6280 8294
1035 8295
2743 8296
2250 8297
4526 8298
2842 8299
1514 8300
5915 8301
6260 8302
6542 8303
7168 8304
2179 8305
1475 8306
7672 8307
6898 8308
2076 8309
2206 8310
137 8311
7663 8312
1354 8313
1010 8314
2129 8315
5426 8316
2416 8317
5983 8318
7074 8319
2576 8320
7366 8321
6669 8322
6757 8323
2267 8324
4203 8325
3936 8326
6150 8327
5342 8328
7083 8329
7500 8330
4547 8331
2318 8332
6212 8333
2315 8334
868 8335
7196 8336
1442 8337
6676 8338
8226 8339
1805 8340
7134 8341
8109 8342
7999 8343
3793 8344
2252 8345
6604 8346
4594 8347
1337 8348
4425 8349
527 8350
4339 8351
2978 8352
7017 8353
597 8354
902 8355
3188 8356
7045 8357
3288 8358
4766 8359
4169 8360
3538 8361
4228 8362
3232 8363
8048 8364
363 8365
6146 8366
12 8367
4387 8368
7683 8369
2842 8370
4311 8371
7347 8372
5731 8373
191 8374
7064 8375
3476 8376
4766 8377
7778 8378
3958 8379
7889 8380
1543 8381
555 8382
3804 8383
6872 8384
7956 8385
6248 8386
3547 8387
3406 8388
4047 8389
3254 8390
1422 8391
4593 8392
4721 8393
4523 8394
7837 8395
6656 8396
7468 8397
6353 8398
6775 8399
2149 8400
4981 8401
746 8402
6148 8403
7306 8404
7325 8405
1744 8406
2604 8407
1307 8408
7007 8409
7380 8410
5191 8411
5929 8412
5462 8413
6104 8414
5660 8415
6907 8416
3220 8417
6 8418
1342 8419
6506 8420
3252 8421
5336 8422
8399 8423
6093 8424
2171 8425
6842 8426
5995 8427
7557 8428
5730 8429
5486 8430
7211 8431
7818 8432
7016 8433
1821 8434
7812 8435
3427 8436
6659 8437
4767 8438
2384 8439
4064 8440
4868 8441
8210 8442
2716 8443
4899 8444
6549 8445
5699 8446
184 8447
4950 8448
4052 8449
889 8450
5511 8451
6634 8452
6923 8453
4861 8454
7033 8455
5143 8456
3469 8457
6150 8458
5366 8459
7307 8460
2432 8461
6865 8462
8416 8463
2159 8464
7335 8465
471 8466
989 8467
6989 8468
8115 8469
1058 8470
1508 8471
523 8472
1030 8473
5083 8474
1971 8475
848 8476
5592 8477
3086 8478
8240 8479
4108 8480
5643 8481
6368 8482
6093 8483
5067 8484
3086 8485
2854 8486
6742 8487
7095 8488
696 8489
240 8490
7657 8491
2365 8492
1343 8493
3424 8494
1956 8495
5248 8496
6200 8497
7310 8498
7154 8499
4450 8500
7560 8501
3601 8502
4691 8503
3480 8504
4334 8505
5306 8506
7078 8507
5128 8508
8507 8509
1414 8510
2940 8511
4429 8512
6964 8513
4516 8514
7657 8515
5448 8516
4790 8517
5398 8518
316 8519
2165 8520
6101 8521
393 8522
2931 8523
95 8524
6047 8525
2793 8526
4817 8527
4885 8528
6244 8529
3796 8530
204 8531
4930 8532
1348 8533
2804 8534
7290 8535
6977 8536
7842 8537
5967 8538
7017 8539
4446 8540
6959 8541
4944 8542
3720 8543
5356 8544
6086 8545
1362 8546
4965 8547
1338 8548
998 8549
1693 8550
5670 8551
3627 8552
1584 8553
6088 8554
482 8555
4143 8556
3328 8557
2133 8558
6872 8559
8016 8560
3951 8561
67 8562
5324 8563
5802 8564
8368 8565
399 8566
6537 8567
68 8568
1235 8569
1092 8570
385 8571
3297 8572
7841 8573
7288 8574
1471 8575
4970 8576
5380 8577
1960 8578
3587 8579
416 8580
3214 8581
400 8582
5813 8583
7245 8584
4010 8585
7024 8586
8148 8587
4052 8588
8427 8589
7130 8590
1377 8591
8570 8592
7470 8593
5104 8594
4832 8595
3431 8596
2994 8597
7780 8598
3840 8599
8257 8600
5838 8601
6465 8602
5770 8603
4326 8604
2448 8605
1824 8606
6198 8607
1762 8608
4743 8609
3758 8610
3152 8611
6289 8612
4006 8613
1116 8614
8292 8615
3636 8616
6786 8617
193 8618
8095 8619
5969 8620
7205 8621
6889 8622
2642 8623
8085 8624
4864 8625
6930 8626
3087 8627
5051 8628
332 8629
3241 8630
490 8631
3019 8632
2247 8633
2325 8634
90 8635
1730 8636
7959 8637
6627 8638
1404 8639
438 8640
7025 8641
6389 8642
501 8643
7961 8644
1254 8645
6740 8646
3075 8647
2535 8648
3101 8649
601 8650
6316 8651
5322 8652
5904 8653
6538 8654
1325 8655
8409 8656
5254 8657
727 8658
3688 8659
5081 8660
3606 8661
5923 8662
8084 8663
7264 8664
1735 8665
2788 8666
6166 8667
8061 8668
1586 8669
2835 8670
4191 8671
4336 8672
6344 8673
5618 8674
8541 8675
8675 8676
7777 8677
8122 8678
6733 8679
5886 8680
6444 8681
6570 8682
2028 8683
2955 8684
1848 8685
8046 8686
6123 8687
6113 8688
3866 8689
4360 8690
396 8691
7517 8692
6821 8693
5705 8694
672 8695
5978 8696
2500 8697
8043 8698
3716 8699
2916 8700
6864 8701
1991 8702
8016 8703
47 8704
8403 8705
3539 8706
3853 8707
6658 8708
3437 8709
6850 8710
3290 8711
3554 8712
2783 8713
3663 8714
7631 8715
5787 8716
4024 8717
6662 8718
412 8719
7998 8720
3314 8721
2417 8722
4467 8723
5653 8724
1505 8725
7881 8726
5279 8727
6338 8728
2685 8729
37 8730
6130 8731
6891 8732
1572 8733
8024 8734
1920 8735
1142 8736
1642 8737
2147 8738
8663 8739
7458 8740
6294 8741
1215 8742
7647 8743
7382 8744
4988 8745
79 8746
2105 8747
4333 8748
2354 8749
2739 8750
3477 8751
6683 8752
1205 8753
2342 8754
7531 8755
3141 8756
3084 8757
858 8758
7728 8759
8746 8760
8569 8761
4410 8762
516 8763
4267 8764
3795 8765
7992 8766
270 8767
7360 8768
2224 8769
4242 8770
2170 8771
5311 8772
5467 8773
1394 8774
1133 8775
3259 8776
4833 8777
3998 8778
4324 8779
5481 8780
6594 8781
3490 8782
2481 8783
3128 8784
539 8785
7222 8786
5266 8787
7860 8788
3902 8789
8288 8790
994 8791
921 8792
7361 8793
7535 8794
5228 8795
2283 8796
6366 8797
8119 8798
3870 8799
7525 8800
4110 8801
6573 8802
1704 8803
2885 8804
241 8805
6060 8806
2390 8807
6653 8808
1560 8809
7585 8810
5472 8811
3435 8812
8366 8813
7076 8814
2661 8815
49 8816
7807 8817
8601 8818
3110 8819
2395 8820
1816 8821
4153 8822
2838 8823
4916 8824
156 8825
6241 8826
5730 8827
1560 8828
1942 8829
3263 8830
7877 8831
285 8832
3123 8833
5978 8834
3583 8835
1519 8836
5863 8837
7382 8838
1489 8839
1912 8840
4116 8841
3431 8842
401 8843
4492 8844
3903 8845
8520 8846
4302 8847
8596 8848
7012 8849
1754 8850
448 8851
6203 8852
5891 8853
5927 8854
2134 8855
2610 8856
2907 8857
6861 8858
3920 8859
1779 8860
7643 8861
6270 8862
5130 8863
903 8864
3958 8865
3097 8866
5518 8867
2530 8868
2091 8869
4228 8870
6223 8871
3353 8872
5134 8873
349 8874
5629 8875
4621 8876
785 8877
5328 8878
7529 8879
5568 8880
5641 8881
829 8882
6459 8883
2953 8884
1840 8885
5629 8886
7782 8887
4375 8888
5976 8889
1419 8890
1407 8891
8875 8892
1822 8893
673 8894
2612 8895
7629 8896
7381 8897
6342 8898
5432 8899
3160 8900
2156 8901
4559 8902
6788 8903
2941 8904
4096 8905
2249 8906
438 8907
8320 8908
5731 8909
4779 8910
1622 8911
4917 8912
718 8913
7745 8914
3175 8915
6686 8916
4840 8917
1273 8918
4461 8919
6922 8920
1222 8921
8912 8922
7192 8923
3333 8924
1605 8925
7351 8926
3770 8927
7895 8928
5195 8929
5612 8930
3704 8931
8143 8932
6028 8933
2971 8934
7463 8935
5284 8936
6850 8937
3875 8938
5300 8939
3092 8940
2323 8941
5373 8942
441 8943
7433 8944
7757 8945
4081 8946
7002 8947
4645 8948
5881 8949
5791 8950
8505 8951
5647 8952
2040 8953
4214 8954
2265 8955
2487 8956
3154 8957
4008 8958
4779 8959
2534 8960
1323 8961
3169 8962
2 8963
861 8964
6195 8965
6737 8966
6624 8967
4885 8968
7920 8969
3102 8970
1217 8971
6173 8972
3087 8973
515 8974
1827 8975
5403 8976
7662 8977
6341 8978
6573 8979
1712 8980
7279 8981
6982 8982
5255 8983
758 8984
2676 8985
1606 8986
2383 8987
3312 8988
3805 8989
7371 8990
3360 8991
4479 8992
3179 8993
4407 8994
6195 8995
8099 8996
6512 8997
3621 8998
6206 8999
463 9000
4311 9001
2066 9002
3586 9003
7138 9004
3721 9005
8393 9006
2857 9007
6469 9008
1143 9009
2586 9010
4886 9011
2384 9012
4356 9013
3694 9014
8608 9015
5047 9016
1249 9017
6040 9018
241 9019
7164 9020
1299 9021
8540 9022
8193 9023
133 9024
2888 9025
8904 9026
3769 9027
3848 9028
694 9029
3738 9030
33 9031
8086 9032
7351 9033
5955 9034
5507 9035
684 9036
7894 9037
6166 9038
7053 9039
297 9040
3742 9041
2887 9042
8796 9043
1441 9044
2354 9045
8589 9046
4298 9047
8451 9048
265 9049
8872 9050
901 9051
4156 9052
1323 9053
8900 9054
7780 9055
943 9056
7613 9057
7668 9058
2417 9059
5640 9060
2856 9061
6290 9062
6906 9063
3542 9064
4025 9065
4166 9066
464 9067
8939 9068
349 9069
8891 9070
4520 9071
8127 9072
318 9073
4237 9074
7815 9075
3849 9076
1694 9077
1269 9078
4672 9079
5471 9080
2586 9081
5032 9082
7023 9083
9022 9084
5897 9085
618 9086
3955 9087
40 9088
3674 9089
4014 9090
4576 9091
2632 9092
7432 9093
3266 9094
1995 9095
82 9096
4847 9097
6418 9098
7377 9099
8317 9100
695 9101
7993 9102
6245 9103
1243 9104
7035 9105
4122 9106
3922 9107
6697 9108
1063 9109
7390 9110
1797 9111
3540 9112
4326 9113
8613 9114
911 9115
7833 9116
5995 9117
7441 9118
32 9119
4985 9120
8441 9121
8712 9122
6801 9123
7301 9124
6555 9125
2567 9126
4269 9127
859 9128
3099 9129
8608 9130
7137 9131
6 9132
2988 9133
8194 9134
1811 9135
5301 9136
4551 9137
1619 9138
6776 9139
409 9140
395 9141
6239 9142
7107 9143
7431 9144
5241 9145
3055 9146
1434 9147
424 9148
6018 9149
1122 9150
7846 9151
8716 9152
3389 9153
5640 9154
2952 9155
7496 9156
4306 9157
6943 9158
4726 9159
1406 9160
6539 9161
7267 9162
4883 9163
940 9164
7058 9165
4382 9166
4860 9167
5540 9168
3052 9169
5543 9170
2435 9171
6394 9172
1999 9173
3124 9174
1844 9175
6957 9176
4678 9177
7288 9178
4699 9179
962 9180
4695 9181
7167 9182
8850 9183
4710 9184
971 9185
4755 9186
8584 9187
6651 9188
1415 9189
4516 9190
3594 9191
1230 9192
1401 9193
7472 9194
6629 9195
4617 9196
7616 9197
3528 9198
6366 9199
4036 9200
7762 9201
6367 9202
4142 9203
2287 9204
4884 9205
3852 9206
6162 9207
5097 9208
3940 9209
4418 9210
1584 9211
933 9212
5619 9213
2603 9214
1438 9215
8733 9216
5059 9217
8930 9218
5798 9219
5763 9220
5220 9221
3547 9222
2391 9223
9158 9224
5366 9225
7922 9226
5613 9227
3909 9228
8168 9229
5910 9230
5682 9231
1460 9232
7822 9233
6827 9234
5234 9235
7506 9236
8401 9237
4778 9238
8461 9239
9049 9240
9044 9241
2733 9242
7505 9243
6608 9244
2916 9245
2302 9246
444 9247
1801 9248
8503 9249
8617 9250
7470 9251
7142 9252
6288 9253
9086 9254
3377 9255
6097 9256
1225 9257
3150 9258
2651 9259
4679 9260
7459 9261
4813 9262
8287 9263
4642 9264
7459 9265
7363 9266
4930 9267
9069 9268
870 9269
7766 9270
109 9271
1039 9272
7640 9273
9095 9274
1272 9275
91 9276
3454 9277
4351 9278
7163 9279
547 9280
1077 9281
3284 9282
837 9283
5638 9284
6069 9285
6437 9286
8003 9287
2471 9288
8254 9289
7908 9290
2652 9291
8189 9292
6316 9293
2453 9294
4606 9295
3394 9296
152 9297
4130 9298
1389 9299
1748 9300
8683 9301
3539 9302
5876 9303
3691 9304
6687 9305
2848 9306
9258 9307
4981 9308
1089 9309
229 9310
8628 9311
8104 9312
8592 9313
6215 9314
1022 9315
6955 9316
1559 9317
6953 9318
1472 9319
2787 9320
8202 9321
5172 9322
4788 9323
593 9324
97 9325
7424 9326
8922 9327
5686 9328
1834 9329
4619 9330
2485 9331
5894 9332
2792 9333
7759 9334
305 9335
4017 9336
1450 9337
3078 9338
3433 9339
3330 9340
7765 9341
5550 9342
2607 9343
443 9344
5307 9345
2200 9346
5115 9347
235 9348
3710 9349
6456 9350
7534 9351
7487 9352
1844 9353
3323 9354
8464 9355
5334 9356
315 9357
7852 9358
238 9359
5948 9360
4890 9361
8444 9362
8307 9363
8367 9364
514 9365
6998 9366
6364 9367
5224 9368
4281 9369
4700 9370
8447 9371
2422 9372
4022 9373
2319 9374
4711 9375
6049 9376
6906 9377
6666 9378
8186 9379
5531 9380
4087 9381
9308 9382
6391 9383
9301 9384
4394 9385
3567 9386
4970 9387
6187 9388
45 9389
8594 9390
4547 9391
8796 9392
396 9393
7104 9394
1835 9395
6444 9396
7081 9397
1708 9398
2121 9399
5831 9400
8349 9401
5663 9402
3799 9403
2732 9404
8986 9405
1874 9406
4117 9407
217 9408
2693 9409
7421 9410
5148 9411
7135 9412
1434 9413
2553 9414
5995 9415
7895 9416
9201 9417
5255 9418
130 9419
419 9420
2718 9421
531 9422
8862 9423
2889 9424
1830 9425
988 9426
5244 9427
8295 9428
8370 9429
1933 9430
2991 9431
1754 9432
6214 9433
682 9434
2575 9435
6901 9436
8858 9437
442 9438
239 9439
7725 9440
5452 9441
6932 9442
4401 9443
491 9444
4390 9445
3184 9446
6526 9447
3335 9448
8346 9449
876 9450
8621 9451
2520 9452
5254 9453
6245 9454
9100 9455
884 9456
6534 9457
8837 9458
8089 9459
4494 9460
999 9461
3106 9462
4324 9463
6764 9464
4156 9465
1807 9466
916 9467
918 9468
4265 9469
3994 9470
7934 9471
3542 9472
5691 9473
7733 9474
7745 9475
8426 9476
2179 9477
3708 9478
2935 9479
1344 9480
4442 9481
5091 9482
3430 9483
829 9484
393 9485
966 9486
1004 9487
2572 9488
5496 9489
243 9490
8999 9491
291 9492
5171 9493
8760 9494
1825 9495
167 9496
8789 9497
7478 9498
2143 9499
4368 9500
568 9501
155 9502
4582 9503
7793 9504
8339 9505
1722 9506
5266 9507
4235 9508
3025 9509
2657 9510
2582 9511
511 9512
5394 9513
941 9514
470 9515
8118 9516
4721 9517
2932 9518
814 9519
3792 9520
2010 9521
17 9522
8934 9523
5956 9524
5359 9525
5453 9526
2256 9527
9253 9528
7583 9529
6848 9530
8640 9531
2459 9532
137 9533
4437 9534
2505 9535
6426 9536
5918 9537
9514 9538
2757 9539
5873 9540
6374 9541
3347 9542
3223 9543
851 9544
8166 9545
7202 9546
4749 9547
5637 9548
5922 9549
830 9550
7806 9551
1988 9552
1206 9553
704 9554
1888 9555
7508 9556
1013 9557
8237 9558
6206 9559
6962 9560
7346 9561
9226 9562
6260 9563
5821 9564
7196 9565
3686 9566
542 9567
3765 9568
6520 9569
8211 9570
6934 9571
5038 9572
1192 9573
9292 9574
2707 9575
3176 9576
7350 9577
2033 9578
6360 9579
4021 9580
9430 9581
7613 9582
7523 9583
9354 9584
5194 9585
6146 9586
1084 9587
3856 9588
3430 9589
363 9590
5353 9591
554 9592
5775 9593
6896 9594
2373 9595
5232 9596
1035 9597
6714 9598
6360 9599
7698 9600
181 9601
4571 9602
4365 9603
4534 9604
2577 9605
9398 9606
147 9607
3046 9608
5400 9609
5086 9610
8852 9611
1979 9612
2814 9613
4701 9614
4375 9615
1565 9616
4820 9617
9087 9618
747 9619
7401 9620
7846 9621
334 9622
8545 9623
8110 9624
5747 9625
4216 9626
7110 9627
5224 9628
5683 9629
7733 9630
1102 9631
2778 9632
8991 9633
5605 9634
4413 9635
1931 9636
7286 9637
7910 9638
4820 9639
5403 9640
3233 9641
7777 9642
6645 9643
3919 9644
5127 9645
2164 9646
534 9647
1907 9648
6456 9649
7116 9650
1376 9651
5204 9652
912 9653
8687 9654
378 9655
2914 9656
3444 9657
2094 9658
5184 9659
8224 9660
5021 9661
5260 9662
4766 9663
9364 9664
5803 9665
1818 9666
8007 9667
8463 9668
773 9669
9413 9670
2281 9671
921 9672
1541 9673
3940 9674
8069 9675
7555 9676
7217 9677
525 9678
1115 9679
7363 9680
533 9681
1983 9682
804 9683
3155 9684
8293 9685
621 9686
1981 9687
9040 9688
1402 9689
5641 9690
8963 9691
9685 9692
7841 9693
314 9694
5845 9695
1389 9696
5680 9697
2864 9698
4936 9699
9152 9700
895 9701
4097 9702
598 9703
155 9704
1621 9705
2837 9706
631 9707
1864 9708
922 9709
7172 9710
4019 9711
7333 9712
2332 9713
9333 9714
5543 9715
5740 9716
3413 9717
6084 9718
6185 9719
3600 9720
3884 9721
4080 9722
4321 9723
4512 9724
297 9725
2510 9726
7802 9727
1684 9728
6605 9729
5287 9730
9217 9731
2412 9732
8217 9733
3075 9734
4372 9735
4282 9736
818 9737
7579 9738
7045 9739
8427 9740
8618 9741
4532 9742
8926 9743
7555 9744
2955 9745
1794 9746
8886 9747
6749 9748
3786 9749
3932 9750
7101 9751
621 9752
4239 9753
1808 9754
6595 9755
8780 9756
2725 9757
5612 9758
4279 9759
2426 9760
5661 9761
1008 9762
998 9763
5010 9764
4406 9765
9169 9766
9091 9767
6628 9768
4821 9769
2709 9770
5749 9771
1431 9772
8826 9773
6254 9774
5348 9775
8647 9776
888 9777
4977 9778
9134 9779
4910 9780
6940 9781
3693 9782
8789 9783
5960 9784
1982 9785
1774 9786
106 9787
507 9788
4684 9789
3254 9790
5419 9791
7975 9792
9185 9793
3888 9794
8644 9795
586 9796
4002 9797
9119 9798
1847 9799
9434 9800
3422 9801
8443 9802
7081 9803
8122 9804
8888 9805
7714 9806
536 9807
2641 9808
3201 9809
4841 9810
9671 9811
9366 9812
1829 9813
9543 9814
324 9815
9802 9816
7807 9817
4665 9818
4372 9819
7065 9820
4999 9821
2333 9822
1087 9823
9630 9824
1366 9825
6939 9826
918 9827
1743 9828
4718 9829
6469 9830
1086 9831
1604 9832
2972 9833
7859 9834
6855 9835
9228 9836
5880 9837
5836 9838
5974 9839
3901 9840
9770 9841
4661 9842
1446 9843
4661 9844
7311 9845
1844 9846
3392 9847
3880 9848
5802 9849
5567 9850
2415 9851
8697 9852
4424 9853
6598 9854
9553 9855
4561 9856
5142 9857
9447 9858
6026 9859
405 9860
4480 9861
7520 9862
5085 9863
6822 9864
3826 9865
8496 9866
5040 9867
7963 9868
2634 9869
6111 9870
3745 9871
5566 9872
2220 9873
4464 9874
6875 9875
2118 9876
2765 9877
8242 9878
2447 9879
2228 9880
855 9881
5416 9882
7214 9883
6334 9884
4218 9885
3060 9886
6056 9887
8510 9888
3397 9889
9749 9890
6426 9891
7477 9892
113 9893
8413 9894
3739 9895
2563 9896
5185 9897
7309 9898
7969 9899
2140 9900
7491 9901
8455 9902
262 9903
6131 9904
2460 9905
8144 9906
9545 9907
3018 9908
6824 9909
9334 9910
2406 9911
1408 9912
5217 9913
1723 9914
2046 9915
3003 9916
6159 9917
7809 9918
5580 9919
6986 9920
7664 9921
7083 9922
8942 9923
8267 9924
5369 9925
2938 9926
286 9927
2111 9928
346 9929
3924 9930
7959 9931
8574 9932
1010 9933
3364 9934
5791 9935
7405 9936
9485 9937
4522 9938
4328 9939
7350 9940
3640 9941
2156 9942
5831 9943
3785 9944
3798 9945
6306 9946
8958 9947
7276 9948
7516 9949
3413 9950
5799 9951
4453 9952
7406 9953
9618 9954
5565 9955
8074 9956
5739 9957
6718 9958
4896 9959
1879 9960
795 9961
6127 9962
9627 9963
9058 9964
2419 9965
674 9966
3919 9967
1078 9968
6171 9969
8598 9970
8824 9971
9806 9972
4155 9973
3653 9974
7351 9975
8927 9976
8019 9977
1701 9978
4610 9979
6403 9980
4788 9981
3859 9982
2172 9983
5552 9984
7316 9985
2157 9986
5254 9987
6668 9988
5178 9989
1984 9990
2427 9991
4201 9992
2978 9993
3060 9994
7441 9995
7701 9996
678 9997
8885 9998
3043 9999
2687 10000
