1 2
1 3
2 4
2 5
5 6
6 7
1 8
4 9
2 10
7 11
9 12
11 13
3 14
12 15
7 16
6 17
6 18
14 19
15 20
5 21
16 22
9 23
9 24
4 25
18 26
25 27
14 28
18 29
11 30
23 31
14 32
14 33
27 34
26 35
21 36
26 37
31 38
37 39
21 40
21 41
29 42
21 43
8 44
20 45
38 46
28 47
45 48
15 49
14 50
34 51
7 52
24 53
11 54
52 55
28 56
38 57
51 58
28 59
24 60
29 61
18 62
8 63
55 64
23 65
61 66
54 67
55 68
17 69
27 70
21 71
13 72
18 73
44 74
22 75
33 76
2 77
50 78
33 79
57 80
4 81
35 82
58 83
1 84
82 85
55 86
5 87
31 88
19 89
70 90
21 91
58 92
87 93
5 94
24 95
3 96
56 97
40 98
41 99
35 100
37 101
87 102
38 103
28 104
7 105
66 106
17 107
105 108
97 109
28 110
56 111
59 112
22 113
65 114
84 115
26 116
75 117
68 118
48 119
17 120
77 121
103 122
120 123
38 124
1 125
85 126
9 127
93 128
34 129
66 130
35 131
91 132
54 133
72 134
37 135
12 136
52 137
32 138
100 139
106 140
57 141
22 142
77 143
59 144
61 145
31 146
57 147
130 148
51 149
140 150
20 151
31 152
77 153
85 154
61 155
84 156
42 157
115 158
139 159
47 160
123 161
50 162
118 163
15 164
53 165
132 166
68 167
141 168
126 169
88 170
53 171
100 172
87 173
119 174
30 175
61 176
92 177
123 178
176 179
10 180
101 181
105 182
22 183
149 184
165 185
132 186
148 187
54 188
175 189
33 190
71 191
179 192
85 193
162 194
57 195
3 196
7 197
16 198
28 199
167 200
31 201
185 202
131 203
8 204
178 205
1 206
156 207
90 208
133 209
175 210
39 211
13 212
88 213
146 214
191 215
118 216
214 217
56 218
107 219
184 220
217 221
95 222
166 223
179 224
171 225
47 226
199 227
101 228
143 229
140 230
209 231
228 232
166 233
54 234
174 235
101 236
98 237
156 238
229 239
150 240
133 241
232 242
213 243
168 244
216 245
63 246
12 247
239 248
69 249
217 250
52 251
84 252
35 253
23 254
169 255
187 256
225 257
212 258
4 259
18 260
100 261
81 262
240 263
20 264
107 265
261 266
174 267
77 268
226 269
28 270
124 271
217 272
107 273
47 274
40 275
191 276
101 277
149 278
142 279
198 280
230 281
103 282
2 283
73 284
42 285
115 286
209 287
37 288
56 289
285 290
242 291
108 292
160 293
87 294
157 295
99 296
85 297
193 298
287 299
97 300
95 301
93 302
215 303
209 304
288 305
32 306
294 307
144 308
196 309
229 310
7 311
127 312
221 313
220 314
201 315
108 316
309 317
166 318
187 319
29 320
58 321
235 322
8 323
61 324
63 325
292 326
106 327
87 328
278 329
247 330
16 331
326 332
47 333
110 334
60 335
257 336
172 337
281 338
28 339
42 340
20 341
316 342
255 343
312 344
172 345
200 346
67 347
126 348
35 349
57 350
16 351
250 352
281 353
114 354
260 355
6 356
22 357
250 358
165 359
218 360
294 361
180 362
165 363
257 364
190 365
297 366
125 367
57 368
38 369
72 370
138 371
47 372
125 373
362 374
9 375
321 376
45 377
207 378
25 379
285 380
346 381
335 382
37 383
152 384
349 385
19 386
101 387
132 388
175 389
71 390
327 391
315 392
227 393
288 394
201 395
261 396
186 397
152 398
157 399
33 400
61 401
226 402
89 403
337 404
186 405
3 406
206 407
220 408
192 409
249 410
358 411
72 412
41 413
389 414
292 415
316 416
354 417
382 418
137 419
132 420
11 421
290 422
127 423
105 424
218 425
424 426
145 427
264 428
145 429
22 430
42 431
93 432
163 433
87 434
204 435
278 436
182 437
324 438
405 439
162 440
426 441
436 442
265 443
123 444
28 445
400 446
398 447
45 448
70 449
306 450
265 451
32 452
411 453
142 454
291 455
3 456
307 457
58 458
147 459
148 460
74 461
323 462
386 463
413 464
379 465
131 466
209 467
182 468
15 469
418 470
131 471
397 472
250 473
416 474
145 475
241 476
153 477
441 478
294 479
41 480
14 481
387 482
42 483
63 484
210 485
241 486
113 487
387 488
449 489
120 490
189 491
205 492
192 493
362 494
310 495
76 496
371 497
258 498
173 499
252 500
449 501
163 502
403 503
233 504
184 505
400 506
496 507
339 508
479 509
5 510
306 511
480 512
472 513
154 514
228 515
64 516
222 517
85 518
254 519
392 520
102 521
252 522
434 523
302 524
229 525
295 526
283 527
153 528
270 529
3 530
82 531
91 532
502 533
203 534
188 535
313 536
72 537
255 538
253 539
15 540
239 541
450 542
258 543
348 544
298 545
133 546
32 547
328 548
53 549
136 550
295 551
547 552
129 553
395 554
383 555
554 556
26 557
500 558
284 559
188 560
431 561
539 562
199 563
232 564
195 565
509 566
419 567
435 568
261 569
52 570
192 571
54 572
204 573
242 574
306 575
47 576
336 577
351 578
383 579
186 580
567 581
11 582
317 583
545 584
473 585
377 586
50 587
33 588
149 589
166 590
500 591
98 592
10 593
143 594
296 595
432 596
466 597
62 598
349 599
549 600
165 601
211 602
337 603
496 604
339 605
60 606
531 607
89 608
579 609
490 610
153 611
407 612
42 613
585 614
272 615
91 616
573 617
109 618
335 619
608 620
140 621
166 622
199 623
509 624
555 625
550 626
621 627
596 628
84 629
352 630
212 631
203 632
355 633
352 634
122 635
404 636
138 637
140 638
79 639
29 640
226 641
572 642
306 643
237 644
232 645
364 646
45 647
614 648
281 649
538 650
505 651
153 652
161 653
451 654
151 655
500 656
245 657
209 658
451 659
590 660
430 661
244 662
453 663
333 664
383 665
295 666
418 667
32 668
328 669
21 670
252 671
256 672
204 673
663 674
371 675
142 676
19 677
234 678
114 679
97 680
147 681
355 682
203 683
612 684
246 685
417 686
302 687
127 688
592 689
137 690
446 691
559 692
246 693
403 694
8 695
552 696
311 697
667 698
600 699
182 700
513 701
418 702
379 703
479 704
150 705
329 706
541 707
380 708
34 709
490 710
595 711
63 712
568 713
464 714
211 715
293 716
15 717
436 718
452 719
355 720
489 721
168 722
575 723
445 724
17 725
47 726
530 727
268 728
313 729
272 730
37 731
139 732
65 733
392 734
311 735
143 736
365 737
685 738
389 739
687 740
648 741
105 742
674 743
645 744
339 745
78 746
421 747
284 748
432 749
128 750
371 751
91 752
55 753
139 754
22 755
653 756
109 757
57 758
320 759
714 760
571 761
658 762
104 763
716 764
629 765
37 766
206 767
587 768
754 769
276 770
257 771
415 772
29 773
144 774
601 775
743 776
704 777
265 778
610 779
303 780
681 781
495 782
11 783
512 784
757 785
416 786
227 787
27 788
744 789
573 790
656 791
745 792
585 793
255 794
637 795
526 796
199 797
324 798
145 799
197 800
434 801
561 802
142 803
591 804
615 805
685 806
421 807
408 808
138 809
512 810
525 811
705 812
746 813
731 814
510 815
756 816
275 817
529 818
148 819
777 820
446 821
288 822
768 823
426 824
327 825
733 826
769 827
248 828
142 829
136 830
598 831
829 832
366 833
709 834
209 835
130 836
273 837
837 838
481 839
155 840
28 841
525 842
515 843
624 844
808 845
611 846
1 847
25 848
590 849
355 850
270 851
378 852
271 853
338 854
591 855
829 856
742 857
227 858
414 859
166 860
256 861
735 862
613 863
694 864
643 865
553 866
776 867
662 868
393 869
561 870
57 871
94 872
761 873
592 874
492 875
816 876
321 877
633 878
685 879
225 880
146 881
367 882
766 883
148 884
563 885
240 886
636 887
106 888
221 889
376 890
583 891
160 892
567 893
562 894
13 895
7 896
68 897
504 898
872 899
253 900
837 901
759 902
900 903
257 904
409 905
711 906
466 907
567 908
723 909
41 910
850 911
564 912
787 913
807 914
173 915
840 916
654 917
865 918
580 919
448 920
43 921
833 922
48 923
701 924
374 925
255 926
5 927
811 928
867 929
866 930
39 931
703 932
158 933
721 934
183 935
727 936
565 937
560 938
495 939
348 940
78 941
850 942
325 943
524 944
192 945
205 946
68 947
483 948
503 949
404 950
627 951
731 952
290 953
468 954
212 955
21 956
321 957
658 958
751 959
562 960
584 961
831 962
82 963
841 964
852 965
32 966
615 967
590 968
614 969
107 970
362 971
821 972
5 973
322 974
399 975
938 976
755 977
298 978
170 979
763 980
843 981
484 982
379 983
928 984
808 985
501 986
767 987
483 988
397 989
594 990
88 991
963 992
327 993
550 994
676 995
258 996
518 997
602 998
824 999
285 1000
541 1001
342 1002
779 1003
761 1004
105 1005
675 1006
271 1007
218 1008
140 1009
854 1010
587 1011
80 1012
338 1013
127 1014
362 1015
216 1016
218 1017
957 1018
9 1019
938 1020
565 1021
717 1022
218 1023
816 1024
770 1025
911 1026
197 1027
233 1028
293 1029
726 1030
740 1031
783 1032
1001 1033
633 1034
503 1035
183 1036
376 1037
453 1038
322 1039
163 1040
36 1041
169 1042
499 1043
831 1044
687 1045
497 1046
140 1047
855 1048
470 1049
189 1050
802 1051
432 1052
990 1053
748 1054
163 1055
648 1056
65 1057
787 1058
360 1059
724 1060
1022 1061
643 1062
614 1063
667 1064
812 1065
66 1066
11 1067
861 1068
554 1069
457 1070
156 1071
620 1072
159 1073
678 1074
273 1075
257 1076
922 1077
58 1078
733 1079
693 1080
597 1081
344 1082
571 1083
524 1084
214 1085
822 1086
957 1087
177 1088
66 1089
802 1090
295 1091
870 1092
853 1093
728 1094
566 1095
804 1096
1079 1097
123 1098
590 1099
795 1100
1034 1101
843 1102
457 1103
914 1104
496 1105
443 1106
627 1107
396 1108
124 1109
657 1110
431 1111
994 1112
758 1113
717 1114
95 1115
387 1116
17 1117
840 1118
296 1119
336 1120
571 1121
545 1122
873 1123
544 1124
129 1125
937 1126
390 1127
223 1128
939 1129
256 1130
557 1131
1070 1132
345 1133
961 1134
975 1135
979 1136
837 1137
576 1138
624 1139
84 1140
822 1141
638 1142
388 1143
774 1144
597 1145
300 1146
23 1147
989 1148
1061 1149
1019 1150
873 1151
175 1152
989 1153
801 1154
232 1155
338 1156
595 1157
345 1158
99 1159
555 1160
819 1161
257 1162
463 1163
88 1164
990 1165
177 1166
33 1167
8 1168
534 1169
643 1170
502 1171
501 1172
52 1173
884 1174
324 1175
427 1176
836 1177
478 1178
25 1179
948 1180
482 1181
64 1182
452 1183
1012 1184
742 1185
22 1186
754 1187
460 1188
1183 1189
1152 1190
466 1191
630 1192
181 1193
989 1194
617 1195
328 1196
185 1197
583 1198
821 1199
992 1200
1088 1201
580 1202
27 1203
768 1204
1005 1205
385 1206
905 1207
69 1208
408 1209
432 1210
757 1211
1087 1212
402 1213
886 1214
1009 1215
18 1216
696 1217
378 1218
835 1219
276 1220
364 1221
948 1222
619 1223
1 1224
447 1225
203 1226
696 1227
1113 1228
558 1229
1048 1230
381 1231
650 1232
673 1233
463 1234
320 1235
438 1236
727 1237
989 1238
38 1239
997 1240
367 1241
528 1242
872 1243
102 1244
496 1245
1018 1246
923 1247
487 1248
728 1249
914 1250
1158 1251
211 1252
784 1253
315 1254
665 1255
189 1256
315 1257
280 1258
181 1259
861 1260
68 1261
682 1262
649 1263
23 1264
46 1265
747 1266
644 1267
55 1268
495 1269
5 1270
1188 1271
385 1272
675 1273
391 1274
7 1275
179 1276
686 1277
722 1278
1248 1279
538 1280
1254 1281
755 1282
986 1283
1116 1284
1060 1285
488 1286
853 1287
967 1288
98 1289
1166 1290
150 1291
536 1292
626 1293
545 1294
170 1295
352 1296
558 1297
1011 1298
900 1299
1081 1300
789 1301
799 1302
613 1303
702 1304
122 1305
391 1306
251 1307
521 1308
962 1309
948 1310
376 1311
1002 1312
178 1313
386 1314
117 1315
531 1316
896 1317
737 1318
798 1319
545 1320
498 1321
557 1322
958 1323
1016 1324
968 1325
291 1326
1172 1327
538 1328
240 1329
850 1330
425 1331
1170 1332
1010 1333
1241 1334
396 1335
986 1336
768 1337
401 1338
159 1339
1336 1340
988 1341
542 1342
390 1343
473 1344
1139 1345
69 1346
412 1347
866 1348
1021 1349
404 1350
721 1351
787 1352
1326 1353
998 1354
192 1355
187 1356
1141 1357
23 1358
780 1359
901 1360
918 1361
589 1362
170 1363
149 1364
124 1365
181 1366
872 1367
445 1368
276 1369
624 1370
478 1371
1044 1372
841 1373
397 1374
141 1375
630 1376
978 1377
800 1378
734 1379
607 1380
1371 1381
990 1382
1080 1383
996 1384
487 1385
397 1386
1250 1387
240 1388
56 1389
309 1390
389 1391
5 1392
428 1393
837 1394
422 1395
947 1396
153 1397
1054 1398
75 1399
1364 1400
575 1401
1178 1402
532 1403
365 1404
368 1405
1373 1406
38 1407
183 1408
959 1409
571 1410
1358 1411
391 1412
667 1413
719 1414
1344 1415
405 1416
1159 1417
344 1418
1417 1419
490 1420
1335 1421
1245 1422
633 1423
882 1424
153 1425
375 1426
723 1427
1325 1428
741 1429
1109 1430
466 1431
882 1432
461 1433
302 1434
906 1435
482 1436
132 1437
481 1438
562 1439
1219 1440
123 1441
281 1442
381 1443
1231 1444
680 1445
93 1446
930 1447
1277 1448
617 1449
420 1450
1186 1451
775 1452
1353 1453
931 1454
1010 1455
647 1456
189 1457
601 1458
53 1459
216 1460
629 1461
1391 1462
1352 1463
1319 1464
584 1465
1275 1466
868 1467
552 1468
1361 1469
532 1470
1040 1471
514 1472
690 1473
1095 1474
1304 1475
547 1476
1368 1477
458 1478
684 1479
673 1480
108 1481
1001 1482
528 1483
360 1484
609 1485
1193 1486
172 1487
612 1488
871 1489
1310 1490
1027 1491
1054 1492
1094 1493
507 1494
688 1495
94 1496
344 1497
215 1498
560 1499
873 1500
1426 1501
695 1502
412 1503
894 1504
175 1505
291 1506
765 1507
436 1508
435 1509
240 1510
639 1511
963 1512
1228 1513
772 1514
1349 1515
193 1516
432 1517
1238 1518
1297 1519
652 1520
856 1521
1163 1522
844 1523
421 1524
651 1525
815 1526
1172 1527
917 1528
756 1529
679 1530
860 1531
436 1532
973 1533
831 1534
920 1535
256 1536
826 1537
67 1538
328 1539
424 1540
506 1541
1405 1542
296 1543
1213 1544
1436 1545
187 1546
1057 1547
123 1548
1314 1549
624 1550
1051 1551
39 1552
707 1553
547 1554
1320 1555
947 1556
499 1557
1166 1558
1327 1559
688 1560
365 1561
535 1562
637 1563
595 1564
598 1565
303 1566
777 1567
710 1568
611 1569
760 1570
231 1571
441 1572
1115 1573
1560 1574
873 1575
881 1576
1451 1577
1556 1578
1396 1579
1421 1580
1335 1581
1309 1582
654 1583
87 1584
606 1585
1463 1586
1139 1587
1331 1588
352 1589
1280 1590
872 1591
1205 1592
273 1593
760 1594
1202 1595
1213 1596
129 1597
472 1598
1343 1599
336 1600
898 1601
489 1602
700 1603
318 1604
99 1605
1369 1606
728 1607
1338 1608
1505 1609
1385 1610
69 1611
1332 1612
283 1613
1512 1614
1321 1615
1610 1616
513 1617
1515 1618
447 1619
957 1620
1228 1621
321 1622
133 1623
978 1624
928 1625
280 1626
1431 1627
641 1628
1069 1629
111 1630
62 1631
1505 1632
4 1633
1417 1634
1060 1635
566 1636
1106 1637
25 1638
1018 1639
806 1640
222 1641
1170 1642
416 1643
1576 1644
566 1645
813 1646
102 1647
1642 1648
708 1649
427 1650
912 1651
86 1652
1462 1653
832 1654
346 1655
1264 1656
1631 1657
437 1658
627 1659
1534 1660
81 1661
711 1662
1219 1663
1613 1664
1378 1665
336 1666
1433 1667
560 1668
1137 1669
346 1670
1334 1671
583 1672
843 1673
711 1674
541 1675
1543 1676
820 1677
1652 1678
457 1679
788 1680
1016 1681
378 1682
33 1683
415 1684
117 1685
1428 1686
1055 1687
1316 1688
1665 1689
1373 1690
415 1691
590 1692
1504 1693
651 1694
638 1695
451 1696
1177 1697
23 1698
1240 1699
525 1700
287 1701
1175 1702
839 1703
22 1704
1157 1705
977 1706
346 1707
188 1708
1052 1709
1526 1710
1494 1711
254 1712
307 1713
895 1714
1328 1715
839 1716
1216 1717
336 1718
471 1719
985 1720
1086 1721
146 1722
1656 1723
1339 1724
117 1725
592 1726
673 1727
1314 1728
351 1729
54 1730
1598 1731
715 1732
1272 1733
480 1734
1008 1735
809 1736
1491 1737
401 1738
1466 1739
638 1740
1166 1741
79 1742
1139 1743
1120 1744
1613 1745
642 1746
148 1747
1081 1748
47 1749
224 1750
513 1751
1313 1752
841 1753
869 1754
720 1755
15 1756
160 1757
791 1758
1138 1759
1757 1760
397 1761
1228 1762
607 1763
774 1764
25 1765
95 1766
1568 1767
1693 1768
1354 1769
1505 1770
1479 1771
446 1772
889 1773
1177 1774
970 1775
1498 1776
387 1777
1771 1778
824 1779
957 1780
1689 1781
474 1782
314 1783
509 1784
353 1785
1485 1786
565 1787
1318 1788
1755 1789
1469 1790
46 1791
617 1792
1344 1793
1791 1794
748 1795
389 1796
1043 1797
1631 1798
567 1799
723 1800
193 1801
1784 1802
1681 1803
197 1804
1776 1805
1215 1806
1513 1807
664 1808
2 1809
1343 1810
1761 1811
213 1812
978 1813
161 1814
1312 1815
845 1816
1534 1817
1714 1818
63 1819
565 1820
22 1821
13 1822
129 1823
1208 1824
193 1825
1207 1826
1432 1827
1333 1828
1752 1829
581 1830
327 1831
964 1832
1420 1833
1140 1834
598 1835
1331 1836
715 1837
720 1838
1398 1839
267 1840
1556 1841
994 1842
401 1843
824 1844
1547 1845
784 1846
53 1847
1783 1848
319 1849
1610 1850
1251 1851
721 1852
1618 1853
899 1854
1389 1855
1641 1856
1615 1857
502 1858
1161 1859
1361 1860
390 1861
1272 1862
1837 1863
551 1864
340 1865
468 1866
865 1867
1749 1868
447 1869
1172 1870
1340 1871
699 1872
84 1873
1016 1874
957 1875
1599 1876
601 1877
1674 1878
1571 1879
1191 1880
593 1881
267 1882
42 1883
213 1884
1121 1885
532 1886
621 1887
1214 1888
1771 1889
844 1890
1309 1891
1184 1892
1196 1893
1379 1894
1191 1895
920 1896
1586 1897
1593 1898
1155 1899
572 1900
1808 1901
1711 1902
835 1903
249 1904
1573 1905
1235 1906
979 1907
656 1908
917 1909
329 1910
849 1911
15 1912
1726 1913
1905 1914
278 1915
487 1916
1340 1917
647 1918
1111 1919
1323 1920
959 1921
226 1922
940 1923
1197 1924
916 1925
1466 1926
172 1927
57 1928
1102 1929
728 1930
120 1931
1478 1932
544 1933
306 1934
671 1935
1002 1936
1555 1937
116 1938
1448 1939
1871 1940
788 1941
1286 1942
1728 1943
1798 1944
159 1945
1145 1946
1176 1947
1348 1948
1724 1949
712 1950
796 1951
1847 1952
475 1953
1756 1954
1470 1955
216 1956
1938 1957
1436 1958
925 1959
710 1960
283 1961
835 1962
28 1963
216 1964
1922 1965
1452 1966
177 1967
127 1968
844 1969
1216 1970
590 1971
60 1972
277 1973
1473 1974
1593 1975
1485 1976
1873 1977
958 1978
602 1979
735 1980
1607 1981
443 1982
75 1983
979 1984
1957 1985
1718 1986
1255 1987
128 1988
1357 1989
1242 1990
1550 1991
1325 1992
437 1993
386 1994
1390 1995
206 1996
1713 1997
891 1998
1975 1999
1602 2000
1937 2001
138 2002
616 2003
570 2004
304 2005
542 2006
1478 2007
1014 2008
1268 2009
567 2010
1629 2011
503 2012
1999 2013
835 2014
827 2015
1326 2016
1157 2017
1738 2018
533 2019
943 2020
1138 2021
603 2022
711 2023
1815 2024
1554 2025
1670 2026
2015 2027
1069 2028
1334 2029
1144 2030
805 2031
1746 2032
314 2033
1963 2034
1592 2035
1123 2036
1132 2037
875 2038
950 2039
1647 2040
211 2041
169 2042
1428 2043
1325 2044
915 2045
245 2046
1703 2047
1887 2048
168 2049
1653 2050
1490 2051
479 2052
832 2053
1870 2054
1534 2055
1463 2056
106 2057
1355 2058
543 2059
255 2060
1486 2061
1509 2062
1592 2063
420 2064
546 2065
1321 2066
665 2067
1434 2068
480 2069
467 2070
989 2071
1097 2072
47 2073
834 2074
665 2075
1157 2076
983 2077
1381 2078
1637 2079
141 2080
1153 2081
1732 2082
881 2083
1425 2084
526 2085
1566 2086
1471 2087
409 2088
1078 2089
837 2090
44 2091
1397 2092
1732 2093
368 2094
1286 2095
618 2096
234 2097
312 2098
1989 2099
803 2100
734 2101
803 2102
840 2103
447 2104
2093 2105
1445 2106
1404 2107
398 2108
1125 2109
1656 2110
708 2111
1456 2112
92 2113
1259 2114
1097 2115
756 2116
85 2117
1768 2118
971 2119
2018 2120
1468 2121
1320 2122
1850 2123
1028 2124
1288 2125
872 2126
348 2127
301 2128
1631 2129
92 2130
1152 2131
1258 2132
896 2133
759 2134
1495 2135
737 2136
845 2137
1355 2138
2048 2139
1149 2140
1953 2141
448 2142
1824 2143
1568 2144
1647 2145
793 2146
2094 2147
411 2148
1744 2149
482 2150
735 2151
1262 2152
1431 2153
1241 2154
146 2155
32 2156
343 2157
1088 2158
1251 2159
1214 2160
1122 2161
1725 2162
4 2163
2154 2164
1903 2165
319 2166
1944 2167
152 2168
360 2169
638 2170
905 2171
1866 2172
2151 2173
1438 2174
940 2175
1171 2176
1486 2177
268 2178
1685 2179
739 2180
454 2181
1621 2182
1668 2183
469 2184
1938 2185
1997 2186
2027 2187
1569 2188
573 2189
545 2190
2035 2191
1902 2192
1412 2193
987 2194
1350 2195
1836 2196
1555 2197
560 2198
324 2199
2087 2200
1962 2201
729 2202
1325 2203
421 2204
1417 2205
75 2206
2188 2207
1036 2208
1422 2209
1480 2210
2032 2211
1648 2212
1239 2213
1966 2214
1493 2215
1921 2216
855 2217
1602 2218
1636 2219
18 2220
1010 2221
289 2222
1477 2223
225 2224
1049 2225
1486 2226
2066 2227
2020 2228
1530 2229
1801 2230
1698 2231
140 2232
654 2233
2004 2234
992 2235
1273 2236
1126 2237
738 2238
940 2239
2196 2240
122 2241
1674 2242
445 2243
1043 2244
1708 2245
1374 2246
381 2247
196 2248
1091 2249
778 2250
2209 2251
1087 2252
2150 2253
374 2254
252 2255
403 2256
1318 2257
1563 2258
165 2259
1115 2260
100 2261
542 2262
1808 2263
1477 2264
187 2265
286 2266
1866 2267
514 2268
843 2269
333 2270
658 2271
1364 2272
705 2273
1100 2274
1514 2275
1867 2276
1928 2277
1516 2278
1802 2279
968 2280
1413 2281
1641 2282
1477 2283
2259 2284
1129 2285
1312 2286
1284 2287
187 2288
1000 2289
2216 2290
1363 2291
16 2292
359 2293
1129 2294
911 2295
200 2296
318 2297
1562 2298
389 2299
1151 2300
891 2301
1579 2302
661 2303
188 2304
309 2305
1518 2306
2026 2307
476 2308
153 2309
1685 2310
1194 2311
1839 2312
2112 2313
1380 2314
1610 2315
56 2316
1029 2317
533 2318
436 2319
2270 2320
1353 2321
1483 2322
331 2323
77 2324
1502 2325
1189 2326
304 2327
2236 2328
1353 2329
90 2330
305 2331
2012 2332
586 2333
455 2334
2009 2335
175 2336
1610 2337
1780 2338
2014 2339
672 2340
1329 2341
784 2342
1944 2343
1046 2344
563 2345
632 2346
249 2347
8 2348
1088 2349
1059 2350
1982 2351
1805 2352
1940 2353
1297 2354
880 2355
1282 2356
864 2357
81 2358
1388 2359
584 2360
822 2361
1661 2362
1477 2363
96 2364
395 2365
646 2366
696 2367
317 2368
1064 2369
451 2370
2289 2371
116 2372
1503 2373
908 2374
2258 2375
196 2376
760 2377
1067 2378
550 2379
1308 2380
2137 2381
227 2382
157 2383
1482 2384
337 2385
652 2386
153 2387
603 2388
1251 2389
777 2390
1673 2391
1356 2392
1940 2393
550 2394
1644 2395
544 2396
1271 2397
746 2398
628 2399
697 2400
1675 2401
132 2402
1046 2403
741 2404
1299 2405
1265 2406
2187 2407
2191 2408
1814 2409
936 2410
1034 2411
1915 2412
1048 2413
1401 2414
1925 2415
591 2416
909 2417
273 2418
760 2419
559 2420
529 2421
1761 2422
1533 2423
470 2424
410 2425
100 2426
1208 2427
1097 2428
823 2429
228 2430
1097 2431
1713 2432
846 2433
1927 2434
824 2435
1017 2436
427 2437
1668 2438
1981 2439
1222 2440
2248 2441
1868 2442
1511 2443
124 2444
1065 2445
1189 2446
2173 2447
626 2448
2119 2449
2177 2450
130 2451
619 2452
239 2453
1003 2454
298 2455
2451 2456
327 2457
2332 2458
925 2459
907 2460
395 2461
131 2462
1259 2463
393 2464
2226 2465
2437 2466
1578 2467
1547 2468
189 2469
2265 2470
978 2471
2361 2472
1951 2473
1951 2474
903 2475
1415 2476
691 2477
593 2478
517 2479
63 2480
2109 2481
1430 2482
685 2483
1064 2484
2084 2485
448 2486
1902 2487
1303 2488
2221 2489
263 2490
323 2491
2205 2492
49 2493
2090 2494
2364 2495
1061 2496
2307 2497
1558 2498
15 2499
2045 2500
580 2501
305 2502
949 2503
640 2504
2229 2505
2149 2506
1416 2507
1974 2508
1712 2509
1435 2510
2313 2511
1642 2512
594 2513
2066 2514
1934 2515
2265 2516
421 2517
1788 2518
446 2519
453 2520
1874 2521
1508 2522
722 2523
2245 2524
147 2525
2275 2526
1895 2527
815 2528
620 2529
1379 2530
407 2531
1939 2532
1563 2533
411 2534
1638 2535
1292 2536
467 2537
656 2538
1151 2539
670 2540
1818 2541
1644 2542
991 2543
1351 2544
709 2545
667 2546
2348 2547
1775 2548
1265 2549
1321 2550
1795 2551
219 2552
986 2553
992 2554
755 2555
255 2556
915 2557
105 2558
32 2559
1314 2560
1592 2561
136 2562
847 2563
2112 2564
1025 2565
1560 2566
1457 2567
1202 2568
2255 2569
120 2570
321 2571
223 2572
1265 2573
2204 2574
80 2575
1310 2576
1286 2577
214 2578
1756 2579
2545 2580
1895 2581
614 2582
75 2583
1708 2584
654 2585
2287 2586
2569 2587
1452 2588
1362 2589
1707 2590
138 2591
1419 2592
1188 2593
2003 2594
62 2595
1208 2596
2040 2597
2280 2598
482 2599
966 2600
2287 2601
1337 2602
2594 2603
2105 2604
150 2605
2300 2606
1273 2607
1860 2608
1828 2609
24 2610
820 2611
853 2612
1784 2613
2096 2614
1666 2615
415 2616
2352 2617
2166 2618
1470 2619
1683 2620
1548 2621
751 2622
1386 2623
1625 2624
2207 2625
2299 2626
1470 2627
2154 2628
1151 2629
554 2630
1632 2631
797 2632
885 2633
206 2634
1983 2635
2242 2636
154 2637
374 2638
919 2639
831 2640
2397 2641
267 2642
430 2643
1443 2644
1066 2645
648 2646
1887 2647
2130 2648
2054 2649
1055 2650
976 2651
1664 2652
1266 2653
567 2654
91 2655
339 2656
685 2657
1328 2658
1361 2659
1117 2660
2644 2661
660 2662
978 2663
2097 2664
1597 2665
1346 2666
2647 2667
1007 2668
538 2669
1823 2670
2639 2671
118 2672
2200 2673
744 2674
1555 2675
871 2676
709 2677
1803 2678
1345 2679
1144 2680
1401 2681
516 2682
2313 2683
1548 2684
768 2685
1342 2686
1074 2687
1419 2688
1973 2689
55 2690
1989 2691
2636 2692
1033 2693
315 2694
1158 2695
172 2696
223 2697
1780 2698
1604 2699
1154 2700
1615 2701
1373 2702
2277 2703
1791 2704
195 2705
1192 2706
2595 2707
1878 2708
1272 2709
1271 2710
403 2711
1887 2712
679 2713
2417 2714
2095 2715
2022 2716
2371 2717
857 2718
2428 2719
2015 2720
50 2721
70 2722
895 2723
1490 2724
716 2725
2282 2726
1033 2727
2725 2728
275 2729
1290 2730
1278 2731
2190 2732
1986 2733
964 2734
389 2735
2175 2736
2024 2737
774 2738
2539 2739
272 2740
2138 2741
639 2742
1664 2743
46 2744
1332 2745
423 2746
1225 2747
801 2748
1994 2749
1523 2750
845 2751
2579 2752
207 2753
2267 2754
1162 2755
478 2756
2156 2757
2 2758
2020 2759
1860 2760
498 2761
1274 2762
2690 2763
2243 2764
1928 2765
2759 2766
200 2767
555 2768
923 2769
1598 2770
1986 2771
1483 2772
1714 2773
828 2774
659 2775
857 2776
1908 2777
1938 2778
205 2779
336 2780
2376 2781
2502 2782
620 2783
1125 2784
1058 2785
1948 2786
1645 2787
60 2788
1143 2789
233 2790
387 2791
992 2792
350 2793
2152 2794
1538 2795
2126 2796
764 2797
2026 2798
141 2799
1561 2800
47 2801
2225 2802
2778 2803
55 2804
2713 2805
779 2806
2078 2807
1327 2808
1729 2809
2075 2810
37 2811
1910 2812
2657 2813
2366 2814
1650 2815
1554 2816
2000 2817
1680 2818
1360 2819
1157 2820
1242 2821
1930 2822
482 2823
1189 2824
1363 2825
1876 2826
2312 2827
2081 2828
1042 2829
1010 2830
2295 2831
601 2832
2495 2833
2103 2834
1212 2835
446 2836
1300 2837
20 2838
345 2839
2550 2840
427 2841
839 2842
1518 2843
987 2844
1015 2845
2026 2846
1403 2847
149 2848
811 2849
1344 2850
370 2851
1765 2852
1695 2853
2022 2854
1859 2855
1874 2856
607 2857
1740 2858
1362 2859
320 2860
294 2861
1686 2862
2704 2863
2146 2864
2252 2865
1762 2866
1452 2867
1752 2868
513 2869
2372 2870
626 2871
2311 2872
1896 2873
2296 2874
1068 2875
2837 2876
607 2877
2604 2878
2579 2879
1021 2880
1908 2881
435 2882
816 2883
1828 2884
2712 2885
652 2886
2524 2887
1283 2888
904 2889
1591 2890
164 2891
1224 2892
1866 2893
1290 2894
1865 2895
1691 2896
751 2897
2386 2898
814 2899
412 2900
2606 2901
1458 2902
2773 2903
91 2904
1801 2905
1395 2906
241 2907
634 2908
155 2909
2691 2910
2259 2911
677 2912
2047 2913
1021 2914
1830 2915
1048 2916
500 2917
1236 2918
2641 2919
675 2920
2165 2921
1402 2922
1454 2923
2514 2924
2847 2925
1083 2926
1830 2927
2281 2928
1473 2929
466 2930
2233 2931
1364 2932
776 2933
579 2934
1822 2935
2520 2936
2251 2937
2152 2938
1943 2939
610 2940
2375 2941
1431 2942
1189 2943
312 2944
429 2945
431 2946
748 2947
1173 2948
1187 2949
1450 2950
1229 2951
10 2952
625 2953
1633 2954
1559 2955
1341 2956
2510 2957
1766 2958
334 2959
1034 2960
1435 2961
2298 2962
1079 2963
1266 2964
2608 2965
384 2966
666 2967
640 2968
1887 2969
406 2970
2030 2971
1335 2972
2917 2973
1756 2974
1306 2975
2006 2976
1853 2977
1779 2978
193 2979
221 2980
1307 2981
1175 2982
1194 2983
2849 2984
1100 2985
1099 2986
1999 2987
2447 2988
1007 2989
1976 2990
2190 2991
2289 2992
1153 2993
923 2994
2657 2995
2982 2996
2206 2997
1862 2998
68 2999
770 3000
1859 3001
1047 3002
2453 3003
1662 3004
1001 3005
390 3006
2661 3007
2522 3008
2204 3009
2962 3010
2359 3011
2333 3012
1972 3013
2808 3014
800 3015
2821 3016
1188 3017
2934 3018
1681 3019
1079 3020
1581 3021
2621 3022
1097 3023
725 3024
643 3025
465 3026
1711 3027
2098 3028
1133 3029
902 3030
1092 3031
1502 3032
1185 3033
3030 3034
2951 3035
1620 3036
2461 3037
419 3038
2262 3039
206 3040
982 3041
1837 3042
1924 3043
2275 3044
2264 3045
2923 3046
1404 3047
2410 3048
1150 3049
465 3050
1052 3051
217 3052
1987 3053
2007 3054
630 3055
1451 3056
338 3057
1256 3058
2408 3059
91 3060
822 3061
1612 3062
2048 3063
2077 3064
8 3065
1566 3066
1858 3067
3014 3068
1897 3069
1812 3070
248 3071
2352 3072
1869 3073
2136 3074
1817 3075
2490 3076
195 3077
2988 3078
3022 3079
2603 3080
1637 3081
1330 3082
2430 3083
1609 3084
1090 3085
2161 3086
54 3087
2991 3088
768 3089
759 3090
2228 3091
346 3092
2022 3093
1953 3094
1611 3095
513 3096
1865 3097
356 3098
2954 3099
114 3100
157 3101
2050 3102
993 3103
1841 3104
2183 3105
31 3106
427 3107
953 3108
946 3109
2018 3110
1830 3111
2771 3112
425 3113
711 3114
836 3115
1502 3116
1104 3117
1222 3118
2263 3119
555 3120
2100 3121
694 3122
1147 3123
79 3124
1952 3125
1196 3126
246 3127
2827 3128
1554 3129
2941 3130
3002 3131
1786 3132
73 3133
439 3134
1842 3135
257 3136
1650 3137
1038 3138
2797 3139
640 3140
1058 3141
222 3142
252 3143
24 3144
2020 3145
1205 3146
1315 3147
1821 3148
1374 3149
1300 3150
1194 3151
1785 3152
2378 3153
7 3154
2231 3155
2379 3156
2326 3157
2740 3158
2843 3159
254 3160
2913 3161
2758 3162
1866 3163
230 3164
1083 3165
1617 3166
2431 3167
2960 3168
1189 3169
1829 3170
2608 3171
3033 3172
2351 3173
694 3174
481 3175
695 3176
54 3177
1871 3178
1160 3179
1612 3180
2257 3181
1871 3182
2392 3183
871 3184
2422 3185
885 3186
779 3187
113 3188
1176 3189
309 3190
1547 3191
1689 3192
2216 3193
2533 3194
1835 3195
631 3196
779 3197
1653 3198
979 3199
1512 3200
2142 3201
1286 3202
1045 3203
1184 3204
1600 3205
108 3206
478 3207
2123 3208
2992 3209
2434 3210
1247 3211
1372 3212
1588 3213
772 3214
2661 3215
2958 3216
2357 3217
2300 3218
602 3219
553 3220
1380 3221
2065 3222
1781 3223
2443 3224
1839 3225
1252 3226
208 3227
1291 3228
1013 3229
2042 3230
1844 3231
1033 3232
2541 3233
208 3234
2077 3235
2851 3236
3218 3237
2478 3238
2023 3239
414 3240
250 3241
2893 3242
2556 3243
1376 3244
2172 3245
1328 3246
2092 3247
91 3248
1106 3249
3132 3250
1821 3251
2761 3252
1201 3253
791 3254
1797 3255
2318 3256
80 3257
2341 3258
3131 3259
452 3260
2208 3261
3042 3262
1332 3263
1982 3264
274 3265
872 3266
1727 3267
3003 3268
2990 3269
1490 3270
2395 3271
1692 3272
585 3273
8 3274
2509 3275
1284 3276
2060 3277
332 3278
2131 3279
2257 3280
1922 3281
1407 3282
858 3283
3280 3284
1005 3285
3020 3286
74 3287
2552 3288
2710 3289
1881 3290
457 3291
3082 3292
2510 3293
2457 3294
1213 3295
1934 3296
1086 3297
1484 3298
2825 3299
2375 3300
186 3301
2110 3302
2604 3303
1830 3304
936 3305
612 3306
400 3307
2120 3308
1284 3309
1509 3310
3209 3311
1521 3312
1377 3313
1954 3314
1138 3315
2218 3316
475 3317
2552 3318
1949 3319
363 3320
810 3321
2836 3322
725 3323
1893 3324
907 3325
1334 3326
1156 3327
3185 3328
1637 3329
2097 3330
1045 3331
2009 3332
2205 3333
788 3334
1954 3335
1071 3336
1458 3337
2311 3338
978 3339
1966 3340
829 3341
2764 3342
984 3343
368 3344
1480 3345
2584 3346
488 3347
1981 3348
2811 3349
1759 3350
1916 3351
2197 3352
1645 3353
3241 3354
545 3355
47 3356
2962 3357
2357 3358
2489 3359
351 3360
1241 3361
2911 3362
3203 3363
694 3364
2193 3365
2086 3366
2918 3367
1586 3368
1182 3369
590 3370
3199 3371
2724 3372
1508 3373
1912 3374
33 3375
2334 3376
2338 3377
2193 3378
491 3379
3150 3380
1571 3381
571 3382
3288 3383
1445 3384
1028 3385
1909 3386
2387 3387
581 3388
631 3389
1929 3390
1095 3391
3180 3392
149 3393
979 3394
3156 3395
2703 3396
230 3397
2688 3398
2587 3399
275 3400
1212 3401
1263 3402
608 3403
6 3404
1378 3405
405 3406
3200 3407
2142 3408
2020 3409
695 3410
1550 3411
780 3412
154 3413
466 3414
3117 3415
3131 3416
674 3417
2946 3418
100 3419
966 3420
593 3421
3223 3422
355 3423
2800 3424
1404 3425
433 3426
1442 3427
3067 3428
1148 3429
2006 3430
2371 3431
2281 3432
2351 3433
2551 3434
2970 3435
1963 3436
854 3437
533 3438
2327 3439
644 3440
65 3441
1059 3442
2919 3443
2528 3444
1416 3445
41 3446
2627 3447
1163 3448
1612 3449
899 3450
770 3451
3392 3452
735 3453
2476 3454
3423 3455
1591 3456
2059 3457
1927 3458
1207 3459
1221 3460
1685 3461
919 3462
2161 3463
1472 3464
1259 3465
3317 3466
476 3467
123 3468
2705 3469
376 3470
1705 3471
2404 3472
3334 3473
1967 3474
2547 3475
995 3476
3199 3477
2368 3478
571 3479
1065 3480
2649 3481
1337 3482
1864 3483
1230 3484
635 3485
1440 3486
2554 3487
1968 3488
1694 3489
2215 3490
19 3491
663 3492
3061 3493
2740 3494
1846 3495
1229 3496
2367 3497
67 3498
871 3499
916 3500
549 3501
1651 3502
3028 3503
1462 3504
2445 3505
482 3506
596 3507
2732 3508
426 3509
1655 3510
52 3511
1601 3512
237 3513
963 3514
1528 3515
2548 3516
3230 3517
502 3518
546 3519
1252 3520
2016 3521
16 3522
22 3523
3399 3524
2316 3525
1517 3526
2252 3527
3063 3528
1498 3529
919 3530
2801 3531
576 3532
2021 3533
34 3534
185 3535
3050 3536
3237 3537
1247 3538
2842 3539
630 3540
2848 3541
152 3542
1147 3543
1198 3544
2804 3545
1802 3546
2951 3547
672 3548
2456 3549
3423 3550
1685 3551
3022 3552
1726 3553
2199 3554
2196 3555
282 3556
2235 3557
3251 3558
1542 3559
3010 3560
2901 3561
978 3562
3278 3563
242 3564
2828 3565
357 3566
2269 3567
2354 3568
1955 3569
2057 3570
1212 3571
1324 3572
2858 3573
1344 3574
1132 3575
1390 3576
2655 3577
1333 3578
2814 3579
2840 3580
500 3581
1490 3582
2777 3583
1189 3584
2233 3585
2264 3586
3504 3587
2465 3588
3035 3589
3393 3590
3490 3591
1066 3592
3524 3593
1310 3594
3425 3595
3494 3596
191 3597
260 3598
163 3599
2754 3600
3309 3601
1531 3602
2998 3603
1634 3604
2539 3605
3259 3606
1542 3607
2246 3608
827 3609
3444 3610
3398 3611
1345 3612
2573 3613
1641 3614
1358 3615
1074 3616
2244 3617
1863 3618
3490 3619
2156 3620
87 3621
1479 3622
1581 3623
736 3624
3113 3625
2805 3626
2672 3627
2103 3628
1806 3629
2312 3630
3107 3631
3215 3632
208 3633
2228 3634
647 3635
850 3636
2858 3637
3555 3638
1696 3639
3118 3640
3165 3641
3170 3642
1922 3643
3018 3644
1078 3645
2491 3646
3598 3647
780 3648
2952 3649
682 3650
2184 3651
1868 3652
593 3653
444 3654
2409 3655
3257 3656
3213 3657
740 3658
1948 3659
201 3660
3035 3661
1005 3662
2398 3663
1672 3664
3022 3665
1144 3666
1084 3667
1712 3668
630 3669
2925 3670
1547 3671
227 3672
1765 3673
2480 3674
79 3675
2192 3676
3079 3677
3142 3678
1794 3679
753 3680
820 3681
551 3682
2353 3683
1872 3684
1129 3685
3474 3686
2788 3687
1811 3688
792 3689
979 3690
145 3691
2921 3692
3097 3693
1762 3694
1460 3695
3362 3696
1820 3697
1588 3698
1236 3699
2007 3700
3104 3701
6 3702
2975 3703
566 3704
310 3705
2733 3706
3248 3707
2301 3708
3369 3709
3408 3710
863 3711
2493 3712
2495 3713
2389 3714
3087 3715
3249 3716
1324 3717
783 3718
3358 3719
2320 3720
2983 3721
1024 3722
840 3723
1252 3724
1902 3725
2005 3726
203 3727
3440 3728
2900 3729
3664 3730
556 3731
2490 3732
3456 3733
2473 3734
233 3735
549 3736
3032 3737
3178 3738
1978 3739
1005 3740
2340 3741
3461 3742
922 3743
984 3744
3012 3745
1538 3746
2976 3747
2334 3748
670 3749
2526 3750
44 3751
214 3752
1922 3753
15 3754
2701 3755
2541 3756
3215 3757
316 3758
3528 3759
3369 3760
2208 3761
1899 3762
3008 3763
1302 3764
2191 3765
670 3766
2208 3767
1278 3768
2681 3769
2315 3770
3517 3771
1938 3772
11 3773
3184 3774
3026 3775
1630 3776
3583 3777
1451 3778
861 3779
817 3780
2779 3781
1763 3782
263 3783
3479 3784
1145 3785
519 3786
3336 3787
2009 3788
144 3789
426 3790
729 3791
2331 3792
2827 3793
3484 3794
3689 3795
3499 3796
1263 3797
1170 3798
1677 3799
3143 3800
474 3801
2423 3802
486 3803
1102 3804
228 3805
177 3806
1271 3807
2290 3808
3212 3809
1676 3810
1106 3811
839 3812
2627 3813
1440 3814
2240 3815
2213 3816
858 3817
3537 3818
1073 3819
35 3820
2646 3821
930 3822
3640 3823
1816 3824
2859 3825
2986 3826
474 3827
585 3828
3223 3829
1331 3830
838 3831
75 3832
2997 3833
1943 3834
3684 3835
3501 3836
790 3837
1688 3838
2969 3839
2834 3840
373 3841
2808 3842
1399 3843
1901 3844
3785 3845
1203 3846
3658 3847
2611 3848
1815 3849
852 3850
535 3851
3078 3852
3711 3853
3562 3854
1375 3855
3793 3856
1007 3857
3735 3858
1592 3859
2299 3860
1900 3861
1576 3862
728 3863
1885 3864
938 3865
711 3866
1120 3867
532 3868
3345 3869
3857 3870
1879 3871
2021 3872
2244 3873
1515 3874
415 3875
1592 3876
651 3877
584 3878
1516 3879
3797 3880
2830 3881
1932 3882
32 3883
1060 3884
3213 3885
722 3886
2782 3887
1114 3888
2696 3889
699 3890
2580 3891
2115 3892
1188 3893
1424 3894
3234 3895
2644 3896
3760 3897
2992 3898
354 3899
2445 3900
2254 3901
1849 3902
2499 3903
638 3904
2338 3905
3591 3906
171 3907
504 3908
802 3909
3188 3910
3644 3911
2704 3912
2152 3913
2283 3914
2119 3915
3232 3916
2165 3917
1550 3918
2558 3919
3714 3920
1559 3921
616 3922
1195 3923
339 3924
1631 3925
2155 3926
2762 3927
899 3928
2513 3929
2745 3930
69 3931
3036 3932
2163 3933
334 3934
3594 3935
2112 3936
456 3937
1749 3938
900 3939
867 3940
144 3941
435 3942
1041 3943
1342 3944
3705 3945
2279 3946
1492 3947
2991 3948
2448 3949
2087 3950
2767 3951
1269 3952
536 3953
1174 3954
3603 3955
3123 3956
1068 3957
1780 3958
2043 3959
248 3960
3528 3961
2393 3962
3938 3963
3824 3964
469 3965
3173 3966
2355 3967
48 3968
2244 3969
2455 3970
3657 3971
286 3972
37 3973
2503 3974
1392 3975
2612 3976
2250 3977
700 3978
2688 3979
3147 3980
2144 3981
942 3982
3136 3983
2401 3984
792 3985
1409 3986
158 3987
40 3988
2522 3989
122 3990
3790 3991
1373 3992
1296 3993
1159 3994
3839 3995
2086 3996
3531 3997
2472 3998
3245 3999
2159 4000
2208 4001
3064 4002
3658 4003
2340 4004
1801 4005
528 4006
4006 4007
1924 4008
2024 4009
1348 4010
3456 4011
3957 4012
346 4013
257 4014
1656 4015
813 4016
2268 4017
2676 4018
2428 4019
3476 4020
450 4021
2957 4022
2912 4023
2000 4024
941 4025
483 4026
2873 4027
2778 4028
2471 4029
3751 4030
3485 4031
2886 4032
966 4033
338 4034
738 4035
622 4036
3046 4037
2580 4038
1081 4039
2010 4040
3819 4041
149 4042
872 4043
1049 4044
2887 4045
1599 4046
2409 4047
300 4048
1595 4049
3584 4050
2481 4051
662 4052
2957 4053
2644 4054
395 4055
747 4056
3512 4057
2961 4058
4004 4059
1660 4060
620 4061
1446 4062
3722 4063
944 4064
2203 4065
502 4066
1021 4067
3222 4068
1141 4069
57 4070
2233 4071
401 4072
2625 4073
3464 4074
787 4075
3465 4076
252 4077
1042 4078
392 4079
3772 4080
2665 4081
1458 4082
1220 4083
921 4084
2386 4085
1662 4086
1110 4087
2787 4088
3639 4089
20 4090
354 4091
830 4092
422 4093
2458 4094
2247 4095
685 4096
4043 4097
3630 4098
385 4099
1098 4100
284 4101
3077 4102
92 4103
1495 4104
1513 4105
3862 4106
900 4107
66 4108
3654 4109
1182 4110
1068 4111
2650 4112
2257 4113
240 4114
2761 4115
973 4116
3404 4117
133 4118
2576 4119
2182 4120
222 4121
493 4122
2096 4123
3903 4124
154 4125
2008 4126
835 4127
1927 4128
1932 4129
2531 4130
1064 4131
955 4132
3578 4133
587 4134
416 4135
4107 4136
1428 4137
2678 4138
1209 4139
1338 4140
2330 4141
2290 4142
369 4143
1361 4144
434 4145
2625 4146
988 4147
2208 4148
3974 4149
573 4150
1633 4151
2989 4152
168 4153
3743 4154
2113 4155
140 4156
1103 4157
717 4158
3072 4159
3755 4160
3883 4161
1754 4162
3088 4163
1996 4164
3424 4165
937 4166
199 4167
3410 4168
1144 4169
1120 4170
2809 4171
4133 4172
1190 4173
2561 4174
613 4175
3057 4176
2775 4177
3079 4178
2417 4179
877 4180
941 4181
3790 4182
3154 4183
2994 4184
2895 4185
1518 4186
1145 4187
3245 4188
3886 4189
3813 4190
299 4191
512 4192
3072 4193
48 4194
3547 4195
3854 4196
1286 4197
3162 4198
636 4199
931 4200
3407 4201
2191 4202
497 4203
789 4204
1103 4205
3789 4206
2830 4207
70 4208
3746 4209
3772 4210
3461 4211
2467 4212
4126 4213
3229 4214
1287 4215
1644 4216
2351 4217
758 4218
3959 4219
4071 4220
2861 4221
2042 4222
3222 4223
3655 4224
915 4225
1768 4226
1043 4227
2961 4228
3708 4229
1552 4230
2488 4231
1434 4232
425 4233
3424 4234
1146 4235
4189 4236
914 4237
3850 4238
4150 4239
445 4240
2268 4241
3418 4242
4165 4243
4117 4244
4181 4245
3553 4246
1206 4247
4025 4248
3164 4249
1567 4250
2001 4251
351 4252
416 4253
273 4254
1633 4255
3172 4256
2322 4257
2756 4258
403 4259
2180 4260
3416 4261
1287 4262
1527 4263
3463 4264
1690 4265
4067 4266
431 4267
3807 4268
3768 4269
3778 4270
2872 4271
1179 4272
1635 4273
1252 4274
3397 4275
726 4276
3449 4277
3276 4278
2431 4279
2181 4280
2001 4281
1251 4282
3337 4283
3492 4284
3256 4285
3728 4286
3505 4287
1501 4288
2290 4289
4184 4290
1468 4291
2730 4292
3160 4293
2200 4294
196 4295
2018 4296
3118 4297
1291 4298
455 4299
1857 4300
2475 4301
3292 4302
3651 4303
3408 4304
4 4305
2014 4306
3726 4307
1997 4308
3524 4309
123 4310
3898 4311
2565 4312
1210 4313
173 4314
1633 4315
2561 4316
3720 4317
3694 4318
2368 4319
99 4320
829 4321
3513 4322
1550 4323
2767 4324
2587 4325
400 4326
2693 4327
547 4328
1834 4329
1062 4330
3550 4331
2645 4332
34 4333
1366 4334
587 4335
3916 4336
3876 4337
2692 4338
724 4339
2743 4340
3714 4341
4328 4342
244 4343
3365 4344
3492 4345
3495 4346
1270 4347
1705 4348
507 4349
2487 4350
2563 4351
1516 4352
2207 4353
863 4354
732 4355
356 4356
1475 4357
3751 4358
2461 4359
2237 4360
2758 4361
3218 4362
1686 4363
4014 4364
2437 4365
3653 4366
633 4367
1908 4368
1015 4369
1458 4370
2760 4371
3008 4372
2885 4373
1993 4374
1313 4375
279 4376
4239 4377
4345 4378
2243 4379
3199 4380
3574 4381
3652 4382
3358 4383
459 4384
2040 4385
2233 4386
1582 4387
1888 4388
3595 4389
3993 4390
1721 4391
808 4392
3586 4393
1056 4394
2710 4395
407 4396
45 4397
2690 4398
4140 4399
3085 4400
1408 4401
3229 4402
3038 4403
3772 4404
2741 4405
2244 4406
4029 4407
128 4408
3325 4409
3639 4410
2102 4411
4408 4412
1659 4413
850 4414
848 4415
920 4416
3555 4417
569 4418
3634 4419
2886 4420
1740 4421
2696 4422
2905 4423
1537 4424
2279 4425
2098 4426
3665 4427
2279 4428
447 4429
3903 4430
768 4431
1988 4432
703 4433
2614 4434
3909 4435
1213 4436
3810 4437
3753 4438
3985 4439
2332 4440
50 4441
3073 4442
2579 4443
2033 4444
1465 4445
159 4446
2329 4447
304 4448
811 4449
1988 4450
4358 4451
593 4452
2925 4453
3692 4454
1014 4455
1128 4456
1020 4457
2269 4458
2740 4459
1380 4460
3020 4461
1732 4462
1319 4463
1544 4464
1175 4465
510 4466
3191 4467
4125 4468
2984 4469
3639 4470
4107 4471
1645 4472
3502 4473
32 4474
843 4475
3562 4476
842 4477
1751 4478
4422 4479
1033 4480
2945 4481
2486 4482
4004 4483
3814 4484
640 4485
2701 4486
51 4487
2270 4488
2691 4489
2506 4490
181 4491
1781 4492
907 4493
1867 4494
910 4495
2690 4496
2848 4497
4372 4498
818 4499
4311 4500
2934 4501
529 4502
1110 4503
3897 4504
2469 4505
3542 4506
625 4507
96 4508
2101 4509
4417 4510
168 4511
838 4512
217 4513
3751 4514
4063 4515
2033 4516
1224 4517
3640 4518
4064 4519
3415 4520
1179 4521
1398 4522
3709 4523
3337 4524
540 4525
2635 4526
872 4527
3565 4528
3249 4529
242 4530
1395 4531
2678 4532
685 4533
998 4534
1408 4535
2442 4536
1556 4537
1305 4538
2989 4539
1401 4540
532 4541
2327 4542
3362 4543
414 4544
3351 4545
3232 4546
1044 4547
2819 4548
2869 4549
934 4550
2939 4551
559 4552
1859 4553
221 4554
2771 4555
4052 4556
60 4557
2221 4558
808 4559
740 4560
873 4561
2938 4562
518 4563
3929 4564
4263 4565
2627 4566
672 4567
2565 4568
597 4569
4173 4570
364 4571
632 4572
3155 4573
1159 4574
2969 4575
1472 4576
3867 4577
4401 4578
3720 4579
3269 4580
1345 4581
1488 4582
1484 4583
2137 4584
774 4585
2441 4586
4261 4587
2220 4588
3586 4589
4147 4590
2107 4591
3965 4592
2111 4593
4303 4594
1241 4595
3692 4596
1628 4597
1012 4598
3940 4599
16 4600
4266 4601
3306 4602
227 4603
942 4604
862 4605
269 4606
4444 4607
2783 4608
2414 4609
2559 4610
1498 4611
3369 4612
3422 4613
3474 4614
1029 4615
1379 4616
4293 4617
564 4618
3680 4619
336 4620
1388 4621
2849 4622
4331 4623
4377 4624
2730 4625
2397 4626
2491 4627
1921 4628
1197 4629
3378 4630
3278 4631
1175 4632
3215 4633
703 4634
2019 4635
3383 4636
2283 4637
462 4638
915 4639
844 4640
4018 4641
4560 4642
4120 4643
2227 4644
1942 4645
2507 4646
1213 4647
3503 4648
4355 4649
2003 4650
262 4651
593 4652
3810 4653
4341 4654
570 4655
3791 4656
4385 4657
2506 4658
682 4659
4369 4660
2728 4661
2002 4662
2171 4663
3362 4664
4664 4665
420 4666
1598 4667
2530 4668
3863 4669
3805 4670
3429 4671
1852 4672
787 4673
3355 4674
332 4675
3550 4676
3533 4677
859 4678
618 4679
4168 4680
276 4681
1971 4682
3727 4683
4383 4684
2005 4685
3166 4686
2174 4687
1017 4688
4452 4689
2063 4690
1345 4691
2404 4692
2259 4693
3676 4694
3299 4695
2116 4696
3617 4697
3225 4698
3675 4699
2732 4700
2797 4701
2170 4702
1352 4703
1882 4704
1987 4705
2704 4706
2726 4707
707 4708
3397 4709
3563 4710
766 4711
3974 4712
2943 4713
1359 4714
4260 4715
3751 4716
1119 4717
2833 4718
968 4719
4109 4720
713 4721
1038 4722
3029 4723
4532 4724
4124 4725
1516 4726
3164 4727
2579 4728
2795 4729
4622 4730
2585 4731
3383 4732
797 4733
937 4734
3481 4735
1202 4736
346 4737
518 4738
1315 4739
2636 4740
2107 4741
381 4742
3772 4743
157 4744
940 4745
4416 4746
504 4747
927 4748
627 4749
2693 4750
455 4751
723 4752
3342 4753
2092 4754
3306 4755
4624 4756
474 4757
3981 4758
3703 4759
1905 4760
2996 4761
3768 4762
2851 4763
4541 4764
428 4765
2294 4766
707 4767
3186 4768
2402 4769
1811 4770
2326 4771
3047 4772
2431 4773
2184 4774
676 4775
3282 4776
1496 4777
4679 4778
2380 4779
3325 4780
2704 4781
2435 4782
148 4783
4011 4784
4746 4785
1781 4786
3673 4787
3068 4788
2552 4789
1873 4790
3899 4791
945 4792
3696 4793
3035 4794
971 4795
1858 4796
3642 4797
2904 4798
1203 4799
4561 4800
4532 4801
2268 4802
1542 4803
637 4804
2709 4805
3939 4806
3915 4807
2222 4808
2365 4809
4223 4810
3453 4811
1112 4812
2469 4813
4607 4814
1476 4815
4660 4816
2318 4817
3515 4818
2060 4819
384 4820
602 4821
4128 4822
3429 4823
2899 4824
3072 4825
987 4826
3250 4827
2475 4828
3620 4829
1810 4830
4257 4831
1773 4832
310 4833
3548 4834
2774 4835
1709 4836
3741 4837
2247 4838
988 4839
1793 4840
2684 4841
1646 4842
1157 4843
908 4844
563 4845
752 4846
2129 4847
3367 4848
2297 4849
2845 4850
1196 4851
741 4852
1420 4853
4556 4854
2307 4855
1050 4856
1152 4857
3349 4858
2154 4859
664 4860
2512 4861
4146 4862
2020 4863
4140 4864
2484 4865
8 4866
3824 4867
4203 4868
3668 4869
3937 4870
2870 4871
1845 4872
4013 4873
4059 4874
1639 4875
2272 4876
4244 4877
2013 4878
290 4879
3265 4880
1084 4881
1259 4882
1490 4883
4061 4884
2608 4885
526 4886
3531 4887
3972 4888
327 4889
77 4890
2871 4891
4796 4892
2613 4893
2653 4894
2395 4895
4311 4896
2769 4897
2248 4898
4135 4899
4376 4900
268 4901
3164 4902
2507 4903
3189 4904
4576 4905
4200 4906
2174 4907
2093 4908
3693 4909
3612 4910
3274 4911
2962 4912
1687 4913
2492 4914
3292 4915
454 4916
1498 4917
4543 4918
2776 4919
3441 4920
1771 4921
1373 4922
2728 4923
4674 4924
4362 4925
2733 4926
3777 4927
409 4928
657 4929
382 4930
1728 4931
4330 4932
3400 4933
3255 4934
4694 4935
1009 4936
2426 4937
1580 4938
3947 4939
563 4940
4914 4941
1237 4942
4058 4943
667 4944
1194 4945
3480 4946
1479 4947
4365 4948
1614 4949
4254 4950
631 4951
1129 4952
1502 4953
2572 4954
3926 4955
3486 4956
4455 4957
3049 4958
2538 4959
1621 4960
4420 4961
4859 4962
2568 4963
1713 4964
3924 4965
1283 4966
2936 4967
108 4968
3595 4969
3517 4970
1966 4971
576 4972
1029 4973
826 4974
2414 4975
2075 4976
2312 4977
575 4978
774 4979
4063 4980
272 4981
2834 4982
1398 4983
4538 4984
3842 4985
1696 4986
4199 4987
3516 4988
4363 4989
4061 4990
1861 4991
4575 4992
2775 4993
3472 4994
2072 4995
3673 4996
1199 4997
2141 4998
1044 4999
233 5000
2577 5001
117 5002
2094 5003
2260 5004
1366 5005
3024 5006
3483 5007
905 5008
2647 5009
2144 5010
233 5011
639 5012
1281 5013
4373 5014
882 5015
1114 5016
1028 5017
1239 5018
4351 5019
1746 5020
328 5021
730 5022
815 5023
2029 5024
344 5025
4925 5026
4835 5027
1268 5028
1571 5029
4087 5030
4707 5031
1962 5032
518 5033
395 5034
4605 5035
2030 5036
3178 5037
1325 5038
696 5039
4256 5040
3803 5041
2943 5042
4830 5043
1480 5044
3426 5045
2871 5046
4383 5047
2721 5048
250 5049
3440 5050
1812 5051
2565 5052
4314 5053
2122 5054
1550 5055
4026 5056
3600 5057
4536 5058
1728 5059
1890 5060
2734 5061
1092 5062
2796 5063
2935 5064
4844 5065
619 5066
1454 5067
2474 5068
2516 5069
4915 5070
3047 5071
1229 5072
508 5073
2928 5074
794 5075
541 5076
4617 5077
1088 5078
529 5079
3150 5080
2512 5081
1325 5082
1753 5083
3312 5084
497 5085
131 5086
3852 5087
3172 5088
972 5089
2010 5090
228 5091
1100 5092
3567 5093
1010 5094
3790 5095
467 5096
1577 5097
3060 5098
2630 5099
3079 5100
4106 5101
2211 5102
2855 5103
3933 5104
5074 5105
4267 5106
2851 5107
4003 5108
2836 5109
258 5110
1532 5111
3503 5112
1928 5113
1827 5114
1396 5115
3130 5116
2866 5117
1287 5118
1159 5119
4511 5120
1019 5121
3212 5122
4829 5123
1764 5124
4148 5125
2472 5126
2346 5127
3890 5128
5046 5129
3559 5130
3268 5131
1457 5132
3538 5133
1809 5134
3140 5135
3234 5136
2173 5137
820 5138
4781 5139
1675 5140
424 5141
18 5142
1209 5143
1535 5144
1152 5145
4753 5146
1048 5147
5117 5148
1482 5149
3684 5150
1864 5151
3118 5152
1704 5153
4146 5154
3613 5155
1618 5156
1068 5157
4578 5158
3814 5159
3676 5160
4869 5161
2790 5162
2799 5163
2193 5164
1789 5165
3827 5166
1564 5167
947 5168
571 5169
2777 5170
321 5171
1790 5172
1697 5173
846 5174
2614 5175
4695 5176
506 5177
4795 5178
466 5179
57 5180
786 5181
2181 5182
1742 5183
2306 5184
4013 5185
5094 5186
958 5187
4773 5188
336 5189
4157 5190
5077 5191
883 5192
2823 5193
3870 5194
4873 5195
2700 5196
1784 5197
2165 5198
5192 5199
2578 5200
2562 5201
3006 5202
1119 5203
2699 5204
2846 5205
4789 5206
1078 5207
3767 5208
1086 5209
963 5210
1864 5211
3200 5212
4171 5213
3078 5214
1 5215
2894 5216
4408 5217
5180 5218
4806 5219
4464 5220
2510 5221
2690 5222
3503 5223
2565 5224
1014 5225
3431 5226
1585 5227
2493 5228
2246 5229
1642 5230
799 5231
304 5232
86 5233
2309 5234
3449 5235
4584 5236
4290 5237
4201 5238
4958 5239
4007 5240
2512 5241
5151 5242
2631 5243
601 5244
3215 5245
5133 5246
1829 5247
2570 5248
3744 5249
4717 5250
947 5251
4320 5252
837 5253
265 5254
90 5255
3040 5256
85 5257
1707 5258
1332 5259
2903 5260
3295 5261
3418 5262
3066 5263
1744 5264
3754 5265
1714 5266
1418 5267
2749 5268
1481 5269
2330 5270
2448 5271
3313 5272
2614 5273
5177 5274
3681 5275
1010 5276
3096 5277
3700 5278
2858 5279
2146 5280
4338 5281
1637 5282
1842 5283
1100 5284
4559 5285
2773 5286
4437 5287
4308 5288
2371 5289
1368 5290
2367 5291
50 5292
1369 5293
621 5294
3550 5295
4452 5296
2145 5297
1170 5298
2134 5299
3766 5300
4209 5301
2231 5302
4893 5303
617 5304
4505 5305
1588 5306
2541 5307
3936 5308
2123 5309
5200 5310
2384 5311
1008 5312
2032 5313
4415 5314
4371 5315
281 5316
128 5317
1754 5318
5193 5319
4556 5320
344 5321
3403 5322
2506 5323
3985 5324
1207 5325
3265 5326
5246 5327
3223 5328
1944 5329
1742 5330
2318 5331
4290 5332
2273 5333
3606 5334
2662 5335
1783 5336
713 5337
5290 5338
1889 5339
3923 5340
90 5341
5278 5342
3395 5343
890 5344
3805 5345
1182 5346
3882 5347
3620 5348
3554 5349
1973 5350
2194 5351
3535 5352
1073 5353
3897 5354
2422 5355
3414 5356
3750 5357
5327 5358
2903 5359
2152 5360
1509 5361
3617 5362
265 5363
1358 5364
3234 5365
3274 5366
5037 5367
2733 5368
408 5369
15 5370
2910 5371
453 5372
4143 5373
4369 5374
1204 5375
2692 5376
4025 5377
4805 5378
5057 5379
3575 5380
1259 5381
5070 5382
4331 5383
2258 5384
3330 5385
4376 5386
1802 5387
4226 5388
361 5389
4707 5390
4122 5391
2080 5392
3494 5393
864 5394
384 5395
2797 5396
462 5397
5122 5398
4745 5399
2522 5400
2090 5401
2919 5402
2781 5403
4772 5404
4964 5405
3316 5406
860 5407
1422 5408
3580 5409
3993 5410
4485 5411
5109 5412
345 5413
3040 5414
562 5415
2092 5416
4909 5417
1767 5418
3267 5419
327 5420
4656 5421
1672 5422
3344 5423
3537 5424
4048 5425
3558 5426
405 5427
1095 5428
1707 5429
4916 5430
2701 5431
3325 5432
4056 5433
4585 5434
4884 5435
1948 5436
1475 5437
2390 5438
2831 5439
3876 5440
5208 5441
4487 5442
4425 5443
4146 5444
97 5445
5146 5446
1202 5447
3700 5448
2876 5449
1845 5450
2846 5451
776 5452
4204 5453
2039 5454
2681 5455
4582 5456
4379 5457
2908 5458
1148 5459
5306 5460
3053 5461
417 5462
32 5463
2794 5464
4593 5465
2281 5466
4314 5467
2613 5468
2995 5469
2734 5470
3341 5471
2463 5472
5007 5473
1148 5474
1817 5475
5079 5476
2833 5477
5201 5478
2997 5479
2770 5480
4600 5481
2825 5482
156 5483
3568 5484
3425 5485
4850 5486
2502 5487
5344 5488
4040 5489
194 5490
3779 5491
2453 5492
4672 5493
4545 5494
3558 5495
6 5496
5427 5497
247 5498
2734 5499
50 5500
3768 5501
1853 5502
3676 5503
4431 5504
2759 5505
3875 5506
2250 5507
832 5508
331 5509
3445 5510
1314 5511
5047 5512
4346 5513
4500 5514
2551 5515
2889 5516
5000 5517
1960 5518
1748 5519
3924 5520
3003 5521
4161 5522
2238 5523
1250 5524
1343 5525
3532 5526
4054 5527
1256 5528
649 5529
515 5530
3639 5531
5330 5532
5394 5533
3587 5534
1604 5535
2595 5536
1333 5537
1476 5538
685 5539
3705 5540
3979 5541
1320 5542
3192 5543
829 5544
14 5545
1992 5546
3032 5547
3473 5548
422 5549
629 5550
1548 5551
1893 5552
3657 5553
60 5554
1541 5555
5385 5556
4390 5557
1066 5558
1357 5559
63 5560
148 5561
5248 5562
5210 5563
4508 5564
123 5565
3881 5566
3107 5567
4930 5568
44 5569
4953 5570
1907 5571
3466 5572
4133 5573
5237 5574
893 5575
1830 5576
1269 5577
3261 5578
3829 5579
4320 5580
3118 5581
4258 5582
2420 5583
4360 5584
337 5585
1796 5586
207 5587
1289 5588
4420 5589
2962 5590
5138 5591
4444 5592
1674 5593
728 5594
751 5595
1892 5596
4504 5597
4115 5598
1282 5599
4040 5600
5501 5601
3893 5602
1866 5603
1162 5604
2360 5605
3553 5606
3910 5607
445 5608
5413 5609
1946 5610
1452 5611
3719 5612
3033 5613
5158 5614
1704 5615
2297 5616
1297 5617
1530 5618
4714 5619
809 5620
1766 5621
3442 5622
4979 5623
275 5624
5068 5625
4404 5626
5254 5627
4010 5628
266 5629
240 5630
1696 5631
584 5632
5483 5633
4353 5634
807 5635
3270 5636
569 5637
5546 5638
4735 5639
539 5640
2512 5641
841 5642
3309 5643
3823 5644
4386 5645
2304 5646
1200 5647
2369 5648
2844 5649
474 5650
4824 5651
1166 5652
5444 5653
2687 5654
5601 5655
336 5656
2789 5657
195 5658
4932 5659
4372 5660
4705 5661
3041 5662
22 5663
3810 5664
5574 5665
1916 5666
376 5667
857 5668
200 5669
4126 5670
5238 5671
1206 5672
2131 5673
3881 5674
5144 5675
5398 5676
1880 5677
3659 5678
1512 5679
1623 5680
3352 5681
648 5682
4784 5683
812 5684
1157 5685
2392 5686
2358 5687
2535 5688
1749 5689
344 5690
216 5691
108 5692
3209 5693
5484 5694
5454 5695
2312 5696
98 5697
4346 5698
761 5699
4010 5700
3689 5701
612 5702
4864 5703
977 5704
5347 5705
4868 5706
2277 5707
2966 5708
631 5709
4005 5710
4525 5711
1591 5712
2874 5713
3358 5714
1326 5715
2527 5716
710 5717
4451 5718
5548 5719
3681 5720
518 5721
3790 5722
4185 5723
3870 5724
3899 5725
1394 5726
3126 5727
1173 5728
3802 5729
2210 5730
4488 5731
5705 5732
1412 5733
713 5734
1467 5735
4201 5736
2717 5737
2195 5738
5355 5739
4921 5740
2934 5741
1029 5742
4310 5743
5540 5744
5140 5745
2202 5746
1966 5747
4769 5748
1809 5749
298 5750
2926 5751
3254 5752
1358 5753
4658 5754
4715 5755
3058 5756
4285 5757
730 5758
1167 5759
3737 5760
5231 5761
695 5762
2828 5763
974 5764
416 5765
5669 5766
3405 5767
5294 5768
1656 5769
1796 5770
1101 5771
4548 5772
1407 5773
3727 5774
4908 5775
1611 5776
3707 5777
2254 5778
2015 5779
426 5780
2273 5781
5502 5782
1740 5783
2544 5784
3824 5785
4959 5786
5386 5787
2928 5788
5719 5789
1214 5790
3898 5791
3964 5792
2764 5793
193 5794
4198 5795
3394 5796
2860 5797
1638 5798
273 5799
4571 5800
2217 5801
1197 5802
2156 5803
5167 5804
3284 5805
2190 5806
5024 5807
96 5808
462 5809
3185 5810
5376 5811
2235 5812
3105 5813
4512 5814
3800 5815
1142 5816
4478 5817
5549 5818
1742 5819
2298 5820
4710 5821
3677 5822
2767 5823
774 5824
4793 5825
4577 5826
1125 5827
557 5828
52 5829
2221 5830
2681 5831
54 5832
128 5833
547 5834
321 5835
4917 5836
5648 5837
2583 5838
5790 5839
5189 5840
3712 5841
131 5842
5257 5843
4237 5844
3256 5845
46 5846
2484 5847
715 5848
796 5849
1857 5850
3273 5851
3378 5852
5516 5853
3429 5854
3298 5855
2041 5856
3884 5857
549 5858
5316 5859
3452 5860
3293 5861
1477 5862
124 5863
5262 5864
799 5865
4482 5866
3148 5867
2528 5868
5339 5869
3877 5870
1389 5871
1087 5872
1498 5873
1572 5874
4910 5875
2163 5876
5164 5877
359 5878
5075 5879
652 5880
845 5881
4227 5882
3759 5883
1568 5884
597 5885
1752 5886
4388 5887
762 5888
4483 5889
2525 5890
1291 5891
2863 5892
2775 5893
3883 5894
3186 5895
884 5896
3690 5897
2507 5898
4365 5899
2524 5900
4581 5901
999 5902
4287 5903
958 5904
619 5905
1133 5906
1426 5907
4017 5908
4785 5909
2068 5910
1296 5911
1032 5912
4643 5913
1836 5914
1677 5915
2817 5916
5710 5917
2052 5918
4726 5919
1768 5920
5839 5921
5522 5922
5246 5923
3426 5924
5443 5925
2206 5926
4786 5927
1793 5928
5124 5929
1998 5930
4079 5931
5523 5932
2684 5933
3044 5934
2519 5935
3189 5936
3530 5937
2584 5938
1652 5939
1589 5940
366 5941
1527 5942
42 5943
4475 5944
3716 5945
2823 5946
1991 5947
2715 5948
4615 5949
2841 5950
4483 5951
2251 5952
5643 5953
2442 5954
4418 5955
212 5956
2955 5957
490 5958
1921 5959
4204 5960
3488 5961
4306 5962
3974 5963
712 5964
187 5965
656 5966
4573 5967
1062 5968
4958 5969
3966 5970
470 5971
3201 5972
272 5973
174 5974
2684 5975
3339 5976
3853 5977
3110 5978
5934 5979
4776 5980
2054 5981
2806 5982
498 5983
2300 5984
5720 5985
2758 5986
3837 5987
3679 5988
2779 5989
4399 5990
1137 5991
3352 5992
2806 5993
411 5994
4856 5995
3091 5996
548 5997
5812 5998
3817 5999
4013 6000
3471 6001
1900 6002
3819 6003
3447 6004
1075 6005
5167 6006
3726 6007
4596 6008
1303 6009
725 6010
2189 6011
4884 6012
5868 6013
5929 6014
1497 6015
5343 6016
2922 6017
4508 6018
2284 6019
3280 6020
4197 6021
3778 6022
2535 6023
3639 6024
4512 6025
3867 6026
5190 6027
1490 6028
5310 6029
1215 6030
4466 6031
3885 6032
2810 6033
2670 6034
4483 6035
4082 6036
3276 6037
4334 6038
2595 6039
1734 6040
5188 6041
2416 6042
5309 6043
3252 6044
2699 6045
3585 6046
3443 6047
5644 6048
3137 6049
5558 6050
1608 6051
64 6052
3657 6053
3739 6054
2186 6055
758 6056
988 6057
4680 6058
3603 6059
907 6060
5820 6061
3386 6062
5316 6063
2324 6064
1320 6065
4826 6066
1791 6067
5461 6068
1507 6069
3645 6070
3426 6071
5550 6072
5700 6073
5994 6074
711 6075
1971 6076
4318 6077
3420 6078
2306 6079
3557 6080
3400 6081
3286 6082
771 6083
812 6084
2991 6085
3741 6086
4856 6087
5827 6088
1359 6089
1360 6090
5989 6091
621 6092
1954 6093
4468 6094
5185 6095
4732 6096
682 6097
441 6098
2625 6099
1889 6100
5672 6101
4186 6102
5999 6103
1025 6104
1467 6105
1206 6106
55 6107
1460 6108
1932 6109
2044 6110
3252 6111
1174 6112
3407 6113
3486 6114
1789 6115
4168 6116
6095 6117
769 6118
4984 6119
810 6120
4754 6121
4066 6122
1649 6123
1881 6124
4203 6125
192 6126
2952 6127
5105 6128
1866 6129
2580 6130
4461 6131
1543 6132
4127 6133
24 6134
1689 6135
3351 6136
1623 6137
3159 6138
3686 6139
4628 6140
2062 6141
2772 6142
4963 6143
576 6144
3398 6145
2896 6146
4137 6147
2023 6148
4482 6149
1977 6150
317 6151
1208 6152
4029 6153
5476 6154
2898 6155
5444 6156
5260 6157
4630 6158
942 6159
499 6160
5727 6161
4631 6162
5273 6163
3402 6164
4125 6165
159 6166
3210 6167
5665 6168
1529 6169
5154 6170
506 6171
134 6172
4634 6173
2237 6174
1754 6175
1757 6176
3536 6177
5688 6178
4005 6179
2763 6180
66 6181
3847 6182
2320 6183
6032 6184
5421 6185
5558 6186
3548 6187
235 6188
189 6189
2428 6190
2500 6191
1484 6192
1520 6193
617 6194
5329 6195
3341 6196
5890 6197
482 6198
3699 6199
2263 6200
4313 6201
3835 6202
1822 6203
3428 6204
505 6205
1719 6206
3148 6207
3864 6208
845 6209
3205 6210
3695 6211
924 6212
4091 6213
5854 6214
2090 6215
1127 6216
2930 6217
5093 6218
6079 6219
5146 6220
3878 6221
2286 6222
3025 6223
5110 6224
2916 6225
5931 6226
6159 6227
5710 6228
6006 6229
5104 6230
2604 6231
2173 6232
5258 6233
2752 6234
5687 6235
4203 6236
1790 6237
564 6238
5178 6239
316 6240
5742 6241
975 6242
1776 6243
2461 6244
3769 6245
3967 6246
4622 6247
5244 6248
3652 6249
3802 6250
2640 6251
3791 6252
3229 6253
25 6254
3735 6255
2244 6256
4712 6257
561 6258
5405 6259
2305 6260
5118 6261
1866 6262
2235 6263
2596 6264
1471 6265
3761 6266
3855 6267
4065 6268
514 6269
1371 6270
5226 6271
5158 6272
1184 6273
5086 6274
4754 6275
2529 6276
3444 6277
2936 6278
2580 6279
4405 6280
437 6281
5377 6282
5459 6283
2052 6284
5920 6285
4570 6286
2498 6287
6142 6288
570 6289
386 6290
2660 6291
2743 6292
350 6293
871 6294
4989 6295
2234 6296
5217 6297
748 6298
4315 6299
5819 6300
4902 6301
5760 6302
584 6303
2379 6304
5325 6305
5990 6306
3599 6307
4948 6308
419 6309
2279 6310
5190 6311
2072 6312
5464 6313
6279 6314
5864 6315
2692 6316
2097 6317
5509 6318
75 6319
935 6320
2553 6321
5409 6322
295 6323
1927 6324
205 6325
1370 6326
606 6327
2816 6328
5357 6329
1869 6330
3727 6331
1002 6332
6016 6333
2553 6334
5875 6335
5919 6336
2593 6337
5913 6338
5808 6339
5723 6340
846 6341
5751 6342
6009 6343
5989 6344
34 6345
4025 6346
2397 6347
5190 6348
2106 6349
901 6350
1182 6351
399 6352
3427 6353
5333 6354
5181 6355
5483 6356
150 6357
5052 6358
6323 6359
601 6360
4286 6361
15 6362
406 6363
65 6364
6015 6365
3555 6366
255 6367
4306 6368
2134 6369
5546 6370
1220 6371
1673 6372
2661 6373
2691 6374
1087 6375
4519 6376
2903 6377
6005 6378
2714 6379
1841 6380
269 6381
3605 6382
6088 6383
13 6384
2935 6385
1440 6386
2316 6387
686 6388
1293 6389
2380 6390
1963 6391
2526 6392
3711 6393
6113 6394
4281 6395
3255 6396
5645 6397
2670 6398
3095 6399
5644 6400
4771 6401
596 6402
4906 6403
1981 6404
2793 6405
3833 6406
943 6407
510 6408
2950 6409
5257 6410
4931 6411
2673 6412
226 6413
1693 6414
3769 6415
890 6416
1694 6417
1693 6418
1562 6419
2675 6420
4801 6421
6043 6422
5809 6423
3699 6424
4040 6425
328 6426
1908 6427
351 6428
5478 6429
4532 6430
751 6431
4693 6432
956 6433
638 6434
112 6435
2291 6436
4029 6437
4965 6438
4376 6439
339 6440
291 6441
1238 6442
1965 6443
2550 6444
2730 6445
4125 6446
3181 6447
215 6448
3297 6449
3835 6450
1285 6451
1425 6452
5775 6453
5599 6454
5823 6455
1170 6456
4527 6457
1324 6458
5234 6459
2977 6460
4564 6461
3308 6462
977 6463
5241 6464
550 6465
3237 6466
5314 6467
6043 6468
2633 6469
4421 6470
3448 6471
5899 6472
3248 6473
1584 6474
3906 6475
1684 6476
6232 6477
5198 6478
5928 6479
5481 6480
5070 6481
1556 6482
2053 6483
4150 6484
1557 6485
5424 6486
6196 6487
1654 6488
3835 6489
1497 6490
121 6491
966 6492
1791 6493
995 6494
435 6495
1552 6496
1799 6497
3058 6498
2376 6499
2836 6500
5271 6501
5532 6502
5221 6503
4957 6504
181 6505
499 6506
4675 6507
2212 6508
6325 6509
371 6510
3780 6511
3963 6512
5692 6513
92 6514
1257 6515
3037 6516
255 6517
678 6518
31 6519
4366 6520
3344 6521
6200 6522
5586 6523
5098 6524
5071 6525
6425 6526
6428 6527
6108 6528
3557 6529
1715 6530
1958 6531
2924 6532
6304 6533
3448 6534
2852 6535
2331 6536
4794 6537
597 6538
5160 6539
5137 6540
444 6541
4662 6542
6338 6543
2166 6544
5280 6545
524 6546
3082 6547
1320 6548
1016 6549
5936 6550
2198 6551
1042 6552
4498 6553
4846 6554
1292 6555
6325 6556
1428 6557
4968 6558
3434 6559
3080 6560
3814 6561
5948 6562
5589 6563
347 6564
2115 6565
817 6566
2859 6567
1985 6568
6212 6569
2853 6570
2597 6571
2258 6572
3269 6573
6023 6574
5475 6575
2586 6576
6449 6577
6290 6578
6132 6579
1732 6580
2301 6581
2446 6582
4810 6583
5441 6584
1220 6585
1519 6586
2648 6587
1003 6588
5228 6589
2116 6590
2183 6591
3602 6592
5652 6593
1765 6594
4079 6595
911 6596
2905 6597
5723 6598
522 6599
5994 6600
4231 6601
3761 6602
2023 6603
4483 6604
1335 6605
342 6606
6379 6607
5153 6608
2542 6609
2346 6610
6423 6611
2893 6612
4142 6613
1227 6614
6263 6615
3530 6616
624 6617
6432 6618
1110 6619
5555 6620
3678 6621
2646 6622
2113 6623
3120 6624
5736 6625
4545 6626
5491 6627
5040 6628
667 6629
5049 6630
2563 6631
2260 6632
3111 6633
4877 6634
5420 6635
4527 6636
5731 6637
5513 6638
4915 6639
982 6640
436 6641
6048 6642
1594 6643
505 6644
4596 6645
337 6646
6026 6647
4331 6648
3082 6649
471 6650
1212 6651
4990 6652
2709 6653
3169 6654
2286 6655
4193 6656
3919 6657
1176 6658
762 6659
2538 6660
3942 6661
1387 6662
3031 6663
4537 6664
2444 6665
5603 6666
5857 6667
4705 6668
6018 6669
2311 6670
989 6671
176 6672
3269 6673
4482 6674
1676 6675
1996 6676
4649 6677
2872 6678
1307 6679
5604 6680
6521 6681
2721 6682
2966 6683
6174 6684
934 6685
2223 6686
2641 6687
1966 6688
943 6689
2065 6690
4099 6691
5788 6692
1333 6693
6455 6694
3029 6695
3361 6696
120 6697
53 6698
20 6699
6194 6700
327 6701
6260 6702
2640 6703
2690 6704
5639 6705
5438 6706
2939 6707
3290 6708
4478 6709
5359 6710
5137 6711
1048 6712
3576 6713
2259 6714
4234 6715
3338 6716
4428 6717
1326 6718
97 6719
3627 6720
6346 6721
6063 6722
3359 6723
1443 6724
2584 6725
4110 6726
4444 6727
3276 6728
5855 6729
614 6730
2417 6731
6016 6732
1347 6733
4941 6734
4348 6735
477 6736
1924 6737
394 6738
6732 6739
1489 6740
4541 6741
2513 6742
6079 6743
1198 6744
1872 6745
2521 6746
965 6747
2583 6748
4161 6749
511 6750
733 6751
1487 6752
1165 6753
2461 6754
4550 6755
4246 6756
5310 6757
6100 6758
525 6759
3659 6760
5694 6761
99 6762
4004 6763
2516 6764
366 6765
638 6766
3081 6767
5489 6768
1784 6769
4618 6770
3201 6771
2917 6772
291 6773
6539 6774
575 6775
6012 6776
5361 6777
1825 6778
6243 6779
3982 6780
4494 6781
4915 6782
1933 6783
1973 6784
3311 6785
1688 6786
6561 6787
488 6788
1217 6789
5265 6790
1633 6791
4996 6792
2970 6793
3349 6794
5063 6795
1573 6796
1140 6797
2422 6798
6241 6799
3404 6800
2932 6801
422 6802
7 6803
6281 6804
5650 6805
2600 6806
2138 6807
419 6808
1096 6809
3096 6810
2824 6811
2352 6812
1037 6813
1697 6814
4466 6815
342 6816
5561 6817
2005 6818
1523 6819
5202 6820
2997 6821
6032 6822
4952 6823
42 6824
4271 6825
1268 6826
1125 6827
1243 6828
6013 6829
1025 6830
1525 6831
327 6832
4976 6833
931 6834
5542 6835
3903 6836
6015 6837
2596 6838
2898 6839
2192 6840
914 6841
1120 6842
6761 6843
6687 6844
3226 6845
4344 6846
5593 6847
605 6848
4721 6849
693 6850
992 6851
2572 6852
3772 6853
1325 6854
3412 6855
361 6856
3830 6857
1777 6858
1778 6859
3023 6860
4837 6861
5311 6862
5978 6863
1956 6864
4001 6865
3736 6866
3935 6867
2089 6868
2989 6869
6787 6870
6650 6871
1316 6872
6349 6873
2019 6874
3056 6875
5473 6876
6639 6877
6625 6878
3719 6879
3705 6880
6707 6881
3302 6882
1585 6883
5862 6884
5161 6885
6200 6886
2408 6887
175 6888
5923 6889
4795 6890
3728 6891
5935 6892
2457 6893
1491 6894
5425 6895
395 6896
4127 6897
2620 6898
4767 6899
582 6900
2837 6901
605 6902
4366 6903
4380 6904
1051 6905
4845 6906
6076 6907
2335 6908
347 6909
2281 6910
5869 6911
4126 6912
4923 6913
1106 6914
4001 6915
5548 6916
5152 6917
3096 6918
3226 6919
6864 6920
5592 6921
5841 6922
4523 6923
4712 6924
6167 6925
4335 6926
6410 6927
5554 6928
4376 6929
4726 6930
2524 6931
5376 6932
6280 6933
1682 6934
361 6935
5100 6936
3515 6937
5101 6938
1165 6939
2568 6940
3821 6941
4547 6942
2835 6943
2906 6944
738 6945
3161 6946
255 6947
5486 6948
5475 6949
5309 6950
2674 6951
818 6952
2224 6953
3862 6954
3842 6955
5619 6956
5792 6957
1964 6958
392 6959
4702 6960
1113 6961
2026 6962
754 6963
5858 6964
5752 6965
6191 6966
1515 6967
6211 6968
2683 6969
3960 6970
3377 6971
3814 6972
4899 6973
2500 6974
650 6975
337 6976
2217 6977
6483 6978
5396 6979
5295 6980
2900 6981
2677 6982
6948 6983
4454 6984
6224 6985
5561 6986
164 6987
6221 6988
219 6989
1169 6990
5699 6991
3582 6992
1966 6993
1247 6994
4144 6995
3075 6996
4594 6997
4620 6998
5242 6999
3340 7000
2857 7001
800 7002
4706 7003
3181 7004
4174 7005
71 7006
4200 7007
2817 7008
2156 7009
5525 7010
3213 7011
1636 7012
552 7013
5511 7014
4085 7015
1645 7016
6286 7017
4450 7018
2185 7019
5370 7020
6623 7021
4484 7022
6944 7023
64 7024
5649 7025
5537 7026
6524 7027
871 7028
2018 7029
6767 7030
2920 7031
143 7032
667 7033
606 7034
1334 7035
80 7036
1348 7037
3864 7038
716 7039
1549 7040
4636 7041
2374 7042
227 7043
4255 7044
6398 7045
4930 7046
4508 7047
5246 7048
5341 7049
5003 7050
2311 7051
4251 7052
5262 7053
4108 7054
1554 7055
5131 7056
4494 7057
237 7058
2749 7059
4047 7060
5465 7061
3170 7062
3008 7063
3502 7064
167 7065
6829 7066
42 7067
2775 7068
2077 7069
2309 7070
4551 7071
7069 7072
5155 7073
6955 7074
3627 7075
3540 7076
4638 7077
1337 7078
4588 7079
1105 7080
5411 7081
2311 7082
207 7083
712 7084
3590 7085
5221 7086
2480 7087
2931 7088
147 7089
6900 7090
392 7091
4449 7092
1095 7093
707 7094
3646 7095
5114 7096
1404 7097
3638 7098
919 7099
3495 7100
3557 7101
3087 7102
4948 7103
7039 7104
800 7105
7029 7106
4518 7107
274 7108
6491 7109
4653 7110
2583 7111
3022 7112
3878 7113
4792 7114
3663 7115
125 7116
3169 7117
1096 7118
2313 7119
322 7120
2887 7121
6838 7122
935 7123
5183 7124
5896 7125
764 7126
6855 7127
6762 7128
6224 7129
1773 7130
1944 7131
1793 7132
4560 7133
6232 7134
2204 7135
1850 7136
4385 7137
2350 7138
3728 7139
3325 7140
3118 7141
3833 7142
3555 7143
1587 7144
1421 7145
1942 7146
388 7147
5360 7148
3035 7149
6271 7150
3852 7151
2092 7152
6026 7153
6303 7154
1054 7155
2157 7156
4366 7157
1205 7158
3852 7159
113 7160
2323 7161
5827 7162
3933 7163
865 7164
1582 7165
223 7166
5133 7167
4296 7168
6319 7169
2450 7170
3666 7171
4151 7172
1162 7173
4670 7174
6911 7175
1121 7176
5442 7177
4109 7178
4027 7179
6888 7180
4810 7181
3816 7182
5652 7183
732 7184
1908 7185
5243 7186
5659 7187
5992 7188
3938 7189
3700 7190
5955 7191
1781 7192
6306 7193
497 7194
384 7195
6106 7196
2204 7197
5291 7198
987 7199
5354 7200
751 7201
3825 7202
5112 7203
1499 7204
4757 7205
6708 7206
7149 7207
2889 7208
4855 7209
1600 7210
3957 7211
1425 7212
6945 7213
4050 7214
4640 7215
1277 7216
5734 7217
3309 7218
798 7219
4340 7220
2682 7221
1255 7222
5721 7223
5345 7224
3951 7225
3592 7226
6766 7227
5830 7228
3080 7229
3001 7230
2973 7231
2935 7232
6969 7233
1724 7234
898 7235
6037 7236
2721 7237
2541 7238
3732 7239
265 7240
5562 7241
2661 7242
6568 7243
710 7244
2808 7245
5190 7246
7143 7247
5059 7248
2529 7249
4341 7250
2620 7251
1384 7252
4741 7253
6446 7254
5182 7255
2029 7256
1611 7257
1398 7258
7080 7259
5997 7260
1405 7261
7107 7262
5486 7263
940 7264
2138 7265
1838 7266
5057 7267
6113 7268
5122 7269
3032 7270
3757 7271
157 7272
1498 7273
844 7274
4582 7275
4212 7276
1472 7277
5326 7278
461 7279
6117 7280
83 7281
6124 7282
3531 7283
1372 7284
6252 7285
536 7286
3658 7287
6177 7288
5388 7289
3494 7290
7054 7291
4999 7292
3898 7293
5452 7294
3551 7295
6851 7296
2283 7297
1294 7298
411 7299
6506 7300
3926 7301
7289 7302
4048 7303
938 7304
5387 7305
2206 7306
5826 7307
4583 7308
2678 7309
5032 7310
2260 7311
5235 7312
5336 7313
6762 7314
2372 7315
6393 7316
3925 7317
1157 7318
6957 7319
4623 7320
1208 7321
5770 7322
5987 7323
6029 7324
6364 7325
5516 7326
5506 7327
981 7328
2548 7329
2647 7330
1020 7331
2542 7332
1328 7333
2803 7334
5089 7335
3981 7336
767 7337
1733 7338
6503 7339
1472 7340
7100 7341
1157 7342
5252 7343
3708 7344
3780 7345
4005 7346
1016 7347
21 7348
5547 7349
2262 7350
1181 7351
5818 7352
1332 7353
2481 7354
3827 7355
7165 7356
2758 7357
1748 7358
206 7359
4337 7360
6354 7361
2413 7362
1037 7363
1986 7364
3223 7365
3658 7366
1424 7367
139 7368
1686 7369
2656 7370
1341 7371
468 7372
5677 7373
4425 7374
1441 7375
4434 7376
508 7377
6466 7378
909 7379
4819 7380
5079 7381
6831 7382
5865 7383
6394 7384
307 7385
3125 7386
4063 7387
6413 7388
1285 7389
5962 7390
3413 7391
3186 7392
4090 7393
2266 7394
7219 7395
6900 7396
5752 7397
6094 7398
3765 7399
177 7400
5524 7401
7371 7402
3260 7403
7179 7404
6281 7405
7370 7406
6873 7407
4661 7408
955 7409
1176 7410
722 7411
824 7412
7091 7413
4296 7414
4433 7415
2416 7416
1111 7417
3315 7418
262 7419
1936 7420
1110 7421
4580 7422
3830 7423
961 7424
3782 7425
7030 7426
6167 7427
6601 7428
3636 7429
3874 7430
2170 7431
5239 7432
331 7433
4121 7434
5334 7435
5947 7436
1793 7437
4608 7438
6556 7439
3394 7440
1081 7441
1293 7442
3203 7443
634 7444
6419 7445
6437 7446
7274 7447
7265 7448
5348 7449
101 7450
3728 7451
2028 7452
7168 7453
3394 7454
2914 7455
4139 7456
1578 7457
1286 7458
3628 7459
4142 7460
350 7461
2715 7462
385 7463
802 7464
5065 7465
2741 7466
24 7467
6865 7468
5713 7469
3890 7470
1716 7471
4335 7472
1797 7473
6484 7474
2485 7475
3957 7476
1391 7477
1230 7478
1534 7479
212 7480
2781 7481
3648 7482
4665 7483
7426 7484
1680 7485
6644 7486
2720 7487
4644 7488
2384 7489
2869 7490
4679 7491
4681 7492
4257 7493
6381 7494
1093 7495
5500 7496
2628 7497
71 7498
2332 7499
1702 7500
2103 7501
569 7502
3761 7503
3590 7504
3449 7505
4860 7506
2646 7507
7437 7508
5504 7509
1462 7510
579 7511
3191 7512
1059 7513
788 7514
5970 7515
4172 7516
3206 7517
5825 7518
2983 7519
3301 7520
4946 7521
3890 7522
434 7523
5387 7524
4217 7525
6116 7526
1897 7527
476 7528
4903 7529
5881 7530
483 7531
2211 7532
3639 7533
966 7534
5616 7535
3033 7536
6504 7537
7258 7538
176 7539
4373 7540
7330 7541
4082 7542
3801 7543
7214 7544
6377 7545
646 7546
28 7547
5377 7548
2441 7549
1164 7550
5646 7551
1241 7552
6664 7553
1245 7554
4849 7555
4509 7556
1301 7557
2273 7558
7222 7559
4848 7560
3547 7561
5227 7562
5805 7563
5583 7564
5738 7565
6369 7566
5319 7567
3519 7568
2036 7569
7162 7570
3404 7571
3644 7572
6171 7573
6207 7574
63 7575
4934 7576
1454 7577
4180 7578
4760 7579
5231 7580
6289 7581
5049 7582
781 7583
2139 7584
4175 7585
7125 7586
4640 7587
5233 7588
5917 7589
1517 7590
4288 7591
3464 7592
1879 7593
2905 7594
1145 7595
2186 7596
2367 7597
3941 7598
4194 7599
5478 7600
2150 7601
3276 7602
838 7603
1238 7604
5349 7605
7521 7606
1187 7607
6596 7608
5830 7609
5466 7610
1556 7611
6312 7612
1906 7613
6146 7614
3030 7615
1369 7616
4351 7617
4739 7618
3742 7619
1596 7620
6379 7621
6589 7622
4114 7623
1673 7624
393 7625
7107 7626
2581 7627
3158 7628
6888 7629
2577 7630
7203 7631
7342 7632
5401 7633
2518 7634
4107 7635
5297 7636
2686 7637
3645 7638
1045 7639
7428 7640
1361 7641
6231 7642
7149 7643
5010 7644
2470 7645
6570 7646
6673 7647
4936 7648
6272 7649
5935 7650
3363 7651
6945 7652
7170 7653
5607 7654
3860 7655
2764 7656
1279 7657
2353 7658
2232 7659
889 7660
7304 7661
7385 7662
5760 7663
7083 7664
6197 7665
452 7666
4808 7667
2458 7668
3051 7669
6736 7670
4650 7671
7439 7672
4967 7673
5875 7674
4679 7675
7429 7676
3645 7677
6512 7678
5478 7679
7415 7680
1446 7681
3734 7682
2743 7683
1237 7684
6138 7685
3636 7686
1015 7687
6256 7688
7112 7689
3112 7690
6706 7691
7396 7692
3882 7693
6395 7694
4986 7695
623 7696
6700 7697
3677 7698
6386 7699
4580 7700
6057 7701
6166 7702
621 7703
5334 7704
5235 7705
6382 7706
1549 7707
119 7708
1202 7709
4530 7710
1009 7711
4916 7712
6612 7713
974 7714
3763 7715
2820 7716
6498 7717
827 7718
2726 7719
2912 7720
3242 7721
2879 7722
7113 7723
5774 7724
4714 7725
1488 7726
4524 7727
3407 7728
2647 7729
4338 7730
6919 7731
1475 7732
3398 7733
6625 7734
1612 7735
3182 7736
5715 7737
834 7738
7073 7739
7620 7740
7247 7741
5492 7742
923 7743
1302 7744
6539 7745
2482 7746
5312 7747
6432 7748
3403 7749
3330 7750
548 7751
1682 7752
6325 7753
7226 7754
4487 7755
5084 7756
2849 7757
5024 7758
2642 7759
6826 7760
6678 7761
2740 7762
5215 7763
7211 7764
540 7765
7188 7766
4573 7767
1864 7768
812 7769
3342 7770
511 7771
2385 7772
1751 7773
6891 7774
6115 7775
4891 7776
4600 7777
3998 7778
6650 7779
6748 7780
6534 7781
5445 7782
389 7783
1538 7784
2114 7785
2342 7786
4107 7787
639 7788
1287 7789
1449 7790
7256 7791
2794 7792
260 7793
936 7794
7643 7795
7453 7796
7284 7797
3909 7798
1148 7799
1263 7800
3872 7801
4020 7802
7599 7803
5013 7804
3943 7805
6506 7806
3956 7807
3014 7808
2393 7809
308 7810
3075 7811
7433 7812
692 7813
558 7814
7779 7815
2017 7816
3021 7817
6522 7818
767 7819
4545 7820
15 7821
446 7822
4336 7823
881 7824
5434 7825
3979 7826
865 7827
1552 7828
954 7829
4867 7830
2589 7831
7570 7832
2978 7833
5058 7834
306 7835
1089 7836
1656 7837
4699 7838
4029 7839
132 7840
5973 7841
4501 7842
7686 7843
7705 7844
1915 7845
1089 7846
5986 7847
4909 7848
6376 7849
119 7850
2866 7851
903 7852
6611 7853
4003 7854
7745 7855
1471 7856
2337 7857
7472 7858
594 7859
1160 7860
1657 7861
4697 7862
5610 7863
5756 7864
4408 7865
4717 7866
4792 7867
6349 7868
802 7869
409 7870
3571 7871
1027 7872
7307 7873
2517 7874
4598 7875
4358 7876
5278 7877
469 7878
7393 7879
2580 7880
3996 7881
302 7882
6807 7883
4940 7884
4576 7885
753 7886
2458 7887
126 7888
1764 7889
5761 7890
4431 7891
2439 7892
2553 7893
6072 7894
1216 7895
6827 7896
7874 7897
6956 7898
2890 7899
6208 7900
1216 7901
468 7902
5552 7903
6462 7904
4905 7905
248 7906
5814 7907
5117 7908
4570 7909
6301 7910
7008 7911
6741 7912
2161 7913
3053 7914
7255 7915
2009 7916
7136 7917
4430 7918
5153 7919
1101 7920
1530 7921
2802 7922
2078 7923
5744 7924
5852 7925
273 7926
6579 7927
5693 7928
3304 7929
3745 7930
6522 7931
1612 7932
718 7933
2659 7934
3372 7935
5255 7936
2849 7937
6752 7938
137 7939
1434 7940
7196 7941
5289 7942
2438 7943
3987 7944
3282 7945
5410 7946
4340 7947
6696 7948
639 7949
2520 7950
7752 7951
3894 7952
5443 7953
1091 7954
4206 7955
2776 7956
4444 7957
3213 7958
1838 7959
7140 7960
3920 7961
2965 7962
317 7963
1252 7964
40 7965
7471 7966
118 7967
6406 7968
246 7969
5734 7970
646 7971
1205 7972
7366 7973
7674 7974
297 7975
368 7976
7560 7977
3418 7978
1978 7979
7433 7980
2497 7981
7525 7982
6187 7983
2753 7984
615 7985
7873 7986
1595 7987
218 7988
2649 7989
5307 7990
1933 7991
4331 7992
6053 7993
5907 7994
6596 7995
5118 7996
4375 7997
2977 7998
2468 7999
4196 8000
5418 8001
5063 8002
1161 8003
94 8004
4209 8005
5774 8006
2636 8007
4196 8008
6269 8009
6345 8010
1050 8011
2553 8012
1957 8013
5484 8014
212 8015
7784 8016
1834 8017
4816 8018
5078 8019
5203 8020
3311 8021
4351 8022
5439 8023
7328 8024
2755 8025
1119 8026
720 8027
1053 8028
7154 8029
3798 8030
1216 8031
425 8032
5687 8033
7556 8034
5996 8035
2627 8036
3482 8037
689 8038
3849 8039
7568 8040
5620 8041
3498 8042
6817 8043
3969 8044
3954 8045
1034 8046
5785 8047
4399 8048
4043 8049
2805 8050
7853 8051
5426 8052
63 8053
3822 8054
6883 8055
3989 8056
2863 8057
899 8058
7881 8059
1021 8060
2519 8061
4047 8062
2869 8063
7048 8064
2233 8065
5218 8066
1870 8067
1595 8068
3884 8069
3365 8070
5622 8071
802 8072
503 8073
7657 8074
3731 8075
5758 8076
7954 8077
2008 8078
1763 8079
5725 8080
5939 8081
3746 8082
2062 8083
2863 8084
6259 8085
4766 8086
6999 8087
2000 8088
4541 8089
1585 8090
7375 8091
7605 8092
5868 8093
8016 8094
3328 8095
386 8096
7740 8097
882 8098
519 8099
855 8100
7747 8101
4232 8102
7275 8103
651 8104
7155 8105
4356 8106
6079 8107
4124 8108
7642 8109
6467 8110
8014 8111
533 8112
5874 8113
7731 8114
2722 8115
8112 8116
6155 8117
7424 8118
2065 8119
1947 8120
4992 8121
3759 8122
2029 8123
681 8124
4311 8125
6668 8126
4959 8127
2263 8128
3627 8129
127 8130
1919 8131
3961 8132
5330 8133
7840 8134
6572 8135
4529 8136
4285 8137
5862 8138
2281 8139
3382 8140
5432 8141
3986 8142
4537 8143
7373 8144
5955 8145
6498 8146
3701 8147
3012 8148
4984 8149
1012 8150
6442 8151
442 8152
2952 8153
6252 8154
746 8155
1786 8156
7391 8157
4002 8158
5314 8159
298 8160
4354 8161
2796 8162
740 8163
4916 8164
6862 8165
4364 8166
4892 8167
8000 8168
6183 8169
5126 8170
1833 8171
2742 8172
1498 8173
8119 8174
1069 8175
6487 8176
1447 8177
4314 8178
5255 8179
2968 8180
5774 8181
5116 8182
6959 8183
6619 8184
6025 8185
4533 8186
4520 8187
4041 8188
2977 8189
163 8190
5208 8191
3661 8192
2605 8193
4311 8194
2835 8195
5477 8196
7758 8197
2808 8198
6876 8199
7864 8200
266 8201
2625 8202
4622 8203
5421 8204
6762 8205
1237 8206
4191 8207
7847 8208
1665 8209
7986 8210
504 8211
607 8212
2904 8213
2423 8214
6857 8215
3923 8216
2411 8217
4905 8218
5677 8219
7404 8220
2764 8221
8024 8222
3696 8223
5345 8224
6139 8225
2123 8226
5249 8227
4384 8228
3212 8229
793 8230
1826 8231
5359 8232
3875 8233
925 8234
7455 8235
4989 8236
3062 8237
2954 8238
4041 8239
4638 8240
5134 8241
249 8242
6865 8243
4201 8244
1851 8245
3052 8246
2216 8247
4359 8248
5460 8249
2368 8250
6657 8251
5782 8252
7761 8253
195 8254
7530 8255
1736 8256
849 8257
8166 8258
8125 8259
280 8260
1946 8261
5733 8262
2821 8263
4319 8264
7395 8265
1591 8266
2279 8267
6040 8268
6452 8269
5154 8270
982 8271
7400 8272
2125 8273
29 8274
5092 8275
5228 8276
1301 8277
5658 8278
3549 8279
6447 8280
5203 8281
1707 8282
4624 8283
7756 8284
5105 8285
278 8286
4921 8287
7251 8288
2 8289
215 8290
2847 8291
8012 8292
6633 8293
3064 8294
6610 8295
4835 8296
2115 8297
1165 8298
2926 8299
1525 8300
3159 8301
4099 8302
2101 8303
5014 8304
4761 8305
6468 8306
7504 8307
1972 8308
32 8309
5293 8310
4593 8311
4803 8312
6873 8313
3796 8314
2983 8315
1771 8316
4347 8317
1871 8318
5804 8319
4952 8320
653 8321
6162 8322
6023 8323
2043 8324
2178 8325
7899 8326
503 8327
7110 8328
6189 8329
3453 8330
6363 8331
6315 8332
1347 8333
1180 8334
3200 8335
3395 8336
6234 8337
7285 8338
4654 8339
6945 8340
4135 8341
3460 8342
7604 8343
46 8344
5375 8345
7984 8346
2505 8347
6471 8348
6761 8349
7675 8350
3564 8351
8285 8352
1589 8353
2823 8354
585 8355
7078 8356
5714 8357
1606 8358
801 8359
1831 8360
3222 8361
1863 8362
3285 8363
5452 8364
7550 8365
7178 8366
1096 8367
502 8368
525 8369
6526 8370
2254 8371
7020 8372
485 8373
5350 8374
92 8375
4299 8376
5822 8377
3880 8378
4719 8379
4026 8380
7337 8381
1864 8382
882 8383
7657 8384
5598 8385
8384 8386
3850 8387
6972 8388
213 8389
291 8390
3591 8391
944 8392
1365 8393
4964 8394
6552 8395
93 8396
2991 8397
1714 8398
7769 8399
5966 8400
8075 8401
7581 8402
6666 8403
7203 8404
6397 8405
6995 8406
6874 8407
1518 8408
1862 8409
2905 8410
4667 8411
6134 8412
3684 8413
4129 8414
5932 8415
98 8416
654 8417
6874 8418
38 8419
1750 8420
2212 8421
3309 8422
7692 8423
2670 8424
5087 8425
557 8426
5374 8427
6827 8428
4299 8429
4347 8430
7950 8431
7347 8432
6212 8433
4275 8434
7998 8435
6938 8436
5271 8437
7356 8438
5925 8439
2332 8440
8261 8441
240 8442
639 8443
909 8444
5984 8445
6762 8446
3263 8447
8440 8448
4773 8449
6569 8450
1958 8451
4616 8452
4043 8453
4014 8454
6232 8455
812 8456
3636 8457
2076 8458
2588 8459
1252 8460
1294 8461
4867 8462
6188 8463
3522 8464
1197 8465
1612 8466
5886 8467
8278 8468
2490 8469
4761 8470
5114 8471
7334 8472
1128 8473
6980 8474
268 8475
5945 8476
2623 8477
4697 8478
5495 8479
2496 8480
1299 8481
7519 8482
7416 8483
1787 8484
4551 8485
1830 8486
1201 8487
1759 8488
6838 8489
1457 8490
2022 8491
5949 8492
1631 8493
6929 8494
8109 8495
8492 8496
6906 8497
1941 8498
3783 8499
6362 8500
3114 8501
4254 8502
7168 8503
1172 8504
4308 8505
6695 8506
1596 8507
3279 8508
2133 8509
8391 8510
5902 8511
6789 8512
2116 8513
1533 8514
6946 8515
6236 8516
1562 8517
7236 8518
5880 8519
396 8520
2789 8521
171 8522
2073 8523
5299 8524
6258 8525
8408 8526
8284 8527
2745 8528
3732 8529
5105 8530
3915 8531
715 8532
386 8533
2847 8534
7980 8535
5499 8536
7733 8537
5439 8538
5360 8539
3718 8540
7289 8541
256 8542
4731 8543
6697 8544
4432 8545
4447 8546
7979 8547
2555 8548
7904 8549
91 8550
4999 8551
4861 8552
7453 8553
3103 8554
1347 8555
8461 8556
2951 8557
1865 8558
5262 8559
3628 8560
1609 8561
7544 8562
1323 8563
64 8564
5851 8565
7466 8566
8178 8567
6292 8568
1826 8569
4104 8570
4621 8571
4250 8572
5345 8573
2304 8574
4558 8575
105 8576
6487 8577
8359 8578
4012 8579
6237 8580
1048 8581
8191 8582
7859 8583
1576 8584
2303 8585
8187 8586
8022 8587
4652 8588
2901 8589
3426 8590
6905 8591
8200 8592
249 8593
198 8594
8338 8595
5465 8596
7384 8597
1801 8598
3777 8599
2426 8600
2594 8601
4098 8602
7498 8603
1301 8604
3236 8605
3171 8606
2273 8607
3937 8608
4963 8609
7844 8610
6836 8611
4643 8612
3632 8613
5820 8614
6617 8615
8302 8616
2368 8617
7756 8618
2695 8619
8260 8620
7827 8621
7558 8622
4044 8623
910 8624
8266 8625
7667 8626
3109 8627
7446 8628
1633 8629
3486 8630
1630 8631
4770 8632
5477 8633
7178 8634
3723 8635
8393 8636
5577 8637
8418 8638
2072 8639
1027 8640
7708 8641
824 8642
5003 8643
8526 8644
2543 8645
3505 8646
6846 8647
179 8648
7725 8649
5460 8650
7762 8651
938 8652
2768 8653
4171 8654
4528 8655
3080 8656
7199 8657
2931 8658
5431 8659
5775 8660
2363 8661
2668 8662
4889 8663
4158 8664
6091 8665
7861 8666
2431 8667
6620 8668
6026 8669
1779 8670
5746 8671
834 8672
3968 8673
7960 8674
2012 8675
818 8676
7658 8677
2459 8678
7719 8679
2246 8680
4951 8681
6205 8682
1785 8683
202 8684
3849 8685
3175 8686
4294 8687
2340 8688
1605 8689
2024 8690
1879 8691
742 8692
2851 8693
36 8694
933 8695
6022 8696
4847 8697
8541 8698
2463 8699
1568 8700
679 8701
4731 8702
8349 8703
7561 8704
3201 8705
3515 8706
3225 8707
417 8708
4981 8709
4044 8710
8522 8711
2316 8712
3251 8713
7738 8714
7532 8715
1157 8716
3711 8717
1047 8718
3245 8719
3153 8720
8136 8721
1434 8722
2961 8723
2084 8724
7616 8725
5873 8726
1915 8727
6202 8728
811 8729
4759 8730
187 8731
1646 8732
2680 8733
312 8734
8239 8735
4898 8736
7938 8737
7099 8738
3630 8739
2790 8740
2461 8741
2072 8742
4964 8743
4207 8744
3430 8745
2414 8746
6746 8747
1376 8748
7949 8749
7262 8750
3621 8751
6770 8752
8669 8753
6374 8754
1446 8755
4927 8756
8666 8757
83 8758
402 8759
831 8760
6675 8761
26 8762
3202 8763
4890 8764
5273 8765
8151 8766
1706 8767
3890 8768
196 8769
8593 8770
5340 8771
5041 8772
6790 8773
7466 8774
4722 8775
8407 8776
1091 8777
7194 8778
2609 8779
4338 8780
520 8781
380 8782
8106 8783
7839 8784
434 8785
1071 8786
7729 8787
4653 8788
2680 8789
1125 8790
4750 8791
8268 8792
934 8793
3250 8794
937 8795
6905 8796
3835 8797
5505 8798
8335 8799
7086 8800
2659 8801
7320 8802
5778 8803
740 8804
6105 8805
7933 8806
3365 8807
7582 8808
1221 8809
5698 8810
2548 8811
8108 8812
2291 8813
5657 8814
2069 8815
7444 8816
7874 8817
979 8818
2944 8819
8704 8820
7609 8821
1114 8822
1337 8823
2810 8824
6951 8825
3016 8826
2388 8827
2956 8828
5417 8829
4466 8830
5194 8831
7197 8832
6365 8833
172 8834
166 8835
1663 8836
6968 8837
967 8838
2068 8839
1680 8840
2621 8841
4671 8842
5805 8843
6638 8844
4123 8845
8214 8846
2444 8847
8688 8848
1458 8849
4310 8850
2818 8851
4108 8852
8237 8853
990 8854
860 8855
4247 8856
8305 8857
4999 8858
3049 8859
5264 8860
1382 8861
2875 8862
4399 8863
6671 8864
378 8865
1280 8866
2057 8867
4309 8868
4194 8869
157 8870
7614 8871
8085 8872
4454 8873
1359 8874
1384 8875
6963 8876
8479 8877
7672 8878
1340 8879
965 8880
2224 8881
2381 8882
6729 8883
1519 8884
5696 8885
4425 8886
5281 8887
721 8888
6077 8889
6367 8890
4832 8891
3944 8892
1057 8893
1323 8894
5598 8895
8070 8896
5898 8897
8036 8898
2898 8899
8673 8900
2764 8901
7865 8902
8416 8903
3801 8904
5380 8905
287 8906
5327 8907
4826 8908
314 8909
6522 8910
2352 8911
3113 8912
718 8913
2658 8914
4012 8915
100 8916
6036 8917
5816 8918
1323 8919
3798 8920
6332 8921
4596 8922
7320 8923
6163 8924
4382 8925
5605 8926
3759 8927
4783 8928
2265 8929
82 8930
7908 8931
5559 8932
8735 8933
7779 8934
558 8935
2307 8936
2574 8937
6795 8938
3232 8939
2166 8940
7844 8941
6411 8942
3627 8943
7660 8944
7826 8945
3417 8946
3458 8947
1808 8948
1118 8949
5007 8950
6958 8951
7895 8952
2478 8953
840 8954
2085 8955
5765 8956
2126 8957
6427 8958
6827 8959
8127 8960
655 8961
4149 8962
1329 8963
2638 8964
605 8965
7923 8966
2031 8967
4197 8968
7697 8969
7375 8970
3252 8971
3483 8972
4321 8973
1381 8974
1332 8975
6107 8976
3528 8977
1779 8978
828 8979
8138 8980
418 8981
7893 8982
3106 8983
2540 8984
6122 8985
5915 8986
6000 8987
2524 8988
8503 8989
4592 8990
8462 8991
5790 8992
764 8993
597 8994
1678 8995
6092 8996
8731 8997
2752 8998
117 8999
842 9000
4920 9001
3522 9002
8024 9003
7407 9004
4960 9005
6558 9006
8203 9007
160 9008
7334 9009
782 9010
8477 9011
3312 9012
363 9013
4128 9014
6078 9015
1565 9016
7279 9017
1615 9018
8530 9019
3739 9020
1911 9021
7045 9022
7059 9023
8399 9024
7243 9025
6239 9026
2512 9027
4550 9028
8627 9029
6531 9030
1886 9031
2516 9032
6857 9033
4982 9034
3318 9035
5116 9036
514 9037
1963 9038
4107 9039
1782 9040
5085 9041
305 9042
4324 9043
7321 9044
7760 9045
6593 9046
1309 9047
7545 9048
1552 9049
1804 9050
3928 9051
5488 9052
1125 9053
4586 9054
638 9055
8322 9056
1262 9057
6379 9058
2405 9059
7578 9060
2168 9061
9028 9062
3114 9063
5678 9064
4826 9065
4626 9066
8620 9067
1957 9068
5020 9069
9047 9070
1207 9071
4125 9072
3165 9073
5584 9074
5934 9075
5427 9076
1594 9077
7135 9078
9062 9079
1930 9080
5836 9081
451 9082
6462 9083
387 9084
2402 9085
8089 9086
115 9087
1431 9088
2379 9089
5014 9090
3073 9091
1675 9092
1418 9093
1572 9094
2198 9095
2751 9096
6896 9097
2593 9098
3651 9099
7197 9100
6348 9101
7003 9102
6130 9103
6663 9104
3341 9105
3923 9106
2986 9107
858 9108
7310 9109
262 9110
7708 9111
5208 9112
8177 9113
1537 9114
1755 9115
616 9116
7378 9117
1398 9118
2131 9119
5028 9120
2557 9121
647 9122
272 9123
5162 9124
856 9125
788 9126
3111 9127
7017 9128
8547 9129
5782 9130
3252 9131
9128 9132
4754 9133
1669 9134
2231 9135
4362 9136
3466 9137
3422 9138
7744 9139
1074 9140
2305 9141
3191 9142
3874 9143
4136 9144
3837 9145
1873 9146
613 9147
598 9148
4753 9149
461 9150
2440 9151
7158 9152
1379 9153
8768 9154
2380 9155
2687 9156
5700 9157
7030 9158
5507 9159
4559 9160
6133 9161
4328 9162
4274 9163
6841 9164
5126 9165
1713 9166
6819 9167
4674 9168
6493 9169
5528 9170
5629 9171
4214 9172
4564 9173
7401 9174
3381 9175
2003 9176
539 9177
8178 9178
352 9179
3668 9180
3007 9181
5524 9182
4176 9183
4116 9184
5894 9185
4694 9186
6479 9187
6080 9188
3273 9189
4787 9190
1654 9191
1684 9192
1857 9193
2503 9194
5956 9195
4348 9196
3277 9197
3274 9198
3395 9199
3502 9200
5379 9201
5132 9202
744 9203
5033 9204
1624 9205
5007 9206
708 9207
5361 9208
7554 9209
4717 9210
5193 9211
2482 9212
6522 9213
5731 9214
4289 9215
3363 9216
5502 9217
6905 9218
1868 9219
7119 9220
6217 9221
4016 9222
7444 9223
2811 9224
3097 9225
7401 9226
7797 9227
6855 9228
182 9229
2863 9230
4306 9231
6066 9232
7826 9233
3564 9234
1491 9235
2361 9236
7927 9237
148 9238
4986 9239
4893 9240
8732 9241
787 9242
5531 9243
6255 9244
2405 9245
6865 9246
4188 9247
316 9248
5522 9249
3268 9250
8553 9251
2833 9252
2196 9253
8856 9254
7292 9255
3081 9256
4025 9257
873 9258
5338 9259
9051 9260
1971 9261
3710 9262
985 9263
6825 9264
4176 9265
8591 9266
4561 9267
3452 9268
2759 9269
8565 9270
639 9271
3951 9272
1716 9273
156 9274
4337 9275
9112 9276
8812 9277
4430 9278
4791 9279
2519 9280
4810 9281
1678 9282
6088 9283
2820 9284
7095 9285
4076 9286
7626 9287
1097 9288
5989 9289
5309 9290
7379 9291
100 9292
2172 9293
4340 9294
529 9295
6772 9296
4056 9297
987 9298
1011 9299
1270 9300
6006 9301
5013 9302
3081 9303
3069 9304
3797 9305
4851 9306
4992 9307
2477 9308
4670 9309
197 9310
74 9311
4453 9312
467 9313
5568 9314
8975 9315
6995 9316
1253 9317
2272 9318
3193 9319
7937 9320
5740 9321
4691 9322
4144 9323
8807 9324
4440 9325
8570 9326
30 9327
4020 9328
384 9329
8070 9330
1679 9331
8262 9332
5382 9333
325 9334
6756 9335
2020 9336
6832 9337
1821 9338
5124 9339
1718 9340
6837 9341
5308 9342
8197 9343
6035 9344
6854 9345
2365 9346
6416 9347
3380 9348
783 9349
4704 9350
5944 9351
6747 9352
8933 9353
8005 9354
2072 9355
1426 9356
1783 9357
7914 9358
7089 9359
4317 9360
3017 9361
1868 9362
1029 9363
4619 9364
3480 9365
8969 9366
4235 9367
8743 9368
9158 9369
2169 9370
4775 9371
5748 9372
206 9373
7239 9374
2336 9375
1664 9376
3601 9377
8716 9378
5685 9379
3349 9380
877 9381
6432 9382
5160 9383
4638 9384
6935 9385
4396 9386
9378 9387
4344 9388
9333 9389
4276 9390
5760 9391
9228 9392
8930 9393
3436 9394
7171 9395
7598 9396
629 9397
424 9398
6074 9399
6696 9400
5302 9401
5682 9402
8533 9403
7605 9404
3286 9405
812 9406
3259 9407
392 9408
7189 9409
5986 9410
1230 9411
4498 9412
3012 9413
5530 9414
7727 9415
6032 9416
7787 9417
7193 9418
1856 9419
1339 9420
3762 9421
4478 9422
8018 9423
1469 9424
7027 9425
6728 9426
7079 9427
8801 9428
5553 9429
778 9430
3090 9431
7778 9432
3904 9433
6189 9434
366 9435
9226 9436
3922 9437
7635 9438
3149 9439
2257 9440
427 9441
7605 9442
9387 9443
2891 9444
1020 9445
1330 9446
810 9447
406 9448
1717 9449
1119 9450
2340 9451
5673 9452
6706 9453
2098 9454
9103 9455
7896 9456
7099 9457
3726 9458
7961 9459
7464 9460
1334 9461
9346 9462
3394 9463
4234 9464
5598 9465
2090 9466
2224 9467
9427 9468
2417 9469
6749 9470
7878 9471
4554 9472
1704 9473
5487 9474
8507 9475
76 9476
4709 9477
6521 9478
2376 9479
2913 9480
3976 9481
2380 9482
6309 9483
630 9484
6926 9485
4138 9486
7728 9487
5338 9488
1923 9489
502 9490
5461 9491
7788 9492
5744 9493
2790 9494
7294 9495
3762 9496
6462 9497
4304 9498
1325 9499
6151 9500
3537 9501
7054 9502
8591 9503
9397 9504
5923 9505
1936 9506
8617 9507
5383 9508
1178 9509
7741 9510
6038 9511
5474 9512
8070 9513
3396 9514
6389 9515
1602 9516
8702 9517
5609 9518
4797 9519
6902 9520
3867 9521
2574 9522
731 9523
245 9524
1789 9525
7196 9526
3857 9527
7333 9528
6045 9529
5811 9530
2630 9531
8710 9532
6144 9533
5878 9534
8776 9535
7822 9536
2015 9537
3375 9538
5982 9539
3320 9540
1129 9541
1300 9542
8482 9543
2973 9544
332 9545
3913 9546
50 9547
5125 9548
7324 9549
8774 9550
7940 9551
9543 9552
6780 9553
8075 9554
2094 9555
4998 9556
73 9557
6860 9558
6373 9559
3517 9560
6548 9561
4114 9562
4336 9563
9074 9564
6243 9565
1305 9566
8068 9567
4957 9568
3625 9569
8073 9570
374 9571
3202 9572
8919 9573
2915 9574
2495 9575
6564 9576
6331 9577
8600 9578
1370 9579
573 9580
4859 9581
499 9582
3518 9583
8366 9584
7452 9585
9582 9586
7821 9587
3439 9588
323 9589
6407 9590
9357 9591
5572 9592
5345 9593
4466 9594
7777 9595
3240 9596
4965 9597
6048 9598
9358 9599
5539 9600
1632 9601
565 9602
8909 9603
8367 9604
8750 9605
6054 9606
7510 9607
3889 9608
9096 9609
3014 9610
6173 9611
4569 9612
8182 9613
6037 9614
3393 9615
5658 9616
5897 9617
4913 9618
1666 9619
1316 9620
5201 9621
4238 9622
7512 9623
1843 9624
6832 9625
4778 9626
9521 9627
6843 9628
5030 9629
8595 9630
7396 9631
2691 9632
9502 9633
4247 9634
8052 9635
9398 9636
7906 9637
1403 9638
5814 9639
5088 9640
5905 9641
9317 9642
6384 9643
2369 9644
3694 9645
9410 9646
5877 9647
7599 9648
4907 9649
4598 9650
3026 9651
3984 9652
873 9653
2010 9654
6600 9655
4239 9656
1788 9657
4291 9658
4139 9659
6317 9660
8563 9661
1630 9662
5088 9663
5779 9664
2040 9665
4008 9666
625 9667
4270 9668
296 9669
6929 9670
7601 9671
4256 9672
1337 9673
9641 9674
8429 9675
2406 9676
1899 9677
1102 9678
4194 9679
1322 9680
4128 9681
3387 9682
8141 9683
1483 9684
9139 9685
7473 9686
1958 9687
4131 9688
8610 9689
8690 9690
4503 9691
4974 9692
1622 9693
7505 9694
970 9695
3364 9696
4299 9697
3147 9698
5612 9699
7439 9700
9694 9701
9530 9702
8824 9703
3871 9704
959 9705
5108 9706
2932 9707
8261 9708
9616 9709
6332 9710
716 9711
587 9712
7329 9713
9043 9714
1987 9715
5105 9716
4885 9717
3611 9718
5510 9719
9515 9720
5947 9721
1044 9722
2803 9723
2247 9724
3428 9725
6056 9726
8868 9727
2697 9728
9441 9729
8698 9730
5202 9731
5153 9732
8143 9733
1650 9734
1163 9735
9085 9736
1919 9737
1218 9738
7651 9739
8233 9740
9052 9741
4458 9742
8964 9743
4955 9744
7439 9745
5064 9746
5328 9747
2714 9748
4017 9749
8219 9750
4455 9751
1648 9752
3366 9753
7464 9754
6596 9755
6821 9756
8739 9757
3562 9758
2911 9759
8946 9760
2366 9761
7743 9762
6411 9763
8371 9764
1008 9765
5608 9766
7606 9767
5301 9768
8445 9769
8932 9770
4639 9771
5448 9772
6798 9773
1113 9774
985 9775
2015 9776
3243 9777
5990 9778
4460 9779
4654 9780
976 9781
6925 9782
8836 9783
2574 9784
6920 9785
4820 9786
3653 9787
4558 9788
6005 9789
3630 9790
7390 9791
6151 9792
5893 9793
7618 9794
9744 9795
1951 9796
9265 9797
4939 9798
710 9799
8199 9800
8616 9801
6440 9802
7190 9803
7475 9804
4756 9805
3394 9806
6753 9807
7263 9808
3182 9809
6028 9810
6196 9811
9446 9812
4344 9813
773 9814
6461 9815
9491 9816
6078 9817
7187 9818
133 9819
6650 9820
3490 9821
2743 9822
3490 9823
7575 9824
3027 9825
343 9826
8639 9827
7460 9828
704 9829
3983 9830
9540 9831
7159 9832
7216 9833
2498 9834
5833 9835
1881 9836
4489 9837
405 9838
4844 9839
7481 9840
6456 9841
2816 9842
8261 9843
2837 9844
4494 9845
3822 9846
8284 9847
7436 9848
4913 9849
5990 9850
8199 9851
4913 9852
4197 9853
4870 9854
5141 9855
1446 9856
9240 9857
6941 9858
4248 9859
672 9860
383 9861
9252 9862
6404 9863
3226 9864
9845 9865
6100 9866
7220 9867
1901 9868
1701 9869
9352 9870
962 9871
1699 9872
5356 9873
1266 9874
7185 9875
5055 9876
9762 9877
9270 9878
3241 9879
3622 9880
8944 9881
3622 9882
5765 9883
5752 9884
6415 9885
5038 9886
8371 9887
6062 9888
5810 9889
3352 9890
5943 9891
275 9892
679 9893
7894 9894
8923 9895
676 9896
2012 9897
1245 9898
3629 9899
8680 9900
3138 9901
9246 9902
7475 9903
9459 9904
200 9905
3081 9906
3346 9907
1869 9908
4561 9909
5707 9910
2249 9911
1999 9912
4385 9913
9534 9914
3691 9915
4285 9916
9032 9917
2937 9918
2211 9919
5354 9920
5796 9921
1143 9922
7808 9923
6807 9924
2970 9925
7817 9926
9683 9927
7840 9928
8636 9929
9262 9930
7571 9931
5011 9932
3557 9933
3406 9934
6169 9935
6851 9936
3645 9937
3026 9938
5495 9939
3395 9940
7340 9941
3460 9942
1865 9943
6456 9944
9102 9945
6316 9946
3326 9947
5715 9948
3508 9949
9088 9950
9714 9951
9711 9952
8408 9953
6895 9954
8989 9955
6787 9956
7528 9957
9701 9958
9945 9959
3565 9960
3377 9961
8250 9962
9356 9963
7249 9964
1751 9965
126 9966
1026 9967
7744 9968
9454 9969
3590 9970
4198 9971
4269 9972
1382 9973
8884 9974
2753 9975
423 9976
1419 9977
4605 9978
8261 9979
6409 9980
3078 9981
6806 9982
7745 9983
3018 9984
4570 9985
3700 9986
8019 9987
9857 9988
3847 9989
6984 9990
6813 9991
7780 9992
8048 9993
9389 9994
4849 9995
807 9996
6849 9997
5370 9998
1984 9999
5439 10000
