1 2
2 3
2 4
3 5
5 6
6 7
6 8
1 9
1 10
5 11
9 12
3 13
5 14
11 15
6 16
2 17
7 18
2 19
7 20
16 21
15 22
21 23
1 24
20 25
9 26
6 27
10 28
12 29
22 30
7 31
3 32
17 33
14 34
24 35
4 36
22 37
28 38
2 39
30 40
6 41
7 42
16 43
37 44
17 45
43 46
33 47
33 48
8 49
16 50
9 51
5 52
23 53
37 54
9 55
4 56
49 57
33 58
25 59
45 60
33 61
14 62
43 63
53 64
13 65
7 66
22 67
60 68
25 69
47 70
52 71
35 72
16 73
61 74
6 75
34 76
1 77
65 78
72 79
51 80
71 81
68 82
14 83
9 84
9 85
9 86
71 87
22 88
57 89
17 90
86 91
2 92
34 93
22 94
62 95
45 96
32 97
77 98
97 99
4 100
23 101
7 102
45 103
59 104
84 105
46 106
3 107
24 108
47 109
6 110
12 111
106 112
22 113
67 114
69 115
71 116
111 117
69 118
7 119
5 120
35 121
34 122
45 123
72 124
55 125
104 126
116 127
3 128
119 129
45 130
91 131
117 132
82 133
51 134
56 135
85 136
134 137
128 138
54 139
69 140
83 141
40 142
39 143
95 144
112 145
79 146
138 147
133 148
38 149
36 150
82 151
123 152
111 153
146 154
66 155
77 156
130 157
32 158
77 159
60 160
10 161
33 162
55 163
31 164
30 165
121 166
1 167
22 168
115 169
112 170
144 171
111 172
101 173
28 174
162 175
98 176
31 177
114 178
43 179
87 180
31 181
51 182
124 183
62 184
129 185
86 186
158 187
67 188
117 189
152 190
189 191
34 192
119 193
82 194
156 195
73 196
178 197
27 198
53 199
116 200
97 201
170 202
136 203
42 204
86 205
74 206
35 207
11 208
81 209
123 210
92 211
209 212
65 213
74 214
146 215
196 216
101 217
123 218
85 219
138 220
175 221
37 222
179 223
92 224
212 225
82 226
173 227
9 228
88 229
205 230
70 231
181 232
124 233
196 234
142 235
172 236
127 237
213 238
37 239
143 240
161 241
53 242
82 243
35 244
132 245
98 246
179 247
113 248
174 249
180 250
201 251
23 252
92 253
145 254
154 255
7 256
208 257
42 258
137 259
118 260
233 261
139 262
206 263
75 264
100 265
189 266
178 267
34 268
118 269
119 270
258 271
57 272
186 273
146 274
163 275
126 276
108 277
243 278
97 279
62 280
259 281
281 282
125 283
154 284
1 285
195 286
6 287
234 288
73 289
14 290
187 291
144 292
205 293
248 294
236 295
246 296
154 297
37 298
247 299
28 300
235 301
275 302
258 303
225 304
127 305
115 306
173 307
55 308
123 309
2 310
154 311
237 312
268 313
58 314
195 315
238 316
250 317
174 318
155 319
139 320
127 321
84 322
220 323
185 324
175 325
123 326
103 327
210 328
274 329
283 330
246 331
88 332
10 333
238 334
210 335
305 336
187 337
217 338
135 339
286 340
108 341
24 342
20 343
71 344
45 345
149 346
238 347
44 348
307 349
131 350
79 351
199 352
209 353
237 354
296 355
262 356
43 357
354 358
116 359
104 360
201 361
201 362
120 363
336 364
333 365
345 366
360 367
272 368
315 369
301 370
70 371
93 372
21 373
52 374
133 375
2 376
229 377
366 378
57 379
333 380
185 381
78 382
23 383
327 384
195 385
293 386
107 387
151 388
64 389
89 390
329 391
85 392
39 393
60 394
252 395
362 396
370 397
363 398
220 399
46 400
152 401
101 402
311 403
268 404
238 405
267 406
114 407
127 408
240 409
147 410
72 411
362 412
337 413
285 414
46 415
403 416
338 417
401 418
56 419
62 420
307 421
335 422
114 423
172 424
222 425
174 426
334 427
91 428
404 429
241 430
176 431
37 432
377 433
64 434
225 435
305 436
351 437
278 438
371 439
125 440
196 441
246 442
279 443
331 444
176 445
214 446
222 447
242 448
127 449
8 450
72 451
133 452
1 453
112 454
52 455
428 456
276 457
232 458
23 459
401 460
297 461
79 462
81 463
445 464
326 465
335 466
411 467
449 468
334 469
338 470
16 471
391 472
430 473
343 474
47 475
426 476
89 477
371 478
376 479
106 480
288 481
38 482
300 483
9 484
176 485
334 486
381 487
335 488
209 489
249 490
484 491
204 492
124 493
208 494
238 495
415 496
335 497
8 498
355 499
353 500
306 501
342 502
461 503
278 504
86 505
106 506
59 507
367 508
40 509
337 510
40 511
188 512
282 513
30 514
215 515
50 516
245 517
339 518
24 519
15 520
434 521
211 522
65 523
196 524
233 525
93 526
459 527
208 528
483 529
373 530
139 531
2 532
109 533
402 534
515 535
469 536
441 537
221 538
7 539
486 540
116 541
248 542
514 543
332 544
38 545
430 546
148 547
112 548
442 549
489 550
148 551
408 552
138 553
390 554
60 555
403 556
314 557
3 558
31 559
154 560
351 561
401 562
204 563
359 564
154 565
488 566
70 567
24 568
157 569
302 570
273 571
108 572
20 573
354 574
274 575
336 576
60 577
457 578
166 579
135 580
401 581
169 582
417 583
65 584
185 585
525 586
456 587
161 588
229 589
503 590
574 591
133 592
312 593
28 594
581 595
319 596
92 597
251 598
324 599
337 600
322 601
179 602
8 603
209 604
477 605
321 606
489 607
21 608
161 609
108 610
504 611
364 612
502 613
543 614
126 615
56 616
292 617
437 618
383 619
502 620
109 621
418 622
203 623
446 624
245 625
252 626
513 627
135 628
610 629
422 630
177 631
235 632
448 633
539 634
73 635
104 636
357 637
467 638
561 639
427 640
562 641
573 642
108 643
312 644
68 645
433 646
268 647
109 648
44 649
23 650
525 651
493 652
389 653
38 654
4 655
483 656
401 657
220 658
370 659
147 660
478 661
57 662
371 663
425 664
624 665
41 666
354 667
425 668
513 669
495 670
665 671
349 672
138 673
503 674
17 675
141 676
5 677
53 678
99 679
400 680
498 681
62 682
87 683
96 684
155 685
196 686
73 687
387 688
89 689
339 690
198 691
243 692
344 693
356 694
1 695
487 696
157 697
488 698
100 699
520 700
170 701
521 702
352 703
668 704
162 705
89 706
156 707
173 708
580 709
598 710
652 711
124 712
285 713
90 714
390 715
325 716
679 717
529 718
521 719
195 720
213 721
131 722
217 723
377 724
523 725
75 726
653 727
373 728
620 729
5 730
396 731
111 732
519 733
502 734
513 735
138 736
279 737
467 738
544 739
229 740
529 741
164 742
446 743
30 744
340 745
686 746
499 747
213 748
415 749
538 750
207 751
221 752
644 753
317 754
525 755
443 756
740 757
568 758
74 759
669 760
756 761
415 762
402 763
59 764
652 765
343 766
376 767
10 768
190 769
208 770
738 771
225 772
294 773
113 774
10 775
598 776
219 777
641 778
401 779
146 780
16 781
486 782
528 783
575 784
307 785
270 786
603 787
237 788
494 789
658 790
529 791
268 792
193 793
198 794
147 795
568 796
336 797
223 798
188 799
369 800
706 801
384 802
451 803
452 804
345 805
405 806
553 807
316 808
150 809
511 810
742 811
122 812
272 813
804 814
574 815
251 816
365 817
390 818
244 819
200 820
679 821
76 822
407 823
716 824
628 825
788 826
190 827
163 828
91 829
474 830
448 831
188 832
58 833
724 834
240 835
761 836
554 837
331 838
708 839
5 840
341 841
818 842
496 843
359 844
672 845
410 846
835 847
368 848
647 849
658 850
405 851
464 852
77 853
274 854
164 855
381 856
191 857
105 858
170 859
489 860
552 861
388 862
24 863
513 864
482 865
46 866
116 867
658 868
379 869
138 870
610 871
649 872
159 873
80 874
474 875
687 876
163 877
590 878
193 879
545 880
804 881
579 882
862 883
709 884
392 885
470 886
862 887
73 888
298 889
347 890
661 891
754 892
729 893
78 894
232 895
164 896
246 897
437 898
703 899
826 900
826 901
810 902
894 903
898 904
463 905
126 906
886 907
196 908
902 909
567 910
50 911
114 912
662 913
340 914
383 915
510 916
526 917
151 918
237 919
65 920
637 921
853 922
898 923
587 924
493 925
382 926
254 927
892 928
135 929
736 930
361 931
67 932
456 933
157 934
597 935
328 936
143 937
633 938
193 939
741 940
584 941
582 942
715 943
276 944
735 945
791 946
688 947
217 948
892 949
740 950
490 951
57 952
218 953
803 954
396 955
395 956
309 957
159 958
660 959
461 960
794 961
445 962
511 963
495 964
936 965
700 966
948 967
259 968
819 969
643 970
264 971
827 972
468 973
549 974
218 975
288 976
25 977
416 978
309 979
203 980
838 981
115 982
813 983
955 984
318 985
684 986
871 987
600 988
58 989
189 990
185 991
503 992
760 993
456 994
130 995
833 996
796 997
786 998
329 999
249 1000
969 1001
38 1002
382 1003
697 1004
55 1005
196 1006
648 1007
942 1008
596 1009
1002 1010
862 1011
503 1012
834 1013
483 1014
874 1015
565 1016
433 1017
952 1018
338 1019
101 1020
1 1021
413 1022
828 1023
487 1024
371 1025
24 1026
888 1027
500 1028
610 1029
958 1030
370 1031
134 1032
566 1033
628 1034
317 1035
977 1036
325 1037
180 1038
742 1039
575 1040
921 1041
451 1042
507 1043
996 1044
547 1045
428 1046
358 1047
121 1048
606 1049
1025 1050
35 1051
511 1052
297 1053
793 1054
704 1055
813 1056
927 1057
121 1058
945 1059
590 1060
17 1061
59 1062
880 1063
1010 1064
1044 1065
460 1066
617 1067
548 1068
686 1069
795 1070
627 1071
1061 1072
148 1073
784 1074
613 1075
696 1076
330 1077
291 1078
1001 1079
230 1080
653 1081
1008 1082
1055 1083
536 1084
24 1085
56 1086
1027 1087
448 1088
425 1089
283 1090
567 1091
1008 1092
490 1093
227 1094
1055 1095
199 1096
562 1097
265 1098
313 1099
1067 1100
67 1101
405 1102
345 1103
328 1104
15 1105
584 1106
9 1107
228 1108
865 1109
584 1110
400 1111
772 1112
687 1113
665 1114
1101 1115
1075 1116
1070 1117
430 1118
95 1119
671 1120
987 1121
518 1122
561 1123
73 1124
891 1125
143 1126
434 1127
519 1128
531 1129
381 1130
553 1131
32 1132
1091 1133
980 1134
124 1135
1020 1136
1063 1137
660 1138
561 1139
317 1140
311 1141
930 1142
931 1143
492 1144
409 1145
1018 1146
351 1147
138 1148
1070 1149
126 1150
690 1151
769 1152
363 1153
78 1154
938 1155
940 1156
839 1157
196 1158
943 1159
24 1160
726 1161
1081 1162
462 1163
144 1164
712 1165
88 1166
5 1167
687 1168
752 1169
186 1170
1008 1171
944 1172
371 1173
310 1174
414 1175
585 1176
501 1177
618 1178
472 1179
432 1180
68 1181
760 1182
102 1183
72 1184
118 1185
68 1186
136 1187
483 1188
51 1189
896 1190
242 1191
938 1192
730 1193
787 1194
660 1195
525 1196
975 1197
307 1198
826 1199
913 1200
940 1201
974 1202
676 1203
32 1204
476 1205
223 1206
459 1207
701 1208
72 1209
585 1210
88 1211
352 1212
888 1213
623 1214
878 1215
790 1216
669 1217
1209 1218
500 1219
88 1220
1140 1221
529 1222
189 1223
26 1224
140 1225
451 1226
256 1227
71 1228
312 1229
242 1230
853 1231
936 1232
590 1233
670 1234
1194 1235
638 1236
865 1237
123 1238
914 1239
319 1240
1201 1241
177 1242
202 1243
1228 1244
1204 1245
436 1246
954 1247
735 1248
1093 1249
420 1250
16 1251
386 1252
1027 1253
355 1254
136 1255
170 1256
543 1257
823 1258
1089 1259
178 1260
157 1261
1228 1262
634 1263
1017 1264
1091 1265
661 1266
909 1267
1088 1268
87 1269
754 1270
880 1271
1183 1272
265 1273
367 1274
1010 1275
829 1276
827 1277
231 1278
672 1279
635 1280
441 1281
815 1282
76 1283
209 1284
400 1285
761 1286
957 1287
742 1288
898 1289
880 1290
1127 1291
689 1292
955 1293
12 1294
556 1295
1160 1296
1287 1297
835 1298
87 1299
1001 1300
787 1301
217 1302
1 1303
1105 1304
960 1305
418 1306
754 1307
1125 1308
405 1309
894 1310
330 1311
1174 1312
1064 1313
360 1314
1095 1315
707 1316
182 1317
623 1318
420 1319
1278 1320
697 1321
738 1322
791 1323
207 1324
936 1325
1251 1326
1008 1327
6 1328
1211 1329
1258 1330
652 1331
1112 1332
663 1333
533 1334
172 1335
532 1336
1073 1337
457 1338
463 1339
1271 1340
717 1341
1008 1342
171 1343
854 1344
265 1345
107 1346
1094 1347
712 1348
510 1349
525 1350
11 1351
52 1352
256 1353
1295 1354
729 1355
1343 1356
166 1357
1280 1358
940 1359
807 1360
226 1361
1332 1362
38 1363
41 1364
937 1365
1195 1366
568 1367
161 1368
815 1369
1126 1370
735 1371
227 1372
673 1373
1136 1374
1184 1375
708 1376
1258 1377
109 1378
206 1379
1145 1380
1144 1381
1033 1382
459 1383
746 1384
627 1385
680 1386
242 1387
1210 1388
529 1389
491 1390
184 1391
738 1392
1385 1393
12 1394
1041 1395
1244 1396
598 1397
844 1398
923 1399
906 1400
446 1401
676 1402
1265 1403
1208 1404
592 1405
541 1406
1002 1407
128 1408
1082 1409
50 1410
925 1411
597 1412
199 1413
1347 1414
1097 1415
978 1416
1066 1417
425 1418
318 1419
630 1420
676 1421
1222 1422
999 1423
237 1424
1335 1425
1314 1426
1207 1427
541 1428
139 1429
1000 1430
807 1431
1287 1432
1384 1433
92 1434
947 1435
1059 1436
1204 1437
652 1438
556 1439
17 1440
1086 1441
106 1442
1213 1443
1282 1444
771 1445
1153 1446
222 1447
877 1448
455 1449
579 1450
401 1451
1100 1452
480 1453
1267 1454
696 1455
1253 1456
1132 1457
567 1458
900 1459
44 1460
470 1461
672 1462
850 1463
15 1464
846 1465
722 1466
453 1467
176 1468
261 1469
382 1470
1115 1471
272 1472
650 1473
1127 1474
170 1475
1092 1476
260 1477
610 1478
1091 1479
1162 1480
1078 1481
162 1482
104 1483
210 1484
1037 1485
801 1486
805 1487
949 1488
627 1489
254 1490
916 1491
721 1492
1391 1493
1069 1494
840 1495
811 1496
1173 1497
203 1498
1036 1499
1245 1500
101 1501
1254 1502
498 1503
571 1504
1272 1505
846 1506
1115 1507
22 1508
445 1509
442 1510
420 1511
54 1512
1488 1513
939 1514
1171 1515
1049 1516
974 1517
717 1518
738 1519
1067 1520
1432 1521
86 1522
1521 1523
1103 1524
408 1525
1245 1526
473 1527
482 1528
440 1529
39 1530
1082 1531
377 1532
188 1533
528 1534
1278 1535
632 1536
1380 1537
1334 1538
854 1539
533 1540
1160 1541
133 1542
1474 1543
87 1544
816 1545
86 1546
196 1547
1456 1548
374 1549
605 1550
1526 1551
902 1552
919 1553
392 1554
189 1555
525 1556
853 1557
1365 1558
1513 1559
378 1560
159 1561
1259 1562
1314 1563
724 1564
588 1565
941 1566
1437 1567
258 1568
1531 1569
907 1570
1216 1571
1180 1572
541 1573
985 1574
1553 1575
1473 1576
734 1577
1065 1578
980 1579
241 1580
544 1581
482 1582
1167 1583
711 1584
327 1585
796 1586
229 1587
1550 1588
1254 1589
1584 1590
1047 1591
1278 1592
1130 1593
1429 1594
1153 1595
615 1596
343 1597
1407 1598
713 1599
135 1600
1303 1601
1313 1602
42 1603
580 1604
320 1605
939 1606
3 1607
929 1608
1059 1609
770 1610
466 1611
1424 1612
728 1613
1220 1614
498 1615
559 1616
1266 1617
746 1618
854 1619
1568 1620
516 1621
614 1622
162 1623
1279 1624
635 1625
1342 1626
137 1627
1151 1628
697 1629
11 1630
811 1631
1431 1632
1179 1633
98 1634
1630 1635
842 1636
72 1637
895 1638
1519 1639
134 1640
56 1641
271 1642
1062 1643
1567 1644
730 1645
989 1646
680 1647
1156 1648
1554 1649
207 1650
375 1651
922 1652
399 1653
1558 1654
1587 1655
681 1656
196 1657
667 1658
1379 1659
1340 1660
774 1661
230 1662
1426 1663
890 1664
308 1665
1070 1666
94 1667
810 1668
669 1669
838 1670
1056 1671
509 1672
1138 1673
745 1674
425 1675
758 1676
1635 1677
449 1678
1656 1679
789 1680
1012 1681
697 1682
363 1683
1167 1684
210 1685
1312 1686
1438 1687
1310 1688
555 1689
1002 1690
1618 1691
1044 1692
220 1693
572 1694
235 1695
581 1696
1594 1697
79 1698
81 1699
814 1700
767 1701
1055 1702
588 1703
1128 1704
1249 1705
433 1706
1262 1707
1568 1708
48 1709
1597 1710
1312 1711
792 1712
955 1713
586 1714
768 1715
1289 1716
1164 1717
1225 1718
1164 1719
325 1720
1090 1721
1522 1722
697 1723
617 1724
1462 1725
471 1726
562 1727
1635 1728
1681 1729
1721 1730
408 1731
66 1732
446 1733
1083 1734
714 1735
91 1736
559 1737
183 1738
1497 1739
1697 1740
1105 1741
1684 1742
995 1743
30 1744
1231 1745
768 1746
900 1747
813 1748
302 1749
272 1750
1322 1751
1274 1752
1318 1753
723 1754
1403 1755
1096 1756
70 1757
1002 1758
1076 1759
653 1760
828 1761
1125 1762
333 1763
768 1764
106 1765
690 1766
967 1767
1131 1768
242 1769
1320 1770
312 1771
859 1772
1266 1773
1194 1774
371 1775
1321 1776
1627 1777
624 1778
1532 1779
1641 1780
474 1781
360 1782
1711 1783
872 1784
390 1785
119 1786
862 1787
26 1788
155 1789
1026 1790
949 1791
228 1792
1185 1793
307 1794
1428 1795
579 1796
1630 1797
1602 1798
453 1799
905 1800
1676 1801
675 1802
1760 1803
1035 1804
721 1805
1054 1806
843 1807
862 1808
925 1809
1288 1810
1567 1811
78 1812
1459 1813
1141 1814
1720 1815
1400 1816
146 1817
278 1818
205 1819
764 1820
1780 1821
604 1822
788 1823
1035 1824
1821 1825
1042 1826
1725 1827
311 1828
1720 1829
656 1830
113 1831
804 1832
1056 1833
101 1834
243 1835
790 1836
1670 1837
976 1838
870 1839
1370 1840
214 1841
134 1842
1422 1843
1645 1844
880 1845
1023 1846
1727 1847
1408 1848
1246 1849
1020 1850
95 1851
904 1852
521 1853
850 1854
154 1855
1678 1856
1580 1857
221 1858
1226 1859
343 1860
1105 1861
762 1862
400 1863
859 1864
1079 1865
1445 1866
274 1867
162 1868
1094 1869
41 1870
144 1871
1795 1872
828 1873
1831 1874
1429 1875
1219 1876
752 1877
1145 1878
917 1879
235 1880
461 1881
1808 1882
444 1883
400 1884
384 1885
606 1886
1813 1887
608 1888
897 1889
1802 1890
1531 1891
299 1892
691 1893
1113 1894
1141 1895
783 1896
1764 1897
1519 1898
977 1899
1653 1900
1021 1901
1790 1902
1771 1903
374 1904
742 1905
300 1906
199 1907
1289 1908
1153 1909
1647 1910
201 1911
1269 1912
1659 1913
455 1914
91 1915
1200 1916
85 1917
1821 1918
1469 1919
811 1920
42 1921
655 1922
1224 1923
533 1924
703 1925
1831 1926
272 1927
1790 1928
771 1929
234 1930
1122 1931
1858 1932
1250 1933
736 1934
1623 1935
696 1936
1508 1937
740 1938
687 1939
876 1940
158 1941
194 1942
152 1943
948 1944
633 1945
958 1946
979 1947
492 1948
1879 1949
1524 1950
1531 1951
911 1952
714 1953
109 1954
1536 1955
1007 1956
496 1957
1892 1958
1805 1959
343 1960
1914 1961
1260 1962
644 1963
1226 1964
664 1965
1337 1966
1142 1967
377 1968
40 1969
160 1970
1145 1971
1272 1972
647 1973
426 1974
35 1975
835 1976
110 1977
352 1978
1640 1979
167 1980
345 1981
1503 1982
1595 1983
1484 1984
1648 1985
1612 1986
453 1987
416 1988
882 1989
795 1990
104 1991
625 1992
1339 1993
373 1994
1695 1995
1561 1996
36 1997
1041 1998
1469 1999
1008 2000
1475 2001
45 2002
284 2003
631 2004
1605 2005
368 2006
1793 2007
505 2008
595 2009
390 2010
1694 2011
1419 2012
1334 2013
352 2014
1605 2015
186 2016
161 2017
258 2018
1947 2019
735 2020
469 2021
156 2022
814 2023
518 2024
350 2025
1667 2026
197 2027
56 2028
533 2029
133 2030
1725 2031
1369 2032
1186 2033
1185 2034
1158 2035
755 2036
307 2037
603 2038
1180 2039
1120 2040
60 2041
298 2042
674 2043
2008 2044
562 2045
1231 2046
1408 2047
53 2048
1088 2049
888 2050
1682 2051
1600 2052
1562 2053
2015 2054
464 2055
1977 2056
1105 2057
1388 2058
131 2059
633 2060
749 2061
1248 2062
1197 2063
1719 2064
118 2065
1821 2066
676 2067
1398 2068
346 2069
1077 2070
1785 2071
1732 2072
1279 2073
745 2074
1297 2075
611 2076
644 2077
977 2078
449 2079
1995 2080
83 2081
1369 2082
1514 2083
854 2084
129 2085
629 2086
1992 2087
828 2088
1014 2089
1437 2090
1087 2091
359 2092
786 2093
876 2094
1356 2095
1708 2096
1071 2097
779 2098
739 2099
1070 2100
530 2101
1184 2102
59 2103
1670 2104
1980 2105
534 2106
958 2107
808 2108
1920 2109
1007 2110
1256 2111
278 2112
955 2113
170 2114
1539 2115
1349 2116
471 2117
703 2118
815 2119
1590 2120
2114 2121
666 2122
334 2123
88 2124
1522 2125
1232 2126
1582 2127
1456 2128
1520 2129
1440 2130
221 2131
1251 2132
1149 2133
1785 2134
1123 2135
26 2136
1047 2137
2063 2138
389 2139
221 2140
172 2141
1924 2142
1638 2143
1898 2144
1435 2145
394 2146
1201 2147
779 2148
667 2149
1190 2150
1896 2151
560 2152
1039 2153
984 2154
222 2155
842 2156
1772 2157
1068 2158
1262 2159
507 2160
1179 2161
1028 2162
1729 2163
811 2164
1171 2165
1831 2166
703 2167
1746 2168
1252 2169
464 2170
753 2171
670 2172
1996 2173
1310 2174
8 2175
679 2176
2051 2177
551 2178
1100 2179
282 2180
1019 2181
291 2182
1634 2183
1500 2184
1577 2185
733 2186
544 2187
162 2188
1206 2189
1348 2190
1497 2191
2045 2192
123 2193
640 2194
2104 2195
2174 2196
1953 2197
556 2198
1888 2199
1017 2200
320 2201
714 2202
1699 2203
1062 2204
573 2205
342 2206
46 2207
920 2208
3 2209
1926 2210
719 2211
221 2212
1161 2213
1791 2214
633 2215
1120 2216
1729 2217
1236 2218
1178 2219
150 2220
1150 2221
1754 2222
634 2223
1228 2224
1960 2225
508 2226
438 2227
1726 2228
122 2229
1101 2230
1294 2231
1156 2232
763 2233
2108 2234
419 2235
1944 2236
1928 2237
1877 2238
995 2239
1887 2240
1252 2241
672 2242
1750 2243
1034 2244
2165 2245
1102 2246
1609 2247
640 2248
1990 2249
1526 2250
1804 2251
2082 2252
1600 2253
2162 2254
1760 2255
805 2256
2216 2257
1592 2258
660 2259
1241 2260
1510 2261
1993 2262
572 2263
590 2264
926 2265
2149 2266
1647 2267
1839 2268
1134 2269
1621 2270
1866 2271
344 2272
1100 2273
1437 2274
1481 2275
2048 2276
101 2277
1942 2278
1720 2279
1102 2280
1002 2281
2087 2282
795 2283
300 2284
1348 2285
967 2286
1094 2287
1599 2288
1569 2289
1117 2290
1597 2291
1878 2292
876 2293
995 2294
1420 2295
1578 2296
364 2297
953 2298
2234 2299
252 2300
1389 2301
1373 2302
1559 2303
1909 2304
747 2305
1786 2306
104 2307
1818 2308
1939 2309
1177 2310
843 2311
928 2312
1632 2313
1331 2314
784 2315
1374 2316
1091 2317
1471 2318
1310 2319
2142 2320
21 2321
58 2322
1265 2323
706 2324
1070 2325
865 2326
1138 2327
705 2328
2247 2329
208 2330
1986 2331
1426 2332
2053 2333
597 2334
1835 2335
507 2336
1144 2337
1250 2338
1802 2339
60 2340
409 2341
504 2342
183 2343
1792 2344
1632 2345
255 2346
478 2347
580 2348
1499 2349
1319 2350
1889 2351
1101 2352
922 2353
2299 2354
2121 2355
1146 2356
1714 2357
1909 2358
977 2359
348 2360
2140 2361
1283 2362
393 2363
1368 2364
1008 2365
689 2366
2101 2367
1611 2368
587 2369
1668 2370
810 2371
1587 2372
856 2373
488 2374
1566 2375
129 2376
851 2377
1420 2378
225 2379
1805 2380
969 2381
2195 2382
463 2383
2216 2384
662 2385
753 2386
1355 2387
1554 2388
1295 2389
311 2390
2108 2391
2003 2392
218 2393
2089 2394
1366 2395
1274 2396
1759 2397
2377 2398
989 2399
894 2400
983 2401
1296 2402
33 2403
2092 2404
276 2405
1638 2406
1447 2407
476 2408
2048 2409
263 2410
2343 2411
537 2412
632 2413
2269 2414
390 2415
2387 2416
1314 2417
1434 2418
238 2419
2289 2420
2264 2421
71 2422
2292 2423
764 2424
486 2425
1086 2426
225 2427
1223 2428
2040 2429
718 2430
791 2431
1483 2432
1173 2433
1599 2434
1716 2435
431 2436
1674 2437
888 2438
672 2439
2341 2440
638 2441
630 2442
331 2443
1396 2444
1518 2445
1278 2446
176 2447
1741 2448
1341 2449
1220 2450
1862 2451
2145 2452
1406 2453
1885 2454
2250 2455
894 2456
716 2457
698 2458
2058 2459
143 2460
1209 2461
110 2462
837 2463
939 2464
1484 2465
209 2466
130 2467
1626 2468
1156 2469
1820 2470
1951 2471
1879 2472
1520 2473
1077 2474
550 2475
2302 2476
2322 2477
2099 2478
298 2479
1368 2480
723 2481
2335 2482
1124 2483
2277 2484
218 2485
932 2486
909 2487
1079 2488
2052 2489
1405 2490
148 2491
1857 2492
2143 2493
465 2494
316 2495
1664 2496
837 2497
2250 2498
2042 2499
209 2500
1126 2501
2428 2502
2035 2503
338 2504
904 2505
961 2506
476 2507
1663 2508
715 2509
2100 2510
1465 2511
1012 2512
1781 2513
366 2514
2029 2515
222 2516
655 2517
467 2518
1655 2519
195 2520
41 2521
34 2522
48 2523
1952 2524
1195 2525
270 2526
623 2527
1538 2528
2015 2529
1255 2530
2148 2531
556 2532
1957 2533
923 2534
1218 2535
1137 2536
713 2537
1332 2538
1895 2539
1967 2540
356 2541
1637 2542
709 2543
1714 2544
18 2545
1497 2546
123 2547
371 2548
61 2549
1842 2550
1243 2551
237 2552
871 2553
1655 2554
60 2555
2527 2556
2212 2557
1403 2558
604 2559
2159 2560
588 2561
171 2562
2190 2563
2314 2564
843 2565
886 2566
1222 2567
2512 2568
1054 2569
1212 2570
2225 2571
432 2572
1206 2573
1243 2574
1688 2575
877 2576
1710 2577
962 2578
1718 2579
1635 2580
1152 2581
2413 2582
2038 2583
1857 2584
1184 2585
2344 2586
387 2587
1247 2588
149 2589
999 2590
1631 2591
223 2592
2062 2593
1481 2594
1406 2595
1434 2596
611 2597
63 2598
612 2599
1906 2600
561 2601
150 2602
199 2603
539 2604
2227 2605
1998 2606
454 2607
267 2608
2299 2609
1999 2610
823 2611
2035 2612
2470 2613
474 2614
161 2615
624 2616
1713 2617
2558 2618
413 2619
2241 2620
222 2621
2114 2622
221 2623
1740 2624
1135 2625
442 2626
45 2627
2312 2628
2568 2629
971 2630
1556 2631
1756 2632
473 2633
2336 2634
1708 2635
1221 2636
808 2637
1925 2638
1041 2639
1389 2640
1790 2641
2635 2642
2147 2643
1724 2644
394 2645
513 2646
1753 2647
1012 2648
866 2649
2162 2650
56 2651
1943 2652
1677 2653
1520 2654
2004 2655
328 2656
2413 2657
2083 2658
648 2659
1970 2660
949 2661
179 2662
96 2663
1903 2664
1091 2665
936 2666
819 2667
114 2668
2046 2669
1824 2670
2432 2671
2409 2672
1382 2673
1201 2674
1750 2675
42 2676
642 2677
266 2678
1672 2679
1834 2680
1575 2681
841 2682
1419 2683
1099 2684
1356 2685
1270 2686
506 2687
2127 2688
23 2689
2151 2690
506 2691
1040 2692
327 2693
1960 2694
2486 2695
1900 2696
702 2697
505 2698
1808 2699
1349 2700
2423 2701
2096 2702
285 2703
1540 2704
2188 2705
2135 2706
2277 2707
928 2708
1228 2709
577 2710
673 2711
18 2712
224 2713
1879 2714
314 2715
1486 2716
1111 2717
1946 2718
19 2719
506 2720
1002 2721
245 2722
1798 2723
1061 2724
246 2725
742 2726
1632 2727
2207 2728
2102 2729
2213 2730
2113 2731
1695 2732
1211 2733
1010 2734
1240 2735
388 2736
71 2737
1325 2738
1938 2739
551 2740
2326 2741
2343 2742
1939 2743
311 2744
26 2745
259 2746
1802 2747
2645 2748
2037 2749
275 2750
275 2751
658 2752
2467 2753
465 2754
2368 2755
2261 2756
1298 2757
242 2758
1799 2759
2533 2760
534 2761
72 2762
2673 2763
1274 2764
2050 2765
2104 2766
1030 2767
220 2768
916 2769
1832 2770
1879 2771
2246 2772
2754 2773
272 2774
1632 2775
2345 2776
129 2777
1496 2778
1175 2779
2308 2780
1387 2781
305 2782
1166 2783
2121 2784
1511 2785
258 2786
1274 2787
1408 2788
1293 2789
1028 2790
2731 2791
2295 2792
2180 2793
229 2794
2252 2795
1127 2796
2085 2797
2480 2798
2447 2799
1001 2800
2189 2801
1934 2802
1208 2803
2261 2804
440 2805
499 2806
829 2807
2361 2808
119 2809
1431 2810
317 2811
639 2812
1550 2813
625 2814
1005 2815
2028 2816
259 2817
400 2818
1266 2819
2000 2820
1481 2821
2440 2822
984 2823
625 2824
405 2825
376 2826
887 2827
1887 2828
2491 2829
2446 2830
375 2831
85 2832
2313 2833
1914 2834
2129 2835
1913 2836
1049 2837
1610 2838
195 2839
2252 2840
2142 2841
2485 2842
1887 2843
2570 2844
2825 2845
1239 2846
1968 2847
797 2848
740 2849
2741 2850
1690 2851
2779 2852
2755 2853
1163 2854
1204 2855
58 2856
1076 2857
2735 2858
1247 2859
551 2860
2574 2861
2016 2862
1954 2863
988 2864
2203 2865
406 2866
780 2867
2202 2868
2479 2869
2615 2870
1211 2871
189 2872
1489 2873
137 2874
550 2875
898 2876
1638 2877
1505 2878
2355 2879
441 2880
2114 2881
290 2882
1470 2883
601 2884
944 2885
2740 2886
2734 2887
75 2888
2267 2889
279 2890
2742 2891
2174 2892
987 2893
1266 2894
1796 2895
1147 2896
331 2897
1046 2898
1783 2899
123 2900
625 2901
1240 2902
1500 2903
2352 2904
1885 2905
2698 2906
2293 2907
2123 2908
1190 2909
505 2910
434 2911
2126 2912
1573 2913
2220 2914
2208 2915
1249 2916
2877 2917
970 2918
716 2919
2045 2920
984 2921
1159 2922
1772 2923
2879 2924
255 2925
466 2926
2515 2927
267 2928
1732 2929
307 2930
450 2931
1261 2932
356 2933
1257 2934
2411 2935
2903 2936
531 2937
782 2938
1764 2939
990 2940
1288 2941
2603 2942
2623 2943
431 2944
682 2945
1754 2946
299 2947
2395 2948
2856 2949
1068 2950
611 2951
1849 2952
1124 2953
2884 2954
2050 2955
741 2956
1150 2957
2758 2958
1419 2959
2152 2960
2430 2961
970 2962
2351 2963
482 2964
2340 2965
1370 2966
1695 2967
1578 2968
2424 2969
1225 2970
2802 2971
1773 2972
2096 2973
572 2974
2750 2975
1301 2976
817 2977
927 2978
1079 2979
991 2980
742 2981
1323 2982
1719 2983
313 2984
1970 2985
1821 2986
2306 2987
1045 2988
604 2989
2293 2990
2422 2991
1982 2992
2921 2993
734 2994
80 2995
2747 2996
408 2997
681 2998
2251 2999
1837 3000
528 3001
1645 3002
2195 3003
302 3004
876 3005
2574 3006
2871 3007
824 3008
320 3009
583 3010
2912 3011
1424 3012
1149 3013
645 3014
2662 3015
2384 3016
2114 3017
2243 3018
1422 3019
1872 3020
2009 3021
141 3022
480 3023
319 3024
941 3025
1577 3026
3001 3027
1497 3028
1646 3029
2492 3030
484 3031
970 3032
318 3033
2371 3034
2804 3035
128 3036
2861 3037
2753 3038
1911 3039
1867 3040
2448 3041
81 3042
1784 3043
1308 3044
1921 3045
156 3046
2170 3047
1140 3048
1863 3049
936 3050
1767 3051
940 3052
1633 3053
636 3054
42 3055
2708 3056
1804 3057
47 3058
3030 3059
2801 3060
2433 3061
2771 3062
1851 3063
1218 3064
1454 3065
2474 3066
1287 3067
1983 3068
2451 3069
2341 3070
1234 3071
2621 3072
440 3073
1071 3074
1605 3075
2029 3076
833 3077
1183 3078
563 3079
25 3080
2266 3081
1691 3082
2924 3083
128 3084
2245 3085
2340 3086
1766 3087
2832 3088
2262 3089
1497 3090
2057 3091
1647 3092
252 3093
250 3094
1161 3095
2596 3096
1768 3097
21 3098
2561 3099
2430 3100
2455 3101
2356 3102
1968 3103
2540 3104
845 3105
2395 3106
1438 3107
650 3108
3055 3109
1472 3110
2149 3111
2615 3112
2297 3113
691 3114
2304 3115
1750 3116
114 3117
1839 3118
262 3119
1424 3120
1852 3121
1116 3122
443 3123
598 3124
1112 3125
1384 3126
2806 3127
1834 3128
176 3129
473 3130
1290 3131
2596 3132
1239 3133
2239 3134
1510 3135
1538 3136
2236 3137
11 3138
2126 3139
249 3140
203 3141
2859 3142
2070 3143
2155 3144
2761 3145
1715 3146
1660 3147
9 3148
2027 3149
185 3150
322 3151
764 3152
1891 3153
1697 3154
2579 3155
1800 3156
3155 3157
3077 3158
2059 3159
1914 3160
2504 3161
1540 3162
405 3163
2779 3164
2149 3165
935 3166
1393 3167
130 3168
638 3169
3150 3170
272 3171
751 3172
2567 3173
789 3174
469 3175
2527 3176
3166 3177
1438 3178
77 3179
261 3180
894 3181
559 3182
253 3183
805 3184
671 3185
413 3186
2856 3187
516 3188
2959 3189
671 3190
2581 3191
2500 3192
2801 3193
1474 3194
353 3195
970 3196
1969 3197
2799 3198
1834 3199
1147 3200
1546 3201
3025 3202
98 3203
1768 3204
2163 3205
349 3206
2386 3207
389 3208
2787 3209
2605 3210
3176 3211
735 3212
2083 3213
758 3214
1000 3215
308 3216
1193 3217
271 3218
1839 3219
2166 3220
2609 3221
1457 3222
1567 3223
495 3224
3140 3225
894 3226
1967 3227
1664 3228
2049 3229
2860 3230
2375 3231
2699 3232
1132 3233
1436 3234
949 3235
1771 3236
1035 3237
2442 3238
3194 3239
1934 3240
1641 3241
1124 3242
2027 3243
1201 3244
2014 3245
2232 3246
756 3247
2361 3248
1763 3249
727 3250
2409 3251
1962 3252
226 3253
480 3254
2552 3255
1949 3256
1110 3257
1760 3258
2691 3259
1864 3260
2285 3261
2320 3262
1478 3263
1357 3264
2606 3265
16 3266
1288 3267
942 3268
3181 3269
2739 3270
2646 3271
2209 3272
2444 3273
3221 3274
2545 3275
3083 3276
1176 3277
2440 3278
1884 3279
997 3280
1263 3281
914 3282
2720 3283
3202 3284
1185 3285
2829 3286
1219 3287
1278 3288
1197 3289
901 3290
502 3291
522 3292
786 3293
635 3294
2837 3295
1629 3296
1022 3297
2875 3298
1615 3299
1816 3300
2210 3301
2298 3302
2515 3303
3287 3304
1689 3305
793 3306
1745 3307
1260 3308
549 3309
2459 3310
1867 3311
1623 3312
2370 3313
1461 3314
392 3315
1172 3316
955 3317
2704 3318
1023 3319
539 3320
1201 3321
2082 3322
784 3323
1829 3324
3036 3325
113 3326
2956 3327
520 3328
815 3329
1639 3330
2669 3331
2877 3332
1155 3333
2265 3334
3073 3335
1883 3336
199 3337
2322 3338
1118 3339
408 3340
2892 3341
609 3342
1126 3343
2248 3344
1193 3345
700 3346
2259 3347
2650 3348
741 3349
2810 3350
2139 3351
1397 3352
2535 3353
2347 3354
3186 3355
2713 3356
1101 3357
2653 3358
1396 3359
818 3360
1530 3361
1733 3362
1049 3363
764 3364
2518 3365
908 3366
26 3367
1876 3368
1718 3369
962 3370
2028 3371
1677 3372
82 3373
1787 3374
734 3375
3247 3376
1157 3377
480 3378
65 3379
1532 3380
175 3381
555 3382
2688 3383
1506 3384
1986 3385
2089 3386
408 3387
1150 3388
3089 3389
2752 3390
1572 3391
2869 3392
342 3393
3367 3394
320 3395
2027 3396
2812 3397
818 3398
1586 3399
2696 3400
1015 3401
2243 3402
3396 3403
3223 3404
769 3405
3352 3406
71 3407
2544 3408
2106 3409
3364 3410
2039 3411
144 3412
253 3413
487 3414
2149 3415
1882 3416
2958 3417
1392 3418
3073 3419
1074 3420
2322 3421
2262 3422
29 3423
1883 3424
379 3425
2812 3426
190 3427
1943 3428
2693 3429
905 3430
48 3431
2703 3432
1858 3433
2681 3434
3392 3435
1453 3436
1191 3437
342 3438
2055 3439
168 3440
1205 3441
609 3442
2996 3443
3315 3444
2579 3445
3341 3446
3013 3447
412 3448
2844 3449
1189 3450
3269 3451
753 3452
1687 3453
839 3454
2755 3455
2911 3456
713 3457
1355 3458
2577 3459
2926 3460
1146 3461
2476 3462
18 3463
449 3464
319 3465
1188 3466
936 3467
3221 3468
2762 3469
895 3470
3379 3471
1435 3472
2072 3473
3451 3474
562 3475
641 3476
1534 3477
2468 3478
2050 3479
916 3480
1525 3481
1410 3482
2584 3483
2403 3484
2303 3485
1504 3486
2987 3487
3430 3488
3305 3489
1774 3490
3156 3491
204 3492
2079 3493
507 3494
2438 3495
2532 3496
396 3497
1621 3498
444 3499
654 3500
3114 3501
1921 3502
1821 3503
1845 3504
2343 3505
1139 3506
292 3507
2752 3508
1038 3509
2342 3510
2536 3511
491 3512
655 3513
1383 3514
2538 3515
2747 3516
1048 3517
3222 3518
3166 3519
3296 3520
1576 3521
2853 3522
2528 3523
76 3524
1049 3525
2766 3526
748 3527
1284 3528
630 3529
204 3530
2581 3531
1066 3532
865 3533
2539 3534
2077 3535
269 3536
212 3537
2340 3538
1072 3539
2336 3540
3025 3541
3020 3542
2494 3543
3517 3544
266 3545
63 3546
661 3547
1817 3548
55 3549
1399 3550
3017 3551
1776 3552
558 3553
1327 3554
1268 3555
1920 3556
1943 3557
329 3558
233 3559
212 3560
2981 3561
2516 3562
1427 3563
1345 3564
1638 3565
1712 3566
907 3567
669 3568
143 3569
956 3570
1403 3571
300 3572
2182 3573
2181 3574
1078 3575
1799 3576
3131 3577
691 3578
95 3579
3065 3580
2682 3581
377 3582
1349 3583
2892 3584
3484 3585
3157 3586
2960 3587
3393 3588
2724 3589
104 3590
1350 3591
1023 3592
1566 3593
2121 3594
3143 3595
1909 3596
1998 3597
2657 3598
60 3599
3155 3600
1655 3601
507 3602
2954 3603
1062 3604
1291 3605
3285 3606
3507 3607
2638 3608
2506 3609
527 3610
1767 3611
3478 3612
432 3613
146 3614
3293 3615
1156 3616
3211 3617
3099 3618
2272 3619
318 3620
837 3621
1848 3622
2121 3623
2548 3624
2695 3625
565 3626
2909 3627
1700 3628
1766 3629
3338 3630
1679 3631
1616 3632
3443 3633
1735 3634
2293 3635
3024 3636
328 3637
264 3638
742 3639
861 3640
322 3641
553 3642
1962 3643
2576 3644
1874 3645
3098 3646
3645 3647
334 3648
767 3649
2863 3650
2818 3651
78 3652
372 3653
2974 3654
1519 3655
1501 3656
3050 3657
2555 3658
775 3659
1027 3660
450 3661
3497 3662
2334 3663
420 3664
2368 3665
2383 3666
747 3667
772 3668
3090 3669
2086 3670
933 3671
1819 3672
2063 3673
1958 3674
1269 3675
492 3676
2908 3677
2364 3678
3306 3679
2637 3680
3210 3681
3400 3682
1058 3683
135 3684
1914 3685
2563 3686
2127 3687
693 3688
1009 3689
47 3690
1491 3691
2437 3692
3576 3693
1865 3694
333 3695
2018 3696
951 3697
641 3698
2528 3699
1003 3700
3611 3701
3316 3702
1278 3703
2486 3704
911 3705
3567 3706
2426 3707
3014 3708
3230 3709
616 3710
2662 3711
2121 3712
1184 3713
849 3714
2093 3715
1887 3716
871 3717
2245 3718
1133 3719
1235 3720
2597 3721
3017 3722
2554 3723
714 3724
2501 3725
2218 3726
316 3727
37 3728
1049 3729
1453 3730
3558 3731
2900 3732
3502 3733
1967 3734
1764 3735
3349 3736
1497 3737
1223 3738
216 3739
3736 3740
2686 3741
3544 3742
1144 3743
2545 3744
2250 3745
912 3746
2497 3747
2401 3748
1904 3749
302 3750
3187 3751
3165 3752
243 3753
154 3754
455 3755
3083 3756
1973 3757
2781 3758
52 3759
3486 3760
2197 3761
564 3762
2938 3763
1125 3764
2306 3765
1752 3766
3713 3767
144 3768
3498 3769
858 3770
652 3771
2533 3772
3635 3773
48 3774
2688 3775
3172 3776
747 3777
85 3778
3002 3779
318 3780
3378 3781
2642 3782
3510 3783
1441 3784
1852 3785
2588 3786
297 3787
1827 3788
2452 3789
1482 3790
416 3791
1508 3792
959 3793
2773 3794
2629 3795
1066 3796
11 3797
610 3798
2747 3799
1638 3800
1508 3801
3121 3802
1952 3803
3055 3804
2980 3805
2984 3806
2201 3807
1941 3808
3499 3809
1202 3810
1106 3811
3586 3812
2515 3813
977 3814
170 3815
2825 3816
2282 3817
1160 3818
3633 3819
375 3820
2471 3821
530 3822
1619 3823
1754 3824
2590 3825
2282 3826
3689 3827
1597 3828
1558 3829
2775 3830
1732 3831
1571 3832
250 3833
125 3834
24 3835
3188 3836
860 3837
1146 3838
3185 3839
3176 3840
3201 3841
1864 3842
95 3843
834 3844
3275 3845
3175 3846
3707 3847
3029 3848
1184 3849
1742 3850
2415 3851
3417 3852
494 3853
281 3854
1429 3855
1061 3856
3246 3857
221 3858
850 3859
850 3860
1731 3861
861 3862
2164 3863
447 3864
913 3865
2440 3866
2728 3867
3412 3868
113 3869
1478 3870
1562 3871
2111 3872
348 3873
1254 3874
2144 3875
3446 3876
613 3877
3626 3878
2239 3879
587 3880
1904 3881
862 3882
155 3883
3290 3884
1991 3885
3826 3886
1290 3887
2043 3888
2817 3889
3785 3890
2945 3891
1249 3892
2989 3893
1907 3894
2571 3895
1122 3896
1282 3897
1629 3898
2451 3899
3376 3900
32 3901
623 3902
292 3903
836 3904
1425 3905
998 3906
573 3907
3192 3908
112 3909
1444 3910
1386 3911
1814 3912
1218 3913
1278 3914
2500 3915
1165 3916
63 3917
3309 3918
2585 3919
3461 3920
3367 3921
307 3922
2685 3923
2859 3924
3003 3925
373 3926
1459 3927
341 3928
2677 3929
1186 3930
2261 3931
2580 3932
2482 3933
2785 3934
1061 3935
1222 3936
104 3937
2003 3938
1954 3939
3194 3940
2753 3941
2380 3942
1458 3943
2502 3944
3125 3945
161 3946
1604 3947
1072 3948
3929 3949
654 3950
3247 3951
570 3952
2560 3953
2144 3954
2153 3955
2371 3956
3431 3957
618 3958
323 3959
1030 3960
466 3961
2588 3962
2079 3963
2680 3964
319 3965
2252 3966
2597 3967
3717 3968
2862 3969
958 3970
2246 3971
1356 3972
1119 3973
1993 3974
3007 3975
2472 3976
699 3977
1873 3978
2631 3979
352 3980
416 3981
3583 3982
753 3983
648 3984
3444 3985
3085 3986
3390 3987
2147 3988
2356 3989
3911 3990
2605 3991
275 3992
2047 3993
2606 3994
3232 3995
1163 3996
2675 3997
917 3998
530 3999
2964 4000
2487 4001
2443 4002
3005 4003
1620 4004
771 4005
1335 4006
3712 4007
1172 4008
1440 4009
2794 4010
872 4011
169 4012
1789 4013
189 4014
1535 4015
2602 4016
1393 4017
1179 4018
759 4019
2272 4020
3365 4021
1542 4022
387 4023
544 4024
1947 4025
3071 4026
1129 4027
1855 4028
1300 4029
516 4030
735 4031
2120 4032
2651 4033
1723 4034
2229 4035
3257 4036
543 4037
3226 4038
3101 4039
3796 4040
1519 4041
2536 4042
1346 4043
2976 4044
384 4045
2604 4046
483 4047
3633 4048
951 4049
2480 4050
101 4051
1000 4052
2685 4053
979 4054
1814 4055
3553 4056
2854 4057
1774 4058
771 4059
90 4060
383 4061
2846 4062
2995 4063
3877 4064
4012 4065
69 4066
3768 4067
546 4068
396 4069
3689 4070
2448 4071
2738 4072
2931 4073
3983 4074
896 4075
2421 4076
460 4077
1111 4078
3720 4079
1051 4080
3416 4081
2784 4082
1207 4083
2108 4084
276 4085
1007 4086
438 4087
1197 4088
2078 4089
3668 4090
709 4091
1493 4092
1855 4093
2463 4094
4058 4095
1285 4096
351 4097
387 4098
3122 4099
1870 4100
2271 4101
3720 4102
1913 4103
3226 4104
1998 4105
1226 4106
977 4107
2923 4108
4104 4109
6 4110
3972 4111
1864 4112
3925 4113
2755 4114
2627 4115
913 4116
1075 4117
3912 4118
1533 4119
2533 4120
516 4121
1743 4122
760 4123
403 4124
3497 4125
2281 4126
2850 4127
3316 4128
1424 4129
936 4130
1138 4131
3970 4132
3911 4133
1667 4134
1503 4135
2553 4136
3761 4137
421 4138
2512 4139
3191 4140
2907 4141
1464 4142
1677 4143
805 4144
3971 4145
59 4146
1506 4147
1229 4148
2468 4149
3462 4150
2773 4151
2030 4152
3788 4153
2072 4154
2749 4155
475 4156
3340 4157
3152 4158
3603 4159
2688 4160
3212 4161
3944 4162
3059 4163
1376 4164
478 4165
104 4166
55 4167
1966 4168
2565 4169
1595 4170
1113 4171
3568 4172
3323 4173
1676 4174
718 4175
2741 4176
840 4177
172 4178
3314 4179
278 4180
323 4181
930 4182
2006 4183
3874 4184
199 4185
3982 4186
868 4187
1722 4188
2101 4189
1683 4190
989 4191
3152 4192
3870 4193
1837 4194
4043 4195
3922 4196
497 4197
2499 4198
3037 4199
3544 4200
2924 4201
2461 4202
3901 4203
353 4204
1311 4205
4190 4206
3684 4207
1465 4208
290 4209
4127 4210
2298 4211
3615 4212
3764 4213
142 4214
2436 4215
2479 4216
1248 4217
1933 4218
1933 4219
2633 4220
1722 4221
2348 4222
3959 4223
1108 4224
2658 4225
1173 4226
1205 4227
2431 4228
3325 4229
2639 4230
3626 4231
1343 4232
4166 4233
948 4234
639 4235
2180 4236
3613 4237
1655 4238
3750 4239
187 4240
4005 4241
662 4242
244 4243
3185 4244
3380 4245
3089 4246
3434 4247
3716 4248
3834 4249
3979 4250
3667 4251
3648 4252
3006 4253
4096 4254
3148 4255
2698 4256
1775 4257
2952 4258
222 4259
1082 4260
3344 4261
2204 4262
241 4263
3066 4264
626 4265
2321 4266
1553 4267
352 4268
2913 4269
3675 4270
848 4271
1427 4272
641 4273
1077 4274
4160 4275
2927 4276
1294 4277
3643 4278
1770 4279
2808 4280
200 4281
3354 4282
71 4283
4216 4284
3910 4285
665 4286
1906 4287
2646 4288
3385 4289
15 4290
308 4291
4289 4292
3193 4293
3897 4294
1788 4295
201 4296
561 4297
2748 4298
829 4299
2680 4300
3608 4301
47 4302
1790 4303
3676 4304
2737 4305
1170 4306
2120 4307
1923 4308
3221 4309
3849 4310
3829 4311
2789 4312
1252 4313
3216 4314
555 4315
1717 4316
235 4317
3537 4318
1854 4319
256 4320
1073 4321
3515 4322
3286 4323
4002 4324
4309 4325
2829 4326
2411 4327
499 4328
329 4329
2374 4330
51 4331
3284 4332
3727 4333
67 4334
3514 4335
1865 4336
2934 4337
1249 4338
2890 4339
3705 4340
4245 4341
2309 4342
2995 4343
452 4344
3845 4345
3917 4346
1056 4347
2534 4348
98 4349
2258 4350
3215 4351
2266 4352
2987 4353
2512 4354
403 4355
1341 4356
1971 4357
600 4358
4323 4359
881 4360
3561 4361
2950 4362
3528 4363
4316 4364
204 4365
2860 4366
2833 4367
3309 4368
2807 4369
3092 4370
2308 4371
321 4372
216 4373
2923 4374
563 4375
2720 4376
228 4377
2031 4378
1930 4379
3269 4380
2725 4381
3816 4382
2220 4383
3387 4384
796 4385
485 4386
2478 4387
3607 4388
1259 4389
267 4390
3269 4391
1146 4392
1830 4393
3297 4394
114 4395
2343 4396
1223 4397
1874 4398
1963 4399
161 4400
4211 4401
4314 4402
1770 4403
3752 4404
4182 4405
1977 4406
3996 4407
2420 4408
2991 4409
1205 4410
1270 4411
3640 4412
1770 4413
3440 4414
2233 4415
2587 4416
3906 4417
1431 4418
3330 4419
1359 4420
3855 4421
1829 4422
2441 4423
486 4424
2975 4425
3562 4426
1577 4427
806 4428
2929 4429
3829 4430
1956 4431
1618 4432
3316 4433
1432 4434
2374 4435
3144 4436
1994 4437
1717 4438
65 4439
1332 4440
2945 4441
2808 4442
2977 4443
2970 4444
2914 4445
3624 4446
1719 4447
3319 4448
382 4449
1848 4450
2403 4451
2463 4452
830 4453
2980 4454
1704 4455
3772 4456
1356 4457
3120 4458
3999 4459
4038 4460
3811 4461
2203 4462
34 4463
1706 4464
175 4465
227 4466
1211 4467
3833 4468
1478 4469
982 4470
3764 4471
3167 4472
2853 4473
2785 4474
3009 4475
3512 4476
3247 4477
4459 4478
2803 4479
2718 4480
813 4481
318 4482
117 4483
1162 4484
2457 4485
3985 4486
612 4487
479 4488
3018 4489
2410 4490
2332 4491
354 4492
270 4493
1495 4494
219 4495
2251 4496
146 4497
3567 4498
419 4499
4272 4500
861 4501
1124 4502
2359 4503
3628 4504
1489 4505
1573 4506
1889 4507
2959 4508
1247 4509
2937 4510
1021 4511
4005 4512
2535 4513
1848 4514
1330 4515
3174 4516
2631 4517
552 4518
1830 4519
2817 4520
114 4521
2992 4522
1693 4523
1664 4524
3493 4525
3776 4526
4310 4527
957 4528
3771 4529
3008 4530
186 4531
2783 4532
303 4533
3275 4534
1900 4535
2072 4536
1630 4537
558 4538
1937 4539
4502 4540
2121 4541
2352 4542
1123 4543
1462 4544
1373 4545
2086 4546
4484 4547
3516 4548
2126 4549
3707 4550
492 4551
1534 4552
1338 4553
2806 4554
3754 4555
2861 4556
1499 4557
1402 4558
3299 4559
536 4560
242 4561
4361 4562
3336 4563
486 4564
2043 4565
888 4566
4089 4567
3736 4568
3684 4569
2767 4570
1832 4571
1257 4572
1184 4573
1133 4574
1685 4575
2542 4576
2979 4577
1590 4578
3571 4579
3716 4580
4442 4581
4228 4582
3961 4583
1232 4584
2378 4585
1789 4586
1259 4587
2820 4588
3156 4589
1604 4590
2360 4591
3166 4592
4498 4593
1237 4594
4562 4595
987 4596
2318 4597
537 4598
3843 4599
1738 4600
4134 4601
1681 4602
610 4603
3737 4604
687 4605
725 4606
2298 4607
1885 4608
3019 4609
2987 4610
1206 4611
1922 4612
3059 4613
2116 4614
594 4615
388 4616
1934 4617
1695 4618
474 4619
7 4620
265 4621
1553 4622
246 4623
2824 4624
3979 4625
4004 4626
4201 4627
1132 4628
1305 4629
2543 4630
274 4631
3406 4632
2209 4633
2097 4634
4479 4635
3352 4636
864 4637
4170 4638
862 4639
773 4640
1998 4641
4563 4642
1586 4643
2328 4644
4083 4645
3836 4646
729 4647
2298 4648
2760 4649
108 4650
1825 4651
2282 4652
3333 4653
2555 4654
4405 4655
592 4656
983 4657
186 4658
1230 4659
3611 4660
4440 4661
376 4662
1912 4663
130 4664
1490 4665
2579 4666
577 4667
1636 4668
774 4669
1053 4670
2280 4671
4580 4672
603 4673
3159 4674
2596 4675
3914 4676
2407 4677
2297 4678
2478 4679
1445 4680
2723 4681
2731 4682
222 4683
128 4684
2818 4685
1935 4686
762 4687
2033 4688
981 4689
940 4690
1640 4691
4389 4692
3989 4693
3837 4694
3408 4695
2040 4696
736 4697
167 4698
3445 4699
887 4700
3686 4701
1121 4702
3968 4703
3728 4704
2008 4705
138 4706
3439 4707
2955 4708
1421 4709
1254 4710
345 4711
1014 4712
3462 4713
2779 4714
1183 4715
1791 4716
4357 4717
2381 4718
303 4719
1429 4720
4674 4721
728 4722
502 4723
3816 4724
1909 4725
2046 4726
218 4727
2644 4728
486 4729
4409 4730
761 4731
3738 4732
686 4733
4500 4734
3465 4735
4423 4736
4447 4737
1135 4738
3288 4739
1315 4740
1465 4741
2491 4742
1683 4743
4369 4744
2349 4745
477 4746
1183 4747
1396 4748
3988 4749
720 4750
2060 4751
4359 4752
4057 4753
3063 4754
2159 4755
4311 4756
4689 4757
744 4758
1244 4759
2742 4760
643 4761
4602 4762
182 4763
3090 4764
2051 4765
1107 4766
4239 4767
2346 4768
3443 4769
3164 4770
1569 4771
3874 4772
274 4773
2449 4774
4686 4775
350 4776
4307 4777
2773 4778
4421 4779
336 4780
4625 4781
2134 4782
3486 4783
3118 4784
2433 4785
2736 4786
1062 4787
1884 4788
1320 4789
2727 4790
1253 4791
2765 4792
920 4793
4474 4794
4782 4795
2843 4796
1977 4797
3377 4798
717 4799
4522 4800
3283 4801
398 4802
2941 4803
2319 4804
1327 4805
1661 4806
1730 4807
2971 4808
297 4809
3528 4810
4710 4811
4773 4812
468 4813
831 4814
4446 4815
3523 4816
3006 4817
4147 4818
1981 4819
1896 4820
647 4821
4070 4822
3551 4823
2149 4824
3271 4825
2704 4826
3985 4827
2979 4828
291 4829
2529 4830
4618 4831
1903 4832
3935 4833
1912 4834
2914 4835
618 4836
2627 4837
341 4838
1333 4839
1760 4840
4169 4841
2989 4842
2366 4843
1716 4844
1429 4845
3653 4846
855 4847
4089 4848
4027 4849
4672 4850
4301 4851
152 4852
1876 4853
99 4854
474 4855
12 4856
3488 4857
1274 4858
2289 4859
1983 4860
2033 4861
1437 4862
1731 4863
1824 4864
527 4865
4517 4866
3448 4867
2141 4868
1386 4869
89 4870
1702 4871
1161 4872
263 4873
1759 4874
3206 4875
3129 4876
870 4877
2282 4878
3601 4879
4259 4880
1270 4881
895 4882
1066 4883
2910 4884
3833 4885
854 4886
4709 4887
174 4888
821 4889
3451 4890
2269 4891
4598 4892
2925 4893
350 4894
1076 4895
1670 4896
1990 4897
893 4898
2225 4899
2974 4900
4521 4901
232 4902
861 4903
2279 4904
1783 4905
3368 4906
209 4907
2954 4908
4681 4909
4248 4910
993 4911
3846 4912
1242 4913
1959 4914
4188 4915
2737 4916
3516 4917
2394 4918
2952 4919
1153 4920
1835 4921
4790 4922
1966 4923
1981 4924
1074 4925
2867 4926
2100 4927
3519 4928
3917 4929
3271 4930
4558 4931
4004 4932
3798 4933
684 4934
2757 4935
376 4936
2438 4937
4281 4938
3849 4939
1157 4940
3767 4941
3269 4942
1514 4943
1199 4944
129 4945
444 4946
1674 4947
1466 4948
1336 4949
3419 4950
3997 4951
4859 4952
4847 4953
2679 4954
925 4955
346 4956
790 4957
2201 4958
3389 4959
643 4960
4148 4961
2733 4962
3443 4963
2082 4964
40 4965
3571 4966
2743 4967
1088 4968
2815 4969
384 4970
523 4971
1788 4972
1873 4973
4810 4974
4501 4975
1045 4976
3675 4977
840 4978
4510 4979
4683 4980
754 4981
3174 4982
2057 4983
2512 4984
687 4985
4558 4986
891 4987
4012 4988
3068 4989
3037 4990
337 4991
4390 4992
2467 4993
763 4994
4 4995
1921 4996
1423 4997
157 4998
3893 4999
2999 5000
4246 5001
1388 5002
4204 5003
1047 5004
423 5005
1451 5006
1780 5007
4683 5008
4271 5009
1926 5010
2425 5011
2490 5012
1948 5013
4533 5014
4730 5015
4068 5016
4159 5017
1107 5018
3564 5019
1994 5020
3349 5021
1130 5022
1215 5023
2898 5024
4857 5025
4888 5026
3344 5027
3581 5028
1950 5029
2890 5030
1451 5031
3113 5032
4458 5033
2977 5034
867 5035
2090 5036
3448 5037
4627 5038
2545 5039
4731 5040
3979 5041
1678 5042
3047 5043
1933 5044
433 5045
708 5046
4462 5047
766 5048
1537 5049
120 5050
4708 5051
4118 5052
2262 5053
2851 5054
1551 5055
2641 5056
2849 5057
2564 5058
1158 5059
994 5060
3247 5061
1808 5062
2689 5063
765 5064
462 5065
1259 5066
1216 5067
1742 5068
1078 5069
1935 5070
1920 5071
2409 5072
2784 5073
2932 5074
4973 5075
1521 5076
4757 5077
3047 5078
4730 5079
3812 5080
1020 5081
4676 5082
1293 5083
436 5084
3603 5085
3675 5086
2743 5087
1285 5088
3310 5089
3907 5090
3510 5091
402 5092
1031 5093
4949 5094
3542 5095
4935 5096
2318 5097
2261 5098
2035 5099
2073 5100
2948 5101
486 5102
4112 5103
1459 5104
3832 5105
1157 5106
3521 5107
1088 5108
564 5109
1098 5110
4628 5111
2199 5112
2162 5113
35 5114
2203 5115
3646 5116
1505 5117
4339 5118
1051 5119
793 5120
937 5121
2237 5122
585 5123
3416 5124
15 5125
1161 5126
842 5127
4691 5128
1478 5129
1894 5130
3483 5131
3124 5132
2082 5133
227 5134
2007 5135
1814 5136
1125 5137
820 5138
387 5139
4800 5140
1392 5141
528 5142
583 5143
1117 5144
935 5145
3558 5146
4075 5147
4242 5148
5042 5149
222 5150
2194 5151
4830 5152
2747 5153
1600 5154
4938 5155
3652 5156
2193 5157
1285 5158
579 5159
886 5160
159 5161
3144 5162
4227 5163
280 5164
4867 5165
967 5166
4867 5167
5059 5168
3292 5169
4407 5170
131 5171
1744 5172
2249 5173
2761 5174
4910 5175
602 5176
3445 5177
4501 5178
1263 5179
1056 5180
3057 5181
4234 5182
4263 5183
2688 5184
5136 5185
4106 5186
2379 5187
3095 5188
328 5189
4089 5190
4933 5191
3842 5192
2503 5193
634 5194
4184 5195
1314 5196
1959 5197
3262 5198
2486 5199
1121 5200
1386 5201
4022 5202
4753 5203
1347 5204
235 5205
338 5206
884 5207
3758 5208
5026 5209
1437 5210
4835 5211
244 5212
2278 5213
3199 5214
3576 5215
3207 5216
1040 5217
4707 5218
3760 5219
1434 5220
285 5221
1785 5222
2833 5223
364 5224
4589 5225
1835 5226
4062 5227
185 5228
5166 5229
1649 5230
1575 5231
1805 5232
1184 5233
1331 5234
4371 5235
5119 5236
4876 5237
1300 5238
4101 5239
302 5240
3145 5241
4295 5242
1984 5243
533 5244
1507 5245
636 5246
1449 5247
2749 5248
4475 5249
4284 5250
1037 5251
3009 5252
4464 5253
4321 5254
4324 5255
1434 5256
1012 5257
4645 5258
1723 5259
2216 5260
4707 5261
859 5262
3163 5263
493 5264
2250 5265
1993 5266
3947 5267
1211 5268
2451 5269
5089 5270
116 5271
4090 5272
847 5273
632 5274
930 5275
4945 5276
434 5277
4841 5278
1775 5279
3703 5280
3815 5281
4915 5282
3497 5283
3788 5284
2949 5285
3601 5286
4336 5287
4965 5288
5118 5289
3960 5290
1802 5291
2652 5292
3369 5293
1518 5294
1494 5295
4155 5296
1765 5297
3533 5298
4414 5299
3651 5300
716 5301
2631 5302
4752 5303
2720 5304
5298 5305
2923 5306
3114 5307
4930 5308
2317 5309
1185 5310
730 5311
2787 5312
305 5313
1202 5314
2957 5315
5035 5316
1332 5317
343 5318
2894 5319
2867 5320
1967 5321
1737 5322
1935 5323
556 5324
4755 5325
5017 5326
1032 5327
631 5328
1078 5329
2927 5330
2863 5331
3897 5332
80 5333
2514 5334
3120 5335
236 5336
3855 5337
1463 5338
1360 5339
1379 5340
454 5341
2596 5342
2824 5343
3436 5344
4374 5345
4266 5346
4360 5347
4642 5348
4384 5349
378 5350
5120 5351
2541 5352
946 5353
4845 5354
196 5355
1128 5356
549 5357
3908 5358
1771 5359
1226 5360
2939 5361
96 5362
3944 5363
3504 5364
5292 5365
925 5366
3830 5367
3002 5368
3910 5369
818 5370
2370 5371
105 5372
887 5373
1155 5374
3377 5375
203 5376
4981 5377
5114 5378
285 5379
3682 5380
3134 5381
2892 5382
5379 5383
1372 5384
2029 5385
1748 5386
2942 5387
672 5388
3069 5389
3511 5390
3615 5391
5260 5392
1570 5393
4307 5394
1865 5395
1972 5396
2244 5397
3178 5398
1412 5399
2992 5400
4556 5401
1444 5402
2315 5403
1866 5404
409 5405
1302 5406
2733 5407
1442 5408
3690 5409
162 5410
4935 5411
2604 5412
2435 5413
2213 5414
3260 5415
5194 5416
4311 5417
3195 5418
4547 5419
5062 5420
845 5421
411 5422
3150 5423
3028 5424
553 5425
1534 5426
2776 5427
4023 5428
1580 5429
1198 5430
1878 5431
149 5432
1285 5433
4418 5434
4976 5435
1304 5436
3124 5437
2667 5438
5319 5439
5252 5440
2961 5441
173 5442
651 5443
177 5444
1825 5445
889 5446
4255 5447
1900 5448
980 5449
1786 5450
3835 5451
2486 5452
5391 5453
2279 5454
4558 5455
2795 5456
4497 5457
4992 5458
3261 5459
1320 5460
4473 5461
4233 5462
4302 5463
2577 5464
2735 5465
742 5466
2970 5467
2317 5468
5156 5469
2489 5470
644 5471
1118 5472
2629 5473
4090 5474
1795 5475
4530 5476
2015 5477
4388 5478
1205 5479
110 5480
3604 5481
5237 5482
4649 5483
446 5484
3108 5485
352 5486
970 5487
2827 5488
1527 5489
4228 5490
1844 5491
4014 5492
1912 5493
2184 5494
465 5495
3567 5496
624 5497
371 5498
5127 5499
19 5500
2692 5501
3737 5502
4796 5503
4328 5504
4429 5505
4192 5506
353 5507
3224 5508
3054 5509
3255 5510
454 5511
676 5512
5391 5513
4784 5514
3684 5515
3030 5516
2383 5517
1328 5518
782 5519
1863 5520
2383 5521
1332 5522
1055 5523
3909 5524
2420 5525
4997 5526
1318 5527
1495 5528
814 5529
2356 5530
4717 5531
710 5532
4250 5533
5293 5534
3234 5535
548 5536
1848 5537
1081 5538
2589 5539
5472 5540
555 5541
1904 5542
2793 5543
3504 5544
4405 5545
2739 5546
3275 5547
1595 5548
4695 5549
5121 5550
429 5551
1189 5552
1707 5553
4523 5554
3344 5555
184 5556
1791 5557
2705 5558
3456 5559
1256 5560
3129 5561
2205 5562
3680 5563
3737 5564
4936 5565
4048 5566
2695 5567
149 5568
5302 5569
5387 5570
864 5571
440 5572
760 5573
1120 5574
381 5575
1801 5576
2787 5577
421 5578
1391 5579
4791 5580
278 5581
4161 5582
89 5583
817 5584
1507 5585
3820 5586
3502 5587
317 5588
2284 5589
2089 5590
4885 5591
2774 5592
1465 5593
1041 5594
4728 5595
90 5596
3359 5597
5009 5598
1936 5599
2629 5600
1631 5601
5502 5602
976 5603
3494 5604
631 5605
2473 5606
1282 5607
2329 5608
1003 5609
1325 5610
830 5611
5494 5612
1087 5613
5556 5614
4942 5615
44 5616
3061 5617
3959 5618
2809 5619
4741 5620
824 5621
3921 5622
1857 5623
2129 5624
2587 5625
2089 5626
3289 5627
3861 5628
4872 5629
4149 5630
329 5631
866 5632
3322 5633
610 5634
5157 5635
672 5636
2922 5637
3052 5638
4151 5639
1233 5640
657 5641
3072 5642
2825 5643
5103 5644
4581 5645
438 5646
2733 5647
2588 5648
5250 5649
2167 5650
4803 5651
3977 5652
387 5653
837 5654
360 5655
3650 5656
4268 5657
2604 5658
796 5659
1470 5660
4958 5661
4351 5662
1295 5663
2055 5664
4432 5665
285 5666
4585 5667
3441 5668
4686 5669
4522 5670
258 5671
1687 5672
4283 5673
3745 5674
2527 5675
2594 5676
4381 5677
230 5678
1266 5679
383 5680
3832 5681
551 5682
2609 5683
5451 5684
3938 5685
385 5686
1982 5687
327 5688
1360 5689
272 5690
4163 5691
1760 5692
4738 5693
2708 5694
243 5695
3417 5696
5589 5697
3409 5698
2265 5699
3640 5700
4897 5701
5417 5702
823 5703
4711 5704
2129 5705
4577 5706
3059 5707
1998 5708
4709 5709
4946 5710
525 5711
531 5712
108 5713
2514 5714
1023 5715
5427 5716
207 5717
3171 5718
228 5719
4571 5720
3581 5721
2130 5722
1422 5723
4175 5724
1057 5725
20 5726
3867 5727
4140 5728
2787 5729
5549 5730
2149 5731
759 5732
4276 5733
2849 5734
5486 5735
439 5736
568 5737
3228 5738
4423 5739
1018 5740
2562 5741
1950 5742
2857 5743
5337 5744
2554 5745
4865 5746
2870 5747
234 5748
1099 5749
5105 5750
4736 5751
4292 5752
754 5753
3956 5754
3453 5755
2286 5756
2541 5757
3517 5758
5289 5759
4472 5760
3386 5761
4516 5762
3535 5763
2599 5764
3085 5765
3236 5766
2950 5767
2853 5768
3367 5769
2763 5770
4004 5771
5663 5772
4787 5773
3463 5774
1404 5775
441 5776
1696 5777
4056 5778
208 5779
2485 5780
4358 5781
1039 5782
5049 5783
10 5784
5562 5785
1678 5786
3535 5787
4715 5788
3496 5789
491 5790
4104 5791
2556 5792
5344 5793
1587 5794
1026 5795
5767 5796
4552 5797
3663 5798
5285 5799
1795 5800
1735 5801
2465 5802
988 5803
3732 5804
5433 5805
2988 5806
978 5807
1347 5808
4815 5809
5221 5810
3989 5811
5544 5812
3228 5813
567 5814
5517 5815
2127 5816
5228 5817
1456 5818
5746 5819
1696 5820
718 5821
921 5822
1999 5823
1407 5824
2 5825
2451 5826
3479 5827
1570 5828
707 5829
5702 5830
2160 5831
2602 5832
4924 5833
1789 5834
4191 5835
4788 5836
749 5837
4686 5838
3204 5839
2594 5840
2896 5841
5082 5842
3930 5843
2013 5844
4434 5845
244 5846
5153 5847
120 5848
1846 5849
4265 5850
2212 5851
3117 5852
4373 5853
2895 5854
5805 5855
5483 5856
4720 5857
2299 5858
3836 5859
442 5860
5115 5861
2371 5862
3252 5863
3883 5864
2517 5865
1253 5866
3080 5867
4898 5868
777 5869
898 5870
621 5871
4311 5872
3570 5873
397 5874
4751 5875
1843 5876
4050 5877
1421 5878
2745 5879
3284 5880
3702 5881
5050 5882
2982 5883
3454 5884
320 5885
3635 5886
2380 5887
1258 5888
5208 5889
4582 5890
5230 5891
5584 5892
418 5893
493 5894
446 5895
1341 5896
3485 5897
5151 5898
3038 5899
40 5900
5000 5901
5388 5902
3232 5903
1600 5904
2014 5905
2579 5906
2507 5907
5618 5908
3830 5909
5510 5910
595 5911
5696 5912
744 5913
4929 5914
4650 5915
2826 5916
3476 5917
2454 5918
5255 5919
709 5920
3571 5921
5567 5922
2794 5923
1506 5924
3947 5925
4863 5926
884 5927
1021 5928
1611 5929
5560 5930
3135 5931
4884 5932
1274 5933
2900 5934
260 5935
4767 5936
4046 5937
1230 5938
1386 5939
2382 5940
4306 5941
2632 5942
4806 5943
5063 5944
3395 5945
2052 5946
1743 5947
2880 5948
5771 5949
4442 5950
2031 5951
3811 5952
3766 5953
2814 5954
5206 5955
2694 5956
1092 5957
1938 5958
860 5959
822 5960
4800 5961
3950 5962
2170 5963
1294 5964
3639 5965
2483 5966
5796 5967
4710 5968
4992 5969
90 5970
5211 5971
507 5972
5538 5973
787 5974
4837 5975
3115 5976
2469 5977
1613 5978
2552 5979
5519 5980
5365 5981
3618 5982
356 5983
4380 5984
2135 5985
747 5986
5340 5987
249 5988
1912 5989
5884 5990
4790 5991
3988 5992
4540 5993
2146 5994
1562 5995
4561 5996
1963 5997
5093 5998
2321 5999
1502 6000
3733 6001
5677 6002
1394 6003
4219 6004
1416 6005
825 6006
5180 6007
4263 6008
3149 6009
975 6010
5407 6011
445 6012
4038 6013
2996 6014
4671 6015
1224 6016
1381 6017
3107 6018
2558 6019
4955 6020
611 6021
1760 6022
4139 6023
1282 6024
2097 6025
1508 6026
85 6027
1459 6028
5495 6029
520 6030
4372 6031
3235 6032
135 6033
3730 6034
5103 6035
857 6036
4382 6037
4313 6038
1045 6039
3267 6040
2569 6041
800 6042
4844 6043
2787 6044
2771 6045
5571 6046
2315 6047
4584 6048
4058 6049
481 6050
5951 6051
4023 6052
2871 6053
4969 6054
911 6055
392 6056
5193 6057
61 6058
5625 6059
4159 6060
1574 6061
2539 6062
5611 6063
3965 6064
1351 6065
4822 6066
4185 6067
6032 6068
1267 6069
3005 6070
4006 6071
3777 6072
5369 6073
5886 6074
5856 6075
2976 6076
4105 6077
2027 6078
5041 6079
1988 6080
4370 6081
1831 6082
1903 6083
2696 6084
635 6085
93 6086
1975 6087
5145 6088
2537 6089
3966 6090
3344 6091
3987 6092
5962 6093
3709 6094
118 6095
26 6096
1635 6097
2557 6098
3241 6099
2585 6100
5341 6101
3095 6102
3619 6103
1857 6104
226 6105
5255 6106
1848 6107
5041 6108
2589 6109
5526 6110
5963 6111
3060 6112
726 6113
455 6114
1378 6115
3658 6116
5278 6117
1038 6118
306 6119
3053 6120
2232 6121
5810 6122
685 6123
930 6124
628 6125
3805 6126
755 6127
5090 6128
197 6129
2335 6130
3356 6131
3125 6132
1348 6133
4149 6134
5064 6135
1911 6136
686 6137
4877 6138
3659 6139
5464 6140
1011 6141
5907 6142
459 6143
4503 6144
339 6145
4312 6146
3214 6147
3496 6148
5402 6149
342 6150
1045 6151
5062 6152
5694 6153
4001 6154
270 6155
4782 6156
5935 6157
5397 6158
2268 6159
1170 6160
1087 6161
5879 6162
1173 6163
629 6164
493 6165
572 6166
3525 6167
2025 6168
1652 6169
2920 6170
2821 6171
7 6172
2089 6173
5444 6174
1864 6175
5674 6176
770 6177
1245 6178
1686 6179
4722 6180
5559 6181
4762 6182
197 6183
1365 6184
1427 6185
6142 6186
5935 6187
297 6188
592 6189
1277 6190
4402 6191
4163 6192
2240 6193
4751 6194
4067 6195
4485 6196
5524 6197
2551 6198
2187 6199
1791 6200
4112 6201
5132 6202
3505 6203
3802 6204
1113 6205
5483 6206
5858 6207
4308 6208
689 6209
3855 6210
2745 6211
3244 6212
3936 6213
5419 6214
2650 6215
5671 6216
4689 6217
1913 6218
3471 6219
1586 6220
3118 6221
5386 6222
4341 6223
3648 6224
1601 6225
3081 6226
3781 6227
1813 6228
5100 6229
2687 6230
2117 6231
1063 6232
3272 6233
2369 6234
3362 6235
1714 6236
5925 6237
5759 6238
3126 6239
3542 6240
34 6241
5798 6242
715 6243
3591 6244
2056 6245
4631 6246
5002 6247
5242 6248
3632 6249
206 6250
4935 6251
594 6252
2394 6253
3053 6254
1602 6255
4822 6256
2543 6257
2520 6258
3696 6259
3133 6260
1988 6261
2082 6262
254 6263
2066 6264
908 6265
3894 6266
3991 6267
1253 6268
4504 6269
3352 6270
3822 6271
227 6272
4325 6273
5856 6274
3309 6275
4913 6276
130 6277
5763 6278
4652 6279
3462 6280
764 6281
5941 6282
1059 6283
5499 6284
5611 6285
906 6286
2060 6287
2322 6288
3534 6289
4727 6290
2068 6291
3129 6292
3458 6293
3504 6294
2822 6295
2237 6296
4328 6297
3805 6298
1010 6299
1508 6300
4936 6301
2052 6302
1123 6303
2206 6304
5099 6305
2851 6306
1910 6307
2325 6308
5933 6309
3987 6310
460 6311
784 6312
5057 6313
5709 6314
2272 6315
5592 6316
2289 6317
2899 6318
1703 6319
5572 6320
4124 6321
3121 6322
4316 6323
6298 6324
2358 6325
1489 6326
3617 6327
6121 6328
4727 6329
1910 6330
1514 6331
3088 6332
4 6333
4568 6334
2920 6335
1482 6336
3153 6337
2115 6338
4311 6339
6242 6340
3156 6341
4636 6342
2222 6343
6150 6344
5754 6345
2230 6346
2399 6347
5170 6348
4092 6349
1204 6350
5570 6351
515 6352
1584 6353
2532 6354
1603 6355
317 6356
4656 6357
1215 6358
3173 6359
1632 6360
992 6361
3648 6362
3498 6363
932 6364
66 6365
15 6366
4790 6367
890 6368
3475 6369
4798 6370
4604 6371
5284 6372
35 6373
4208 6374
1366 6375
3128 6376
6222 6377
3314 6378
5678 6379
5546 6380
4941 6381
1370 6382
5943 6383
1159 6384
4482 6385
4435 6386
3855 6387
3545 6388
3275 6389
992 6390
4905 6391
4959 6392
2795 6393
425 6394
1281 6395
3758 6396
2679 6397
3022 6398
2192 6399
4868 6400
4621 6401
2480 6402
5430 6403
5325 6404
3063 6405
1354 6406
2263 6407
6252 6408
5954 6409
3907 6410
3836 6411
6108 6412
4415 6413
3901 6414
1621 6415
1512 6416
4566 6417
2865 6418
476 6419
4139 6420
130 6421
1588 6422
2753 6423
6177 6424
2052 6425
1356 6426
5541 6427
2034 6428
316 6429
4899 6430
3491 6431
5839 6432
9 6433
722 6434
2533 6435
3980 6436
4158 6437
1432 6438
2158 6439
1391 6440
2398 6441
3210 6442
5184 6443
6105 6444
3923 6445
2948 6446
1082 6447
2968 6448
3877 6449
1350 6450
4849 6451
1803 6452
5174 6453
4841 6454
3444 6455
460 6456
1845 6457
1185 6458
598 6459
5545 6460
2164 6461
5451 6462
434 6463
1352 6464
2100 6465
198 6466
5278 6467
5999 6468
5698 6469
2928 6470
233 6471
5095 6472
1866 6473
719 6474
2281 6475
1378 6476
5102 6477
5724 6478
4094 6479
3271 6480
29 6481
5318 6482
4328 6483
4591 6484
3146 6485
300 6486
2617 6487
1480 6488
6432 6489
4956 6490
2921 6491
3887 6492
1107 6493
2824 6494
3914 6495
601 6496
4543 6497
5574 6498
2479 6499
3831 6500
5694 6501
2377 6502
4660 6503
1136 6504
5605 6505
1256 6506
3901 6507
2567 6508
1781 6509
1714 6510
3759 6511
1025 6512
2805 6513
6131 6514
6334 6515
3681 6516
1847 6517
344 6518
2189 6519
2321 6520
871 6521
2996 6522
3215 6523
5133 6524
2183 6525
1457 6526
1609 6527
3019 6528
4253 6529
1831 6530
2112 6531
5594 6532
3745 6533
5339 6534
6099 6535
1187 6536
889 6537
1955 6538
3042 6539
1568 6540
1590 6541
6094 6542
4598 6543
5990 6544
4275 6545
305 6546
956 6547
6535 6548
6202 6549
3620 6550
257 6551
2102 6552
3824 6553
1271 6554
6287 6555
1679 6556
5428 6557
1642 6558
4117 6559
3202 6560
5587 6561
3522 6562
5292 6563
2456 6564
6059 6565
2843 6566
4982 6567
6031 6568
3274 6569
4364 6570
688 6571
251 6572
4921 6573
171 6574
2377 6575
2671 6576
189 6577
916 6578
1896 6579
1130 6580
1548 6581
731 6582
3119 6583
4616 6584
4819 6585
5233 6586
3676 6587
3500 6588
5830 6589
1645 6590
1256 6591
1729 6592
308 6593
1170 6594
6395 6595
2081 6596
6419 6597
4496 6598
2997 6599
3095 6600
4592 6601
1305 6602
3721 6603
1436 6604
5976 6605
1129 6606
4862 6607
1759 6608
6217 6609
6481 6610
2750 6611
4983 6612
1053 6613
6413 6614
3049 6615
3601 6616
768 6617
1492 6618
4358 6619
2767 6620
6460 6621
1391 6622
3707 6623
3980 6624
2958 6625
122 6626
1034 6627
2617 6628
5730 6629
2686 6630
5093 6631
4154 6632
5948 6633
5486 6634
4995 6635
2714 6636
720 6637
5061 6638
672 6639
2615 6640
5184 6641
1243 6642
2399 6643
3776 6644
6360 6645
3336 6646
942 6647
2095 6648
5199 6649
4574 6650
721 6651
306 6652
5962 6653
457 6654
4946 6655
5951 6656
1264 6657
6134 6658
5664 6659
1773 6660
3957 6661
4367 6662
834 6663
5533 6664
42 6665
5185 6666
4969 6667
2083 6668
231 6669
2988 6670
2626 6671
1110 6672
4158 6673
2446 6674
390 6675
1728 6676
4891 6677
6455 6678
5195 6679
5048 6680
2737 6681
1373 6682
2279 6683
2140 6684
247 6685
4111 6686
3429 6687
110 6688
5183 6689
164 6690
3291 6691
4850 6692
2295 6693
4962 6694
1500 6695
2562 6696
1833 6697
5645 6698
498 6699
638 6700
4484 6701
1703 6702
4176 6703
5136 6704
5525 6705
5486 6706
3815 6707
2584 6708
4681 6709
3662 6710
5346 6711
2930 6712
4608 6713
5822 6714
5189 6715
5522 6716
976 6717
4853 6718
536 6719
2224 6720
4792 6721
2164 6722
5486 6723
1794 6724
900 6725
3675 6726
1420 6727
1331 6728
5748 6729
5248 6730
2069 6731
3061 6732
3362 6733
1324 6734
1189 6735
838 6736
584 6737
4309 6738
4750 6739
6713 6740
4477 6741
5688 6742
6641 6743
6016 6744
570 6745
5097 6746
2332 6747
475 6748
3845 6749
5710 6750
5559 6751
2960 6752
4442 6753
4097 6754
3040 6755
2755 6756
1205 6757
3633 6758
4742 6759
655 6760
300 6761
3847 6762
5487 6763
3596 6764
2321 6765
475 6766
6340 6767
359 6768
6086 6769
2514 6770
1947 6771
553 6772
1057 6773
3850 6774
255 6775
1752 6776
100 6777
264 6778
1154 6779
6151 6780
3460 6781
3756 6782
822 6783
1527 6784
427 6785
1077 6786
39 6787
5782 6788
3305 6789
5341 6790
3779 6791
1956 6792
5973 6793
4442 6794
4718 6795
6382 6796
2777 6797
5546 6798
5990 6799
4941 6800
1373 6801
3945 6802
459 6803
1143 6804
618 6805
4798 6806
4687 6807
4773 6808
5037 6809
2378 6810
3438 6811
1939 6812
4606 6813
955 6814
5726 6815
3107 6816
4502 6817
6201 6818
1483 6819
67 6820
2075 6821
6544 6822
26 6823
1167 6824
2470 6825
6230 6826
3219 6827
1909 6828
2584 6829
1224 6830
702 6831
4548 6832
686 6833
6175 6834
5987 6835
6662 6836
2736 6837
2353 6838
6612 6839
5452 6840
1032 6841
411 6842
1671 6843
4588 6844
6293 6845
3825 6846
357 6847
2097 6848
1137 6849
4484 6850
6595 6851
2404 6852
4737 6853
2212 6854
1967 6855
2096 6856
1827 6857
1254 6858
5470 6859
66 6860
4125 6861
914 6862
3716 6863
6678 6864
734 6865
4205 6866
4718 6867
2441 6868
6359 6869
2230 6870
4326 6871
5026 6872
5907 6873
3970 6874
2354 6875
3841 6876
3322 6877
1186 6878
6388 6879
3685 6880
1991 6881
2122 6882
1517 6883
20 6884
2307 6885
4251 6886
3371 6887
2838 6888
4911 6889
3635 6890
5205 6891
1531 6892
3031 6893
4726 6894
4301 6895
3604 6896
1344 6897
5565 6898
1166 6899
3704 6900
147 6901
1051 6902
3184 6903
3054 6904
6340 6905
4507 6906
140 6907
4155 6908
1967 6909
5531 6910
6075 6911
4473 6912
5777 6913
2690 6914
2649 6915
3305 6916
1246 6917
2093 6918
5399 6919
2285 6920
2350 6921
5353 6922
3781 6923
80 6924
4378 6925
2409 6926
1307 6927
3768 6928
1382 6929
5052 6930
3601 6931
3589 6932
1042 6933
3415 6934
427 6935
2254 6936
5848 6937
1976 6938
6264 6939
4605 6940
1001 6941
2314 6942
1678 6943
236 6944
5972 6945
224 6946
3420 6947
4026 6948
2025 6949
2743 6950
5838 6951
3896 6952
4630 6953
3821 6954
3920 6955
244 6956
3767 6957
1189 6958
1194 6959
2729 6960
1444 6961
2520 6962
6498 6963
1469 6964
5677 6965
1088 6966
1128 6967
992 6968
1858 6969
5597 6970
6566 6971
1147 6972
3004 6973
5767 6974
342 6975
2385 6976
6609 6977
5493 6978
6934 6979
24 6980
1632 6981
5732 6982
2577 6983
86 6984
5577 6985
2227 6986
4516 6987
1873 6988
6380 6989
519 6990
5223 6991
1936 6992
1867 6993
6162 6994
2934 6995
3001 6996
6749 6997
5749 6998
1757 6999
5216 7000
2260 7001
2609 7002
2966 7003
475 7004
4665 7005
2893 7006
3156 7007
3981 7008
6203 7009
5618 7010
2194 7011
3661 7012
2239 7013
6349 7014
4872 7015
4442 7016
5774 7017
4603 7018
6656 7019
2552 7020
490 7021
407 7022
5807 7023
1979 7024
3726 7025
2648 7026
310 7027
5114 7028
1105 7029
1010 7030
2597 7031
4934 7032
2516 7033
5561 7034
5282 7035
2222 7036
4980 7037
2426 7038
1015 7039
7022 7040
4048 7041
1459 7042
124 7043
3688 7044
4050 7045
6434 7046
3397 7047
1876 7048
5266 7049
2910 7050
5852 7051
886 7052
5326 7053
2219 7054
234 7055
6011 7056
543 7057
3400 7058
2745 7059
6540 7060
1169 7061
3281 7062
6437 7063
3912 7064
2134 7065
6132 7066
482 7067
4100 7068
6542 7069
4244 7070
4476 7071
1985 7072
871 7073
5449 7074
7061 7075
4421 7076
5950 7077
835 7078
6537 7079
1741 7080
621 7081
1617 7082
2003 7083
4297 7084
3596 7085
5218 7086
4272 7087
862 7088
4723 7089
1806 7090
6847 7091
3959 7092
6974 7093
2421 7094
7062 7095
6868 7096
930 7097
1735 7098
4340 7099
3838 7100
5956 7101
7045 7102
2724 7103
287 7104
1499 7105
1181 7106
4244 7107
6743 7108
5606 7109
1894 7110
4419 7111
5219 7112
2789 7113
4615 7114
1315 7115
6954 7116
6204 7117
2875 7118
5361 7119
4099 7120
4743 7121
3194 7122
2162 7123
2669 7124
4036 7125
6377 7126
3874 7127
100 7128
652 7129
5396 7130
4316 7131
1767 7132
604 7133
2098 7134
2317 7135
4419 7136
1501 7137
2536 7138
4494 7139
1020 7140
1145 7141
6478 7142
5414 7143
3767 7144
5546 7145
1412 7146
2037 7147
4410 7148
5715 7149
6881 7150
3470 7151
715 7152
6967 7153
529 7154
5196 7155
1320 7156
1625 7157
3704 7158
4421 7159
7113 7160
4584 7161
6151 7162
4898 7163
6706 7164
464 7165
4317 7166
4321 7167
1497 7168
2372 7169
6021 7170
782 7171
1186 7172
2080 7173
6514 7174
1337 7175
5203 7176
3483 7177
5103 7178
969 7179
1491 7180
1017 7181
3070 7182
298 7183
801 7184
830 7185
4099 7186
3424 7187
5161 7188
5506 7189
2799 7190
4770 7191
1043 7192
895 7193
6598 7194
2950 7195
6116 7196
6521 7197
6167 7198
6549 7199
2918 7200
740 7201
1005 7202
63 7203
5825 7204
5130 7205
1241 7206
3076 7207
4964 7208
3522 7209
6144 7210
2328 7211
2852 7212
879 7213
3711 7214
6671 7215
1949 7216
4031 7217
1385 7218
4567 7219
476 7220
3174 7221
1347 7222
5880 7223
895 7224
1530 7225
2912 7226
7222 7227
1369 7228
6616 7229
3627 7230
2556 7231
4901 7232
3009 7233
320 7234
3670 7235
2571 7236
1146 7237
5030 7238
6179 7239
3658 7240
2592 7241
3637 7242
4447 7243
6063 7244
1673 7245
1251 7246
192 7247
5590 7248
563 7249
6427 7250
5763 7251
6665 7252
3125 7253
5627 7254
2550 7255
3989 7256
5585 7257
5315 7258
6336 7259
6725 7260
5484 7261
6983 7262
1960 7263
1911 7264
928 7265
3483 7266
1395 7267
4240 7268
2933 7269
2097 7270
2364 7271
1742 7272
1147 7273
3262 7274
1616 7275
2098 7276
3266 7277
5578 7278
4038 7279
3148 7280
5851 7281
2128 7282
4151 7283
7168 7284
3450 7285
1159 7286
778 7287
1080 7288
2639 7289
5675 7290
1470 7291
5794 7292
1545 7293
3428 7294
1817 7295
2564 7296
5035 7297
6349 7298
5601 7299
1288 7300
1819 7301
5304 7302
4407 7303
3258 7304
6105 7305
6271 7306
198 7307
461 7308
1951 7309
4181 7310
4015 7311
967 7312
4129 7313
6416 7314
6693 7315
4737 7316
1306 7317
7197 7318
7112 7319
2966 7320
7245 7321
6518 7322
2136 7323
1160 7324
2020 7325
6479 7326
2171 7327
199 7328
4432 7329
3739 7330
1411 7331
6293 7332
1178 7333
6423 7334
2894 7335
1588 7336
3091 7337
527 7338
5969 7339
5014 7340
4409 7341
2055 7342
3836 7343
5248 7344
589 7345
2883 7346
696 7347
1081 7348
2880 7349
4505 7350
6199 7351
5599 7352
3488 7353
6109 7354
4185 7355
6198 7356
2317 7357
4741 7358
5914 7359
6553 7360
6182 7361
4137 7362
6380 7363
4778 7364
6307 7365
4305 7366
6060 7367
2890 7368
7011 7369
6055 7370
5643 7371
1253 7372
359 7373
7161 7374
4834 7375
6699 7376
1920 7377
126 7378
82 7379
6202 7380
3121 7381
4854 7382
1158 7383
687 7384
6102 7385
3350 7386
6805 7387
5233 7388
2361 7389
6492 7390
665 7391
2527 7392
5579 7393
6130 7394
422 7395
315 7396
7311 7397
5791 7398
5163 7399
788 7400
3518 7401
5841 7402
4697 7403
4171 7404
5834 7405
7290 7406
4090 7407
3430 7408
4831 7409
2190 7410
5216 7411
2814 7412
4850 7413
4620 7414
3058 7415
640 7416
2283 7417
7227 7418
2557 7419
1587 7420
6953 7421
1216 7422
261 7423
3316 7424
4260 7425
182 7426
3425 7427
1266 7428
6256 7429
6749 7430
1901 7431
1078 7432
6899 7433
2123 7434
5971 7435
1117 7436
1881 7437
2457 7438
4784 7439
2816 7440
244 7441
1097 7442
2319 7443
6665 7444
6389 7445
2793 7446
3461 7447
1550 7448
6776 7449
1049 7450
2040 7451
2399 7452
6215 7453
5512 7454
2321 7455
3287 7456
1512 7457
4737 7458
6227 7459
6626 7460
6399 7461
6662 7462
3380 7463
1807 7464
7306 7465
7241 7466
1706 7467
2668 7468
1480 7469
3694 7470
1121 7471
5130 7472
5828 7473
1406 7474
145 7475
6767 7476
4804 7477
7321 7478
258 7479
7473 7480
2358 7481
4179 7482
887 7483
2182 7484
7413 7485
2801 7486
144 7487
3033 7488
999 7489
2287 7490
1438 7491
6898 7492
4824 7493
3856 7494
2866 7495
2186 7496
1259 7497
6787 7498
2657 7499
1893 7500
698 7501
3048 7502
2968 7503
7454 7504
4130 7505
1581 7506
835 7507
2944 7508
5223 7509
2282 7510
2812 7511
4428 7512
2647 7513
2625 7514
1816 7515
6509 7516
6818 7517
6957 7518
6869 7519
3193 7520
3647 7521
730 7522
3585 7523
4065 7524
7329 7525
1581 7526
3822 7527
1954 7528
4549 7529
473 7530
6717 7531
2244 7532
7495 7533
1384 7534
5951 7535
4988 7536
6940 7537
140 7538
4414 7539
5105 7540
3135 7541
2428 7542
4301 7543
1739 7544
6034 7545
6911 7546
2516 7547
6343 7548
4285 7549
5812 7550
1354 7551
735 7552
6645 7553
2156 7554
834 7555
4201 7556
6046 7557
5382 7558
87 7559
6205 7560
5074 7561
2422 7562
4465 7563
162 7564
1367 7565
686 7566
7500 7567
6617 7568
1955 7569
628 7570
5814 7571
7100 7572
3851 7573
2211 7574
3281 7575
1989 7576
702 7577
4952 7578
261 7579
291 7580
6726 7581
4586 7582
4612 7583
7372 7584
4218 7585
4495 7586
3143 7587
2508 7588
2791 7589
4095 7590
5818 7591
2571 7592
5485 7593
2345 7594
7420 7595
7053 7596
6681 7597
2332 7598
2897 7599
3461 7600
217 7601
3890 7602
5957 7603
719 7604
2721 7605
596 7606
7330 7607
663 7608
51 7609
716 7610
7446 7611
4855 7612
5025 7613
4780 7614
6551 7615
4179 7616
6493 7617
2770 7618
5909 7619
3826 7620
4338 7621
4116 7622
380 7623
5150 7624
7301 7625
2113 7626
5078 7627
3066 7628
6341 7629
5409 7630
4803 7631
3124 7632
1737 7633
502 7634
7408 7635
3681 7636
3994 7637
2864 7638
2334 7639
6666 7640
4806 7641
3941 7642
2339 7643
3839 7644
4168 7645
201 7646
6102 7647
6353 7648
3577 7649
4608 7650
2294 7651
7352 7652
5245 7653
3586 7654
7585 7655
5404 7656
1130 7657
1461 7658
3593 7659
5354 7660
4443 7661
3815 7662
7585 7663
2910 7664
1427 7665
2584 7666
1670 7667
7465 7668
3916 7669
3350 7670
6702 7671
2082 7672
4947 7673
5850 7674
7423 7675
113 7676
3506 7677
4734 7678
7570 7679
7212 7680
6219 7681
6944 7682
1996 7683
7391 7684
7211 7685
4353 7686
495 7687
3651 7688
6654 7689
4935 7690
1388 7691
2646 7692
479 7693
3104 7694
278 7695
6109 7696
1727 7697
5294 7698
6766 7699
2986 7700
6796 7701
5826 7702
6426 7703
481 7704
7415 7705
5283 7706
3991 7707
6056 7708
451 7709
7316 7710
1595 7711
7378 7712
55 7713
2801 7714
742 7715
1512 7716
3589 7717
5684 7718
5191 7719
2474 7720
2103 7721
4419 7722
3443 7723
4774 7724
6764 7725
4757 7726
7049 7727
1212 7728
7378 7729
6017 7730
7519 7731
4815 7732
7406 7733
3112 7734
2440 7735
7584 7736
1981 7737
3918 7738
2053 7739
4593 7740
2446 7741
6777 7742
6684 7743
6261 7744
5311 7745
280 7746
7571 7747
2152 7748
6823 7749
7393 7750
2167 7751
97 7752
2279 7753
6870 7754
2941 7755
1864 7756
1660 7757
7492 7758
6131 7759
3194 7760
1099 7761
7439 7762
7335 7763
3846 7764
4212 7765
5241 7766
6697 7767
4874 7768
3423 7769
2612 7770
1507 7771
732 7772
1853 7773
918 7774
5020 7775
5462 7776
2595 7777
219 7778
520 7779
5002 7780
1507 7781
7074 7782
6613 7783
2934 7784
709 7785
6355 7786
6977 7787
1648 7788
3224 7789
1895 7790
877 7791
2587 7792
4826 7793
7252 7794
5166 7795
805 7796
4116 7797
2884 7798
2326 7799
5761 7800
3332 7801
1579 7802
3663 7803
3839 7804
3837 7805
5893 7806
1646 7807
6396 7808
6382 7809
7795 7810
152 7811
7180 7812
990 7813
3503 7814
1096 7815
887 7816
896 7817
5104 7818
1128 7819
7390 7820
2642 7821
4830 7822
6617 7823
2669 7824
5082 7825
701 7826
502 7827
7041 7828
1642 7829
1904 7830
656 7831
405 7832
1268 7833
2031 7834
603 7835
7431 7836
4276 7837
3410 7838
2800 7839
1418 7840
635 7841
6235 7842
6092 7843
7172 7844
7741 7845
2441 7846
1966 7847
4777 7848
798 7849
2447 7850
2610 7851
6272 7852
1189 7853
3731 7854
5095 7855
2068 7856
5090 7857
2636 7858
536 7859
1390 7860
3928 7861
2332 7862
1135 7863
593 7864
4237 7865
7774 7866
2353 7867
5107 7868
6259 7869
4003 7870
4887 7871
4772 7872
4299 7873
5421 7874
7385 7875
178 7876
1557 7877
1091 7878
2913 7879
3846 7880
4739 7881
7812 7882
4634 7883
2455 7884
6076 7885
2489 7886
2670 7887
5999 7888
2111 7889
1508 7890
6737 7891
4126 7892
6809 7893
6272 7894
3821 7895
5089 7896
2193 7897
2668 7898
4905 7899
6367 7900
6155 7901
983 7902
5584 7903
4601 7904
3826 7905
3986 7906
519 7907
97 7908
4694 7909
7124 7910
3347 7911
1526 7912
1165 7913
2476 7914
7452 7915
4753 7916
4731 7917
435 7918
6550 7919
310 7920
5564 7921
4707 7922
7335 7923
7402 7924
4592 7925
7045 7926
2758 7927
2643 7928
518 7929
4718 7930
1523 7931
5533 7932
5726 7933
6122 7934
5250 7935
3407 7936
4540 7937
500 7938
6281 7939
6376 7940
6545 7941
5195 7942
3721 7943
3123 7944
6970 7945
1857 7946
3082 7947
7343 7948
1209 7949
2144 7950
6096 7951
3584 7952
6020 7953
109 7954
1771 7955
1283 7956
471 7957
5358 7958
3805 7959
4771 7960
1688 7961
6702 7962
5300 7963
4176 7964
415 7965
5159 7966
4147 7967
250 7968
3430 7969
6002 7970
815 7971
127 7972
6634 7973
6961 7974
3000 7975
5810 7976
1312 7977
4566 7978
7294 7979
7766 7980
3543 7981
2620 7982
2565 7983
7724 7984
3094 7985
4939 7986
3818 7987
444 7988
7231 7989
7334 7990
5460 7991
1595 7992
7353 7993
5020 7994
7745 7995
6989 7996
5166 7997
4579 7998
6013 7999
7465 8000
6395 8001
2638 8002
4107 8003
6926 8004
7583 8005
2842 8006
4647 8007
7052 8008
6683 8009
4440 8010
7131 8011
2327 8012
7206 8013
2219 8014
2110 8015
2207 8016
3909 8017
6065 8018
1473 8019
5461 8020
4769 8021
6797 8022
5382 8023
7610 8024
2413 8025
5757 8026
2432 8027
816 8028
2383 8029
5740 8030
2913 8031
2614 8032
6530 8033
1566 8034
803 8035
5556 8036
959 8037
1911 8038
2577 8039
6679 8040
5108 8041
1566 8042
7559 8043
1109 8044
6514 8045
4333 8046
6673 8047
3596 8048
2687 8049
3890 8050
4721 8051
2779 8052
525 8053
545 8054
4385 8055
7552 8056
3523 8057
4846 8058
2326 8059
5525 8060
7290 8061
5784 8062
5592 8063
2360 8064
7583 8065
3620 8066
2004 8067
4643 8068
4794 8069
7017 8070
3741 8071
4408 8072
5132 8073
6026 8074
4432 8075
3768 8076
1841 8077
4248 8078
877 8079
559 8080
633 8081
6977 8082
3986 8083
3506 8084
6030 8085
2294 8086
7931 8087
1344 8088
3594 8089
3730 8090
5397 8091
2166 8092
5510 8093
7111 8094
213 8095
3053 8096
1480 8097
90 8098
4237 8099
2266 8100
1545 8101
3848 8102
7710 8103
3564 8104
7328 8105
5438 8106
7098 8107
4174 8108
4709 8109
4260 8110
5449 8111
3476 8112
6021 8113
7865 8114
2245 8115
871 8116
7513 8117
4162 8118
6086 8119
2547 8120
914 8121
1515 8122
5798 8123
3387 8124
7214 8125
4571 8126
7488 8127
3954 8128
1383 8129
6909 8130
7295 8131
3425 8132
3727 8133
6738 8134
6851 8135
1647 8136
4905 8137
8017 8138
3292 8139
6532 8140
3740 8141
2862 8142
4613 8143
221 8144
5009 8145
2359 8146
1730 8147
5301 8148
2251 8149
1687 8150
1470 8151
7836 8152
669 8153
5230 8154
475 8155
5658 8156
6666 8157
7040 8158
4103 8159
1743 8160
6128 8161
4420 8162
517 8163
5396 8164
2923 8165
423 8166
1408 8167
7274 8168
7166 8169
7883 8170
995 8171
5349 8172
3111 8173
6316 8174
6470 8175
1102 8176
757 8177
4298 8178
6428 8179
7799 8180
6514 8181
3223 8182
4545 8183
4535 8184
1480 8185
4659 8186
5728 8187
809 8188
7682 8189
6054 8190
8 8191
6779 8192
7959 8193
6853 8194
2143 8195
6769 8196
5097 8197
2262 8198
2199 8199
4855 8200
2794 8201
7071 8202
1087 8203
4067 8204
5036 8205
5359 8206
4468 8207
7395 8208
5216 8209
2441 8210
5828 8211
3194 8212
6143 8213
6234 8214
3802 8215
6 8216
1046 8217
418 8218
826 8219
1090 8220
801 8221
5768 8222
2058 8223
1995 8224
5825 8225
1372 8226
4199 8227
6334 8228
5571 8229
752 8230
4187 8231
6611 8232
393 8233
1538 8234
4389 8235
7798 8236
1702 8237
1384 8238
2324 8239
1816 8240
447 8241
2265 8242
3585 8243
7868 8244
981 8245
4939 8246
7886 8247
5738 8248
6493 8249
4771 8250
3365 8251
7649 8252
7167 8253
7825 8254
5124 8255
6833 8256
134 8257
7442 8258
3931 8259
734 8260
2347 8261
4020 8262
8244 8263
1019 8264
6154 8265
4254 8266
2848 8267
1601 8268
5391 8269
6736 8270
2644 8271
6228 8272
5910 8273
6743 8274
7728 8275
4556 8276
6743 8277
5642 8278
5370 8279
7648 8280
6941 8281
3731 8282
518 8283
2260 8284
3926 8285
1845 8286
7759 8287
1137 8288
6808 8289
5824 8290
3202 8291
7464 8292
5099 8293
1540 8294
3777 8295
6341 8296
5708 8297
2137 8298
8176 8299
7859 8300
3620 8301
2894 8302
2632 8303
7306 8304
4724 8305
5856 8306
1931 8307
2386 8308
7613 8309
6492 8310
6300 8311
7608 8312
7292 8313
4159 8314
465 8315
7645 8316
2985 8317
2711 8318
2796 8319
7956 8320
4231 8321
5334 8322
5505 8323
3519 8324
1470 8325
3359 8326
854 8327
4402 8328
6125 8329
1610 8330
6461 8331
1846 8332
6096 8333
1096 8334
7424 8335
2022 8336
3091 8337
1629 8338
5697 8339
7742 8340
8073 8341
465 8342
2413 8343
7427 8344
2644 8345
1 8346
4562 8347
6708 8348
2097 8349
4133 8350
4410 8351
5427 8352
8107 8353
6068 8354
317 8355
6636 8356
1039 8357
1553 8358
1478 8359
685 8360
1989 8361
1685 8362
785 8363
6222 8364
6623 8365
6392 8366
3964 8367
33 8368
662 8369
6909 8370
8169 8371
6210 8372
7543 8373
1442 8374
4875 8375
5876 8376
4749 8377
177 8378
2522 8379
5866 8380
7599 8381
6456 8382
4635 8383
656 8384
3276 8385
5677 8386
52 8387
5327 8388
426 8389
4875 8390
2698 8391
3743 8392
8220 8393
2904 8394
3154 8395
2654 8396
6397 8397
1144 8398
3942 8399
2615 8400
3359 8401
2160 8402
6155 8403
8270 8404
568 8405
7738 8406
6503 8407
6502 8408
4050 8409
8095 8410
1518 8411
6595 8412
6717 8413
5669 8414
3297 8415
1549 8416
1267 8417
3119 8418
1306 8419
1970 8420
3553 8421
1908 8422
7044 8423
8242 8424
996 8425
2169 8426
5190 8427
1495 8428
5975 8429
8365 8430
1897 8431
1783 8432
7219 8433
7547 8434
5722 8435
2958 8436
3804 8437
6830 8438
141 8439
2404 8440
7919 8441
1484 8442
1284 8443
6110 8444
1074 8445
4436 8446
1004 8447
2447 8448
7983 8449
3708 8450
2024 8451
202 8452
3047 8453
2925 8454
7126 8455
787 8456
6627 8457
4191 8458
798 8459
1862 8460
4365 8461
6137 8462
8252 8463
5022 8464
4404 8465
3006 8466
1938 8467
799 8468
5383 8469
7743 8470
6145 8471
4849 8472
7127 8473
1484 8474
5128 8475
1402 8476
772 8477
1208 8478
3009 8479
651 8480
4683 8481
1977 8482
6181 8483
6381 8484
4446 8485
5479 8486
5690 8487
4484 8488
3846 8489
3931 8490
4862 8491
3626 8492
2516 8493
3310 8494
3833 8495
7899 8496
5075 8497
3961 8498
7494 8499
6456 8500
4509 8501
5234 8502
4410 8503
190 8504
7895 8505
7889 8506
3616 8507
7196 8508
2614 8509
860 8510
710 8511
414 8512
4386 8513
6793 8514
8159 8515
5840 8516
437 8517
2858 8518
1683 8519
4679 8520
4389 8521
4340 8522
7901 8523
5743 8524
7578 8525
5313 8526
4942 8527
5517 8528
6084 8529
272 8530
5591 8531
3538 8532
3004 8533
8200 8534
4128 8535
6429 8536
3974 8537
6369 8538
5345 8539
8434 8540
7780 8541
3419 8542
986 8543
7836 8544
2646 8545
8224 8546
4791 8547
8097 8548
405 8549
1278 8550
1602 8551
4945 8552
4925 8553
980 8554
42 8555
5269 8556
1350 8557
6539 8558
7019 8559
6268 8560
6313 8561
7848 8562
5521 8563
4829 8564
2455 8565
3345 8566
5917 8567
2418 8568
1521 8569
4880 8570
5796 8571
8100 8572
5606 8573
5757 8574
6287 8575
375 8576
8134 8577
4757 8578
4557 8579
1298 8580
1284 8581
6030 8582
4427 8583
8163 8584
736 8585
70 8586
5969 8587
5151 8588
5890 8589
4920 8590
1324 8591
4618 8592
4352 8593
581 8594
2772 8595
5791 8596
3454 8597
5700 8598
1429 8599
213 8600
1804 8601
1150 8602
6476 8603
5148 8604
7938 8605
3953 8606
3112 8607
7505 8608
5347 8609
7192 8610
3822 8611
6523 8612
6599 8613
6518 8614
2236 8615
6440 8616
5704 8617
5142 8618
5973 8619
7783 8620
4851 8621
6743 8622
3901 8623
5467 8624
3835 8625
662 8626
139 8627
8101 8628
6272 8629
4635 8630
2258 8631
8255 8632
6670 8633
7872 8634
405 8635
3065 8636
1531 8637
1046 8638
7274 8639
3154 8640
3412 8641
5095 8642
1795 8643
1392 8644
7855 8645
325 8646
6082 8647
5610 8648
5803 8649
8222 8650
6559 8651
7385 8652
4336 8653
8624 8654
8329 8655
8153 8656
3990 8657
1639 8658
4036 8659
3552 8660
5104 8661
852 8662
6054 8663
4786 8664
7950 8665
8095 8666
6767 8667
6019 8668
7062 8669
8055 8670
4237 8671
7829 8672
3777 8673
292 8674
865 8675
5638 8676
2243 8677
7386 8678
7278 8679
5174 8680
2243 8681
7678 8682
4029 8683
3466 8684
4587 8685
4897 8686
4707 8687
5155 8688
3162 8689
214 8690
1555 8691
5951 8692
8064 8693
3650 8694
1574 8695
3310 8696
3124 8697
956 8698
7069 8699
3065 8700
323 8701
5055 8702
8343 8703
8149 8704
5767 8705
1746 8706
6515 8707
7448 8708
3097 8709
5620 8710
1437 8711
760 8712
4554 8713
8144 8714
7407 8715
7420 8716
2578 8717
8008 8718
2352 8719
4500 8720
3005 8721
6387 8722
4181 8723
4418 8724
2623 8725
1660 8726
2293 8727
7670 8728
5699 8729
5770 8730
1939 8731
951 8732
4228 8733
4212 8734
7291 8735
1193 8736
5858 8737
2526 8738
7371 8739
3335 8740
5250 8741
8400 8742
4126 8743
2800 8744
7602 8745
5672 8746
7645 8747
2313 8748
4260 8749
2679 8750
4752 8751
4362 8752
8506 8753
2816 8754
3072 8755
4371 8756
6421 8757
6296 8758
8453 8759
3629 8760
2325 8761
7019 8762
392 8763
8073 8764
6739 8765
6736 8766
5862 8767
2404 8768
8682 8769
6321 8770
580 8771
6178 8772
7075 8773
3272 8774
1286 8775
2197 8776
3466 8777
5969 8778
836 8779
444 8780
4328 8781
7933 8782
5196 8783
7920 8784
6319 8785
8767 8786
59 8787
593 8788
6666 8789
7299 8790
3403 8791
7709 8792
7996 8793
549 8794
7530 8795
3191 8796
3556 8797
2922 8798
5604 8799
2061 8800
81 8801
4439 8802
6789 8803
8314 8804
5111 8805
2606 8806
5307 8807
5015 8808
5202 8809
1007 8810
2480 8811
7068 8812
3499 8813
6455 8814
5654 8815
5408 8816
7567 8817
7952 8818
840 8819
5498 8820
2975 8821
3108 8822
8777 8823
1891 8824
1119 8825
4577 8826
8019 8827
1895 8828
2127 8829
150 8830
6222 8831
228 8832
778 8833
6386 8834
3589 8835
2936 8836
1637 8837
3249 8838
6632 8839
3239 8840
8230 8841
5277 8842
924 8843
6002 8844
5245 8845
5118 8846
4846 8847
6419 8848
3950 8849
5282 8850
6725 8851
4282 8852
4167 8853
7575 8854
2013 8855
6348 8856
3135 8857
7972 8858
5208 8859
3426 8860
5988 8861
2034 8862
4054 8863
7674 8864
6020 8865
1452 8866
3862 8867
1199 8868
557 8869
3006 8870
6727 8871
1877 8872
2051 8873
8373 8874
2509 8875
7115 8876
2699 8877
3155 8878
3331 8879
4252 8880
2757 8881
813 8882
4994 8883
2803 8884
5327 8885
4726 8886
6497 8887
3076 8888
6021 8889
2439 8890
1413 8891
5575 8892
1135 8893
4208 8894
8353 8895
7811 8896
5489 8897
3658 8898
3801 8899
633 8900
1820 8901
3807 8902
8274 8903
7594 8904
7443 8905
1452 8906
7857 8907
8297 8908
4305 8909
7472 8910
1712 8911
3165 8912
3504 8913
4173 8914
4542 8915
6399 8916
673 8917
1167 8918
2487 8919
118 8920
426 8921
4846 8922
1619 8923
4209 8924
7807 8925
7151 8926
5711 8927
3500 8928
5128 8929
6861 8930
6801 8931
7182 8932
507 8933
3354 8934
6643 8935
317 8936
3488 8937
3783 8938
5023 8939
4469 8940
8048 8941
6625 8942
4534 8943
1736 8944
541 8945
953 8946
395 8947
5607 8948
2960 8949
3396 8950
5689 8951
7682 8952
2141 8953
8320 8954
7728 8955
3304 8956
8217 8957
3329 8958
7752 8959
6744 8960
7655 8961
8367 8962
415 8963
6540 8964
6095 8965
8219 8966
8197 8967
3420 8968
7163 8969
654 8970
1678 8971
8886 8972
8831 8973
3472 8974
6962 8975
7325 8976
1309 8977
5014 8978
488 8979
5816 8980
3007 8981
1269 8982
5996 8983
8282 8984
5437 8985
7411 8986
6322 8987
429 8988
1196 8989
8284 8990
199 8991
6211 8992
5037 8993
8783 8994
5266 8995
2207 8996
2962 8997
8110 8998
1264 8999
3099 9000
2077 9001
6463 9002
3186 9003
3369 9004
5819 9005
3756 9006
5982 9007
1154 9008
149 9009
7280 9010
6998 9011
1827 9012
7292 9013
4627 9014
776 9015
5021 9016
8927 9017
944 9018
5466 9019
3024 9020
1892 9021
4292 9022
5948 9023
2787 9024
692 9025
4279 9026
6131 9027
7202 9028
2831 9029
5833 9030
6185 9031
712 9032
7115 9033
3481 9034
2299 9035
646 9036
27 9037
505 9038
7484 9039
2079 9040
7901 9041
3105 9042
1392 9043
1867 9044
7850 9045
2421 9046
4750 9047
5947 9048
3473 9049
3574 9050
2828 9051
6217 9052
4690 9053
8402 9054
508 9055
5271 9056
4288 9057
8550 9058
3219 9059
4173 9060
7025 9061
5740 9062
2690 9063
8221 9064
3671 9065
8424 9066
5118 9067
327 9068
7244 9069
6924 9070
3218 9071
8192 9072
8651 9073
1220 9074
848 9075
1720 9076
374 9077
3208 9078
1435 9079
3399 9080
501 9081
8560 9082
3359 9083
1983 9084
4272 9085
2045 9086
4141 9087
5144 9088
365 9089
2768 9090
7422 9091
6301 9092
9061 9093
2740 9094
7098 9095
2519 9096
2776 9097
5964 9098
7869 9099
8775 9100
3136 9101
580 9102
5133 9103
3107 9104
7115 9105
3241 9106
5436 9107
8446 9108
7470 9109
4192 9110
6910 9111
4532 9112
7371 9113
8044 9114
1869 9115
2736 9116
8166 9117
8470 9118
479 9119
6384 9120
2369 9121
5419 9122
97 9123
3328 9124
6311 9125
1810 9126
9055 9127
5969 9128
2974 9129
471 9130
3414 9131
2730 9132
8170 9133
6910 9134
1752 9135
7546 9136
5120 9137
6835 9138
8132 9139
6661 9140
955 9141
2836 9142
2289 9143
4746 9144
3386 9145
6244 9146
2855 9147
907 9148
3113 9149
6741 9150
5769 9151
1113 9152
8905 9153
4839 9154
5510 9155
8302 9156
481 9157
1716 9158
6282 9159
2669 9160
104 9161
5369 9162
5530 9163
2515 9164
185 9165
4206 9166
7576 9167
4 9168
3431 9169
8721 9170
1430 9171
4048 9172
7151 9173
5288 9174
5757 9175
46 9176
4542 9177
7445 9178
663 9179
4771 9180
3171 9181
3491 9182
5145 9183
6935 9184
3665 9185
6585 9186
2926 9187
2617 9188
8352 9189
5652 9190
950 9191
4150 9192
3010 9193
6008 9194
6577 9195
9051 9196
3955 9197
5907 9198
6553 9199
6678 9200
5752 9201
888 9202
9146 9203
5987 9204
6040 9205
7969 9206
4513 9207
8222 9208
2664 9209
4100 9210
1876 9211
6792 9212
7068 9213
1400 9214
4341 9215
1061 9216
4855 9217
6671 9218
4440 9219
1918 9220
2592 9221
4038 9222
585 9223
5150 9224
5403 9225
7553 9226
8450 9227
4644 9228
651 9229
1292 9230
198 9231
2049 9232
3903 9233
3860 9234
112 9235
1185 9236
4272 9237
6016 9238
196 9239
8682 9240
8980 9241
2362 9242
3961 9243
6124 9244
8608 9245
1041 9246
9180 9247
2638 9248
8969 9249
526 9250
3890 9251
283 9252
3417 9253
4625 9254
9186 9255
2774 9256
2926 9257
3427 9258
7268 9259
1134 9260
5454 9261
8984 9262
2881 9263
7967 9264
8906 9265
969 9266
6527 9267
6491 9268
3685 9269
5616 9270
999 9271
5981 9272
6228 9273
526 9274
8364 9275
3911 9276
9201 9277
7478 9278
3365 9279
5642 9280
4007 9281
8875 9282
4604 9283
7604 9284
5720 9285
4030 9286
8090 9287
4728 9288
3826 9289
5867 9290
5157 9291
7424 9292
10 9293
8355 9294
6965 9295
7479 9296
4613 9297
3966 9298
6705 9299
6961 9300
7938 9301
2997 9302
7433 9303
8456 9304
5691 9305
3840 9306
8027 9307
2521 9308
608 9309
7550 9310
2249 9311
4815 9312
2226 9313
816 9314
4555 9315
6909 9316
8274 9317
7301 9318
7020 9319
3847 9320
3926 9321
8732 9322
7436 9323
7488 9324
8774 9325
5263 9326
8786 9327
1785 9328
794 9329
2781 9330
6039 9331
8481 9332
6513 9333
3799 9334
3064 9335
7314 9336
933 9337
7284 9338
9230 9339
2751 9340
5926 9341
4694 9342
5053 9343
8521 9344
5461 9345
7311 9346
8472 9347
217 9348
3921 9349
5811 9350
4813 9351
5693 9352
4931 9353
2241 9354
7767 9355
5228 9356
7480 9357
2486 9358
712 9359
1942 9360
5774 9361
5678 9362
2587 9363
3252 9364
5360 9365
348 9366
1863 9367
8294 9368
3793 9369
8881 9370
6289 9371
6652 9372
4929 9373
8688 9374
8769 9375
3775 9376
7542 9377
9168 9378
3756 9379
3016 9380
6816 9381
5562 9382
353 9383
7321 9384
1240 9385
3275 9386
4053 9387
5462 9388
4214 9389
6499 9390
2567 9391
450 9392
4013 9393
3138 9394
8015 9395
8456 9396
8029 9397
3848 9398
2693 9399
6830 9400
3110 9401
194 9402
3334 9403
8044 9404
9160 9405
5180 9406
5002 9407
7745 9408
6352 9409
7325 9410
5366 9411
5300 9412
1958 9413
2653 9414
9350 9415
7214 9416
2007 9417
73 9418
5280 9419
9239 9420
52 9421
2754 9422
7355 9423
3607 9424
3223 9425
4664 9426
3548 9427
2871 9428
1805 9429
2875 9430
5896 9431
7496 9432
8016 9433
6340 9434
4003 9435
4863 9436
7415 9437
8675 9438
7471 9439
1735 9440
2022 9441
2989 9442
8192 9443
5363 9444
8887 9445
7128 9446
4411 9447
7173 9448
9357 9449
5964 9450
3801 9451
4110 9452
3713 9453
6326 9454
1217 9455
3501 9456
382 9457
9181 9458
90 9459
1492 9460
4162 9461
539 9462
6451 9463
4989 9464
3460 9465
8439 9466
4179 9467
7937 9468
4837 9469
5003 9470
6873 9471
4458 9472
7611 9473
553 9474
5680 9475
1102 9476
9333 9477
3392 9478
7584 9479
769 9480
4254 9481
5745 9482
1070 9483
6835 9484
803 9485
976 9486
953 9487
4915 9488
4573 9489
6154 9490
3329 9491
5925 9492
9284 9493
5720 9494
4160 9495
6900 9496
4541 9497
1810 9498
8197 9499
3252 9500
7082 9501
6504 9502
2146 9503
3034 9504
5315 9505
4616 9506
2236 9507
6332 9508
3972 9509
8452 9510
2179 9511
8735 9512
994 9513
5245 9514
888 9515
8834 9516
4178 9517
5137 9518
8538 9519
8634 9520
2494 9521
9158 9522
8767 9523
8813 9524
579 9525
5351 9526
3060 9527
8564 9528
6202 9529
992 9530
4357 9531
4180 9532
8839 9533
6993 9534
9418 9535
2910 9536
5747 9537
743 9538
2815 9539
6064 9540
1067 9541
589 9542
9419 9543
43 9544
6100 9545
8081 9546
7048 9547
2859 9548
7953 9549
530 9550
5632 9551
7014 9552
539 9553
8316 9554
531 9555
6828 9556
3981 9557
5574 9558
2900 9559
153 9560
8299 9561
1818 9562
897 9563
3205 9564
1654 9565
7312 9566
8948 9567
5094 9568
4728 9569
3757 9570
6637 9571
279 9572
2503 9573
8922 9574
1138 9575
7161 9576
7861 9577
6250 9578
8560 9579
7330 9580
5554 9581
9334 9582
3201 9583
7533 9584
5645 9585
8601 9586
8607 9587
8472 9588
8025 9589
3469 9590
2613 9591
7363 9592
2135 9593
6833 9594
2153 9595
5586 9596
1886 9597
9579 9598
4260 9599
9354 9600
8240 9601
3821 9602
720 9603
3702 9604
7289 9605
9296 9606
3293 9607
7665 9608
2225 9609
9040 9610
961 9611
6861 9612
1276 9613
214 9614
8092 9615
834 9616
1155 9617
7819 9618
5437 9619
1618 9620
7687 9621
5718 9622
658 9623
6985 9624
7895 9625
8042 9626
2289 9627
5565 9628
2073 9629
127 9630
7469 9631
1530 9632
323 9633
5908 9634
6218 9635
5161 9636
6272 9637
5337 9638
4093 9639
1695 9640
7427 9641
6253 9642
3077 9643
1964 9644
5027 9645
5117 9646
5330 9647
7873 9648
8876 9649
3780 9650
7016 9651
3905 9652
4771 9653
2969 9654
7088 9655
2053 9656
4933 9657
383 9658
5851 9659
8879 9660
1248 9661
9244 9662
7106 9663
989 9664
6092 9665
7047 9666
6263 9667
3043 9668
5531 9669
691 9670
4392 9671
3751 9672
1660 9673
8293 9674
5750 9675
7433 9676
7126 9677
6316 9678
5798 9679
8674 9680
6669 9681
7350 9682
3873 9683
1687 9684
4284 9685
3847 9686
9114 9687
3746 9688
3225 9689
7823 9690
6828 9691
5995 9692
8863 9693
3913 9694
9676 9695
166 9696
222 9697
3038 9698
6951 9699
328 9700
5834 9701
3110 9702
2301 9703
8078 9704
3052 9705
9557 9706
9429 9707
1334 9708
8394 9709
5861 9710
5160 9711
3945 9712
840 9713
5366 9714
2574 9715
8312 9716
8016 9717
7519 9718
2105 9719
239 9720
3311 9721
7061 9722
4329 9723
9550 9724
620 9725
9561 9726
4701 9727
5306 9728
1919 9729
8400 9730
5368 9731
733 9732
2885 9733
2103 9734
4584 9735
7370 9736
7790 9737
5236 9738
3626 9739
5982 9740
1728 9741
4430 9742
7914 9743
8170 9744
2540 9745
1479 9746
5567 9747
4453 9748
6786 9749
5296 9750
2220 9751
4236 9752
4203 9753
5691 9754
4230 9755
8283 9756
5233 9757
5678 9758
7655 9759
975 9760
185 9761
8663 9762
7949 9763
5656 9764
7282 9765
3634 9766
5734 9767
7514 9768
7908 9769
3683 9770
80 9771
9624 9772
4156 9773
2875 9774
5124 9775
7863 9776
3135 9777
1858 9778
143 9779
2762 9780
8734 9781
6910 9782
305 9783
6862 9784
991 9785
320 9786
5694 9787
5176 9788
3037 9789
1926 9790
5430 9791
872 9792
6780 9793
3026 9794
8961 9795
7354 9796
510 9797
3132 9798
5371 9799
1668 9800
106 9801
9522 9802
4181 9803
2583 9804
6139 9805
2661 9806
6509 9807
6767 9808
6548 9809
7204 9810
5541 9811
2242 9812
5441 9813
1587 9814
3659 9815
9737 9816
1816 9817
8232 9818
988 9819
1834 9820
3824 9821
3327 9822
5743 9823
7540 9824
5107 9825
2408 9826
1447 9827
2441 9828
2039 9829
4160 9830
4109 9831
7601 9832
145 9833
7732 9834
5980 9835
8173 9836
8470 9837
7241 9838
3983 9839
2029 9840
9754 9841
3775 9842
9555 9843
8218 9844
2718 9845
7073 9846
9411 9847
6889 9848
4540 9849
1935 9850
1482 9851
1947 9852
4339 9853
1915 9854
937 9855
7003 9856
7518 9857
2261 9858
7982 9859
1385 9860
1138 9861
8051 9862
4557 9863
7945 9864
2573 9865
145 9866
9247 9867
6470 9868
8366 9869
5029 9870
7356 9871
9146 9872
195 9873
8496 9874
4809 9875
102 9876
5147 9877
2801 9878
675 9879
9495 9880
7204 9881
6865 9882
7024 9883
3112 9884
3427 9885
2153 9886
5864 9887
9169 9888
8042 9889
8517 9890
8511 9891
1891 9892
7743 9893
8879 9894
5879 9895
7166 9896
9584 9897
1112 9898
3475 9899
4019 9900
4849 9901
5767 9902
4153 9903
3688 9904
4902 9905
2917 9906
9646 9907
6205 9908
5067 9909
9148 9910
8621 9911
10 9912
3381 9913
290 9914
421 9915
1988 9916
511 9917
9111 9918
6668 9919
9790 9920
8790 9921
3747 9922
6413 9923
1483 9924
4967 9925
173 9926
4645 9927
7546 9928
5563 9929
7316 9930
3328 9931
1225 9932
302 9933
3347 9934
3702 9935
3333 9936
5399 9937
5230 9938
8676 9939
4907 9940
14 9941
6659 9942
7977 9943
9709 9944
3493 9945
402 9946
4743 9947
6495 9948
605 9949
6266 9950
1665 9951
1400 9952
345 9953
1640 9954
4193 9955
7041 9956
6679 9957
5877 9958
8803 9959
5286 9960
6771 9961
9096 9962
2232 9963
4279 9964
8417 9965
9550 9966
4172 9967
285 9968
8833 9969
6019 9970
60 9971
8579 9972
9750 9973
8074 9974
3194 9975
1765 9976
4249 9977
1811 9978
954 9979
7716 9980
3935 9981
9033 9982
4590 9983
156 9984
1789 9985
7910 9986
4398 9987
4251 9988
5921 9989
489 9990
2660 9991
8468 9992
2196 9993
4057 9994
3007 9995
7977 9996
9596 9997
104 9998
4437 9999
3128 10000
