1 2
1 3
2 4
2 5
4 6
1 7
1 8
7 9
7 10
2 11
10 12
11 13
6 14
12 15
14 16
15 17
8 18
12 19
13 20
9 21
14 22
20 23
2 24
15 25
18 26
12 27
10 28
6 29
8 30
8 31
13 32
15 33
10 34
24 35
21 36
7 37
13 38
2 39
32 40
18 41
23 42
41 43
7 44
41 45
1 46
4 47
40 48
15 49
20 50
36 51
40 52
18 53
3 54
35 55
28 56
5 57
19 58
36 59
52 60
14 61
23 62
57 63
46 64
55 65
27 66
36 67
58 68
64 69
23 70
40 71
13 72
46 73
65 74
72 75
63 76
15 77
20 78
14 79
12 80
7 81
78 82
20 83
20 84
30 85
73 86
13 87
13 88
56 89
62 90
59 91
32 92
10 93
18 94
10 95
18 96
44 97
46 98
17 99
51 100
71 101
7 102
39 103
53 104
20 105
48 106
7 107
102 108
56 109
11 110
107 111
34 112
109 113
74 114
54 115
17 116
56 117
63 118
70 119
65 120
83 121
39 122
93 123
61 124
15 125
90 126
100 127
45 128
73 129
20 130
120 131
131 132
33 133
11 134
39 135
19 136
45 137
35 138
115 139
98 140
140 141
121 142
95 143
52 144
3 145
7 146
59 147
40 148
17 149
57 150
55 151
10 152
6 153
109 154
118 155
132 156
95 157
137 158
66 159
130 160
141 161
44 162
132 163
34 164
159 165
22 166
91 167
100 168
98 169
118 170
41 171
90 172
49 173
107 174
121 175
67 176
44 177
160 178
135 179
23 180
153 181
159 182
22 183
83 184
88 185
20 186
145 187
41 188
114 189
68 190
44 191
172 192
119 193
100 194
187 195
74 196
21 197
155 198
17 199
2 200
165 201
74 202
36 203
103 204
56 205
14 206
110 207
118 208
26 209
173 210
78 211
109 212
142 213
193 214
71 215
124 216
51 217
52 218
76 219
6 220
102 221
11 222
180 223
55 224
1 225
96 226
218 227
116 228
117 229
20 230
37 231
196 232
142 233
230 234
135 235
209 236
87 237
151 238
162 239
192 240
58 241
215 242
237 243
62 244
209 245
8 246
1 247
228 248
55 249
244 250
140 251
119 252
225 253
188 254
85 255
78 256
45 257
138 258
183 259
103 260
93 261
234 262
183 263
205 264
58 265
17 266
224 267
241 268
14 269
265 270
41 271
118 272
206 273
236 274
136 275
214 276
35 277
96 278
58 279
68 280
37 281
218 282
201 283
192 284
24 285
23 286
119 287
137 288
163 289
172 290
70 291
132 292
146 293
137 294
263 295
16 296
286 297
12 298
114 299
70 300
22 301
107 302
67 303
260 304
81 305
57 306
147 307
38 308
244 309
106 310
23 311
97 312
63 313
18 314
299 315
308 316
184 317
108 318
230 319
25 320
256 321
305 322
68 323
313 324
300 325
207 326
137 327
296 328
111 329
250 330
319 331
319 332
132 333
218 334
17 335
194 336
210 337
208 338
131 339
303 340
312 341
255 342
111 343
284 344
123 345
111 346
324 347
225 348
335 349
243 350
301 351
341 352
156 353
319 354
225 355
122 356
112 357
77 358
12 359
23 360
154 361
82 362
288 363
21 364
294 365
44 366
355 367
295 368
222 369
354 370
39 371
291 372
84 373
247 374
186 375
311 376
96 377
228 378
237 379
236 380
73 381
70 382
45 383
269 384
40 385
268 386
99 387
169 388
288 389
131 390
173 391
114 392
378 393
185 394
172 395
133 396
211 397
56 398
191 399
199 400
197 401
1 402
218 403
83 404
384 405
331 406
290 407
225 408
283 409
204 410
294 411
371 412
154 413
54 414
27 415
47 416
343 417
400 418
54 419
159 420
61 421
96 422
183 423
386 424
220 425
12 426
409 427
392 428
140 429
211 430
192 431
56 432
10 433
170 434
140 435
30 436
195 437
250 438
240 439
177 440
47 441
245 442
124 443
269 444
151 445
56 446
322 447
205 448
113 449
144 450
86 451
331 452
105 453
439 454
46 455
451 456
340 457
383 458
248 459
159 460
436 461
158 462
329 463
135 464
461 465
255 466
437 467
148 468
159 469
467 470
280 471
449 472
420 473
432 474
269 475
251 476
427 477
459 478
435 479
392 480
333 481
70 482
30 483
68 484
111 485
188 486
119 487
91 488
151 489
103 490
324 491
460 492
288 493
360 494
472 495
396 496
494 497
205 498
437 499
356 500
426 501
60 502
38 503
332 504
127 505
388 506
468 507
127 508
417 509
431 510
340 511
293 512
153 513
363 514
341 515
319 516
454 517
88 518
232 519
183 520
300 521
141 522
18 523
51 524
4 525
277 526
113 527
246 528
51 529
263 530
289 531
93 532
215 533
148 534
124 535
136 536
219 537
181 538
449 539
76 540
85 541
482 542
324 543
133 544
190 545
141 546
158 547
175 548
370 549
53 550
329 551
36 552
33 553
285 554
496 555
441 556
402 557
37 558
148 559
201 560
484 561
470 562
324 563
196 564
142 565
120 566
162 567
92 568
375 569
350 570
134 571
517 572
342 573
207 574
566 575
190 576
530 577
458 578
553 579
531 580
341 581
159 582
297 583
91 584
83 585
313 586
399 587
559 588
493 589
530 590
13 591
62 592
105 593
322 594
85 595
233 596
459 597
157 598
6 599
52 600
9 601
349 602
413 603
233 604
586 605
118 606
337 607
67 608
337 609
61 610
181 611
201 612
325 613
201 614
590 615
32 616
320 617
379 618
385 619
51 620
186 621
585 622
51 623
580 624
223 625
38 626
537 627
315 628
574 629
221 630
24 631
401 632
554 633
426 634
362 635
601 636
14 637
501 638
249 639
299 640
44 641
92 642
415 643
423 644
341 645
573 646
198 647
416 648
425 649
31 650
375 651
298 652
634 653
60 654
94 655
212 656
477 657
555 658
186 659
33 660
328 661
501 662
288 663
396 664
539 665
558 666
44 667
501 668
365 669
235 670
667 671
482 672
46 673
309 674
85 675
567 676
135 677
464 678
254 679
623 680
68 681
392 682
263 683
607 684
132 685
562 686
273 687
601 688
493 689
1 690
483 691
576 692
514 693
449 694
244 695
679 696
16 697
458 698
449 699
656 700
237 701
297 702
263 703
691 704
10 705
611 706
394 707
416 708
129 709
545 710
554 711
602 712
509 713
541 714
69 715
534 716
103 717
416 718
81 719
439 720
586 721
357 722
6 723
482 724
405 725
271 726
647 727
83 728
499 729
320 730
68 731
387 732
349 733
267 734
393 735
481 736
38 737
341 738
30 739
599 740
559 741
380 742
60 743
365 744
674 745
607 746
71 747
127 748
149 749
725 750
414 751
242 752
190 753
427 754
186 755
616 756
112 757
521 758
179 759
616 760
699 761
227 762
451 763
99 764
472 765
294 766
378 767
383 768
560 769
566 770
384 771
636 772
75 773
229 774
682 775
686 776
160 777
626 778
708 779
429 780
115 781
777 782
309 783
714 784
286 785
291 786
764 787
216 788
657 789
16 790
122 791
183 792
789 793
233 794
709 795
597 796
784 797
256 798
153 799
291 800
478 801
11 802
310 803
777 804
308 805
127 806
56 807
552 808
50 809
670 810
150 811
759 812
417 813
661 814
213 815
689 816
787 817
180 818
317 819
205 820
500 821
246 822
697 823
183 824
547 825
503 826
74 827
586 828
450 829
506 830
181 831
320 832
784 833
370 834
484 835
671 836
447 837
165 838
352 839
407 840
113 841
322 842
284 843
514 844
728 845
412 846
367 847
187 848
555 849
26 850
149 851
698 852
279 853
115 854
325 855
692 856
419 857
726 858
133 859
572 860
419 861
586 862
517 863
774 864
713 865
55 866
692 867
321 868
316 869
714 870
377 871
609 872
612 873
388 874
620 875
369 876
445 877
193 878
466 879
565 880
444 881
649 882
841 883
611 884
438 885
43 886
303 887
694 888
150 889
665 890
686 891
7 892
76 893
311 894
732 895
873 896
732 897
314 898
367 899
690 900
321 901
191 902
645 903
616 904
903 905
583 906
612 907
861 908
219 909
38 910
465 911
897 912
295 913
382 914
218 915
584 916
639 917
774 918
168 919
398 920
184 921
209 922
702 923
203 924
897 925
231 926
117 927
125 928
804 929
297 930
54 931
899 932
53 933
105 934
838 935
377 936
463 937
633 938
347 939
930 940
544 941
219 942
351 943
468 944
461 945
747 946
533 947
370 948
37 949
193 950
124 951
821 952
557 953
922 954
476 955
368 956
641 957
631 958
229 959
740 960
798 961
508 962
663 963
462 964
485 965
949 966
549 967
35 968
239 969
799 970
580 971
689 972
420 973
770 974
801 975
894 976
724 977
175 978
271 979
353 980
807 981
769 982
396 983
316 984
621 985
777 986
101 987
756 988
120 989
985 990
600 991
690 992
722 993
463 994
520 995
310 996
120 997
888 998
757 999
608 1000
379 1001
930 1002
836 1003
502 1004
607 1005
539 1006
635 1007
845 1008
723 1009
91 1010
597 1011
672 1012
425 1013
541 1014
154 1015
95 1016
490 1017
382 1018
311 1019
38 1020
404 1021
1005 1022
938 1023
922 1024
44 1025
935 1026
460 1027
702 1028
828 1029
836 1030
145 1031
868 1032
558 1033
177 1034
156 1035
590 1036
278 1037
441 1038
370 1039
59 1040
83 1041
678 1042
634 1043
12 1044
71 1045
995 1046
150 1047
853 1048
739 1049
400 1050
695 1051
370 1052
116 1053
80 1054
746 1055
903 1056
140 1057
11 1058
943 1059
600 1060
955 1061
149 1062
464 1063
485 1064
318 1065
958 1066
51 1067
236 1068
727 1069
420 1070
719 1071
575 1072
721 1073
926 1074
1003 1075
133 1076
781 1077
641 1078
457 1079
936 1080
167 1081
421 1082
523 1083
619 1084
332 1085
10 1086
616 1087
1077 1088
165 1089
892 1090
286 1091
130 1092
971 1093
792 1094
403 1095
619 1096
86 1097
1091 1098
887 1099
766 1100
24 1101
216 1102
668 1103
235 1104
808 1105
932 1106
754 1107
449 1108
873 1109
725 1110
8 1111
230 1112
1036 1113
826 1114
1061 1115
203 1116
218 1117
160 1118
365 1119
634 1120
921 1121
151 1122
587 1123
538 1124
6 1125
986 1126
436 1127
814 1128
985 1129
574 1130
655 1131
58 1132
460 1133
699 1134
518 1135
808 1136
344 1137
507 1138
952 1139
612 1140
995 1141
740 1142
819 1143
1096 1144
505 1145
437 1146
329 1147
336 1148
1067 1149
439 1150
168 1151
1004 1152
1134 1153
1049 1154
125 1155
119 1156
186 1157
328 1158
169 1159
830 1160
756 1161
750 1162
152 1163
1092 1164
619 1165
401 1166
370 1167
287 1168
91 1169
280 1170
125 1171
1085 1172
570 1173
431 1174
390 1175
314 1176
1003 1177
568 1178
611 1179
666 1180
58 1181
902 1182
1086 1183
658 1184
740 1185
780 1186
1101 1187
134 1188
494 1189
862 1190
850 1191
908 1192
584 1193
811 1194
179 1195
920 1196
76 1197
256 1198
761 1199
711 1200
828 1201
167 1202
152 1203
312 1204
54 1205
776 1206
1015 1207
1117 1208
733 1209
750 1210
362 1211
166 1212
946 1213
1047 1214
1175 1215
586 1216
808 1217
412 1218
892 1219
516 1220
317 1221
547 1222
507 1223
129 1224
626 1225
484 1226
165 1227
107 1228
919 1229
1201 1230
135 1231
990 1232
332 1233
471 1234
1006 1235
695 1236
1027 1237
808 1238
695 1239
452 1240
743 1241
1196 1242
1172 1243
513 1244
404 1245
1240 1246
419 1247
278 1248
305 1249
1151 1250
507 1251
766 1252
405 1253
18 1254
825 1255
368 1256
913 1257
385 1258
719 1259
780 1260
474 1261
858 1262
144 1263
781 1264
433 1265
140 1266
181 1267
569 1268
1102 1269
1180 1270
907 1271
900 1272
713 1273
1232 1274
953 1275
228 1276
284 1277
59 1278
160 1279
155 1280
528 1281
1100 1282
651 1283
987 1284
553 1285
945 1286
1119 1287
950 1288
1144 1289
519 1290
31 1291
603 1292
1090 1293
869 1294
827 1295
422 1296
1076 1297
1040 1298
880 1299
683 1300
1261 1301
803 1302
1301 1303
947 1304
198 1305
1213 1306
421 1307
179 1308
74 1309
439 1310
1177 1311
250 1312
663 1313
264 1314
789 1315
1219 1316
428 1317
871 1318
801 1319
668 1320
209 1321
86 1322
1302 1323
61 1324
1040 1325
196 1326
556 1327
15 1328
547 1329
896 1330
1325 1331
850 1332
171 1333
1253 1334
311 1335
1248 1336
1125 1337
217 1338
408 1339
1211 1340
682 1341
174 1342
551 1343
1198 1344
931 1345
1286 1346
155 1347
199 1348
343 1349
990 1350
622 1351
635 1352
687 1353
710 1354
553 1355
1336 1356
787 1357
637 1358
645 1359
1178 1360
284 1361
590 1362
778 1363
1155 1364
913 1365
1028 1366
141 1367
404 1368
1284 1369
1237 1370
188 1371
468 1372
420 1373
47 1374
1175 1375
1105 1376
352 1377
337 1378
797 1379
623 1380
175 1381
551 1382
1253 1383
30 1384
602 1385
888 1386
1254 1387
1079 1388
1255 1389
353 1390
1314 1391
362 1392
515 1393
741 1394
1180 1395
1094 1396
498 1397
462 1398
100 1399
1398 1400
1333 1401
380 1402
278 1403
482 1404
1023 1405
255 1406
1135 1407
1171 1408
342 1409
387 1410
605 1411
455 1412
1381 1413
849 1414
241 1415
1346 1416
673 1417
307 1418
1385 1419
985 1420
610 1421
408 1422
666 1423
607 1424
1369 1425
361 1426
635 1427
553 1428
741 1429
105 1430
223 1431
1143 1432
279 1433
1263 1434
839 1435
107 1436
1174 1437
290 1438
1090 1439
609 1440
876 1441
391 1442
1250 1443
223 1444
520 1445
128 1446
526 1447
1397 1448
1134 1449
208 1450
340 1451
1218 1452
1145 1453
729 1454
362 1455
748 1456
1334 1457
604 1458
766 1459
527 1460
1450 1461
483 1462
875 1463
1213 1464
130 1465
1368 1466
1275 1467
762 1468
1088 1469
13 1470
154 1471
597 1472
1303 1473
1362 1474
1007 1475
455 1476
1337 1477
502 1478
1436 1479
864 1480
868 1481
483 1482
693 1483
1471 1484
878 1485
1256 1486
686 1487
1192 1488
298 1489
447 1490
1037 1491
1088 1492
843 1493
512 1494
492 1495
256 1496
1069 1497
635 1498
1461 1499
49 1500
1017 1501
175 1502
674 1503
370 1504
1486 1505
401 1506
652 1507
1255 1508
1064 1509
296 1510
821 1511
1087 1512
1229 1513
323 1514
160 1515
1250 1516
1018 1517
1358 1518
945 1519
1278 1520
425 1521
705 1522
1229 1523
595 1524
1428 1525
903 1526
268 1527
1079 1528
99 1529
1069 1530
1470 1531
957 1532
642 1533
1082 1534
1096 1535
734 1536
517 1537
217 1538
748 1539
66 1540
1498 1541
1283 1542
969 1543
658 1544
774 1545
208 1546
743 1547
232 1548
1003 1549
1527 1550
388 1551
1341 1552
55 1553
649 1554
330 1555
914 1556
1310 1557
782 1558
80 1559
1347 1560
1101 1561
509 1562
857 1563
829 1564
68 1565
454 1566
755 1567
1109 1568
667 1569
466 1570
117 1571
1254 1572
152 1573
273 1574
826 1575
875 1576
410 1577
375 1578
1371 1579
1448 1580
1344 1581
1179 1582
1460 1583
868 1584
73 1585
1060 1586
732 1587
621 1588
1296 1589
549 1590
915 1591
912 1592
161 1593
1166 1594
1442 1595
747 1596
1584 1597
409 1598
1188 1599
341 1600
222 1601
398 1602
1176 1603
1247 1604
1041 1605
1479 1606
1281 1607
320 1608
892 1609
1020 1610
747 1611
1151 1612
695 1613
1502 1614
893 1615
30 1616
1364 1617
516 1618
38 1619
631 1620
328 1621
86 1622
1160 1623
547 1624
1177 1625
1312 1626
31 1627
849 1628
65 1629
527 1630
344 1631
594 1632
877 1633
1406 1634
933 1635
1632 1636
605 1637
1625 1638
834 1639
583 1640
572 1641
405 1642
359 1643
863 1644
1260 1645
400 1646
1596 1647
359 1648
316 1649
1052 1650
1520 1651
1062 1652
1077 1653
375 1654
693 1655
1654 1656
1559 1657
177 1658
1566 1659
1561 1660
1652 1661
521 1662
1546 1663
1432 1664
720 1665
261 1666
885 1667
1158 1668
806 1669
153 1670
249 1671
307 1672
328 1673
152 1674
1465 1675
778 1676
192 1677
1330 1678
520 1679
366 1680
602 1681
313 1682
666 1683
951 1684
552 1685
256 1686
1277 1687
1419 1688
1026 1689
403 1690
654 1691
109 1692
1389 1693
372 1694
1436 1695
215 1696
497 1697
1245 1698
1115 1699
1044 1700
533 1701
1291 1702
352 1703
1045 1704
1259 1705
1355 1706
808 1707
25 1708
405 1709
652 1710
389 1711
155 1712
557 1713
1271 1714
1389 1715
519 1716
314 1717
1122 1718
1286 1719
1267 1720
798 1721
497 1722
143 1723
697 1724
678 1725
1151 1726
547 1727
1044 1728
562 1729
713 1730
118 1731
1662 1732
1359 1733
746 1734
577 1735
1445 1736
1034 1737
446 1738
810 1739
718 1740
1389 1741
398 1742
1552 1743
1741 1744
879 1745
1522 1746
546 1747
1306 1748
80 1749
243 1750
602 1751
962 1752
1568 1753
829 1754
1088 1755
1664 1756
1149 1757
712 1758
660 1759
558 1760
931 1761
1457 1762
599 1763
640 1764
1533 1765
696 1766
543 1767
573 1768
135 1769
1225 1770
532 1771
993 1772
966 1773
842 1774
1726 1775
1723 1776
430 1777
560 1778
1447 1779
1775 1780
1676 1781
172 1782
1421 1783
555 1784
1430 1785
1426 1786
1254 1787
59 1788
135 1789
631 1790
1179 1791
389 1792
527 1793
1687 1794
1130 1795
183 1796
1448 1797
790 1798
23 1799
1188 1800
401 1801
706 1802
1629 1803
306 1804
1416 1805
1496 1806
1375 1807
1408 1808
95 1809
535 1810
902 1811
1193 1812
776 1813
77 1814
1500 1815
49 1816
1275 1817
325 1818
982 1819
1646 1820
566 1821
1254 1822
630 1823
1005 1824
1087 1825
758 1826
455 1827
1284 1828
189 1829
1472 1830
61 1831
637 1832
692 1833
100 1834
1807 1835
465 1836
180 1837
638 1838
1454 1839
1259 1840
1444 1841
1185 1842
678 1843
783 1844
500 1845
920 1846
185 1847
999 1848
234 1849
1577 1850
840 1851
1589 1852
447 1853
8 1854
1557 1855
337 1856
1705 1857
440 1858
1820 1859
748 1860
291 1861
1285 1862
1484 1863
1487 1864
118 1865
282 1866
400 1867
606 1868
1438 1869
467 1870
1688 1871
431 1872
664 1873
1824 1874
989 1875
1279 1876
590 1877
868 1878
1153 1879
4 1880
857 1881
1494 1882
791 1883
284 1884
555 1885
254 1886
1810 1887
207 1888
1737 1889
1753 1890
786 1891
282 1892
1096 1893
1499 1894
1480 1895
1008 1896
316 1897
334 1898
1539 1899
212 1900
628 1901
1045 1902
662 1903
691 1904
302 1905
1029 1906
1444 1907
595 1908
1088 1909
1227 1910
1624 1911
1325 1912
184 1913
1624 1914
559 1915
987 1916
111 1917
1828 1918
1508 1919
1443 1920
1360 1921
1449 1922
1042 1923
1830 1924
790 1925
1253 1926
1621 1927
868 1928
695 1929
65 1930
1213 1931
954 1932
614 1933
661 1934
1395 1935
1034 1936
1390 1937
1510 1938
592 1939
799 1940
1684 1941
763 1942
548 1943
460 1944
1539 1945
1584 1946
999 1947
1811 1948
1259 1949
1655 1950
1742 1951
465 1952
385 1953
1747 1954
1716 1955
1590 1956
630 1957
1772 1958
245 1959
1913 1960
893 1961
460 1962
1679 1963
1616 1964
223 1965
1458 1966
1102 1967
777 1968
867 1969
71 1970
1406 1971
756 1972
925 1973
326 1974
1311 1975
1516 1976
604 1977
1390 1978
1088 1979
1119 1980
335 1981
737 1982
934 1983
1619 1984
765 1985
883 1986
1548 1987
970 1988
913 1989
755 1990
1275 1991
1962 1992
1170 1993
1741 1994
1070 1995
1768 1996
13 1997
485 1998
887 1999
932 2000
227 2001
1105 2002
1299 2003
475 2004
1191 2005
108 2006
553 2007
1944 2008
538 2009
1556 2010
1078 2011
539 2012
1941 2013
1855 2014
363 2015
133 2016
1481 2017
1242 2018
1354 2019
675 2020
1181 2021
703 2022
1604 2023
84 2024
63 2025
1590 2026
209 2027
716 2028
817 2029
963 2030
674 2031
1559 2032
1 2033
1869 2034
1633 2035
284 2036
794 2037
970 2038
443 2039
1336 2040
780 2041
1884 2042
861 2043
782 2044
1322 2045
399 2046
1928 2047
1815 2048
1195 2049
214 2050
925 2051
823 2052
590 2053
258 2054
1461 2055
824 2056
388 2057
698 2058
783 2059
1912 2060
889 2061
721 2062
1131 2063
1737 2064
1764 2065
325 2066
1463 2067
1363 2068
1521 2069
1169 2070
1658 2071
1390 2072
599 2073
1471 2074
723 2075
1905 2076
106 2077
1432 2078
1896 2079
1903 2080
828 2081
2030 2082
1561 2083
1224 2084
161 2085
754 2086
905 2087
81 2088
1347 2089
368 2090
1625 2091
831 2092
133 2093
1221 2094
82 2095
525 2096
1293 2097
2072 2098
1594 2099
454 2100
605 2101
75 2102
2101 2103
61 2104
1982 2105
1006 2106
242 2107
434 2108
1194 2109
1160 2110
133 2111
1976 2112
914 2113
1489 2114
1385 2115
1690 2116
1266 2117
2045 2118
513 2119
1087 2120
248 2121
31 2122
1335 2123
1211 2124
817 2125
2077 2126
210 2127
1872 2128
1627 2129
47 2130
1604 2131
1474 2132
392 2133
1088 2134
1858 2135
1747 2136
1432 2137
1158 2138
751 2139
304 2140
1840 2141
1484 2142
533 2143
247 2144
581 2145
567 2146
527 2147
1717 2148
1164 2149
658 2150
1565 2151
933 2152
654 2153
224 2154
8 2155
1801 2156
892 2157
4 2158
1860 2159
278 2160
1058 2161
1870 2162
989 2163
1632 2164
1235 2165
453 2166
679 2167
1907 2168
213 2169
190 2170
754 2171
715 2172
639 2173
1542 2174
2092 2175
1194 2176
1753 2177
21 2178
1229 2179
858 2180
1604 2181
937 2182
2007 2183
585 2184
138 2185
1612 2186
348 2187
1948 2188
771 2189
722 2190
992 2191
267 2192
506 2193
748 2194
1867 2195
491 2196
35 2197
682 2198
326 2199
1914 2200
504 2201
117 2202
280 2203
652 2204
901 2205
698 2206
1337 2207
992 2208
1037 2209
1457 2210
57 2211
1167 2212
512 2213
774 2214
836 2215
155 2216
1030 2217
989 2218
2035 2219
765 2220
1919 2221
1063 2222
1155 2223
1299 2224
1814 2225
1648 2226
1164 2227
49 2228
767 2229
2050 2230
866 2231
1421 2232
2217 2233
1828 2234
1588 2235
904 2236
556 2237
656 2238
2155 2239
1338 2240
842 2241
1151 2242
1159 2243
2077 2244
1877 2245
1437 2246
1656 2247
749 2248
687 2249
1162 2250
1341 2251
1574 2252
104 2253
1147 2254
1767 2255
1511 2256
1128 2257
1754 2258
1213 2259
1705 2260
470 2261
829 2262
1889 2263
284 2264
185 2265
1986 2266
1890 2267
1014 2268
885 2269
1169 2270
1062 2271
1246 2272
1372 2273
1150 2274
785 2275
2209 2276
1879 2277
177 2278
697 2279
903 2280
1236 2281
2017 2282
805 2283
846 2284
1621 2285
723 2286
1592 2287
1404 2288
692 2289
19 2290
34 2291
123 2292
2147 2293
1973 2294
1308 2295
657 2296
366 2297
990 2298
1798 2299
616 2300
2143 2301
470 2302
801 2303
1645 2304
2242 2305
1592 2306
1548 2307
2263 2308
1459 2309
1168 2310
1562 2311
219 2312
616 2313
493 2314
1651 2315
1335 2316
1429 2317
28 2318
1074 2319
181 2320
2283 2321
1598 2322
2072 2323
738 2324
1311 2325
1496 2326
2171 2327
1620 2328
1469 2329
854 2330
1800 2331
1006 2332
1028 2333
1504 2334
459 2335
1876 2336
1966 2337
1889 2338
346 2339
473 2340
1526 2341
2114 2342
1060 2343
575 2344
1952 2345
2137 2346
1599 2347
707 2348
300 2349
880 2350
466 2351
511 2352
1843 2353
34 2354
2134 2355
1096 2356
1145 2357
2024 2358
1344 2359
2103 2360
1725 2361
1832 2362
1291 2363
384 2364
1749 2365
2204 2366
753 2367
798 2368
1549 2369
290 2370
922 2371
828 2372
1494 2373
1287 2374
1897 2375
588 2376
321 2377
1597 2378
1593 2379
1538 2380
1264 2381
1398 2382
1887 2383
338 2384
63 2385
965 2386
1164 2387
984 2388
2114 2389
1367 2390
1767 2391
761 2392
201 2393
525 2394
1005 2395
2338 2396
2133 2397
568 2398
1268 2399
308 2400
1080 2401
159 2402
1384 2403
729 2404
83 2405
2272 2406
90 2407
1010 2408
1505 2409
452 2410
265 2411
424 2412
1453 2413
2373 2414
452 2415
1957 2416
415 2417
1015 2418
557 2419
78 2420
2394 2421
1012 2422
160 2423
1994 2424
1761 2425
1256 2426
152 2427
1764 2428
332 2429
890 2430
1883 2431
1851 2432
1998 2433
1223 2434
1587 2435
1067 2436
1581 2437
650 2438
23 2439
2066 2440
2360 2441
781 2442
1388 2443
1082 2444
1418 2445
1958 2446
506 2447
516 2448
97 2449
2387 2450
1849 2451
104 2452
1513 2453
1656 2454
1058 2455
1797 2456
259 2457
366 2458
13 2459
2365 2460
1887 2461
245 2462
1531 2463
393 2464
1156 2465
1454 2466
482 2467
2307 2468
2069 2469
478 2470
1325 2471
223 2472
107 2473
546 2474
1385 2475
1346 2476
45 2477
1446 2478
545 2479
570 2480
2044 2481
984 2482
1156 2483
1089 2484
1117 2485
1303 2486
1735 2487
1945 2488
80 2489
629 2490
1633 2491
420 2492
810 2493
2484 2494
1717 2495
165 2496
557 2497
1500 2498
1723 2499
793 2500
2498 2501
1231 2502
1374 2503
1111 2504
1551 2505
1239 2506
486 2507
801 2508
138 2509
1890 2510
331 2511
1847 2512
2038 2513
1549 2514
897 2515
1725 2516
2301 2517
1221 2518
1559 2519
2117 2520
101 2521
433 2522
1237 2523
2379 2524
1148 2525
1829 2526
2404 2527
493 2528
371 2529
953 2530
2464 2531
1293 2532
1763 2533
2262 2534
737 2535
1753 2536
1907 2537
378 2538
1651 2539
1719 2540
1305 2541
2410 2542
2432 2543
2198 2544
1537 2545
1346 2546
1274 2547
507 2548
1642 2549
2064 2550
2219 2551
1849 2552
2018 2553
1920 2554
190 2555
2060 2556
1793 2557
1681 2558
1098 2559
277 2560
1338 2561
832 2562
1031 2563
2419 2564
1995 2565
242 2566
778 2567
2538 2568
725 2569
949 2570
2218 2571
2120 2572
775 2573
2029 2574
1468 2575
389 2576
2529 2577
1705 2578
1147 2579
999 2580
472 2581
655 2582
1495 2583
959 2584
1948 2585
1518 2586
1916 2587
287 2588
270 2589
768 2590
2152 2591
1466 2592
221 2593
1575 2594
2335 2595
2569 2596
963 2597
2128 2598
1952 2599
298 2600
1113 2601
806 2602
2228 2603
2074 2604
306 2605
205 2606
688 2607
266 2608
1928 2609
1275 2610
733 2611
934 2612
1158 2613
1373 2614
1047 2615
94 2616
462 2617
2010 2618
2195 2619
2467 2620
1142 2621
1114 2622
174 2623
518 2624
1547 2625
2373 2626
1200 2627
2572 2628
2162 2629
1670 2630
2606 2631
259 2632
1374 2633
2359 2634
164 2635
665 2636
769 2637
2488 2638
1233 2639
441 2640
2508 2641
740 2642
1417 2643
1004 2644
2066 2645
1415 2646
833 2647
938 2648
868 2649
1820 2650
2226 2651
740 2652
1152 2653
1200 2654
1549 2655
2202 2656
902 2657
1700 2658
528 2659
253 2660
732 2661
1160 2662
488 2663
815 2664
35 2665
1552 2666
1041 2667
2479 2668
337 2669
74 2670
1483 2671
533 2672
295 2673
698 2674
231 2675
1820 2676
1362 2677
75 2678
1288 2679
391 2680
2578 2681
213 2682
2332 2683
1923 2684
1126 2685
2548 2686
250 2687
393 2688
1100 2689
2008 2690
1692 2691
1967 2692
705 2693
1324 2694
455 2695
1676 2696
2590 2697
183 2698
2593 2699
2617 2700
1784 2701
554 2702
2137 2703
614 2704
2395 2705
221 2706
2698 2707
1500 2708
2118 2709
2011 2710
294 2711
2040 2712
2134 2713
2555 2714
405 2715
948 2716
733 2717
2184 2718
504 2719
2021 2720
2694 2721
1767 2722
2520 2723
2433 2724
2165 2725
925 2726
755 2727
1116 2728
144 2729
2685 2730
1062 2731
2301 2732
431 2733
1434 2734
2639 2735
1499 2736
657 2737
1426 2738
2262 2739
1893 2740
70 2741
1652 2742
443 2743
1779 2744
2325 2745
2508 2746
1616 2747
32 2748
2118 2749
1528 2750
1698 2751
1500 2752
928 2753
1943 2754
1877 2755
1365 2756
2052 2757
471 2758
2436 2759
2154 2760
1873 2761
157 2762
1038 2763
1904 2764
1594 2765
1203 2766
1674 2767
1441 2768
276 2769
2 2770
1871 2771
949 2772
1408 2773
1942 2774
763 2775
1508 2776
977 2777
618 2778
1958 2779
1413 2780
2347 2781
2565 2782
1588 2783
2743 2784
2377 2785
277 2786
1664 2787
255 2788
711 2789
895 2790
2562 2791
281 2792
1002 2793
2411 2794
2778 2795
1227 2796
307 2797
903 2798
2273 2799
2428 2800
2052 2801
462 2802
182 2803
1273 2804
726 2805
956 2806
2742 2807
647 2808
2651 2809
2126 2810
2274 2811
1369 2812
2171 2813
228 2814
1117 2815
2563 2816
1223 2817
1310 2818
228 2819
2184 2820
1575 2821
468 2822
928 2823
75 2824
2804 2825
1180 2826
1765 2827
1629 2828
1015 2829
898 2830
2775 2831
1763 2832
2747 2833
1234 2834
499 2835
35 2836
298 2837
97 2838
527 2839
2508 2840
2136 2841
2273 2842
915 2843
252 2844
2667 2845
2845 2846
2472 2847
752 2848
214 2849
1802 2850
1092 2851
54 2852
323 2853
1466 2854
2156 2855
264 2856
960 2857
1170 2858
2647 2859
659 2860
37 2861
604 2862
2619 2863
1998 2864
1805 2865
1128 2866
2378 2867
1992 2868
1548 2869
2148 2870
424 2871
782 2872
2082 2873
156 2874
2086 2875
2135 2876
1686 2877
1752 2878
1051 2879
2003 2880
341 2881
2615 2882
2098 2883
1483 2884
1172 2885
2082 2886
1398 2887
1789 2888
792 2889
2611 2890
216 2891
1518 2892
2631 2893
1488 2894
1314 2895
989 2896
1110 2897
1261 2898
1751 2899
268 2900
1684 2901
2760 2902
451 2903
739 2904
2494 2905
2317 2906
1842 2907
576 2908
2592 2909
2499 2910
842 2911
2274 2912
275 2913
1001 2914
2657 2915
2243 2916
2466 2917
1993 2918
1858 2919
344 2920
1166 2921
1214 2922
2519 2923
86 2924
691 2925
1073 2926
555 2927
1892 2928
364 2929
2890 2930
40 2931
699 2932
1910 2933
1318 2934
205 2935
2127 2936
1667 2937
291 2938
761 2939
1029 2940
516 2941
1793 2942
2327 2943
613 2944
2479 2945
306 2946
1615 2947
1046 2948
1647 2949
481 2950
2496 2951
1982 2952
2477 2953
2078 2954
1057 2955
475 2956
1867 2957
765 2958
1843 2959
1504 2960
1787 2961
1612 2962
1450 2963
131 2964
264 2965
1705 2966
2191 2967
10 2968
2814 2969
1396 2970
714 2971
1175 2972
485 2973
3 2974
1096 2975
1244 2976
886 2977
2817 2978
2582 2979
2822 2980
31 2981
2566 2982
1808 2983
2232 2984
2900 2985
763 2986
2610 2987
2155 2988
1820 2989
402 2990
622 2991
571 2992
2278 2993
175 2994
1613 2995
686 2996
292 2997
980 2998
2751 2999
932 3000
700 3001
1513 3002
2379 3003
2335 3004
2787 3005
1353 3006
1247 3007
1061 3008
2930 3009
2728 3010
2714 3011
1102 3012
2307 3013
132 3014
90 3015
59 3016
584 3017
1732 3018
1382 3019
2319 3020
2477 3021
291 3022
585 3023
883 3024
1153 3025
2545 3026
1052 3027
2578 3028
2043 3029
735 3030
2615 3031
2370 3032
1211 3033
2065 3034
2798 3035
486 3036
2450 3037
2667 3038
164 3039
1073 3040
1030 3041
2731 3042
2364 3043
2227 3044
2397 3045
1704 3046
2432 3047
1086 3048
1835 3049
441 3050
2148 3051
1955 3052
680 3053
546 3054
1420 3055
1206 3056
433 3057
1614 3058
457 3059
1641 3060
1809 3061
3030 3062
246 3063
1833 3064
40 3065
1407 3066
468 3067
2677 3068
1264 3069
2300 3070
2378 3071
900 3072
1540 3073
882 3074
453 3075
2977 3076
393 3077
2925 3078
995 3079
197 3080
3050 3081
1359 3082
176 3083
3077 3084
1970 3085
1324 3086
1799 3087
2097 3088
566 3089
2534 3090
1764 3091
2114 3092
1609 3093
141 3094
431 3095
1445 3096
2845 3097
3061 3098
2210 3099
135 3100
1073 3101
2729 3102
1173 3103
898 3104
2241 3105
2702 3106
959 3107
795 3108
514 3109
1092 3110
2472 3111
2186 3112
3060 3113
761 3114
956 3115
1404 3116
2434 3117
590 3118
1636 3119
450 3120
185 3121
242 3122
1729 3123
955 3124
1622 3125
1144 3126
744 3127
2962 3128
1509 3129
186 3130
126 3131
617 3132
2816 3133
398 3134
84 3135
2408 3136
2197 3137
1811 3138
954 3139
1085 3140
520 3141
2222 3142
2526 3143
852 3144
599 3145
193 3146
39 3147
1126 3148
1413 3149
2481 3150
195 3151
19 3152
1325 3153
3076 3154
3000 3155
2976 3156
1234 3157
1479 3158
831 3159
2684 3160
1729 3161
1139 3162
2100 3163
1968 3164
647 3165
862 3166
930 3167
2438 3168
1603 3169
1572 3170
800 3171
190 3172
1002 3173
2443 3174
1221 3175
1147 3176
422 3177
169 3178
227 3179
2578 3180
329 3181
2083 3182
966 3183
1859 3184
1035 3185
1333 3186
1446 3187
2629 3188
1191 3189
798 3190
2610 3191
1332 3192
2098 3193
87 3194
834 3195
847 3196
2440 3197
600 3198
575 3199
2065 3200
2774 3201
2163 3202
784 3203
2928 3204
48 3205
258 3206
1529 3207
1396 3208
2451 3209
82 3210
89 3211
805 3212
407 3213
2784 3214
1114 3215
2257 3216
174 3217
524 3218
2654 3219
2954 3220
213 3221
2378 3222
1134 3223
2720 3224
3100 3225
2183 3226
2383 3227
1159 3228
2754 3229
2941 3230
1648 3231
212 3232
2772 3233
87 3234
2510 3235
2669 3236
2459 3237
2326 3238
1126 3239
1173 3240
630 3241
1161 3242
473 3243
1832 3244
902 3245
2859 3246
1478 3247
1686 3248
1017 3249
1995 3250
848 3251
2579 3252
878 3253
1446 3254
914 3255
2207 3256
546 3257
139 3258
1849 3259
969 3260
1112 3261
1374 3262
2104 3263
33 3264
1070 3265
2965 3266
1468 3267
2603 3268
278 3269
1338 3270
1320 3271
308 3272
532 3273
848 3274
1396 3275
446 3276
3024 3277
1840 3278
93 3279
2899 3280
2088 3281
2425 3282
226 3283
1518 3284
549 3285
1048 3286
47 3287
543 3288
1180 3289
690 3290
845 3291
175 3292
438 3293
157 3294
3178 3295
617 3296
2775 3297
2265 3298
1864 3299
250 3300
210 3301
346 3302
2203 3303
2242 3304
2225 3305
1721 3306
1710 3307
308 3308
1315 3309
435 3310
1332 3311
1013 3312
2519 3313
2842 3314
1254 3315
2634 3316
1636 3317
1798 3318
2232 3319
2640 3320
1332 3321
3171 3322
539 3323
400 3324
78 3325
1588 3326
2827 3327
715 3328
231 3329
952 3330
671 3331
3255 3332
1882 3333
1641 3334
2287 3335
1846 3336
1999 3337
1320 3338
29 3339
1746 3340
26 3341
895 3342
2586 3343
815 3344
1712 3345
1246 3346
1621 3347
60 3348
1430 3349
2122 3350
1691 3351
364 3352
986 3353
3190 3354
2852 3355
2184 3356
893 3357
1489 3358
441 3359
1149 3360
515 3361
2834 3362
557 3363
1306 3364
1877 3365
1697 3366
2004 3367
2096 3368
1970 3369
2976 3370
2356 3371
14 3372
2626 3373
1327 3374
1643 3375
2888 3376
1679 3377
1790 3378
2453 3379
2625 3380
355 3381
1841 3382
3214 3383
1486 3384
1714 3385
373 3386
1055 3387
1546 3388
2666 3389
59 3390
3125 3391
1705 3392
1125 3393
903 3394
83 3395
2582 3396
1974 3397
2941 3398
492 3399
612 3400
2499 3401
895 3402
653 3403
1533 3404
1548 3405
921 3406
3195 3407
2134 3408
2771 3409
3078 3410
632 3411
1527 3412
354 3413
3095 3414
569 3415
3357 3416
2776 3417
2742 3418
1776 3419
1831 3420
1121 3421
1119 3422
2229 3423
1795 3424
604 3425
3425 3426
1159 3427
2252 3428
3248 3429
2805 3430
2330 3431
1022 3432
1307 3433
3052 3434
543 3435
682 3436
2977 3437
573 3438
2430 3439
2865 3440
2022 3441
2665 3442
3145 3443
1661 3444
1996 3445
1828 3446
1860 3447
3367 3448
756 3449
2125 3450
2524 3451
2881 3452
1715 3453
2500 3454
2482 3455
2608 3456
3122 3457
1692 3458
549 3459
761 3460
34 3461
541 3462
1776 3463
1761 3464
2077 3465
2522 3466
2061 3467
2850 3468
714 3469
2650 3470
672 3471
700 3472
2649 3473
75 3474
897 3475
1870 3476
1376 3477
1470 3478
1174 3479
2560 3480
1214 3481
2849 3482
416 3483
164 3484
785 3485
1048 3486
1430 3487
1065 3488
1662 3489
3302 3490
1146 3491
2621 3492
1996 3493
85 3494
335 3495
2838 3496
2499 3497
24 3498
273 3499
809 3500
1850 3501
771 3502
3494 3503
1891 3504
2198 3505
740 3506
2618 3507
2260 3508
483 3509
815 3510
667 3511
1376 3512
1867 3513
1503 3514
1798 3515
2202 3516
2874 3517
3342 3518
2633 3519
3356 3520
1648 3521
270 3522
1823 3523
127 3524
2452 3525
2211 3526
1650 3527
934 3528
550 3529
1241 3530
686 3531
569 3532
2069 3533
2023 3534
3063 3535
879 3536
570 3537
2412 3538
1987 3539
622 3540
2871 3541
1904 3542
551 3543
423 3544
3323 3545
3045 3546
711 3547
1471 3548
1357 3549
2726 3550
551 3551
973 3552
1025 3553
2258 3554
1048 3555
2603 3556
131 3557
3180 3558
2182 3559
80 3560
2605 3561
1309 3562
2262 3563
2121 3564
2253 3565
2743 3566
3113 3567
513 3568
360 3569
3450 3570
2039 3571
2930 3572
202 3573
2930 3574
3477 3575
1794 3576
1056 3577
724 3578
1600 3579
2803 3580
2991 3581
1801 3582
1170 3583
2917 3584
2481 3585
606 3586
3502 3587
609 3588
3275 3589
853 3590
2636 3591
1414 3592
1265 3593
2257 3594
2179 3595
2180 3596
1459 3597
3362 3598
200 3599
2519 3600
2384 3601
2135 3602
3157 3603
952 3604
1670 3605
2948 3606
3102 3607
392 3608
693 3609
3349 3610
2374 3611
2770 3612
1062 3613
1579 3614
275 3615
506 3616
211 3617
197 3618
2195 3619
2192 3620
2527 3621
131 3622
1882 3623
1117 3624
151 3625
1491 3626
2871 3627
558 3628
678 3629
2322 3630
352 3631
1013 3632
2641 3633
473 3634
1600 3635
2207 3636
1489 3637
557 3638
2529 3639
2507 3640
1647 3641
810 3642
2119 3643
1504 3644
912 3645
2063 3646
1361 3647
3376 3648
3336 3649
1648 3650
2375 3651
3147 3652
3282 3653
1651 3654
3101 3655
1101 3656
2020 3657
2291 3658
2304 3659
2206 3660
647 3661
3361 3662
1845 3663
255 3664
3570 3665
1441 3666
3500 3667
37 3668
3191 3669
1483 3670
2336 3671
1932 3672
3047 3673
2373 3674
1826 3675
3258 3676
183 3677
2285 3678
3183 3679
2775 3680
314 3681
39 3682
1773 3683
3279 3684
439 3685
217 3686
454 3687
3059 3688
3611 3689
1011 3690
797 3691
3299 3692
3238 3693
2027 3694
913 3695
1433 3696
3533 3697
975 3698
3346 3699
896 3700
312 3701
922 3702
2516 3703
2075 3704
2189 3705
766 3706
106 3707
3524 3708
1945 3709
3379 3710
2719 3711
2222 3712
1482 3713
121 3714
2723 3715
321 3716
1873 3717
269 3718
2430 3719
522 3720
2697 3721
1670 3722
2028 3723
2101 3724
1625 3725
2403 3726
3196 3727
1188 3728
734 3729
579 3730
1068 3731
2823 3732
283 3733
2414 3734
46 3735
1070 3736
2085 3737
353 3738
2269 3739
3311 3740
276 3741
358 3742
808 3743
3585 3744
3154 3745
1242 3746
2217 3747
3195 3748
3461 3749
276 3750
485 3751
1193 3752
2209 3753
508 3754
1542 3755
1014 3756
2730 3757
2699 3758
964 3759
2437 3760
1058 3761
3713 3762
273 3763
604 3764
1099 3765
1679 3766
1331 3767
719 3768
145 3769
2152 3770
1501 3771
620 3772
3593 3773
3286 3774
2980 3775
3016 3776
2284 3777
281 3778
2776 3779
3460 3780
2192 3781
3116 3782
3713 3783
3300 3784
2192 3785
2213 3786
1564 3787
2866 3788
1582 3789
2292 3790
2049 3791
2900 3792
3483 3793
1230 3794
2622 3795
3368 3796
1180 3797
2041 3798
3491 3799
2408 3800
1525 3801
1418 3802
1801 3803
2902 3804
2671 3805
3655 3806
2954 3807
694 3808
3032 3809
2558 3810
1226 3811
571 3812
813 3813
2054 3814
170 3815
2337 3816
3515 3817
3777 3818
2382 3819
371 3820
1222 3821
1012 3822
1420 3823
3006 3824
580 3825
1162 3826
2704 3827
2421 3828
1316 3829
2699 3830
680 3831
1643 3832
799 3833
1986 3834
1655 3835
1120 3836
3445 3837
2880 3838
870 3839
872 3840
1695 3841
3088 3842
907 3843
2464 3844
3811 3845
1220 3846
2745 3847
3461 3848
1583 3849
281 3850
3098 3851
3057 3852
3852 3853
767 3854
2813 3855
1656 3856
3227 3857
3374 3858
1927 3859
1394 3860
2729 3861
2497 3862
1048 3863
2450 3864
3567 3865
3433 3866
590 3867
3843 3868
2179 3869
1241 3870
2257 3871
2998 3872
3797 3873
3240 3874
555 3875
3503 3876
704 3877
3180 3878
4 3879
2145 3880
559 3881
3603 3882
1720 3883
1032 3884
2193 3885
3036 3886
1970 3887
1137 3888
1834 3889
3349 3890
1492 3891
3198 3892
2760 3893
512 3894
3607 3895
1184 3896
1415 3897
2214 3898
1831 3899
1301 3900
1280 3901
2547 3902
2932 3903
3896 3904
783 3905
3766 3906
2254 3907
271 3908
3327 3909
325 3910
647 3911
2197 3912
1560 3913
2036 3914
1376 3915
398 3916
549 3917
3374 3918
3882 3919
2687 3920
1301 3921
2382 3922
770 3923
1222 3924
3063 3925
3088 3926
1427 3927
2384 3928
816 3929
3434 3930
2037 3931
710 3932
459 3933
3818 3934
1712 3935
3515 3936
2764 3937
1301 3938
2584 3939
1446 3940
916 3941
1889 3942
3500 3943
552 3944
676 3945
3871 3946
883 3947
394 3948
1927 3949
1827 3950
3747 3951
533 3952
153 3953
3376 3954
2788 3955
1933 3956
1129 3957
161 3958
2047 3959
1230 3960
3656 3961
1845 3962
2775 3963
1300 3964
1187 3965
3769 3966
3355 3967
2037 3968
1089 3969
3318 3970
191 3971
169 3972
59 3973
693 3974
546 3975
3097 3976
2442 3977
3170 3978
1466 3979
3760 3980
3554 3981
3219 3982
350 3983
584 3984
3752 3985
2497 3986
1058 3987
2789 3988
3078 3989
3581 3990
3879 3991
1987 3992
1685 3993
1365 3994
1711 3995
3133 3996
3045 3997
1425 3998
2087 3999
3574 4000
2167 4001
2715 4002
40 4003
2168 4004
2722 4005
1752 4006
534 4007
2668 4008
3743 4009
3289 4010
2133 4011
3391 4012
1665 4013
2311 4014
874 4015
2224 4016
1411 4017
2378 4018
1070 4019
3306 4020
1838 4021
2011 4022
1855 4023
3426 4024
1152 4025
2671 4026
3706 4027
64 4028
3676 4029
2554 4030
1838 4031
2290 4032
3288 4033
1158 4034
1649 4035
871 4036
918 4037
3266 4038
1326 4039
2189 4040
2657 4041
2208 4042
3074 4043
2943 4044
1663 4045
394 4046
2129 4047
2085 4048
3892 4049
3023 4050
1454 4051
2620 4052
3258 4053
2569 4054
2731 4055
335 4056
4043 4057
1827 4058
2254 4059
2591 4060
1072 4061
2261 4062
1343 4063
2117 4064
133 4065
919 4066
3372 4067
3917 4068
3166 4069
2893 4070
567 4071
2134 4072
3770 4073
3738 4074
2673 4075
2571 4076
286 4077
1003 4078
3756 4079
3551 4080
3770 4081
772 4082
2708 4083
1052 4084
2843 4085
303 4086
2773 4087
2909 4088
1177 4089
1334 4090
2727 4091
3083 4092
3784 4093
2728 4094
3245 4095
2818 4096
1404 4097
1007 4098
1691 4099
2619 4100
2388 4101
813 4102
1463 4103
376 4104
1680 4105
2592 4106
3512 4107
3652 4108
4090 4109
1335 4110
1986 4111
1994 4112
3291 4113
273 4114
2526 4115
2608 4116
2079 4117
2279 4118
60 4119
1524 4120
1519 4121
2311 4122
792 4123
92 4124
3102 4125
2294 4126
1585 4127
2310 4128
1109 4129
3421 4130
1244 4131
2770 4132
782 4133
3041 4134
372 4135
2967 4136
78 4137
2015 4138
1940 4139
3674 4140
3985 4141
2559 4142
2004 4143
2491 4144
1297 4145
1292 4146
3171 4147
1248 4148
2859 4149
3380 4150
3409 4151
284 4152
2638 4153
892 4154
1899 4155
1457 4156
2338 4157
4111 4158
3086 4159
2060 4160
2172 4161
3356 4162
2016 4163
2342 4164
2780 4165
3554 4166
2726 4167
2079 4168
2141 4169
3998 4170
2257 4171
3529 4172
3026 4173
1961 4174
2803 4175
3193 4176
1143 4177
3121 4178
3088 4179
2459 4180
703 4181
2342 4182
1316 4183
2445 4184
3024 4185
767 4186
912 4187
2691 4188
2997 4189
2051 4190
2352 4191
1158 4192
3054 4193
1599 4194
204 4195
1001 4196
2210 4197
2546 4198
1333 4199
256 4200
1196 4201
512 4202
1025 4203
84 4204
3065 4205
1190 4206
1952 4207
3978 4208
4059 4209
2244 4210
2744 4211
3602 4212
887 4213
1850 4214
3793 4215
3080 4216
2091 4217
443 4218
1966 4219
3969 4220
1699 4221
733 4222
2257 4223
1815 4224
1348 4225
1198 4226
263 4227
1112 4228
2816 4229
3089 4230
481 4231
2195 4232
3911 4233
4 4234
892 4235
148 4236
3954 4237
1018 4238
2627 4239
3214 4240
4072 4241
2744 4242
3781 4243
65 4244
2454 4245
3824 4246
3737 4247
2210 4248
1490 4249
3250 4250
477 4251
1494 4252
4012 4253
608 4254
2886 4255
2783 4256
875 4257
2464 4258
3995 4259
1759 4260
3259 4261
3968 4262
269 4263
1499 4264
618 4265
3387 4266
1018 4267
4157 4268
2416 4269
224 4270
1485 4271
117 4272
3631 4273
1567 4274
3219 4275
2206 4276
338 4277
1431 4278
164 4279
1076 4280
916 4281
366 4282
3753 4283
245 4284
1376 4285
3377 4286
2724 4287
1095 4288
3156 4289
356 4290
3240 4291
1677 4292
496 4293
3135 4294
3718 4295
1963 4296
1084 4297
2832 4298
38 4299
475 4300
65 4301
3796 4302
2186 4303
2571 4304
519 4305
3867 4306
956 4307
129 4308
2566 4309
2390 4310
2393 4311
2530 4312
2450 4313
1513 4314
4142 4315
66 4316
1989 4317
2126 4318
3955 4319
4132 4320
3494 4321
3952 4322
4073 4323
3450 4324
2092 4325
3496 4326
1861 4327
1322 4328
1055 4329
3746 4330
420 4331
3477 4332
2617 4333
84 4334
3096 4335
4299 4336
1455 4337
2266 4338
4235 4339
1497 4340
219 4341
1025 4342
3640 4343
484 4344
442 4345
2254 4346
756 4347
85 4348
924 4349
691 4350
4165 4351
575 4352
3829 4353
1348 4354
52 4355
4286 4356
3031 4357
1140 4358
3751 4359
1636 4360
383 4361
3815 4362
75 4363
4144 4364
3850 4365
1228 4366
4081 4367
4024 4368
1814 4369
237 4370
798 4371
3109 4372
2136 4373
2634 4374
1091 4375
145 4376
2819 4377
1505 4378
2085 4379
443 4380
3531 4381
4157 4382
3621 4383
1093 4384
1582 4385
4207 4386
765 4387
1630 4388
4223 4389
1920 4390
2628 4391
980 4392
520 4393
4171 4394
2238 4395
440 4396
2964 4397
1026 4398
3352 4399
3641 4400
1349 4401
2491 4402
4370 4403
2922 4404
2549 4405
1516 4406
1724 4407
1088 4408
1318 4409
2355 4410
20 4411
1565 4412
3759 4413
1285 4414
3024 4415
4138 4416
2660 4417
827 4418
2822 4419
1204 4420
3000 4421
3221 4422
1786 4423
3795 4424
2687 4425
2713 4426
3003 4427
1422 4428
3026 4429
3805 4430
2188 4431
2373 4432
4193 4433
4133 4434
3527 4435
2938 4436
4418 4437
4257 4438
1887 4439
435 4440
2898 4441
3303 4442
1302 4443
113 4444
3893 4445
1940 4446
1688 4447
596 4448
490 4449
4088 4450
3610 4451
1478 4452
200 4453
4383 4454
771 4455
2245 4456
710 4457
1555 4458
1050 4459
71 4460
1341 4461
3628 4462
1226 4463
2581 4464
3700 4465
1799 4466
3379 4467
3373 4468
3948 4469
440 4470
1323 4471
1801 4472
1752 4473
2450 4474
2001 4475
2791 4476
2207 4477
4091 4478
1892 4479
1801 4480
3333 4481
1535 4482
4119 4483
4090 4484
4077 4485
3675 4486
67 4487
1351 4488
2578 4489
3609 4490
2420 4491
4456 4492
3901 4493
2253 4494
2693 4495
2920 4496
4458 4497
3356 4498
4040 4499
3603 4500
1316 4501
2061 4502
4252 4503
1693 4504
4027 4505
2883 4506
333 4507
889 4508
2872 4509
3389 4510
2890 4511
2013 4512
3672 4513
1746 4514
4287 4515
965 4516
3145 4517
3673 4518
1572 4519
223 4520
274 4521
4027 4522
3152 4523
2824 4524
3798 4525
1217 4526
1375 4527
2799 4528
986 4529
551 4530
2461 4531
3480 4532
2587 4533
2269 4534
1925 4535
1769 4536
2257 4537
1651 4538
4513 4539
3917 4540
1557 4541
4041 4542
3913 4543
2262 4544
4321 4545
2810 4546
3265 4547
3346 4548
2927 4549
1930 4550
3285 4551
2761 4552
1092 4553
1171 4554
2483 4555
4037 4556
1329 4557
3503 4558
1489 4559
2585 4560
2887 4561
1961 4562
1853 4563
3735 4564
3562 4565
773 4566
311 4567
2597 4568
2939 4569
232 4570
4021 4571
1909 4572
4423 4573
1480 4574
700 4575
1013 4576
582 4577
1976 4578
698 4579
1954 4580
3053 4581
2907 4582
2884 4583
2579 4584
761 4585
1328 4586
1419 4587
3711 4588
3579 4589
2594 4590
2630 4591
1844 4592
1702 4593
3232 4594
1850 4595
1916 4596
2341 4597
945 4598
112 4599
2000 4600
774 4601
318 4602
4488 4603
3508 4604
179 4605
29 4606
1645 4607
69 4608
2958 4609
2921 4610
1236 4611
3768 4612
2393 4613
4419 4614
213 4615
2315 4616
4137 4617
3618 4618
2497 4619
3536 4620
1973 4621
1638 4622
4153 4623
3768 4624
1955 4625
3272 4626
1090 4627
2589 4628
642 4629
2780 4630
2938 4631
2223 4632
3501 4633
1485 4634
130 4635
330 4636
3592 4637
4637 4638
2741 4639
2769 4640
2662 4641
3162 4642
858 4643
4393 4644
1854 4645
1832 4646
3246 4647
1374 4648
164 4649
2089 4650
3061 4651
617 4652
4652 4653
1411 4654
1069 4655
3208 4656
3330 4657
349 4658
3124 4659
3448 4660
1580 4661
834 4662
1065 4663
3186 4664
3910 4665
3537 4666
3326 4667
3729 4668
822 4669
904 4670
1289 4671
2977 4672
1671 4673
387 4674
2509 4675
1065 4676
3723 4677
4097 4678
3681 4679
3622 4680
3341 4681
2594 4682
2624 4683
3814 4684
1533 4685
4113 4686
1079 4687
1045 4688
4685 4689
1498 4690
4641 4691
2902 4692
714 4693
1500 4694
3368 4695
3370 4696
3310 4697
1862 4698
1350 4699
3690 4700
3316 4701
3632 4702
608 4703
3123 4704
723 4705
960 4706
570 4707
3322 4708
1129 4709
3544 4710
785 4711
3627 4712
4431 4713
1737 4714
4195 4715
1369 4716
1798 4717
2493 4718
965 4719
141 4720
2055 4721
3306 4722
3793 4723
4431 4724
1468 4725
371 4726
1021 4727
2828 4728
3314 4729
4661 4730
3766 4731
3200 4732
2313 4733
1092 4734
3361 4735
4149 4736
3130 4737
687 4738
4596 4739
3905 4740
753 4741
1146 4742
566 4743
4573 4744
3786 4745
349 4746
3670 4747
1009 4748
3301 4749
1746 4750
3906 4751
1796 4752
1761 4753
954 4754
1129 4755
4713 4756
2993 4757
2152 4758
2682 4759
1617 4760
1127 4761
2495 4762
4473 4763
2959 4764
2647 4765
2179 4766
3306 4767
4020 4768
3077 4769
1566 4770
4048 4771
3445 4772
2559 4773
1777 4774
2128 4775
4626 4776
860 4777
748 4778
3321 4779
3126 4780
2138 4781
2702 4782
1034 4783
2546 4784
3454 4785
2555 4786
2940 4787
1319 4788
2662 4789
2601 4790
3538 4791
292 4792
1225 4793
581 4794
3376 4795
4528 4796
3905 4797
3848 4798
4752 4799
4518 4800
2406 4801
1282 4802
1302 4803
3519 4804
4694 4805
3740 4806
3701 4807
3388 4808
1253 4809
496 4810
723 4811
4560 4812
1526 4813
859 4814
35 4815
1272 4816
1681 4817
742 4818
2272 4819
4221 4820
3637 4821
1001 4822
1885 4823
3740 4824
4044 4825
1658 4826
4323 4827
3109 4828
3033 4829
1989 4830
88 4831
4014 4832
200 4833
4436 4834
3684 4835
466 4836
327 4837
1275 4838
1603 4839
2928 4840
2708 4841
3420 4842
3451 4843
2069 4844
3549 4845
1529 4846
4086 4847
553 4848
2169 4849
2023 4850
3507 4851
2536 4852
1056 4853
503 4854
3700 4855
3745 4856
307 4857
2303 4858
1099 4859
1948 4860
2417 4861
1227 4862
57 4863
1557 4864
1602 4865
1908 4866
4172 4867
1225 4868
2858 4869
127 4870
3304 4871
2904 4872
2145 4873
4487 4874
3217 4875
3846 4876
4863 4877
60 4878
3075 4879
3164 4880
2670 4881
3458 4882
1290 4883
2587 4884
1595 4885
4427 4886
988 4887
4773 4888
1863 4889
3685 4890
4024 4891
2781 4892
148 4893
2201 4894
4033 4895
4431 4896
1217 4897
3530 4898
594 4899
1154 4900
632 4901
2952 4902
4784 4903
3152 4904
3624 4905
445 4906
172 4907
375 4908
1215 4909
28 4910
1213 4911
2899 4912
2635 4913
4756 4914
1187 4915
2969 4916
3888 4917
1832 4918
2855 4919
3422 4920
218 4921
966 4922
531 4923
4754 4924
4681 4925
4666 4926
2148 4927
3814 4928
1358 4929
4656 4930
2481 4931
1259 4932
3855 4933
4153 4934
2705 4935
3464 4936
1708 4937
2686 4938
326 4939
3753 4940
3873 4941
2749 4942
2611 4943
750 4944
3494 4945
2761 4946
3985 4947
677 4948
1316 4949
2056 4950
151 4951
2189 4952
2533 4953
4019 4954
2893 4955
3808 4956
916 4957
4732 4958
4892 4959
2496 4960
3296 4961
3982 4962
200 4963
2763 4964
2980 4965
3769 4966
3783 4967
2766 4968
820 4969
613 4970
4810 4971
4603 4972
2690 4973
1346 4974
3931 4975
4284 4976
882 4977
36 4978
4856 4979
2975 4980
782 4981
1942 4982
2441 4983
2524 4984
2877 4985
4100 4986
983 4987
4270 4988
3629 4989
2784 4990
22 4991
1072 4992
1208 4993
1184 4994
1912 4995
2443 4996
2691 4997
1648 4998
237 4999
3294 5000
2439 5001
575 5002
4131 5003
1958 5004
1573 5005
4534 5006
1778 5007
3582 5008
2166 5009
3848 5010
2112 5011
1581 5012
4697 5013
3466 5014
3285 5015
2860 5016
4697 5017
3358 5018
469 5019
1977 5020
195 5021
536 5022
74 5023
768 5024
1533 5025
1462 5026
4701 5027
3705 5028
4841 5029
4064 5030
1344 5031
1898 5032
2538 5033
1491 5034
49 5035
2931 5036
2564 5037
2518 5038
3228 5039
785 5040
3665 5041
1884 5042
4109 5043
2419 5044
1464 5045
1155 5046
1334 5047
68 5048
670 5049
1436 5050
4962 5051
2431 5052
2008 5053
2659 5054
2738 5055
3880 5056
988 5057
1909 5058
1985 5059
2007 5060
4010 5061
1445 5062
4260 5063
2778 5064
399 5065
2275 5066
582 5067
4612 5068
3257 5069
1902 5070
193 5071
4829 5072
3336 5073
3389 5074
2364 5075
1450 5076
734 5077
3134 5078
551 5079
206 5080
3343 5081
1817 5082
4301 5083
437 5084
4846 5085
1630 5086
545 5087
3082 5088
837 5089
1335 5090
3131 5091
2714 5092
3091 5093
3687 5094
4873 5095
197 5096
230 5097
1002 5098
4401 5099
776 5100
3023 5101
3693 5102
2232 5103
4035 5104
2701 5105
2215 5106
3725 5107
2709 5108
4540 5109
1219 5110
1526 5111
1272 5112
3712 5113
846 5114
3115 5115
4077 5116
901 5117
1415 5118
4680 5119
1476 5120
179 5121
2011 5122
202 5123
2891 5124
4618 5125
2252 5126
4176 5127
3026 5128
1538 5129
1515 5130
2724 5131
2141 5132
1672 5133
3521 5134
3021 5135
3190 5136
430 5137
2083 5138
934 5139
464 5140
1494 5141
4533 5142
2449 5143
1543 5144
2498 5145
4083 5146
3906 5147
947 5148
4293 5149
3158 5150
3073 5151
2232 5152
4667 5153
3204 5154
3150 5155
456 5156
464 5157
605 5158
4940 5159
402 5160
514 5161
1189 5162
4045 5163
3008 5164
3465 5165
2128 5166
4531 5167
1230 5168
4722 5169
2886 5170
468 5171
4581 5172
4716 5173
2085 5174
1039 5175
1295 5176
2560 5177
3631 5178
582 5179
3956 5180
2536 5181
3569 5182
5153 5183
4672 5184
2978 5185
1455 5186
3255 5187
1218 5188
2299 5189
1412 5190
1842 5191
367 5192
1548 5193
433 5194
1827 5195
2333 5196
4579 5197
421 5198
4651 5199
2259 5200
5055 5201
3918 5202
2493 5203
171 5204
261 5205
2872 5206
2714 5207
3115 5208
760 5209
3709 5210
2553 5211
3683 5212
1140 5213
2136 5214
3375 5215
3640 5216
482 5217
2014 5218
2867 5219
1214 5220
1104 5221
795 5222
288 5223
1744 5224
1302 5225
3236 5226
2674 5227
180 5228
334 5229
4774 5230
3877 5231
3616 5232
2597 5233
2314 5234
4690 5235
2180 5236
3753 5237
3732 5238
3679 5239
1162 5240
3 5241
2058 5242
638 5243
994 5244
566 5245
2496 5246
2324 5247
3333 5248
563 5249
677 5250
4142 5251
766 5252
4175 5253
3591 5254
3417 5255
171 5256
2841 5257
2194 5258
1104 5259
2533 5260
2255 5261
1864 5262
3407 5263
1085 5264
88 5265
1360 5266
1434 5267
794 5268
3926 5269
4272 5270
4064 5271
466 5272
4974 5273
1535 5274
4249 5275
2872 5276
216 5277
1883 5278
3751 5279
2604 5280
1089 5281
4224 5282
2892 5283
3236 5284
3386 5285
4626 5286
3600 5287
208 5288
3664 5289
4161 5290
3226 5291
2808 5292
87 5293
2340 5294
3711 5295
4837 5296
3294 5297
3465 5298
4132 5299
1649 5300
1439 5301
4648 5302
3403 5303
3542 5304
1835 5305
1224 5306
3729 5307
4808 5308
2082 5309
985 5310
452 5311
4020 5312
3374 5313
432 5314
995 5315
3455 5316
2132 5317
1282 5318
817 5319
4843 5320
3139 5321
579 5322
3956 5323
437 5324
1494 5325
993 5326
1631 5327
4211 5328
3629 5329
1794 5330
233 5331
2468 5332
770 5333
695 5334
392 5335
5188 5336
3481 5337
3357 5338
4788 5339
3499 5340
553 5341
2027 5342
1728 5343
3507 5344
2646 5345
2027 5346
1207 5347
4006 5348
5 5349
5339 5350
4044 5351
917 5352
1898 5353
1178 5354
3018 5355
2179 5356
4434 5357
2332 5358
4820 5359
2911 5360
1678 5361
4938 5362
316 5363
1789 5364
4885 5365
344 5366
2018 5367
5251 5368
111 5369
3374 5370
2304 5371
716 5372
1857 5373
5117 5374
581 5375
192 5376
3925 5377
3911 5378
3630 5379
1610 5380
4732 5381
3943 5382
3476 5383
2120 5384
2427 5385
4564 5386
541 5387
3676 5388
3354 5389
1805 5390
1051 5391
1637 5392
1883 5393
3818 5394
3399 5395
1183 5396
2065 5397
345 5398
4230 5399
1500 5400
1274 5401
1844 5402
2094 5403
341 5404
4205 5405
4906 5406
4663 5407
1531 5408
1821 5409
5316 5410
2308 5411
4764 5412
1466 5413
4254 5414
697 5415
1587 5416
3650 5417
4182 5418
2553 5419
2845 5420
737 5421
2444 5422
3061 5423
918 5424
927 5425
3349 5426
1944 5427
2511 5428
3898 5429
2854 5430
660 5431
1255 5432
972 5433
36 5434
2075 5435
2074 5436
4810 5437
5028 5438
2865 5439
1048 5440
415 5441
2060 5442
718 5443
4705 5444
2256 5445
1506 5446
4383 5447
4242 5448
3458 5449
1400 5450
4518 5451
5133 5452
4807 5453
2960 5454
2254 5455
2409 5456
1512 5457
5198 5458
1016 5459
3117 5460
1213 5461
1358 5462
1657 5463
3992 5464
325 5465
2849 5466
3463 5467
3801 5468
3167 5469
1390 5470
1358 5471
3916 5472
763 5473
2262 5474
3321 5475
2333 5476
4221 5477
2270 5478
4996 5479
3701 5480
3652 5481
3031 5482
1497 5483
5253 5484
1514 5485
1614 5486
3890 5487
3885 5488
1397 5489
4681 5490
3677 5491
3556 5492
1985 5493
999 5494
3074 5495
196 5496
4197 5497
767 5498
4184 5499
704 5500
403 5501
69 5502
1074 5503
4365 5504
4041 5505
549 5506
3978 5507
2732 5508
4745 5509
1974 5510
1588 5511
853 5512
1545 5513
1815 5514
4220 5515
5055 5516
5463 5517
1367 5518
3688 5519
2041 5520
4171 5521
5264 5522
2369 5523
2934 5524
4084 5525
1420 5526
4286 5527
1921 5528
3668 5529
1370 5530
4449 5531
4083 5532
3955 5533
2084 5534
160 5535
5141 5536
4794 5537
2702 5538
2541 5539
3116 5540
178 5541
915 5542
3109 5543
1047 5544
2851 5545
4596 5546
5326 5547
1075 5548
2033 5549
2752 5550
1866 5551
210 5552
1702 5553
5049 5554
1579 5555
4854 5556
3350 5557
372 5558
609 5559
3078 5560
2898 5561
4159 5562
4505 5563
3490 5564
643 5565
1410 5566
4303 5567
436 5568
1821 5569
574 5570
5307 5571
3403 5572
181 5573
2779 5574
3186 5575
4265 5576
1115 5577
400 5578
3568 5579
1785 5580
715 5581
3779 5582
260 5583
5449 5584
3498 5585
2626 5586
2541 5587
1814 5588
571 5589
3163 5590
635 5591
996 5592
4495 5593
4497 5594
4299 5595
5278 5596
2198 5597
5486 5598
4966 5599
960 5600
4503 5601
2263 5602
5357 5603
3612 5604
5126 5605
3217 5606
2422 5607
3429 5608
5019 5609
823 5610
1054 5611
1111 5612
3312 5613
4336 5614
4894 5615
3969 5616
3207 5617
2483 5618
5052 5619
1283 5620
540 5621
4327 5622
4953 5623
3849 5624
36 5625
1849 5626
2423 5627
2705 5628
532 5629
46 5630
5408 5631
3386 5632
1228 5633
4762 5634
4345 5635
2241 5636
2260 5637
1046 5638
2892 5639
4882 5640
962 5641
4166 5642
1951 5643
2871 5644
4555 5645
1392 5646
1690 5647
3971 5648
3336 5649
2539 5650
3526 5651
3301 5652
352 5653
4668 5654
4562 5655
4007 5656
3158 5657
4134 5658
4413 5659
4787 5660
2262 5661
98 5662
3263 5663
1068 5664
394 5665
2682 5666
4861 5667
2897 5668
4788 5669
2971 5670
3459 5671
1832 5672
1981 5673
5417 5674
3850 5675
1803 5676
4984 5677
4282 5678
4971 5679
991 5680
2515 5681
42 5682
1598 5683
3563 5684
3206 5685
1662 5686
4818 5687
5566 5688
2571 5689
2541 5690
656 5691
5135 5692
4178 5693
1924 5694
4908 5695
4832 5696
2661 5697
1212 5698
1494 5699
1280 5700
4158 5701
1085 5702
5231 5703
5610 5704
4744 5705
4553 5706
4175 5707
2284 5708
1993 5709
58 5710
1094 5711
1658 5712
1261 5713
2090 5714
2587 5715
4291 5716
2979 5717
3070 5718
5032 5719
5231 5720
2243 5721
4778 5722
4712 5723
106 5724
3789 5725
3036 5726
2995 5727
3462 5728
5008 5729
3738 5730
2088 5731
3971 5732
3614 5733
2939 5734
3658 5735
3803 5736
290 5737
4885 5738
3888 5739
2751 5740
863 5741
1455 5742
237 5743
835 5744
735 5745
2472 5746
5385 5747
5636 5748
3849 5749
4675 5750
432 5751
5084 5752
5211 5753
1344 5754
2217 5755
5730 5756
1995 5757
3261 5758
3786 5759
3078 5760
5615 5761
1732 5762
2696 5763
2948 5764
4774 5765
801 5766
2749 5767
5021 5768
5651 5769
1542 5770
4853 5771
5025 5772
1229 5773
573 5774
4312 5775
935 5776
3811 5777
4321 5778
340 5779
4395 5780
3452 5781
3761 5782
4378 5783
1606 5784
4508 5785
5372 5786
4255 5787
723 5788
1207 5789
3182 5790
4699 5791
4284 5792
4383 5793
5088 5794
2284 5795
5560 5796
2336 5797
274 5798
5596 5799
4493 5800
1240 5801
3927 5802
4556 5803
4789 5804
1398 5805
4634 5806
2355 5807
3039 5808
2950 5809
4012 5810
5026 5811
5489 5812
4287 5813
2034 5814
5242 5815
3275 5816
663 5817
4148 5818
1427 5819
4508 5820
30 5821
224 5822
1452 5823
4034 5824
2906 5825
5141 5826
271 5827
870 5828
4551 5829
4362 5830
663 5831
4034 5832
3603 5833
5426 5834
583 5835
4531 5836
2284 5837
796 5838
2998 5839
1405 5840
3051 5841
2858 5842
2388 5843
1093 5844
3143 5845
670 5846
5136 5847
2669 5848
4511 5849
754 5850
5360 5851
4896 5852
393 5853
1982 5854
1356 5855
3731 5856
2758 5857
256 5858
1546 5859
1177 5860
1741 5861
433 5862
1117 5863
5027 5864
2897 5865
1835 5866
3132 5867
799 5868
4652 5869
4900 5870
4748 5871
664 5872
5121 5873
3571 5874
1077 5875
2011 5876
2375 5877
4157 5878
1016 5879
1072 5880
3881 5881
1859 5882
4525 5883
2719 5884
2109 5885
3941 5886
5446 5887
2225 5888
4296 5889
1251 5890
1300 5891
4003 5892
1697 5893
1801 5894
221 5895
113 5896
3044 5897
440 5898
1381 5899
5799 5900
2514 5901
4513 5902
365 5903
738 5904
4547 5905
1849 5906
3657 5907
4743 5908
5292 5909
5874 5910
690 5911
1646 5912
1220 5913
2454 5914
4384 5915
3063 5916
4440 5917
1513 5918
2751 5919
4020 5920
854 5921
1661 5922
2485 5923
835 5924
3793 5925
3999 5926
2741 5927
860 5928
4215 5929
1164 5930
570 5931
1202 5932
4830 5933
17 5934
1841 5935
1976 5936
3853 5937
2440 5938
5003 5939
2348 5940
2112 5941
1703 5942
3841 5943
3653 5944
3105 5945
229 5946
2443 5947
2621 5948
5685 5949
3265 5950
5706 5951
4916 5952
3495 5953
1616 5954
3696 5955
3910 5956
5016 5957
1116 5958
5774 5959
704 5960
3764 5961
3660 5962
5368 5963
1903 5964
5898 5965
4914 5966
5478 5967
2055 5968
1917 5969
3220 5970
4967 5971
2863 5972
3374 5973
3103 5974
3500 5975
2232 5976
2058 5977
2902 5978
2619 5979
36 5980
5257 5981
5667 5982
3670 5983
4378 5984
146 5985
5023 5986
5046 5987
64 5988
2313 5989
4177 5990
4440 5991
293 5992
2893 5993
895 5994
5137 5995
1347 5996
492 5997
4321 5998
2390 5999
1498 6000
4754 6001
1540 6002
160 6003
2797 6004
3692 6005
1206 6006
1611 6007
5817 6008
1009 6009
2856 6010
2253 6011
587 6012
3418 6013
5164 6014
4577 6015
4838 6016
2002 6017
2022 6018
4047 6019
1827 6020
1395 6021
2295 6022
2856 6023
2485 6024
481 6025
194 6026
5270 6027
355 6028
3271 6029
1091 6030
1281 6031
3155 6032
1925 6033
5137 6034
1028 6035
5640 6036
2664 6037
5599 6038
2875 6039
460 6040
5136 6041
4415 6042
4738 6043
4860 6044
904 6045
5221 6046
4930 6047
5773 6048
2675 6049
1995 6050
2696 6051
2034 6052
1764 6053
1034 6054
5555 6055
3256 6056
3436 6057
5169 6058
2796 6059
5523 6060
5253 6061
5660 6062
3535 6063
1752 6064
3049 6065
4621 6066
151 6067
4799 6068
3771 6069
5930 6070
2337 6071
920 6072
5612 6073
563 6074
3983 6075
2470 6076
523 6077
4698 6078
2829 6079
4059 6080
1670 6081
5366 6082
2056 6083
3072 6084
3600 6085
5064 6086
5090 6087
1470 6088
3949 6089
411 6090
2559 6091
3861 6092
735 6093
1185 6094
417 6095
3071 6096
2308 6097
45 6098
3081 6099
3077 6100
653 6101
738 6102
3053 6103
1578 6104
913 6105
5709 6106
5566 6107
5671 6108
2552 6109
5392 6110
910 6111
2015 6112
1992 6113
3395 6114
2551 6115
4990 6116
158 6117
945 6118
5 6119
2869 6120
2376 6121
1541 6122
1358 6123
1003 6124
213 6125
2542 6126
5471 6127
37 6128
4329 6129
4837 6130
3607 6131
3545 6132
1436 6133
1180 6134
4577 6135
1070 6136
661 6137
5043 6138
441 6139
1535 6140
456 6141
1978 6142
2690 6143
4127 6144
2840 6145
4700 6146
712 6147
1143 6148
3315 6149
210 6150
589 6151
4336 6152
2185 6153
1010 6154
6042 6155
2971 6156
5011 6157
4278 6158
4911 6159
817 6160
5649 6161
2219 6162
923 6163
2659 6164
5631 6165
5645 6166
1200 6167
248 6168
1020 6169
1492 6170
2372 6171
3553 6172
3552 6173
5614 6174
3519 6175
2392 6176
5709 6177
3964 6178
4520 6179
2075 6180
897 6181
3941 6182
703 6183
6005 6184
4732 6185
3724 6186
5398 6187
2490 6188
2553 6189
4067 6190
234 6191
5778 6192
3081 6193
4967 6194
5995 6195
2134 6196
4021 6197
2555 6198
4692 6199
5088 6200
1617 6201
3109 6202
2748 6203
5638 6204
5036 6205
4604 6206
1368 6207
3220 6208
1383 6209
2544 6210
2908 6211
5797 6212
4720 6213
2221 6214
5770 6215
935 6216
379 6217
5326 6218
5636 6219
3031 6220
246 6221
469 6222
210 6223
780 6224
929 6225
3695 6226
5849 6227
3362 6228
3859 6229
5144 6230
5229 6231
3921 6232
5325 6233
6231 6234
929 6235
4796 6236
2567 6237
3723 6238
69 6239
1936 6240
731 6241
340 6242
4739 6243
2496 6244
4482 6245
4390 6246
4936 6247
2053 6248
5901 6249
868 6250
2371 6251
3447 6252
1407 6253
249 6254
5390 6255
3955 6256
1232 6257
3225 6258
4458 6259
1704 6260
1432 6261
3746 6262
796 6263
5179 6264
1369 6265
4428 6266
5938 6267
6151 6268
42 6269
4478 6270
6251 6271
5904 6272
155 6273
1824 6274
6173 6275
5007 6276
2333 6277
5470 6278
1325 6279
3692 6280
2254 6281
5820 6282
3422 6283
2336 6284
5232 6285
2941 6286
4528 6287
2075 6288
1730 6289
3868 6290
6154 6291
4491 6292
6133 6293
4482 6294
1851 6295
4491 6296
199 6297
2250 6298
2007 6299
2095 6300
2257 6301
1646 6302
1960 6303
284 6304
2862 6305
2253 6306
5253 6307
4315 6308
6046 6309
2085 6310
5208 6311
3260 6312
2828 6313
2232 6314
2306 6315
1049 6316
6161 6317
1087 6318
1796 6319
441 6320
1218 6321
3162 6322
4087 6323
2925 6324
1890 6325
332 6326
3716 6327
4822 6328
4818 6329
451 6330
622 6331
5559 6332
1509 6333
4783 6334
5256 6335
2164 6336
2827 6337
3040 6338
2406 6339
764 6340
4747 6341
5334 6342
996 6343
739 6344
1022 6345
2813 6346
1614 6347
2536 6348
5973 6349
4090 6350
5794 6351
500 6352
5880 6353
405 6354
2587 6355
6273 6356
198 6357
1355 6358
3702 6359
2233 6360
80 6361
3658 6362
6017 6363
4169 6364
3626 6365
6071 6366
2233 6367
308 6368
5198 6369
5635 6370
2271 6371
1755 6372
363 6373
2161 6374
3995 6375
4517 6376
6265 6377
799 6378
3473 6379
921 6380
2807 6381
5996 6382
3009 6383
467 6384
1031 6385
92 6386
4576 6387
6003 6388
638 6389
4086 6390
5348 6391
663 6392
5569 6393
5115 6394
898 6395
4356 6396
381 6397
4022 6398
3761 6399
83 6400
4353 6401
576 6402
4521 6403
5938 6404
3313 6405
5844 6406
55 6407
3199 6408
5708 6409
2264 6410
2918 6411
1390 6412
1408 6413
5299 6414
5135 6415
2429 6416
1839 6417
3947 6418
4199 6419
5694 6420
3244 6421
5299 6422
987 6423
1009 6424
4260 6425
6133 6426
2275 6427
735 6428
5751 6429
6353 6430
3858 6431
5965 6432
3706 6433
4722 6434
6405 6435
6299 6436
3757 6437
1821 6438
4645 6439
3601 6440
18 6441
4207 6442
3924 6443
2527 6444
4571 6445
364 6446
2856 6447
3969 6448
5273 6449
6423 6450
4572 6451
5097 6452
4940 6453
5832 6454
173 6455
1343 6456
4077 6457
4121 6458
1516 6459
1608 6460
53 6461
474 6462
5412 6463
4409 6464
4280 6465
4299 6466
5084 6467
5589 6468
5468 6469
1422 6470
4699 6471
591 6472
5763 6473
2235 6474
462 6475
3788 6476
1523 6477
6121 6478
2631 6479
324 6480
1685 6481
939 6482
2071 6483
5476 6484
1721 6485
4720 6486
1902 6487
5275 6488
2552 6489
6144 6490
6123 6491
3856 6492
6324 6493
6194 6494
4196 6495
4529 6496
6089 6497
5191 6498
1126 6499
4049 6500
1215 6501
5975 6502
4799 6503
672 6504
5292 6505
5041 6506
6268 6507
6250 6508
60 6509
18 6510
763 6511
3485 6512
5063 6513
1026 6514
5307 6515
2609 6516
1733 6517
4958 6518
5371 6519
4287 6520
3559 6521
5438 6522
5974 6523
4200 6524
2493 6525
5391 6526
38 6527
306 6528
4239 6529
2147 6530
2418 6531
6123 6532
4132 6533
4814 6534
6102 6535
4905 6536
821 6537
1093 6538
6099 6539
4512 6540
5917 6541
452 6542
4266 6543
5491 6544
3358 6545
3445 6546
4657 6547
3935 6548
1521 6549
5902 6550
6229 6551
1100 6552
6070 6553
1789 6554
4412 6555
1386 6556
3641 6557
2151 6558
580 6559
6362 6560
788 6561
5575 6562
4429 6563
1733 6564
5075 6565
5615 6566
515 6567
6356 6568
5828 6569
2061 6570
1446 6571
3111 6572
4783 6573
5440 6574
6164 6575
1135 6576
4568 6577
4604 6578
6409 6579
3650 6580
3539 6581
6169 6582
942 6583
1033 6584
3257 6585
2500 6586
1333 6587
5536 6588
740 6589
4462 6590
2046 6591
4345 6592
1525 6593
3673 6594
4153 6595
2114 6596
4514 6597
1286 6598
6380 6599
5118 6600
415 6601
4934 6602
5695 6603
3682 6604
1844 6605
3944 6606
6132 6607
4326 6608
738 6609
6098 6610
3048 6611
5647 6612
2782 6613
435 6614
85 6615
3092 6616
5079 6617
2218 6618
1813 6619
4966 6620
790 6621
3726 6622
4408 6623
3959 6624
4427 6625
3955 6626
6308 6627
3735 6628
1132 6629
1565 6630
6059 6631
6456 6632
2241 6633
2709 6634
6242 6635
5886 6636
6161 6637
1272 6638
5833 6639
977 6640
1458 6641
2863 6642
3466 6643
6203 6644
2132 6645
4972 6646
6329 6647
1239 6648
884 6649
6542 6650
1107 6651
4922 6652
5811 6653
5403 6654
717 6655
667 6656
3918 6657
3652 6658
5297 6659
2199 6660
5682 6661
1457 6662
2626 6663
378 6664
4019 6665
5285 6666
3564 6667
2284 6668
1637 6669
3477 6670
3156 6671
5288 6672
4986 6673
2574 6674
3976 6675
1356 6676
5473 6677
705 6678
6333 6679
2295 6680
3918 6681
5010 6682
5749 6683
6258 6684
377 6685
4992 6686
1455 6687
634 6688
5743 6689
292 6690
3505 6691
6644 6692
2804 6693
6340 6694
4563 6695
3904 6696
3570 6697
1125 6698
6116 6699
5181 6700
5335 6701
1259 6702
4320 6703
5626 6704
3481 6705
3962 6706
5641 6707
6343 6708
1242 6709
2405 6710
3981 6711
4292 6712
3838 6713
2845 6714
5874 6715
2029 6716
305 6717
6391 6718
4391 6719
2131 6720
156 6721
768 6722
3991 6723
1860 6724
3323 6725
670 6726
2360 6727
5847 6728
4426 6729
5114 6730
74 6731
5127 6732
3440 6733
1833 6734
3150 6735
2196 6736
1005 6737
1930 6738
953 6739
5814 6740
3261 6741
1364 6742
1704 6743
5811 6744
1460 6745
5526 6746
3251 6747
737 6748
1972 6749
4278 6750
4981 6751
5784 6752
3802 6753
6024 6754
2902 6755
5793 6756
2300 6757
2169 6758
1707 6759
3894 6760
625 6761
2495 6762
4185 6763
4388 6764
6347 6765
3312 6766
4921 6767
3384 6768
924 6769
4005 6770
3525 6771
244 6772
4443 6773
6624 6774
127 6775
845 6776
4930 6777
4227 6778
6701 6779
4856 6780
480 6781
5441 6782
5721 6783
2698 6784
3779 6785
3075 6786
664 6787
2183 6788
6263 6789
4065 6790
3264 6791
6111 6792
566 6793
5276 6794
5035 6795
3902 6796
450 6797
5707 6798
1789 6799
4076 6800
4505 6801
1747 6802
5782 6803
4810 6804
132 6805
234 6806
6533 6807
1073 6808
4081 6809
4935 6810
4442 6811
3789 6812
4112 6813
5121 6814
4838 6815
1253 6816
3704 6817
530 6818
5015 6819
1080 6820
1384 6821
2581 6822
3462 6823
5151 6824
1213 6825
4165 6826
5879 6827
1006 6828
1818 6829
2971 6830
2431 6831
4942 6832
6573 6833
3434 6834
6023 6835
6230 6836
3338 6837
5161 6838
5167 6839
5931 6840
3118 6841
5796 6842
2797 6843
2773 6844
4002 6845
99 6846
4264 6847
3063 6848
5544 6849
2150 6850
144 6851
1024 6852
2579 6853
4661 6854
3466 6855
2386 6856
5090 6857
2825 6858
3173 6859
720 6860
5033 6861
474 6862
2804 6863
2694 6864
1764 6865
1316 6866
4944 6867
1526 6868
5657 6869
5298 6870
2204 6871
1987 6872
6278 6873
1449 6874
4678 6875
6054 6876
5232 6877
4221 6878
6316 6879
2934 6880
3971 6881
3256 6882
3110 6883
3975 6884
4630 6885
1623 6886
281 6887
6474 6888
732 6889
1346 6890
2632 6891
460 6892
4446 6893
6138 6894
4329 6895
5746 6896
1170 6897
1226 6898
4475 6899
5647 6900
4137 6901
5579 6902
1319 6903
1588 6904
941 6905
856 6906
3771 6907
2408 6908
775 6909
3751 6910
4622 6911
2954 6912
5433 6913
5288 6914
6331 6915
2666 6916
6799 6917
2783 6918
4109 6919
2647 6920
6057 6921
6455 6922
2648 6923
4101 6924
3635 6925
318 6926
2211 6927
5693 6928
5424 6929
1736 6930
2003 6931
2825 6932
1996 6933
793 6934
6198 6935
5175 6936
4141 6937
5771 6938
6063 6939
2133 6940
6148 6941
3526 6942
2723 6943
6576 6944
4456 6945
2989 6946
6259 6947
1124 6948
210 6949
5552 6950
904 6951
5115 6952
4074 6953
2737 6954
759 6955
5362 6956
1047 6957
4918 6958
6264 6959
1560 6960
2397 6961
5188 6962
3824 6963
4616 6964
2316 6965
3662 6966
491 6967
3420 6968
1334 6969
1539 6970
2072 6971
908 6972
641 6973
6740 6974
3830 6975
6783 6976
6765 6977
3448 6978
6964 6979
6792 6980
2008 6981
1811 6982
5043 6983
5819 6984
103 6985
2106 6986
5680 6987
81 6988
4431 6989
6987 6990
2753 6991
1786 6992
4690 6993
6444 6994
4913 6995
5543 6996
4783 6997
4848 6998
935 6999
5039 7000
5749 7001
3921 7002
1411 7003
2818 7004
2917 7005
3837 7006
1035 7007
4520 7008
6501 7009
4671 7010
2797 7011
3749 7012
4860 7013
2152 7014
2785 7015
3215 7016
3304 7017
3089 7018
3688 7019
6516 7020
6082 7021
4841 7022
5594 7023
1733 7024
6258 7025
286 7026
3276 7027
6450 7028
3819 7029
5861 7030
5722 7031
3950 7032
3647 7033
6965 7034
1801 7035
455 7036
6986 7037
227 7038
1718 7039
5619 7040
5403 7041
4363 7042
822 7043
1112 7044
464 7045
5313 7046
2997 7047
2471 7048
5808 7049
2632 7050
180 7051
2735 7052
7030 7053
3496 7054
6016 7055
716 7056
4005 7057
5536 7058
5692 7059
2161 7060
2684 7061
1533 7062
2782 7063
6711 7064
3584 7065
592 7066
558 7067
1 7068
4238 7069
4502 7070
2633 7071
5849 7072
2091 7073
7017 7074
3061 7075
4953 7076
1552 7077
6185 7078
2941 7079
1371 7080
1312 7081
1142 7082
6276 7083
5943 7084
1236 7085
85 7086
5462 7087
7064 7088
5097 7089
3900 7090
6310 7091
7002 7092
4541 7093
4036 7094
1067 7095
739 7096
1287 7097
4501 7098
2255 7099
1991 7100
6380 7101
6066 7102
1114 7103
6764 7104
4845 7105
6097 7106
1614 7107
1416 7108
2732 7109
1996 7110
6502 7111
3847 7112
3131 7113
2074 7114
4498 7115
4566 7116
2012 7117
1624 7118
4391 7119
891 7120
2193 7121
3473 7122
1117 7123
2129 7124
927 7125
9 7126
6256 7127
3963 7128
5122 7129
4674 7130
3602 7131
4270 7132
5413 7133
2294 7134
6380 7135
2913 7136
4163 7137
5608 7138
4368 7139
5015 7140
5601 7141
4782 7142
5562 7143
3440 7144
274 7145
1989 7146
3205 7147
2124 7148
2877 7149
2379 7150
5374 7151
1488 7152
646 7153
4136 7154
6452 7155
4789 7156
4363 7157
1435 7158
798 7159
2643 7160
6579 7161
931 7162
3634 7163
5954 7164
6790 7165
6087 7166
4479 7167
4550 7168
1634 7169
5760 7170
1057 7171
6813 7172
815 7173
1019 7174
3129 7175
65 7176
3382 7177
6086 7178
4200 7179
6488 7180
5937 7181
232 7182
2631 7183
3518 7184
4186 7185
4921 7186
5699 7187
3494 7188
7075 7189
5085 7190
135 7191
5770 7192
6891 7193
6794 7194
5741 7195
5995 7196
5597 7197
3725 7198
1301 7199
835 7200
2334 7201
1325 7202
7006 7203
4809 7204
3455 7205
5051 7206
2716 7207
1565 7208
2144 7209
1628 7210
4174 7211
5353 7212
747 7213
2516 7214
6229 7215
6157 7216
1750 7217
2006 7218
381 7219
1316 7220
2158 7221
7208 7222
6110 7223
4742 7224
467 7225
6688 7226
6936 7227
6291 7228
3364 7229
5904 7230
3610 7231
862 7232
2438 7233
2774 7234
4468 7235
5515 7236
1420 7237
87 7238
3568 7239
928 7240
619 7241
1837 7242
900 7243
124 7244
2732 7245
6175 7246
6791 7247
3160 7248
6856 7249
2430 7250
2845 7251
6431 7252
374 7253
1421 7254
6295 7255
3735 7256
666 7257
6083 7258
4892 7259
182 7260
6961 7261
3409 7262
2955 7263
962 7264
888 7265
3550 7266
1894 7267
6480 7268
5826 7269
6343 7270
141 7271
2302 7272
4172 7273
4499 7274
5493 7275
378 7276
472 7277
3247 7278
4137 7279
1169 7280
1085 7281
2979 7282
5966 7283
5332 7284
3253 7285
5619 7286
393 7287
2199 7288
4753 7289
238 7290
1246 7291
149 7292
4571 7293
3344 7294
2725 7295
7135 7296
226 7297
3660 7298
4115 7299
5940 7300
3540 7301
4171 7302
5151 7303
2960 7304
5209 7305
6199 7306
6066 7307
5296 7308
4608 7309
739 7310
1665 7311
122 7312
4648 7313
6568 7314
309 7315
3316 7316
6425 7317
7017 7318
2363 7319
354 7320
3980 7321
554 7322
1781 7323
5018 7324
3495 7325
4680 7326
4892 7327
3387 7328
3567 7329
966 7330
12 7331
7073 7332
5014 7333
1319 7334
5259 7335
6861 7336
3144 7337
4697 7338
2013 7339
4516 7340
4850 7341
856 7342
935 7343
1981 7344
2903 7345
6206 7346
3962 7347
6571 7348
1314 7349
4807 7350
4183 7351
540 7352
6454 7353
1054 7354
1093 7355
3051 7356
3255 7357
1668 7358
2442 7359
5080 7360
2561 7361
5902 7362
2405 7363
6474 7364
1479 7365
686 7366
4113 7367
7074 7368
5367 7369
3119 7370
5959 7371
6407 7372
1550 7373
6089 7374
6829 7375
1104 7376
2060 7377
3498 7378
3772 7379
6329 7380
1185 7381
2572 7382
4714 7383
2325 7384
5761 7385
5768 7386
3557 7387
4012 7388
5689 7389
7118 7390
4542 7391
4160 7392
5562 7393
574 7394
2945 7395
4055 7396
5556 7397
3100 7398
6395 7399
2957 7400
1137 7401
5732 7402
4789 7403
2988 7404
4446 7405
817 7406
3842 7407
5212 7408
5074 7409
2584 7410
3172 7411
6643 7412
4433 7413
943 7414
5870 7415
4652 7416
4188 7417
2462 7418
5705 7419
5518 7420
2421 7421
7061 7422
254 7423
502 7424
1176 7425
3690 7426
2586 7427
2731 7428
5819 7429
609 7430
2095 7431
659 7432
3032 7433
2781 7434
2686 7435
5798 7436
2793 7437
1226 7438
6215 7439
1306 7440
450 7441
2045 7442
423 7443
6815 7444
993 7445
677 7446
2777 7447
4112 7448
853 7449
79 7450
4319 7451
3956 7452
6998 7453
6012 7454
7132 7455
6763 7456
1457 7457
2853 7458
2139 7459
1049 7460
6402 7461
4142 7462
5968 7463
6149 7464
5845 7465
5958 7466
5914 7467
6296 7468
4495 7469
5679 7470
542 7471
3982 7472
5814 7473
565 7474
6706 7475
5985 7476
1684 7477
1164 7478
4110 7479
6950 7480
6770 7481
1371 7482
7252 7483
5095 7484
4160 7485
1015 7486
5572 7487
5029 7488
7267 7489
6232 7490
2660 7491
5766 7492
4756 7493
7068 7494
4060 7495
2562 7496
5579 7497
4282 7498
4064 7499
1640 7500
6112 7501
6247 7502
5784 7503
5046 7504
6815 7505
356 7506
3885 7507
1252 7508
6214 7509
804 7510
1643 7511
4496 7512
5100 7513
6509 7514
5050 7515
2519 7516
557 7517
3643 7518
6157 7519
1627 7520
7227 7521
934 7522
1483 7523
3132 7524
1212 7525
6127 7526
7050 7527
7498 7528
649 7529
6742 7530
1431 7531
5339 7532
6722 7533
1018 7534
6036 7535
3672 7536
4958 7537
1672 7538
5200 7539
1985 7540
3010 7541
4504 7542
4778 7543
2805 7544
1362 7545
1570 7546
5223 7547
2822 7548
4288 7549
5270 7550
5542 7551
4063 7552
886 7553
5226 7554
4114 7555
1264 7556
4979 7557
6321 7558
7046 7559
1566 7560
7175 7561
2636 7562
5892 7563
4942 7564
7492 7565
1609 7566
5673 7567
844 7568
2596 7569
1005 7570
7315 7571
4394 7572
4760 7573
5343 7574
1310 7575
5410 7576
2806 7577
1582 7578
2984 7579
7563 7580
5709 7581
3835 7582
6291 7583
2110 7584
6210 7585
7080 7586
1537 7587
4862 7588
4768 7589
372 7590
4286 7591
1011 7592
2333 7593
1082 7594
2016 7595
4062 7596
6911 7597
6652 7598
2574 7599
3694 7600
5958 7601
4219 7602
2629 7603
3959 7604
1801 7605
6597 7606
5782 7607
1332 7608
586 7609
3653 7610
4971 7611
3832 7612
3844 7613
7373 7614
2447 7615
4765 7616
2509 7617
2522 7618
3550 7619
6969 7620
5977 7621
2823 7622
601 7623
3712 7624
2629 7625
2121 7626
6834 7627
834 7628
1851 7629
1006 7630
7264 7631
2786 7632
1553 7633
4213 7634
5665 7635
5339 7636
1807 7637
7197 7638
199 7639
6386 7640
4451 7641
4091 7642
2224 7643
4123 7644
2746 7645
3982 7646
7246 7647
1206 7648
361 7649
1537 7650
3990 7651
5653 7652
1410 7653
1979 7654
5688 7655
3068 7656
3404 7657
4089 7658
6460 7659
6255 7660
2745 7661
2183 7662
5746 7663
4503 7664
6370 7665
1646 7666
1085 7667
922 7668
4058 7669
5065 7670
2296 7671
5354 7672
2095 7673
5506 7674
1534 7675
631 7676
6424 7677
6689 7678
439 7679
1844 7680
4843 7681
2446 7682
1514 7683
1370 7684
3177 7685
1615 7686
5138 7687
1684 7688
3230 7689
7143 7690
1311 7691
1762 7692
2072 7693
2791 7694
5659 7695
1081 7696
4920 7697
1470 7698
298 7699
6637 7700
1753 7701
5879 7702
5275 7703
1111 7704
604 7705
3319 7706
3646 7707
3180 7708
953 7709
513 7710
4349 7711
3668 7712
2817 7713
7277 7714
7576 7715
6189 7716
3451 7717
3139 7718
4986 7719
6445 7720
3379 7721
672 7722
5163 7723
1810 7724
1518 7725
1627 7726
6452 7727
5396 7728
5939 7729
2528 7730
2658 7731
3196 7732
410 7733
1009 7734
4124 7735
2696 7736
3067 7737
6429 7738
6538 7739
5154 7740
725 7741
7121 7742
2827 7743
1859 7744
4720 7745
1327 7746
6346 7747
6821 7748
5805 7749
101 7750
6284 7751
401 7752
6093 7753
7257 7754
5948 7755
3400 7756
5678 7757
6347 7758
1440 7759
3409 7760
7678 7761
6382 7762
3395 7763
7090 7764
712 7765
1197 7766
7237 7767
393 7768
2726 7769
887 7770
1948 7771
5232 7772
4835 7773
2915 7774
6130 7775
516 7776
6725 7777
2199 7778
3693 7779
3661 7780
4122 7781
2607 7782
2594 7783
1582 7784
2623 7785
825 7786
7373 7787
5246 7788
4421 7789
2856 7790
1955 7791
1750 7792
1426 7793
2561 7794
410 7795
7034 7796
2909 7797
5277 7798
2947 7799
1886 7800
6724 7801
7049 7802
5035 7803
6763 7804
4708 7805
2618 7806
4259 7807
2623 7808
491 7809
7511 7810
7621 7811
5059 7812
4025 7813
7130 7814
5119 7815
5971 7816
6302 7817
2512 7818
6217 7819
1986 7820
4013 7821
4700 7822
2407 7823
3192 7824
5884 7825
5548 7826
1372 7827
6406 7828
1820 7829
1581 7830
6322 7831
663 7832
3380 7833
716 7834
1105 7835
2757 7836
4930 7837
4502 7838
7234 7839
1973 7840
2038 7841
2058 7842
3254 7843
3977 7844
2086 7845
6123 7846
2305 7847
3061 7848
6740 7849
2849 7850
3768 7851
1443 7852
7381 7853
7640 7854
3514 7855
3701 7856
5033 7857
4755 7858
5533 7859
3185 7860
7190 7861
4753 7862
2375 7863
3936 7864
6292 7865
3311 7866
2881 7867
404 7868
5776 7869
3346 7870
4871 7871
6928 7872
6855 7873
5612 7874
4800 7875
5488 7876
2417 7877
2652 7878
5511 7879
5874 7880
6886 7881
1775 7882
6581 7883
4654 7884
480 7885
5435 7886
4660 7887
3686 7888
7312 7889
2138 7890
5609 7891
5837 7892
4381 7893
3768 7894
7479 7895
396 7896
2755 7897
896 7898
6674 7899
5800 7900
7521 7901
1754 7902
3747 7903
4366 7904
1238 7905
3793 7906
997 7907
6586 7908
6113 7909
1550 7910
352 7911
932 7912
3207 7913
2558 7914
5891 7915
959 7916
7248 7917
1128 7918
7555 7919
7244 7920
4827 7921
4567 7922
5082 7923
3911 7924
732 7925
2929 7926
7265 7927
6169 7928
3682 7929
2210 7930
3233 7931
3757 7932
5674 7933
2822 7934
4306 7935
419 7936
5896 7937
1850 7938
5609 7939
7586 7940
887 7941
5529 7942
7657 7943
7823 7944
1144 7945
2671 7946
1649 7947
6463 7948
4447 7949
4879 7950
2920 7951
3536 7952
912 7953
829 7954
3144 7955
999 7956
5867 7957
5321 7958
4510 7959
5288 7960
4562 7961
5767 7962
1067 7963
4064 7964
1548 7965
5351 7966
6120 7967
1970 7968
3296 7969
1036 7970
285 7971
2627 7972
132 7973
3638 7974
3503 7975
4291 7976
5412 7977
478 7978
2426 7979
69 7980
4230 7981
5777 7982
2473 7983
2156 7984
2418 7985
3048 7986
231 7987
692 7988
3952 7989
776 7990
3282 7991
801 7992
1849 7993
6760 7994
5642 7995
6829 7996
6315 7997
4952 7998
2979 7999
4080 8000
7397 8001
4315 8002
7589 8003
7813 8004
2557 8005
4176 8006
2546 8007
5036 8008
6894 8009
2885 8010
7981 8011
3761 8012
6360 8013
1278 8014
7673 8015
1449 8016
144 8017
3688 8018
5592 8019
7003 8020
3642 8021
7929 8022
5557 8023
1733 8024
7703 8025
7736 8026
657 8027
4532 8028
395 8029
6735 8030
6807 8031
2106 8032
4502 8033
5539 8034
2375 8035
4334 8036
457 8037
2481 8038
2968 8039
7235 8040
4100 8041
2737 8042
5386 8043
95 8044
5644 8045
2529 8046
7454 8047
7988 8048
7280 8049
263 8050
7178 8051
340 8052
6372 8053
796 8054
3892 8055
5215 8056
7182 8057
1496 8058
5576 8059
6869 8060
1850 8061
6789 8062
7901 8063
8063 8064
4681 8065
993 8066
2359 8067
5161 8068
3263 8069
421 8070
7202 8071
1216 8072
6562 8073
5537 8074
4534 8075
1079 8076
3613 8077
4713 8078
4797 8079
6510 8080
7791 8081
3580 8082
2582 8083
4395 8084
6709 8085
7517 8086
6359 8087
3107 8088
4590 8089
384 8090
1252 8091
1541 8092
8002 8093
2982 8094
5422 8095
1637 8096
3718 8097
7088 8098
477 8099
4598 8100
6848 8101
5674 8102
4465 8103
3774 8104
1093 8105
2432 8106
6964 8107
3471 8108
5753 8109
5407 8110
7573 8111
6485 8112
6277 8113
3956 8114
2696 8115
7115 8116
4710 8117
2548 8118
5797 8119
1661 8120
6422 8121
4173 8122
7150 8123
4982 8124
1786 8125
948 8126
4647 8127
1881 8128
808 8129
5010 8130
5959 8131
7970 8132
4620 8133
1264 8134
7019 8135
4391 8136
3606 8137
6998 8138
3537 8139
1079 8140
795 8141
7618 8142
6987 8143
3231 8144
3037 8145
3069 8146
4122 8147
2221 8148
622 8149
5477 8150
2159 8151
5634 8152
7051 8153
4079 8154
5701 8155
7360 8156
1685 8157
2530 8158
2144 8159
4731 8160
789 8161
5627 8162
3408 8163
4547 8164
4150 8165
6026 8166
6481 8167
2611 8168
5959 8169
7852 8170
1463 8171
8070 8172
5848 8173
1282 8174
439 8175
7308 8176
5409 8177
2515 8178
7988 8179
1417 8180
5050 8181
2738 8182
1484 8183
3785 8184
1499 8185
7804 8186
3987 8187
7825 8188
6504 8189
7992 8190
6469 8191
6858 8192
6202 8193
7610 8194
7332 8195
3566 8196
4522 8197
7079 8198
7721 8199
425 8200
5459 8201
1798 8202
2771 8203
8055 8204
616 8205
765 8206
1786 8207
2423 8208
327 8209
5891 8210
302 8211
4995 8212
7761 8213
4627 8214
3154 8215
6176 8216
6749 8217
4593 8218
4267 8219
5026 8220
1245 8221
6489 8222
2849 8223
4807 8224
6137 8225
4770 8226
5851 8227
1446 8228
7889 8229
5711 8230
5550 8231
5597 8232
1462 8233
3039 8234
6098 8235
6921 8236
4003 8237
2343 8238
3484 8239
6085 8240
4954 8241
3802 8242
2005 8243
427 8244
4643 8245
8197 8246
1001 8247
8214 8248
2686 8249
7699 8250
3221 8251
7550 8252
1989 8253
7166 8254
5820 8255
5273 8256
1208 8257
5831 8258
1930 8259
4378 8260
2663 8261
6726 8262
7718 8263
2563 8264
1405 8265
6806 8266
4662 8267
5602 8268
7653 8269
7299 8270
2058 8271
8055 8272
5350 8273
2974 8274
7853 8275
5701 8276
4933 8277
2921 8278
5024 8279
1386 8280
815 8281
7785 8282
5119 8283
2991 8284
58 8285
4686 8286
3562 8287
2958 8288
6328 8289
4052 8290
1100 8291
5369 8292
7609 8293
7674 8294
2816 8295
7871 8296
7930 8297
5788 8298
6287 8299
7397 8300
7305 8301
2000 8302
547 8303
5703 8304
336 8305
77 8306
2667 8307
7165 8308
6258 8309
5554 8310
8189 8311
4728 8312
467 8313
1836 8314
7041 8315
2578 8316
3917 8317
421 8318
4487 8319
4853 8320
4454 8321
8033 8322
7023 8323
2690 8324
8027 8325
3807 8326
3889 8327
1833 8328
8309 8329
8325 8330
7968 8331
8306 8332
7019 8333
1289 8334
748 8335
1894 8336
4431 8337
6214 8338
7962 8339
1408 8340
8296 8341
7013 8342
1720 8343
2149 8344
3721 8345
6074 8346
3136 8347
7935 8348
2548 8349
1121 8350
4796 8351
3483 8352
5062 8353
4644 8354
2656 8355
4831 8356
7995 8357
697 8358
3590 8359
2977 8360
5365 8361
5337 8362
4159 8363
7390 8364
5793 8365
2046 8366
768 8367
3484 8368
1726 8369
2842 8370
3876 8371
4543 8372
2651 8373
1890 8374
3313 8375
6574 8376
5834 8377
7969 8378
6040 8379
2537 8380
8094 8381
7738 8382
5148 8383
6496 8384
4475 8385
2116 8386
4626 8387
7982 8388
68 8389
1537 8390
7517 8391
6077 8392
6779 8393
8100 8394
4970 8395
1674 8396
1040 8397
6869 8398
6983 8399
34 8400
6014 8401
2483 8402
2586 8403
4224 8404
1023 8405
7890 8406
4235 8407
148 8408
5659 8409
6129 8410
2257 8411
5727 8412
6072 8413
804 8414
774 8415
635 8416
4350 8417
6460 8418
4271 8419
2292 8420
8072 8421
4330 8422
8241 8423
1807 8424
4672 8425
278 8426
5613 8427
3114 8428
6279 8429
5286 8430
7829 8431
8084 8432
1279 8433
4195 8434
4197 8435
1646 8436
3280 8437
8393 8438
7083 8439
8385 8440
6826 8441
2577 8442
1899 8443
8051 8444
4761 8445
3511 8446
7826 8447
6350 8448
6512 8449
7574 8450
7065 8451
1378 8452
1202 8453
6836 8454
98 8455
5198 8456
6259 8457
193 8458
6559 8459
3991 8460
6141 8461
2380 8462
411 8463
7441 8464
577 8465
2364 8466
4088 8467
6396 8468
5955 8469
8074 8470
6770 8471
7605 8472
6754 8473
3767 8474
3975 8475
4265 8476
4471 8477
736 8478
2256 8479
4180 8480
4664 8481
7129 8482
4006 8483
6153 8484
2184 8485
6678 8486
771 8487
1404 8488
5784 8489
6489 8490
4567 8491
3300 8492
7317 8493
559 8494
6805 8495
3331 8496
5799 8497
5432 8498
4960 8499
7131 8500
2679 8501
6224 8502
5030 8503
1869 8504
5886 8505
5596 8506
6880 8507
4138 8508
4987 8509
558 8510
4048 8511
8276 8512
4020 8513
2706 8514
7123 8515
5000 8516
115 8517
225 8518
2067 8519
3151 8520
101 8521
3470 8522
285 8523
7407 8524
1044 8525
2394 8526
7069 8527
3487 8528
5985 8529
5053 8530
2165 8531
7743 8532
5308 8533
4711 8534
3760 8535
8018 8536
777 8537
1478 8538
2949 8539
4690 8540
6300 8541
7642 8542
8518 8543
7658 8544
5374 8545
4821 8546
5834 8547
8414 8548
4189 8549
2325 8550
1078 8551
8329 8552
2147 8553
3535 8554
4167 8555
1973 8556
2828 8557
2441 8558
5346 8559
5751 8560
1120 8561
6597 8562
7959 8563
3127 8564
3675 8565
8413 8566
7653 8567
7965 8568
5675 8569
6885 8570
7866 8571
2421 8572
2181 8573
172 8574
7285 8575
5588 8576
6506 8577
5705 8578
6251 8579
8057 8580
2252 8581
4395 8582
6805 8583
7946 8584
4723 8585
3080 8586
6527 8587
5166 8588
3685 8589
4354 8590
5915 8591
7675 8592
1171 8593
7074 8594
5134 8595
4427 8596
7302 8597
860 8598
4856 8599
6735 8600
7853 8601
4666 8602
5884 8603
1294 8604
5418 8605
8146 8606
1061 8607
3647 8608
3778 8609
732 8610
1031 8611
2434 8612
513 8613
460 8614
4981 8615
2437 8616
5782 8617
8070 8618
5531 8619
1194 8620
5228 8621
6912 8622
6217 8623
3041 8624
5252 8625
3669 8626
6871 8627
7726 8628
1417 8629
8481 8630
420 8631
46 8632
7990 8633
6998 8634
449 8635
3329 8636
4709 8637
2314 8638
4168 8639
5280 8640
2656 8641
1553 8642
2184 8643
5590 8644
287 8645
7549 8646
8040 8647
1924 8648
3469 8649
8072 8650
486 8651
4707 8652
5870 8653
202 8654
1655 8655
3212 8656
1592 8657
847 8658
4293 8659
3823 8660
606 8661
8123 8662
7198 8663
7517 8664
2474 8665
944 8666
1102 8667
6398 8668
8085 8669
92 8670
7611 8671
8574 8672
7538 8673
6143 8674
1558 8675
8405 8676
6236 8677
4379 8678
3527 8679
2464 8680
5599 8681
7953 8682
1438 8683
4489 8684
241 8685
623 8686
356 8687
6677 8688
1617 8689
5044 8690
6738 8691
7129 8692
4836 8693
1684 8694
4844 8695
7321 8696
679 8697
1917 8698
7525 8699
6400 8700
6281 8701
5512 8702
343 8703
2010 8704
5362 8705
1730 8706
7503 8707
6559 8708
297 8709
6220 8710
6634 8711
5703 8712
824 8713
511 8714
7084 8715
7559 8716
5232 8717
4918 8718
2981 8719
8572 8720
8241 8721
3381 8722
2548 8723
1543 8724
5890 8725
1365 8726
2322 8727
5069 8728
8331 8729
3435 8730
8040 8731
4851 8732
2842 8733
7493 8734
4875 8735
3049 8736
8609 8737
3110 8738
2940 8739
5997 8740
7345 8741
3549 8742
5345 8743
3454 8744
5281 8745
3529 8746
578 8747
1060 8748
4758 8749
8522 8750
1807 8751
3242 8752
6513 8753
6932 8754
5611 8755
6544 8756
749 8757
3501 8758
6873 8759
5565 8760
4327 8761
1602 8762
2267 8763
3137 8764
4609 8765
7894 8766
5599 8767
4785 8768
6016 8769
894 8770
1824 8771
5602 8772
1366 8773
6888 8774
7113 8775
3949 8776
8242 8777
565 8778
1868 8779
2416 8780
7500 8781
7170 8782
8041 8783
5470 8784
8772 8785
937 8786
7962 8787
4150 8788
7806 8789
4591 8790
7978 8791
5138 8792
1911 8793
7328 8794
5863 8795
1102 8796
4266 8797
3335 8798
5981 8799
8670 8800
3501 8801
1194 8802
6805 8803
2905 8804
1465 8805
8474 8806
7145 8807
761 8808
7994 8809
1454 8810
3615 8811
1309 8812
8727 8813
7236 8814
7708 8815
4672 8816
4965 8817
534 8818
6578 8819
2523 8820
613 8821
8735 8822
1267 8823
4118 8824
4649 8825
4513 8826
3058 8827
5814 8828
4052 8829
5518 8830
568 8831
7118 8832
36 8833
3337 8834
7066 8835
4322 8836
343 8837
1376 8838
5623 8839
4187 8840
6201 8841
826 8842
7703 8843
3950 8844
6182 8845
1053 8846
7779 8847
2780 8848
6131 8849
4171 8850
7541 8851
1420 8852
2237 8853
1846 8854
5278 8855
5937 8856
5267 8857
7281 8858
8114 8859
4427 8860
6613 8861
8217 8862
8323 8863
7470 8864
8595 8865
2793 8866
88 8867
4507 8868
25 8869
6294 8870
5764 8871
5474 8872
8340 8873
1642 8874
76 8875
8557 8876
6893 8877
5560 8878
4724 8879
2525 8880
4438 8881
8753 8882
2531 8883
1495 8884
1476 8885
7964 8886
3085 8887
4735 8888
5009 8889
666 8890
1045 8891
6232 8892
4477 8893
4276 8894
5278 8895
2927 8896
1946 8897
52 8898
1107 8899
2733 8900
2897 8901
6948 8902
7861 8903
4318 8904
7073 8905
5255 8906
3045 8907
6459 8908
7659 8909
5503 8910
5471 8911
6340 8912
7626 8913
5184 8914
8004 8915
39 8916
3497 8917
5624 8918
4901 8919
8595 8920
5192 8921
469 8922
6994 8923
5707 8924
1976 8925
4486 8926
5870 8927
4751 8928
1349 8929
3724 8930
8149 8931
8714 8932
3260 8933
1082 8934
5252 8935
3834 8936
8483 8937
6905 8938
7180 8939
3206 8940
8388 8941
6583 8942
409 8943
3443 8944
2450 8945
1582 8946
3273 8947
4879 8948
3653 8949
5817 8950
4776 8951
3841 8952
8157 8953
1946 8954
1793 8955
5567 8956
6240 8957
7316 8958
3735 8959
4689 8960
6949 8961
4312 8962
6492 8963
7149 8964
1375 8965
6764 8966
5006 8967
2751 8968
1676 8969
5933 8970
564 8971
6282 8972
4394 8973
8602 8974
4581 8975
8753 8976
4789 8977
1069 8978
1711 8979
4219 8980
7120 8981
7837 8982
4597 8983
6411 8984
7968 8985
5152 8986
5886 8987
5335 8988
5388 8989
400 8990
803 8991
2523 8992
8722 8993
7571 8994
3849 8995
7777 8996
172 8997
6488 8998
8629 8999
5554 9000
5583 9001
5408 9002
3217 9003
2767 9004
8051 9005
3808 9006
6525 9007
8837 9008
7496 9009
4055 9010
5691 9011
4705 9012
7566 9013
1368 9014
2640 9015
5292 9016
5866 9017
6937 9018
9002 9019
6863 9020
6342 9021
4919 9022
6187 9023
1942 9024
1299 9025
7481 9026
2720 9027
1089 9028
6409 9029
8507 9030
3069 9031
6254 9032
8202 9033
3063 9034
6586 9035
1704 9036
6038 9037
344 9038
211 9039
2815 9040
5883 9041
3993 9042
1462 9043
5138 9044
3593 9045
4466 9046
4295 9047
8714 9048
6939 9049
5141 9050
3343 9051
660 9052
4871 9053
5495 9054
7653 9055
3875 9056
4337 9057
2103 9058
6177 9059
3920 9060
4302 9061
6398 9062
8174 9063
3287 9064
2592 9065
262 9066
439 9067
2972 9068
2001 9069
8751 9070
3429 9071
2032 9072
8551 9073
658 9074
4418 9075
3013 9076
2671 9077
1843 9078
3197 9079
3637 9080
151 9081
6581 9082
7227 9083
3193 9084
4018 9085
705 9086
6512 9087
1952 9088
670 9089
5801 9090
5021 9091
3904 9092
4185 9093
6029 9094
4146 9095
3547 9096
1519 9097
4386 9098
2854 9099
2731 9100
6675 9101
1399 9102
8892 9103
8242 9104
6716 9105
7680 9106
8266 9107
1779 9108
7842 9109
3190 9110
3304 9111
403 9112
3385 9113
3755 9114
5350 9115
5129 9116
275 9117
831 9118
420 9119
8889 9120
154 9121
5402 9122
4943 9123
4082 9124
5711 9125
2453 9126
6096 9127
8573 9128
4563 9129
262 9130
1992 9131
1905 9132
9007 9133
5978 9134
8093 9135
8888 9136
6966 9137
4332 9138
5986 9139
5968 9140
4677 9141
6326 9142
600 9143
2851 9144
369 9145
1304 9146
8136 9147
2662 9148
5707 9149
6529 9150
3327 9151
2430 9152
8730 9153
8322 9154
8094 9155
7586 9156
3957 9157
7613 9158
1806 9159
6154 9160
1538 9161
6672 9162
5529 9163
2123 9164
1525 9165
7221 9166
363 9167
8 9168
6578 9169
7145 9170
2750 9171
397 9172
4268 9173
3017 9174
3501 9175
6714 9176
3410 9177
4342 9178
760 9179
7157 9180
5754 9181
2879 9182
1076 9183
8730 9184
6816 9185
4944 9186
4083 9187
3039 9188
950 9189
4022 9190
5669 9191
996 9192
8627 9193
1872 9194
2367 9195
8606 9196
7904 9197
3386 9198
4972 9199
5273 9200
776 9201
4395 9202
5035 9203
9121 9204
7449 9205
3335 9206
9028 9207
7535 9208
3672 9209
2065 9210
4513 9211
4876 9212
3032 9213
7103 9214
2886 9215
2364 9216
1300 9217
1245 9218
2340 9219
8697 9220
4175 9221
6803 9222
6728 9223
1997 9224
6071 9225
7000 9226
7248 9227
6318 9228
5270 9229
4306 9230
1030 9231
4494 9232
3544 9233
5830 9234
7154 9235
1345 9236
635 9237
851 9238
925 9239
1445 9240
3728 9241
6492 9242
5311 9243
6787 9244
7496 9245
2979 9246
8745 9247
2726 9248
418 9249
1838 9250
2148 9251
1406 9252
8407 9253
2245 9254
8700 9255
5549 9256
8745 9257
2486 9258
9043 9259
9151 9260
3189 9261
635 9262
7170 9263
6140 9264
5762 9265
2877 9266
129 9267
1647 9268
2960 9269
2574 9270
3973 9271
7680 9272
1020 9273
5496 9274
926 9275
2010 9276
2397 9277
8585 9278
690 9279
8857 9280
4166 9281
470 9282
3935 9283
3750 9284
2471 9285
9049 9286
4798 9287
6759 9288
3044 9289
6906 9290
4322 9291
6630 9292
1175 9293
8213 9294
4165 9295
6192 9296
5821 9297
8863 9298
505 9299
354 9300
3446 9301
501 9302
6322 9303
7793 9304
1428 9305
6824 9306
7679 9307
5535 9308
9226 9309
254 9310
865 9311
6812 9312
4200 9313
6461 9314
2696 9315
7239 9316
8605 9317
7082 9318
4406 9319
7524 9320
1181 9321
2054 9322
5672 9323
4239 9324
1469 9325
829 9326
3865 9327
6709 9328
1437 9329
4372 9330
883 9331
2628 9332
6758 9333
5339 9334
7913 9335
2480 9336
6391 9337
533 9338
8798 9339
3308 9340
4618 9341
6223 9342
2650 9343
8307 9344
3724 9345
6532 9346
2716 9347
5394 9348
8373 9349
9065 9350
2360 9351
1461 9352
1633 9353
1367 9354
9190 9355
2489 9356
7038 9357
2210 9358
2189 9359
3254 9360
160 9361
5849 9362
6368 9363
2662 9364
4747 9365
9096 9366
7202 9367
9130 9368
9241 9369
1717 9370
9328 9371
6823 9372
1922 9373
3393 9374
8578 9375
5134 9376
2423 9377
5830 9378
1775 9379
7662 9380
6387 9381
1818 9382
3234 9383
2556 9384
1813 9385
3455 9386
1744 9387
2128 9388
8328 9389
8230 9390
4457 9391
7970 9392
6525 9393
7547 9394
2270 9395
2467 9396
4665 9397
525 9398
9190 9399
5095 9400
7373 9401
4460 9402
3223 9403
7993 9404
4474 9405
5541 9406
2110 9407
6746 9408
5411 9409
786 9410
8227 9411
6253 9412
6417 9413
8736 9414
5724 9415
4263 9416
7331 9417
9364 9418
92 9419
675 9420
6948 9421
1746 9422
3378 9423
7533 9424
2993 9425
8947 9426
5170 9427
4798 9428
4226 9429
698 9430
4903 9431
9092 9432
8049 9433
1004 9434
6431 9435
2847 9436
8679 9437
4914 9438
4779 9439
1783 9440
1678 9441
1852 9442
1485 9443
4597 9444
1695 9445
1748 9446
5579 9447
5542 9448
2508 9449
104 9450
7675 9451
6178 9452
8162 9453
3696 9454
8934 9455
2459 9456
9066 9457
8097 9458
3973 9459
2137 9460
1408 9461
3362 9462
4052 9463
2543 9464
1960 9465
5027 9466
3533 9467
725 9468
6942 9469
6942 9470
8643 9471
4568 9472
5788 9473
7448 9474
5443 9475
7578 9476
2755 9477
8607 9478
503 9479
5982 9480
2651 9481
6577 9482
2518 9483
2076 9484
6483 9485
8199 9486
7447 9487
199 9488
1966 9489
7644 9490
3961 9491
8445 9492
6508 9493
9437 9494
5882 9495
2844 9496
2641 9497
9224 9498
6216 9499
9243 9500
8797 9501
3422 9502
4626 9503
8570 9504
5180 9505
4587 9506
59 9507
1860 9508
4974 9509
735 9510
2684 9511
4308 9512
6006 9513
2803 9514
8500 9515
4509 9516
4284 9517
2417 9518
2508 9519
6963 9520
5330 9521
4512 9522
8101 9523
4767 9524
4946 9525
2575 9526
7438 9527
6479 9528
6181 9529
2080 9530
6431 9531
4487 9532
4944 9533
8550 9534
6871 9535
2575 9536
4056 9537
5529 9538
2554 9539
6912 9540
7627 9541
7540 9542
830 9543
5038 9544
7675 9545
3250 9546
7269 9547
8341 9548
8224 9549
2531 9550
4315 9551
7451 9552
3018 9553
8865 9554
1278 9555
7246 9556
4489 9557
7694 9558
8949 9559
5735 9560
395 9561
6020 9562
8757 9563
3907 9564
8466 9565
9515 9566
4954 9567
6480 9568
5991 9569
8425 9570
6262 9571
562 9572
9311 9573
2897 9574
4756 9575
120 9576
5044 9577
5090 9578
2779 9579
6547 9580
1941 9581
2599 9582
6054 9583
230 9584
3668 9585
3927 9586
7059 9587
6132 9588
6711 9589
443 9590
84 9591
9302 9592
5478 9593
3977 9594
8337 9595
4335 9596
4401 9597
8418 9598
5136 9599
1049 9600
2715 9601
5197 9602
3923 9603
5292 9604
9217 9605
4513 9606
4187 9607
9396 9608
9487 9609
2339 9610
614 9611
9599 9612
2838 9613
3762 9614
1050 9615
4800 9616
3515 9617
4078 9618
3319 9619
4156 9620
6599 9621
5615 9622
2735 9623
1993 9624
1936 9625
5215 9626
5971 9627
5242 9628
4090 9629
3533 9630
8916 9631
6015 9632
8352 9633
8000 9634
7647 9635
5356 9636
132 9637
275 9638
8557 9639
1573 9640
5585 9641
1338 9642
5709 9643
9516 9644
5796 9645
3632 9646
3296 9647
4577 9648
5520 9649
1368 9650
201 9651
451 9652
2728 9653
9504 9654
5733 9655
7103 9656
1454 9657
2927 9658
9472 9659
3881 9660
6165 9661
3600 9662
2508 9663
1877 9664
1204 9665
5918 9666
3207 9667
5233 9668
7393 9669
7058 9670
968 9671
2097 9672
1247 9673
4671 9674
5460 9675
8205 9676
1043 9677
2717 9678
7986 9679
1203 9680
2162 9681
8142 9682
6902 9683
613 9684
5322 9685
8708 9686
203 9687
453 9688
7652 9689
5501 9690
4354 9691
1323 9692
3410 9693
9634 9694
7991 9695
6849 9696
9067 9697
3132 9698
5877 9699
9696 9700
7757 9701
2182 9702
8218 9703
6802 9704
3905 9705
6673 9706
5304 9707
2688 9708
7354 9709
9170 9710
9440 9711
4394 9712
3887 9713
4255 9714
2285 9715
672 9716
6205 9717
4383 9718
9193 9719
738 9720
673 9721
6729 9722
3553 9723
310 9724
7137 9725
180 9726
408 9727
7634 9728
9455 9729
5542 9730
2584 9731
5789 9732
2765 9733
5107 9734
5974 9735
9172 9736
1744 9737
6109 9738
8990 9739
1704 9740
8939 9741
3381 9742
7945 9743
6170 9744
2865 9745
4325 9746
4234 9747
5172 9748
7583 9749
6549 9750
5658 9751
8298 9752
4427 9753
9022 9754
797 9755
9375 9756
2459 9757
8246 9758
4556 9759
964 9760
4659 9761
8930 9762
6663 9763
7640 9764
7847 9765
2036 9766
6188 9767
5942 9768
2084 9769
3953 9770
5831 9771
1342 9772
7377 9773
4345 9774
1303 9775
164 9776
7421 9777
3436 9778
6872 9779
3730 9780
8730 9781
4051 9782
6069 9783
8782 9784
3348 9785
9411 9786
7065 9787
8127 9788
7040 9789
3373 9790
2913 9791
4621 9792
2161 9793
9179 9794
2188 9795
9566 9796
2910 9797
2916 9798
4384 9799
2367 9800
8722 9801
1762 9802
4366 9803
262 9804
7669 9805
5197 9806
7206 9807
1618 9808
1698 9809
12 9810
8669 9811
5000 9812
8861 9813
4764 9814
5303 9815
5915 9816
1550 9817
7915 9818
7103 9819
4773 9820
1178 9821
7523 9822
7838 9823
200 9824
1173 9825
7359 9826
2784 9827
5041 9828
4481 9829
7296 9830
9620 9831
6693 9832
431 9833
4779 9834
4238 9835
4772 9836
4698 9837
1018 9838
1774 9839
4020 9840
804 9841
3328 9842
7535 9843
2271 9844
7555 9845
3489 9846
2597 9847
7808 9848
6965 9849
1820 9850
2223 9851
2173 9852
8823 9853
6372 9854
7046 9855
7020 9856
2364 9857
1284 9858
4083 9859
1077 9860
1964 9861
6009 9862
2696 9863
1490 9864
2602 9865
6124 9866
5113 9867
7390 9868
9407 9869
3369 9870
3096 9871
9561 9872
4479 9873
5094 9874
140 9875
6930 9876
79 9877
3023 9878
538 9879
6349 9880
4189 9881
6912 9882
1089 9883
7630 9884
6167 9885
93 9886
340 9887
4720 9888
2388 9889
611 9890
5777 9891
7507 9892
1528 9893
3542 9894
1461 9895
6305 9896
9452 9897
6400 9898
3698 9899
197 9900
5879 9901
3025 9902
79 9903
8730 9904
5591 9905
6746 9906
8264 9907
6749 9908
2551 9909
9642 9910
9436 9911
7163 9912
7189 9913
2474 9914
6477 9915
1606 9916
8542 9917
4009 9918
9393 9919
3404 9920
2451 9921
5401 9922
923 9923
4718 9924
549 9925
3118 9926
297 9927
8529 9928
6900 9929
7204 9930
6682 9931
1624 9932
4542 9933
6115 9934
5205 9935
600 9936
5619 9937
7049 9938
4911 9939
8289 9940
4681 9941
697 9942
4449 9943
249 9944
7165 9945
9068 9946
6135 9947
4454 9948
6533 9949
2975 9950
6400 9951
1581 9952
5976 9953
5928 9954
3115 9955
6466 9956
6228 9957
5492 9958
5143 9959
42 9960
1859 9961
4299 9962
703 9963
3616 9964
7485 9965
491 9966
9927 9967
8537 9968
1977 9969
1251 9970
3677 9971
4589 9972
5420 9973
5184 9974
7614 9975
7551 9976
1091 9977
3110 9978
5213 9979
2173 9980
9697 9981
6004 9982
8084 9983
864 9984
486 9985
6811 9986
9703 9987
3667 9988
6843 9989
1571 9990
4745 9991
4440 9992
5258 9993
1977 9994
9249 9995
8578 9996
9755 9997
1827 9998
9515 9999
4008 10000
