1 2
1 3
3 4
4 5
5 6
2 7
4 8
4 9
2 10
9 11
9 12
3 13
2 14
7 15
7 16
16 17
6 18
5 19
7 20
19 21
10 22
7 23
8 24
20 25
13 26
3 27
22 28
7 29
15 30
2 31
12 32
24 33
11 34
10 35
33 36
17 37
9 38
4 39
22 40
7 41
3 42
37 43
26 44
22 45
15 46
24 47
6 48
32 49
28 50
1 51
13 52
48 53
25 54
50 55
8 56
18 57
39 58
55 59
32 60
18 61
20 62
30 63
26 64
49 65
36 66
30 67
44 68
18 69
31 70
10 71
70 72
14 73
35 74
51 75
42 76
63 77
45 78
37 79
72 80
27 81
3 82
20 83
76 84
58 85
62 86
12 87
54 88
35 89
4 90
71 91
46 92
91 93
4 94
56 95
21 96
47 97
13 98
72 99
54 100
70 101
13 102
51 103
86 104
101 105
31 106
37 107
102 108
26 109
22 110
38 111
90 112
92 113
50 114
88 115
82 116
113 117
104 118
59 119
11 120
16 121
79 122
71 123
15 124
5 125
102 126
81 127
75 128
108 129
5 130
130 131
8 132
93 133
82 134
90 135
10 136
91 137
123 138
73 139
96 140
61 141
108 142
100 143
26 144
95 145
111 146
48 147
5 148
12 149
146 150
134 151
140 152
23 153
29 154
114 155
34 156
119 157
8 158
71 159
60 160
107 161
89 162
114 163
101 164
12 165
128 166
57 167
78 168
96 169
46 170
43 171
116 172
78 173
30 174
130 175
145 176
125 177
73 178
137 179
28 180
162 181
77 182
34 183
176 184
63 185
127 186
139 187
28 188
63 189
100 190
82 191
24 192
138 193
41 194
52 195
70 196
48 197
70 198
61 199
77 200
146 201
92 202
21 203
184 204
141 205
93 206
20 207
165 208
22 209
39 210
195 211
58 212
32 213
23 214
48 215
170 216
119 217
3 218
126 219
7 220
100 221
201 222
14 223
117 224
223 225
16 226
22 227
175 228
69 229
52 230
58 231
144 232
20 233
134 234
105 235
201 236
216 237
23 238
137 239
9 240
153 241
113 242
98 243
160 244
27 245
189 246
216 247
181 248
194 249
184 250
194 251
96 252
61 253
44 254
90 255
119 256
203 257
68 258
247 259
63 260
14 261
102 262
18 263
142 264
19 265
130 266
71 267
192 268
143 269
257 270
134 271
239 272
141 273
83 274
178 275
180 276
35 277
176 278
235 279
35 280
259 281
61 282
204 283
63 284
25 285
219 286
110 287
189 288
138 289
240 290
201 291
79 292
210 293
65 294
217 295
45 296
144 297
70 298
131 299
107 300
137 301
258 302
270 303
285 304
197 305
79 306
297 307
196 308
170 309
145 310
96 311
212 312
17 313
240 314
71 315
273 316
57 317
190 318
11 319
40 320
15 321
159 322
88 323
249 324
310 325
11 326
250 327
13 328
55 329
20 330
245 331
230 332
124 333
137 334
196 335
330 336
59 337
127 338
216 339
77 340
57 341
291 342
13 343
191 344
235 345
3 346
93 347
298 348
12 349
250 350
284 351
181 352
313 353
188 354
91 355
173 356
28 357
29 358
202 359
259 360
108 361
20 362
277 363
185 364
254 365
44 366
329 367
64 368
325 369
102 370
316 371
55 372
363 373
364 374
40 375
264 376
300 377
263 378
30 379
16 380
148 381
79 382
326 383
4 384
192 385
116 386
121 387
252 388
293 389
247 390
78 391
22 392
224 393
299 394
227 395
147 396
4 397
20 398
86 399
179 400
306 401
56 402
271 403
85 404
287 405
107 406
178 407
346 408
110 409
83 410
41 411
11 412
346 413
134 414
346 415
124 416
193 417
414 418
28 419
218 420
338 421
69 422
287 423
294 424
252 425
72 426
98 427
44 428
378 429
390 430
65 431
36 432
415 433
42 434
141 435
374 436
165 437
275 438
168 439
272 440
129 441
96 442
38 443
14 444
93 445
421 446
16 447
75 448
206 449
270 450
299 451
46 452
236 453
423 454
406 455
412 456
209 457
427 458
81 459
93 460
456 461
401 462
226 463
102 464
324 465
30 466
393 467
160 468
289 469
435 470
410 471
389 472
13 473
382 474
267 475
10 476
336 477
189 478
255 479
363 480
328 481
360 482
11 483
267 484
32 485
14 486
399 487
447 488
201 489
371 490
39 491
491 492
415 493
259 494
296 495
220 496
390 497
399 498
326 499
246 500
117 501
21 502
273 503
339 504
453 505
396 506
408 507
180 508
173 509
26 510
105 511
432 512
154 513
272 514
488 515
95 516
27 517
152 518
347 519
192 520
377 521
192 522
115 523
478 524
495 525
73 526
511 527
323 528
89 529
324 530
201 531
322 532
487 533
162 534
485 535
158 536
49 537
278 538
181 539
351 540
213 541
376 542
206 543
28 544
350 545
202 546
212 547
54 548
515 549
129 550
190 551
12 552
127 553
505 554
85 555
325 556
504 557
424 558
355 559
244 560
435 561
31 562
375 563
264 564
49 565
523 566
247 567
374 568
44 569
212 570
8 571
17 572
7 573
46 574
313 575
489 576
365 577
429 578
520 579
275 580
123 581
301 582
93 583
415 584
382 585
368 586
58 587
385 588
189 589
198 590
335 591
496 592
280 593
540 594
21 595
587 596
471 597
162 598
132 599
120 600
286 601
297 602
421 603
514 604
190 605
384 606
353 607
440 608
142 609
143 610
304 611
275 612
548 613
518 614
420 615
450 616
598 617
36 618
61 619
593 620
142 621
76 622
462 623
298 624
162 625
575 626
131 627
330 628
486 629
556 630
542 631
373 632
470 633
41 634
160 635
396 636
375 637
78 638
392 639
614 640
554 641
563 642
351 643
7 644
377 645
131 646
197 647
454 648
374 649
269 650
533 651
553 652
174 653
633 654
276 655
16 656
286 657
598 658
287 659
608 660
467 661
545 662
176 663
643 664
81 665
75 666
660 667
206 668
130 669
291 670
35 671
183 672
447 673
411 674
618 675
47 676
312 677
46 678
617 679
382 680
444 681
189 682
583 683
273 684
111 685
628 686
446 687
108 688
593 689
586 690
356 691
187 692
568 693
46 694
253 695
374 696
67 697
576 698
692 699
484 700
75 701
401 702
407 703
427 704
117 705
28 706
47 707
192 708
610 709
646 710
491 711
83 712
596 713
283 714
244 715
676 716
176 717
471 718
204 719
109 720
74 721
265 722
716 723
6 724
393 725
204 726
205 727
600 728
92 729
566 730
636 731
207 732
32 733
569 734
593 735
315 736
255 737
90 738
627 739
735 740
475 741
234 742
567 743
528 744
731 745
610 746
678 747
110 748
46 749
551 750
673 751
48 752
518 753
649 754
274 755
682 756
398 757
150 758
311 759
112 760
732 761
500 762
479 763
373 764
433 765
240 766
392 767
342 768
274 769
719 770
29 771
369 772
764 773
434 774
725 775
355 776
630 777
217 778
96 779
625 780
144 781
358 782
390 783
412 784
780 785
347 786
323 787
567 788
104 789
244 790
279 791
616 792
503 793
139 794
307 795
571 796
181 797
731 798
627 799
725 800
315 801
457 802
530 803
66 804
168 805
573 806
621 807
241 808
417 809
444 810
395 811
277 812
496 813
284 814
225 815
555 816
309 817
51 818
268 819
180 820
609 821
767 822
204 823
62 824
443 825
541 826
411 827
179 828
811 829
513 830
613 831
362 832
474 833
415 834
581 835
776 836
444 837
696 838
531 839
804 840
762 841
510 842
495 843
65 844
57 845
195 846
420 847
136 848
431 849
788 850
163 851
570 852
657 853
144 854
448 855
696 856
221 857
455 858
698 859
376 860
519 861
760 862
353 863
378 864
608 865
861 866
694 867
779 868
245 869
852 870
374 871
730 872
402 873
268 874
768 875
9 876
273 877
874 878
876 879
700 880
145 881
299 882
595 883
814 884
636 885
11 886
160 887
468 888
492 889
735 890
684 891
590 892
343 893
162 894
35 895
245 896
580 897
170 898
173 899
99 900
410 901
556 902
655 903
769 904
761 905
848 906
565 907
39 908
829 909
764 910
137 911
412 912
897 913
42 914
417 915
491 916
253 917
479 918
24 919
876 920
828 921
14 922
832 923
711 924
678 925
733 926
853 927
598 928
289 929
379 930
871 931
505 932
107 933
925 934
139 935
317 936
91 937
6 938
578 939
74 940
68 941
628 942
45 943
182 944
602 945
54 946
33 947
824 948
107 949
762 950
629 951
155 952
311 953
392 954
360 955
34 956
768 957
10 958
405 959
862 960
630 961
920 962
252 963
201 964
794 965
797 966
873 967
941 968
743 969
876 970
174 971
118 972
822 973
550 974
514 975
318 976
712 977
616 978
909 979
234 980
938 981
342 982
242 983
894 984
790 985
107 986
58 987
827 988
625 989
633 990
826 991
707 992
103 993
482 994
119 995
629 996
823 997
876 998
759 999
601 1000
762 1001
422 1002
640 1003
781 1004
151 1005
544 1006
671 1007
954 1008
673 1009
472 1010
183 1011
887 1012
766 1013
129 1014
717 1015
161 1016
158 1017
294 1018
838 1019
872 1020
265 1021
887 1022
373 1023
134 1024
301 1025
728 1026
875 1027
638 1028
674 1029
962 1030
230 1031
899 1032
517 1033
38 1034
555 1035
762 1036
649 1037
515 1038
700 1039
428 1040
319 1041
569 1042
628 1043
1024 1044
609 1045
221 1046
187 1047
624 1048
830 1049
462 1050
1006 1051
24 1052
23 1053
823 1054
848 1055
258 1056
595 1057
846 1058
522 1059
819 1060
258 1061
985 1062
643 1063
43 1064
505 1065
233 1066
839 1067
106 1068
1020 1069
325 1070
999 1071
1005 1072
492 1073
991 1074
612 1075
135 1076
257 1077
237 1078
592 1079
795 1080
604 1081
837 1082
1079 1083
1057 1084
860 1085
709 1086
993 1087
493 1088
962 1089
414 1090
144 1091
304 1092
612 1093
889 1094
935 1095
148 1096
990 1097
521 1098
785 1099
798 1100
635 1101
268 1102
49 1103
552 1104
56 1105
467 1106
302 1107
1017 1108
940 1109
866 1110
447 1111
601 1112
252 1113
880 1114
360 1115
44 1116
623 1117
368 1118
420 1119
759 1120
264 1121
354 1122
545 1123
1029 1124
394 1125
108 1126
856 1127
575 1128
745 1129
401 1130
1070 1131
178 1132
278 1133
988 1134
206 1135
139 1136
214 1137
573 1138
305 1139
809 1140
983 1141
122 1142
1081 1143
431 1144
753 1145
498 1146
1055 1147
32 1148
831 1149
797 1150
575 1151
30 1152
338 1153
482 1154
634 1155
425 1156
364 1157
888 1158
257 1159
675 1160
651 1161
877 1162
1019 1163
873 1164
539 1165
599 1166
1122 1167
1099 1168
586 1169
985 1170
217 1171
217 1172
1151 1173
948 1174
903 1175
792 1176
21 1177
595 1178
325 1179
33 1180
1011 1181
781 1182
75 1183
17 1184
975 1185
483 1186
104 1187
537 1188
172 1189
258 1190
847 1191
1088 1192
407 1193
445 1194
209 1195
1062 1196
588 1197
10 1198
299 1199
1184 1200
1038 1201
904 1202
857 1203
73 1204
152 1205
1053 1206
1110 1207
403 1208
1197 1209
827 1210
962 1211
1161 1212
1123 1213
688 1214
545 1215
881 1216
126 1217
50 1218
337 1219
855 1220
424 1221
385 1222
86 1223
458 1224
367 1225
93 1226
686 1227
117 1228
1083 1229
933 1230
724 1231
1029 1232
416 1233
117 1234
1160 1235
858 1236
1164 1237
1136 1238
748 1239
489 1240
855 1241
395 1242
1126 1243
748 1244
1213 1245
361 1246
1001 1247
37 1248
49 1249
478 1250
465 1251
104 1252
756 1253
955 1254
700 1255
86 1256
863 1257
838 1258
119 1259
637 1260
769 1261
1062 1262
1169 1263
482 1264
1035 1265
520 1266
594 1267
421 1268
844 1269
401 1270
516 1271
1163 1272
1008 1273
726 1274
1077 1275
420 1276
378 1277
520 1278
467 1279
405 1280
640 1281
863 1282
1256 1283
189 1284
417 1285
298 1286
269 1287
1048 1288
836 1289
1245 1290
637 1291
870 1292
373 1293
197 1294
1190 1295
292 1296
1100 1297
267 1298
1159 1299
1030 1300
490 1301
1009 1302
471 1303
541 1304
1189 1305
548 1306
505 1307
452 1308
40 1309
637 1310
1092 1311
1048 1312
338 1313
386 1314
53 1315
1109 1316
1287 1317
306 1318
349 1319
984 1320
452 1321
61 1322
1050 1323
826 1324
599 1325
7 1326
236 1327
121 1328
264 1329
1284 1330
369 1331
452 1332
1157 1333
47 1334
224 1335
689 1336
1216 1337
1189 1338
996 1339
919 1340
105 1341
1084 1342
949 1343
517 1344
506 1345
114 1346
345 1347
225 1348
105 1349
479 1350
571 1351
857 1352
907 1353
1240 1354
616 1355
728 1356
656 1357
1103 1358
1081 1359
1291 1360
250 1361
321 1362
1348 1363
15 1364
7 1365
398 1366
304 1367
847 1368
1115 1369
42 1370
285 1371
1123 1372
809 1373
1088 1374
762 1375
1229 1376
1136 1377
810 1378
1039 1379
78 1380
888 1381
358 1382
652 1383
548 1384
1162 1385
663 1386
1011 1387
355 1388
472 1389
1058 1390
36 1391
133 1392
1371 1393
160 1394
765 1395
1317 1396
293 1397
663 1398
1026 1399
153 1400
451 1401
86 1402
945 1403
560 1404
333 1405
477 1406
792 1407
415 1408
422 1409
929 1410
574 1411
381 1412
841 1413
514 1414
1071 1415
776 1416
1353 1417
987 1418
860 1419
528 1420
954 1421
617 1422
1315 1423
592 1424
136 1425
1393 1426
216 1427
944 1428
476 1429
621 1430
413 1431
289 1432
165 1433
579 1434
586 1435
184 1436
1189 1437
1334 1438
888 1439
210 1440
1391 1441
1313 1442
442 1443
971 1444
17 1445
340 1446
1127 1447
906 1448
11 1449
181 1450
1198 1451
658 1452
734 1453
208 1454
1290 1455
785 1456
1038 1457
1257 1458
1030 1459
860 1460
1358 1461
709 1462
144 1463
1083 1464
264 1465
162 1466
912 1467
1073 1468
282 1469
873 1470
1116 1471
272 1472
155 1473
760 1474
1159 1475
329 1476
35 1477
433 1478
517 1479
607 1480
1273 1481
153 1482
645 1483
381 1484
1131 1485
1072 1486
895 1487
294 1488
1322 1489
1155 1490
1434 1491
1102 1492
780 1493
769 1494
1412 1495
1161 1496
384 1497
1240 1498
1271 1499
1212 1500
298 1501
291 1502
1096 1503
951 1504
686 1505
1161 1506
1277 1507
223 1508
1023 1509
589 1510
834 1511
268 1512
159 1513
1394 1514
1047 1515
677 1516
517 1517
1040 1518
825 1519
545 1520
1130 1521
457 1522
1392 1523
1473 1524
973 1525
288 1526
1043 1527
78 1528
4 1529
821 1530
1493 1531
953 1532
1299 1533
1387 1534
1088 1535
844 1536
1180 1537
695 1538
838 1539
1458 1540
1430 1541
1173 1542
138 1543
330 1544
228 1545
1223 1546
695 1547
1371 1548
1021 1549
909 1550
288 1551
479 1552
1189 1553
861 1554
661 1555
723 1556
1379 1557
914 1558
1359 1559
1252 1560
628 1561
676 1562
638 1563
1038 1564
693 1565
174 1566
1132 1567
1186 1568
290 1569
531 1570
249 1571
528 1572
1383 1573
1059 1574
1409 1575
601 1576
1427 1577
462 1578
922 1579
14 1580
1349 1581
1388 1582
410 1583
154 1584
218 1585
556 1586
906 1587
472 1588
241 1589
588 1590
463 1591
721 1592
813 1593
379 1594
628 1595
149 1596
823 1597
331 1598
467 1599
382 1600
1325 1601
1242 1602
1467 1603
1363 1604
201 1605
1540 1606
212 1607
847 1608
1414 1609
1373 1610
995 1611
1207 1612
988 1613
1095 1614
81 1615
482 1616
44 1617
1115 1618
1130 1619
103 1620
86 1621
179 1622
679 1623
601 1624
1015 1625
181 1626
202 1627
1095 1628
324 1629
138 1630
1086 1631
1136 1632
1283 1633
1591 1634
438 1635
1433 1636
872 1637
673 1638
1517 1639
877 1640
954 1641
335 1642
629 1643
401 1644
118 1645
1334 1646
1185 1647
758 1648
1555 1649
236 1650
18 1651
93 1652
1576 1653
192 1654
1141 1655
940 1656
957 1657
1261 1658
1588 1659
214 1660
391 1661
397 1662
624 1663
1598 1664
385 1665
1455 1666
892 1667
1115 1668
3 1669
449 1670
1573 1671
1049 1672
1553 1673
588 1674
1160 1675
937 1676
894 1677
1453 1678
292 1679
856 1680
59 1681
863 1682
894 1683
64 1684
1169 1685
30 1686
178 1687
981 1688
789 1689
879 1690
1451 1691
825 1692
614 1693
208 1694
868 1695
980 1696
1532 1697
263 1698
1246 1699
835 1700
56 1701
948 1702
930 1703
1132 1704
361 1705
562 1706
731 1707
121 1708
1555 1709
835 1710
1271 1711
1424 1712
1490 1713
163 1714
1298 1715
1709 1716
1014 1717
1561 1718
316 1719
1603 1720
505 1721
1425 1722
1670 1723
1314 1724
740 1725
44 1726
426 1727
275 1728
164 1729
1703 1730
1717 1731
1587 1732
1195 1733
841 1734
321 1735
1106 1736
67 1737
1527 1738
1065 1739
115 1740
1437 1741
934 1742
76 1743
830 1744
1037 1745
1081 1746
841 1747
1079 1748
299 1749
1365 1750
247 1751
43 1752
904 1753
1218 1754
646 1755
1734 1756
747 1757
1257 1758
697 1759
614 1760
853 1761
13 1762
754 1763
700 1764
1237 1765
570 1766
809 1767
1479 1768
1299 1769
381 1770
1450 1771
1401 1772
1036 1773
233 1774
323 1775
746 1776
88 1777
1652 1778
467 1779
1291 1780
901 1781
1614 1782
739 1783
57 1784
694 1785
500 1786
977 1787
933 1788
872 1789
1383 1790
311 1791
462 1792
1575 1793
777 1794
355 1795
1515 1796
913 1797
1113 1798
704 1799
276 1800
137 1801
891 1802
503 1803
403 1804
945 1805
1718 1806
702 1807
132 1808
1602 1809
1485 1810
1502 1811
1796 1812
167 1813
634 1814
605 1815
1504 1816
1599 1817
473 1818
1175 1819
1588 1820
96 1821
1570 1822
457 1823
98 1824
670 1825
213 1826
855 1827
551 1828
1586 1829
468 1830
87 1831
506 1832
400 1833
1225 1834
931 1835
1440 1836
639 1837
941 1838
304 1839
1106 1840
1689 1841
1304 1842
220 1843
1789 1844
420 1845
1417 1846
856 1847
1013 1848
431 1849
1650 1850
1036 1851
1337 1852
1801 1853
1527 1854
612 1855
530 1856
618 1857
454 1858
1754 1859
582 1860
93 1861
530 1862
746 1863
820 1864
29 1865
721 1866
575 1867
1148 1868
60 1869
46 1870
1291 1871
1384 1872
802 1873
1749 1874
1072 1875
122 1876
958 1877
1366 1878
1755 1879
1780 1880
994 1881
1001 1882
940 1883
1514 1884
1641 1885
725 1886
768 1887
1622 1888
1266 1889
1452 1890
722 1891
1043 1892
16 1893
1787 1894
1291 1895
111 1896
1782 1897
1803 1898
581 1899
1144 1900
1523 1901
581 1902
939 1903
1395 1904
1221 1905
786 1906
405 1907
97 1908
1524 1909
65 1910
1406 1911
696 1912
1747 1913
1852 1914
1746 1915
272 1916
34 1917
1703 1918
1590 1919
1894 1920
362 1921
1519 1922
1049 1923
375 1924
1397 1925
9 1926
525 1927
1421 1928
831 1929
678 1930
1724 1931
981 1932
1892 1933
341 1934
1454 1935
642 1936
463 1937
1434 1938
1881 1939
18 1940
1261 1941
313 1942
1462 1943
1292 1944
784 1945
505 1946
1304 1947
1300 1948
1186 1949
617 1950
9 1951
178 1952
1329 1953
485 1954
1640 1955
922 1956
320 1957
406 1958
373 1959
1145 1960
1792 1961
271 1962
264 1963
1596 1964
1905 1965
1043 1966
517 1967
171 1968
473 1969
610 1970
236 1971
1095 1972
366 1973
90 1974
788 1975
1591 1976
274 1977
15 1978
1961 1979
418 1980
1927 1981
1657 1982
86 1983
866 1984
972 1985
494 1986
1934 1987
1848 1988
194 1989
1824 1990
1247 1991
1833 1992
1952 1993
428 1994
1586 1995
327 1996
1336 1997
1006 1998
111 1999
539 2000
851 2001
1195 2002
1707 2003
423 2004
1052 2005
1661 2006
1619 2007
190 2008
874 2009
221 2010
1873 2011
1817 2012
1965 2013
821 2014
325 2015
1413 2016
1716 2017
1695 2018
1483 2019
624 2020
1762 2021
334 2022
544 2023
909 2024
1040 2025
1378 2026
1879 2027
648 2028
1946 2029
1443 2030
1158 2031
1057 2032
1451 2033
42 2034
1774 2035
1325 2036
1304 2037
1437 2038
1863 2039
651 2040
753 2041
1275 2042
894 2043
1685 2044
880 2045
747 2046
1580 2047
1455 2048
162 2049
855 2050
669 2051
1267 2052
2021 2053
1206 2054
1637 2055
1690 2056
605 2057
1578 2058
57 2059
1467 2060
946 2061
1919 2062
710 2063
293 2064
1514 2065
1997 2066
912 2067
1047 2068
810 2069
1171 2070
1036 2071
935 2072
2026 2073
974 2074
732 2075
398 2076
1776 2077
1089 2078
1168 2079
1919 2080
269 2081
380 2082
1438 2083
582 2084
436 2085
332 2086
1733 2087
930 2088
410 2089
300 2090
430 2091
1885 2092
712 2093
537 2094
584 2095
659 2096
725 2097
2000 2098
881 2099
1975 2100
66 2101
2045 2102
928 2103
1437 2104
1081 2105
155 2106
457 2107
1278 2108
112 2109
224 2110
283 2111
1498 2112
1060 2113
1947 2114
189 2115
2068 2116
865 2117
2117 2118
1358 2119
59 2120
581 2121
2094 2122
201 2123
417 2124
1800 2125
509 2126
936 2127
1128 2128
1984 2129
1705 2130
580 2131
1426 2132
1936 2133
1424 2134
467 2135
331 2136
1112 2137
1963 2138
1085 2139
695 2140
1683 2141
121 2142
1856 2143
1575 2144
2011 2145
193 2146
214 2147
2014 2148
1329 2149
188 2150
973 2151
285 2152
1872 2153
1124 2154
1876 2155
2035 2156
885 2157
772 2158
1386 2159
1471 2160
1914 2161
725 2162
576 2163
484 2164
387 2165
500 2166
2161 2167
1174 2168
243 2169
1219 2170
1163 2171
144 2172
1881 2173
1108 2174
276 2175
1720 2176
798 2177
753 2178
1609 2179
1514 2180
1246 2181
523 2182
1463 2183
1615 2184
512 2185
965 2186
1916 2187
1662 2188
921 2189
1921 2190
1015 2191
1215 2192
1280 2193
141 2194
1366 2195
28 2196
2137 2197
104 2198
1053 2199
630 2200
1874 2201
748 2202
1435 2203
1951 2204
1482 2205
860 2206
499 2207
1206 2208
1953 2209
1743 2210
683 2211
257 2212
1554 2213
1662 2214
194 2215
2064 2216
1438 2217
1283 2218
1696 2219
971 2220
779 2221
2118 2222
2071 2223
111 2224
22 2225
1925 2226
1479 2227
545 2228
530 2229
1801 2230
1899 2231
2100 2232
1895 2233
356 2234
124 2235
1000 2236
1533 2237
1147 2238
2107 2239
934 2240
467 2241
889 2242
451 2243
1399 2244
174 2245
751 2246
373 2247
854 2248
2093 2249
663 2250
143 2251
1186 2252
575 2253
690 2254
348 2255
1421 2256
961 2257
2090 2258
90 2259
981 2260
1321 2261
176 2262
1541 2263
262 2264
612 2265
836 2266
216 2267
1639 2268
1606 2269
2038 2270
204 2271
504 2272
1827 2273
1882 2274
1855 2275
1959 2276
501 2277
162 2278
1157 2279
220 2280
753 2281
320 2282
846 2283
905 2284
50 2285
2037 2286
417 2287
407 2288
1602 2289
1485 2290
196 2291
1886 2292
1677 2293
1318 2294
1872 2295
1242 2296
156 2297
1884 2298
1609 2299
587 2300
1685 2301
1520 2302
74 2303
1881 2304
2006 2305
1752 2306
1770 2307
1879 2308
1110 2309
2190 2310
821 2311
1224 2312
1249 2313
841 2314
2056 2315
1410 2316
895 2317
1768 2318
1743 2319
702 2320
711 2321
1069 2322
2121 2323
729 2324
811 2325
1139 2326
253 2327
1114 2328
375 2329
1710 2330
1997 2331
73 2332
1927 2333
1442 2334
28 2335
2293 2336
89 2337
153 2338
1099 2339
1312 2340
1277 2341
153 2342
1546 2343
296 2344
135 2345
515 2346
1178 2347
1329 2348
1917 2349
126 2350
58 2351
775 2352
382 2353
1407 2354
1664 2355
2017 2356
1547 2357
366 2358
1156 2359
860 2360
426 2361
975 2362
1573 2363
1991 2364
1169 2365
1747 2366
670 2367
1387 2368
1564 2369
1445 2370
1328 2371
1154 2372
284 2373
1854 2374
1655 2375
991 2376
1019 2377
520 2378
1272 2379
734 2380
1609 2381
791 2382
690 2383
1323 2384
859 2385
1464 2386
1568 2387
665 2388
1019 2389
525 2390
2080 2391
171 2392
452 2393
2218 2394
1830 2395
22 2396
425 2397
1607 2398
2251 2399
336 2400
2269 2401
1203 2402
62 2403
481 2404
945 2405
1876 2406
1067 2407
2373 2408
1005 2409
1613 2410
2108 2411
530 2412
245 2413
1514 2414
35 2415
2400 2416
1610 2417
1957 2418
907 2419
1656 2420
1754 2421
1194 2422
785 2423
811 2424
45 2425
553 2426
1979 2427
343 2428
1976 2429
64 2430
426 2431
1420 2432
577 2433
2192 2434
2412 2435
2147 2436
1123 2437
1468 2438
1083 2439
1437 2440
863 2441
2083 2442
264 2443
1184 2444
1808 2445
2213 2446
1002 2447
1611 2448
931 2449
1085 2450
2407 2451
1400 2452
2106 2453
1513 2454
161 2455
1733 2456
157 2457
1937 2458
1640 2459
971 2460
1243 2461
847 2462
1157 2463
910 2464
1307 2465
1526 2466
2206 2467
538 2468
1543 2469
2376 2470
2368 2471
48 2472
490 2473
404 2474
626 2475
1526 2476
1342 2477
935 2478
1968 2479
474 2480
211 2481
907 2482
2260 2483
1330 2484
232 2485
2189 2486
383 2487
1632 2488
1719 2489
1359 2490
1532 2491
2240 2492
1794 2493
1751 2494
1261 2495
509 2496
1318 2497
2113 2498
1777 2499
1635 2500
2196 2501
13 2502
549 2503
1785 2504
1281 2505
323 2506
586 2507
560 2508
1230 2509
906 2510
1118 2511
284 2512
2454 2513
2078 2514
233 2515
950 2516
1251 2517
1569 2518
1505 2519
1051 2520
1228 2521
1854 2522
875 2523
2393 2524
1970 2525
1032 2526
69 2527
1540 2528
852 2529
116 2530
1262 2531
1116 2532
1064 2533
170 2534
2159 2535
1799 2536
401 2537
1261 2538
754 2539
877 2540
2074 2541
2464 2542
1781 2543
408 2544
371 2545
729 2546
606 2547
1275 2548
2120 2549
964 2550
539 2551
1260 2552
2227 2553
1957 2554
821 2555
1368 2556
515 2557
2245 2558
1988 2559
1979 2560
617 2561
496 2562
1368 2563
1844 2564
2545 2565
74 2566
2341 2567
1925 2568
35 2569
2126 2570
1839 2571
204 2572
1421 2573
832 2574
1663 2575
1344 2576
936 2577
1886 2578
26 2579
2123 2580
561 2581
2325 2582
595 2583
1585 2584
638 2585
830 2586
1779 2587
1217 2588
1786 2589
1673 2590
720 2591
185 2592
2280 2593
701 2594
1403 2595
1635 2596
417 2597
1206 2598
708 2599
1768 2600
1250 2601
2170 2602
1112 2603
1505 2604
1075 2605
1941 2606
80 2607
2550 2608
802 2609
196 2610
848 2611
2583 2612
1492 2613
2005 2614
585 2615
825 2616
826 2617
2541 2618
2163 2619
938 2620
882 2621
1555 2622
530 2623
1750 2624
2266 2625
645 2626
1923 2627
833 2628
424 2629
2588 2630
781 2631
442 2632
1593 2633
2567 2634
2003 2635
2587 2636
275 2637
142 2638
927 2639
131 2640
2445 2641
1031 2642
1700 2643
196 2644
1846 2645
22 2646
2520 2647
1462 2648
2534 2649
391 2650
1682 2651
264 2652
718 2653
20 2654
1122 2655
743 2656
1280 2657
221 2658
149 2659
1754 2660
2224 2661
1242 2662
2423 2663
1725 2664
2583 2665
2377 2666
2106 2667
716 2668
2034 2669
2437 2670
373 2671
2572 2672
519 2673
2456 2674
1735 2675
2058 2676
409 2677
2436 2678
1149 2679
2428 2680
961 2681
1933 2682
1189 2683
2213 2684
2407 2685
2164 2686
1996 2687
1177 2688
1793 2689
1692 2690
2055 2691
862 2692
471 2693
807 2694
1275 2695
1036 2696
1191 2697
473 2698
1794 2699
2647 2700
1348 2701
2409 2702
531 2703
129 2704
2608 2705
2264 2706
1200 2707
1513 2708
1184 2709
1540 2710
2519 2711
1737 2712
2633 2713
2208 2714
2300 2715
777 2716
2567 2717
926 2718
2117 2719
255 2720
2547 2721
2470 2722
1778 2723
482 2724
1361 2725
1031 2726
1638 2727
1803 2728
593 2729
2585 2730
2280 2731
2546 2732
1088 2733
874 2734
686 2735
1734 2736
470 2737
140 2738
285 2739
1820 2740
818 2741
2367 2742
1855 2743
1258 2744
1261 2745
1854 2746
843 2747
56 2748
1421 2749
1764 2750
1030 2751
261 2752
21 2753
2009 2754
1204 2755
698 2756
236 2757
2197 2758
595 2759
2092 2760
1879 2761
1560 2762
2041 2763
1078 2764
565 2765
1490 2766
2351 2767
1699 2768
491 2769
793 2770
1446 2771
425 2772
2007 2773
2057 2774
2745 2775
2586 2776
1683 2777
2058 2778
235 2779
821 2780
2269 2781
1348 2782
2549 2783
657 2784
927 2785
1775 2786
438 2787
908 2788
2499 2789
1247 2790
839 2791
2246 2792
1480 2793
1328 2794
2507 2795
893 2796
1717 2797
494 2798
1434 2799
224 2800
115 2801
2309 2802
939 2803
1233 2804
1620 2805
1486 2806
1785 2807
83 2808
996 2809
487 2810
709 2811
970 2812
1347 2813
1068 2814
492 2815
2434 2816
1182 2817
1284 2818
2490 2819
436 2820
2768 2821
1096 2822
975 2823
203 2824
1678 2825
1716 2826
667 2827
258 2828
1958 2829
2575 2830
1888 2831
1399 2832
1288 2833
2402 2834
1387 2835
2538 2836
502 2837
981 2838
1132 2839
484 2840
2273 2841
1280 2842
1999 2843
1695 2844
1788 2845
53 2846
448 2847
1441 2848
488 2849
900 2850
2710 2851
1932 2852
2050 2853
2546 2854
1644 2855
1444 2856
1729 2857
1966 2858
1419 2859
1853 2860
2780 2861
1062 2862
841 2863
303 2864
574 2865
1415 2866
2376 2867
731 2868
457 2869
2158 2870
1779 2871
2437 2872
1094 2873
2866 2874
194 2875
1125 2876
2261 2877
1632 2878
2132 2879
1788 2880
2072 2881
1815 2882
2831 2883
1311 2884
2491 2885
314 2886
2481 2887
2488 2888
2193 2889
1800 2890
262 2891
2094 2892
1852 2893
1354 2894
19 2895
2528 2896
1059 2897
1023 2898
575 2899
293 2900
1952 2901
9 2902
346 2903
2389 2904
590 2905
1445 2906
2086 2907
2056 2908
2880 2909
193 2910
1458 2911
2769 2912
111 2913
2029 2914
2783 2915
75 2916
224 2917
2602 2918
2606 2919
205 2920
2800 2921
1233 2922
1785 2923
347 2924
211 2925
524 2926
21 2927
1775 2928
2266 2929
685 2930
2441 2931
1099 2932
2302 2933
212 2934
2362 2935
1646 2936
947 2937
1845 2938
2344 2939
1168 2940
2612 2941
2385 2942
327 2943
1347 2944
2849 2945
1960 2946
616 2947
1378 2948
818 2949
671 2950
199 2951
547 2952
2623 2953
886 2954
367 2955
1060 2956
2027 2957
2512 2958
2598 2959
1563 2960
608 2961
2108 2962
2750 2963
1776 2964
2906 2965
1395 2966
1675 2967
1243 2968
908 2969
2127 2970
404 2971
1070 2972
1369 2973
1188 2974
2841 2975
1528 2976
2617 2977
73 2978
2061 2979
504 2980
2184 2981
2333 2982
1785 2983
2730 2984
1953 2985
2627 2986
672 2987
921 2988
2041 2989
2599 2990
1808 2991
2284 2992
196 2993
934 2994
1869 2995
1704 2996
1492 2997
1145 2998
660 2999
2652 3000
2825 3001
1339 3002
2015 3003
2898 3004
1209 3005
453 3006
172 3007
1043 3008
1199 3009
454 3010
656 3011
1218 3012
407 3013
189 3014
1053 3015
394 3016
26 3017
1381 3018
1165 3019
2699 3020
571 3021
1107 3022
1039 3023
826 3024
504 3025
1887 3026
2947 3027
736 3028
41 3029
2821 3030
1068 3031
579 3032
1723 3033
1272 3034
1565 3035
1706 3036
2451 3037
434 3038
1709 3039
2041 3040
2702 3041
1739 3042
2860 3043
2359 3044
2240 3045
2233 3046
1881 3047
2518 3048
526 3049
2833 3050
2913 3051
2559 3052
1848 3053
1937 3054
2015 3055
104 3056
1906 3057
2026 3058
1858 3059
2336 3060
1756 3061
2985 3062
778 3063
1085 3064
2615 3065
1962 3066
2942 3067
2174 3068
1165 3069
901 3070
1789 3071
1801 3072
44 3073
1062 3074
1091 3075
421 3076
110 3077
1648 3078
1587 3079
517 3080
1169 3081
199 3082
1894 3083
999 3084
1400 3085
2107 3086
1981 3087
1802 3088
475 3089
2652 3090
272 3091
1397 3092
1737 3093
2486 3094
2932 3095
915 3096
1871 3097
1382 3098
1775 3099
2743 3100
1913 3101
2365 3102
484 3103
2620 3104
1635 3105
1454 3106
2730 3107
2811 3108
2732 3109
40 3110
2912 3111
591 3112
360 3113
1657 3114
2482 3115
1514 3116
2608 3117
1315 3118
2032 3119
2941 3120
998 3121
1967 3122
1667 3123
1850 3124
1629 3125
912 3126
3046 3127
1644 3128
972 3129
3096 3130
2644 3131
3069 3132
2671 3133
2728 3134
72 3135
781 3136
1157 3137
1869 3138
2251 3139
1379 3140
751 3141
1062 3142
782 3143
2872 3144
2455 3145
477 3146
2942 3147
2462 3148
1594 3149
3049 3150
2393 3151
985 3152
551 3153
1353 3154
464 3155
2434 3156
1612 3157
2644 3158
739 3159
1541 3160
1877 3161
2193 3162
2407 3163
1307 3164
2518 3165
1420 3166
457 3167
1888 3168
1475 3169
1117 3170
165 3171
179 3172
3168 3173
3041 3174
531 3175
2263 3176
3013 3177
171 3178
1798 3179
1851 3180
2721 3181
2037 3182
3148 3183
2738 3184
108 3185
2409 3186
1132 3187
441 3188
2250 3189
1215 3190
2249 3191
107 3192
1847 3193
1229 3194
2342 3195
430 3196
2720 3197
3136 3198
2709 3199
1789 3200
2228 3201
2450 3202
2347 3203
2222 3204
1549 3205
2370 3206
2165 3207
763 3208
2543 3209
3128 3210
1798 3211
2428 3212
2290 3213
2391 3214
530 3215
2438 3216
2693 3217
1002 3218
621 3219
1845 3220
2036 3221
791 3222
348 3223
3099 3224
2423 3225
1727 3226
1348 3227
2568 3228
1546 3229
2930 3230
276 3231
1262 3232
2784 3233
1134 3234
1888 3235
2181 3236
2744 3237
2600 3238
1609 3239
2555 3240
729 3241
3207 3242
982 3243
1148 3244
2104 3245
122 3246
2791 3247
791 3248
60 3249
2404 3250
1239 3251
1453 3252
1941 3253
1065 3254
2305 3255
1967 3256
2179 3257
2356 3258
920 3259
2247 3260
3239 3261
2279 3262
2144 3263
483 3264
2909 3265
1186 3266
858 3267
609 3268
915 3269
2565 3270
257 3271
949 3272
2441 3273
2834 3274
638 3275
1689 3276
2321 3277
810 3278
1221 3279
1627 3280
713 3281
2022 3282
814 3283
1286 3284
2788 3285
3266 3286
866 3287
2319 3288
15 3289
1951 3290
2382 3291
193 3292
3006 3293
905 3294
2161 3295
3209 3296
712 3297
821 3298
2907 3299
847 3300
430 3301
252 3302
1421 3303
2142 3304
1719 3305
334 3306
1630 3307
2157 3308
1978 3309
2036 3310
1747 3311
1490 3312
23 3313
1985 3314
54 3315
332 3316
817 3317
2736 3318
1745 3319
168 3320
1420 3321
1904 3322
1897 3323
677 3324
2265 3325
398 3326
2522 3327
1962 3328
460 3329
1701 3330
1081 3331
1996 3332
2938 3333
508 3334
734 3335
2769 3336
3190 3337
2315 3338
1844 3339
2957 3340
2085 3341
97 3342
2265 3343
572 3344
240 3345
557 3346
2303 3347
64 3348
3310 3349
735 3350
1418 3351
1539 3352
789 3353
1932 3354
222 3355
902 3356
656 3357
1247 3358
2557 3359
366 3360
2819 3361
493 3362
458 3363
1107 3364
1736 3365
2249 3366
380 3367
1856 3368
985 3369
763 3370
506 3371
722 3372
729 3373
3224 3374
1118 3375
2437 3376
205 3377
1447 3378
3342 3379
142 3380
1082 3381
704 3382
3003 3383
2208 3384
2743 3385
2912 3386
2946 3387
1652 3388
1696 3389
1458 3390
116 3391
2472 3392
2692 3393
1359 3394
2968 3395
1388 3396
2103 3397
3333 3398
2835 3399
2663 3400
1541 3401
1335 3402
2754 3403
3118 3404
3096 3405
3045 3406
1589 3407
1598 3408
714 3409
2678 3410
2160 3411
626 3412
3260 3413
561 3414
693 3415
41 3416
1670 3417
2740 3418
3188 3419
1801 3420
2712 3421
877 3422
3090 3423
3019 3424
1395 3425
1895 3426
2670 3427
2185 3428
1910 3429
2203 3430
2249 3431
1750 3432
2009 3433
3079 3434
3355 3435
3155 3436
2082 3437
1272 3438
1087 3439
957 3440
2252 3441
761 3442
754 3443
1809 3444
669 3445
2302 3446
3429 3447
765 3448
1679 3449
1068 3450
457 3451
267 3452
1417 3453
2627 3454
2511 3455
2780 3456
2837 3457
1469 3458
1265 3459
1486 3460
332 3461
1086 3462
460 3463
2781 3464
2719 3465
2828 3466
2959 3467
256 3468
2305 3469
3208 3470
704 3471
1932 3472
3162 3473
1057 3474
1346 3475
2735 3476
3204 3477
3460 3478
1698 3479
779 3480
2577 3481
3209 3482
1737 3483
97 3484
2763 3485
948 3486
2804 3487
1287 3488
2933 3489
3111 3490
3062 3491
1666 3492
603 3493
2885 3494
3026 3495
433 3496
2684 3497
1028 3498
1445 3499
1933 3500
2783 3501
1399 3502
2392 3503
777 3504
3417 3505
281 3506
1156 3507
854 3508
2114 3509
3101 3510
1724 3511
2456 3512
3460 3513
3382 3514
957 3515
2052 3516
1386 3517
912 3518
472 3519
2212 3520
587 3521
3390 3522
718 3523
1943 3524
1449 3525
329 3526
61 3527
3181 3528
3118 3529
3364 3530
2758 3531
2187 3532
2589 3533
3234 3534
3229 3535
84 3536
2087 3537
831 3538
3031 3539
896 3540
988 3541
3167 3542
878 3543
1640 3544
2023 3545
3131 3546
2858 3547
2454 3548
1560 3549
3020 3550
1930 3551
947 3552
536 3553
11 3554
3354 3555
478 3556
1239 3557
1089 3558
2705 3559
1209 3560
2407 3561
3446 3562
250 3563
2728 3564
2643 3565
491 3566
945 3567
2792 3568
898 3569
1185 3570
2249 3571
3144 3572
3286 3573
1579 3574
3347 3575
2495 3576
432 3577
2574 3578
361 3579
40 3580
2476 3581
123 3582
749 3583
1017 3584
252 3585
792 3586
3532 3587
1583 3588
1203 3589
1878 3590
823 3591
1179 3592
2015 3593
478 3594
2387 3595
2289 3596
397 3597
810 3598
669 3599
1432 3600
1138 3601
2212 3602
3543 3603
379 3604
2371 3605
2926 3606
1104 3607
3447 3608
217 3609
3406 3610
925 3611
2576 3612
422 3613
2241 3614
3227 3615
3555 3616
1519 3617
524 3618
3286 3619
596 3620
2557 3621
1020 3622
2206 3623
3386 3624
1358 3625
219 3626
3092 3627
35 3628
3427 3629
1568 3630
2564 3631
3147 3632
219 3633
2821 3634
2229 3635
1880 3636
161 3637
948 3638
230 3639
1050 3640
2005 3641
1143 3642
3546 3643
2662 3644
595 3645
1417 3646
567 3647
2109 3648
3623 3649
1880 3650
2164 3651
3623 3652
870 3653
2602 3654
2090 3655
2995 3656
2241 3657
1467 3658
2788 3659
1007 3660
1538 3661
743 3662
2632 3663
2650 3664
2889 3665
2383 3666
1339 3667
2149 3668
3034 3669
2893 3670
218 3671
613 3672
3030 3673
1839 3674
2799 3675
380 3676
504 3677
1850 3678
2720 3679
697 3680
72 3681
2952 3682
2391 3683
661 3684
2108 3685
1186 3686
435 3687
2321 3688
1375 3689
432 3690
3101 3691
1577 3692
472 3693
156 3694
2319 3695
292 3696
2717 3697
2858 3698
2295 3699
3165 3700
2885 3701
2045 3702
3345 3703
3411 3704
2291 3705
2232 3706
171 3707
2538 3708
2248 3709
1536 3710
2469 3711
2055 3712
1302 3713
1856 3714
1452 3715
3566 3716
1943 3717
2562 3718
2968 3719
3339 3720
882 3721
129 3722
1421 3723
2294 3724
1786 3725
2941 3726
2603 3727
4 3728
793 3729
1429 3730
541 3731
745 3732
588 3733
3227 3734
297 3735
1261 3736
2570 3737
1731 3738
65 3739
2735 3740
2880 3741
2700 3742
1329 3743
3639 3744
2322 3745
1475 3746
1395 3747
1873 3748
2768 3749
2541 3750
2927 3751
2228 3752
2499 3753
497 3754
1358 3755
1278 3756
26 3757
2335 3758
2616 3759
3244 3760
311 3761
587 3762
3457 3763
888 3764
998 3765
702 3766
765 3767
1145 3768
480 3769
1102 3770
3732 3771
2829 3772
1342 3773
1818 3774
3047 3775
1579 3776
14 3777
3393 3778
3645 3779
2038 3780
3600 3781
2906 3782
3249 3783
898 3784
3783 3785
1634 3786
2062 3787
3387 3788
1704 3789
1627 3790
2701 3791
347 3792
3347 3793
1700 3794
2169 3795
3454 3796
671 3797
1360 3798
3758 3799
1640 3800
1592 3801
169 3802
2204 3803
3642 3804
740 3805
1216 3806
2567 3807
1950 3808
1226 3809
115 3810
250 3811
695 3812
2367 3813
1392 3814
3774 3815
3569 3816
2133 3817
80 3818
3538 3819
1322 3820
3488 3821
1777 3822
2656 3823
2871 3824
3577 3825
3680 3826
2537 3827
1276 3828
2561 3829
1922 3830
2602 3831
2775 3832
1815 3833
1801 3834
2104 3835
155 3836
1498 3837
2331 3838
1326 3839
2035 3840
2262 3841
3264 3842
722 3843
1167 3844
849 3845
2362 3846
2630 3847
963 3848
733 3849
1470 3850
3484 3851
2628 3852
688 3853
3711 3854
1022 3855
1050 3856
272 3857
1733 3858
913 3859
1034 3860
3724 3861
3347 3862
2492 3863
772 3864
272 3865
3503 3866
547 3867
455 3868
747 3869
459 3870
1090 3871
1263 3872
3724 3873
1097 3874
323 3875
2879 3876
2572 3877
2435 3878
751 3879
1591 3880
3317 3881
2007 3882
2642 3883
3420 3884
115 3885
259 3886
1083 3887
3137 3888
1706 3889
1862 3890
2759 3891
2388 3892
1529 3893
2059 3894
378 3895
1059 3896
1229 3897
1185 3898
1144 3899
3684 3900
1558 3901
2955 3902
1273 3903
727 3904
1711 3905
3166 3906
270 3907
2836 3908
1830 3909
1179 3910
2702 3911
3808 3912
1588 3913
3576 3914
3803 3915
1580 3916
3380 3917
2454 3918
2335 3919
1584 3920
526 3921
41 3922
3856 3923
924 3924
1617 3925
3218 3926
3447 3927
2130 3928
1004 3929
2427 3930
2316 3931
2924 3932
1875 3933
1329 3934
3799 3935
2857 3936
1962 3937
553 3938
1395 3939
2745 3940
83 3941
2015 3942
2296 3943
215 3944
3356 3945
346 3946
1474 3947
285 3948
583 3949
3914 3950
1273 3951
1493 3952
758 3953
2187 3954
3682 3955
2081 3956
535 3957
68 3958
2216 3959
2786 3960
2867 3961
2085 3962
1891 3963
506 3964
3933 3965
35 3966
3734 3967
1394 3968
1296 3969
3412 3970
1676 3971
3878 3972
2490 3973
3161 3974
778 3975
819 3976
998 3977
1987 3978
3622 3979
1377 3980
1501 3981
3582 3982
2917 3983
986 3984
2623 3985
2851 3986
3531 3987
3899 3988
3871 3989
1229 3990
3722 3991
3514 3992
1810 3993
3161 3994
1859 3995
851 3996
670 3997
323 3998
273 3999
3329 4000
121 4001
1758 4002
2590 4003
1429 4004
3466 4005
3089 4006
817 4007
2989 4008
3449 4009
2149 4010
1423 4011
2563 4012
592 4013
3478 4014
1385 4015
3355 4016
2537 4017
2794 4018
2919 4019
781 4020
1576 4021
596 4022
2128 4023
95 4024
2022 4025
1944 4026
1993 4027
3576 4028
3068 4029
3228 4030
2783 4031
1546 4032
3428 4033
1118 4034
1782 4035
636 4036
1139 4037
546 4038
1372 4039
336 4040
3764 4041
557 4042
2318 4043
2281 4044
1551 4045
3759 4046
1324 4047
3324 4048
1289 4049
2121 4050
3045 4051
566 4052
1081 4053
3619 4054
443 4055
2294 4056
98 4057
2612 4058
3787 4059
960 4060
1209 4061
952 4062
3500 4063
859 4064
2978 4065
3040 4066
1042 4067
2063 4068
3489 4069
1695 4070
1982 4071
2997 4072
1738 4073
3512 4074
664 4075
1888 4076
2957 4077
454 4078
1958 4079
1886 4080
2553 4081
3349 4082
2499 4083
116 4084
3365 4085
2685 4086
1052 4087
3965 4088
2217 4089
265 4090
3275 4091
2935 4092
45 4093
794 4094
1595 4095
3208 4096
2390 4097
1866 4098
480 4099
1308 4100
520 4101
3569 4102
3396 4103
914 4104
3247 4105
1858 4106
1087 4107
1488 4108
247 4109
3888 4110
2938 4111
3322 4112
3092 4113
2130 4114
3293 4115
1683 4116
1792 4117
660 4118
2011 4119
3927 4120
3416 4121
3571 4122
2647 4123
3239 4124
4023 4125
2411 4126
3715 4127
1924 4128
2305 4129
955 4130
307 4131
866 4132
344 4133
242 4134
31 4135
1711 4136
2050 4137
3560 4138
1403 4139
2230 4140
1956 4141
2171 4142
1677 4143
316 4144
582 4145
1696 4146
2440 4147
714 4148
39 4149
107 4150
113 4151
2353 4152
2005 4153
1036 4154
3206 4155
1507 4156
141 4157
100 4158
1382 4159
2509 4160
789 4161
2664 4162
1036 4163
1941 4164
1820 4165
1988 4166
500 4167
2023 4168
1872 4169
2693 4170
2386 4171
3231 4172
1763 4173
1693 4174
1680 4175
710 4176
1509 4177
3511 4178
4170 4179
1310 4180
713 4181
2593 4182
315 4183
737 4184
2688 4185
438 4186
1368 4187
1429 4188
3167 4189
1256 4190
3301 4191
2158 4192
2613 4193
2430 4194
179 4195
2401 4196
3997 4197
1774 4198
856 4199
669 4200
409 4201
1313 4202
1216 4203
2076 4204
254 4205
1979 4206
3836 4207
2600 4208
1659 4209
2533 4210
317 4211
3866 4212
2555 4213
3711 4214
3550 4215
215 4216
3990 4217
1331 4218
1715 4219
1775 4220
3189 4221
2387 4222
3785 4223
3785 4224
3210 4225
95 4226
4179 4227
261 4228
3135 4229
3981 4230
3833 4231
4143 4232
3854 4233
2048 4234
3775 4235
3803 4236
2678 4237
2024 4238
1927 4239
3099 4240
2172 4241
1190 4242
2964 4243
1983 4244
4234 4245
760 4246
519 4247
3402 4248
2045 4249
817 4250
305 4251
3139 4252
338 4253
3848 4254
794 4255
2966 4256
1546 4257
506 4258
1537 4259
1812 4260
1779 4261
3013 4262
293 4263
3060 4264
1344 4265
1748 4266
484 4267
1476 4268
876 4269
3789 4270
642 4271
107 4272
2536 4273
796 4274
3796 4275
2411 4276
3525 4277
3555 4278
708 4279
2081 4280
881 4281
466 4282
2060 4283
590 4284
2203 4285
2540 4286
2304 4287
4129 4288
1150 4289
1857 4290
3515 4291
1413 4292
1247 4293
3702 4294
2796 4295
67 4296
2251 4297
3398 4298
939 4299
1094 4300
2967 4301
2037 4302
2017 4303
3004 4304
1213 4305
816 4306
2851 4307
4071 4308
3679 4309
3684 4310
2438 4311
1095 4312
1840 4313
554 4314
3081 4315
2451 4316
2695 4317
3320 4318
3710 4319
1429 4320
2664 4321
839 4322
3516 4323
738 4324
2865 4325
1368 4326
2758 4327
881 4328
2145 4329
3519 4330
2861 4331
2301 4332
944 4333
3290 4334
1796 4335
754 4336
3983 4337
2049 4338
4119 4339
938 4340
3165 4341
4264 4342
2177 4343
31 4344
2842 4345
3333 4346
2683 4347
545 4348
2621 4349
4128 4350
1240 4351
2664 4352
2741 4353
2882 4354
3135 4355
1756 4356
779 4357
1094 4358
2477 4359
3050 4360
2827 4361
1984 4362
1815 4363
1862 4364
3857 4365
4053 4366
2255 4367
1011 4368
2981 4369
4112 4370
3740 4371
3381 4372
2710 4373
3051 4374
2373 4375
2510 4376
2691 4377
1373 4378
2714 4379
2917 4380
23 4381
4217 4382
2572 4383
3254 4384
3473 4385
4249 4386
588 4387
719 4388
1791 4389
3358 4390
2610 4391
1822 4392
3076 4393
2810 4394
4278 4395
3381 4396
513 4397
3188 4398
25 4399
3457 4400
752 4401
1093 4402
529 4403
3926 4404
3318 4405
2907 4406
2117 4407
620 4408
2947 4409
2951 4410
104 4411
1378 4412
1169 4413
1422 4414
285 4415
65 4416
107 4417
2061 4418
720 4419
1551 4420
869 4421
3958 4422
2470 4423
820 4424
2865 4425
1807 4426
4048 4427
3133 4428
712 4429
1622 4430
2825 4431
175 4432
1811 4433
1393 4434
3531 4435
2602 4436
1250 4437
1761 4438
4363 4439
3357 4440
1366 4441
3346 4442
739 4443
3572 4444
2662 4445
767 4446
4077 4447
4266 4448
3014 4449
1621 4450
2390 4451
2055 4452
996 4453
784 4454
2921 4455
1289 4456
1170 4457
2654 4458
2752 4459
3830 4460
590 4461
4174 4462
1305 4463
3281 4464
1740 4465
971 4466
3324 4467
2304 4468
227 4469
3406 4470
285 4471
3056 4472
629 4473
3091 4474
1194 4475
2648 4476
2605 4477
1068 4478
3738 4479
2114 4480
2669 4481
3309 4482
2643 4483
3059 4484
85 4485
3181 4486
4233 4487
1388 4488
2090 4489
3069 4490
1686 4491
1671 4492
3019 4493
1524 4494
492 4495
952 4496
3490 4497
4308 4498
745 4499
1763 4500
3695 4501
3640 4502
1183 4503
618 4504
1466 4505
3098 4506
1116 4507
399 4508
3820 4509
1177 4510
43 4511
1688 4512
509 4513
1305 4514
920 4515
161 4516
3985 4517
391 4518
2312 4519
2074 4520
3051 4521
4161 4522
323 4523
4390 4524
901 4525
560 4526
1331 4527
2779 4528
4329 4529
428 4530
978 4531
4342 4532
2660 4533
2226 4534
2600 4535
637 4536
1783 4537
1625 4538
474 4539
2494 4540
2935 4541
1389 4542
2572 4543
2111 4544
2553 4545
4432 4546
2986 4547
2145 4548
1134 4549
3156 4550
953 4551
1828 4552
2208 4553
2878 4554
3454 4555
1216 4556
762 4557
3779 4558
1 4559
1727 4560
3028 4561
1277 4562
3598 4563
4217 4564
646 4565
3630 4566
2092 4567
2965 4568
4005 4569
503 4570
1809 4571
2533 4572
461 4573
1774 4574
3292 4575
2238 4576
87 4577
970 4578
669 4579
25 4580
4573 4581
1765 4582
541 4583
223 4584
1022 4585
782 4586
4457 4587
1831 4588
1169 4589
1700 4590
686 4591
2388 4592
855 4593
2849 4594
3025 4595
3212 4596
677 4597
2169 4598
2976 4599
973 4600
272 4601
4404 4602
1623 4603
3127 4604
313 4605
2438 4606
3253 4607
2806 4608
3572 4609
1061 4610
1322 4611
2072 4612
4247 4613
761 4614
4098 4615
117 4616
4134 4617
533 4618
3746 4619
1369 4620
2023 4621
2900 4622
3205 4623
3806 4624
1096 4625
2433 4626
689 4627
537 4628
1601 4629
4410 4630
3008 4631
4142 4632
2688 4633
670 4634
3936 4635
2447 4636
1433 4637
2403 4638
2003 4639
2344 4640
4267 4641
3583 4642
3423 4643
1588 4644
423 4645
3420 4646
2167 4647
706 4648
2271 4649
4229 4650
1819 4651
2103 4652
1200 4653
2982 4654
4350 4655
3405 4656
1650 4657
3101 4658
2348 4659
2644 4660
1968 4661
981 4662
1887 4663
4458 4664
2567 4665
1706 4666
4326 4667
3008 4668
3946 4669
1708 4670
2827 4671
1423 4672
2407 4673
3938 4674
3815 4675
3005 4676
3957 4677
187 4678
4092 4679
2605 4680
2060 4681
1219 4682
60 4683
258 4684
3876 4685
376 4686
1194 4687
1479 4688
1850 4689
4269 4690
4179 4691
2903 4692
1645 4693
4635 4694
1565 4695
4354 4696
2471 4697
4677 4698
4562 4699
2701 4700
2020 4701
2397 4702
170 4703
3295 4704
2827 4705
4125 4706
2711 4707
2881 4708
1160 4709
1697 4710
2710 4711
1381 4712
944 4713
2880 4714
1829 4715
2923 4716
2746 4717
4106 4718
2172 4719
1159 4720
3601 4721
2573 4722
2763 4723
660 4724
861 4725
3374 4726
2233 4727
664 4728
258 4729
2528 4730
3272 4731
3606 4732
4084 4733
2367 4734
1445 4735
2807 4736
3505 4737
636 4738
2772 4739
139 4740
2524 4741
1402 4742
2558 4743
3235 4744
661 4745
247 4746
2528 4747
4346 4748
650 4749
1650 4750
4156 4751
1613 4752
1798 4753
2734 4754
577 4755
573 4756
2392 4757
892 4758
2125 4759
2859 4760
4364 4761
3227 4762
2920 4763
1416 4764
3435 4765
2554 4766
4726 4767
2205 4768
1955 4769
1683 4770
4343 4771
2312 4772
95 4773
4342 4774
4638 4775
1181 4776
1756 4777
147 4778
892 4779
1295 4780
1108 4781
1505 4782
2741 4783
240 4784
141 4785
3407 4786
1577 4787
2805 4788
3847 4789
4365 4790
900 4791
806 4792
1099 4793
1220 4794
516 4795
3650 4796
3127 4797
816 4798
3402 4799
3629 4800
3868 4801
2067 4802
1284 4803
2999 4804
2690 4805
2898 4806
1860 4807
1605 4808
3102 4809
2437 4810
310 4811
3766 4812
4299 4813
4559 4814
2108 4815
4752 4816
4439 4817
2380 4818
3316 4819
4445 4820
2942 4821
4031 4822
1768 4823
4761 4824
580 4825
3904 4826
2498 4827
230 4828
1745 4829
3357 4830
2009 4831
3779 4832
1485 4833
3809 4834
371 4835
771 4836
2264 4837
1410 4838
3194 4839
2471 4840
2338 4841
3768 4842
2521 4843
1342 4844
4592 4845
124 4846
291 4847
2952 4848
2806 4849
2240 4850
2447 4851
4643 4852
221 4853
591 4854
2191 4855
2516 4856
1101 4857
1252 4858
3430 4859
3246 4860
2808 4861
833 4862
3709 4863
732 4864
1080 4865
2905 4866
2600 4867
3442 4868
3530 4869
2075 4870
3788 4871
803 4872
2774 4873
2542 4874
3194 4875
4120 4876
272 4877
3545 4878
4598 4879
1056 4880
798 4881
2558 4882
4837 4883
4351 4884
4005 4885
3383 4886
400 4887
399 4888
4856 4889
944 4890
4187 4891
4221 4892
4608 4893
1922 4894
261 4895
4016 4896
387 4897
1061 4898
3110 4899
4596 4900
3109 4901
4641 4902
3474 4903
1152 4904
2693 4905
4531 4906
4501 4907
1065 4908
3946 4909
459 4910
108 4911
1337 4912
2172 4913
4510 4914
3864 4915
2163 4916
1986 4917
3672 4918
2479 4919
1764 4920
271 4921
4667 4922
3517 4923
1438 4924
4835 4925
1316 4926
4122 4927
3663 4928
1984 4929
3503 4930
2143 4931
4263 4932
4769 4933
4642 4934
4295 4935
4520 4936
4115 4937
1371 4938
4653 4939
2537 4940
3890 4941
1081 4942
2609 4943
374 4944
696 4945
2321 4946
4820 4947
3943 4948
274 4949
1349 4950
4334 4951
2121 4952
560 4953
2712 4954
2233 4955
4902 4956
4859 4957
1838 4958
2451 4959
282 4960
623 4961
3341 4962
2827 4963
2024 4964
3519 4965
2162 4966
2914 4967
3743 4968
3820 4969
4781 4970
2629 4971
3523 4972
501 4973
2113 4974
3183 4975
2259 4976
4864 4977
1943 4978
382 4979
1831 4980
1220 4981
1828 4982
161 4983
4602 4984
4219 4985
4894 4986
2407 4987
3992 4988
767 4989
1612 4990
2983 4991
4710 4992
2242 4993
3299 4994
3907 4995
1047 4996
1520 4997
4242 4998
111 4999
1543 5000
2219 5001
4016 5002
1034 5003
2483 5004
4700 5005
3929 5006
2093 5007
559 5008
1338 5009
4578 5010
2014 5011
4017 5012
189 5013
3176 5014
3091 5015
2434 5016
4423 5017
2382 5018
5015 5019
3770 5020
1352 5021
4108 5022
4410 5023
1124 5024
5011 5025
1988 5026
4559 5027
2213 5028
2537 5029
753 5030
1824 5031
860 5032
1338 5033
4320 5034
2027 5035
3155 5036
4563 5037
598 5038
2700 5039
3007 5040
3496 5041
951 5042
4226 5043
4442 5044
907 5045
1468 5046
1855 5047
3000 5048
497 5049
2731 5050
4058 5051
1438 5052
2151 5053
4278 5054
3974 5055
1385 5056
5027 5057
3684 5058
2789 5059
4527 5060
1909 5061
1594 5062
1030 5063
3173 5064
4690 5065
1219 5066
355 5067
4479 5068
2014 5069
2447 5070
4760 5071
3562 5072
4345 5073
95 5074
2744 5075
3735 5076
2362 5077
4352 5078
2737 5079
3199 5080
3989 5081
1901 5082
1219 5083
3 5084
4833 5085
2836 5086
4555 5087
3144 5088
1985 5089
1160 5090
5086 5091
967 5092
4390 5093
3771 5094
1285 5095
4973 5096
35 5097
1427 5098
4021 5099
1182 5100
3525 5101
2252 5102
5084 5103
2781 5104
1575 5105
2337 5106
555 5107
1105 5108
3386 5109
1922 5110
705 5111
2674 5112
2103 5113
1583 5114
5068 5115
1553 5116
1888 5117
574 5118
4001 5119
5023 5120
4681 5121
2949 5122
3946 5123
2515 5124
1606 5125
5038 5126
3736 5127
2766 5128
275 5129
969 5130
1530 5131
2435 5132
3561 5133
4731 5134
3178 5135
2924 5136
1313 5137
4882 5138
4799 5139
4305 5140
780 5141
601 5142
900 5143
114 5144
226 5145
3268 5146
2420 5147
2207 5148
1347 5149
2631 5150
1333 5151
3462 5152
1420 5153
91 5154
3563 5155
2170 5156
980 5157
4912 5158
1146 5159
2418 5160
4137 5161
4092 5162
3743 5163
4036 5164
2271 5165
3703 5166
4818 5167
2021 5168
2140 5169
4425 5170
1128 5171
3713 5172
2838 5173
2535 5174
4318 5175
1350 5176
5046 5177
1754 5178
3761 5179
85 5180
185 5181
4641 5182
76 5183
805 5184
2114 5185
1003 5186
1384 5187
3447 5188
2581 5189
125 5190
1257 5191
2360 5192
5037 5193
446 5194
2990 5195
182 5196
1060 5197
350 5198
2181 5199
3202 5200
5047 5201
3601 5202
4291 5203
3954 5204
3614 5205
2463 5206
4114 5207
2055 5208
2219 5209
3152 5210
1658 5211
3635 5212
2821 5213
2179 5214
4778 5215
4703 5216
561 5217
3500 5218
137 5219
40 5220
3955 5221
2999 5222
4265 5223
4379 5224
2631 5225
3262 5226
2343 5227
1167 5228
3711 5229
3768 5230
4766 5231
2659 5232
4638 5233
4134 5234
18 5235
2440 5236
679 5237
3453 5238
3091 5239
5068 5240
3846 5241
2324 5242
2719 5243
1168 5244
4931 5245
597 5246
2700 5247
1307 5248
4123 5249
760 5250
4473 5251
4897 5252
280 5253
5082 5254
4928 5255
1097 5256
4565 5257
720 5258
2180 5259
5253 5260
4633 5261
1066 5262
594 5263
4497 5264
5224 5265
3211 5266
3571 5267
1326 5268
3688 5269
2084 5270
4727 5271
1481 5272
1656 5273
1507 5274
2265 5275
1075 5276
1846 5277
363 5278
1848 5279
4206 5280
3963 5281
1955 5282
3611 5283
4449 5284
3642 5285
1096 5286
2922 5287
2921 5288
133 5289
692 5290
3191 5291
4267 5292
1947 5293
2293 5294
2555 5295
3559 5296
5230 5297
3844 5298
2219 5299
4985 5300
3868 5301
4292 5302
1690 5303
3785 5304
5052 5305
4016 5306
2477 5307
2703 5308
3949 5309
5173 5310
2076 5311
4412 5312
3354 5313
1586 5314
5083 5315
3589 5316
797 5317
917 5318
4931 5319
5302 5320
1489 5321
717 5322
5221 5323
1271 5324
1865 5325
4418 5326
2109 5327
4337 5328
4242 5329
932 5330
5174 5331
3741 5332
2901 5333
23 5334
5145 5335
4864 5336
136 5337
493 5338
5092 5339
1325 5340
1945 5341
5318 5342
1804 5343
4231 5344
28 5345
3071 5346
2311 5347
4187 5348
2387 5349
2318 5350
5163 5351
3394 5352
3807 5353
2690 5354
2222 5355
4946 5356
3724 5357
5104 5358
991 5359
3156 5360
393 5361
1954 5362
4043 5363
3408 5364
5170 5365
1273 5366
4545 5367
4048 5368
4543 5369
5094 5370
4478 5371
4247 5372
1384 5373
2993 5374
4980 5375
2257 5376
3375 5377
1565 5378
1472 5379
453 5380
4070 5381
2578 5382
4947 5383
3145 5384
4063 5385
2195 5386
984 5387
713 5388
4761 5389
3974 5390
4296 5391
2874 5392
3820 5393
740 5394
742 5395
3387 5396
2670 5397
2376 5398
2869 5399
3677 5400
3333 5401
664 5402
2568 5403
396 5404
3189 5405
938 5406
5006 5407
2877 5408
4636 5409
505 5410
2135 5411
4587 5412
354 5413
1398 5414
5119 5415
3089 5416
3757 5417
2024 5418
1422 5419
52 5420
2393 5421
5132 5422
4143 5423
3889 5424
4439 5425
4724 5426
5016 5427
431 5428
3237 5429
778 5430
1735 5431
5411 5432
1783 5433
574 5434
2197 5435
1484 5436
609 5437
2407 5438
1831 5439
2064 5440
5285 5441
3877 5442
2783 5443
4809 5444
3036 5445
1544 5446
333 5447
4751 5448
2799 5449
2780 5450
3899 5451
2406 5452
1824 5453
1276 5454
225 5455
5101 5456
5205 5457
5383 5458
1069 5459
4508 5460
1453 5461
1537 5462
1633 5463
4441 5464
4187 5465
2000 5466
3952 5467
2207 5468
4401 5469
1315 5470
1954 5471
2624 5472
1678 5473
3886 5474
4445 5475
2252 5476
1534 5477
3174 5478
304 5479
2780 5480
5090 5481
644 5482
1842 5483
3747 5484
2446 5485
1650 5486
1217 5487
485 5488
4038 5489
4064 5490
623 5491
5143 5492
3578 5493
2984 5494
3485 5495
5023 5496
1566 5497
1433 5498
1468 5499
3321 5500
5369 5501
5390 5502
3960 5503
1625 5504
830 5505
1235 5506
186 5507
5137 5508
1260 5509
980 5510
1164 5511
3686 5512
2302 5513
3977 5514
2795 5515
3477 5516
373 5517
4652 5518
4768 5519
912 5520
2326 5521
2716 5522
5045 5523
3104 5524
4345 5525
2029 5526
4707 5527
4717 5528
940 5529
335 5530
84 5531
3144 5532
2532 5533
1024 5534
580 5535
2171 5536
2287 5537
2528 5538
3388 5539
303 5540
5046 5541
1206 5542
4450 5543
1934 5544
192 5545
5222 5546
3939 5547
4583 5548
4626 5549
1495 5550
1628 5551
278 5552
842 5553
58 5554
1740 5555
4098 5556
1864 5557
4610 5558
2631 5559
1911 5560
5456 5561
3567 5562
2207 5563
206 5564
824 5565
1334 5566
112 5567
2900 5568
4688 5569
553 5570
679 5571
205 5572
3213 5573
1092 5574
3857 5575
1582 5576
3547 5577
635 5578
4645 5579
3161 5580
967 5581
2456 5582
5490 5583
2199 5584
2878 5585
3103 5586
4331 5587
4437 5588
58 5589
5034 5590
5568 5591
4622 5592
3051 5593
2353 5594
3629 5595
3862 5596
2952 5597
5146 5598
481 5599
731 5600
3993 5601
3619 5602
1793 5603
2268 5604
5289 5605
4566 5606
1395 5607
4647 5608
5600 5609
4608 5610
3765 5611
1087 5612
2127 5613
3631 5614
5097 5615
2347 5616
2675 5617
3015 5618
937 5619
5342 5620
5270 5621
2000 5622
3748 5623
4967 5624
2335 5625
175 5626
4213 5627
1053 5628
5475 5629
3193 5630
3064 5631
2493 5632
94 5633
2901 5634
958 5635
4813 5636
3932 5637
5591 5638
1455 5639
139 5640
3832 5641
21 5642
2332 5643
4086 5644
718 5645
1213 5646
2132 5647
1098 5648
3264 5649
5553 5650
5541 5651
768 5652
1113 5653
600 5654
1114 5655
4072 5656
3349 5657
5419 5658
4881 5659
5603 5660
307 5661
3947 5662
5159 5663
743 5664
491 5665
2700 5666
5189 5667
59 5668
541 5669
1762 5670
1659 5671
4784 5672
2324 5673
5400 5674
1369 5675
5280 5676
1456 5677
526 5678
1184 5679
5485 5680
2022 5681
2848 5682
2898 5683
2666 5684
1799 5685
1237 5686
1438 5687
1532 5688
4237 5689
3535 5690
1700 5691
54 5692
4483 5693
2284 5694
5579 5695
2815 5696
1785 5697
2595 5698
4920 5699
4948 5700
2875 5701
713 5702
2402 5703
3492 5704
1471 5705
5051 5706
1765 5707
958 5708
5239 5709
5265 5710
5596 5711
2638 5712
284 5713
3764 5714
3177 5715
4599 5716
5038 5717
3402 5718
1555 5719
1432 5720
5023 5721
394 5722
5037 5723
3556 5724
2025 5725
109 5726
3696 5727
309 5728
4413 5729
2734 5730
742 5731
1305 5732
5473 5733
4772 5734
4333 5735
2595 5736
4475 5737
1826 5738
1334 5739
4711 5740
1003 5741
3415 5742
2980 5743
5701 5744
2841 5745
4984 5746
1406 5747
3434 5748
4540 5749
935 5750
3938 5751
623 5752
4402 5753
5606 5754
2273 5755
4511 5756
5416 5757
417 5758
739 5759
499 5760
3888 5761
1720 5762
1077 5763
4086 5764
3434 5765
3844 5766
2067 5767
2836 5768
5658 5769
5697 5770
2464 5771
5085 5772
37 5773
4663 5774
4955 5775
1835 5776
1028 5777
2753 5778
1794 5779
452 5780
2533 5781
3253 5782
2425 5783
5341 5784
398 5785
2629 5786
382 5787
264 5788
3843 5789
4601 5790
759 5791
2352 5792
5335 5793
5167 5794
2865 5795
3676 5796
1887 5797
3025 5798
1590 5799
4869 5800
1204 5801
5707 5802
1108 5803
870 5804
2883 5805
4748 5806
2551 5807
3981 5808
5411 5809
1239 5810
4905 5811
2079 5812
820 5813
3264 5814
1800 5815
5274 5816
1207 5817
2107 5818
1156 5819
5265 5820
4930 5821
5655 5822
2558 5823
3426 5824
2312 5825
2194 5826
2992 5827
2995 5828
4534 5829
2201 5830
4710 5831
967 5832
4548 5833
2947 5834
281 5835
5371 5836
4003 5837
1952 5838
378 5839
5690 5840
4920 5841
188 5842
4685 5843
1895 5844
2011 5845
1417 5846
4126 5847
4835 5848
1372 5849
1048 5850
5570 5851
1924 5852
3703 5853
4391 5854
5817 5855
1446 5856
1249 5857
4212 5858
1950 5859
4917 5860
5191 5861
929 5862
5749 5863
1418 5864
5375 5865
3781 5866
4072 5867
4326 5868
5296 5869
4568 5870
2863 5871
3689 5872
2157 5873
4696 5874
2040 5875
4354 5876
3386 5877
1751 5878
1273 5879
5729 5880
4381 5881
5417 5882
2632 5883
3953 5884
520 5885
1540 5886
4584 5887
2222 5888
2425 5889
3240 5890
645 5891
1364 5892
3154 5893
116 5894
3705 5895
471 5896
858 5897
2479 5898
814 5899
2302 5900
5699 5901
5555 5902
1441 5903
4933 5904
725 5905
3595 5906
3279 5907
5698 5908
2205 5909
3355 5910
3528 5911
1850 5912
927 5913
4232 5914
4466 5915
591 5916
3017 5917
5659 5918
1276 5919
1627 5920
5531 5921
1287 5922
2323 5923
724 5924
180 5925
3460 5926
3049 5927
5132 5928
5839 5929
4381 5930
2408 5931
3258 5932
2021 5933
1723 5934
133 5935
2249 5936
1142 5937
3169 5938
2466 5939
1928 5940
2283 5941
5305 5942
5256 5943
4014 5944
5633 5945
4141 5946
2354 5947
324 5948
129 5949
3992 5950
2325 5951
3035 5952
2593 5953
3024 5954
679 5955
740 5956
2465 5957
4194 5958
2601 5959
5875 5960
1739 5961
50 5962
2694 5963
869 5964
2391 5965
1620 5966
2341 5967
4193 5968
1902 5969
4812 5970
3706 5971
2753 5972
3908 5973
4365 5974
1130 5975
3314 5976
690 5977
2021 5978
5767 5979
4087 5980
4174 5981
4402 5982
5836 5983
364 5984
1587 5985
980 5986
5206 5987
1200 5988
1190 5989
319 5990
2767 5991
569 5992
5606 5993
1510 5994
606 5995
2456 5996
5688 5997
3215 5998
4473 5999
4005 6000
4669 6001
2980 6002
5160 6003
5465 6004
4770 6005
2550 6006
744 6007
2717 6008
744 6009
1619 6010
4857 6011
2808 6012
2549 6013
4367 6014
814 6015
1692 6016
2310 6017
1225 6018
4799 6019
1338 6020
1073 6021
4304 6022
3862 6023
3867 6024
3699 6025
920 6026
2490 6027
2656 6028
2573 6029
377 6030
2399 6031
5755 6032
2880 6033
5090 6034
927 6035
2379 6036
1249 6037
3048 6038
2115 6039
3803 6040
4559 6041
43 6042
2978 6043
5346 6044
2105 6045
1965 6046
3882 6047
6026 6048
4469 6049
1839 6050
2425 6051
3240 6052
2926 6053
3577 6054
2245 6055
4295 6056
5874 6057
4505 6058
1926 6059
2326 6060
1660 6061
5247 6062
46 6063
447 6064
4882 6065
4154 6066
1912 6067
5966 6068
2605 6069
569 6070
3843 6071
3917 6072
1868 6073
978 6074
5187 6075
145 6076
554 6077
4882 6078
1007 6079
4596 6080
4846 6081
4660 6082
4135 6083
4450 6084
4170 6085
4190 6086
411 6087
2903 6088
1965 6089
3038 6090
2432 6091
327 6092
4850 6093
3532 6094
2097 6095
4271 6096
1664 6097
4673 6098
6015 6099
5830 6100
2632 6101
4650 6102
4975 6103
1533 6104
2140 6105
1802 6106
3997 6107
5936 6108
991 6109
4538 6110
6008 6111
4091 6112
848 6113
217 6114
1528 6115
4227 6116
446 6117
128 6118
5465 6119
2956 6120
1453 6121
5024 6122
2791 6123
2530 6124
3420 6125
4173 6126
3340 6127
2865 6128
3076 6129
1544 6130
423 6131
5483 6132
3932 6133
1273 6134
5030 6135
2636 6136
4529 6137
2310 6138
5893 6139
2582 6140
275 6141
1441 6142
4912 6143
3014 6144
662 6145
4940 6146
5090 6147
5054 6148
3827 6149
3234 6150
5749 6151
4379 6152
1066 6153
3597 6154
1061 6155
4001 6156
2530 6157
314 6158
89 6159
3622 6160
333 6161
5377 6162
3383 6163
5269 6164
4834 6165
5874 6166
5981 6167
942 6168
805 6169
2421 6170
5104 6171
290 6172
1603 6173
4975 6174
3508 6175
5164 6176
3137 6177
3892 6178
2697 6179
5748 6180
4177 6181
1517 6182
1347 6183
2551 6184
2961 6185
49 6186
3080 6187
3723 6188
740 6189
2485 6190
1256 6191
2341 6192
2113 6193
46 6194
2890 6195
4275 6196
1206 6197
531 6198
2488 6199
5553 6200
3557 6201
3540 6202
3743 6203
794 6204
3629 6205
1867 6206
5544 6207
5914 6208
4763 6209
3744 6210
6098 6211
3073 6212
2186 6213
2673 6214
1401 6215
4005 6216
3652 6217
4882 6218
724 6219
5986 6220
3109 6221
4527 6222
3684 6223
5435 6224
4358 6225
242 6226
3916 6227
3351 6228
3553 6229
3080 6230
4679 6231
595 6232
3699 6233
1930 6234
2202 6235
5467 6236
1668 6237
2498 6238
2445 6239
494 6240
1151 6241
5429 6242
1743 6243
1457 6244
4138 6245
4359 6246
5838 6247
2935 6248
5266 6249
4426 6250
373 6251
2276 6252
2366 6253
3916 6254
5006 6255
2500 6256
2011 6257
4304 6258
2451 6259
94 6260
1868 6261
4022 6262
601 6263
4116 6264
1416 6265
5264 6266
3701 6267
2583 6268
4840 6269
5728 6270
3675 6271
4595 6272
3949 6273
1388 6274
3486 6275
2572 6276
966 6277
2860 6278
1936 6279
414 6280
1253 6281
3142 6282
1093 6283
1343 6284
1471 6285
3867 6286
3402 6287
1943 6288
929 6289
1456 6290
5902 6291
4015 6292
2812 6293
3977 6294
5251 6295
3729 6296
3452 6297
2752 6298
5314 6299
4543 6300
3070 6301
2999 6302
4650 6303
2795 6304
3530 6305
2795 6306
1905 6307
3225 6308
806 6309
1640 6310
2169 6311
1624 6312
1931 6313
1494 6314
864 6315
1563 6316
2474 6317
4514 6318
1662 6319
3835 6320
3116 6321
2787 6322
5018 6323
1020 6324
3088 6325
1997 6326
4468 6327
6105 6328
1092 6329
3453 6330
1371 6331
2874 6332
1419 6333
1353 6334
1942 6335
3661 6336
4846 6337
2995 6338
343 6339
1970 6340
322 6341
1168 6342
396 6343
4610 6344
956 6345
4170 6346
2157 6347
2675 6348
4975 6349
108 6350
1025 6351
3124 6352
2460 6353
2039 6354
4969 6355
2265 6356
3420 6357
2788 6358
4600 6359
3900 6360
2843 6361
2040 6362
5634 6363
5980 6364
402 6365
2926 6366
356 6367
2581 6368
2365 6369
5717 6370
6202 6371
3859 6372
1199 6373
5677 6374
2098 6375
3753 6376
3792 6377
6041 6378
4824 6379
1268 6380
3770 6381
3150 6382
2528 6383
6047 6384
4475 6385
5162 6386
2638 6387
6334 6388
5124 6389
4350 6390
2351 6391
5842 6392
958 6393
3050 6394
1531 6395
5044 6396
5261 6397
4245 6398
4065 6399
915 6400
3002 6401
1343 6402
6161 6403
4673 6404
4775 6405
2122 6406
4494 6407
4233 6408
3787 6409
3448 6410
2731 6411
3070 6412
3121 6413
2250 6414
6051 6415
4558 6416
1236 6417
2700 6418
4601 6419
727 6420
808 6421
5535 6422
712 6423
3853 6424
3670 6425
2781 6426
1607 6427
1688 6428
5145 6429
4055 6430
5940 6431
4539 6432
2949 6433
3124 6434
1466 6435
4646 6436
4037 6437
2014 6438
336 6439
6212 6440
3466 6441
643 6442
1652 6443
3480 6444
552 6445
5024 6446
1370 6447
6219 6448
5720 6449
6266 6450
4518 6451
5019 6452
1707 6453
416 6454
2937 6455
951 6456
409 6457
3961 6458
6395 6459
3369 6460
54 6461
6293 6462
3359 6463
2315 6464
1650 6465
4587 6466
6022 6467
4811 6468
3200 6469
1228 6470
4835 6471
3569 6472
3227 6473
5300 6474
2816 6475
2322 6476
3847 6477
3556 6478
5535 6479
4954 6480
5736 6481
3274 6482
3200 6483
933 6484
1847 6485
1201 6486
1292 6487
632 6488
829 6489
3 6490
5484 6491
260 6492
4648 6493
2800 6494
5953 6495
2437 6496
3077 6497
29 6498
935 6499
5368 6500
683 6501
1087 6502
997 6503
3707 6504
2005 6505
1538 6506
5376 6507
1195 6508
4112 6509
4337 6510
5283 6511
1957 6512
1665 6513
1438 6514
5218 6515
612 6516
3408 6517
386 6518
1099 6519
1338 6520
2307 6521
5459 6522
1634 6523
1096 6524
6081 6525
1717 6526
6390 6527
1007 6528
2799 6529
5894 6530
963 6531
409 6532
2803 6533
6509 6534
4037 6535
2180 6536
1694 6537
3851 6538
4680 6539
3283 6540
3024 6541
2712 6542
6276 6543
5046 6544
4586 6545
1700 6546
2533 6547
5271 6548
3210 6549
2836 6550
3800 6551
2318 6552
1092 6553
1251 6554
2148 6555
5332 6556
2055 6557
3678 6558
770 6559
3332 6560
5577 6561
2237 6562
5716 6563
891 6564
5789 6565
1060 6566
4159 6567
1398 6568
5945 6569
894 6570
834 6571
3711 6572
5130 6573
1035 6574
1041 6575
5861 6576
4720 6577
937 6578
3967 6579
1849 6580
5894 6581
4683 6582
6329 6583
5164 6584
757 6585
1786 6586
5511 6587
5798 6588
2491 6589
5867 6590
2628 6591
4438 6592
1445 6593
4972 6594
2977 6595
1452 6596
4003 6597
1146 6598
5971 6599
2764 6600
269 6601
4031 6602
2343 6603
684 6604
3922 6605
3402 6606
1085 6607
496 6608
2884 6609
25 6610
1464 6611
372 6612
5091 6613
3741 6614
940 6615
4262 6616
4520 6617
3273 6618
3848 6619
4946 6620
1907 6621
3011 6622
1465 6623
4976 6624
4310 6625
3622 6626
6498 6627
1826 6628
558 6629
5145 6630
5254 6631
2733 6632
5424 6633
3701 6634
5523 6635
1936 6636
1843 6637
5483 6638
907 6639
2036 6640
2783 6641
6307 6642
1939 6643
2716 6644
4802 6645
5343 6646
3328 6647
2127 6648
5277 6649
6130 6650
738 6651
2961 6652
5667 6653
3479 6654
1388 6655
3851 6656
2756 6657
4846 6658
1587 6659
305 6660
5840 6661
3775 6662
2834 6663
3907 6664
292 6665
6152 6666
5270 6667
2350 6668
5028 6669
6490 6670
6315 6671
5264 6672
3924 6673
3043 6674
4638 6675
3216 6676
1328 6677
6568 6678
871 6679
637 6680
5134 6681
2919 6682
6097 6683
5958 6684
1032 6685
5855 6686
3241 6687
547 6688
1922 6689
3681 6690
1051 6691
100 6692
4216 6693
5385 6694
402 6695
5875 6696
1663 6697
1136 6698
2185 6699
2492 6700
688 6701
919 6702
3425 6703
4061 6704
4315 6705
4999 6706
4980 6707
3329 6708
6418 6709
6539 6710
4291 6711
5714 6712
5995 6713
1133 6714
3265 6715
2012 6716
3434 6717
6222 6718
2102 6719
146 6720
6676 6721
5322 6722
4654 6723
1769 6724
6540 6725
1681 6726
3610 6727
4851 6728
3297 6729
1478 6730
4919 6731
4253 6732
6473 6733
4143 6734
2998 6735
2251 6736
5685 6737
1620 6738
645 6739
1195 6740
3714 6741
4036 6742
395 6743
6706 6744
825 6745
6182 6746
601 6747
2407 6748
4344 6749
5269 6750
6320 6751
1807 6752
1932 6753
285 6754
6537 6755
4347 6756
4563 6757
5358 6758
2622 6759
5227 6760
3979 6761
5058 6762
2693 6763
6684 6764
1605 6765
4100 6766
2154 6767
550 6768
1163 6769
3399 6770
1607 6771
2227 6772
5332 6773
5302 6774
37 6775
2159 6776
3846 6777
3095 6778
2526 6779
6471 6780
5142 6781
6173 6782
4848 6783
2561 6784
2987 6785
4517 6786
2636 6787
2628 6788
3307 6789
1737 6790
5213 6791
3928 6792
5355 6793
3029 6794
2435 6795
2487 6796
3065 6797
6025 6798
5544 6799
4226 6800
1351 6801
4986 6802
5836 6803
4841 6804
5075 6805
1701 6806
903 6807
1083 6808
6447 6809
2751 6810
6452 6811
4596 6812
2803 6813
6565 6814
2576 6815
4338 6816
781 6817
6619 6818
1908 6819
3788 6820
890 6821
1806 6822
2883 6823
5450 6824
6392 6825
3665 6826
3252 6827
5508 6828
128 6829
6088 6830
55 6831
70 6832
4104 6833
6264 6834
2416 6835
1423 6836
1395 6837
4066 6838
5889 6839
1861 6840
111 6841
886 6842
6783 6843
6107 6844
1998 6845
1395 6846
4344 6847
1047 6848
5385 6849
4045 6850
1228 6851
4296 6852
3868 6853
1022 6854
6687 6855
4700 6856
4996 6857
3284 6858
5720 6859
4594 6860
3329 6861
4242 6862
3966 6863
3273 6864
417 6865
6147 6866
2261 6867
5121 6868
5438 6869
3267 6870
162 6871
3570 6872
3141 6873
2695 6874
4890 6875
5791 6876
5108 6877
4531 6878
4615 6879
5816 6880
4090 6881
1809 6882
2207 6883
5586 6884
4670 6885
2984 6886
6734 6887
6795 6888
6616 6889
5383 6890
5891 6891
3911 6892
3435 6893
120 6894
2352 6895
425 6896
4805 6897
5719 6898
2815 6899
5086 6900
3325 6901
4010 6902
3833 6903
5334 6904
2288 6905
4954 6906
446 6907
1311 6908
3243 6909
1552 6910
6372 6911
4758 6912
3676 6913
3602 6914
958 6915
4191 6916
3006 6917
5695 6918
396 6919
3400 6920
6807 6921
5149 6922
4777 6923
5631 6924
5414 6925
5807 6926
6478 6927
2577 6928
267 6929
5954 6930
1783 6931
5623 6932
4330 6933
4114 6934
4298 6935
4681 6936
5824 6937
6097 6938
4539 6939
6436 6940
2601 6941
3622 6942
1823 6943
5338 6944
4719 6945
1877 6946
4466 6947
277 6948
4371 6949
5468 6950
1567 6951
2981 6952
4380 6953
971 6954
66 6955
2501 6956
2269 6957
3158 6958
6801 6959
6418 6960
4462 6961
2496 6962
5929 6963
1366 6964
433 6965
1903 6966
3100 6967
2180 6968
1944 6969
6698 6970
3695 6971
1163 6972
6963 6973
5330 6974
2151 6975
1374 6976
6543 6977
6867 6978
6251 6979
3122 6980
1564 6981
5271 6982
1507 6983
5257 6984
3410 6985
2866 6986
100 6987
97 6988
1255 6989
2902 6990
249 6991
6036 6992
6746 6993
4623 6994
2919 6995
2421 6996
1845 6997
3132 6998
1047 6999
327 7000
1746 7001
835 7002
2297 7003
2902 7004
5631 7005
4236 7006
3622 7007
5914 7008
376 7009
5997 7010
773 7011
2998 7012
5447 7013
395 7014
3397 7015
3311 7016
6919 7017
2307 7018
4534 7019
2924 7020
6126 7021
1758 7022
4170 7023
5317 7024
3659 7025
1638 7026
317 7027
4476 7028
2519 7029
6587 7030
1456 7031
2889 7032
388 7033
1248 7034
5765 7035
109 7036
2983 7037
5401 7038
3430 7039
146 7040
3360 7041
1312 7042
5304 7043
3691 7044
3194 7045
1905 7046
4527 7047
2258 7048
4597 7049
6962 7050
6420 7051
2134 7052
5153 7053
848 7054
2984 7055
6253 7056
4276 7057
7034 7058
3135 7059
3860 7060
5644 7061
4821 7062
4365 7063
6929 7064
2268 7065
4679 7066
789 7067
4086 7068
6724 7069
2708 7070
5967 7071
2219 7072
4613 7073
6390 7074
6643 7075
4853 7076
878 7077
4458 7078
5923 7079
2797 7080
5114 7081
2737 7082
125 7083
4680 7084
4004 7085
6820 7086
3516 7087
3061 7088
31 7089
4867 7090
3990 7091
5567 7092
1295 7093
196 7094
5505 7095
3979 7096
4591 7097
1140 7098
5073 7099
1882 7100
712 7101
4372 7102
1653 7103
4263 7104
3834 7105
2491 7106
880 7107
1252 7108
4449 7109
3747 7110
1559 7111
4709 7112
1188 7113
3633 7114
1346 7115
3661 7116
5435 7117
5555 7118
5329 7119
6541 7120
5337 7121
4398 7122
1790 7123
4912 7124
5029 7125
4110 7126
2005 7127
1254 7128
102 7129
6231 7130
5992 7131
6885 7132
6826 7133
2872 7134
1416 7135
34 7136
3291 7137
3931 7138
2027 7139
6296 7140
449 7141
3036 7142
1242 7143
2255 7144
4292 7145
5513 7146
4976 7147
3798 7148
666 7149
6910 7150
1093 7151
7032 7152
3480 7153
6453 7154
3709 7155
5732 7156
2281 7157
4485 7158
5620 7159
3083 7160
1302 7161
1102 7162
3088 7163
6251 7164
4917 7165
4035 7166
6294 7167
5621 7168
3965 7169
1818 7170
1603 7171
1723 7172
4704 7173
637 7174
6555 7175
4697 7176
253 7177
2913 7178
3567 7179
3239 7180
5183 7181
4277 7182
1239 7183
1468 7184
1887 7185
3151 7186
5134 7187
2148 7188
2240 7189
6172 7190
5986 7191
6551 7192
296 7193
5466 7194
1769 7195
4645 7196
5957 7197
5387 7198
3321 7199
2122 7200
4281 7201
7010 7202
5569 7203
4969 7204
6036 7205
5272 7206
4974 7207
5537 7208
6028 7209
1461 7210
6976 7211
54 7212
2650 7213
3596 7214
194 7215
1912 7216
1805 7217
818 7218
5864 7219
3224 7220
2701 7221
6608 7222
4194 7223
3622 7224
1373 7225
3235 7226
5402 7227
3077 7228
1730 7229
1731 7230
1752 7231
2310 7232
6188 7233
500 7234
647 7235
5993 7236
6953 7237
2436 7238
2026 7239
2118 7240
2532 7241
2317 7242
4582 7243
4515 7244
6870 7245
2431 7246
4292 7247
2960 7248
3283 7249
5867 7250
2159 7251
876 7252
4060 7253
3489 7254
6873 7255
3811 7256
1702 7257
205 7258
5368 7259
4197 7260
4115 7261
5536 7262
7049 7263
2707 7264
6922 7265
7087 7266
59 7267
3906 7268
3403 7269
4091 7270
3256 7271
846 7272
3599 7273
4357 7274
4786 7275
4127 7276
4141 7277
6851 7278
229 7279
1954 7280
5015 7281
5779 7282
6176 7283
1181 7284
6624 7285
5091 7286
6748 7287
4701 7288
3684 7289
3015 7290
5121 7291
4022 7292
267 7293
4280 7294
6228 7295
6334 7296
393 7297
1983 7298
1845 7299
4649 7300
4601 7301
2565 7302
5440 7303
4051 7304
274 7305
3564 7306
6624 7307
1667 7308
7110 7309
4205 7310
2068 7311
7287 7312
1746 7313
4188 7314
2506 7315
2509 7316
4256 7317
285 7318
5901 7319
6113 7320
6651 7321
2531 7322
5056 7323
3477 7324
3245 7325
2900 7326
3120 7327
3525 7328
3948 7329
46 7330
4536 7331
5445 7332
2912 7333
6867 7334
7100 7335
4874 7336
503 7337
5037 7338
998 7339
227 7340
3811 7341
848 7342
2527 7343
4268 7344
4116 7345
500 7346
5288 7347
1461 7348
4931 7349
6063 7350
5599 7351
6636 7352
3785 7353
2320 7354
7055 7355
3585 7356
6046 7357
5797 7358
2645 7359
6922 7360
2946 7361
4565 7362
6586 7363
3132 7364
6162 7365
451 7366
3434 7367
4864 7368
626 7369
3400 7370
842 7371
1681 7372
2589 7373
4858 7374
5969 7375
4068 7376
6020 7377
3077 7378
2479 7379
4172 7380
5362 7381
5874 7382
6731 7383
6669 7384
3442 7385
6633 7386
1881 7387
6224 7388
4612 7389
6407 7390
2214 7391
6107 7392
2695 7393
6422 7394
1412 7395
5294 7396
557 7397
1224 7398
6811 7399
2436 7400
6101 7401
6257 7402
3229 7403
6893 7404
2409 7405
3186 7406
5878 7407
322 7408
3132 7409
3767 7410
4173 7411
3353 7412
1550 7413
7012 7414
1376 7415
7283 7416
4884 7417
3579 7418
1542 7419
4617 7420
2395 7421
3557 7422
4704 7423
4960 7424
4194 7425
1547 7426
2507 7427
1635 7428
685 7429
2633 7430
7023 7431
1794 7432
1633 7433
7076 7434
3108 7435
3320 7436
4546 7437
7241 7438
6775 7439
1880 7440
4305 7441
6768 7442
2483 7443
366 7444
2698 7445
6873 7446
5875 7447
2901 7448
3523 7449
1022 7450
424 7451
72 7452
1396 7453
2546 7454
3296 7455
5712 7456
2108 7457
1310 7458
1507 7459
3645 7460
6119 7461
6382 7462
1340 7463
1319 7464
3029 7465
5121 7466
3328 7467
3517 7468
2876 7469
6394 7470
1342 7471
1782 7472
961 7473
2961 7474
120 7475
2653 7476
6427 7477
1968 7478
4282 7479
2145 7480
5809 7481
7076 7482
1941 7483
5172 7484
5018 7485
7288 7486
3606 7487
2213 7488
4366 7489
402 7490
7086 7491
5842 7492
2579 7493
1798 7494
6596 7495
3043 7496
2142 7497
6285 7498
2669 7499
1957 7500
2249 7501
4768 7502
6619 7503
3453 7504
1340 7505
1197 7506
878 7507
3815 7508
964 7509
4677 7510
4760 7511
6858 7512
2186 7513
6790 7514
2101 7515
5501 7516
30 7517
6060 7518
4217 7519
1207 7520
1043 7521
996 7522
2602 7523
4965 7524
376 7525
2220 7526
572 7527
3199 7528
4441 7529
2929 7530
5189 7531
5441 7532
5107 7533
2654 7534
3473 7535
2954 7536
4261 7537
3306 7538
6790 7539
4185 7540
7330 7541
1922 7542
3855 7543
4628 7544
2937 7545
6570 7546
3196 7547
7224 7548
7432 7549
4978 7550
5373 7551
6298 7552
6496 7553
878 7554
2767 7555
724 7556
5187 7557
4382 7558
728 7559
3920 7560
1494 7561
5788 7562
798 7563
2531 7564
4617 7565
6251 7566
7240 7567
4637 7568
6731 7569
7004 7570
4731 7571
5424 7572
1974 7573
4714 7574
2767 7575
7078 7576
612 7577
2548 7578
1422 7579
2828 7580
1235 7581
6988 7582
1545 7583
4913 7584
2483 7585
174 7586
6804 7587
739 7588
5803 7589
5083 7590
2398 7591
7360 7592
2113 7593
7364 7594
303 7595
6726 7596
562 7597
6448 7598
1445 7599
3870 7600
69 7601
7395 7602
6581 7603
6102 7604
2325 7605
6770 7606
3882 7607
1263 7608
6184 7609
3576 7610
4055 7611
1103 7612
1087 7613
1946 7614
1616 7615
3449 7616
4697 7617
7396 7618
3599 7619
2090 7620
4804 7621
2347 7622
4483 7623
5985 7624
751 7625
507 7626
6455 7627
6347 7628
1273 7629
3772 7630
6632 7631
496 7632
4969 7633
106 7634
6751 7635
314 7636
2319 7637
880 7638
4566 7639
4707 7640
3425 7641
7048 7642
3666 7643
5736 7644
5631 7645
2720 7646
50 7647
6870 7648
7625 7649
6326 7650
4036 7651
3271 7652
6730 7653
5875 7654
3900 7655
506 7656
1454 7657
6466 7658
3439 7659
4311 7660
2549 7661
7466 7662
6971 7663
1697 7664
2856 7665
1214 7666
6211 7667
5594 7668
7243 7669
4501 7670
4040 7671
7624 7672
1110 7673
3684 7674
7452 7675
6075 7676
2426 7677
2645 7678
4451 7679
5977 7680
4772 7681
464 7682
6315 7683
4517 7684
354 7685
1113 7686
7670 7687
1675 7688
7440 7689
3728 7690
4308 7691
264 7692
5837 7693
4220 7694
984 7695
3762 7696
6046 7697
2965 7698
5069 7699
6651 7700
3821 7701
4866 7702
6543 7703
4244 7704
2916 7705
5387 7706
3177 7707
655 7708
4708 7709
4127 7710
877 7711
3598 7712
2552 7713
4049 7714
7171 7715
743 7716
1447 7717
4092 7718
4102 7719
2961 7720
7175 7721
4404 7722
224 7723
764 7724
6049 7725
6966 7726
4117 7727
1810 7728
481 7729
3706 7730
623 7731
183 7732
5311 7733
5818 7734
1320 7735
3789 7736
6428 7737
5455 7738
6411 7739
1455 7740
6535 7741
6120 7742
5015 7743
6416 7744
7353 7745
6901 7746
1616 7747
762 7748
5388 7749
5985 7750
3451 7751
406 7752
4301 7753
6098 7754
5852 7755
2725 7756
2321 7757
7555 7758
6911 7759
839 7760
7230 7761
7528 7762
109 7763
5747 7764
3989 7765
1842 7766
182 7767
5679 7768
2190 7769
628 7770
437 7771
6174 7772
2819 7773
5166 7774
3117 7775
3353 7776
7007 7777
5640 7778
4206 7779
3837 7780
5563 7781
901 7782
3778 7783
4510 7784
2589 7785
6769 7786
7232 7787
499 7788
3908 7789
3212 7790
7761 7791
6309 7792
727 7793
5568 7794
645 7795
3598 7796
3676 7797
2236 7798
1836 7799
5432 7800
6218 7801
807 7802
3986 7803
2681 7804
4904 7805
1540 7806
4934 7807
3526 7808
3864 7809
28 7810
1534 7811
6535 7812
2820 7813
3036 7814
2581 7815
7611 7816
6629 7817
6488 7818
6685 7819
3639 7820
6039 7821
1694 7822
3370 7823
2799 7824
4215 7825
2656 7826
5149 7827
2070 7828
5257 7829
6171 7830
1127 7831
4878 7832
488 7833
3715 7834
5743 7835
4175 7836
3492 7837
396 7838
6079 7839
6176 7840
2263 7841
5028 7842
3456 7843
260 7844
4882 7845
3453 7846
4263 7847
1248 7848
7836 7849
2323 7850
1939 7851
5282 7852
5477 7853
2673 7854
5439 7855
4679 7856
4212 7857
866 7858
849 7859
6080 7860
6329 7861
5786 7862
1243 7863
6076 7864
1306 7865
5264 7866
6730 7867
2008 7868
2277 7869
5740 7870
228 7871
1700 7872
2048 7873
1748 7874
5330 7875
3041 7876
1264 7877
2994 7878
2709 7879
3002 7880
7464 7881
3671 7882
3104 7883
1686 7884
7427 7885
4711 7886
2213 7887
7132 7888
1710 7889
4228 7890
5032 7891
3879 7892
2316 7893
2942 7894
6380 7895
3783 7896
732 7897
1885 7898
7120 7899
1384 7900
5056 7901
7884 7902
4842 7903
6553 7904
6358 7905
6131 7906
2956 7907
1011 7908
7201 7909
3887 7910
7589 7911
7480 7912
5483 7913
3888 7914
1276 7915
6006 7916
1799 7917
2389 7918
86 7919
3 7920
2900 7921
7436 7922
3235 7923
2517 7924
3434 7925
678 7926
819 7927
7582 7928
4462 7929
151 7930
4850 7931
356 7932
2509 7933
6661 7934
7168 7935
1887 7936
7391 7937
3627 7938
691 7939
3737 7940
3959 7941
3281 7942
4489 7943
6766 7944
3326 7945
4113 7946
402 7947
1431 7948
4088 7949
7934 7950
6479 7951
5837 7952
7224 7953
5988 7954
7525 7955
909 7956
7361 7957
1790 7958
7692 7959
5756 7960
995 7961
3387 7962
847 7963
3375 7964
1755 7965
3671 7966
6577 7967
4758 7968
6214 7969
1052 7970
4191 7971
7165 7972
414 7973
4162 7974
160 7975
4433 7976
3635 7977
3212 7978
679 7979
4935 7980
1696 7981
1825 7982
4361 7983
2618 7984
6941 7985
2694 7986
4455 7987
7478 7988
6489 7989
1396 7990
1092 7991
633 7992
4852 7993
4293 7994
7790 7995
5994 7996
5960 7997
5069 7998
5091 7999
6919 8000
2933 8001
3029 8002
3317 8003
7505 8004
7126 8005
7824 8006
1978 8007
2088 8008
1438 8009
7688 8010
8009 8011
341 8012
4024 8013
5142 8014
3089 8015
2973 8016
4007 8017
7849 8018
7092 8019
5511 8020
7406 8021
4220 8022
2751 8023
5222 8024
4196 8025
740 8026
5097 8027
2056 8028
6980 8029
5199 8030
1083 8031
1969 8032
6819 8033
140 8034
7016 8035
655 8036
1741 8037
6388 8038
5126 8039
5049 8040
3584 8041
6704 8042
6279 8043
7466 8044
5688 8045
5004 8046
7678 8047
1882 8048
3355 8049
4553 8050
265 8051
5330 8052
7618 8053
1756 8054
2320 8055
5127 8056
4245 8057
1803 8058
7949 8059
1840 8060
1701 8061
2688 8062
456 8063
4220 8064
243 8065
7124 8066
7137 8067
1324 8068
7109 8069
3196 8070
6635 8071
4658 8072
2153 8073
2158 8074
2672 8075
2725 8076
4518 8077
7659 8078
2661 8079
7631 8080
5366 8081
4843 8082
170 8083
3379 8084
3936 8085
5964 8086
3503 8087
4942 8088
4534 8089
6858 8090
2988 8091
3603 8092
1629 8093
3433 8094
931 8095
2600 8096
1535 8097
5933 8098
7407 8099
2520 8100
60 8101
4277 8102
4378 8103
538 8104
8006 8105
3837 8106
751 8107
2354 8108
498 8109
575 8110
2288 8111
1635 8112
3657 8113
6815 8114
4995 8115
304 8116
2579 8117
186 8118
6364 8119
3870 8120
5084 8121
853 8122
3094 8123
4665 8124
2890 8125
3009 8126
967 8127
2446 8128
5836 8129
6056 8130
7617 8131
6498 8132
1156 8133
7481 8134
1591 8135
5095 8136
4240 8137
3390 8138
3846 8139
3450 8140
2570 8141
7651 8142
3845 8143
7344 8144
5342 8145
803 8146
7198 8147
881 8148
1767 8149
5447 8150
2750 8151
6411 8152
7229 8153
6367 8154
6622 8155
4 8156
7802 8157
7772 8158
1328 8159
8084 8160
269 8161
7493 8162
3364 8163
1064 8164
280 8165
6364 8166
7332 8167
4338 8168
7545 8169
1352 8170
7004 8171
4150 8172
6122 8173
7023 8174
3432 8175
6323 8176
4745 8177
2588 8178
4334 8179
5653 8180
1001 8181
3948 8182
1605 8183
7337 8184
7220 8185
5154 8186
3017 8187
7799 8188
6373 8189
1984 8190
5531 8191
2622 8192
4153 8193
6881 8194
5091 8195
7290 8196
478 8197
1971 8198
4507 8199
7485 8200
2929 8201
5877 8202
7824 8203
523 8204
5447 8205
3325 8206
3110 8207
4227 8208
681 8209
7983 8210
6173 8211
2856 8212
7198 8213
1980 8214
2700 8215
2423 8216
990 8217
5811 8218
7479 8219
3141 8220
1111 8221
8048 8222
2120 8223
776 8224
4705 8225
7393 8226
756 8227
3419 8228
3945 8229
1420 8230
3965 8231
2633 8232
2135 8233
7536 8234
7127 8235
5716 8236
5461 8237
408 8238
6646 8239
7927 8240
352 8241
1785 8242
1599 8243
2868 8244
7038 8245
2009 8246
1927 8247
7120 8248
1785 8249
4413 8250
1165 8251
6882 8252
2357 8253
6614 8254
5270 8255
3929 8256
2616 8257
7048 8258
5531 8259
1 8260
1779 8261
5651 8262
7520 8263
3005 8264
5849 8265
1269 8266
1707 8267
4044 8268
3711 8269
281 8270
1276 8271
2310 8272
4425 8273
6853 8274
6170 8275
3999 8276
4917 8277
7336 8278
267 8279
2365 8280
6182 8281
7218 8282
3824 8283
5364 8284
2000 8285
7075 8286
3694 8287
7387 8288
3816 8289
3100 8290
7907 8291
208 8292
8063 8293
2697 8294
2859 8295
8050 8296
3386 8297
1831 8298
2462 8299
3136 8300
6240 8301
4885 8302
441 8303
5220 8304
396 8305
6740 8306
106 8307
4544 8308
2459 8309
1563 8310
7527 8311
731 8312
7640 8313
6983 8314
8158 8315
5712 8316
7311 8317
4745 8318
3044 8319
169 8320
4288 8321
3670 8322
785 8323
6955 8324
6100 8325
5984 8326
5100 8327
6473 8328
997 8329
253 8330
7057 8331
4182 8332
737 8333
5922 8334
918 8335
6491 8336
3911 8337
6070 8338
7230 8339
7573 8340
5049 8341
848 8342
5310 8343
7693 8344
3044 8345
6299 8346
1769 8347
8155 8348
6904 8349
4603 8350
3361 8351
2562 8352
565 8353
5107 8354
191 8355
3629 8356
7649 8357
580 8358
149 8359
1511 8360
2218 8361
2039 8362
6216 8363
324 8364
3456 8365
8225 8366
7139 8367
2102 8368
1425 8369
7717 8370
6752 8371
7432 8372
3824 8373
6132 8374
254 8375
3469 8376
5665 8377
3406 8378
2317 8379
5602 8380
821 8381
2233 8382
7776 8383
6833 8384
6759 8385
1467 8386
7594 8387
1267 8388
2119 8389
7465 8390
5157 8391
973 8392
4872 8393
6582 8394
8134 8395
6708 8396
5544 8397
4427 8398
2889 8399
7359 8400
537 8401
3444 8402
5077 8403
1973 8404
5937 8405
4800 8406
7969 8407
5307 8408
3195 8409
4820 8410
7359 8411
2108 8412
5871 8413
5775 8414
7427 8415
2897 8416
5850 8417
6291 8418
1921 8419
208 8420
2556 8421
2408 8422
2974 8423
4745 8424
3396 8425
2708 8426
4520 8427
160 8428
7287 8429
1824 8430
6334 8431
5742 8432
4335 8433
558 8434
855 8435
811 8436
6871 8437
6120 8438
79 8439
3863 8440
955 8441
8294 8442
8113 8443
7839 8444
6131 8445
4068 8446
7667 8447
6551 8448
4699 8449
3183 8450
3084 8451
4176 8452
1118 8453
5345 8454
6525 8455
1580 8456
412 8457
7513 8458
7951 8459
5414 8460
5245 8461
2720 8462
7869 8463
1453 8464
2196 8465
7054 8466
4550 8467
5606 8468
7437 8469
3833 8470
92 8471
2660 8472
1437 8473
5614 8474
1580 8475
8358 8476
1928 8477
3026 8478
252 8479
5282 8480
5106 8481
1393 8482
5723 8483
4731 8484
145 8485
4331 8486
3489 8487
792 8488
7623 8489
7426 8490
5628 8491
1224 8492
4165 8493
7974 8494
1356 8495
4638 8496
6022 8497
3728 8498
7508 8499
686 8500
7529 8501
4526 8502
856 8503
2799 8504
6364 8505
1057 8506
2351 8507
1448 8508
2553 8509
6263 8510
6518 8511
594 8512
5282 8513
4035 8514
7272 8515
6600 8516
3528 8517
1435 8518
4011 8519
7466 8520
6863 8521
5144 8522
2405 8523
5949 8524
7452 8525
1019 8526
4764 8527
6433 8528
7935 8529
4894 8530
2948 8531
1479 8532
1219 8533
8029 8534
184 8535
7604 8536
5559 8537
2394 8538
6006 8539
7203 8540
529 8541
3648 8542
2488 8543
710 8544
2002 8545
1895 8546
7661 8547
6918 8548
3244 8549
2799 8550
3073 8551
270 8552
1440 8553
1596 8554
5441 8555
3346 8556
2305 8557
2276 8558
547 8559
8312 8560
8396 8561
6762 8562
925 8563
5631 8564
8097 8565
4285 8566
6269 8567
3194 8568
4661 8569
3563 8570
1404 8571
1176 8572
6310 8573
5306 8574
3731 8575
5261 8576
675 8577
6813 8578
5844 8579
8249 8580
30 8581
7561 8582
4934 8583
8283 8584
5255 8585
1507 8586
5930 8587
5323 8588
3541 8589
1070 8590
6373 8591
4401 8592
3036 8593
573 8594
3272 8595
6048 8596
4754 8597
4326 8598
2483 8599
5814 8600
6366 8601
3468 8602
8164 8603
5507 8604
3261 8605
5019 8606
8550 8607
7492 8608
7654 8609
3969 8610
128 8611
1007 8612
1011 8613
3808 8614
742 8615
7551 8616
336 8617
2273 8618
4904 8619
5715 8620
7227 8621
604 8622
2144 8623
1534 8624
1442 8625
8545 8626
507 8627
762 8628
6014 8629
2747 8630
6298 8631
4868 8632
2061 8633
4260 8634
6515 8635
4597 8636
6120 8637
5883 8638
2769 8639
4976 8640
6689 8641
94 8642
8332 8643
514 8644
940 8645
2959 8646
2387 8647
7922 8648
836 8649
2165 8650
1867 8651
4146 8652
6924 8653
344 8654
582 8655
4593 8656
2673 8657
2473 8658
1579 8659
2507 8660
1182 8661
1352 8662
7061 8663
2503 8664
2787 8665
1871 8666
5748 8667
6355 8668
4915 8669
1363 8670
653 8671
6058 8672
3316 8673
1856 8674
7186 8675
4588 8676
1673 8677
5824 8678
3292 8679
8589 8680
5594 8681
362 8682
4719 8683
7599 8684
1195 8685
5822 8686
2504 8687
2396 8688
2896 8689
4836 8690
3522 8691
2852 8692
1579 8693
6179 8694
2977 8695
1433 8696
3237 8697
6886 8698
5333 8699
290 8700
2559 8701
2462 8702
8168 8703
7699 8704
8662 8705
363 8706
1889 8707
960 8708
7814 8709
8543 8710
428 8711
5844 8712
6331 8713
638 8714
300 8715
6153 8716
1704 8717
1657 8718
4418 8719
7736 8720
4574 8721
4523 8722
3874 8723
7780 8724
5192 8725
3470 8726
8513 8727
6091 8728
7896 8729
6722 8730
3869 8731
4993 8732
7402 8733
5147 8734
5087 8735
2487 8736
4187 8737
7904 8738
8083 8739
3984 8740
4964 8741
6213 8742
4102 8743
8000 8744
5411 8745
6839 8746
4924 8747
8707 8748
566 8749
5490 8750
1577 8751
248 8752
582 8753
5470 8754
1587 8755
4508 8756
1114 8757
1463 8758
1349 8759
3234 8760
8320 8761
7207 8762
3476 8763
67 8764
236 8765
5756 8766
6470 8767
5026 8768
7793 8769
7434 8770
7658 8771
2821 8772
2976 8773
5238 8774
7788 8775
8074 8776
7325 8777
4223 8778
7259 8779
3140 8780
1613 8781
2386 8782
6065 8783
6770 8784
7089 8785
3648 8786
4958 8787
6357 8788
6693 8789
1288 8790
8362 8791
7251 8792
2995 8793
3920 8794
6938 8795
8403 8796
8237 8797
2 8798
5001 8799
5595 8800
6385 8801
2839 8802
2518 8803
5489 8804
3207 8805
6367 8806
2608 8807
7650 8808
5079 8809
5724 8810
5517 8811
1088 8812
5719 8813
1579 8814
556 8815
7548 8816
679 8817
5878 8818
716 8819
7573 8820
3400 8821
3238 8822
5550 8823
7893 8824
5610 8825
6847 8826
6366 8827
5967 8828
127 8829
3996 8830
5011 8831
5518 8832
1305 8833
4461 8834
1316 8835
3602 8836
1926 8837
8069 8838
1639 8839
8460 8840
8426 8841
8676 8842
7662 8843
2722 8844
6442 8845
974 8846
7734 8847
1441 8848
395 8849
4884 8850
4984 8851
2719 8852
8746 8853
5376 8854
410 8855
7196 8856
1744 8857
3440 8858
468 8859
518 8860
237 8861
7135 8862
6898 8863
2180 8864
6899 8865
5266 8866
1233 8867
8798 8868
1302 8869
1740 8870
2708 8871
1441 8872
2126 8873
6409 8874
5501 8875
7254 8876
7174 8877
4421 8878
1342 8879
3491 8880
3729 8881
1350 8882
186 8883
6937 8884
5856 8885
6446 8886
6452 8887
2462 8888
980 8889
6021 8890
8173 8891
6524 8892
6920 8893
4921 8894
3013 8895
1074 8896
1612 8897
8540 8898
6140 8899
8283 8900
15 8901
8406 8902
1752 8903
7035 8904
8622 8905
5269 8906
8005 8907
8249 8908
916 8909
7504 8910
199 8911
3841 8912
1470 8913
6647 8914
2786 8915
1399 8916
3229 8917
4968 8918
4089 8919
586 8920
2805 8921
2890 8922
5462 8923
6726 8924
4764 8925
7708 8926
3692 8927
4767 8928
5278 8929
667 8930
5572 8931
8190 8932
6299 8933
5111 8934
4307 8935
5710 8936
7601 8937
5146 8938
6504 8939
2736 8940
3251 8941
3127 8942
3202 8943
373 8944
5810 8945
1032 8946
3637 8947
1112 8948
8083 8949
4525 8950
7729 8951
6130 8952
4107 8953
6868 8954
4936 8955
7816 8956
7436 8957
7332 8958
5050 8959
5439 8960
4433 8961
8927 8962
180 8963
8404 8964
6596 8965
2878 8966
4484 8967
4420 8968
978 8969
7678 8970
3767 8971
6522 8972
1995 8973
4525 8974
8493 8975
6129 8976
8273 8977
5250 8978
7014 8979
8823 8980
8834 8981
7803 8982
1584 8983
8443 8984
4228 8985
8446 8986
4479 8987
1246 8988
1022 8989
7452 8990
6387 8991
3611 8992
4885 8993
6349 8994
6648 8995
8500 8996
5067 8997
867 8998
5380 8999
5444 9000
473 9001
5991 9002
2693 9003
2835 9004
1168 9005
5608 9006
8955 9007
5910 9008
6715 9009
41 9010
7003 9011
212 9012
2208 9013
7406 9014
4360 9015
6191 9016
72 9017
1655 9018
7605 9019
8229 9020
2450 9021
744 9022
6042 9023
6790 9024
8801 9025
2974 9026
360 9027
5269 9028
2691 9029
4192 9030
3732 9031
5772 9032
4790 9033
6502 9034
6647 9035
6825 9036
4859 9037
3229 9038
3182 9039
5066 9040
5894 9041
1151 9042
6731 9043
4038 9044
6390 9045
5295 9046
4643 9047
7705 9048
6655 9049
9048 9050
5000 9051
416 9052
465 9053
5329 9054
5243 9055
5526 9056
7778 9057
2758 9058
1087 9059
4584 9060
3725 9061
1097 9062
3486 9063
3900 9064
8418 9065
5990 9066
413 9067
7427 9068
7049 9069
1010 9070
5866 9071
1207 9072
6631 9073
5794 9074
6912 9075
6077 9076
999 9077
7320 9078
1461 9079
7040 9080
4972 9081
8420 9082
6182 9083
4194 9084
3070 9085
4512 9086
3788 9087
5057 9088
5019 9089
4051 9090
38 9091
5381 9092
5082 9093
1634 9094
2863 9095
3303 9096
2840 9097
8622 9098
7651 9099
3276 9100
8664 9101
7814 9102
6817 9103
5410 9104
4610 9105
7202 9106
3513 9107
5256 9108
5939 9109
3477 9110
454 9111
652 9112
504 9113
5819 9114
2638 9115
5290 9116
5190 9117
3389 9118
1443 9119
636 9120
4354 9121
5637 9122
8231 9123
8263 9124
1816 9125
8628 9126
6108 9127
5878 9128
4422 9129
7203 9130
6554 9131
2342 9132
4829 9133
1050 9134
5533 9135
1857 9136
4468 9137
5886 9138
7105 9139
8096 9140
6947 9141
455 9142
5481 9143
2328 9144
4295 9145
2217 9146
1285 9147
8709 9148
4428 9149
990 9150
50 9151
3312 9152
2588 9153
7470 9154
8485 9155
8293 9156
3047 9157
6875 9158
5874 9159
8551 9160
6016 9161
1562 9162
6042 9163
6113 9164
8147 9165
3985 9166
6517 9167
6752 9168
2269 9169
3052 9170
2647 9171
417 9172
4982 9173
741 9174
5294 9175
467 9176
2390 9177
4765 9178
3946 9179
8878 9180
5207 9181
7384 9182
1833 9183
2549 9184
2350 9185
4712 9186
5294 9187
2706 9188
2051 9189
906 9190
4670 9191
1313 9192
1850 9193
2830 9194
8531 9195
4705 9196
3406 9197
3753 9198
7814 9199
6855 9200
3379 9201
7087 9202
1513 9203
75 9204
5923 9205
5267 9206
1669 9207
1338 9208
2794 9209
7752 9210
3765 9211
7362 9212
5936 9213
7886 9214
8365 9215
2175 9216
1927 9217
8182 9218
5151 9219
5900 9220
6940 9221
5429 9222
3350 9223
7891 9224
3382 9225
2696 9226
2453 9227
8267 9228
8604 9229
5051 9230
770 9231
3432 9232
7944 9233
8754 9234
1151 9235
4304 9236
4481 9237
5385 9238
5682 9239
4128 9240
2333 9241
1556 9242
4023 9243
7815 9244
5345 9245
8901 9246
6472 9247
6348 9248
8033 9249
8838 9250
5231 9251
5573 9252
4369 9253
8465 9254
5415 9255
8591 9256
1562 9257
6044 9258
1192 9259
6398 9260
937 9261
4384 9262
830 9263
821 9264
1669 9265
5758 9266
6412 9267
1806 9268
8694 9269
1714 9270
2487 9271
405 9272
9051 9273
4108 9274
6841 9275
8133 9276
319 9277
6787 9278
3962 9279
6385 9280
4129 9281
7993 9282
658 9283
6329 9284
2302 9285
7375 9286
2276 9287
3983 9288
2879 9289
1996 9290
9207 9291
5164 9292
5415 9293
5095 9294
1433 9295
8979 9296
2513 9297
7142 9298
7075 9299
2162 9300
1597 9301
9090 9302
2630 9303
5673 9304
2478 9305
3080 9306
2774 9307
4676 9308
2402 9309
2447 9310
2711 9311
9067 9312
1357 9313
5174 9314
5376 9315
6420 9316
2882 9317
3186 9318
866 9319
9113 9320
3660 9321
8147 9322
9234 9323
1731 9324
5006 9325
8765 9326
3717 9327
1096 9328
4177 9329
1522 9330
4322 9331
470 9332
1824 9333
6681 9334
2708 9335
7389 9336
1400 9337
3923 9338
5684 9339
3471 9340
8551 9341
9075 9342
513 9343
7112 9344
62 9345
3286 9346
4240 9347
5791 9348
4443 9349
1914 9350
1450 9351
2568 9352
232 9353
4126 9354
6958 9355
4449 9356
1895 9357
4471 9358
7173 9359
2503 9360
5928 9361
5396 9362
6787 9363
7283 9364
2252 9365
1635 9366
2787 9367
431 9368
937 9369
7742 9370
4707 9371
8613 9372
2627 9373
5473 9374
3853 9375
8511 9376
8743 9377
8383 9378
4841 9379
3097 9380
7898 9381
987 9382
673 9383
3967 9384
9209 9385
4052 9386
7883 9387
4259 9388
4748 9389
5328 9390
6209 9391
490 9392
8923 9393
2058 9394
5405 9395
1681 9396
2046 9397
7002 9398
3357 9399
4123 9400
6501 9401
7728 9402
3736 9403
6400 9404
374 9405
3579 9406
77 9407
2811 9408
4479 9409
5237 9410
3744 9411
7456 9412
914 9413
8129 9414
1635 9415
4979 9416
8916 9417
3895 9418
3158 9419
2788 9420
1916 9421
8436 9422
6390 9423
6886 9424
6705 9425
5375 9426
7075 9427
5010 9428
1730 9429
8112 9430
8636 9431
4284 9432
5195 9433
2756 9434
9359 9435
5114 9436
6713 9437
2403 9438
8466 9439
6769 9440
3486 9441
1070 9442
6657 9443
7609 9444
6209 9445
3212 9446
4304 9447
5035 9448
5451 9449
5980 9450
3260 9451
992 9452
667 9453
8204 9454
5288 9455
6333 9456
8153 9457
6039 9458
6715 9459
2888 9460
3295 9461
8958 9462
1713 9463
4543 9464
868 9465
3973 9466
6333 9467
1828 9468
6155 9469
804 9470
204 9471
3169 9472
7110 9473
1206 9474
8145 9475
2119 9476
5459 9477
866 9478
3620 9479
2475 9480
431 9481
7475 9482
6257 9483
7337 9484
7593 9485
1544 9486
4712 9487
5660 9488
1786 9489
98 9490
85 9491
5173 9492
5271 9493
7560 9494
2928 9495
871 9496
8157 9497
9236 9498
3421 9499
8335 9500
1174 9501
6292 9502
6519 9503
1324 9504
8967 9505
6195 9506
550 9507
2893 9508
5845 9509
9103 9510
6956 9511
3272 9512
1269 9513
3346 9514
4163 9515
7373 9516
1595 9517
3099 9518
4192 9519
8736 9520
8999 9521
1364 9522
2339 9523
7789 9524
6696 9525
8776 9526
3284 9527
9472 9528
231 9529
8923 9530
4053 9531
3836 9532
8741 9533
4943 9534
2843 9535
3176 9536
8447 9537
214 9538
5568 9539
3764 9540
8543 9541
1206 9542
3639 9543
1401 9544
6373 9545
372 9546
1974 9547
928 9548
2582 9549
6085 9550
2435 9551
7047 9552
5564 9553
6127 9554
8626 9555
3565 9556
8807 9557
6867 9558
6787 9559
7128 9560
5796 9561
5507 9562
6086 9563
5356 9564
3172 9565
4691 9566
2827 9567
2396 9568
4535 9569
5395 9570
9442 9571
19 9572
4681 9573
6042 9574
2016 9575
9245 9576
5642 9577
6327 9578
8109 9579
7051 9580
1093 9581
1282 9582
3929 9583
4690 9584
4150 9585
7433 9586
8994 9587
6136 9588
8381 9589
2673 9590
4573 9591
6067 9592
4234 9593
6733 9594
2677 9595
9361 9596
1468 9597
8898 9598
9401 9599
5487 9600
864 9601
3512 9602
8756 9603
2100 9604
2138 9605
7606 9606
6905 9607
5797 9608
9007 9609
573 9610
5173 9611
1677 9612
4436 9613
2894 9614
1514 9615
4755 9616
8969 9617
7381 9618
1016 9619
6036 9620
1957 9621
3557 9622
6905 9623
6296 9624
2144 9625
7495 9626
6922 9627
5774 9628
5097 9629
433 9630
4090 9631
943 9632
8664 9633
2026 9634
6328 9635
7417 9636
294 9637
4872 9638
1432 9639
7975 9640
7257 9641
3919 9642
1647 9643
3942 9644
977 9645
8862 9646
507 9647
3658 9648
8634 9649
5631 9650
6574 9651
8244 9652
469 9653
3699 9654
3851 9655
2400 9656
989 9657
7795 9658
1348 9659
6541 9660
466 9661
7638 9662
7083 9663
3223 9664
5551 9665
8872 9666
3554 9667
4927 9668
2924 9669
6387 9670
8191 9671
6827 9672
4815 9673
7001 9674
2444 9675
7614 9676
6878 9677
5707 9678
5438 9679
2787 9680
7949 9681
3058 9682
6965 9683
9003 9684
2567 9685
8100 9686
7423 9687
4726 9688
1024 9689
2636 9690
3997 9691
6620 9692
692 9693
894 9694
3309 9695
304 9696
5173 9697
2514 9698
326 9699
1501 9700
1053 9701
168 9702
5442 9703
7701 9704
8968 9705
5199 9706
8155 9707
1004 9708
2105 9709
7972 9710
3934 9711
9577 9712
8742 9713
5444 9714
9697 9715
1404 9716
5450 9717
6794 9718
8429 9719
1941 9720
5987 9721
3849 9722
6916 9723
5396 9724
6567 9725
9029 9726
7039 9727
7592 9728
1597 9729
340 9730
8038 9731
8986 9732
6228 9733
5024 9734
2615 9735
3047 9736
5473 9737
3879 9738
1983 9739
9200 9740
4423 9741
6501 9742
8749 9743
5801 9744
461 9745
85 9746
4963 9747
4164 9748
1386 9749
8457 9750
9668 9751
460 9752
3025 9753
5911 9754
1362 9755
275 9756
1829 9757
5544 9758
4160 9759
8772 9760
1654 9761
8261 9762
2828 9763
4510 9764
6583 9765
2314 9766
2944 9767
4637 9768
4816 9769
462 9770
5101 9771
3836 9772
3897 9773
9656 9774
9036 9775
8651 9776
259 9777
8138 9778
9241 9779
4090 9780
2965 9781
8996 9782
3644 9783
7951 9784
1196 9785
5627 9786
8401 9787
5576 9788
7936 9789
8885 9790
8190 9791
1974 9792
6151 9793
41 9794
3075 9795
8698 9796
6005 9797
1634 9798
5881 9799
7524 9800
9103 9801
70 9802
6184 9803
9318 9804
122 9805
2737 9806
3703 9807
8322 9808
5590 9809
9551 9810
6891 9811
3830 9812
1857 9813
241 9814
9227 9815
4733 9816
8087 9817
9560 9818
3478 9819
105 9820
2841 9821
9504 9822
1983 9823
7104 9824
8133 9825
5253 9826
2353 9827
6792 9828
2435 9829
2687 9830
4248 9831
1355 9832
8042 9833
2632 9834
3955 9835
1363 9836
9246 9837
4841 9838
6488 9839
2357 9840
7388 9841
7504 9842
5842 9843
7194 9844
6127 9845
7042 9846
8147 9847
5765 9848
9044 9849
8276 9850
4582 9851
9073 9852
2394 9853
6705 9854
8494 9855
8233 9856
67 9857
6477 9858
8160 9859
7099 9860
7421 9861
1632 9862
3514 9863
727 9864
8304 9865
6998 9866
2039 9867
7317 9868
2634 9869
3666 9870
9174 9871
1956 9872
3774 9873
4287 9874
5176 9875
6498 9876
6810 9877
3448 9878
8191 9879
3643 9880
7353 9881
7158 9882
5404 9883
2915 9884
5037 9885
282 9886
5925 9887
1302 9888
9758 9889
1587 9890
301 9891
6462 9892
2334 9893
2951 9894
6998 9895
9548 9896
703 9897
2093 9898
8980 9899
2066 9900
6358 9901
339 9902
9600 9903
4052 9904
6740 9905
4 9906
6709 9907
8583 9908
4184 9909
7090 9910
7857 9911
6668 9912
2669 9913
5690 9914
5022 9915
9556 9916
5551 9917
4010 9918
3969 9919
3773 9920
1331 9921
8129 9922
3371 9923
2632 9924
328 9925
5166 9926
7303 9927
4463 9928
7461 9929
7606 9930
1288 9931
5882 9932
9888 9933
1865 9934
2787 9935
3152 9936
8706 9937
8414 9938
2346 9939
4250 9940
8328 9941
4432 9942
6866 9943
2536 9944
9901 9945
3974 9946
6194 9947
9830 9948
9189 9949
1549 9950
892 9951
4157 9952
9938 9953
9300 9954
4204 9955
9441 9956
1113 9957
5016 9958
4535 9959
5152 9960
7905 9961
5364 9962
4179 9963
9378 9964
7674 9965
7351 9966
8386 9967
4553 9968
1376 9969
8281 9970
275 9971
4562 9972
7448 9973
1221 9974
1049 9975
4369 9976
7026 9977
7798 9978
2941 9979
6831 9980
1476 9981
7751 9982
5376 9983
8977 9984
9543 9985
5151 9986
4837 9987
3938 9988
2085 9989
1159 9990
5805 9991
2535 9992
5609 9993
644 9994
5125 9995
5259 9996
9093 9997
8965 9998
1660 9999
7313 10000
