1 2
1 3
3 4
3 5
3 6
1 7
1 8
7 9
4 10
6 11
3 12
10 13
5 14
11 15
15 16
10 17
9 18
5 19
16 20
19 21
12 22
13 23
9 24
20 25
7 26
22 27
13 28
26 29
20 30
10 31
21 32
13 33
5 34
12 35
8 36
24 37
15 38
14 39
12 40
24 41
17 42
25 43
7 44
20 45
27 46
10 47
21 48
13 49
37 50
36 51
51 52
15 53
13 54
1 55
28 56
47 57
51 58
55 59
17 60
35 61
37 62
43 63
5 64
1 65
33 66
9 67
63 68
39 69
35 70
13 71
3 72
22 73
35 74
67 75
74 76
27 77
64 78
53 79
37 80
36 81
21 82
43 83
36 84
76 85
73 86
24 87
46 88
34 89
83 90
35 91
46 92
59 93
53 94
50 95
92 96
47 97
47 98
28 99
15 100
85 101
85 102
44 103
33 104
21 105
45 106
104 107
27 108
60 109
8 110
95 111
108 112
82 113
1 114
30 115
80 116
54 117
86 118
95 119
30 120
53 121
1 122
25 123
18 124
15 125
73 126
68 127
21 128
120 129
113 130
81 131
42 132
120 133
5 134
28 135
92 136
29 137
114 138
82 139
113 140
6 141
50 142
109 143
75 144
108 145
88 146
55 147
35 148
93 149
35 150
70 151
38 152
117 153
111 154
15 155
48 156
132 157
62 158
38 159
26 160
85 161
126 162
68 163
19 164
35 165
139 166
1 167
6 168
80 169
42 170
77 171
25 172
132 173
168 174
125 175
44 176
42 177
150 178
45 179
37 180
32 181
35 182
171 183
147 184
158 185
66 186
139 187
174 188
66 189
177 190
189 191
46 192
192 193
159 194
182 195
9 196
71 197
43 198
67 199
187 200
57 201
25 202
47 203
183 204
141 205
70 206
103 207
29 208
140 209
99 210
143 211
145 212
32 213
126 214
31 215
211 216
77 217
22 218
177 219
77 220
186 221
143 222
118 223
55 224
181 225
152 226
64 227
168 228
57 229
123 230
1 231
155 232
49 233
179 234
27 235
100 236
96 237
118 238
85 239
110 240
40 241
2 242
45 243
22 244
164 245
227 246
72 247
176 248
72 249
122 250
122 251
32 252
249 253
61 254
86 255
181 256
203 257
78 258
151 259
5 260
77 261
21 262
88 263
143 264
117 265
58 266
136 267
223 268
227 269
2 270
65 271
112 272
157 273
248 274
103 275
221 276
240 277
135 278
68 279
237 280
107 281
214 282
155 283
104 284
113 285
214 286
18 287
125 288
1 289
249 290
209 291
251 292
232 293
214 294
113 295
60 296
117 297
111 298
206 299
173 300
286 301
173 302
38 303
16 304
59 305
58 306
38 307
179 308
289 309
252 310
265 311
77 312
240 313
250 314
278 315
30 316
146 317
179 318
276 319
18 320
63 321
197 322
32 323
167 324
312 325
285 326
1 327
148 328
5 329
62 330
286 331
275 332
39 333
238 334
237 335
60 336
261 337
28 338
84 339
319 340
154 341
334 342
173 343
291 344
335 345
21 346
281 347
183 348
181 349
258 350
213 351
277 352
30 353
264 354
188 355
151 356
276 357
341 358
1 359
248 360
34 361
137 362
331 363
296 364
55 365
48 366
366 367
223 368
25 369
342 370
74 371
244 372
186 373
187 374
290 375
104 376
116 377
12 378
122 379
117 380
257 381
220 382
26 383
202 384
362 385
193 386
217 387
343 388
89 389
349 390
268 391
28 392
160 393
75 394
181 395
70 396
89 397
357 398
209 399
378 400
231 401
287 402
141 403
346 404
7 405
75 406
187 407
225 408
341 409
238 410
179 411
33 412
235 413
81 414
388 415
356 416
108 417
181 418
217 419
253 420
94 421
357 422
8 423
81 424
365 425
134 426
332 427
383 428
125 429
237 430
427 431
69 432
93 433
286 434
356 435
106 436
236 437
436 438
166 439
284 440
146 441
122 442
273 443
247 444
44 445
269 446
438 447
409 448
206 449
392 450
67 451
10 452
71 453
24 454
289 455
412 456
422 457
448 458
225 459
36 460
371 461
52 462
426 463
460 464
15 465
307 466
82 467
178 468
2 469
245 470
106 471
196 472
5 473
119 474
177 475
362 476
317 477
176 478
81 479
146 480
242 481
195 482
433 483
391 484
14 485
266 486
215 487
192 488
309 489
150 490
312 491
487 492
444 493
461 494
242 495
27 496
346 497
66 498
298 499
87 500
422 501
85 502
482 503
169 504
169 505
222 506
353 507
332 508
235 509
320 510
229 511
88 512
429 513
429 514
336 515
206 516
356 517
151 518
106 519
489 520
419 521
272 522
135 523
519 524
60 525
285 526
143 527
194 528
297 529
167 530
333 531
431 532
313 533
465 534
184 535
4 536
323 537
166 538
210 539
152 540
80 541
391 542
300 543
119 544
146 545
270 546
271 547
192 548
255 549
509 550
396 551
331 552
340 553
307 554
459 555
259 556
160 557
182 558
385 559
498 560
418 561
345 562
427 563
188 564
276 565
180 566
516 567
223 568
309 569
552 570
518 571
379 572
280 573
62 574
243 575
518 576
106 577
222 578
251 579
67 580
447 581
574 582
322 583
397 584
494 585
149 586
460 587
293 588
232 589
584 590
401 591
512 592
359 593
567 594
126 595
444 596
509 597
115 598
214 599
263 600
590 601
14 602
482 603
248 604
204 605
513 606
541 607
415 608
336 609
351 610
555 611
282 612
425 613
46 614
33 615
450 616
525 617
457 618
506 619
215 620
394 621
292 622
124 623
600 624
115 625
274 626
30 627
50 628
426 629
547 630
65 631
347 632
108 633
348 634
510 635
122 636
396 637
282 638
415 639
97 640
622 641
185 642
53 643
416 644
126 645
514 646
159 647
30 648
134 649
506 650
502 651
71 652
613 653
410 654
343 655
424 656
262 657
569 658
4 659
99 660
644 661
528 662
285 663
483 664
543 665
519 666
562 667
440 668
607 669
204 670
35 671
494 672
583 673
257 674
627 675
536 676
435 677
659 678
5 679
60 680
124 681
260 682
228 683
325 684
216 685
78 686
638 687
51 688
318 689
206 690
418 691
561 692
217 693
566 694
496 695
64 696
497 697
547 698
607 699
198 700
13 701
364 702
625 703
430 704
615 705
422 706
413 707
189 708
41 709
300 710
357 711
514 712
456 713
280 714
191 715
505 716
113 717
584 718
710 719
445 720
36 721
7 722
565 723
178 724
187 725
254 726
438 727
421 728
374 729
725 730
34 731
535 732
404 733
545 734
45 735
376 736
327 737
194 738
136 739
70 740
202 741
435 742
58 743
125 744
401 745
158 746
184 747
21 748
563 749
647 750
241 751
137 752
548 753
282 754
596 755
55 756
156 757
178 758
251 759
566 760
510 761
693 762
572 763
527 764
161 765
615 766
196 767
623 768
262 769
86 770
687 771
228 772
186 773
384 774
521 775
321 776
360 777
282 778
88 779
504 780
652 781
443 782
700 783
320 784
749 785
484 786
194 787
534 788
380 789
455 790
619 791
598 792
474 793
523 794
643 795
740 796
624 797
667 798
355 799
591 800
452 801
41 802
686 803
449 804
681 805
84 806
712 807
248 808
459 809
700 810
662 811
204 812
445 813
216 814
298 815
15 816
738 817
174 818
231 819
473 820
643 821
534 822
752 823
104 824
744 825
169 826
292 827
737 828
96 829
379 830
409 831
508 832
705 833
584 834
547 835
591 836
292 837
347 838
512 839
691 840
414 841
289 842
240 843
7 844
525 845
526 846
193 847
557 848
776 849
775 850
624 851
642 852
280 853
761 854
73 855
674 856
607 857
133 858
253 859
160 860
806 861
582 862
131 863
224 864
218 865
238 866
314 867
501 868
175 869
760 870
277 871
109 872
789 873
865 874
179 875
29 876
384 877
548 878
314 879
332 880
255 881
592 882
142 883
497 884
440 885
748 886
331 887
550 888
697 889
104 890
640 891
813 892
84 893
466 894
177 895
541 896
250 897
849 898
171 899
622 900
34 901
333 902
845 903
757 904
422 905
349 906
162 907
580 908
768 909
136 910
453 911
897 912
422 913
755 914
85 915
523 916
204 917
377 918
795 919
125 920
849 921
815 922
77 923
739 924
546 925
701 926
118 927
610 928
284 929
152 930
557 931
71 932
265 933
866 934
491 935
27 936
530 937
320 938
589 939
365 940
352 941
588 942
815 943
460 944
657 945
388 946
562 947
329 948
393 949
775 950
269 951
870 952
838 953
476 954
108 955
655 956
513 957
14 958
189 959
258 960
237 961
552 962
553 963
307 964
212 965
875 966
210 967
421 968
456 969
24 970
246 971
945 972
228 973
412 974
403 975
82 976
961 977
738 978
328 979
320 980
511 981
768 982
774 983
334 984
762 985
158 986
104 987
955 988
767 989
800 990
210 991
618 992
959 993
661 994
479 995
808 996
980 997
553 998
642 999
448 1000
478 1001
28 1002
18 1003
173 1004
796 1005
622 1006
611 1007
764 1008
739 1009
70 1010
256 1011
764 1012
921 1013
760 1014
973 1015
219 1016
434 1017
593 1018
571 1019
596 1020
938 1021
746 1022
307 1023
868 1024
646 1025
10 1026
598 1027
334 1028
610 1029
876 1030
829 1031
275 1032
815 1033
5 1034
31 1035
235 1036
893 1037
494 1038
343 1039
962 1040
315 1041
29 1042
423 1043
487 1044
242 1045
1006 1046
636 1047
246 1048
407 1049
61 1050
511 1051
71 1052
534 1053
573 1054
70 1055
835 1056
600 1057
459 1058
822 1059
471 1060
431 1061
778 1062
762 1063
962 1064
602 1065
720 1066
984 1067
360 1068
259 1069
295 1070
672 1071
986 1072
589 1073
660 1074
991 1075
93 1076
457 1077
898 1078
1044 1079
784 1080
711 1081
107 1082
298 1083
281 1084
963 1085
647 1086
178 1087
1066 1088
1043 1089
273 1090
929 1091
260 1092
1067 1093
192 1094
59 1095
217 1096
712 1097
857 1098
428 1099
696 1100
48 1101
904 1102
370 1103
1055 1104
5 1105
625 1106
855 1107
540 1108
1017 1109
562 1110
1 1111
188 1112
274 1113
902 1114
178 1115
762 1116
315 1117
877 1118
953 1119
675 1120
791 1121
619 1122
200 1123
957 1124
309 1125
258 1126
712 1127
875 1128
664 1129
33 1130
851 1131
37 1132
510 1133
9 1134
208 1135
1078 1136
269 1137
134 1138
545 1139
246 1140
524 1141
986 1142
811 1143
581 1144
432 1145
555 1146
780 1147
101 1148
1063 1149
1116 1150
439 1151
409 1152
570 1153
1109 1154
186 1155
853 1156
364 1157
316 1158
17 1159
553 1160
779 1161
16 1162
20 1163
1116 1164
430 1165
328 1166
530 1167
516 1168
911 1169
1075 1170
832 1171
410 1172
384 1173
791 1174
516 1175
739 1176
95 1177
600 1178
491 1179
1050 1180
1011 1181
1056 1182
411 1183
991 1184
389 1185
185 1186
201 1187
619 1188
256 1189
921 1190
1096 1191
527 1192
96 1193
1131 1194
718 1195
800 1196
905 1197
565 1198
685 1199
253 1200
784 1201
327 1202
531 1203
575 1204
142 1205
317 1206
691 1207
575 1208
751 1209
145 1210
873 1211
977 1212
933 1213
753 1214
703 1215
732 1216
778 1217
493 1218
233 1219
8 1220
1151 1221
1132 1222
808 1223
546 1224
225 1225
12 1226
783 1227
471 1228
902 1229
850 1230
345 1231
179 1232
488 1233
929 1234
532 1235
184 1236
1089 1237
312 1238
315 1239
1080 1240
1020 1241
617 1242
288 1243
447 1244
147 1245
82 1246
267 1247
1059 1248
1147 1249
906 1250
1148 1251
744 1252
187 1253
405 1254
656 1255
1130 1256
30 1257
392 1258
291 1259
543 1260
1253 1261
1034 1262
478 1263
703 1264
1017 1265
978 1266
984 1267
150 1268
890 1269
1130 1270
1207 1271
588 1272
474 1273
451 1274
1046 1275
144 1276
804 1277
905 1278
1019 1279
975 1280
320 1281
1230 1282
945 1283
1264 1284
814 1285
682 1286
649 1287
201 1288
668 1289
419 1290
101 1291
1122 1292
1016 1293
207 1294
1011 1295
900 1296
1116 1297
791 1298
405 1299
414 1300
270 1301
440 1302
1095 1303
677 1304
811 1305
724 1306
1065 1307
1040 1308
662 1309
409 1310
91 1311
24 1312
511 1313
104 1314
651 1315
50 1316
1279 1317
1234 1318
695 1319
505 1320
624 1321
746 1322
234 1323
940 1324
397 1325
1137 1326
295 1327
934 1328
16 1329
865 1330
660 1331
325 1332
12 1333
568 1334
596 1335
222 1336
706 1337
528 1338
148 1339
303 1340
57 1341
447 1342
1166 1343
95 1344
358 1345
1068 1346
67 1347
133 1348
22 1349
212 1350
1280 1351
1187 1352
440 1353
971 1354
573 1355
174 1356
8 1357
1108 1358
797 1359
690 1360
908 1361
943 1362
121 1363
579 1364
86 1365
297 1366
368 1367
1165 1368
648 1369
73 1370
1141 1371
1237 1372
1033 1373
1043 1374
1056 1375
561 1376
1229 1377
1158 1378
1293 1379
399 1380
643 1381
932 1382
763 1383
202 1384
142 1385
194 1386
508 1387
73 1388
465 1389
422 1390
229 1391
107 1392
1166 1393
1172 1394
802 1395
39 1396
552 1397
1090 1398
1029 1399
659 1400
813 1401
79 1402
1254 1403
524 1404
1140 1405
918 1406
565 1407
634 1408
1158 1409
673 1410
289 1411
870 1412
769 1413
1283 1414
885 1415
1266 1416
906 1417
77 1418
610 1419
949 1420
1399 1421
569 1422
721 1423
599 1424
538 1425
1277 1426
667 1427
511 1428
1341 1429
158 1430
318 1431
546 1432
821 1433
295 1434
1195 1435
565 1436
962 1437
355 1438
676 1439
318 1440
1102 1441
759 1442
453 1443
545 1444
510 1445
51 1446
1243 1447
626 1448
1448 1449
843 1450
8 1451
435 1452
365 1453
57 1454
326 1455
919 1456
684 1457
272 1458
1421 1459
396 1460
1054 1461
375 1462
435 1463
78 1464
1042 1465
1347 1466
1060 1467
646 1468
1111 1469
1014 1470
699 1471
1024 1472
200 1473
702 1474
1154 1475
1470 1476
1114 1477
1 1478
21 1479
210 1480
860 1481
1338 1482
855 1483
751 1484
559 1485
357 1486
198 1487
1355 1488
1229 1489
1208 1490
88 1491
1023 1492
519 1493
711 1494
757 1495
81 1496
355 1497
1025 1498
595 1499
590 1500
951 1501
1414 1502
795 1503
1056 1504
54 1505
283 1506
1479 1507
1323 1508
997 1509
715 1510
404 1511
253 1512
501 1513
639 1514
1508 1515
612 1516
211 1517
720 1518
1166 1519
526 1520
326 1521
356 1522
1273 1523
102 1524
33 1525
500 1526
1438 1527
332 1528
234 1529
1238 1530
799 1531
1449 1532
254 1533
242 1534
1405 1535
266 1536
265 1537
395 1538
1333 1539
1501 1540
40 1541
1143 1542
1208 1543
627 1544
1472 1545
788 1546
872 1547
494 1548
1237 1549
35 1550
370 1551
1294 1552
1545 1553
1534 1554
228 1555
1327 1556
85 1557
912 1558
216 1559
1438 1560
813 1561
1255 1562
1120 1563
1362 1564
850 1565
404 1566
145 1567
1366 1568
808 1569
577 1570
218 1571
1273 1572
1235 1573
1146 1574
1350 1575
912 1576
319 1577
239 1578
1571 1579
1215 1580
1331 1581
1066 1582
503 1583
668 1584
322 1585
1339 1586
1261 1587
1191 1588
1466 1589
399 1590
220 1591
1531 1592
1487 1593
955 1594
336 1595
536 1596
965 1597
294 1598
1141 1599
1286 1600
733 1601
106 1602
1319 1603
511 1604
1489 1605
303 1606
58 1607
877 1608
1180 1609
929 1610
300 1611
725 1612
1486 1613
231 1614
634 1615
1529 1616
1056 1617
975 1618
1449 1619
1022 1620
440 1621
1288 1622
1360 1623
1595 1624
668 1625
44 1626
76 1627
1203 1628
1245 1629
582 1630
1460 1631
242 1632
1086 1633
89 1634
1213 1635
590 1636
865 1637
973 1638
574 1639
414 1640
1234 1641
1585 1642
1587 1643
372 1644
824 1645
999 1646
570 1647
1446 1648
142 1649
563 1650
1013 1651
852 1652
400 1653
167 1654
1132 1655
1647 1656
898 1657
882 1658
1184 1659
972 1660
1324 1661
1633 1662
373 1663
1253 1664
816 1665
895 1666
230 1667
259 1668
162 1669
133 1670
730 1671
263 1672
197 1673
1136 1674
1244 1675
1450 1676
23 1677
1188 1678
488 1679
1041 1680
308 1681
1100 1682
1590 1683
740 1684
349 1685
661 1686
358 1687
1161 1688
1650 1689
76 1690
1077 1691
1563 1692
512 1693
623 1694
528 1695
1631 1696
986 1697
424 1698
1168 1699
1546 1700
313 1701
925 1702
554 1703
972 1704
1496 1705
564 1706
1339 1707
633 1708
97 1709
1352 1710
689 1711
1168 1712
1474 1713
287 1714
1194 1715
157 1716
593 1717
38 1718
1169 1719
685 1720
1639 1721
180 1722
332 1723
297 1724
155 1725
154 1726
1207 1727
635 1728
676 1729
1591 1730
1227 1731
328 1732
733 1733
1039 1734
1049 1735
7 1736
577 1737
1118 1738
1584 1739
1122 1740
1736 1741
29 1742
457 1743
1183 1744
1363 1745
1497 1746
1680 1747
129 1748
686 1749
1113 1750
1416 1751
1011 1752
1432 1753
1438 1754
1434 1755
312 1756
437 1757
1282 1758
1159 1759
1648 1760
992 1761
1542 1762
523 1763
1400 1764
1334 1765
84 1766
1725 1767
909 1768
416 1769
1743 1770
982 1771
1649 1772
1417 1773
1553 1774
604 1775
1417 1776
123 1777
1706 1778
1635 1779
1000 1780
1586 1781
1203 1782
966 1783
484 1784
435 1785
259 1786
626 1787
338 1788
1103 1789
702 1790
301 1791
488 1792
52 1793
1694 1794
1675 1795
48 1796
1613 1797
921 1798
75 1799
1340 1800
185 1801
251 1802
1288 1803
210 1804
1001 1805
142 1806
1485 1807
597 1808
823 1809
840 1810
1109 1811
659 1812
757 1813
147 1814
71 1815
1181 1816
1074 1817
123 1818
997 1819
1580 1820
880 1821
1343 1822
41 1823
810 1824
1150 1825
1085 1826
1119 1827
892 1828
656 1829
424 1830
1788 1831
526 1832
1463 1833
1485 1834
36 1835
1834 1836
1253 1837
1801 1838
248 1839
24 1840
1483 1841
1392 1842
578 1843
1602 1844
263 1845
1822 1846
1022 1847
894 1848
968 1849
477 1850
129 1851
1618 1852
297 1853
489 1854
1039 1855
529 1856
377 1857
601 1858
988 1859
1025 1860
1045 1861
1580 1862
1187 1863
1722 1864
1717 1865
1128 1866
1466 1867
1618 1868
1703 1869
785 1870
941 1871
420 1872
1319 1873
1482 1874
1320 1875
1321 1876
495 1877
151 1878
1687 1879
1044 1880
487 1881
533 1882
879 1883
1186 1884
129 1885
775 1886
480 1887
1175 1888
480 1889
77 1890
459 1891
1303 1892
1080 1893
349 1894
346 1895
543 1896
381 1897
1576 1898
1838 1899
1648 1900
446 1901
1306 1902
1658 1903
1013 1904
1380 1905
421 1906
1273 1907
1311 1908
916 1909
1040 1910
1524 1911
1103 1912
1438 1913
423 1914
409 1915
390 1916
743 1917
254 1918
468 1919
1521 1920
663 1921
1416 1922
1483 1923
1059 1924
963 1925
671 1926
702 1927
1235 1928
1496 1929
354 1930
911 1931
1259 1932
793 1933
550 1934
1758 1935
1815 1936
409 1937
1192 1938
1220 1939
789 1940
126 1941
966 1942
17 1943
1257 1944
152 1945
1700 1946
1602 1947
18 1948
445 1949
1075 1950
1280 1951
1403 1952
475 1953
335 1954
1604 1955
352 1956
1853 1957
1697 1958
643 1959
1591 1960
1856 1961
1755 1962
1102 1963
1363 1964
1085 1965
1962 1966
225 1967
1905 1968
1058 1969
835 1970
236 1971
1262 1972
1748 1973
168 1974
30 1975
988 1976
1630 1977
1768 1978
834 1979
1942 1980
1548 1981
659 1982
1537 1983
1206 1984
1228 1985
1653 1986
1506 1987
819 1988
1809 1989
1110 1990
519 1991
766 1992
1859 1993
870 1994
394 1995
753 1996
549 1997
123 1998
858 1999
1549 2000
679 2001
777 2002
737 2003
1416 2004
801 2005
1342 2006
92 2007
1583 2008
969 2009
1653 2010
1146 2011
847 2012
502 2013
1765 2014
1522 2015
522 2016
640 2017
812 2018
1256 2019
560 2020
207 2021
943 2022
821 2023
882 2024
198 2025
1160 2026
707 2027
828 2028
844 2029
486 2030
1029 2031
1800 2032
703 2033
1893 2034
136 2035
528 2036
428 2037
349 2038
330 2039
750 2040
306 2041
1610 2042
1115 2043
1479 2044
202 2045
893 2046
469 2047
64 2048
1754 2049
358 2050
1677 2051
1737 2052
1284 2053
657 2054
1971 2055
614 2056
1414 2057
1983 2058
1463 2059
1863 2060
1026 2061
309 2062
1844 2063
1491 2064
116 2065
30 2066
1872 2067
635 2068
62 2069
225 2070
1251 2071
965 2072
179 2073
1001 2074
198 2075
1473 2076
1849 2077
1071 2078
1123 2079
499 2080
287 2081
1728 2082
715 2083
1368 2084
278 2085
1704 2086
219 2087
271 2088
88 2089
721 2090
1507 2091
228 2092
17 2093
1976 2094
1830 2095
1887 2096
796 2097
125 2098
1584 2099
1394 2100
1475 2101
1606 2102
375 2103
415 2104
1151 2105
1507 2106
1070 2107
535 2108
162 2109
834 2110
1930 2111
1255 2112
1332 2113
547 2114
339 2115
1039 2116
281 2117
154 2118
1458 2119
1593 2120
1741 2121
1861 2122
826 2123
267 2124
323 2125
1551 2126
938 2127
499 2128
1378 2129
1258 2130
1930 2131
1543 2132
707 2133
1216 2134
1619 2135
771 2136
804 2137
171 2138
1003 2139
339 2140
1227 2141
856 2142
1783 2143
214 2144
1429 2145
1763 2146
1807 2147
1463 2148
813 2149
266 2150
935 2151
1404 2152
1577 2153
2114 2154
190 2155
1200 2156
1551 2157
1434 2158
1697 2159
2040 2160
115 2161
1036 2162
1328 2163
1269 2164
1061 2165
1179 2166
1460 2167
1462 2168
2159 2169
1111 2170
190 2171
237 2172
1440 2173
1636 2174
1841 2175
866 2176
1166 2177
1235 2178
99 2179
1399 2180
2075 2181
543 2182
1358 2183
1007 2184
22 2185
1045 2186
1900 2187
857 2188
1431 2189
369 2190
1254 2191
2116 2192
2050 2193
181 2194
361 2195
922 2196
1681 2197
411 2198
1273 2199
1920 2200
1916 2201
642 2202
1933 2203
1838 2204
961 2205
2057 2206
672 2207
1608 2208
1440 2209
1597 2210
636 2211
429 2212
52 2213
605 2214
2181 2215
324 2216
1839 2217
1200 2218
783 2219
418 2220
54 2221
879 2222
1799 2223
178 2224
14 2225
467 2226
1026 2227
1763 2228
532 2229
1929 2230
658 2231
1723 2232
988 2233
1830 2234
989 2235
1139 2236
256 2237
1052 2238
1822 2239
1958 2240
1478 2241
1114 2242
2156 2243
264 2244
278 2245
430 2246
1598 2247
1073 2248
2176 2249
534 2250
1190 2251
1492 2252
1820 2253
550 2254
962 2255
895 2256
870 2257
444 2258
1601 2259
1530 2260
1777 2261
2094 2262
1834 2263
1554 2264
126 2265
1665 2266
362 2267
929 2268
1805 2269
1390 2270
1725 2271
1699 2272
1750 2273
29 2274
1309 2275
1718 2276
396 2277
1103 2278
1672 2279
160 2280
573 2281
2083 2282
2102 2283
1458 2284
1759 2285
2273 2286
1339 2287
266 2288
2065 2289
407 2290
1779 2291
1527 2292
1351 2293
419 2294
1394 2295
1106 2296
1669 2297
1746 2298
517 2299
509 2300
1146 2301
1537 2302
67 2303
247 2304
427 2305
1832 2306
2258 2307
1759 2308
248 2309
1372 2310
1275 2311
328 2312
1460 2313
1401 2314
600 2315
1767 2316
1307 2317
1721 2318
705 2319
1299 2320
558 2321
536 2322
2306 2323
1206 2324
1159 2325
1329 2326
2028 2327
509 2328
2155 2329
1229 2330
977 2331
1032 2332
803 2333
997 2334
957 2335
1387 2336
488 2337
663 2338
1634 2339
1798 2340
1768 2341
176 2342
2126 2343
1481 2344
2167 2345
1170 2346
461 2347
144 2348
481 2349
310 2350
1678 2351
461 2352
1618 2353
1471 2354
2122 2355
2315 2356
1938 2357
365 2358
513 2359
418 2360
2161 2361
666 2362
815 2363
549 2364
1047 2365
829 2366
1620 2367
1869 2368
441 2369
2242 2370
16 2371
1623 2372
1497 2373
2098 2374
1271 2375
269 2376
1291 2377
1903 2378
97 2379
1126 2380
925 2381
1330 2382
664 2383
69 2384
1178 2385
2365 2386
1352 2387
1429 2388
1754 2389
993 2390
1853 2391
2284 2392
2355 2393
208 2394
1415 2395
371 2396
2083 2397
1113 2398
2093 2399
2047 2400
1508 2401
1905 2402
952 2403
1674 2404
2303 2405
957 2406
731 2407
382 2408
1411 2409
521 2410
354 2411
169 2412
753 2413
786 2414
1114 2415
482 2416
2018 2417
3 2418
2245 2419
2029 2420
1820 2421
2071 2422
2060 2423
290 2424
1999 2425
1998 2426
1243 2427
1079 2428
223 2429
1642 2430
2258 2431
24 2432
567 2433
1543 2434
130 2435
566 2436
1098 2437
2426 2438
517 2439
1143 2440
435 2441
2341 2442
887 2443
2183 2444
2220 2445
2429 2446
2095 2447
2142 2448
211 2449
190 2450
362 2451
130 2452
436 2453
1566 2454
1701 2455
1440 2456
2139 2457
472 2458
1523 2459
1106 2460
143 2461
41 2462
1225 2463
1991 2464
267 2465
2190 2466
651 2467
876 2468
1456 2469
1503 2470
149 2471
1933 2472
1870 2473
1639 2474
2003 2475
1030 2476
1381 2477
1949 2478
1300 2479
1060 2480
646 2481
1572 2482
2314 2483
1494 2484
2359 2485
1020 2486
2349 2487
1837 2488
1013 2489
2339 2490
1528 2491
366 2492
1303 2493
692 2494
1843 2495
2130 2496
2019 2497
2155 2498
307 2499
1355 2500
761 2501
1835 2502
122 2503
1149 2504
1658 2505
836 2506
67 2507
2387 2508
1858 2509
995 2510
413 2511
383 2512
2168 2513
1475 2514
2095 2515
1399 2516
2447 2517
1044 2518
976 2519
289 2520
1931 2521
2157 2522
1427 2523
430 2524
713 2525
1537 2526
848 2527
1882 2528
2069 2529
1890 2530
1809 2531
759 2532
272 2533
2470 2534
1108 2535
1914 2536
1807 2537
829 2538
2400 2539
2472 2540
639 2541
1967 2542
1753 2543
680 2544
306 2545
2075 2546
2101 2547
1208 2548
1022 2549
1720 2550
1644 2551
2272 2552
1378 2553
2367 2554
1168 2555
1973 2556
2299 2557
1006 2558
1403 2559
960 2560
865 2561
1818 2562
732 2563
994 2564
688 2565
2223 2566
741 2567
1588 2568
2419 2569
2258 2570
254 2571
625 2572
1284 2573
1158 2574
2436 2575
575 2576
2448 2577
483 2578
1900 2579
2323 2580
708 2581
358 2582
2569 2583
515 2584
1064 2585
1243 2586
580 2587
161 2588
1860 2589
1397 2590
1894 2591
855 2592
1966 2593
1948 2594
1605 2595
264 2596
2451 2597
1033 2598
1534 2599
1916 2600
825 2601
652 2602
1166 2603
2132 2604
2431 2605
741 2606
2266 2607
2184 2608
1458 2609
2353 2610
1187 2611
2196 2612
2455 2613
2526 2614
371 2615
1112 2616
2542 2617
1183 2618
2285 2619
1036 2620
915 2621
1709 2622
1760 2623
1875 2624
1818 2625
1023 2626
2364 2627
1526 2628
1141 2629
991 2630
1965 2631
193 2632
1565 2633
558 2634
677 2635
1470 2636
719 2637
364 2638
1253 2639
987 2640
2084 2641
1759 2642
571 2643
1175 2644
1984 2645
1477 2646
118 2647
1892 2648
837 2649
526 2650
257 2651
493 2652
2394 2653
2243 2654
2535 2655
1776 2656
1112 2657
1247 2658
1108 2659
1180 2660
704 2661
2344 2662
806 2663
1472 2664
1536 2665
1009 2666
1513 2667
816 2668
2038 2669
1184 2670
1386 2671
1968 2672
1426 2673
1123 2674
542 2675
313 2676
2321 2677
469 2678
1637 2679
2535 2680
2035 2681
1186 2682
2203 2683
2063 2684
930 2685
1418 2686
2384 2687
1670 2688
1736 2689
75 2690
1916 2691
2290 2692
64 2693
812 2694
502 2695
2214 2696
436 2697
422 2698
2531 2699
491 2700
2299 2701
2168 2702
2050 2703
1149 2704
1971 2705
538 2706
1652 2707
1456 2708
313 2709
1018 2710
2391 2711
1333 2712
2204 2713
912 2714
1371 2715
2204 2716
321 2717
1880 2718
350 2719
604 2720
1149 2721
444 2722
478 2723
1803 2724
2130 2725
1967 2726
2457 2727
680 2728
2698 2729
2326 2730
2107 2731
2582 2732
1773 2733
1065 2734
1247 2735
807 2736
1470 2737
1947 2738
119 2739
1237 2740
1524 2741
1975 2742
2564 2743
2011 2744
914 2745
1794 2746
1473 2747
2331 2748
2483 2749
20 2750
2328 2751
40 2752
113 2753
2457 2754
1730 2755
502 2756
717 2757
1633 2758
165 2759
566 2760
196 2761
2083 2762
540 2763
1655 2764
1252 2765
1613 2766
2230 2767
1563 2768
432 2769
1819 2770
1596 2771
706 2772
1962 2773
1476 2774
1258 2775
234 2776
1146 2777
1102 2778
1312 2779
685 2780
1824 2781
987 2782
2042 2783
144 2784
1577 2785
2529 2786
618 2787
1474 2788
2065 2789
1537 2790
1525 2791
1271 2792
2318 2793
2645 2794
158 2795
1753 2796
90 2797
1081 2798
1383 2799
1998 2800
939 2801
1804 2802
1968 2803
702 2804
7 2805
2525 2806
2737 2807
818 2808
848 2809
2240 2810
2003 2811
1819 2812
887 2813
2013 2814
2258 2815
704 2816
2810 2817
1815 2818
211 2819
986 2820
433 2821
1422 2822
2067 2823
1929 2824
660 2825
1260 2826
1079 2827
1083 2828
2463 2829
182 2830
2818 2831
2439 2832
1028 2833
1155 2834
747 2835
1376 2836
1060 2837
1834 2838
1433 2839
990 2840
17 2841
1620 2842
2259 2843
224 2844
396 2845
2719 2846
78 2847
167 2848
1357 2849
357 2850
593 2851
2267 2852
1518 2853
2098 2854
1611 2855
1582 2856
807 2857
655 2858
2422 2859
18 2860
2648 2861
2145 2862
1394 2863
1894 2864
1477 2865
1222 2866
2052 2867
5 2868
1443 2869
2560 2870
1413 2871
696 2872
2709 2873
924 2874
2406 2875
2323 2876
958 2877
2601 2878
854 2879
495 2880
917 2881
2601 2882
1184 2883
763 2884
1908 2885
2732 2886
491 2887
181 2888
1847 2889
1792 2890
2772 2891
1262 2892
2702 2893
905 2894
1926 2895
2036 2896
1721 2897
2458 2898
2723 2899
1851 2900
24 2901
768 2902
1268 2903
1233 2904
1113 2905
1929 2906
2253 2907
1391 2908
112 2909
1185 2910
1980 2911
2769 2912
1754 2913
1131 2914
286 2915
965 2916
915 2917
682 2918
904 2919
2434 2920
940 2921
255 2922
891 2923
742 2924
2253 2925
1217 2926
1837 2927
1822 2928
384 2929
1489 2930
1129 2931
2794 2932
189 2933
1145 2934
2508 2935
2669 2936
1531 2937
2398 2938
494 2939
453 2940
1498 2941
1465 2942
1904 2943
1083 2944
2619 2945
1202 2946
571 2947
2835 2948
1410 2949
1090 2950
918 2951
2933 2952
1506 2953
2732 2954
2524 2955
2223 2956
1123 2957
1579 2958
565 2959
221 2960
887 2961
2904 2962
1760 2963
488 2964
1246 2965
2097 2966
151 2967
2405 2968
1010 2969
1028 2970
1816 2971
668 2972
2666 2973
2603 2974
258 2975
992 2976
2466 2977
2418 2978
246 2979
315 2980
1160 2981
2249 2982
1665 2983
287 2984
954 2985
1345 2986
478 2987
1452 2988
712 2989
75 2990
1233 2991
201 2992
37 2993
2765 2994
1513 2995
2092 2996
428 2997
735 2998
1762 2999
1612 3000
5 3001
2581 3002
1181 3003
722 3004
385 3005
1040 3006
199 3007
586 3008
1470 3009
2595 3010
2456 3011
2041 3012
1110 3013
1095 3014
1422 3015
2679 3016
2773 3017
478 3018
725 3019
2068 3020
2459 3021
2245 3022
1122 3023
2387 3024
966 3025
1104 3026
116 3027
136 3028
2891 3029
867 3030
2300 3031
1584 3032
1088 3033
2107 3034
2013 3035
298 3036
1453 3037
2921 3038
1585 3039
924 3040
205 3041
1540 3042
1087 3043
547 3044
2406 3045
2271 3046
2122 3047
821 3048
1332 3049
2639 3050
651 3051
1245 3052
2948 3053
1889 3054
337 3055
2306 3056
1613 3057
448 3058
1707 3059
1610 3060
1602 3061
414 3062
1507 3063
741 3064
1143 3065
1629 3066
213 3067
405 3068
61 3069
2140 3070
538 3071
903 3072
2023 3073
2438 3074
2947 3075
1904 3076
2053 3077
1787 3078
1803 3079
2544 3080
2570 3081
2801 3082
882 3083
2686 3084
2090 3085
807 3086
2919 3087
677 3088
2701 3089
2861 3090
1878 3091
2419 3092
904 3093
57 3094
1861 3095
3083 3096
2788 3097
2852 3098
304 3099
1141 3100
2187 3101
1525 3102
1120 3103
1631 3104
1541 3105
2674 3106
1166 3107
1348 3108
2297 3109
2707 3110
703 3111
799 3112
763 3113
2794 3114
1446 3115
2241 3116
1431 3117
1548 3118
1160 3119
1030 3120
1608 3121
2451 3122
1788 3123
1239 3124
752 3125
2067 3126
413 3127
2919 3128
954 3129
609 3130
203 3131
12 3132
1701 3133
1091 3134
395 3135
845 3136
2946 3137
1606 3138
163 3139
635 3140
2704 3141
480 3142
417 3143
1291 3144
2044 3145
1245 3146
2839 3147
1350 3148
1607 3149
1182 3150
556 3151
1671 3152
2801 3153
1047 3154
1995 3155
1993 3156
2474 3157
2328 3158
2227 3159
1172 3160
1054 3161
2553 3162
2476 3163
1866 3164
1290 3165
141 3166
1262 3167
1965 3168
397 3169
442 3170
581 3171
503 3172
1558 3173
1673 3174
651 3175
578 3176
1074 3177
1940 3178
2459 3179
1903 3180
1640 3181
817 3182
592 3183
2846 3184
2649 3185
694 3186
106 3187
2868 3188
1777 3189
715 3190
2752 3191
2943 3192
1205 3193
1018 3194
1228 3195
2792 3196
3109 3197
2096 3198
1321 3199
1060 3200
2160 3201
2071 3202
740 3203
1941 3204
1285 3205
1064 3206
311 3207
2524 3208
1960 3209
900 3210
442 3211
1102 3212
814 3213
1799 3214
802 3215
1822 3216
2774 3217
514 3218
1281 3219
240 3220
2940 3221
2344 3222
1951 3223
1024 3224
2894 3225
1210 3226
1052 3227
1665 3228
2317 3229
1703 3230
1837 3231
1910 3232
2608 3233
758 3234
3132 3235
1909 3236
424 3237
198 3238
2337 3239
2786 3240
1279 3241
2185 3242
554 3243
3223 3244
2679 3245
2903 3246
1751 3247
1704 3248
1209 3249
2830 3250
2612 3251
1738 3252
557 3253
384 3254
2225 3255
2783 3256
2020 3257
2990 3258
658 3259
992 3260
2278 3261
2930 3262
47 3263
1726 3264
578 3265
278 3266
1471 3267
820 3268
2693 3269
3135 3270
351 3271
2100 3272
810 3273
743 3274
3194 3275
2453 3276
2543 3277
2575 3278
1526 3279
2423 3280
1084 3281
1697 3282
1337 3283
341 3284
1897 3285
2748 3286
2300 3287
933 3288
995 3289
1741 3290
1066 3291
1130 3292
433 3293
2695 3294
1959 3295
458 3296
236 3297
2725 3298
2435 3299
1186 3300
417 3301
1917 3302
2673 3303
1502 3304
1210 3305
3032 3306
463 3307
232 3308
1534 3309
475 3310
2530 3311
237 3312
1729 3313
906 3314
721 3315
1464 3316
3112 3317
1162 3318
819 3319
2768 3320
3290 3321
1987 3322
19 3323
3165 3324
2369 3325
1159 3326
866 3327
2742 3328
1699 3329
1768 3330
905 3331
1795 3332
626 3333
2440 3334
1023 3335
467 3336
1026 3337
2359 3338
445 3339
2011 3340
1127 3341
1115 3342
2927 3343
1039 3344
47 3345
700 3346
603 3347
2495 3348
779 3349
2322 3350
977 3351
1672 3352
202 3353
3067 3354
1467 3355
1468 3356
1910 3357
1196 3358
2812 3359
160 3360
220 3361
2444 3362
34 3363
2497 3364
1836 3365
2485 3366
2543 3367
164 3368
1987 3369
2265 3370
3323 3371
2258 3372
3347 3373
2506 3374
1004 3375
2335 3376
1302 3377
1841 3378
1864 3379
1867 3380
3116 3381
917 3382
1569 3383
730 3384
3311 3385
2482 3386
2161 3387
2694 3388
2748 3389
2480 3390
2080 3391
1741 3392
409 3393
2968 3394
3291 3395
1435 3396
251 3397
806 3398
2686 3399
1337 3400
1334 3401
675 3402
454 3403
2288 3404
300 3405
117 3406
1976 3407
1302 3408
1719 3409
1026 3410
2352 3411
3254 3412
2557 3413
395 3414
334 3415
2367 3416
3326 3417
2044 3418
2564 3419
1122 3420
1801 3421
1923 3422
2876 3423
2230 3424
2325 3425
642 3426
324 3427
2380 3428
1564 3429
408 3430
1574 3431
2993 3432
1138 3433
2011 3434
3131 3435
896 3436
2912 3437
2133 3438
272 3439
2819 3440
909 3441
1000 3442
2587 3443
2934 3444
1196 3445
2905 3446
1428 3447
2609 3448
33 3449
3283 3450
2562 3451
723 3452
809 3453
1127 3454
1637 3455
266 3456
655 3457
488 3458
3450 3459
3297 3460
3068 3461
2243 3462
373 3463
33 3464
1943 3465
1237 3466
1190 3467
3462 3468
2161 3469
3112 3470
488 3471
1812 3472
890 3473
2941 3474
1987 3475
3008 3476
3386 3477
3002 3478
3206 3479
135 3480
1544 3481
1198 3482
524 3483
2834 3484
1782 3485
1061 3486
2077 3487
2823 3488
1612 3489
212 3490
910 3491
2391 3492
1653 3493
2837 3494
236 3495
2108 3496
3387 3497
3245 3498
3275 3499
863 3500
1676 3501
2065 3502
1029 3503
2194 3504
2990 3505
1802 3506
509 3507
1136 3508
1415 3509
2783 3510
3014 3511
502 3512
1338 3513
1022 3514
2775 3515
2912 3516
2275 3517
1900 3518
210 3519
370 3520
359 3521
1446 3522
484 3523
314 3524
1503 3525
2791 3526
1173 3527
1521 3528
2398 3529
3469 3530
181 3531
60 3532
1735 3533
1966 3534
3408 3535
1568 3536
810 3537
1009 3538
2239 3539
815 3540
1175 3541
68 3542
2249 3543
832 3544
1639 3545
1088 3546
3177 3547
921 3548
1519 3549
2492 3550
307 3551
1527 3552
278 3553
1341 3554
1722 3555
1162 3556
1667 3557
758 3558
1141 3559
2768 3560
3108 3561
3081 3562
279 3563
1199 3564
1234 3565
552 3566
3205 3567
571 3568
618 3569
554 3570
2194 3571
2898 3572
3060 3573
1607 3574
1133 3575
1394 3576
3311 3577
1292 3578
1724 3579
2534 3580
1688 3581
2373 3582
2518 3583
2735 3584
1987 3585
452 3586
2756 3587
1534 3588
917 3589
1260 3590
2212 3591
888 3592
891 3593
3591 3594
396 3595
2902 3596
3549 3597
2991 3598
3154 3599
430 3600
269 3601
2267 3602
1182 3603
1799 3604
742 3605
3265 3606
516 3607
3072 3608
1649 3609
1007 3610
3560 3611
2664 3612
561 3613
3304 3614
860 3615
2043 3616
1963 3617
3277 3618
2915 3619
3068 3620
3072 3621
3037 3622
3492 3623
3621 3624
3367 3625
154 3626
2391 3627
1677 3628
2002 3629
2881 3630
37 3631
1292 3632
747 3633
620 3634
2194 3635
1419 3636
3453 3637
1054 3638
2132 3639
3375 3640
2536 3641
920 3642
2755 3643
288 3644
2716 3645
2656 3646
3519 3647
2394 3648
1290 3649
619 3650
2152 3651
1745 3652
2196 3653
1679 3654
2173 3655
58 3656
3309 3657
55 3658
3028 3659
671 3660
2728 3661
1054 3662
3264 3663
3306 3664
1341 3665
2865 3666
1601 3667
2808 3668
409 3669
2944 3670
2815 3671
1496 3672
1719 3673
723 3674
3202 3675
3326 3676
1979 3677
3602 3678
1695 3679
3285 3680
725 3681
3019 3682
3362 3683
2510 3684
2987 3685
3413 3686
1619 3687
1633 3688
3668 3689
2309 3690
2969 3691
218 3692
541 3693
620 3694
2202 3695
1285 3696
3369 3697
1277 3698
1507 3699
2037 3700
2662 3701
3136 3702
2283 3703
2781 3704
2720 3705
1918 3706
861 3707
1860 3708
254 3709
241 3710
1609 3711
2253 3712
2945 3713
955 3714
451 3715
297 3716
2954 3717
195 3718
49 3719
711 3720
2648 3721
1601 3722
1616 3723
1645 3724
3700 3725
415 3726
3377 3727
1086 3728
3236 3729
2677 3730
1093 3731
3003 3732
1523 3733
1589 3734
3636 3735
190 3736
3340 3737
1229 3738
2257 3739
2104 3740
1617 3741
2339 3742
207 3743
511 3744
2353 3745
1493 3746
3543 3747
3061 3748
270 3749
2318 3750
705 3751
455 3752
1620 3753
1451 3754
3220 3755
1868 3756
63 3757
2620 3758
3201 3759
188 3760
3340 3761
3710 3762
772 3763
3611 3764
3492 3765
1659 3766
486 3767
1062 3768
2646 3769
2510 3770
293 3771
1073 3772
3492 3773
2198 3774
1540 3775
1338 3776
2611 3777
1917 3778
3519 3779
1356 3780
2668 3781
983 3782
1709 3783
1376 3784
3220 3785
1521 3786
2773 3787
53 3788
3305 3789
472 3790
1410 3791
1473 3792
2820 3793
2871 3794
1211 3795
2269 3796
99 3797
3104 3798
3309 3799
3596 3800
2734 3801
2046 3802
2459 3803
1609 3804
2323 3805
2253 3806
1383 3807
1637 3808
3495 3809
2148 3810
1242 3811
841 3812
3714 3813
440 3814
2305 3815
2831 3816
1999 3817
2966 3818
3455 3819
3804 3820
1482 3821
512 3822
102 3823
1591 3824
1352 3825
2394 3826
1916 3827
3416 3828
2148 3829
1244 3830
433 3831
1714 3832
3126 3833
2464 3834
3532 3835
3436 3836
854 3837
3691 3838
3528 3839
2136 3840
399 3841
3435 3842
2302 3843
1211 3844
294 3845
1438 3846
829 3847
936 3848
2763 3849
31 3850
3750 3851
2770 3852
424 3853
1668 3854
3748 3855
831 3856
2145 3857
525 3858
754 3859
2411 3860
3767 3861
186 3862
2543 3863
3114 3864
3044 3865
3153 3866
2680 3867
1221 3868
196 3869
923 3870
3557 3871
3332 3872
2771 3873
1819 3874
1677 3875
3487 3876
2496 3877
773 3878
3721 3879
1421 3880
1462 3881
2810 3882
3577 3883
2389 3884
1087 3885
3870 3886
562 3887
1566 3888
2446 3889
2830 3890
2000 3891
3529 3892
2893 3893
1650 3894
1587 3895
2273 3896
1183 3897
802 3898
1923 3899
1347 3900
713 3901
323 3902
1016 3903
3887 3904
2327 3905
3266 3906
28 3907
766 3908
4 3909
2909 3910
415 3911
2759 3912
3068 3913
1376 3914
908 3915
2481 3916
1935 3917
801 3918
3229 3919
2197 3920
3037 3921
1108 3922
2451 3923
3610 3924
2296 3925
505 3926
3456 3927
3758 3928
897 3929
3683 3930
2220 3931
913 3932
3501 3933
2190 3934
3348 3935
2508 3936
1877 3937
1931 3938
1044 3939
37 3940
111 3941
1043 3942
2806 3943
1960 3944
2130 3945
3868 3946
1171 3947
87 3948
231 3949
2014 3950
2746 3951
581 3952
3919 3953
2322 3954
3271 3955
312 3956
3037 3957
3047 3958
3642 3959
425 3960
2708 3961
3684 3962
295 3963
3427 3964
1046 3965
1513 3966
2800 3967
240 3968
2523 3969
1285 3970
94 3971
2259 3972
2067 3973
2970 3974
3877 3975
2916 3976
2973 3977
1285 3978
2023 3979
2980 3980
939 3981
3033 3982
2745 3983
3590 3984
3616 3985
2479 3986
764 3987
1936 3988
2627 3989
3443 3990
725 3991
422 3992
3943 3993
2978 3994
3238 3995
1581 3996
282 3997
3170 3998
1320 3999
2212 4000
1527 4001
1543 4002
3810 4003
3178 4004
2604 4005
3036 4006
751 4007
2474 4008
96 4009
1034 4010
3071 4011
1071 4012
3980 4013
2525 4014
2847 4015
2228 4016
2347 4017
2059 4018
2402 4019
2768 4020
2926 4021
1153 4022
2804 4023
1844 4024
2834 4025
2664 4026
3544 4027
3424 4028
3833 4029
3295 4030
854 4031
2984 4032
1534 4033
2242 4034
2136 4035
3961 4036
3665 4037
3102 4038
1805 4039
3591 4040
1508 4041
2235 4042
3124 4043
1942 4044
720 4045
911 4046
3931 4047
1176 4048
342 4049
1682 4050
2115 4051
69 4052
1993 4053
803 4054
1422 4055
216 4056
936 4057
1346 4058
1874 4059
2448 4060
2173 4061
1199 4062
1526 4063
299 4064
1678 4065
3316 4066
164 4067
3233 4068
3473 4069
3906 4070
3086 4071
1315 4072
866 4073
3548 4074
3818 4075
75 4076
3397 4077
2211 4078
1547 4079
3900 4080
1053 4081
3040 4082
1658 4083
719 4084
1630 4085
2071 4086
3310 4087
1706 4088
1934 4089
1360 4090
1782 4091
3860 4092
698 4093
41 4094
158 4095
3811 4096
843 4097
173 4098
3783 4099
1512 4100
2903 4101
1215 4102
3927 4103
1544 4104
1092 4105
2333 4106
1864 4107
1130 4108
3643 4109
2969 4110
500 4111
2025 4112
1022 4113
3313 4114
3028 4115
2695 4116
1367 4117
2589 4118
3912 4119
3678 4120
1727 4121
3870 4122
3683 4123
2118 4124
3775 4125
890 4126
4073 4127
3674 4128
1855 4129
1313 4130
2391 4131
3885 4132
1808 4133
1428 4134
3512 4135
1711 4136
3196 4137
1457 4138
622 4139
1467 4140
762 4141
2257 4142
2126 4143
1384 4144
1910 4145
1478 4146
2494 4147
184 4148
122 4149
3924 4150
1783 4151
908 4152
2161 4153
971 4154
2384 4155
587 4156
1496 4157
2793 4158
1320 4159
2861 4160
971 4161
508 4162
136 4163
3995 4164
3670 4165
1558 4166
4140 4167
146 4168
3859 4169
2970 4170
1619 4171
1275 4172
4024 4173
850 4174
1455 4175
1349 4176
942 4177
2565 4178
882 4179
2762 4180
956 4181
1990 4182
2076 4183
3356 4184
4024 4185
1070 4186
2383 4187
2278 4188
3398 4189
1903 4190
3654 4191
3392 4192
2555 4193
1037 4194
384 4195
1259 4196
1606 4197
90 4198
2315 4199
3529 4200
3357 4201
491 4202
1134 4203
3593 4204
4204 4205
3985 4206
1434 4207
3389 4208
439 4209
683 4210
399 4211
1200 4212
2500 4213
956 4214
149 4215
2319 4216
1289 4217
950 4218
2556 4219
2344 4220
4214 4221
4099 4222
808 4223
2663 4224
627 4225
2286 4226
327 4227
4219 4228
1835 4229
1239 4230
29 4231
37 4232
2868 4233
1530 4234
1808 4235
2556 4236
2021 4237
501 4238
2821 4239
1357 4240
1764 4241
99 4242
800 4243
2635 4244
378 4245
2151 4246
4229 4247
380 4248
1608 4249
4189 4250
2027 4251
377 4252
2036 4253
575 4254
3370 4255
1133 4256
3830 4257
1141 4258
3062 4259
1909 4260
391 4261
556 4262
3206 4263
3998 4264
850 4265
1399 4266
769 4267
4095 4268
3013 4269
3477 4270
926 4271
4049 4272
2537 4273
3931 4274
2563 4275
1267 4276
2259 4277
688 4278
1260 4279
2660 4280
1415 4281
1797 4282
489 4283
3681 4284
317 4285
3134 4286
2522 4287
1795 4288
3489 4289
688 4290
492 4291
3468 4292
1386 4293
3980 4294
3054 4295
1514 4296
129 4297
2866 4298
542 4299
2860 4300
2011 4301
2256 4302
1229 4303
49 4304
4081 4305
215 4306
737 4307
1771 4308
1034 4309
732 4310
1656 4311
1025 4312
2481 4313
4136 4314
2592 4315
11 4316
2150 4317
2459 4318
3728 4319
2952 4320
3647 4321
4244 4322
2847 4323
1998 4324
633 4325
1564 4326
2160 4327
2774 4328
3451 4329
1550 4330
2267 4331
1261 4332
578 4333
1221 4334
3417 4335
540 4336
3239 4337
3066 4338
2498 4339
3251 4340
3943 4341
4134 4342
812 4343
3177 4344
758 4345
2738 4346
1726 4347
3896 4348
165 4349
2483 4350
1757 4351
3538 4352
3961 4353
491 4354
4138 4355
3779 4356
3020 4357
3499 4358
4247 4359
3080 4360
153 4361
22 4362
1463 4363
1466 4364
1598 4365
3483 4366
2198 4367
2911 4368
3881 4369
2100 4370
1577 4371
2161 4372
3394 4373
1293 4374
2657 4375
3800 4376
2735 4377
4117 4378
2829 4379
2558 4380
366 4381
3683 4382
3477 4383
1338 4384
2659 4385
838 4386
850 4387
772 4388
1146 4389
3544 4390
641 4391
4162 4392
77 4393
1632 4394
210 4395
1068 4396
140 4397
945 4398
783 4399
2159 4400
4110 4401
30 4402
539 4403
2702 4404
60 4405
4315 4406
522 4407
3930 4408
2379 4409
284 4410
2135 4411
2142 4412
1146 4413
1756 4414
2767 4415
4281 4416
480 4417
4403 4418
4401 4419
3386 4420
4120 4421
3214 4422
1487 4423
577 4424
1833 4425
1245 4426
896 4427
1425 4428
1246 4429
574 4430
3231 4431
2581 4432
1796 4433
266 4434
96 4435
4181 4436
3244 4437
3806 4438
1411 4439
3309 4440
2026 4441
4252 4442
3865 4443
3171 4444
4018 4445
1855 4446
3682 4447
1224 4448
1782 4449
2425 4450
1659 4451
4192 4452
4053 4453
3680 4454
984 4455
2971 4456
4138 4457
1345 4458
2965 4459
1718 4460
709 4461
4147 4462
2483 4463
566 4464
573 4465
3023 4466
280 4467
788 4468
57 4469
2795 4470
2515 4471
2263 4472
370 4473
2325 4474
1399 4475
1847 4476
2010 4477
1215 4478
650 4479
1373 4480
1985 4481
2571 4482
3380 4483
2371 4484
3387 4485
195 4486
3460 4487
1195 4488
2064 4489
2379 4490
1430 4491
3670 4492
582 4493
1561 4494
741 4495
2515 4496
2432 4497
1014 4498
2216 4499
471 4500
3812 4501
2587 4502
4038 4503
4290 4504
1765 4505
841 4506
3895 4507
4297 4508
3333 4509
3449 4510
2693 4511
2525 4512
35 4513
2339 4514
1565 4515
3699 4516
421 4517
535 4518
1584 4519
1464 4520
2901 4521
680 4522
1782 4523
4090 4524
4408 4525
504 4526
2370 4527
1305 4528
610 4529
2131 4530
1394 4531
3696 4532
3738 4533
2041 4534
741 4535
2366 4536
4510 4537
2643 4538
3531 4539
169 4540
2124 4541
496 4542
4452 4543
4371 4544
2724 4545
4532 4546
3710 4547
3273 4548
2015 4549
2396 4550
3823 4551
3882 4552
1131 4553
1112 4554
4209 4555
2137 4556
682 4557
1573 4558
4356 4559
3986 4560
1438 4561
2106 4562
1093 4563
4559 4564
4234 4565
3550 4566
2103 4567
3362 4568
4349 4569
1060 4570
2034 4571
1364 4572
1250 4573
3863 4574
1934 4575
1452 4576
2265 4577
2575 4578
4574 4579
1888 4580
2190 4581
1230 4582
2534 4583
1341 4584
1037 4585
1046 4586
2891 4587
1413 4588
2007 4589
2948 4590
2567 4591
1905 4592
4531 4593
775 4594
1467 4595
1533 4596
4192 4597
4366 4598
3685 4599
578 4600
2156 4601
1806 4602
3843 4603
1174 4604
963 4605
1074 4606
1542 4607
2989 4608
3108 4609
1865 4610
1776 4611
2086 4612
2020 4613
1573 4614
2320 4615
1477 4616
2878 4617
4448 4618
3918 4619
1394 4620
1604 4621
1670 4622
3536 4623
2297 4624
904 4625
3147 4626
1815 4627
955 4628
2813 4629
1546 4630
3006 4631
2437 4632
320 4633
25 4634
4586 4635
18 4636
3673 4637
646 4638
3994 4639
2042 4640
3391 4641
1762 4642
3350 4643
4476 4644
3348 4645
2162 4646
354 4647
3157 4648
1428 4649
3624 4650
2636 4651
462 4652
1619 4653
2499 4654
586 4655
3677 4656
4457 4657
3452 4658
4015 4659
3510 4660
3285 4661
1023 4662
4221 4663
4390 4664
874 4665
736 4666
2348 4667
1316 4668
2993 4669
3905 4670
4422 4671
1226 4672
2412 4673
2924 4674
638 4675
3777 4676
1604 4677
2263 4678
1190 4679
3247 4680
1401 4681
3423 4682
1256 4683
558 4684
3957 4685
1195 4686
2988 4687
3553 4688
477 4689
3779 4690
4272 4691
430 4692
2819 4693
4535 4694
1247 4695
1126 4696
313 4697
2750 4698
4035 4699
137 4700
2230 4701
4176 4702
3249 4703
4678 4704
134 4705
1962 4706
2261 4707
2261 4708
487 4709
4643 4710
767 4711
4200 4712
3313 4713
4001 4714
232 4715
1305 4716
3799 4717
1243 4718
2683 4719
2613 4720
726 4721
3220 4722
4382 4723
1164 4724
2071 4725
1003 4726
1093 4727
2042 4728
712 4729
2133 4730
3076 4731
3475 4732
2977 4733
2671 4734
4367 4735
2487 4736
1802 4737
4518 4738
2634 4739
729 4740
4625 4741
2588 4742
2366 4743
4716 4744
3759 4745
1629 4746
4002 4747
284 4748
235 4749
4697 4750
3635 4751
3272 4752
3366 4753
719 4754
3161 4755
2453 4756
3397 4757
4683 4758
1278 4759
4689 4760
1522 4761
2879 4762
2588 4763
107 4764
2361 4765
516 4766
3213 4767
2867 4768
3247 4769
416 4770
1265 4771
1245 4772
3519 4773
3695 4774
1504 4775
1808 4776
1593 4777
4166 4778
364 4779
2082 4780
2792 4781
2498 4782
1710 4783
2041 4784
3667 4785
4181 4786
823 4787
2969 4788
4075 4789
3530 4790
3903 4791
1793 4792
642 4793
4252 4794
3470 4795
4660 4796
3687 4797
4428 4798
3289 4799
1894 4800
326 4801
3351 4802
65 4803
4742 4804
2538 4805
2591 4806
3351 4807
1440 4808
350 4809
1177 4810
145 4811
695 4812
2695 4813
2788 4814
2817 4815
2115 4816
1762 4817
2647 4818
4597 4819
2635 4820
2255 4821
1026 4822
4114 4823
3799 4824
3178 4825
2426 4826
1721 4827
2955 4828
3888 4829
854 4830
4735 4831
482 4832
974 4833
1395 4834
4813 4835
2443 4836
3580 4837
1308 4838
689 4839
4699 4840
133 4841
2884 4842
1719 4843
4785 4844
885 4845
192 4846
3523 4847
2181 4848
3974 4849
651 4850
4177 4851
3695 4852
472 4853
4012 4854
2917 4855
3734 4856
842 4857
1486 4858
1415 4859
4217 4860
3162 4861
3079 4862
2243 4863
2073 4864
89 4865
1546 4866
755 4867
4180 4868
2067 4869
213 4870
3803 4871
3460 4872
3879 4873
148 4874
3483 4875
3875 4876
2331 4877
3135 4878
2256 4879
1130 4880
1266 4881
2268 4882
700 4883
3301 4884
3885 4885
1836 4886
2582 4887
2241 4888
2986 4889
827 4890
658 4891
4290 4892
3784 4893
562 4894
3222 4895
3133 4896
4381 4897
1909 4898
2951 4899
4394 4900
3243 4901
4706 4902
1372 4903
1885 4904
1385 4905
329 4906
4887 4907
4767 4908
3412 4909
3238 4910
3220 4911
2232 4912
3577 4913
4822 4914
2607 4915
4195 4916
4661 4917
931 4918
1279 4919
2021 4920
2986 4921
1766 4922
4750 4923
2405 4924
4782 4925
4286 4926
1498 4927
3327 4928
2516 4929
1009 4930
602 4931
3251 4932
3329 4933
541 4934
1543 4935
4268 4936
3361 4937
3591 4938
2279 4939
1127 4940
1342 4941
281 4942
1100 4943
687 4944
2604 4945
78 4946
4845 4947
1224 4948
3609 4949
1893 4950
987 4951
3087 4952
2724 4953
32 4954
264 4955
842 4956
3773 4957
3380 4958
3296 4959
1208 4960
1736 4961
1138 4962
1986 4963
3199 4964
1908 4965
272 4966
151 4967
3510 4968
2600 4969
4456 4970
2655 4971
888 4972
2502 4973
4518 4974
284 4975
3553 4976
1388 4977
4606 4978
2381 4979
4005 4980
1096 4981
1086 4982
4192 4983
2878 4984
2926 4985
702 4986
4106 4987
2309 4988
2009 4989
4476 4990
388 4991
2460 4992
2703 4993
2236 4994
840 4995
893 4996
2118 4997
664 4998
1025 4999
1319 5000
1985 5001
1678 5002
1731 5003
1687 5004
1138 5005
892 5006
713 5007
857 5008
219 5009
3768 5010
357 5011
4136 5012
28 5013
293 5014
4065 5015
3652 5016
4181 5017
1832 5018
1214 5019
3714 5020
2572 5021
4888 5022
1332 5023
4642 5024
3260 5025
2415 5026
2010 5027
3814 5028
4072 5029
4969 5030
4604 5031
4443 5032
1820 5033
2263 5034
5000 5035
2229 5036
3685 5037
1181 5038
1424 5039
2350 5040
2738 5041
4892 5042
4592 5043
46 5044
4761 5045
1362 5046
1404 5047
2022 5048
2450 5049
2910 5050
2476 5051
4570 5052
1532 5053
3943 5054
4158 5055
2722 5056
3067 5057
4016 5058
1867 5059
1156 5060
4449 5061
4889 5062
3328 5063
4963 5064
3906 5065
553 5066
1805 5067
3443 5068
2326 5069
192 5070
1752 5071
3242 5072
2204 5073
34 5074
24 5075
3177 5076
349 5077
4782 5078
1935 5079
4186 5080
392 5081
1777 5082
1112 5083
2875 5084
577 5085
3545 5086
2854 5087
2304 5088
2132 5089
176 5090
1221 5091
524 5092
2594 5093
294 5094
4408 5095
3850 5096
1038 5097
4794 5098
5029 5099
2818 5100
4459 5101
4963 5102
4607 5103
2141 5104
4960 5105
2025 5106
2880 5107
1574 5108
1005 5109
3556 5110
1469 5111
1300 5112
1764 5113
4393 5114
3570 5115
2680 5116
5002 5117
3384 5118
712 5119
565 5120
864 5121
4334 5122
3377 5123
3251 5124
2226 5125
3474 5126
3172 5127
886 5128
371 5129
498 5130
1722 5131
1723 5132
2115 5133
4651 5134
4073 5135
1679 5136
396 5137
1478 5138
2180 5139
4975 5140
3021 5141
4755 5142
2718 5143
2057 5144
4693 5145
3310 5146
3345 5147
2988 5148
1101 5149
1634 5150
2178 5151
4676 5152
4103 5153
441 5154
920 5155
547 5156
4373 5157
1328 5158
1532 5159
1017 5160
3824 5161
1536 5162
4123 5163
172 5164
1895 5165
797 5166
519 5167
468 5168
1248 5169
3288 5170
3343 5171
2160 5172
3825 5173
1754 5174
1015 5175
3442 5176
3672 5177
1220 5178
2038 5179
1526 5180
400 5181
4976 5182
2830 5183
2591 5184
4744 5185
950 5186
4140 5187
145 5188
2104 5189
4109 5190
1419 5191
4085 5192
3923 5193
2992 5194
4914 5195
3642 5196
3981 5197
867 5198
2463 5199
3834 5200
2345 5201
4279 5202
80 5203
4926 5204
5047 5205
3583 5206
4157 5207
1783 5208
2672 5209
4240 5210
2992 5211
2694 5212
3957 5213
3920 5214
3127 5215
1437 5216
4219 5217
553 5218
3136 5219
4947 5220
4704 5221
2747 5222
248 5223
2144 5224
2521 5225
836 5226
4244 5227
5096 5228
2262 5229
1917 5230
2488 5231
4676 5232
790 5233
2069 5234
1368 5235
892 5236
4838 5237
1888 5238
1744 5239
1229 5240
3630 5241
3857 5242
4132 5243
2254 5244
1016 5245
2571 5246
1956 5247
3203 5248
4210 5249
1676 5250
3808 5251
2925 5252
4443 5253
1241 5254
2428 5255
2931 5256
1228 5257
2542 5258
1062 5259
3005 5260
2631 5261
2220 5262
2213 5263
1902 5264
3509 5265
1723 5266
913 5267
3310 5268
3324 5269
4563 5270
3159 5271
3940 5272
4498 5273
4267 5274
457 5275
2819 5276
4195 5277
4796 5278
2736 5279
1589 5280
3461 5281
2354 5282
533 5283
5043 5284
529 5285
3393 5286
2289 5287
1817 5288
3268 5289
4021 5290
2256 5291
4480 5292
3051 5293
370 5294
3194 5295
3289 5296
1123 5297
2559 5298
4595 5299
1970 5300
1238 5301
4564 5302
2978 5303
3464 5304
1583 5305
5222 5306
4758 5307
5065 5308
2600 5309
2620 5310
2442 5311
3412 5312
3693 5313
1065 5314
2117 5315
1388 5316
2182 5317
2454 5318
5181 5319
960 5320
937 5321
902 5322
404 5323
1985 5324
684 5325
1318 5326
5058 5327
1355 5328
1226 5329
4831 5330
2195 5331
1404 5332
5200 5333
2845 5334
171 5335
4986 5336
3480 5337
1644 5338
2735 5339
5020 5340
4155 5341
294 5342
3625 5343
3858 5344
4257 5345
1890 5346
589 5347
1426 5348
3083 5349
588 5350
1842 5351
5270 5352
4966 5353
2352 5354
3019 5355
5348 5356
1625 5357
5351 5358
5094 5359
1715 5360
2027 5361
902 5362
471 5363
895 5364
3830 5365
4787 5366
2301 5367
3821 5368
501 5369
1205 5370
1684 5371
2505 5372
1699 5373
2420 5374
78 5375
39 5376
832 5377
1281 5378
2977 5379
3992 5380
2182 5381
2573 5382
2537 5383
3170 5384
662 5385
2185 5386
3713 5387
5106 5388
2641 5389
34 5390
2121 5391
4189 5392
2948 5393
1645 5394
5194 5395
3694 5396
4836 5397
5177 5398
3937 5399
721 5400
2674 5401
1834 5402
1697 5403
1547 5404
1427 5405
4386 5406
4523 5407
4895 5408
2298 5409
3932 5410
4220 5411
4546 5412
297 5413
3540 5414
3059 5415
2402 5416
2860 5417
3498 5418
2403 5419
3419 5420
2771 5421
591 5422
2461 5423
1276 5424
461 5425
5107 5426
4115 5427
496 5428
3085 5429
1097 5430
4363 5431
682 5432
4111 5433
3084 5434
343 5435
2125 5436
1742 5437
3324 5438
3059 5439
2610 5440
2356 5441
976 5442
1963 5443
702 5444
2285 5445
5360 5446
4773 5447
985 5448
4380 5449
1448 5450
2665 5451
4930 5452
1568 5453
222 5454
2384 5455
4788 5456
5062 5457
839 5458
3500 5459
527 5460
1042 5461
4059 5462
2808 5463
1891 5464
1404 5465
1307 5466
5215 5467
2043 5468
2109 5469
2358 5470
1799 5471
4108 5472
2519 5473
4278 5474
4010 5475
19 5476
846 5477
383 5478
5137 5479
4868 5480
5245 5481
3941 5482
4599 5483
4012 5484
2637 5485
5286 5486
1867 5487
2771 5488
3394 5489
2957 5490
1523 5491
4281 5492
5473 5493
1234 5494
2049 5495
2191 5496
374 5497
4935 5498
4325 5499
5413 5500
2039 5501
3875 5502
4100 5503
3185 5504
630 5505
1794 5506
2238 5507
3790 5508
2885 5509
3782 5510
1349 5511
5286 5512
234 5513
164 5514
3944 5515
1058 5516
2701 5517
698 5518
5019 5519
4609 5520
3918 5521
1661 5522
3448 5523
1042 5524
3111 5525
1600 5526
2709 5527
5268 5528
3107 5529
4581 5530
3142 5531
2540 5532
3650 5533
1414 5534
820 5535
5512 5536
397 5537
631 5538
520 5539
191 5540
4948 5541
3601 5542
290 5543
4577 5544
4738 5545
849 5546
2220 5547
4090 5548
2911 5549
1501 5550
1328 5551
4873 5552
4616 5553
4261 5554
1731 5555
5479 5556
2313 5557
4607 5558
3201 5559
3641 5560
1991 5561
3415 5562
3477 5563
134 5564
1941 5565
3423 5566
2821 5567
2210 5568
4856 5569
855 5570
2549 5571
356 5572
294 5573
5047 5574
1992 5575
1228 5576
4232 5577
204 5578
3265 5579
3646 5580
4903 5581
4924 5582
1452 5583
3475 5584
2716 5585
1046 5586
1610 5587
2265 5588
940 5589
1390 5590
4927 5591
2523 5592
2644 5593
5294 5594
3092 5595
1851 5596
4441 5597
1732 5598
5441 5599
3301 5600
2242 5601
4592 5602
3376 5603
2811 5604
4799 5605
2534 5606
2613 5607
5290 5608
2466 5609
4410 5610
706 5611
2292 5612
4640 5613
1872 5614
1782 5615
1982 5616
4704 5617
402 5618
1042 5619
3255 5620
248 5621
5183 5622
2878 5623
1999 5624
3133 5625
2753 5626
4061 5627
4705 5628
2255 5629
32 5630
4456 5631
5087 5632
3985 5633
146 5634
1992 5635
2789 5636
5517 5637
1888 5638
2629 5639
5575 5640
1882 5641
2456 5642
1508 5643
1711 5644
654 5645
4067 5646
2869 5647
4639 5648
3928 5649
5142 5650
1237 5651
4619 5652
5292 5653
3498 5654
5391 5655
2910 5656
1739 5657
5573 5658
5441 5659
99 5660
2906 5661
5076 5662
3209 5663
896 5664
2461 5665
223 5666
1182 5667
2147 5668
3976 5669
670 5670
4929 5671
2548 5672
4410 5673
2822 5674
3395 5675
5531 5676
5405 5677
4374 5678
2840 5679
790 5680
3776 5681
5436 5682
2993 5683
4601 5684
3035 5685
5371 5686
247 5687
1576 5688
3893 5689
2346 5690
1885 5691
958 5692
366 5693
4043 5694
1770 5695
5052 5696
2421 5697
3655 5698
3511 5699
2062 5700
3536 5701
170 5702
4264 5703
4431 5704
1761 5705
1142 5706
3082 5707
4648 5708
4956 5709
2027 5710
1883 5711
3557 5712
4851 5713
4758 5714
3848 5715
4641 5716
1347 5717
2919 5718
2153 5719
2565 5720
4571 5721
4399 5722
4370 5723
3768 5724
1475 5725
666 5726
3786 5727
4502 5728
3775 5729
3139 5730
2764 5731
593 5732
743 5733
153 5734
5070 5735
41 5736
2754 5737
166 5738
4887 5739
4131 5740
4410 5741
4887 5742
5409 5743
4089 5744
3593 5745
3320 5746
2524 5747
4438 5748
3549 5749
4564 5750
3794 5751
2254 5752
320 5753
4103 5754
1290 5755
2920 5756
3227 5757
2246 5758
2426 5759
4455 5760
4276 5761
3884 5762
581 5763
5218 5764
1846 5765
5014 5766
3374 5767
1039 5768
2170 5769
1678 5770
1226 5771
4632 5772
381 5773
5173 5774
1937 5775
4848 5776
2538 5777
2168 5778
874 5779
5478 5780
2789 5781
3600 5782
4197 5783
1824 5784
950 5785
3899 5786
2457 5787
3787 5788
1824 5789
989 5790
1367 5791
2383 5792
4044 5793
2697 5794
418 5795
4824 5796
5015 5797
3192 5798
5310 5799
3367 5800
22 5801
2823 5802
4900 5803
4568 5804
424 5805
5089 5806
4367 5807
3283 5808
5474 5809
3929 5810
5524 5811
1596 5812
455 5813
3193 5814
890 5815
2429 5816
495 5817
2021 5818
4523 5819
4739 5820
5664 5821
1539 5822
1524 5823
4652 5824
687 5825
1756 5826
5801 5827
402 5828
738 5829
917 5830
5069 5831
3701 5832
5094 5833
1896 5834
4486 5835
1365 5836
5057 5837
2185 5838
5047 5839
4471 5840
2910 5841
5473 5842
4431 5843
5811 5844
5066 5845
4885 5846
1133 5847
5141 5848
3996 5849
636 5850
5069 5851
3720 5852
4910 5853
172 5854
4295 5855
5042 5856
5832 5857
4805 5858
269 5859
3976 5860
2785 5861
2400 5862
294 5863
1831 5864
5423 5865
5841 5866
3646 5867
5099 5868
3369 5869
5021 5870
5252 5871
4796 5872
1999 5873
1739 5874
3609 5875
3325 5876
5200 5877
2305 5878
1738 5879
5670 5880
4369 5881
154 5882
3729 5883
719 5884
3753 5885
1884 5886
45 5887
108 5888
2461 5889
5229 5890
1671 5891
2212 5892
1560 5893
3874 5894
3043 5895
5123 5896
3512 5897
3521 5898
2597 5899
3893 5900
4086 5901
4318 5902
5074 5903
2306 5904
4512 5905
5381 5906
4670 5907
4047 5908
2546 5909
5196 5910
1853 5911
4692 5912
2228 5913
537 5914
3009 5915
2773 5916
1593 5917
3158 5918
1406 5919
4634 5920
3795 5921
5427 5922
1973 5923
741 5924
1272 5925
3072 5926
787 5927
102 5928
4579 5929
5452 5930
4110 5931
3433 5932
295 5933
4748 5934
4057 5935
3305 5936
187 5937
1535 5938
3089 5939
5637 5940
4642 5941
5537 5942
5574 5943
1354 5944
4952 5945
3773 5946
5312 5947
2947 5948
5023 5949
4179 5950
2453 5951
924 5952
2948 5953
4298 5954
4373 5955
4620 5956
4076 5957
1720 5958
773 5959
4628 5960
4439 5961
5193 5962
1396 5963
377 5964
1138 5965
13 5966
5075 5967
2686 5968
2657 5969
598 5970
2933 5971
901 5972
2485 5973
566 5974
4487 5975
115 5976
5197 5977
357 5978
3590 5979
3504 5980
4945 5981
4174 5982
3582 5983
3458 5984
1340 5985
22 5986
601 5987
4924 5988
4303 5989
4986 5990
5405 5991
1284 5992
4442 5993
2726 5994
1046 5995
4504 5996
2196 5997
4268 5998
1812 5999
4890 6000
4629 6001
4451 6002
1722 6003
5935 6004
4759 6005
922 6006
406 6007
2078 6008
2481 6009
228 6010
2598 6011
2798 6012
4727 6013
3059 6014
2588 6015
5406 6016
4197 6017
368 6018
1559 6019
5166 6020
2753 6021
2732 6022
5784 6023
3540 6024
4672 6025
2414 6026
4284 6027
924 6028
3877 6029
1013 6030
2823 6031
1493 6032
5135 6033
1460 6034
715 6035
5210 6036
373 6037
2221 6038
2616 6039
5757 6040
755 6041
1820 6042
644 6043
3438 6044
3380 6045
3421 6046
2493 6047
4996 6048
1444 6049
1351 6050
1248 6051
4338 6052
1040 6053
884 6054
5387 6055
4122 6056
3117 6057
507 6058
237 6059
5227 6060
3561 6061
2248 6062
6020 6063
345 6064
3971 6065
218 6066
4044 6067
1308 6068
4917 6069
3826 6070
4971 6071
2896 6072
5354 6073
2883 6074
2974 6075
3945 6076
5281 6077
1587 6078
1201 6079
16 6080
2545 6081
5999 6082
2040 6083
5036 6084
1776 6085
2920 6086
2612 6087
1400 6088
744 6089
3107 6090
2016 6091
1825 6092
6026 6093
1035 6094
2289 6095
4927 6096
256 6097
2278 6098
4021 6099
4687 6100
4466 6101
3622 6102
5255 6103
4152 6104
5923 6105
1755 6106
4873 6107
2841 6108
4911 6109
430 6110
1420 6111
1072 6112
686 6113
1089 6114
4206 6115
3101 6116
5554 6117
5168 6118
1269 6119
2309 6120
1044 6121
5592 6122
159 6123
1402 6124
4448 6125
5424 6126
404 6127
1494 6128
3995 6129
3381 6130
1424 6131
2913 6132
4725 6133
5859 6134
1 6135
136 6136
845 6137
766 6138
5037 6139
1659 6140
2674 6141
4920 6142
1964 6143
3734 6144
2781 6145
4999 6146
5481 6147
639 6148
352 6149
1033 6150
614 6151
1433 6152
4704 6153
230 6154
3907 6155
4043 6156
5879 6157
5320 6158
5064 6159
5274 6160
2526 6161
4608 6162
4389 6163
4285 6164
4025 6165
3859 6166
2238 6167
5592 6168
4880 6169
5704 6170
861 6171
3060 6172
1260 6173
1142 6174
3804 6175
3579 6176
5483 6177
162 6178
4319 6179
2546 6180
4509 6181
1055 6182
3353 6183
2559 6184
1565 6185
3013 6186
2759 6187
3443 6188
3109 6189
4390 6190
5608 6191
5211 6192
4543 6193
539 6194
1221 6195
5590 6196
3292 6197
4853 6198
2469 6199
1694 6200
3302 6201
2378 6202
4442 6203
460 6204
5630 6205
153 6206
5161 6207
3850 6208
2167 6209
4229 6210
3488 6211
2466 6212
1277 6213
5360 6214
567 6215
1817 6216
5861 6217
5794 6218
3350 6219
540 6220
1248 6221
5960 6222
4636 6223
2225 6224
776 6225
4718 6226
3242 6227
3508 6228
2109 6229
4544 6230
5602 6231
805 6232
4473 6233
1935 6234
607 6235
5508 6236
5929 6237
1317 6238
605 6239
1905 6240
2645 6241
3054 6242
3556 6243
4933 6244
1698 6245
1368 6246
5210 6247
5339 6248
4128 6249
1172 6250
1298 6251
4889 6252
6229 6253
5890 6254
5644 6255
5698 6256
4039 6257
5631 6258
3111 6259
2085 6260
2106 6261
5040 6262
2069 6263
4183 6264
2743 6265
50 6266
4110 6267
2124 6268
4307 6269
2576 6270
3598 6271
2609 6272
4857 6273
3732 6274
3164 6275
5266 6276
1497 6277
3256 6278
2074 6279
191 6280
3018 6281
2610 6282
1370 6283
3941 6284
418 6285
3609 6286
2050 6287
1796 6288
3096 6289
5692 6290
3591 6291
3712 6292
3712 6293
2839 6294
3900 6295
2175 6296
4563 6297
3011 6298
4053 6299
1633 6300
3624 6301
2321 6302
2610 6303
2244 6304
2069 6305
2375 6306
3786 6307
1682 6308
2315 6309
5604 6310
1856 6311
3576 6312
1815 6313
5076 6314
3867 6315
4612 6316
274 6317
167 6318
5747 6319
5066 6320
3677 6321
6119 6322
4431 6323
586 6324
5041 6325
5237 6326
2755 6327
6194 6328
5779 6329
4157 6330
862 6331
86 6332
2432 6333
3849 6334
2370 6335
3407 6336
5444 6337
4419 6338
3280 6339
1664 6340
5200 6341
792 6342
5262 6343
1712 6344
4415 6345
49 6346
6126 6347
1587 6348
6028 6349
2689 6350
1327 6351
1237 6352
2748 6353
1388 6354
2383 6355
5211 6356
1737 6357
3765 6358
6069 6359
6066 6360
2943 6361
990 6362
305 6363
114 6364
3677 6365
6239 6366
165 6367
3226 6368
4764 6369
5640 6370
2218 6371
2145 6372
4166 6373
2950 6374
3886 6375
4007 6376
2971 6377
1709 6378
1188 6379
4275 6380
3945 6381
2439 6382
5337 6383
5562 6384
959 6385
1310 6386
4505 6387
3193 6388
4538 6389
4970 6390
3931 6391
363 6392
2853 6393
2832 6394
1165 6395
3786 6396
2852 6397
4915 6398
4355 6399
1066 6400
5198 6401
3473 6402
4041 6403
2420 6404
4544 6405
5270 6406
2566 6407
5245 6408
767 6409
2992 6410
317 6411
1355 6412
600 6413
4917 6414
815 6415
1826 6416
1024 6417
5678 6418
3652 6419
3098 6420
1237 6421
4086 6422
4327 6423
3322 6424
3330 6425
6191 6426
184 6427
624 6428
2808 6429
4356 6430
2398 6431
4736 6432
1926 6433
4408 6434
3631 6435
5983 6436
2924 6437
211 6438
3823 6439
4166 6440
4018 6441
1300 6442
3112 6443
6154 6444
4445 6445
2409 6446
3254 6447
5244 6448
6047 6449
1450 6450
686 6451
4269 6452
5985 6453
99 6454
2559 6455
1966 6456
6179 6457
3300 6458
1502 6459
2099 6460
1618 6461
3230 6462
5377 6463
5355 6464
2300 6465
4829 6466
6155 6467
5248 6468
2090 6469
4784 6470
319 6471
546 6472
4596 6473
148 6474
1464 6475
5440 6476
591 6477
2827 6478
394 6479
6001 6480
2527 6481
2958 6482
1853 6483
2303 6484
4724 6485
4472 6486
5115 6487
6459 6488
3615 6489
4232 6490
190 6491
5538 6492
4978 6493
1606 6494
5207 6495
1806 6496
1664 6497
3335 6498
183 6499
5532 6500
5026 6501
287 6502
1355 6503
378 6504
4206 6505
5210 6506
4153 6507
497 6508
3196 6509
1965 6510
574 6511
586 6512
2218 6513
5466 6514
4134 6515
6482 6516
1533 6517
814 6518
4482 6519
1939 6520
1904 6521
4318 6522
5587 6523
5568 6524
5013 6525
5140 6526
4837 6527
2825 6528
1092 6529
3455 6530
645 6531
3876 6532
2337 6533
1189 6534
3446 6535
5741 6536
1322 6537
3921 6538
2915 6539
1572 6540
2224 6541
1590 6542
6010 6543
6186 6544
3080 6545
2791 6546
325 6547
3219 6548
4804 6549
737 6550
1218 6551
436 6552
4528 6553
158 6554
2887 6555
123 6556
2226 6557
5613 6558
5378 6559
4742 6560
3795 6561
1743 6562
2987 6563
2701 6564
1331 6565
2458 6566
5696 6567
5175 6568
6041 6569
3768 6570
4433 6571
524 6572
6499 6573
2636 6574
6256 6575
572 6576
3011 6577
6180 6578
1839 6579
1516 6580
2369 6581
2917 6582
3201 6583
2830 6584
2106 6585
1011 6586
4329 6587
1383 6588
640 6589
2418 6590
423 6591
2478 6592
2188 6593
3176 6594
4884 6595
1497 6596
301 6597
6367 6598
5810 6599
3104 6600
864 6601
2734 6602
4817 6603
3552 6604
2930 6605
1102 6606
5447 6607
6267 6608
2599 6609
1444 6610
1198 6611
4242 6612
3165 6613
5510 6614
276 6615
2146 6616
5669 6617
2983 6618
5882 6619
509 6620
4430 6621
6240 6622
6226 6623
5755 6624
4296 6625
1997 6626
196 6627
5553 6628
5469 6629
2209 6630
6543 6631
262 6632
6383 6633
3483 6634
532 6635
2205 6636
4000 6637
4494 6638
2511 6639
1707 6640
2721 6641
1296 6642
3104 6643
3740 6644
2489 6645
404 6646
998 6647
4756 6648
1526 6649
4119 6650
983 6651
351 6652
5024 6653
4533 6654
4950 6655
1622 6656
1191 6657
3529 6658
1702 6659
1906 6660
5983 6661
1299 6662
1409 6663
339 6664
1487 6665
885 6666
3325 6667
6224 6668
5473 6669
5982 6670
3782 6671
1385 6672
2832 6673
6359 6674
5651 6675
4838 6676
4950 6677
2760 6678
4326 6679
2071 6680
2819 6681
3782 6682
2803 6683
5674 6684
1715 6685
899 6686
3690 6687
6546 6688
6145 6689
2055 6690
5374 6691
1010 6692
1729 6693
2785 6694
1246 6695
6610 6696
3650 6697
3675 6698
4737 6699
4755 6700
3550 6701
2328 6702
1614 6703
5491 6704
4760 6705
3599 6706
2031 6707
1575 6708
4130 6709
395 6710
4700 6711
1340 6712
1755 6713
2238 6714
4476 6715
613 6716
5049 6717
3149 6718
547 6719
5248 6720
4674 6721
6619 6722
4709 6723
2901 6724
2966 6725
3983 6726
3400 6727
6369 6728
2180 6729
3132 6730
393 6731
5431 6732
5957 6733
5861 6734
218 6735
6028 6736
1035 6737
2129 6738
6215 6739
4149 6740
2394 6741
982 6742
6716 6743
3417 6744
1129 6745
77 6746
4513 6747
2759 6748
2736 6749
6658 6750
910 6751
4925 6752
2059 6753
2112 6754
4700 6755
4065 6756
63 6757
526 6758
4043 6759
2236 6760
4293 6761
1655 6762
3150 6763
1710 6764
5099 6765
4050 6766
2486 6767
3043 6768
3923 6769
6293 6770
5419 6771
311 6772
4412 6773
3735 6774
1112 6775
4152 6776
4415 6777
6533 6778
4505 6779
759 6780
6213 6781
5309 6782
4732 6783
3840 6784
668 6785
1270 6786
6518 6787
1727 6788
2066 6789
4214 6790
3108 6791
3375 6792
6043 6793
3805 6794
6189 6795
4219 6796
2868 6797
6067 6798
2381 6799
4306 6800
2675 6801
1307 6802
4204 6803
3903 6804
1203 6805
1176 6806
4215 6807
1611 6808
2699 6809
4431 6810
4752 6811
3398 6812
2700 6813
5267 6814
4851 6815
6420 6816
1191 6817
6305 6818
1911 6819
4290 6820
2579 6821
2735 6822
1750 6823
1696 6824
3345 6825
3445 6826
1452 6827
2930 6828
4534 6829
6414 6830
1271 6831
5038 6832
760 6833
2677 6834
2693 6835
191 6836
4976 6837
3486 6838
5429 6839
5031 6840
4161 6841
4347 6842
4735 6843
2489 6844
4937 6845
1901 6846
1058 6847
4410 6848
5033 6849
3778 6850
2410 6851
3512 6852
4857 6853
1442 6854
37 6855
3983 6856
4801 6857
2592 6858
85 6859
478 6860
1453 6861
5588 6862
1215 6863
2411 6864
2353 6865
5254 6866
3398 6867
6241 6868
3101 6869
6674 6870
5351 6871
3703 6872
6573 6873
2846 6874
5821 6875
3600 6876
3156 6877
6093 6878
4877 6879
6165 6880
3282 6881
3365 6882
2084 6883
654 6884
5707 6885
3851 6886
6643 6887
3606 6888
6729 6889
1787 6890
64 6891
4170 6892
783 6893
4123 6894
4045 6895
3703 6896
3789 6897
5549 6898
5957 6899
209 6900
774 6901
2176 6902
851 6903
4236 6904
5547 6905
3263 6906
814 6907
2173 6908
1199 6909
5251 6910
3077 6911
3812 6912
6775 6913
4716 6914
3551 6915
4957 6916
750 6917
1051 6918
983 6919
2304 6920
5232 6921
1483 6922
3868 6923
2296 6924
2535 6925
5000 6926
1584 6927
2490 6928
4519 6929
2814 6930
4145 6931
2614 6932
5624 6933
5872 6934
2841 6935
412 6936
1642 6937
2807 6938
3994 6939
4333 6940
2530 6941
274 6942
5326 6943
4390 6944
6700 6945
4363 6946
4031 6947
4640 6948
5579 6949
5526 6950
5305 6951
7 6952
3914 6953
1293 6954
4656 6955
5789 6956
6501 6957
2145 6958
6131 6959
1740 6960
333 6961
5532 6962
1406 6963
5816 6964
1391 6965
257 6966
5688 6967
1098 6968
3036 6969
6963 6970
4662 6971
1197 6972
3624 6973
3405 6974
669 6975
3242 6976
6888 6977
5081 6978
621 6979
4260 6980
5744 6981
1111 6982
4995 6983
6223 6984
849 6985
4602 6986
2884 6987
914 6988
5704 6989
4902 6990
4122 6991
1410 6992
2867 6993
3343 6994
6207 6995
6239 6996
5539 6997
1688 6998
1243 6999
6827 7000
895 7001
186 7002
2645 7003
2416 7004
2879 7005
3919 7006
2094 7007
1292 7008
4174 7009
3659 7010
3479 7011
5064 7012
3357 7013
3726 7014
5214 7015
6234 7016
5128 7017
6623 7018
1931 7019
5621 7020
3740 7021
3907 7022
6527 7023
3110 7024
2997 7025
3569 7026
2162 7027
6293 7028
2149 7029
5754 7030
6677 7031
1586 7032
5365 7033
1699 7034
123 7035
989 7036
1668 7037
1065 7038
1204 7039
296 7040
7003 7041
6026 7042
5499 7043
3253 7044
4816 7045
1852 7046
1995 7047
6107 7048
1386 7049
4779 7050
164 7051
5267 7052
1946 7053
6012 7054
2631 7055
6156 7056
3682 7057
6661 7058
3928 7059
349 7060
5019 7061
422 7062
556 7063
5574 7064
4771 7065
5579 7066
3108 7067
5456 7068
423 7069
4940 7070
3579 7071
563 7072
2337 7073
6334 7074
5460 7075
801 7076
594 7077
4300 7078
5061 7079
1703 7080
3153 7081
39 7082
940 7083
1189 7084
1456 7085
5329 7086
6962 7087
2504 7088
6502 7089
2228 7090
3843 7091
4117 7092
71 7093
2707 7094
4975 7095
1721 7096
3755 7097
6336 7098
336 7099
4995 7100
571 7101
4982 7102
4618 7103
5123 7104
2157 7105
113 7106
5620 7107
2643 7108
6668 7109
5220 7110
4890 7111
704 7112
4341 7113
5598 7114
1281 7115
656 7116
2580 7117
4745 7118
1126 7119
4732 7120
4226 7121
5432 7122
952 7123
1018 7124
4308 7125
4679 7126
1247 7127
1129 7128
1740 7129
7043 7130
4605 7131
3745 7132
3384 7133
3486 7134
2803 7135
6295 7136
6429 7137
1409 7138
6195 7139
5168 7140
4110 7141
6938 7142
4103 7143
4508 7144
4178 7145
24 7146
1876 7147
3886 7148
1585 7149
940 7150
3521 7151
6461 7152
396 7153
1705 7154
6978 7155
3508 7156
2313 7157
3214 7158
3690 7159
1895 7160
2349 7161
4661 7162
4050 7163
5889 7164
3732 7165
1091 7166
3865 7167
376 7168
1245 7169
3582 7170
4269 7171
4496 7172
6292 7173
2346 7174
3208 7175
4064 7176
6989 7177
666 7178
6081 7179
764 7180
4411 7181
961 7182
6063 7183
2781 7184
6580 7185
5466 7186
4947 7187
2330 7188
5731 7189
6934 7190
4983 7191
1491 7192
537 7193
2526 7194
6960 7195
4865 7196
4018 7197
4110 7198
1949 7199
1909 7200
4369 7201
5229 7202
6512 7203
3015 7204
6187 7205
5972 7206
4802 7207
1071 7208
4541 7209
1407 7210
2478 7211
6874 7212
3526 7213
4242 7214
6247 7215
3723 7216
910 7217
788 7218
1047 7219
2926 7220
2999 7221
6073 7222
322 7223
3164 7224
2558 7225
5659 7226
2702 7227
6327 7228
4795 7229
538 7230
512 7231
346 7232
3755 7233
4685 7234
3581 7235
1855 7236
4863 7237
929 7238
1111 7239
1789 7240
493 7241
7208 7242
4115 7243
4553 7244
4964 7245
3340 7246
6426 7247
364 7248
33 7249
1883 7250
2365 7251
3025 7252
5945 7253
2957 7254
2721 7255
6768 7256
3820 7257
1301 7258
3523 7259
1408 7260
5479 7261
1320 7262
2112 7263
3218 7264
6745 7265
1951 7266
6485 7267
4563 7268
6398 7269
2061 7270
5847 7271
2180 7272
2725 7273
2626 7274
2308 7275
3869 7276
6735 7277
973 7278
662 7279
1304 7280
5295 7281
1442 7282
4822 7283
424 7284
6247 7285
1721 7286
3771 7287
5011 7288
1789 7289
2503 7290
6116 7291
5431 7292
2543 7293
1278 7294
4491 7295
4073 7296
3484 7297
1033 7298
1193 7299
7271 7300
5734 7301
555 7302
4594 7303
1800 7304
1386 7305
6767 7306
5642 7307
6156 7308
1693 7309
5348 7310
6301 7311
6771 7312
5914 7313
3067 7314
1869 7315
3646 7316
3344 7317
7082 7318
6357 7319
2582 7320
5861 7321
4178 7322
5683 7323
3750 7324
3240 7325
5574 7326
1501 7327
5547 7328
7302 7329
2391 7330
6496 7331
1212 7332
4308 7333
5965 7334
7139 7335
4218 7336
3193 7337
2428 7338
5201 7339
4661 7340
359 7341
268 7342
1778 7343
554 7344
6662 7345
5917 7346
1831 7347
4216 7348
7348 7349
4233 7350
699 7351
4952 7352
1282 7353
2910 7354
6261 7355
2655 7356
2081 7357
829 7358
1873 7359
2163 7360
6765 7361
5212 7362
6639 7363
5767 7364
1684 7365
3307 7366
3652 7367
1496 7368
6651 7369
4068 7370
2597 7371
3648 7372
5607 7373
6622 7374
2231 7375
6986 7376
7123 7377
5116 7378
2992 7379
2192 7380
7010 7381
3833 7382
6894 7383
3087 7384
1849 7385
3845 7386
2113 7387
747 7388
4850 7389
2890 7390
6259 7391
4070 7392
5208 7393
1644 7394
5730 7395
3271 7396
6836 7397
3414 7398
2020 7399
6818 7400
2416 7401
3371 7402
7271 7403
429 7404
2901 7405
937 7406
4721 7407
4440 7408
3574 7409
6008 7410
3770 7411
6855 7412
1865 7413
3276 7414
2568 7415
754 7416
6127 7417
4658 7418
4974 7419
4091 7420
4113 7421
869 7422
1625 7423
2044 7424
5098 7425
2045 7426
7242 7427
6937 7428
5492 7429
4321 7430
1308 7431
4671 7432
1137 7433
4561 7434
1915 7435
816 7436
1649 7437
1634 7438
7281 7439
3642 7440
2438 7441
4417 7442
6224 7443
6333 7444
5801 7445
1554 7446
4285 7447
1883 7448
4379 7449
2691 7450
17 7451
5029 7452
4030 7453
7398 7454
7322 7455
6878 7456
1571 7457
4170 7458
5582 7459
6547 7460
4745 7461
1846 7462
4416 7463
5863 7464
6724 7465
6561 7466
4689 7467
6425 7468
6781 7469
6297 7470
3639 7471
6323 7472
2729 7473
810 7474
4065 7475
50 7476
7011 7477
7230 7478
2400 7479
3989 7480
6756 7481
5496 7482
5734 7483
763 7484
6785 7485
3340 7486
1315 7487
4094 7488
4333 7489
4993 7490
6772 7491
1924 7492
2957 7493
1508 7494
4418 7495
7305 7496
1623 7497
7323 7498
6945 7499
7126 7500
1273 7501
3398 7502
2902 7503
5422 7504
5776 7505
639 7506
2980 7507
3094 7508
2144 7509
5240 7510
4385 7511
5286 7512
3878 7513
6520 7514
2309 7515
285 7516
4304 7517
1189 7518
5460 7519
1726 7520
5842 7521
5578 7522
3006 7523
5006 7524
1050 7525
3983 7526
6479 7527
3655 7528
2179 7529
2736 7530
3898 7531
2826 7532
7371 7533
2414 7534
1072 7535
5161 7536
6853 7537
2319 7538
1338 7539
5884 7540
7263 7541
1485 7542
5761 7543
2922 7544
6748 7545
4491 7546
3456 7547
4656 7548
2566 7549
2579 7550
5682 7551
7304 7552
2589 7553
2147 7554
2620 7555
1678 7556
1432 7557
7183 7558
2679 7559
3814 7560
5421 7561
5002 7562
3188 7563
4120 7564
2705 7565
6702 7566
5796 7567
227 7568
4074 7569
4021 7570
4759 7571
3739 7572
1886 7573
3913 7574
1695 7575
3043 7576
1438 7577
3368 7578
2608 7579
4037 7580
379 7581
4131 7582
7326 7583
7550 7584
4737 7585
6828 7586
205 7587
6425 7588
4381 7589
490 7590
4213 7591
6436 7592
5116 7593
6135 7594
5808 7595
1970 7596
7136 7597
2616 7598
4343 7599
2371 7600
3294 7601
6190 7602
5612 7603
5453 7604
4917 7605
250 7606
5656 7607
4687 7608
425 7609
1077 7610
624 7611
6618 7612
5734 7613
1580 7614
1129 7615
6316 7616
4354 7617
5101 7618
6749 7619
3209 7620
3649 7621
6254 7622
2763 7623
672 7624
6544 7625
746 7626
3455 7627
4205 7628
989 7629
3528 7630
5785 7631
7485 7632
7062 7633
3579 7634
86 7635
4238 7636
6334 7637
6222 7638
5069 7639
6275 7640
4602 7641
3569 7642
570 7643
2631 7644
2074 7645
6439 7646
1976 7647
5096 7648
7045 7649
1782 7650
6920 7651
5722 7652
6587 7653
7205 7654
4657 7655
3305 7656
3439 7657
5796 7658
6960 7659
6247 7660
3763 7661
5725 7662
6968 7663
3371 7664
7079 7665
4008 7666
4917 7667
4080 7668
4939 7669
5131 7670
639 7671
5351 7672
1096 7673
2259 7674
4626 7675
2107 7676
7215 7677
786 7678
1879 7679
5191 7680
3521 7681
2600 7682
6491 7683
7534 7684
5798 7685
7203 7686
6613 7687
1494 7688
5893 7689
6675 7690
409 7691
4118 7692
3084 7693
1230 7694
4679 7695
3410 7696
6469 7697
894 7698
5729 7699
6514 7700
4695 7701
638 7702
4187 7703
3272 7704
1149 7705
6905 7706
3195 7707
2313 7708
1838 7709
4918 7710
4155 7711
5896 7712
2141 7713
1893 7714
4858 7715
2647 7716
5499 7717
4313 7718
7614 7719
1780 7720
2938 7721
5058 7722
7302 7723
5266 7724
2252 7725
1664 7726
1012 7727
5173 7728
3978 7729
1067 7730
128 7731
7142 7732
146 7733
320 7734
949 7735
1013 7736
2283 7737
140 7738
3755 7739
5276 7740
4488 7741
3370 7742
2204 7743
512 7744
2207 7745
3953 7746
7194 7747
7446 7748
3725 7749
6808 7750
5046 7751
1670 7752
6491 7753
4017 7754
4483 7755
3206 7756
3913 7757
662 7758
2531 7759
5985 7760
5015 7761
3626 7762
1944 7763
938 7764
7578 7765
2655 7766
6166 7767
3108 7768
4736 7769
4282 7770
7098 7771
1410 7772
2129 7773
5502 7774
5091 7775
5831 7776
3760 7777
2040 7778
3834 7779
2903 7780
416 7781
1540 7782
2369 7783
7770 7784
3232 7785
1238 7786
4168 7787
5410 7788
5668 7789
1101 7790
2143 7791
4608 7792
2514 7793
4314 7794
4269 7795
6294 7796
4038 7797
2688 7798
5247 7799
912 7800
4533 7801
3032 7802
7589 7803
2889 7804
2246 7805
2046 7806
3469 7807
1441 7808
6220 7809
6272 7810
482 7811
1036 7812
5764 7813
6981 7814
4437 7815
2532 7816
6937 7817
3460 7818
3448 7819
2758 7820
5948 7821
6237 7822
5805 7823
5477 7824
6420 7825
1000 7826
169 7827
5499 7828
5296 7829
3081 7830
1138 7831
7576 7832
3470 7833
5574 7834
2365 7835
1610 7836
928 7837
2286 7838
5574 7839
4010 7840
4999 7841
5075 7842
6042 7843
4863 7844
2401 7845
1769 7846
6367 7847
617 7848
2004 7849
3816 7850
1532 7851
7812 7852
7169 7853
4337 7854
3314 7855
5705 7856
3903 7857
1789 7858
3006 7859
223 7860
6381 7861
377 7862
6882 7863
2180 7864
7385 7865
6625 7866
7748 7867
2656 7868
4873 7869
4121 7870
898 7871
3833 7872
5555 7873
1320 7874
1384 7875
5310 7876
2474 7877
6277 7878
6080 7879
548 7880
157 7881
3057 7882
1958 7883
7238 7884
1 7885
6616 7886
4614 7887
663 7888
4406 7889
2747 7890
4960 7891
1291 7892
1611 7893
7606 7894
1104 7895
4625 7896
5811 7897
2451 7898
7013 7899
2687 7900
7674 7901
2320 7902
3102 7903
2407 7904
5391 7905
2206 7906
509 7907
5564 7908
5975 7909
5256 7910
6811 7911
4160 7912
3211 7913
316 7914
6401 7915
1470 7916
6666 7917
1095 7918
1727 7919
3067 7920
3339 7921
895 7922
1867 7923
566 7924
5286 7925
4278 7926
647 7927
1442 7928
5991 7929
2139 7930
5244 7931
779 7932
3510 7933
4251 7934
7589 7935
1997 7936
4412 7937
7924 7938
3000 7939
7890 7940
4662 7941
5957 7942
4878 7943
2706 7944
4868 7945
469 7946
13 7947
7520 7948
3113 7949
1765 7950
3542 7951
5715 7952
321 7953
3715 7954
7516 7955
7109 7956
6185 7957
1185 7958
3011 7959
6274 7960
4013 7961
5003 7962
2688 7963
4286 7964
5902 7965
7271 7966
772 7967
2376 7968
3762 7969
6857 7970
5395 7971
7370 7972
7562 7973
6747 7974
5886 7975
36 7976
4557 7977
3388 7978
4794 7979
507 7980
5173 7981
2757 7982
3801 7983
5410 7984
2526 7985
6737 7986
4416 7987
6208 7988
3049 7989
7272 7990
4110 7991
6363 7992
2102 7993
7736 7994
3069 7995
5446 7996
960 7997
3997 7998
1726 7999
6111 8000
7819 8001
7074 8002
4651 8003
6180 8004
5045 8005
804 8006
720 8007
5910 8008
3204 8009
2228 8010
5243 8011
2316 8012
654 8013
2496 8014
5028 8015
6462 8016
7760 8017
3851 8018
5211 8019
7286 8020
2169 8021
6571 8022
5507 8023
7762 8024
6941 8025
1992 8026
3984 8027
5504 8028
6706 8029
3239 8030
5974 8031
6694 8032
7229 8033
1212 8034
2620 8035
4239 8036
4427 8037
4725 8038
7203 8039
5708 8040
1170 8041
6062 8042
437 8043
1922 8044
4080 8045
7255 8046
3000 8047
7838 8048
2596 8049
7920 8050
2019 8051
5223 8052
6361 8053
1722 8054
329 8055
6251 8056
1293 8057
7276 8058
6587 8059
5484 8060
1640 8061
4115 8062
3401 8063
1474 8064
3960 8065
5938 8066
7712 8067
3501 8068
2399 8069
3500 8070
3664 8071
1826 8072
2467 8073
483 8074
1264 8075
888 8076
4907 8077
998 8078
6177 8079
4574 8080
6840 8081
5654 8082
5461 8083
7599 8084
1918 8085
529 8086
3047 8087
469 8088
1209 8089
3590 8090
8050 8091
928 8092
3508 8093
902 8094
8065 8095
1695 8096
2798 8097
6117 8098
7060 8099
7917 8100
2272 8101
5985 8102
1954 8103
683 8104
7028 8105
5426 8106
4062 8107
2139 8108
6828 8109
4525 8110
216 8111
7774 8112
4167 8113
3015 8114
729 8115
2036 8116
3648 8117
6218 8118
3230 8119
846 8120
368 8121
7546 8122
6491 8123
7392 8124
657 8125
1211 8126
5361 8127
7005 8128
4430 8129
689 8130
2734 8131
7205 8132
5389 8133
917 8134
3563 8135
3018 8136
2076 8137
7512 8138
4103 8139
3121 8140
6263 8141
3497 8142
5290 8143
3660 8144
2389 8145
5278 8146
968 8147
816 8148
962 8149
6471 8150
4243 8151
2858 8152
3937 8153
2300 8154
1794 8155
5098 8156
5942 8157
4203 8158
2342 8159
6636 8160
145 8161
1367 8162
1310 8163
7978 8164
3138 8165
1703 8166
2196 8167
6275 8168
6278 8169
7425 8170
6771 8171
4087 8172
3788 8173
3228 8174
5856 8175
3601 8176
7992 8177
6667 8178
6365 8179
2345 8180
1777 8181
3849 8182
5466 8183
4823 8184
2968 8185
6771 8186
7393 8187
986 8188
3512 8189
1580 8190
4599 8191
7020 8192
2399 8193
8087 8194
2846 8195
6699 8196
5695 8197
505 8198
1168 8199
975 8200
5432 8201
3456 8202
4973 8203
4236 8204
7824 8205
2969 8206
4308 8207
4765 8208
2617 8209
4990 8210
2444 8211
2890 8212
3346 8213
709 8214
5281 8215
7709 8216
6577 8217
1095 8218
4744 8219
4748 8220
7793 8221
4752 8222
3761 8223
2539 8224
6525 8225
3187 8226
7409 8227
3597 8228
8053 8229
675 8230
7816 8231
3999 8232
6243 8233
6393 8234
1705 8235
3013 8236
1405 8237
4440 8238
1012 8239
7002 8240
338 8241
6850 8242
3545 8243
7162 8244
1044 8245
5477 8246
7081 8247
3742 8248
7376 8249
2313 8250
4802 8251
7242 8252
3188 8253
3311 8254
2634 8255
570 8256
1779 8257
2285 8258
6015 8259
2758 8260
5930 8261
3321 8262
3314 8263
533 8264
933 8265
6976 8266
2481 8267
3114 8268
8075 8269
989 8270
2560 8271
5889 8272
5195 8273
5582 8274
6948 8275
587 8276
5167 8277
7293 8278
3466 8279
5256 8280
6598 8281
5279 8282
1830 8283
2037 8284
4880 8285
5784 8286
2858 8287
7583 8288
8131 8289
1215 8290
7340 8291
6418 8292
5404 8293
963 8294
5804 8295
5936 8296
3127 8297
32 8298
1031 8299
6742 8300
4020 8301
3526 8302
2748 8303
547 8304
5032 8305
3272 8306
4296 8307
2954 8308
280 8309
3461 8310
4328 8311
6801 8312
686 8313
1281 8314
5110 8315
2116 8316
3938 8317
1574 8318
5933 8319
6919 8320
4831 8321
5882 8322
3711 8323
5611 8324
4520 8325
2809 8326
805 8327
5136 8328
1511 8329
2057 8330
1130 8331
6556 8332
458 8333
5980 8334
2070 8335
615 8336
2756 8337
1176 8338
2088 8339
4666 8340
6473 8341
4238 8342
1431 8343
4007 8344
7468 8345
4642 8346
2328 8347
7078 8348
5192 8349
884 8350
1209 8351
2851 8352
5661 8353
2589 8354
4315 8355
1036 8356
3483 8357
5432 8358
4925 8359
4413 8360
6302 8361
6256 8362
1008 8363
6034 8364
41 8365
2374 8366
5397 8367
1018 8368
5116 8369
4560 8370
4389 8371
6784 8372
2372 8373
8025 8374
1789 8375
6732 8376
2477 8377
4029 8378
4763 8379
21 8380
6062 8381
4648 8382
6200 8383
8306 8384
1189 8385
7332 8386
685 8387
1016 8388
4630 8389
7155 8390
1059 8391
1994 8392
5392 8393
3930 8394
6677 8395
924 8396
698 8397
6404 8398
2067 8399
4526 8400
500 8401
3931 8402
5873 8403
4529 8404
4579 8405
4834 8406
6174 8407
4494 8408
3606 8409
1061 8410
5608 8411
4452 8412
7589 8413
3714 8414
5797 8415
2090 8416
5698 8417
2461 8418
214 8419
193 8420
830 8421
3437 8422
3086 8423
112 8424
299 8425
6076 8426
2977 8427
901 8428
4023 8429
555 8430
4565 8431
4173 8432
4436 8433
538 8434
4240 8435
7997 8436
4381 8437
2869 8438
5977 8439
2926 8440
7330 8441
1301 8442
8152 8443
8060 8444
2896 8445
5435 8446
5230 8447
4456 8448
4720 8449
8206 8450
274 8451
3647 8452
7043 8453
2231 8454
4273 8455
8253 8456
5529 8457
7986 8458
29 8459
2291 8460
6875 8461
5754 8462
8015 8463
5710 8464
6765 8465
5335 8466
867 8467
8228 8468
8253 8469
6090 8470
2477 8471
7755 8472
6699 8473
8276 8474
8213 8475
107 8476
6980 8477
7359 8478
5734 8479
4291 8480
2376 8481
6754 8482
5684 8483
6011 8484
4185 8485
5686 8486
6161 8487
5927 8488
3887 8489
742 8490
6575 8491
3583 8492
3829 8493
4839 8494
8441 8495
3355 8496
601 8497
2475 8498
5946 8499
5092 8500
2432 8501
1152 8502
6326 8503
5034 8504
7152 8505
6474 8506
5985 8507
3301 8508
1169 8509
1898 8510
4080 8511
5887 8512
2195 8513
1918 8514
7760 8515
430 8516
7714 8517
4193 8518
7314 8519
2169 8520
2270 8521
8051 8522
5837 8523
7346 8524
1288 8525
1365 8526
5903 8527
7100 8528
7218 8529
8219 8530
1936 8531
5222 8532
3448 8533
772 8534
532 8535
2329 8536
4464 8537
8420 8538
5027 8539
1292 8540
1134 8541
6084 8542
8041 8543
8063 8544
7004 8545
2067 8546
2264 8547
2670 8548
8017 8549
1681 8550
3052 8551
6699 8552
3501 8553
8517 8554
6019 8555
6173 8556
1143 8557
8475 8558
4812 8559
7358 8560
3973 8561
7867 8562
7920 8563
2270 8564
6240 8565
3482 8566
4028 8567
2707 8568
6127 8569
6758 8570
189 8571
1871 8572
2053 8573
8352 8574
2222 8575
4092 8576
5583 8577
5781 8578
640 8579
7785 8580
4294 8581
3938 8582
2829 8583
8091 8584
2207 8585
3776 8586
2890 8587
4653 8588
450 8589
7121 8590
3971 8591
1886 8592
4026 8593
979 8594
8196 8595
8194 8596
2298 8597
446 8598
1703 8599
195 8600
137 8601
2274 8602
1527 8603
1910 8604
6579 8605
3228 8606
6827 8607
6627 8608
20 8609
2508 8610
3873 8611
7617 8612
3666 8613
5467 8614
8297 8615
4810 8616
613 8617
6104 8618
108 8619
2992 8620
4667 8621
4211 8622
3465 8623
623 8624
6116 8625
6769 8626
8273 8627
4712 8628
8628 8629
5833 8630
7856 8631
3760 8632
5407 8633
2048 8634
65 8635
4947 8636
2490 8637
1378 8638
937 8639
8063 8640
7495 8641
2217 8642
6211 8643
3686 8644
1469 8645
63 8646
1602 8647
2671 8648
150 8649
3326 8650
6017 8651
7020 8652
8116 8653
3627 8654
7033 8655
5019 8656
7971 8657
4635 8658
3195 8659
1837 8660
1580 8661
24 8662
1890 8663
8178 8664
5897 8665
2472 8666
5256 8667
4508 8668
6667 8669
3875 8670
73 8671
4977 8672
2176 8673
5033 8674
6680 8675
4632 8676
6550 8677
4428 8678
2642 8679
2332 8680
6873 8681
7639 8682
5200 8683
4145 8684
7668 8685
5465 8686
1774 8687
1863 8688
5101 8689
222 8690
3467 8691
370 8692
2838 8693
2052 8694
7990 8695
3377 8696
7196 8697
394 8698
7111 8699
5619 8700
5397 8701
2918 8702
1451 8703
3198 8704
3649 8705
4658 8706
4144 8707
6634 8708
6616 8709
2173 8710
5020 8711
355 8712
3167 8713
1305 8714
6452 8715
522 8716
7157 8717
3334 8718
7311 8719
5231 8720
6426 8721
8261 8722
6076 8723
2944 8724
5419 8725
3256 8726
6310 8727
2616 8728
6732 8729
1755 8730
6649 8731
43 8732
4398 8733
1382 8734
3016 8735
7597 8736
5349 8737
1240 8738
2221 8739
7119 8740
5948 8741
4268 8742
8733 8743
5653 8744
1613 8745
79 8746
2170 8747
3178 8748
6013 8749
1258 8750
1967 8751
8267 8752
2266 8753
1262 8754
2371 8755
1405 8756
8721 8757
556 8758
4573 8759
3411 8760
8072 8761
3027 8762
5791 8763
6973 8764
4720 8765
5295 8766
2334 8767
176 8768
2335 8769
6738 8770
4156 8771
3943 8772
3113 8773
5367 8774
3009 8775
8339 8776
5929 8777
671 8778
1387 8779
1393 8780
6690 8781
6885 8782
8514 8783
6618 8784
6951 8785
1013 8786
2529 8787
6430 8788
611 8789
3184 8790
8336 8791
8422 8792
6917 8793
3967 8794
4068 8795
7599 8796
4037 8797
5461 8798
1296 8799
7174 8800
7588 8801
4096 8802
8061 8803
3509 8804
3865 8805
8639 8806
5239 8807
4660 8808
3196 8809
1867 8810
2407 8811
2349 8812
7129 8813
5382 8814
3258 8815
4982 8816
7840 8817
1593 8818
4522 8819
3467 8820
4729 8821
7835 8822
5154 8823
4820 8824
3448 8825
1700 8826
7965 8827
5838 8828
4138 8829
8300 8830
216 8831
7402 8832
7781 8833
510 8834
6536 8835
6163 8836
1860 8837
1261 8838
7309 8839
7151 8840
8333 8841
7785 8842
6267 8843
3699 8844
7208 8845
7677 8846
6055 8847
7966 8848
1358 8849
2135 8850
5678 8851
1925 8852
5793 8853
4427 8854
3218 8855
6249 8856
4418 8857
5579 8858
844 8859
3666 8860
1285 8861
5171 8862
4888 8863
5431 8864
1829 8865
1828 8866
4591 8867
6504 8868
6847 8869
1730 8870
5409 8871
3780 8872
4852 8873
3353 8874
5168 8875
5349 8876
2645 8877
1856 8878
5985 8879
8297 8880
8416 8881
7794 8882
5697 8883
3679 8884
564 8885
6806 8886
2001 8887
3020 8888
5537 8889
79 8890
6477 8891
4066 8892
8610 8893
5148 8894
3194 8895
7706 8896
5852 8897
740 8898
2087 8899
5328 8900
542 8901
2097 8902
2103 8903
6487 8904
5364 8905
347 8906
4881 8907
2733 8908
5916 8909
8421 8910
34 8911
1352 8912
797 8913
3520 8914
5003 8915
6042 8916
8531 8917
735 8918
3872 8919
3968 8920
7489 8921
3533 8922
254 8923
8034 8924
5766 8925
5114 8926
3669 8927
4894 8928
1802 8929
4667 8930
3153 8931
6213 8932
5341 8933
6613 8934
5365 8935
4067 8936
8864 8937
978 8938
7395 8939
5721 8940
5674 8941
5418 8942
5693 8943
3762 8944
8475 8945
5757 8946
3863 8947
5195 8948
7742 8949
7074 8950
487 8951
7792 8952
3475 8953
6989 8954
5467 8955
8808 8956
2295 8957
1359 8958
6596 8959
7009 8960
4227 8961
6587 8962
323 8963
3473 8964
819 8965
8850 8966
201 8967
1597 8968
2918 8969
6381 8970
4942 8971
3320 8972
1949 8973
5883 8974
1177 8975
1421 8976
1199 8977
213 8978
78 8979
8670 8980
5701 8981
4851 8982
6927 8983
2700 8984
7310 8985
5273 8986
821 8987
7891 8988
8914 8989
8695 8990
7432 8991
1232 8992
7765 8993
2249 8994
1949 8995
6182 8996
3063 8997
7580 8998
7490 8999
7320 9000
1152 9001
7238 9002
28 9003
415 9004
5692 9005
983 9006
6676 9007
4337 9008
3076 9009
2746 9010
4297 9011
4112 9012
8578 9013
445 9014
3748 9015
2589 9016
7109 9017
98 9018
8839 9019
5789 9020
4793 9021
8759 9022
5870 9023
2188 9024
911 9025
8475 9026
4746 9027
3959 9028
8809 9029
5093 9030
6395 9031
8528 9032
5591 9033
142 9034
7646 9035
2093 9036
6359 9037
4365 9038
2858 9039
1230 9040
5828 9041
7323 9042
3521 9043
5938 9044
2339 9045
5768 9046
683 9047
5824 9048
8354 9049
1803 9050
1486 9051
7925 9052
6291 9053
5942 9054
1268 9055
2700 9056
8668 9057
465 9058
17 9059
6555 9060
5953 9061
6452 9062
6645 9063
2407 9064
5488 9065
5217 9066
6945 9067
3096 9068
834 9069
7945 9070
3709 9071
6863 9072
530 9073
7847 9074
6341 9075
7194 9076
1192 9077
4498 9078
1817 9079
8164 9080
5542 9081
4442 9082
1208 9083
3983 9084
1951 9085
6803 9086
7215 9087
7679 9088
8391 9089
2273 9090
1008 9091
4411 9092
1980 9093
1055 9094
7785 9095
8578 9096
8392 9097
7671 9098
5287 9099
6744 9100
2936 9101
6343 9102
9031 9103
711 9104
1819 9105
4303 9106
8502 9107
3669 9108
8544 9109
6750 9110
4531 9111
5291 9112
2693 9113
5342 9114
718 9115
5525 9116
1218 9117
67 9118
5243 9119
8884 9120
6442 9121
4163 9122
39 9123
2697 9124
8483 9125
2198 9126
6614 9127
2026 9128
2586 9129
7869 9130
718 9131
3558 9132
8729 9133
1398 9134
8475 9135
6781 9136
4987 9137
1100 9138
8458 9139
4657 9140
5255 9141
735 9142
6883 9143
8100 9144
473 9145
1077 9146
324 9147
1440 9148
2374 9149
996 9150
7420 9151
545 9152
2215 9153
4516 9154
2432 9155
7305 9156
8796 9157
3662 9158
3906 9159
4286 9160
3941 9161
955 9162
4370 9163
736 9164
8760 9165
3451 9166
3336 9167
4220 9168
7146 9169
7625 9170
8190 9171
2305 9172
7708 9173
5879 9174
4427 9175
2919 9176
6345 9177
8360 9178
6864 9179
232 9180
1196 9181
3954 9182
764 9183
6074 9184
8955 9185
4808 9186
2835 9187
168 9188
5982 9189
3120 9190
7993 9191
7277 9192
7476 9193
3444 9194
1030 9195
3305 9196
8377 9197
5724 9198
7427 9199
1941 9200
2760 9201
5368 9202
2081 9203
4691 9204
5141 9205
932 9206
937 9207
1603 9208
4437 9209
7938 9210
241 9211
5824 9212
1975 9213
7301 9214
8870 9215
8364 9216
4768 9217
6978 9218
1146 9219
6161 9220
7401 9221
6052 9222
8615 9223
6895 9224
1906 9225
3909 9226
4497 9227
271 9228
7581 9229
7640 9230
5300 9231
7222 9232
7597 9233
2138 9234
3441 9235
3299 9236
5503 9237
6423 9238
6254 9239
6700 9240
2625 9241
2317 9242
5399 9243
3618 9244
8178 9245
8042 9246
1797 9247
7964 9248
4325 9249
8731 9250
1694 9251
2498 9252
3083 9253
9047 9254
6682 9255
4697 9256
4983 9257
5723 9258
1481 9259
6161 9260
3771 9261
1616 9262
8805 9263
2128 9264
7800 9265
7462 9266
6089 9267
5503 9268
524 9269
6184 9270
3265 9271
2738 9272
2247 9273
7679 9274
5017 9275
8372 9276
7300 9277
8536 9278
6679 9279
5264 9280
2679 9281
8141 9282
8734 9283
3434 9284
4421 9285
1483 9286
2930 9287
6321 9288
2915 9289
4926 9290
2541 9291
6505 9292
9062 9293
3968 9294
1440 9295
6493 9296
6972 9297
1304 9298
7379 9299
8669 9300
3542 9301
1974 9302
3212 9303
3227 9304
4400 9305
6887 9306
226 9307
5515 9308
3520 9309
8712 9310
1658 9311
1483 9312
3296 9313
2131 9314
5658 9315
4936 9316
2885 9317
8315 9318
3537 9319
5164 9320
6445 9321
3826 9322
1279 9323
3024 9324
6431 9325
3733 9326
154 9327
8856 9328
3151 9329
8360 9330
579 9331
3697 9332
7938 9333
5152 9334
8734 9335
7017 9336
4771 9337
1244 9338
5888 9339
8858 9340
6703 9341
1296 9342
1739 9343
4892 9344
7430 9345
5287 9346
7349 9347
5106 9348
4928 9349
141 9350
1231 9351
2053 9352
8038 9353
329 9354
7431 9355
8089 9356
5865 9357
9314 9358
8304 9359
4720 9360
469 9361
2954 9362
1341 9363
4913 9364
7932 9365
1946 9366
34 9367
1637 9368
6450 9369
7136 9370
1967 9371
6144 9372
2224 9373
448 9374
9045 9375
6238 9376
7539 9377
7861 9378
5336 9379
2447 9380
258 9381
1127 9382
5494 9383
6538 9384
5636 9385
5580 9386
1911 9387
2347 9388
2257 9389
6586 9390
5077 9391
2733 9392
101 9393
4215 9394
2859 9395
3942 9396
9111 9397
2235 9398
7885 9399
1894 9400
526 9401
8149 9402
1498 9403
7571 9404
8957 9405
4750 9406
9026 9407
5080 9408
4179 9409
7275 9410
5515 9411
3463 9412
6430 9413
7742 9414
3206 9415
6289 9416
2152 9417
3586 9418
7161 9419
9034 9420
7199 9421
6847 9422
5054 9423
7643 9424
9289 9425
5556 9426
7712 9427
2941 9428
9235 9429
4305 9430
1677 9431
4514 9432
3319 9433
720 9434
8366 9435
5975 9436
4899 9437
8931 9438
1377 9439
276 9440
629 9441
374 9442
2832 9443
2313 9444
6096 9445
6958 9446
1729 9447
1033 9448
3223 9449
5388 9450
7508 9451
5678 9452
794 9453
1492 9454
975 9455
7899 9456
7368 9457
5252 9458
9243 9459
7097 9460
8773 9461
6986 9462
470 9463
7977 9464
5633 9465
585 9466
7677 9467
5369 9468
4864 9469
6340 9470
8468 9471
2169 9472
1157 9473
7142 9474
9199 9475
5795 9476
1045 9477
537 9478
8132 9479
8869 9480
3719 9481
9447 9482
9171 9483
2860 9484
499 9485
68 9486
6670 9487
9416 9488
7714 9489
1382 9490
7353 9491
2366 9492
715 9493
8971 9494
8959 9495
6263 9496
6499 9497
3647 9498
9378 9499
4841 9500
7716 9501
884 9502
502 9503
7243 9504
2645 9505
7898 9506
7372 9507
343 9508
2443 9509
8866 9510
2109 9511
8507 9512
4018 9513
4426 9514
8974 9515
4813 9516
2994 9517
391 9518
2402 9519
3928 9520
531 9521
5378 9522
1229 9523
4415 9524
6255 9525
2445 9526
2723 9527
6521 9528
5604 9529
7085 9530
8846 9531
9018 9532
2146 9533
881 9534
5267 9535
1296 9536
6124 9537
8495 9538
4109 9539
3773 9540
3538 9541
4158 9542
7035 9543
6008 9544
2617 9545
5626 9546
8282 9547
2422 9548
8690 9549
799 9550
9432 9551
3302 9552
7089 9553
6539 9554
5447 9555
5041 9556
621 9557
867 9558
5886 9559
6373 9560
3915 9561
422 9562
5863 9563
1152 9564
3891 9565
9213 9566
2601 9567
9309 9568
3322 9569
7645 9570
675 9571
3463 9572
3524 9573
8778 9574
1323 9575
3075 9576
37 9577
9575 9578
8976 9579
322 9580
2980 9581
3525 9582
3743 9583
2197 9584
6783 9585
2170 9586
5606 9587
1705 9588
5039 9589
8297 9590
2680 9591
6367 9592
4698 9593
5534 9594
3395 9595
9081 9596
4358 9597
3414 9598
2254 9599
9285 9600
3787 9601
921 9602
4658 9603
8119 9604
8265 9605
2835 9606
7625 9607
8713 9608
3034 9609
8415 9610
2228 9611
7565 9612
4 9613
8387 9614
5427 9615
7743 9616
2547 9617
7378 9618
7317 9619
726 9620
1262 9621
7993 9622
617 9623
4662 9624
29 9625
2724 9626
2454 9627
3504 9628
3908 9629
7353 9630
1190 9631
6965 9632
5247 9633
53 9634
2920 9635
3797 9636
6359 9637
1248 9638
2852 9639
2740 9640
5031 9641
441 9642
9131 9643
8308 9644
8664 9645
3170 9646
3981 9647
6086 9648
7366 9649
5939 9650
1387 9651
5410 9652
5933 9653
6645 9654
4348 9655
556 9656
4755 9657
3759 9658
287 9659
7307 9660
5806 9661
9486 9662
6413 9663
133 9664
4534 9665
4127 9666
2667 9667
3091 9668
6136 9669
5503 9670
2853 9671
2107 9672
3758 9673
5004 9674
6614 9675
5674 9676
4150 9677
7663 9678
8180 9679
1515 9680
2479 9681
3416 9682
2956 9683
8424 9684
3336 9685
1781 9686
1340 9687
190 9688
2298 9689
9313 9690
7643 9691
8416 9692
317 9693
1976 9694
2180 9695
3630 9696
5065 9697
321 9698
3530 9699
9677 9700
2740 9701
4929 9702
6033 9703
1456 9704
9335 9705
6457 9706
1487 9707
8931 9708
5741 9709
5810 9710
8954 9711
2065 9712
6899 9713
5668 9714
628 9715
7100 9716
6039 9717
1457 9718
2295 9719
9021 9720
108 9721
8941 9722
5787 9723
224 9724
4528 9725
7149 9726
9511 9727
4592 9728
6443 9729
6068 9730
4402 9731
1952 9732
8018 9733
7286 9734
1755 9735
4240 9736
1815 9737
6196 9738
8113 9739
9288 9740
2712 9741
2988 9742
8158 9743
4689 9744
438 9745
3624 9746
9559 9747
4771 9748
9167 9749
14 9750
1505 9751
2219 9752
196 9753
7642 9754
5272 9755
4644 9756
6632 9757
1283 9758
8649 9759
3252 9760
4675 9761
6456 9762
3520 9763
4413 9764
40 9765
8482 9766
9226 9767
3510 9768
6982 9769
4958 9770
682 9771
5906 9772
4114 9773
1794 9774
9088 9775
2354 9776
5773 9777
5065 9778
916 9779
9447 9780
4585 9781
6252 9782
7708 9783
8439 9784
2519 9785
3141 9786
9238 9787
6778 9788
4519 9789
4891 9790
3602 9791
2011 9792
5131 9793
9213 9794
7028 9795
760 9796
4190 9797
3056 9798
5224 9799
1635 9800
7188 9801
4356 9802
3280 9803
1972 9804
3593 9805
2154 9806
3922 9807
7847 9808
1293 9809
3947 9810
8416 9811
4451 9812
5624 9813
1064 9814
8441 9815
4040 9816
285 9817
4987 9818
6330 9819
4618 9820
2838 9821
6371 9822
3032 9823
4200 9824
3722 9825
3229 9826
5118 9827
396 9828
4365 9829
637 9830
7263 9831
2451 9832
9696 9833
9127 9834
7466 9835
4176 9836
1971 9837
1974 9838
1730 9839
8687 9840
9545 9841
4486 9842
2747 9843
1627 9844
7167 9845
6834 9846
7648 9847
9504 9848
3341 9849
6823 9850
3494 9851
7971 9852
3263 9853
1742 9854
6397 9855
412 9856
701 9857
832 9858
8250 9859
2490 9860
946 9861
6022 9862
1444 9863
4464 9864
4469 9865
4492 9866
3451 9867
3758 9868
1805 9869
538 9870
4202 9871
5345 9872
7176 9873
4597 9874
4925 9875
8694 9876
7457 9877
7218 9878
3595 9879
3547 9880
1776 9881
4318 9882
6798 9883
240 9884
907 9885
7361 9886
3308 9887
5720 9888
4312 9889
1323 9890
3177 9891
483 9892
227 9893
2679 9894
749 9895
5997 9896
8637 9897
5881 9898
4847 9899
5653 9900
8716 9901
8899 9902
2077 9903
3324 9904
8216 9905
4422 9906
3889 9907
1174 9908
3813 9909
5036 9910
2466 9911
3247 9912
920 9913
4014 9914
9853 9915
5211 9916
3514 9917
6788 9918
6436 9919
5051 9920
9579 9921
1287 9922
8023 9923
4195 9924
3281 9925
907 9926
5762 9927
3567 9928
8680 9929
6644 9930
2133 9931
7024 9932
9341 9933
8686 9934
1694 9935
98 9936
1783 9937
8234 9938
5286 9939
6952 9940
5424 9941
4073 9942
8802 9943
519 9944
9789 9945
2771 9946
4893 9947
7103 9948
7787 9949
9733 9950
1027 9951
4216 9952
6141 9953
9092 9954
2098 9955
7707 9956
4496 9957
8209 9958
901 9959
6120 9960
359 9961
1790 9962
2689 9963
3170 9964
5718 9965
5428 9966
3312 9967
8667 9968
2246 9969
6990 9970
1967 9971
225 9972
8219 9973
2139 9974
622 9975
6310 9976
3409 9977
7137 9978
5474 9979
5425 9980
1625 9981
8544 9982
9869 9983
8564 9984
9429 9985
5959 9986
549 9987
1988 9988
5382 9989
5284 9990
9533 9991
653 9992
4282 9993
8661 9994
6253 9995
4812 9996
1979 9997
1730 9998
4206 9999
5356 10000
