1 2
1 3
1 4
2 5
3 6
6 7
2 8
5 9
1 10
8 11
8 12
7 13
6 14
4 15
12 16
8 17
16 18
15 19
17 20
3 21
8 22
11 23
4 24
19 25
12 26
6 27
13 28
18 29
21 30
25 31
30 32
2 33
31 34
30 35
13 36
5 37
23 38
10 39
9 40
11 41
13 42
25 43
9 44
6 45
18 46
37 47
12 48
48 49
47 50
37 51
45 52
31 53
49 54
49 55
35 56
43 57
21 58
52 59
27 60
56 61
33 62
2 63
38 64
15 65
2 66
11 67
17 68
55 69
2 70
16 71
17 72
61 73
33 74
10 75
41 76
27 77
52 78
10 79
79 80
9 81
62 82
74 83
63 84
50 85
29 86
83 87
63 88
58 89
42 90
45 91
35 92
51 93
10 94
35 95
83 96
63 97
22 98
5 99
34 100
15 101
24 102
36 103
56 104
87 105
79 106
6 107
61 108
86 109
64 110
108 111
47 112
61 113
14 114
11 115
3 116
85 117
110 118
103 119
61 120
104 121
59 122
51 123
45 124
34 125
91 126
93 127
51 128
116 129
21 130
100 131
25 132
54 133
31 134
62 135
20 136
97 137
105 138
12 139
99 140
135 141
11 142
6 143
101 144
3 145
126 146
33 147
75 148
40 149
108 150
45 151
151 152
48 153
22 154
49 155
99 156
58 157
54 158
126 159
47 160
32 161
41 162
93 163
50 164
102 165
74 166
131 167
147 168
102 169
87 170
123 171
71 172
7 173
43 174
5 175
93 176
46 177
173 178
33 179
27 180
49 181
146 182
168 183
28 184
157 185
148 186
55 187
18 188
111 189
173 190
167 191
77 192
178 193
2 194
59 195
7 196
133 197
120 198
54 199
81 200
88 201
95 202
151 203
149 204
55 205
71 206
39 207
159 208
25 209
116 210
181 211
25 212
71 213
212 214
60 215
108 216
162 217
175 218
3 219
46 220
107 221
77 222
13 223
147 224
187 225
40 226
91 227
91 228
135 229
127 230
196 231
86 232
225 233
230 234
53 235
24 236
76 237
219 238
109 239
14 240
85 241
184 242
184 243
221 244
90 245
78 246
77 247
109 248
110 249
205 250
100 251
39 252
175 253
234 254
55 255
204 256
65 257
205 258
38 259
255 260
147 261
98 262
80 263
255 264
243 265
153 266
116 267
242 268
21 269
88 270
218 271
169 272
27 273
108 274
55 275
47 276
114 277
47 278
40 279
193 280
215 281
83 282
139 283
247 284
72 285
84 286
20 287
225 288
209 289
204 290
234 291
186 292
285 293
136 294
184 295
218 296
71 297
206 298
121 299
278 300
40 301
164 302
298 303
221 304
275 305
187 306
33 307
8 308
285 309
66 310
17 311
169 312
78 313
217 314
72 315
48 316
174 317
310 318
61 319
307 320
196 321
64 322
162 323
125 324
85 325
113 326
80 327
10 328
287 329
246 330
249 331
158 332
304 333
305 334
176 335
56 336
303 337
227 338
38 339
218 340
201 341
233 342
331 343
226 344
146 345
295 346
241 347
330 348
74 349
112 350
306 351
94 352
139 353
100 354
56 355
11 356
253 357
305 358
272 359
85 360
149 361
65 362
321 363
28 364
262 365
343 366
29 367
87 368
113 369
16 370
179 371
228 372
358 373
318 374
332 375
96 376
204 377
209 378
175 379
336 380
232 381
259 382
213 383
342 384
255 385
117 386
116 387
91 388
316 389
367 390
335 391
258 392
319 393
100 394
107 395
64 396
329 397
377 398
133 399
129 400
235 401
268 402
154 403
384 404
111 405
183 406
178 407
364 408
295 409
253 410
220 411
317 412
335 413
269 414
266 415
401 416
63 417
212 418
337 419
115 420
197 421
416 422
355 423
182 424
417 425
401 426
352 427
402 428
425 429
167 430
161 431
307 432
392 433
99 434
106 435
148 436
297 437
106 438
35 439
121 440
140 441
187 442
248 443
56 444
61 445
47 446
197 447
258 448
335 449
335 450
134 451
143 452
159 453
452 454
231 455
36 456
247 457
317 458
138 459
124 460
223 461
377 462
198 463
162 464
171 465
182 466
407 467
55 468
141 469
287 470
389 471
333 472
50 473
246 474
79 475
144 476
398 477
401 478
428 479
69 480
12 481
5 482
191 483
133 484
447 485
271 486
185 487
16 488
240 489
381 490
91 491
157 492
340 493
220 494
236 495
18 496
451 497
129 498
322 499
422 500
285 501
355 502
185 503
408 504
340 505
492 506
92 507
315 508
397 509
365 510
77 511
375 512
236 513
243 514
77 515
494 516
38 517
301 518
126 519
333 520
152 521
431 522
255 523
22 524
16 525
352 526
453 527
466 528
403 529
474 530
367 531
351 532
161 533
517 534
447 535
6 536
500 537
221 538
194 539
414 540
328 541
80 542
212 543
89 544
175 545
456 546
233 547
510 548
215 549
208 550
234 551
468 552
331 553
230 554
220 555
382 556
67 557
138 558
423 559
46 560
370 561
49 562
509 563
411 564
280 565
181 566
305 567
355 568
307 569
83 570
474 571
352 572
4 573
494 574
15 575
560 576
373 577
487 578
447 579
504 580
451 581
469 582
504 583
224 584
190 585
240 586
182 587
103 588
271 589
171 590
38 591
76 592
317 593
561 594
420 595
216 596
436 597
163 598
199 599
253 600
380 601
452 602
139 603
61 604
285 605
567 606
73 607
304 608
310 609
569 610
3 611
59 612
364 613
437 614
536 615
577 616
542 617
381 618
282 619
189 620
55 621
362 622
566 623
543 624
75 625
121 626
66 627
340 628
609 629
443 630
393 631
589 632
567 633
189 634
339 635
338 636
105 637
605 638
112 639
412 640
13 641
38 642
638 643
545 644
549 645
320 646
571 647
52 648
375 649
472 650
107 651
23 652
584 653
104 654
261 655
4 656
47 657
195 658
180 659
180 660
438 661
221 662
202 663
106 664
294 665
385 666
112 667
353 668
394 669
349 670
7 671
511 672
16 673
98 674
306 675
498 676
299 677
644 678
480 679
537 680
680 681
200 682
465 683
361 684
562 685
124 686
17 687
468 688
603 689
229 690
507 691
509 692
510 693
575 694
572 695
53 696
618 697
99 698
482 699
82 700
43 701
632 702
599 703
67 704
630 705
135 706
453 707
667 708
653 709
583 710
451 711
418 712
697 713
657 714
509 715
531 716
691 717
439 718
388 719
67 720
326 721
398 722
68 723
242 724
9 725
414 726
653 727
139 728
340 729
90 730
510 731
435 732
712 733
709 734
586 735
502 736
448 737
76 738
575 739
223 740
158 741
262 742
387 743
319 744
412 745
212 746
680 747
49 748
174 749
726 750
715 751
564 752
128 753
58 754
66 755
215 756
666 757
432 758
468 759
258 760
109 761
622 762
746 763
286 764
24 765
682 766
430 767
171 768
463 769
239 770
648 771
306 772
50 773
160 774
398 775
174 776
169 777
581 778
443 779
459 780
645 781
306 782
195 783
547 784
75 785
93 786
422 787
12 788
420 789
310 790
170 791
397 792
248 793
463 794
723 795
630 796
653 797
418 798
591 799
558 800
515 801
234 802
706 803
733 804
609 805
603 806
707 807
490 808
69 809
559 810
539 811
280 812
658 813
388 814
454 815
290 816
352 817
302 818
813 819
62 820
622 821
56 822
687 823
306 824
520 825
127 826
356 827
618 828
178 829
467 830
383 831
825 832
778 833
351 834
397 835
769 836
787 837
470 838
274 839
28 840
170 841
90 842
702 843
73 844
81 845
285 846
710 847
220 848
845 849
644 850
492 851
512 852
462 853
354 854
478 855
716 856
505 857
81 858
825 859
545 860
362 861
446 862
660 863
114 864
518 865
297 866
348 867
667 868
154 869
269 870
466 871
836 872
802 873
246 874
169 875
272 876
12 877
867 878
117 879
250 880
238 881
496 882
437 883
53 884
834 885
468 886
798 887
416 888
184 889
649 890
222 891
579 892
373 893
118 894
366 895
246 896
529 897
60 898
636 899
360 900
708 901
715 902
834 903
3 904
302 905
511 906
554 907
442 908
726 909
462 910
531 911
857 912
412 913
789 914
257 915
722 916
270 917
453 918
734 919
836 920
243 921
916 922
148 923
564 924
42 925
18 926
638 927
497 928
538 929
408 930
363 931
131 932
229 933
597 934
657 935
190 936
26 937
200 938
761 939
782 940
780 941
855 942
389 943
252 944
814 945
644 946
887 947
402 948
903 949
580 950
507 951
309 952
227 953
717 954
881 955
881 956
440 957
779 958
954 959
107 960
201 961
538 962
642 963
78 964
898 965
612 966
81 967
371 968
381 969
17 970
938 971
574 972
54 973
624 974
271 975
945 976
500 977
514 978
831 979
86 980
517 981
261 982
663 983
927 984
650 985
695 986
527 987
569 988
120 989
442 990
346 991
505 992
653 993
7 994
650 995
984 996
117 997
630 998
676 999
149 1000
727 1001
421 1002
335 1003
577 1004
998 1005
448 1006
140 1007
233 1008
576 1009
801 1010
469 1011
689 1012
254 1013
1007 1014
886 1015
746 1016
111 1017
635 1018
851 1019
665 1020
231 1021
189 1022
775 1023
875 1024
50 1025
836 1026
679 1027
153 1028
378 1029
233 1030
105 1031
985 1032
271 1033
374 1034
318 1035
102 1036
594 1037
66 1038
682 1039
545 1040
214 1041
211 1042
159 1043
222 1044
444 1045
525 1046
816 1047
935 1048
783 1049
845 1050
186 1051
658 1052
648 1053
392 1054
925 1055
396 1056
714 1057
94 1058
42 1059
942 1060
554 1061
292 1062
666 1063
829 1064
99 1065
934 1066
474 1067
896 1068
1035 1069
756 1070
862 1071
544 1072
239 1073
373 1074
503 1075
1006 1076
21 1077
735 1078
688 1079
518 1080
307 1081
197 1082
799 1083
1076 1084
154 1085
494 1086
455 1087
250 1088
176 1089
734 1090
252 1091
740 1092
1018 1093
187 1094
18 1095
468 1096
865 1097
445 1098
524 1099
334 1100
388 1101
284 1102
643 1103
833 1104
940 1105
929 1106
994 1107
380 1108
1088 1109
27 1110
628 1111
860 1112
76 1113
541 1114
145 1115
101 1116
268 1117
765 1118
803 1119
1002 1120
898 1121
755 1122
1074 1123
957 1124
572 1125
393 1126
152 1127
376 1128
970 1129
709 1130
923 1131
323 1132
156 1133
413 1134
607 1135
47 1136
146 1137
583 1138
156 1139
128 1140
835 1141
417 1142
165 1143
759 1144
542 1145
878 1146
308 1147
843 1148
1119 1149
1102 1150
1000 1151
252 1152
726 1153
1115 1154
48 1155
425 1156
380 1157
427 1158
1091 1159
1007 1160
204 1161
71 1162
633 1163
1076 1164
260 1165
566 1166
846 1167
519 1168
401 1169
562 1170
97 1171
95 1172
780 1173
758 1174
1142 1175
990 1176
1063 1177
530 1178
47 1179
1053 1180
552 1181
593 1182
775 1183
508 1184
925 1185
840 1186
39 1187
332 1188
601 1189
102 1190
540 1191
512 1192
952 1193
350 1194
101 1195
926 1196
174 1197
115 1198
829 1199
961 1200
433 1201
597 1202
535 1203
836 1204
1169 1205
1038 1206
242 1207
974 1208
711 1209
274 1210
1 1211
880 1212
576 1213
1147 1214
151 1215
789 1216
975 1217
269 1218
1130 1219
27 1220
99 1221
873 1222
452 1223
839 1224
623 1225
308 1226
411 1227
740 1228
226 1229
999 1230
387 1231
769 1232
355 1233
667 1234
140 1235
77 1236
716 1237
1119 1238
1090 1239
941 1240
266 1241
1077 1242
373 1243
144 1244
324 1245
406 1246
1088 1247
1148 1248
309 1249
1114 1250
1202 1251
1096 1252
295 1253
486 1254
616 1255
260 1256
64 1257
234 1258
195 1259
256 1260
1045 1261
175 1262
484 1263
352 1264
818 1265
1220 1266
67 1267
892 1268
7 1269
1143 1270
7 1271
242 1272
453 1273
1120 1274
106 1275
287 1276
726 1277
644 1278
1141 1279
430 1280
696 1281
1137 1282
721 1283
238 1284
878 1285
982 1286
144 1287
1282 1288
223 1289
1268 1290
171 1291
1102 1292
1161 1293
164 1294
323 1295
778 1296
188 1297
1139 1298
524 1299
1292 1300
1284 1301
1235 1302
571 1303
141 1304
803 1305
938 1306
881 1307
1002 1308
873 1309
440 1310
3 1311
34 1312
1161 1313
733 1314
1224 1315
678 1316
814 1317
1150 1318
403 1319
880 1320
687 1321
730 1322
428 1323
746 1324
1020 1325
774 1326
1040 1327
661 1328
493 1329
1077 1330
26 1331
871 1332
1290 1333
3 1334
830 1335
924 1336
1144 1337
97 1338
1002 1339
134 1340
187 1341
1006 1342
644 1343
1039 1344
1047 1345
404 1346
827 1347
278 1348
51 1349
1 1350
1189 1351
1309 1352
787 1353
246 1354
677 1355
159 1356
1199 1357
563 1358
1060 1359
671 1360
556 1361
1107 1362
717 1363
928 1364
1135 1365
396 1366
116 1367
1286 1368
37 1369
620 1370
579 1371
676 1372
287 1373
1364 1374
80 1375
1239 1376
1027 1377
468 1378
415 1379
1007 1380
293 1381
877 1382
1218 1383
702 1384
275 1385
134 1386
9 1387
939 1388
688 1389
1319 1390
246 1391
1339 1392
60 1393
527 1394
646 1395
152 1396
839 1397
56 1398
51 1399
499 1400
387 1401
947 1402
1037 1403
718 1404
533 1405
245 1406
942 1407
446 1408
228 1409
561 1410
378 1411
548 1412
1260 1413
707 1414
1243 1415
691 1416
1128 1417
1253 1418
333 1419
401 1420
450 1421
1365 1422
1037 1423
809 1424
933 1425
1425 1426
632 1427
1335 1428
344 1429
1228 1430
1021 1431
980 1432
1022 1433
139 1434
288 1435
426 1436
506 1437
1072 1438
459 1439
206 1440
1253 1441
1187 1442
974 1443
1047 1444
1045 1445
253 1446
280 1447
512 1448
1412 1449
1301 1450
814 1451
64 1452
1407 1453
297 1454
310 1455
789 1456
1211 1457
1403 1458
1324 1459
740 1460
672 1461
1151 1462
1065 1463
779 1464
567 1465
521 1466
1283 1467
666 1468
773 1469
86 1470
1436 1471
1341 1472
1376 1473
495 1474
1149 1475
1187 1476
417 1477
1111 1478
983 1479
1204 1480
451 1481
553 1482
1016 1483
809 1484
606 1485
1120 1486
470 1487
225 1488
1169 1489
261 1490
217 1491
663 1492
245 1493
1236 1494
216 1495
247 1496
276 1497
20 1498
463 1499
1140 1500
316 1501
694 1502
1106 1503
658 1504
1130 1505
1468 1506
686 1507
734 1508
324 1509
413 1510
72 1511
840 1512
654 1513
794 1514
1028 1515
899 1516
211 1517
506 1518
1282 1519
1258 1520
197 1521
1148 1522
484 1523
94 1524
1132 1525
812 1526
1190 1527
838 1528
433 1529
73 1530
1042 1531
848 1532
1172 1533
435 1534
416 1535
397 1536
860 1537
118 1538
864 1539
1040 1540
93 1541
908 1542
1353 1543
1204 1544
266 1545
1160 1546
190 1547
1335 1548
282 1549
1509 1550
1124 1551
764 1552
93 1553
612 1554
1523 1555
1372 1556
1450 1557
480 1558
1332 1559
889 1560
1164 1561
1349 1562
548 1563
823 1564
552 1565
970 1566
522 1567
302 1568
1275 1569
973 1570
742 1571
446 1572
412 1573
844 1574
1508 1575
43 1576
553 1577
1019 1578
464 1579
853 1580
998 1581
314 1582
230 1583
307 1584
157 1585
76 1586
1170 1587
383 1588
874 1589
643 1590
863 1591
899 1592
313 1593
1143 1594
673 1595
1053 1596
1529 1597
782 1598
934 1599
1595 1600
695 1601
1065 1602
686 1603
554 1604
463 1605
1058 1606
691 1607
1185 1608
1417 1609
941 1610
1496 1611
216 1612
1409 1613
410 1614
834 1615
609 1616
306 1617
1084 1618
556 1619
3 1620
1057 1621
862 1622
1201 1623
1258 1624
1388 1625
980 1626
300 1627
112 1628
684 1629
1589 1630
1487 1631
1283 1632
1345 1633
1273 1634
572 1635
839 1636
105 1637
480 1638
760 1639
1439 1640
1376 1641
378 1642
952 1643
1163 1644
856 1645
157 1646
1477 1647
1207 1648
1243 1649
525 1650
501 1651
1040 1652
1286 1653
474 1654
1645 1655
312 1656
1624 1657
227 1658
376 1659
838 1660
1111 1661
461 1662
1384 1663
170 1664
96 1665
1193 1666
1214 1667
47 1668
1309 1669
1324 1670
352 1671
331 1672
803 1673
1402 1674
593 1675
1656 1676
760 1677
1420 1678
1531 1679
1601 1680
8 1681
998 1682
601 1683
494 1684
1376 1685
1229 1686
559 1687
1073 1688
1396 1689
180 1690
934 1691
299 1692
119 1693
1563 1694
576 1695
1276 1696
702 1697
1167 1698
1155 1699
630 1700
272 1701
1510 1702
292 1703
787 1704
1611 1705
160 1706
329 1707
1523 1708
361 1709
741 1710
1030 1711
393 1712
1284 1713
1553 1714
308 1715
501 1716
25 1717
1389 1718
440 1719
1357 1720
1654 1721
434 1722
589 1723
701 1724
1081 1725
151 1726
1355 1727
1484 1728
548 1729
1352 1730
738 1731
821 1732
55 1733
997 1734
1203 1735
1163 1736
1651 1737
614 1738
539 1739
1390 1740
378 1741
223 1742
1725 1743
885 1744
1167 1745
1523 1746
1159 1747
792 1748
1101 1749
772 1750
772 1751
1500 1752
499 1753
106 1754
337 1755
302 1756
507 1757
486 1758
95 1759
968 1760
1432 1761
1292 1762
1695 1763
1508 1764
1755 1765
1002 1766
266 1767
1219 1768
1515 1769
1756 1770
14 1771
1720 1772
144 1773
804 1774
1182 1775
1254 1776
1669 1777
59 1778
1509 1779
1449 1780
1517 1781
839 1782
379 1783
165 1784
756 1785
1108 1786
281 1787
1408 1788
944 1789
701 1790
1236 1791
1609 1792
303 1793
294 1794
975 1795
1073 1796
1597 1797
119 1798
1202 1799
625 1800
1251 1801
681 1802
1392 1803
1744 1804
1281 1805
473 1806
1650 1807
387 1808
1099 1809
409 1810
737 1811
364 1812
796 1813
1599 1814
292 1815
47 1816
1431 1817
365 1818
1455 1819
982 1820
730 1821
423 1822
780 1823
1266 1824
365 1825
1765 1826
683 1827
1196 1828
264 1829
438 1830
84 1831
1486 1832
498 1833
29 1834
482 1835
13 1836
45 1837
1339 1838
1269 1839
1559 1840
265 1841
1273 1842
1239 1843
1016 1844
1426 1845
1617 1846
759 1847
1314 1848
1514 1849
1346 1850
1542 1851
340 1852
836 1853
1613 1854
338 1855
1550 1856
174 1857
1261 1858
582 1859
1735 1860
490 1861
1366 1862
1055 1863
376 1864
1130 1865
1827 1866
155 1867
660 1868
945 1869
756 1870
912 1871
1546 1872
781 1873
1600 1874
104 1875
1440 1876
532 1877
60 1878
1867 1879
484 1880
1164 1881
1335 1882
850 1883
817 1884
1186 1885
1637 1886
1409 1887
31 1888
366 1889
585 1890
1806 1891
520 1892
506 1893
463 1894
543 1895
1507 1896
836 1897
805 1898
418 1899
976 1900
573 1901
1450 1902
1237 1903
469 1904
1806 1905
1541 1906
729 1907
1078 1908
1377 1909
392 1910
1840 1911
57 1912
1481 1913
1424 1914
1205 1915
440 1916
96 1917
1001 1918
847 1919
94 1920
1772 1921
1597 1922
1367 1923
1481 1924
360 1925
1427 1926
1526 1927
249 1928
1313 1929
640 1930
959 1931
1866 1932
1052 1933
753 1934
1408 1935
546 1936
429 1937
1755 1938
1812 1939
780 1940
754 1941
1388 1942
1141 1943
329 1944
1566 1945
1689 1946
839 1947
1614 1948
1369 1949
610 1950
542 1951
1565 1952
241 1953
1692 1954
1137 1955
1048 1956
362 1957
544 1958
38 1959
34 1960
1775 1961
1012 1962
1411 1963
291 1964
468 1965
821 1966
1381 1967
754 1968
287 1969
526 1970
1860 1971
233 1972
1532 1973
12 1974
1548 1975
54 1976
1261 1977
469 1978
1234 1979
278 1980
1409 1981
1731 1982
1057 1983
571 1984
1156 1985
1843 1986
1118 1987
163 1988
38 1989
563 1990
1641 1991
1642 1992
271 1993
728 1994
1335 1995
1311 1996
900 1997
186 1998
390 1999
1411 2000
205 2001
1775 2002
1895 2003
24 2004
631 2005
1834 2006
1663 2007
1937 2008
1385 2009
1741 2010
45 2011
1264 2012
1547 2013
137 2014
1079 2015
1199 2016
166 2017
728 2018
1346 2019
887 2020
1329 2021
1618 2022
1661 2023
355 2024
918 2025
110 2026
1488 2027
1011 2028
1321 2029
1668 2030
714 2031
1528 2032
1301 2033
977 2034
60 2035
1209 2036
77 2037
1076 2038
651 2039
1145 2040
377 2041
568 2042
1197 2043
1973 2044
1433 2045
1148 2046
1384 2047
725 2048
465 2049
1972 2050
1640 2051
384 2052
1338 2053
825 2054
785 2055
1625 2056
628 2057
1933 2058
983 2059
638 2060
1568 2061
1081 2062
722 2063
1068 2064
910 2065
294 2066
1287 2067
50 2068
996 2069
1606 2070
312 2071
895 2072
88 2073
2072 2074
1700 2075
304 2076
1270 2077
2030 2078
872 2079
1611 2080
422 2081
967 2082
652 2083
902 2084
1893 2085
1442 2086
505 2087
1426 2088
871 2089
611 2090
1189 2091
1777 2092
856 2093
1783 2094
1137 2095
2 2096
1830 2097
1405 2098
300 2099
225 2100
706 2101
1363 2102
1072 2103
1059 2104
1779 2105
179 2106
35 2107
925 2108
1699 2109
609 2110
145 2111
1280 2112
1436 2113
1562 2114
857 2115
2092 2116
2106 2117
615 2118
824 2119
1852 2120
1823 2121
1802 2122
1500 2123
349 2124
1899 2125
1308 2126
2113 2127
345 2128
745 2129
1862 2130
1119 2131
275 2132
1478 2133
681 2134
1135 2135
973 2136
1240 2137
861 2138
1303 2139
1826 2140
713 2141
1629 2142
2119 2143
1142 2144
2089 2145
1901 2146
709 2147
1542 2148
965 2149
1265 2150
752 2151
678 2152
2 2153
149 2154
30 2155
454 2156
1717 2157
1765 2158
61 2159
1839 2160
2 2161
1335 2162
449 2163
193 2164
886 2165
1984 2166
1957 2167
1480 2168
1959 2169
247 2170
299 2171
1101 2172
452 2173
1316 2174
829 2175
1163 2176
1802 2177
2149 2178
186 2179
1076 2180
719 2181
370 2182
1872 2183
2058 2184
1589 2185
1130 2186
1746 2187
503 2188
1107 2189
1461 2190
1079 2191
926 2192
1169 2193
1324 2194
590 2195
2163 2196
1489 2197
1066 2198
1641 2199
565 2200
597 2201
1423 2202
1941 2203
1829 2204
1326 2205
171 2206
1784 2207
436 2208
683 2209
1133 2210
1453 2211
687 2212
30 2213
1268 2214
846 2215
421 2216
1529 2217
315 2218
509 2219
1964 2220
2124 2221
273 2222
504 2223
1028 2224
1627 2225
1545 2226
1905 2227
1502 2228
2011 2229
1373 2230
1695 2231
2043 2232
138 2233
2159 2234
347 2235
111 2236
45 2237
2132 2238
2090 2239
953 2240
243 2241
720 2242
2004 2243
1698 2244
1865 2245
1477 2246
2167 2247
2011 2248
1199 2249
2086 2250
1740 2251
1533 2252
1441 2253
1566 2254
512 2255
1326 2256
844 2257
1324 2258
127 2259
1976 2260
2102 2261
327 2262
10 2263
926 2264
313 2265
1531 2266
175 2267
1633 2268
935 2269
493 2270
2111 2271
316 2272
207 2273
2090 2274
97 2275
1739 2276
2149 2277
1780 2278
1552 2279
1888 2280
2233 2281
1155 2282
2273 2283
703 2284
937 2285
571 2286
888 2287
2264 2288
1801 2289
1718 2290
746 2291
1230 2292
106 2293
28 2294
284 2295
1043 2296
1953 2297
942 2298
354 2299
2272 2300
1749 2301
1697 2302
2149 2303
546 2304
1602 2305
742 2306
2289 2307
1340 2308
432 2309
1029 2310
477 2311
132 2312
1523 2313
2204 2314
1350 2315
1457 2316
146 2317
128 2318
238 2319
1731 2320
1694 2321
731 2322
1027 2323
1990 2324
54 2325
767 2326
771 2327
2200 2328
943 2329
558 2330
62 2331
1505 2332
336 2333
122 2334
313 2335
427 2336
1396 2337
38 2338
268 2339
1492 2340
1359 2341
2168 2342
1526 2343
583 2344
911 2345
1544 2346
2182 2347
2148 2348
595 2349
772 2350
326 2351
694 2352
1538 2353
2129 2354
1585 2355
1754 2356
947 2357
585 2358
1734 2359
592 2360
238 2361
1063 2362
1833 2363
677 2364
1594 2365
2092 2366
1716 2367
1345 2368
656 2369
837 2370
2325 2371
499 2372
162 2373
1740 2374
1761 2375
1125 2376
670 2377
848 2378
1717 2379
910 2380
1463 2381
673 2382
445 2383
1358 2384
883 2385
952 2386
1498 2387
1396 2388
1999 2389
1344 2390
50 2391
1344 2392
1575 2393
360 2394
1939 2395
1010 2396
2061 2397
2161 2398
1370 2399
2114 2400
2269 2401
799 2402
1069 2403
2110 2404
1136 2405
271 2406
1087 2407
97 2408
203 2409
2236 2410
1466 2411
1358 2412
1429 2413
1687 2414
2296 2415
361 2416
2054 2417
2101 2418
2107 2419
2151 2420
1314 2421
1021 2422
1999 2423
459 2424
2385 2425
1037 2426
108 2427
942 2428
2109 2429
1041 2430
814 2431
854 2432
1863 2433
1821 2434
221 2435
531 2436
1135 2437
1577 2438
204 2439
1328 2440
876 2441
2098 2442
1806 2443
2036 2444
1891 2445
1486 2446
202 2447
92 2448
505 2449
947 2450
1356 2451
1980 2452
414 2453
231 2454
2209 2455
1403 2456
130 2457
649 2458
311 2459
1118 2460
653 2461
1570 2462
737 2463
1667 2464
816 2465
501 2466
1722 2467
372 2468
1675 2469
1478 2470
769 2471
2086 2472
22 2473
1077 2474
2285 2475
1272 2476
606 2477
859 2478
1079 2479
799 2480
1744 2481
1550 2482
2352 2483
277 2484
1021 2485
194 2486
871 2487
107 2488
2104 2489
4 2490
360 2491
1763 2492
583 2493
1655 2494
1373 2495
1903 2496
1275 2497
2120 2498
91 2499
1888 2500
1072 2501
1945 2502
535 2503
1564 2504
1660 2505
1915 2506
1745 2507
1777 2508
1441 2509
726 2510
1164 2511
1587 2512
630 2513
2055 2514
1906 2515
1592 2516
635 2517
499 2518
1017 2519
39 2520
2222 2521
2373 2522
1976 2523
1283 2524
1797 2525
762 2526
645 2527
1556 2528
781 2529
1302 2530
1207 2531
5 2532
1266 2533
1733 2534
1411 2535
1066 2536
1076 2537
798 2538
437 2539
2176 2540
787 2541
630 2542
2021 2543
251 2544
1372 2545
1000 2546
1208 2547
1701 2548
2482 2549
1314 2550
384 2551
2131 2552
199 2553
2523 2554
2193 2555
1303 2556
1396 2557
57 2558
2527 2559
324 2560
2286 2561
861 2562
1192 2563
1349 2564
444 2565
784 2566
1569 2567
1568 2568
2353 2569
121 2570
438 2571
2426 2572
319 2573
1434 2574
1244 2575
252 2576
731 2577
1813 2578
1968 2579
1775 2580
2002 2581
1400 2582
1036 2583
2408 2584
1377 2585
1600 2586
886 2587
2104 2588
1091 2589
1116 2590
2392 2591
679 2592
252 2593
2517 2594
1972 2595
2263 2596
3 2597
1722 2598
134 2599
363 2600
807 2601
924 2602
1611 2603
1509 2604
261 2605
1013 2606
2020 2607
355 2608
176 2609
1593 2610
148 2611
285 2612
397 2613
1300 2614
2132 2615
1496 2616
84 2617
2077 2618
1844 2619
2219 2620
11 2621
491 2622
1519 2623
254 2624
1313 2625
1360 2626
1083 2627
632 2628
659 2629
1285 2630
1059 2631
705 2632
32 2633
2419 2634
675 2635
2593 2636
839 2637
158 2638
459 2639
698 2640
1658 2641
2227 2642
787 2643
2409 2644
1371 2645
487 2646
1913 2647
307 2648
1577 2649
881 2650
518 2651
423 2652
1879 2653
2159 2654
460 2655
1535 2656
263 2657
1097 2658
1564 2659
1306 2660
1133 2661
1128 2662
482 2663
720 2664
23 2665
1904 2666
2254 2667
1573 2668
2536 2669
1176 2670
1974 2671
801 2672
513 2673
1333 2674
1272 2675
1971 2676
647 2677
1170 2678
1173 2679
2166 2680
1410 2681
1809 2682
2493 2683
974 2684
1715 2685
2645 2686
1888 2687
807 2688
1062 2689
1551 2690
2342 2691
50 2692
1234 2693
900 2694
614 2695
1112 2696
756 2697
519 2698
215 2699
963 2700
2608 2701
1245 2702
158 2703
1118 2704
264 2705
346 2706
1847 2707
2195 2708
717 2709
1824 2710
2561 2711
824 2712
870 2713
1214 2714
2215 2715
1378 2716
1889 2717
2613 2718
1469 2719
1588 2720
976 2721
2333 2722
1295 2723
1562 2724
2403 2725
1546 2726
729 2727
620 2728
2610 2729
394 2730
620 2731
1776 2732
1585 2733
2169 2734
360 2735
814 2736
1603 2737
2736 2738
1220 2739
2659 2740
74 2741
173 2742
1583 2743
446 2744
1094 2745
31 2746
2719 2747
1010 2748
2041 2749
1066 2750
2028 2751
376 2752
593 2753
1236 2754
569 2755
1535 2756
261 2757
341 2758
1537 2759
1911 2760
2391 2761
2240 2762
2545 2763
1167 2764
2257 2765
2557 2766
629 2767
1312 2768
1406 2769
2372 2770
141 2771
1293 2772
978 2773
1765 2774
2768 2775
888 2776
2255 2777
298 2778
2337 2779
1408 2780
2346 2781
1177 2782
2398 2783
160 2784
1827 2785
1542 2786
2260 2787
2683 2788
2299 2789
2074 2790
1073 2791
2176 2792
2601 2793
760 2794
2151 2795
1924 2796
2528 2797
2406 2798
2125 2799
489 2800
359 2801
580 2802
212 2803
15 2804
2136 2805
2602 2806
2774 2807
2024 2808
1843 2809
1681 2810
542 2811
608 2812
2049 2813
2128 2814
2138 2815
730 2816
1977 2817
2641 2818
2572 2819
790 2820
252 2821
2601 2822
2392 2823
1718 2824
2333 2825
762 2826
925 2827
2021 2828
2325 2829
783 2830
867 2831
517 2832
1297 2833
2043 2834
2203 2835
2781 2836
2799 2837
2380 2838
2112 2839
208 2840
1403 2841
1269 2842
1080 2843
1071 2844
1597 2845
1349 2846
2754 2847
941 2848
1221 2849
2214 2850
1741 2851
2381 2852
8 2853
93 2854
2678 2855
217 2856
1475 2857
1528 2858
1317 2859
1435 2860
1538 2861
2270 2862
1254 2863
218 2864
2646 2865
2225 2866
2806 2867
26 2868
303 2869
2663 2870
1360 2871
2823 2872
2421 2873
2553 2874
2844 2875
1926 2876
1442 2877
1479 2878
531 2879
2066 2880
1675 2881
1915 2882
1042 2883
1483 2884
1634 2885
1137 2886
60 2887
1045 2888
2569 2889
345 2890
311 2891
974 2892
1800 2893
626 2894
267 2895
1324 2896
157 2897
2315 2898
692 2899
995 2900
2403 2901
2736 2902
213 2903
2256 2904
1203 2905
1610 2906
2271 2907
2558 2908
2586 2909
573 2910
2686 2911
2542 2912
1580 2913
2111 2914
2555 2915
2428 2916
1931 2917
2318 2918
2428 2919
410 2920
1973 2921
1875 2922
2494 2923
697 2924
1803 2925
316 2926
1342 2927
1241 2928
2109 2929
74 2930
1930 2931
2868 2932
106 2933
1981 2934
1000 2935
2110 2936
731 2937
223 2938
182 2939
2449 2940
2723 2941
819 2942
1058 2943
1569 2944
947 2945
353 2946
904 2947
2390 2948
1693 2949
988 2950
1173 2951
2043 2952
1872 2953
468 2954
60 2955
1851 2956
2145 2957
2713 2958
2256 2959
2080 2960
1251 2961
803 2962
2212 2963
1046 2964
1281 2965
1114 2966
78 2967
524 2968
1143 2969
2219 2970
3 2971
1214 2972
2624 2973
49 2974
2402 2975
2452 2976
2671 2977
1911 2978
608 2979
995 2980
1905 2981
1359 2982
2459 2983
2395 2984
1059 2985
405 2986
2854 2987
586 2988
1373 2989
2258 2990
2425 2991
2012 2992
940 2993
1579 2994
223 2995
547 2996
2758 2997
2749 2998
1863 2999
433 3000
2611 3001
2815 3002
892 3003
1464 3004
2184 3005
2026 3006
2213 3007
1015 3008
1720 3009
2878 3010
1463 3011
1212 3012
1523 3013
2830 3014
381 3015
1958 3016
515 3017
1569 3018
2461 3019
761 3020
933 3021
1250 3022
2913 3023
17 3024
176 3025
2883 3026
2333 3027
2055 3028
24 3029
760 3030
1505 3031
2605 3032
1850 3033
2918 3034
610 3035
434 3036
969 3037
3012 3038
609 3039
870 3040
1879 3041
2444 3042
2148 3043
1603 3044
826 3045
1615 3046
39 3047
1163 3048
397 3049
2903 3050
2989 3051
1407 3052
14 3053
1421 3054
934 3055
1051 3056
1999 3057
2091 3058
1211 3059
64 3060
2509 3061
402 3062
439 3063
2924 3064
232 3065
48 3066
932 3067
2330 3068
112 3069
655 3070
562 3071
297 3072
184 3073
385 3074
1279 3075
1483 3076
1369 3077
3071 3078
2711 3079
1228 3080
31 3081
13 3082
1664 3083
2767 3084
555 3085
668 3086
908 3087
760 3088
2736 3089
2521 3090
475 3091
1770 3092
1178 3093
941 3094
1677 3095
1540 3096
2572 3097
969 3098
2103 3099
2624 3100
301 3101
1930 3102
2310 3103
253 3104
8 3105
167 3106
1741 3107
1668 3108
2820 3109
2172 3110
424 3111
2304 3112
2432 3113
2128 3114
791 3115
1325 3116
2873 3117
1924 3118
2863 3119
762 3120
537 3121
2958 3122
2675 3123
1392 3124
3086 3125
71 3126
2400 3127
869 3128
677 3129
2977 3130
2457 3131
2714 3132
1359 3133
261 3134
739 3135
459 3136
1125 3137
2190 3138
1911 3139
850 3140
1239 3141
2677 3142
996 3143
404 3144
3105 3145
239 3146
2995 3147
119 3148
1384 3149
1054 3150
687 3151
1312 3152
2034 3153
1428 3154
2666 3155
1653 3156
270 3157
1333 3158
637 3159
2351 3160
2941 3161
1811 3162
1023 3163
1589 3164
1303 3165
2280 3166
397 3167
2663 3168
370 3169
2044 3170
2624 3171
1585 3172
1277 3173
881 3174
3093 3175
2845 3176
571 3177
577 3178
2686 3179
2697 3180
1350 3181
1869 3182
2307 3183
327 3184
1448 3185
1613 3186
1244 3187
1379 3188
1572 3189
987 3190
1162 3191
2036 3192
1939 3193
2929 3194
1014 3195
3156 3196
2711 3197
263 3198
3025 3199
2868 3200
320 3201
296 3202
1836 3203
2038 3204
2988 3205
1814 3206
247 3207
2072 3208
557 3209
281 3210
2648 3211
2656 3212
1026 3213
1819 3214
420 3215
3037 3216
2153 3217
857 3218
112 3219
1960 3220
3104 3221
2866 3222
2139 3223
904 3224
953 3225
341 3226
2679 3227
345 3228
937 3229
1369 3230
2483 3231
412 3232
2225 3233
1570 3234
1687 3235
1195 3236
1370 3237
9 3238
1292 3239
1829 3240
2092 3241
1874 3242
1532 3243
1138 3244
62 3245
2754 3246
3189 3247
2335 3248
2580 3249
1743 3250
933 3251
368 3252
3035 3253
47 3254
288 3255
2983 3256
1281 3257
2034 3258
883 3259
2498 3260
359 3261
1585 3262
858 3263
179 3264
801 3265
112 3266
644 3267
1234 3268
892 3269
799 3270
352 3271
1978 3272
704 3273
1709 3274
2453 3275
2675 3276
467 3277
1345 3278
336 3279
2282 3280
566 3281
1565 3282
1205 3283
1021 3284
1065 3285
2512 3286
108 3287
2070 3288
1070 3289
679 3290
809 3291
148 3292
267 3293
2072 3294
1000 3295
2450 3296
208 3297
1266 3298
2645 3299
2328 3300
3067 3301
2053 3302
1409 3303
1684 3304
1395 3305
1077 3306
1985 3307
748 3308
548 3309
2018 3310
1181 3311
2430 3312
2334 3313
2995 3314
1793 3315
1086 3316
1214 3317
1744 3318
3212 3319
1001 3320
1355 3321
3266 3322
2070 3323
2352 3324
123 3325
2644 3326
148 3327
1567 3328
2425 3329
1805 3330
3193 3331
224 3332
612 3333
1390 3334
973 3335
305 3336
1294 3337
448 3338
2461 3339
938 3340
804 3341
589 3342
2867 3343
300 3344
1323 3345
2242 3346
2500 3347
1684 3348
1776 3349
2913 3350
247 3351
3014 3352
2166 3353
2986 3354
160 3355
2801 3356
2506 3357
3086 3358
127 3359
1161 3360
1729 3361
1086 3362
2467 3363
380 3364
1184 3365
2173 3366
1008 3367
2254 3368
2647 3369
172 3370
711 3371
3182 3372
3321 3373
1111 3374
1559 3375
447 3376
1466 3377
1831 3378
2533 3379
1897 3380
220 3381
2300 3382
140 3383
2226 3384
1811 3385
1355 3386
1275 3387
31 3388
3104 3389
1375 3390
1208 3391
177 3392
529 3393
1591 3394
1398 3395
3014 3396
1476 3397
1172 3398
2708 3399
317 3400
1007 3401
3372 3402
2979 3403
2723 3404
2553 3405
341 3406
2882 3407
841 3408
969 3409
2974 3410
503 3411
725 3412
1002 3413
1133 3414
3032 3415
2726 3416
2538 3417
394 3418
2154 3419
1815 3420
2512 3421
2504 3422
2497 3423
1893 3424
3112 3425
2709 3426
2757 3427
825 3428
1422 3429
2264 3430
1299 3431
753 3432
3302 3433
1718 3434
105 3435
3041 3436
1363 3437
2710 3438
2955 3439
2640 3440
665 3441
2910 3442
1358 3443
1882 3444
592 3445
54 3446
152 3447
3366 3448
3 3449
2449 3450
212 3451
631 3452
2669 3453
3344 3454
877 3455
2658 3456
2226 3457
1717 3458
3446 3459
1485 3460
552 3461
2662 3462
3239 3463
1860 3464
38 3465
1927 3466
472 3467
619 3468
1634 3469
2985 3470
3328 3471
1077 3472
1694 3473
2872 3474
2569 3475
2511 3476
2679 3477
2664 3478
2618 3479
3329 3480
1226 3481
3006 3482
2733 3483
1242 3484
2479 3485
2527 3486
2434 3487
372 3488
2063 3489
2282 3490
905 3491
3233 3492
1207 3493
848 3494
3275 3495
534 3496
729 3497
2890 3498
1095 3499
3181 3500
280 3501
3224 3502
2772 3503
1451 3504
3196 3505
2563 3506
2383 3507
896 3508
3085 3509
786 3510
3100 3511
227 3512
3174 3513
3181 3514
1127 3515
3116 3516
3128 3517
419 3518
207 3519
752 3520
267 3521
604 3522
1604 3523
63 3524
3461 3525
3211 3526
2379 3527
608 3528
3444 3529
3209 3530
448 3531
3418 3532
809 3533
1545 3534
1221 3535
1512 3536
3188 3537
765 3538
1600 3539
1720 3540
2473 3541
1758 3542
1878 3543
2726 3544
2082 3545
792 3546
3537 3547
1516 3548
644 3549
1905 3550
3139 3551
1226 3552
3017 3553
1502 3554
2789 3555
2721 3556
3221 3557
2935 3558
1317 3559
33 3560
825 3561
1370 3562
2999 3563
1361 3564
1935 3565
1891 3566
1676 3567
1972 3568
2734 3569
2386 3570
414 3571
1910 3572
2169 3573
167 3574
111 3575
3504 3576
379 3577
1885 3578
2501 3579
3035 3580
2142 3581
1583 3582
1980 3583
853 3584
2697 3585
2010 3586
3250 3587
3368 3588
2467 3589
3013 3590
882 3591
65 3592
2944 3593
2745 3594
2562 3595
508 3596
2975 3597
615 3598
1573 3599
2669 3600
1662 3601
906 3602
396 3603
3585 3604
1582 3605
1907 3606
3363 3607
1258 3608
1765 3609
736 3610
1271 3611
2379 3612
1711 3613
3041 3614
3288 3615
2399 3616
3350 3617
3188 3618
2689 3619
440 3620
1312 3621
147 3622
2942 3623
2050 3624
2667 3625
1629 3626
2639 3627
200 3628
2607 3629
1106 3630
1997 3631
2209 3632
2150 3633
1857 3634
2224 3635
3558 3636
2440 3637
2129 3638
3422 3639
2104 3640
455 3641
2475 3642
1685 3643
1047 3644
168 3645
1171 3646
3627 3647
816 3648
302 3649
961 3650
1512 3651
824 3652
2693 3653
729 3654
1031 3655
358 3656
606 3657
2590 3658
1772 3659
943 3660
3356 3661
189 3662
2216 3663
1522 3664
689 3665
3440 3666
2957 3667
2631 3668
399 3669
566 3670
750 3671
572 3672
2541 3673
1563 3674
372 3675
439 3676
96 3677
910 3678
2714 3679
408 3680
2077 3681
2324 3682
1966 3683
962 3684
996 3685
903 3686
864 3687
901 3688
445 3689
1537 3690
3270 3691
3641 3692
1037 3693
3250 3694
406 3695
125 3696
2751 3697
574 3698
428 3699
1532 3700
2460 3701
1746 3702
2510 3703
2499 3704
2280 3705
669 3706
3338 3707
1017 3708
3002 3709
1542 3710
3098 3711
2488 3712
2775 3713
2799 3714
1610 3715
2013 3716
2270 3717
2619 3718
489 3719
231 3720
3602 3721
2843 3722
3080 3723
757 3724
2246 3725
446 3726
1778 3727
2900 3728
2907 3729
2381 3730
2227 3731
2665 3732
1223 3733
221 3734
1802 3735
3726 3736
1861 3737
1355 3738
758 3739
1756 3740
1129 3741
3025 3742
3098 3743
1204 3744
3333 3745
145 3746
3644 3747
748 3748
2079 3749
737 3750
2101 3751
1243 3752
1526 3753
461 3754
2563 3755
1496 3756
3344 3757
1202 3758
2687 3759
3414 3760
823 3761
437 3762
2706 3763
2439 3764
3184 3765
868 3766
1834 3767
3648 3768
2233 3769
2095 3770
1102 3771
958 3772
1274 3773
489 3774
1980 3775
952 3776
757 3777
2984 3778
1408 3779
689 3780
2105 3781
197 3782
155 3783
1154 3784
1772 3785
1560 3786
3164 3787
2939 3788
3737 3789
859 3790
1508 3791
3137 3792
2019 3793
1614 3794
1073 3795
2354 3796
1759 3797
2772 3798
2606 3799
1347 3800
23 3801
2535 3802
1060 3803
1848 3804
2462 3805
2575 3806
777 3807
1292 3808
2983 3809
645 3810
2051 3811
1226 3812
3289 3813
1807 3814
3386 3815
1066 3816
1319 3817
2813 3818
2622 3819
2727 3820
3225 3821
360 3822
3760 3823
899 3824
3233 3825
602 3826
2891 3827
2292 3828
46 3829
610 3830
2162 3831
1602 3832
1997 3833
3510 3834
861 3835
228 3836
15 3837
408 3838
1604 3839
2979 3840
1806 3841
1893 3842
114 3843
492 3844
270 3845
465 3846
3716 3847
89 3848
3649 3849
331 3850
308 3851
836 3852
3066 3853
33 3854
3195 3855
2896 3856
323 3857
1348 3858
1308 3859
2754 3860
3348 3861
1839 3862
3319 3863
2159 3864
3845 3865
634 3866
2034 3867
2464 3868
1850 3869
2424 3870
3151 3871
1304 3872
2316 3873
1785 3874
3425 3875
1633 3876
275 3877
1740 3878
898 3879
2418 3880
1471 3881
2172 3882
1781 3883
3561 3884
232 3885
779 3886
1608 3887
1280 3888
2621 3889
3553 3890
1904 3891
1557 3892
2685 3893
660 3894
2187 3895
1163 3896
818 3897
3154 3898
2896 3899
935 3900
3015 3901
474 3902
2531 3903
3373 3904
932 3905
3777 3906
3172 3907
274 3908
348 3909
3384 3910
2727 3911
2918 3912
2175 3913
1220 3914
276 3915
2097 3916
3448 3917
1042 3918
1755 3919
3247 3920
3622 3921
1017 3922
2381 3923
2995 3924
3638 3925
1197 3926
3729 3927
13 3928
3531 3929
1172 3930
362 3931
2066 3932
3738 3933
416 3934
1849 3935
2399 3936
2507 3937
97 3938
1470 3939
3561 3940
3681 3941
1210 3942
2155 3943
1492 3944
2705 3945
131 3946
1368 3947
1447 3948
463 3949
582 3950
703 3951
1269 3952
3360 3953
348 3954
3486 3955
2903 3956
3521 3957
879 3958
629 3959
1193 3960
930 3961
1620 3962
1600 3963
75 3964
1069 3965
2415 3966
858 3967
2812 3968
427 3969
2708 3970
3303 3971
3098 3972
3080 3973
887 3974
2655 3975
2547 3976
2764 3977
1261 3978
634 3979
3536 3980
3949 3981
3726 3982
2928 3983
1141 3984
3790 3985
3439 3986
1370 3987
2357 3988
3874 3989
2469 3990
2629 3991
1121 3992
3757 3993
2107 3994
3206 3995
3012 3996
1971 3997
2111 3998
2759 3999
397 4000
3890 4001
217 4002
662 4003
1431 4004
2929 4005
1057 4006
1495 4007
2169 4008
2553 4009
393 4010
3408 4011
2269 4012
3464 4013
1620 4014
3849 4015
149 4016
3480 4017
402 4018
3210 4019
779 4020
3759 4021
1262 4022
166 4023
3610 4024
2645 4025
1498 4026
3165 4027
3968 4028
1186 4029
3886 4030
3906 4031
2502 4032
273 4033
2858 4034
3978 4035
1477 4036
167 4037
26 4038
1182 4039
2963 4040
3739 4041
4021 4042
3993 4043
257 4044
2945 4045
143 4046
276 4047
3073 4048
3815 4049
349 4050
3195 4051
3186 4052
786 4053
2851 4054
2762 4055
801 4056
3296 4057
1309 4058
3988 4059
2956 4060
2111 4061
3692 4062
3778 4063
2832 4064
1572 4065
2792 4066
87 4067
1385 4068
3947 4069
1393 4070
2722 4071
106 4072
604 4073
16 4074
4050 4075
2779 4076
1992 4077
172 4078
1345 4079
1735 4080
3251 4081
214 4082
3713 4083
102 4084
2650 4085
1429 4086
2875 4087
169 4088
372 4089
2072 4090
2586 4091
2434 4092
1886 4093
1565 4094
870 4095
2901 4096
660 4097
1732 4098
657 4099
2301 4100
1129 4101
698 4102
3762 4103
3140 4104
2021 4105
929 4106
3629 4107
2767 4108
1567 4109
335 4110
261 4111
3341 4112
504 4113
181 4114
2670 4115
3549 4116
3095 4117
2651 4118
413 4119
2279 4120
2246 4121
192 4122
3186 4123
4054 4124
3614 4125
458 4126
310 4127
1198 4128
4024 4129
245 4130
1498 4131
2337 4132
1190 4133
1826 4134
159 4135
2744 4136
1294 4137
365 4138
636 4139
3803 4140
556 4141
4096 4142
3976 4143
980 4144
1648 4145
269 4146
1708 4147
1166 4148
3040 4149
183 4150
55 4151
3597 4152
118 4153
2594 4154
3822 4155
3585 4156
4060 4157
3280 4158
3905 4159
984 4160
3840 4161
3096 4162
3569 4163
1041 4164
3187 4165
2299 4166
3454 4167
3402 4168
1509 4169
1748 4170
3383 4171
4117 4172
1550 4173
322 4174
2143 4175
715 4176
3999 4177
1653 4178
2091 4179
3441 4180
1032 4181
1510 4182
822 4183
626 4184
3563 4185
16 4186
3853 4187
3052 4188
2916 4189
572 4190
3402 4191
2695 4192
2736 4193
1708 4194
2673 4195
3972 4196
766 4197
1059 4198
3753 4199
2640 4200
3608 4201
2682 4202
171 4203
3444 4204
3134 4205
264 4206
3858 4207
2567 4208
2620 4209
1110 4210
2199 4211
2089 4212
3627 4213
1507 4214
592 4215
872 4216
1619 4217
315 4218
1257 4219
2891 4220
2621 4221
1484 4222
1933 4223
238 4224
3439 4225
4112 4226
2009 4227
2138 4228
3491 4229
1005 4230
1645 4231
937 4232
1608 4233
2839 4234
97 4235
1949 4236
4057 4237
3505 4238
3245 4239
798 4240
442 4241
2713 4242
3823 4243
1933 4244
3354 4245
69 4246
3127 4247
2085 4248
960 4249
2022 4250
766 4251
601 4252
78 4253
4213 4254
3595 4255
3885 4256
408 4257
3742 4258
1325 4259
274 4260
2346 4261
3037 4262
4085 4263
502 4264
3503 4265
1703 4266
2978 4267
3625 4268
503 4269
746 4270
1472 4271
1132 4272
4113 4273
1828 4274
3577 4275
132 4276
1621 4277
2646 4278
3937 4279
3925 4280
511 4281
1933 4282
3850 4283
2727 4284
1240 4285
870 4286
268 4287
1049 4288
4277 4289
2944 4290
3401 4291
550 4292
4013 4293
3118 4294
2274 4295
1424 4296
1627 4297
1613 4298
4116 4299
3713 4300
4284 4301
3927 4302
709 4303
1947 4304
1545 4305
1590 4306
989 4307
3779 4308
3024 4309
2061 4310
3676 4311
1047 4312
3364 4313
4159 4314
1522 4315
2622 4316
2248 4317
2893 4318
1177 4319
1690 4320
859 4321
4085 4322
292 4323
3086 4324
2602 4325
3606 4326
2496 4327
4272 4328
3960 4329
3783 4330
1401 4331
148 4332
2979 4333
1319 4334
2024 4335
1930 4336
3022 4337
973 4338
2831 4339
3879 4340
1909 4341
3911 4342
62 4343
3710 4344
308 4345
35 4346
733 4347
3311 4348
3791 4349
1145 4350
2103 4351
3172 4352
3191 4353
2164 4354
2028 4355
178 4356
3389 4357
2324 4358
2721 4359
1176 4360
1096 4361
1008 4362
3015 4363
2354 4364
2383 4365
822 4366
2054 4367
827 4368
2608 4369
3357 4370
1020 4371
736 4372
3416 4373
2225 4374
1832 4375
4276 4376
4115 4377
63 4378
4208 4379
2335 4380
4009 4381
3523 4382
3328 4383
758 4384
3390 4385
716 4386
1324 4387
2017 4388
4245 4389
2380 4390
172 4391
3668 4392
1583 4393
833 4394
4275 4395
228 4396
3203 4397
3930 4398
2495 4399
2940 4400
1898 4401
217 4402
1374 4403
561 4404
4250 4405
337 4406
145 4407
3792 4408
562 4409
2235 4410
3129 4411
1998 4412
3785 4413
2858 4414
2523 4415
1146 4416
2343 4417
1412 4418
3446 4419
1752 4420
2056 4421
3656 4422
4008 4423
3036 4424
2678 4425
108 4426
3619 4427
942 4428
4139 4429
1332 4430
2962 4431
2578 4432
1210 4433
21 4434
1358 4435
1851 4436
3466 4437
1829 4438
2010 4439
288 4440
2056 4441
156 4442
3739 4443
1487 4444
1484 4445
4343 4446
158 4447
402 4448
1684 4449
3982 4450
4320 4451
1241 4452
1765 4453
3103 4454
2173 4455
2317 4456
1767 4457
3887 4458
4419 4459
2054 4460
234 4461
2346 4462
4259 4463
134 4464
902 4465
3007 4466
533 4467
1035 4468
2663 4469
788 4470
2881 4471
1954 4472
1097 4473
3874 4474
183 4475
2482 4476
3531 4477
2821 4478
2078 4479
2132 4480
790 4481
1519 4482
722 4483
2920 4484
2040 4485
4403 4486
99 4487
1177 4488
4026 4489
2806 4490
2699 4491
1887 4492
3267 4493
312 4494
3779 4495
509 4496
4023 4497
348 4498
4246 4499
492 4500
666 4501
3397 4502
1886 4503
2706 4504
2226 4505
4248 4506
1319 4507
2732 4508
790 4509
1852 4510
1571 4511
3770 4512
1587 4513
1621 4514
3587 4515
3303 4516
4418 4517
4407 4518
598 4519
3289 4520
3871 4521
1031 4522
645 4523
3922 4524
2920 4525
2573 4526
231 4527
1577 4528
4225 4529
863 4530
4011 4531
4446 4532
438 4533
3480 4534
2042 4535
3553 4536
2405 4537
4461 4538
211 4539
3441 4540
1702 4541
545 4542
4463 4543
2500 4544
2160 4545
1892 4546
944 4547
1172 4548
4435 4549
3477 4550
185 4551
803 4552
1741 4553
1925 4554
2049 4555
2858 4556
641 4557
3862 4558
4488 4559
2394 4560
2613 4561
233 4562
2644 4563
89 4564
3442 4565
1066 4566
3592 4567
3914 4568
4514 4569
4298 4570
3476 4571
2776 4572
3156 4573
1899 4574
3409 4575
1502 4576
3066 4577
2040 4578
622 4579
4349 4580
787 4581
4425 4582
108 4583
3505 4584
116 4585
638 4586
3098 4587
3782 4588
3997 4589
935 4590
4243 4591
1381 4592
1549 4593
737 4594
2936 4595
2911 4596
1039 4597
4525 4598
1660 4599
3776 4600
2313 4601
3346 4602
938 4603
1714 4604
2604 4605
1542 4606
4121 4607
578 4608
4420 4609
689 4610
2746 4611
1496 4612
4274 4613
612 4614
2936 4615
4583 4616
1016 4617
772 4618
1110 4619
4474 4620
266 4621
2949 4622
2383 4623
827 4624
3213 4625
242 4626
2998 4627
3310 4628
727 4629
474 4630
4015 4631
2313 4632
3876 4633
3092 4634
2084 4635
2553 4636
245 4637
4146 4638
2038 4639
3937 4640
438 4641
636 4642
4106 4643
1180 4644
1060 4645
877 4646
1532 4647
275 4648
339 4649
597 4650
2197 4651
4427 4652
1886 4653
2078 4654
1202 4655
3034 4656
3167 4657
2653 4658
2322 4659
2453 4660
2625 4661
1726 4662
3998 4663
890 4664
3860 4665
1048 4666
3624 4667
3802 4668
3821 4669
4351 4670
1084 4671
4633 4672
2979 4673
1935 4674
3621 4675
4600 4676
426 4677
523 4678
3684 4679
2631 4680
1201 4681
421 4682
709 4683
462 4684
2839 4685
20 4686
80 4687
55 4688
3293 4689
4092 4690
3071 4691
3279 4692
4021 4693
4063 4694
3508 4695
1964 4696
2976 4697
4220 4698
3568 4699
4550 4700
196 4701
2667 4702
853 4703
2362 4704
435 4705
2555 4706
3185 4707
2190 4708
413 4709
4271 4710
2147 4711
1320 4712
1041 4713
280 4714
3389 4715
2647 4716
1353 4717
222 4718
4150 4719
2507 4720
4560 4721
4557 4722
2921 4723
2550 4724
3522 4725
1082 4726
1912 4727
3267 4728
4633 4729
945 4730
4570 4731
1392 4732
3633 4733
443 4734
4125 4735
1871 4736
3414 4737
4079 4738
3858 4739
4565 4740
1775 4741
1227 4742
4428 4743
4180 4744
1162 4745
2398 4746
3398 4747
713 4748
1075 4749
51 4750
1409 4751
3333 4752
1443 4753
4683 4754
4466 4755
271 4756
916 4757
3870 4758
86 4759
3255 4760
851 4761
2204 4762
39 4763
4168 4764
2615 4765
1579 4766
1175 4767
3663 4768
468 4769
3721 4770
3762 4771
1616 4772
437 4773
1077 4774
2107 4775
4724 4776
2528 4777
1750 4778
4214 4779
2966 4780
3845 4781
2530 4782
261 4783
4219 4784
3150 4785
3192 4786
479 4787
3382 4788
1950 4789
3688 4790
2577 4791
1116 4792
673 4793
1959 4794
4536 4795
4262 4796
1562 4797
2910 4798
1287 4799
1454 4800
2689 4801
4186 4802
3265 4803
347 4804
4196 4805
4057 4806
1734 4807
2064 4808
2147 4809
1999 4810
1508 4811
669 4812
799 4813
2360 4814
1612 4815
1371 4816
1591 4817
4812 4818
3621 4819
2936 4820
2535 4821
583 4822
765 4823
158 4824
402 4825
763 4826
1643 4827
3223 4828
3146 4829
4489 4830
1038 4831
634 4832
4615 4833
1745 4834
2711 4835
1398 4836
4395 4837
1517 4838
4673 4839
3509 4840
4608 4841
2676 4842
2180 4843
2227 4844
872 4845
4666 4846
1621 4847
1601 4848
4444 4849
2514 4850
4432 4851
602 4852
580 4853
834 4854
3735 4855
1433 4856
1455 4857
1547 4858
2488 4859
4029 4860
4563 4861
3883 4862
3669 4863
4083 4864
3359 4865
3086 4866
4449 4867
4420 4868
2752 4869
4102 4870
3331 4871
1325 4872
1902 4873
3617 4874
2250 4875
395 4876
1480 4877
977 4878
3960 4879
1460 4880
4646 4881
3918 4882
3159 4883
774 4884
823 4885
4283 4886
2967 4887
2986 4888
1863 4889
2582 4890
2131 4891
1951 4892
4591 4893
549 4894
114 4895
4796 4896
4656 4897
3755 4898
2466 4899
710 4900
4300 4901
2261 4902
1962 4903
468 4904
3068 4905
926 4906
2520 4907
2292 4908
1463 4909
3170 4910
4371 4911
4578 4912
2847 4913
334 4914
4541 4915
1531 4916
1702 4917
3979 4918
1775 4919
3887 4920
3044 4921
3219 4922
3658 4923
1960 4924
4377 4925
831 4926
4625 4927
3516 4928
3417 4929
929 4930
3300 4931
2685 4932
3890 4933
4228 4934
4398 4935
3843 4936
1990 4937
364 4938
1031 4939
4289 4940
2153 4941
2542 4942
57 4943
1778 4944
994 4945
1385 4946
1023 4947
4772 4948
283 4949
2111 4950
445 4951
260 4952
3593 4953
4085 4954
1381 4955
891 4956
3196 4957
4105 4958
2979 4959
4197 4960
4395 4961
3991 4962
1799 4963
662 4964
3414 4965
1110 4966
3866 4967
4113 4968
2119 4969
3198 4970
1353 4971
1231 4972
1467 4973
2535 4974
1234 4975
2183 4976
2381 4977
4276 4978
1281 4979
4711 4980
2311 4981
3941 4982
1059 4983
527 4984
1851 4985
4537 4986
4983 4987
3463 4988
2920 4989
3057 4990
902 4991
4910 4992
510 4993
4857 4994
426 4995
4166 4996
4573 4997
1237 4998
194 4999
3870 5000
1969 5001
3863 5002
470 5003
3243 5004
1937 5005
345 5006
285 5007
506 5008
3511 5009
3427 5010
1197 5011
1938 5012
1367 5013
4300 5014
1555 5015
222 5016
1342 5017
1334 5018
2179 5019
3982 5020
4178 5021
1845 5022
736 5023
3209 5024
3360 5025
4697 5026
4544 5027
1261 5028
1229 5029
3888 5030
2035 5031
1000 5032
4422 5033
1077 5034
399 5035
4923 5036
399 5037
2703 5038
823 5039
4771 5040
4504 5041
135 5042
384 5043
3071 5044
2178 5045
2048 5046
577 5047
285 5048
3052 5049
2163 5050
2635 5051
566 5052
4096 5053
3128 5054
3023 5055
3103 5056
3419 5057
2203 5058
3641 5059
4085 5060
3038 5061
2375 5062
3759 5063
3654 5064
83 5065
1198 5066
4396 5067
3102 5068
4072 5069
4454 5070
2992 5071
2096 5072
1113 5073
1685 5074
3164 5075
2759 5076
3191 5077
4201 5078
4373 5079
1547 5080
4275 5081
1508 5082
3877 5083
4379 5084
1321 5085
2695 5086
1860 5087
230 5088
785 5089
1756 5090
555 5091
5052 5092
695 5093
4995 5094
5084 5095
1977 5096
1587 5097
2782 5098
433 5099
1050 5100
4325 5101
1951 5102
601 5103
4087 5104
1831 5105
4184 5106
3181 5107
261 5108
2856 5109
1818 5110
2249 5111
404 5112
444 5113
2609 5114
1638 5115
2044 5116
3417 5117
2490 5118
1990 5119
3927 5120
3451 5121
2126 5122
3631 5123
1130 5124
4405 5125
2976 5126
2177 5127
2465 5128
1338 5129
2007 5130
3602 5131
2041 5132
1616 5133
151 5134
435 5135
3624 5136
4004 5137
831 5138
51 5139
3842 5140
2653 5141
3880 5142
2375 5143
494 5144
3214 5145
4576 5146
2627 5147
40 5148
1816 5149
4289 5150
3853 5151
2580 5152
963 5153
1731 5154
1109 5155
4664 5156
1382 5157
2721 5158
221 5159
4344 5160
3826 5161
3511 5162
4830 5163
3688 5164
2283 5165
2241 5166
3575 5167
2729 5168
2717 5169
4260 5170
935 5171
1122 5172
1902 5173
1025 5174
479 5175
270 5176
3298 5177
1194 5178
445 5179
3078 5180
5133 5181
1156 5182
5063 5183
2060 5184
545 5185
3598 5186
960 5187
4165 5188
3905 5189
3821 5190
3706 5191
4178 5192
2147 5193
824 5194
2413 5195
808 5196
2459 5197
3257 5198
3447 5199
1361 5200
2154 5201
4271 5202
4102 5203
4696 5204
4369 5205
2004 5206
2340 5207
2716 5208
4250 5209
1969 5210
5141 5211
5104 5212
3593 5213
4916 5214
175 5215
1627 5216
4380 5217
2947 5218
4801 5219
1154 5220
4745 5221
3937 5222
4215 5223
600 5224
2409 5225
1696 5226
4455 5227
3924 5228
3940 5229
2587 5230
5133 5231
1217 5232
2060 5233
30 5234
2847 5235
1183 5236
1226 5237
654 5238
310 5239
3740 5240
1617 5241
3474 5242
3284 5243
4336 5244
263 5245
2264 5246
4117 5247
539 5248
4802 5249
2480 5250
3558 5251
3656 5252
724 5253
3902 5254
4820 5255
2553 5256
593 5257
375 5258
5079 5259
2002 5260
1982 5261
3026 5262
2017 5263
895 5264
4687 5265
2687 5266
586 5267
2681 5268
2814 5269
4183 5270
697 5271
3445 5272
2544 5273
2601 5274
4282 5275
2481 5276
4556 5277
1972 5278
1017 5279
2010 5280
3006 5281
2662 5282
849 5283
4780 5284
1243 5285
4218 5286
3658 5287
1246 5288
4197 5289
3339 5290
4214 5291
1981 5292
4822 5293
2733 5294
3463 5295
1021 5296
2378 5297
531 5298
2336 5299
3242 5300
2131 5301
1078 5302
1974 5303
4828 5304
13 5305
3894 5306
2058 5307
3255 5308
5134 5309
3263 5310
3448 5311
2002 5312
5066 5313
2153 5314
3584 5315
4938 5316
397 5317
2959 5318
734 5319
1057 5320
4098 5321
1459 5322
213 5323
1605 5324
3485 5325
5148 5326
3482 5327
812 5328
4141 5329
4797 5330
4794 5331
2954 5332
4441 5333
2437 5334
821 5335
4588 5336
430 5337
1399 5338
3669 5339
2686 5340
5302 5341
2210 5342
3814 5343
1403 5344
2768 5345
4301 5346
665 5347
5021 5348
5340 5349
5315 5350
369 5351
316 5352
1324 5353
165 5354
4744 5355
1983 5356
2386 5357
1852 5358
640 5359
3830 5360
1138 5361
4567 5362
2296 5363
199 5364
837 5365
1054 5366
3769 5367
4197 5368
4051 5369
3486 5370
1444 5371
3445 5372
3514 5373
3238 5374
4438 5375
3605 5376
1655 5377
1798 5378
2683 5379
3504 5380
1542 5381
535 5382
649 5383
1443 5384
164 5385
4540 5386
3611 5387
3660 5388
848 5389
3676 5390
4543 5391
5385 5392
2687 5393
74 5394
1603 5395
3356 5396
4943 5397
1449 5398
2372 5399
4665 5400
3985 5401
5161 5402
2382 5403
1011 5404
317 5405
4319 5406
4632 5407
4727 5408
1965 5409
2483 5410
3989 5411
4107 5412
3249 5413
526 5414
334 5415
3070 5416
3079 5417
867 5418
4312 5419
5369 5420
3756 5421
171 5422
2528 5423
4883 5424
4180 5425
286 5426
2266 5427
1804 5428
1815 5429
4490 5430
370 5431
2016 5432
509 5433
4590 5434
660 5435
2419 5436
2014 5437
3377 5438
4066 5439
1299 5440
904 5441
539 5442
2959 5443
1062 5444
3862 5445
5166 5446
2019 5447
4454 5448
1645 5449
2138 5450
3971 5451
745 5452
3766 5453
3450 5454
280 5455
5311 5456
5131 5457
4392 5458
1665 5459
4144 5460
1460 5461
596 5462
4919 5463
758 5464
219 5465
1458 5466
2815 5467
2876 5468
3643 5469
5157 5470
1714 5471
2848 5472
5218 5473
2619 5474
188 5475
3896 5476
5169 5477
3842 5478
3456 5479
3183 5480
2981 5481
1198 5482
5451 5483
1120 5484
2361 5485
5256 5486
1455 5487
806 5488
1331 5489
268 5490
1147 5491
1422 5492
4702 5493
113 5494
4955 5495
3440 5496
3236 5497
139 5498
2257 5499
1573 5500
3871 5501
1515 5502
1368 5503
532 5504
517 5505
148 5506
5291 5507
3320 5508
1004 5509
2702 5510
3006 5511
2262 5512
3680 5513
508 5514
2822 5515
4404 5516
636 5517
2915 5518
3677 5519
1497 5520
5258 5521
3542 5522
4 5523
2674 5524
329 5525
434 5526
1086 5527
1822 5528
5066 5529
472 5530
333 5531
414 5532
2297 5533
1215 5534
4311 5535
1769 5536
3379 5537
2388 5538
3862 5539
163 5540
3773 5541
5314 5542
4801 5543
1648 5544
866 5545
3558 5546
920 5547
4828 5548
4926 5549
4720 5550
3353 5551
2790 5552
931 5553
3524 5554
2604 5555
855 5556
3348 5557
1437 5558
5296 5559
355 5560
3521 5561
1154 5562
2259 5563
4725 5564
3005 5565
5187 5566
5280 5567
5395 5568
4731 5569
1896 5570
5497 5571
3753 5572
3451 5573
1845 5574
3832 5575
961 5576
5050 5577
112 5578
2289 5579
4157 5580
4633 5581
1206 5582
923 5583
3339 5584
1610 5585
490 5586
2808 5587
2642 5588
3855 5589
1179 5590
4728 5591
1129 5592
2185 5593
3558 5594
1229 5595
4757 5596
4108 5597
2428 5598
4639 5599
4460 5600
1246 5601
1183 5602
272 5603
589 5604
1000 5605
1841 5606
1735 5607
3165 5608
1194 5609
52 5610
1454 5611
5041 5612
4108 5613
2304 5614
873 5615
1177 5616
5579 5617
1304 5618
3619 5619
895 5620
3485 5621
5363 5622
1216 5623
3708 5624
291 5625
3078 5626
2364 5627
473 5628
1448 5629
3779 5630
2872 5631
5001 5632
1957 5633
4144 5634
5416 5635
3500 5636
3029 5637
1683 5638
5035 5639
5230 5640
1891 5641
3372 5642
3037 5643
4972 5644
4153 5645
1101 5646
2249 5647
1606 5648
1031 5649
1369 5650
2498 5651
831 5652
4804 5653
4324 5654
766 5655
1115 5656
4828 5657
341 5658
3784 5659
891 5660
47 5661
2098 5662
459 5663
765 5664
5141 5665
4043 5666
2178 5667
1424 5668
3685 5669
1638 5670
1353 5671
4988 5672
4066 5673
2875 5674
848 5675
2879 5676
4362 5677
5145 5678
3227 5679
2273 5680
2158 5681
4468 5682
3947 5683
5268 5684
2295 5685
2008 5686
1557 5687
5270 5688
838 5689
5292 5690
3713 5691
138 5692
1 5693
1766 5694
5128 5695
249 5696
1833 5697
857 5698
4846 5699
716 5700
2747 5701
3517 5702
3899 5703
4051 5704
5017 5705
5595 5706
5308 5707
1841 5708
3758 5709
158 5710
3104 5711
2444 5712
454 5713
4205 5714
5169 5715
5071 5716
1566 5717
2952 5718
426 5719
1006 5720
164 5721
1894 5722
2783 5723
3135 5724
4784 5725
3460 5726
4143 5727
1095 5728
5695 5729
4558 5730
5050 5731
3739 5732
5726 5733
859 5734
2902 5735
508 5736
4444 5737
4269 5738
5000 5739
1154 5740
2579 5741
2504 5742
1134 5743
2549 5744
3501 5745
2723 5746
4961 5747
2992 5748
2558 5749
2319 5750
2003 5751
50 5752
3134 5753
4488 5754
516 5755
4995 5756
5297 5757
5321 5758
609 5759
4045 5760
2154 5761
2341 5762
1317 5763
291 5764
1644 5765
3834 5766
3243 5767
3723 5768
4371 5769
802 5770
4589 5771
4047 5772
821 5773
1049 5774
4327 5775
4515 5776
2487 5777
4203 5778
318 5779
3219 5780
5426 5781
1190 5782
1340 5783
5509 5784
437 5785
436 5786
5462 5787
284 5788
5536 5789
618 5790
4547 5791
3716 5792
5169 5793
4287 5794
5227 5795
1743 5796
631 5797
1747 5798
2834 5799
4126 5800
5549 5801
3288 5802
3698 5803
801 5804
4191 5805
3665 5806
5519 5807
3281 5808
2074 5809
3612 5810
727 5811
5288 5812
1484 5813
4783 5814
3489 5815
658 5816
1877 5817
4915 5818
1942 5819
5188 5820
2574 5821
1665 5822
810 5823
895 5824
4677 5825
3190 5826
807 5827
4790 5828
1304 5829
3702 5830
1146 5831
1905 5832
5676 5833
2961 5834
639 5835
3724 5836
3894 5837
67 5838
1966 5839
5444 5840
1124 5841
3355 5842
5747 5843
2848 5844
389 5845
4457 5846
3519 5847
2604 5848
2466 5849
4915 5850
1498 5851
3986 5852
954 5853
4908 5854
5304 5855
203 5856
3186 5857
4508 5858
2096 5859
2252 5860
4615 5861
958 5862
2101 5863
941 5864
2086 5865
5784 5866
4527 5867
4620 5868
1702 5869
1235 5870
873 5871
1117 5872
388 5873
5509 5874
900 5875
1575 5876
2252 5877
2574 5878
4458 5879
1855 5880
4798 5881
3071 5882
4643 5883
612 5884
4832 5885
4513 5886
4509 5887
4310 5888
4592 5889
1074 5890
2524 5891
94 5892
5014 5893
5601 5894
2601 5895
2039 5896
4617 5897
2217 5898
2221 5899
4046 5900
3433 5901
3232 5902
2729 5903
25 5904
5455 5905
1704 5906
2992 5907
3169 5908
2940 5909
5003 5910
3994 5911
3267 5912
4502 5913
2715 5914
2988 5915
1449 5916
1103 5917
1611 5918
2675 5919
5848 5920
3214 5921
1381 5922
5277 5923
546 5924
219 5925
5776 5926
1704 5927
4062 5928
1654 5929
3160 5930
340 5931
4181 5932
1821 5933
4808 5934
668 5935
640 5936
1082 5937
1713 5938
2738 5939
5482 5940
888 5941
4750 5942
3007 5943
3856 5944
1800 5945
5507 5946
5877 5947
5904 5948
5231 5949
5385 5950
5059 5951
2899 5952
4351 5953
1488 5954
2045 5955
3339 5956
529 5957
5160 5958
2062 5959
691 5960
1715 5961
150 5962
1772 5963
2292 5964
4487 5965
2024 5966
5736 5967
5277 5968
5823 5969
952 5970
3247 5971
1234 5972
1395 5973
2952 5974
2990 5975
3026 5976
1496 5977
1142 5978
3097 5979
4325 5980
4136 5981
665 5982
4899 5983
3157 5984
4715 5985
4626 5986
2443 5987
4434 5988
242 5989
2111 5990
1040 5991
3444 5992
4619 5993
1330 5994
2667 5995
2663 5996
3149 5997
926 5998
4385 5999
5975 6000
3321 6001
5014 6002
3608 6003
458 6004
3862 6005
4635 6006
5719 6007
5881 6008
96 6009
684 6010
450 6011
2473 6012
1752 6013
393 6014
3039 6015
22 6016
5174 6017
5151 6018
3957 6019
1216 6020
3080 6021
2423 6022
283 6023
56 6024
2062 6025
2473 6026
2456 6027
1956 6028
4116 6029
3179 6030
3864 6031
1894 6032
2167 6033
5638 6034
3291 6035
432 6036
773 6037
5759 6038
4981 6039
3711 6040
544 6041
1203 6042
4161 6043
1647 6044
1431 6045
3361 6046
6033 6047
4339 6048
1398 6049
817 6050
5803 6051
1607 6052
473 6053
917 6054
4018 6055
3649 6056
5025 6057
2986 6058
2717 6059
1763 6060
5742 6061
639 6062
4207 6063
3863 6064
2953 6065
3003 6066
5830 6067
5824 6068
2290 6069
5124 6070
343 6071
790 6072
2838 6073
4956 6074
4916 6075
4772 6076
505 6077
3061 6078
2520 6079
4000 6080
282 6081
2589 6082
4691 6083
3529 6084
2676 6085
5576 6086
5818 6087
4424 6088
3783 6089
2461 6090
5208 6091
2250 6092
4066 6093
2193 6094
170 6095
424 6096
59 6097
5712 6098
1983 6099
4731 6100
3906 6101
708 6102
5443 6103
4575 6104
5445 6105
4525 6106
4959 6107
6036 6108
5862 6109
4564 6110
1427 6111
3339 6112
2122 6113
2756 6114
139 6115
4712 6116
2099 6117
4972 6118
5258 6119
3981 6120
5176 6121
2441 6122
4623 6123
708 6124
5429 6125
6023 6126
1796 6127
5478 6128
4440 6129
1596 6130
4189 6131
1149 6132
3814 6133
2106 6134
128 6135
3697 6136
680 6137
5459 6138
2973 6139
3852 6140
2870 6141
3245 6142
6094 6143
3706 6144
3030 6145
4717 6146
5150 6147
5630 6148
5861 6149
3058 6150
355 6151
5968 6152
6035 6153
4760 6154
4037 6155
5394 6156
6024 6157
5932 6158
2413 6159
6111 6160
3453 6161
2037 6162
306 6163
1708 6164
1948 6165
3627 6166
5487 6167
2051 6168
4985 6169
4459 6170
3239 6171
4468 6172
5444 6173
2018 6174
414 6175
5689 6176
4230 6177
3243 6178
194 6179
5311 6180
4312 6181
3047 6182
2122 6183
335 6184
5398 6185
958 6186
6103 6187
4603 6188
5501 6189
2347 6190
3400 6191
1953 6192
3666 6193
253 6194
2398 6195
3513 6196
4768 6197
3448 6198
2488 6199
474 6200
3444 6201
4470 6202
4328 6203
4575 6204
5875 6205
3350 6206
1261 6207
4240 6208
5860 6209
458 6210
2866 6211
1568 6212
2550 6213
5489 6214
265 6215
6007 6216
3499 6217
3699 6218
6041 6219
2952 6220
1209 6221
4324 6222
4434 6223
1945 6224
1326 6225
3252 6226
660 6227
1403 6228
4574 6229
120 6230
178 6231
5539 6232
2691 6233
1815 6234
3557 6235
4159 6236
990 6237
1414 6238
1677 6239
4345 6240
2343 6241
4564 6242
1477 6243
3084 6244
3462 6245
4367 6246
4481 6247
2196 6248
5781 6249
3311 6250
283 6251
5841 6252
5520 6253
4077 6254
5558 6255
1540 6256
2316 6257
5343 6258
6038 6259
2657 6260
1136 6261
4489 6262
763 6263
2209 6264
204 6265
5053 6266
5136 6267
3726 6268
1552 6269
3083 6270
394 6271
2251 6272
5510 6273
6163 6274
607 6275
2811 6276
3907 6277
2944 6278
4953 6279
1405 6280
1653 6281
552 6282
3413 6283
5952 6284
720 6285
4903 6286
6138 6287
1281 6288
5544 6289
490 6290
6001 6291
1783 6292
991 6293
4875 6294
6011 6295
2226 6296
666 6297
3944 6298
2003 6299
4935 6300
4939 6301
4766 6302
5880 6303
5025 6304
6207 6305
2430 6306
306 6307
1903 6308
2965 6309
4941 6310
5148 6311
1770 6312
4775 6313
1474 6314
2822 6315
2707 6316
3018 6317
263 6318
4514 6319
4704 6320
1798 6321
2626 6322
699 6323
5229 6324
2517 6325
6303 6326
2955 6327
2381 6328
2910 6329
4705 6330
6186 6331
1072 6332
1795 6333
3830 6334
2887 6335
2407 6336
3957 6337
5318 6338
3615 6339
6062 6340
3716 6341
5201 6342
576 6343
1477 6344
2159 6345
4800 6346
3058 6347
97 6348
2602 6349
3830 6350
3646 6351
1249 6352
5303 6353
3445 6354
2045 6355
6290 6356
3159 6357
5337 6358
4171 6359
1484 6360
2429 6361
790 6362
4330 6363
5790 6364
932 6365
4288 6366
721 6367
1674 6368
1974 6369
3158 6370
618 6371
1981 6372
646 6373
3816 6374
6310 6375
3710 6376
6375 6377
508 6378
457 6379
942 6380
1739 6381
441 6382
1162 6383
4682 6384
1498 6385
1113 6386
3467 6387
2429 6388
4202 6389
2806 6390
1016 6391
4063 6392
3583 6393
2791 6394
6218 6395
2716 6396
3145 6397
5423 6398
4107 6399
2572 6400
2762 6401
4284 6402
5528 6403
327 6404
5986 6405
371 6406
3576 6407
770 6408
1404 6409
4181 6410
4944 6411
1525 6412
5897 6413
5948 6414
1686 6415
3545 6416
6004 6417
1744 6418
1235 6419
4657 6420
3409 6421
848 6422
6123 6423
1500 6424
3464 6425
653 6426
1625 6427
3806 6428
5237 6429
5329 6430
3412 6431
3799 6432
2598 6433
1782 6434
4128 6435
5640 6436
3740 6437
788 6438
467 6439
3270 6440
658 6441
3248 6442
3900 6443
2030 6444
2098 6445
3277 6446
2193 6447
5271 6448
4862 6449
5955 6450
4993 6451
2326 6452
5347 6453
701 6454
912 6455
3386 6456
6252 6457
207 6458
198 6459
4613 6460
5048 6461
5628 6462
1267 6463
218 6464
4627 6465
1568 6466
1246 6467
2974 6468
5244 6469
5277 6470
2904 6471
5253 6472
1112 6473
2654 6474
2870 6475
2526 6476
1677 6477
1716 6478
1563 6479
4150 6480
2447 6481
2520 6482
1416 6483
2282 6484
4269 6485
3840 6486
4510 6487
4945 6488
1905 6489
3430 6490
4499 6491
3722 6492
2693 6493
140 6494
4439 6495
2364 6496
6449 6497
5532 6498
1748 6499
1653 6500
2626 6501
4496 6502
2243 6503
1934 6504
5624 6505
4993 6506
520 6507
1299 6508
819 6509
5671 6510
670 6511
5409 6512
4610 6513
3647 6514
754 6515
4547 6516
1550 6517
3273 6518
3886 6519
3470 6520
4906 6521
1661 6522
144 6523
6500 6524
4733 6525
340 6526
754 6527
2613 6528
1208 6529
2258 6530
1252 6531
4628 6532
5670 6533
3524 6534
4044 6535
3257 6536
1988 6537
3088 6538
1354 6539
6068 6540
2249 6541
585 6542
4376 6543
5482 6544
3117 6545
5551 6546
5985 6547
5338 6548
1984 6549
4247 6550
1450 6551
5621 6552
3175 6553
4559 6554
2959 6555
3910 6556
423 6557
2485 6558
3395 6559
2376 6560
4899 6561
1250 6562
5425 6563
4769 6564
4907 6565
839 6566
1349 6567
1236 6568
4861 6569
4474 6570
1881 6571
2097 6572
6037 6573
1024 6574
5083 6575
5718 6576
955 6577
4294 6578
6056 6579
5869 6580
4411 6581
2270 6582
1064 6583
6386 6584
2592 6585
2125 6586
6354 6587
2931 6588
1102 6589
669 6590
4787 6591
3449 6592
3499 6593
1827 6594
5443 6595
5494 6596
499 6597
3545 6598
2628 6599
3855 6600
5825 6601
4969 6602
4994 6603
529 6604
5337 6605
4022 6606
5452 6607
4654 6608
1685 6609
4831 6610
2466 6611
4506 6612
3976 6613
5157 6614
6221 6615
5070 6616
4454 6617
1499 6618
481 6619
1561 6620
1705 6621
4429 6622
1030 6623
6022 6624
4518 6625
2922 6626
1789 6627
4005 6628
6050 6629
3108 6630
3397 6631
4134 6632
4951 6633
3183 6634
6437 6635
4411 6636
5699 6637
65 6638
2792 6639
6031 6640
2621 6641
946 6642
6273 6643
2450 6644
3615 6645
5762 6646
2859 6647
1339 6648
1818 6649
4906 6650
5516 6651
5129 6652
2157 6653
4693 6654
613 6655
4417 6656
2969 6657
169 6658
5719 6659
556 6660
5778 6661
160 6662
4936 6663
2600 6664
3757 6665
2868 6666
1547 6667
810 6668
4871 6669
3200 6670
3922 6671
6060 6672
5560 6673
5884 6674
4136 6675
5223 6676
2383 6677
1177 6678
363 6679
2606 6680
5472 6681
3277 6682
6565 6683
6280 6684
2831 6685
2472 6686
6656 6687
737 6688
6476 6689
1433 6690
3834 6691
5637 6692
6478 6693
1207 6694
4192 6695
5743 6696
4970 6697
316 6698
2759 6699
4661 6700
3126 6701
993 6702
3775 6703
2844 6704
3368 6705
6080 6706
5171 6707
4236 6708
1532 6709
1915 6710
1252 6711
1976 6712
577 6713
482 6714
177 6715
936 6716
2332 6717
412 6718
1127 6719
458 6720
3026 6721
4298 6722
4807 6723
6262 6724
5032 6725
2536 6726
4649 6727
6244 6728
800 6729
3997 6730
2763 6731
6653 6732
5815 6733
2528 6734
3627 6735
1564 6736
4329 6737
647 6738
1667 6739
4334 6740
877 6741
6673 6742
2014 6743
1236 6744
5514 6745
5377 6746
3598 6747
6130 6748
2684 6749
3766 6750
3310 6751
1926 6752
2674 6753
6660 6754
6157 6755
2005 6756
1802 6757
2981 6758
6027 6759
2130 6760
2636 6761
379 6762
3772 6763
5406 6764
4426 6765
6021 6766
6289 6767
1064 6768
6546 6769
1013 6770
1153 6771
700 6772
6760 6773
4715 6774
3641 6775
5344 6776
2966 6777
3421 6778
517 6779
6556 6780
4636 6781
606 6782
454 6783
2561 6784
1311 6785
2639 6786
5499 6787
3556 6788
3577 6789
3890 6790
3850 6791
3056 6792
6032 6793
6281 6794
420 6795
3316 6796
253 6797
5539 6798
5902 6799
1445 6800
4014 6801
4144 6802
2340 6803
4719 6804
4964 6805
2623 6806
978 6807
2052 6808
4707 6809
3182 6810
5341 6811
4277 6812
3234 6813
1698 6814
4795 6815
5391 6816
6288 6817
5130 6818
2764 6819
5196 6820
4767 6821
557 6822
5397 6823
911 6824
993 6825
860 6826
5667 6827
6057 6828
3950 6829
3840 6830
1320 6831
5814 6832
2497 6833
6487 6834
1314 6835
2675 6836
3317 6837
1078 6838
4859 6839
1348 6840
2809 6841
2021 6842
2954 6843
2385 6844
1408 6845
2703 6846
4888 6847
6247 6848
6184 6849
43 6850
319 6851
600 6852
4 6853
3797 6854
6077 6855
4294 6856
1288 6857
6654 6858
1953 6859
3644 6860
5553 6861
4910 6862
4418 6863
1708 6864
1447 6865
2677 6866
3297 6867
2787 6868
4008 6869
5129 6870
2175 6871
1423 6872
6058 6873
4838 6874
6263 6875
853 6876
3536 6877
1239 6878
5863 6879
5197 6880
1022 6881
4273 6882
6671 6883
4369 6884
5771 6885
5025 6886
175 6887
3850 6888
4199 6889
860 6890
5091 6891
5045 6892
5157 6893
6264 6894
5676 6895
5085 6896
5978 6897
633 6898
5845 6899
2775 6900
127 6901
3896 6902
1912 6903
2634 6904
6417 6905
2711 6906
2789 6907
6577 6908
4500 6909
3263 6910
5145 6911
3344 6912
5898 6913
1692 6914
6036 6915
3615 6916
6720 6917
1821 6918
5272 6919
3857 6920
6029 6921
3157 6922
5142 6923
4279 6924
1390 6925
3014 6926
2914 6927
5042 6928
6201 6929
2255 6930
5888 6931
6675 6932
6354 6933
3102 6934
3154 6935
6496 6936
1867 6937
304 6938
2943 6939
1225 6940
3747 6941
6498 6942
403 6943
2586 6944
3661 6945
3268 6946
4700 6947
5412 6948
5106 6949
1231 6950
3540 6951
3818 6952
2134 6953
4751 6954
2445 6955
4000 6956
5728 6957
2401 6958
3225 6959
2988 6960
3377 6961
6078 6962
3701 6963
841 6964
474 6965
1820 6966
5306 6967
5446 6968
6074 6969
6608 6970
1023 6971
1732 6972
2922 6973
6404 6974
1949 6975
4778 6976
2511 6977
3351 6978
4334 6979
1787 6980
4074 6981
313 6982
3354 6983
302 6984
983 6985
782 6986
3101 6987
6371 6988
2484 6989
191 6990
5208 6991
2434 6992
5425 6993
4623 6994
4802 6995
1679 6996
351 6997
369 6998
22 6999
4387 7000
1087 7001
4470 7002
6271 7003
5307 7004
2291 7005
406 7006
6319 7007
1115 7008
4316 7009
3217 7010
5100 7011
3660 7012
1219 7013
6289 7014
6637 7015
4076 7016
4098 7017
5282 7018
4019 7019
1379 7020
1464 7021
3109 7022
6975 7023
1669 7024
3365 7025
69 7026
2459 7027
4017 7028
3001 7029
5908 7030
4013 7031
1705 7032
4311 7033
6858 7034
1328 7035
4669 7036
1923 7037
1234 7038
2240 7039
910 7040
4041 7041
3469 7042
1511 7043
6864 7044
2683 7045
5091 7046
1217 7047
1404 7048
2980 7049
4206 7050
1627 7051
725 7052
2585 7053
3419 7054
5730 7055
824 7056
5497 7057
449 7058
5446 7059
1813 7060
6696 7061
6605 7062
5655 7063
6537 7064
909 7065
4597 7066
1177 7067
715 7068
5072 7069
6683 7070
3271 7071
3803 7072
5434 7073
899 7074
6548 7075
4110 7076
5271 7077
3863 7078
2904 7079
208 7080
7032 7081
3250 7082
5274 7083
1393 7084
2114 7085
5810 7086
7033 7087
6492 7088
837 7089
2846 7090
5782 7091
46 7092
2152 7093
729 7094
2123 7095
3574 7096
7069 7097
5176 7098
1611 7099
4475 7100
1050 7101
5686 7102
845 7103
677 7104
1337 7105
1805 7106
1097 7107
698 7108
6682 7109
6254 7110
4160 7111
524 7112
1151 7113
4922 7114
2449 7115
6965 7116
892 7117
5260 7118
4483 7119
4942 7120
6370 7121
214 7122
1941 7123
6169 7124
453 7125
6875 7126
2686 7127
4058 7128
5548 7129
6065 7130
5677 7131
356 7132
6681 7133
522 7134
4450 7135
4175 7136
530 7137
3722 7138
1244 7139
5511 7140
3673 7141
3908 7142
3905 7143
1637 7144
1267 7145
6436 7146
2880 7147
6223 7148
4683 7149
6095 7150
2821 7151
3964 7152
3950 7153
1237 7154
3862 7155
4648 7156
5923 7157
4356 7158
6920 7159
3121 7160
6245 7161
1614 7162
3634 7163
3885 7164
6291 7165
5085 7166
6139 7167
6150 7168
6738 7169
4759 7170
2110 7171
6220 7172
945 7173
5197 7174
1749 7175
2551 7176
1506 7177
6667 7178
3264 7179
6564 7180
4169 7181
5164 7182
6671 7183
831 7184
5506 7185
3989 7186
481 7187
3473 7188
5162 7189
6980 7190
5975 7191
5470 7192
1625 7193
2837 7194
80 7195
1286 7196
5290 7197
4178 7198
7052 7199
5814 7200
1363 7201
4919 7202
5231 7203
5827 7204
4094 7205
3072 7206
3635 7207
2731 7208
4277 7209
2635 7210
3967 7211
1977 7212
3456 7213
3226 7214
5328 7215
255 7216
1165 7217
7191 7218
4470 7219
1081 7220
5795 7221
527 7222
6966 7223
1364 7224
2463 7225
3327 7226
4067 7227
6101 7228
6709 7229
19 7230
5612 7231
4055 7232
4308 7233
4784 7234
573 7235
3454 7236
4956 7237
2389 7238
2146 7239
1909 7240
7188 7241
2015 7242
2759 7243
5438 7244
58 7245
885 7246
374 7247
826 7248
3524 7249
2348 7250
1443 7251
5271 7252
6914 7253
3667 7254
715 7255
5884 7256
4162 7257
5973 7258
5685 7259
1503 7260
3362 7261
3929 7262
768 7263
7145 7264
2680 7265
1263 7266
816 7267
254 7268
5863 7269
3418 7270
407 7271
5274 7272
4458 7273
7077 7274
972 7275
7060 7276
244 7277
525 7278
5595 7279
4109 7280
1241 7281
4714 7282
553 7283
7093 7284
1558 7285
6154 7286
1713 7287
4384 7288
4177 7289
1330 7290
3685 7291
6635 7292
2260 7293
1312 7294
4876 7295
2581 7296
3681 7297
7119 7298
784 7299
1526 7300
6455 7301
6183 7302
5506 7303
4023 7304
7190 7305
4436 7306
777 7307
5714 7308
5800 7309
3836 7310
2977 7311
654 7312
2183 7313
1484 7314
391 7315
1334 7316
1506 7317
2514 7318
4352 7319
1602 7320
4360 7321
3515 7322
1992 7323
2986 7324
468 7325
5829 7326
6607 7327
4753 7328
462 7329
7010 7330
5806 7331
6350 7332
2100 7333
4612 7334
849 7335
4411 7336
1968 7337
5055 7338
1702 7339
4795 7340
5422 7341
2446 7342
7169 7343
5222 7344
6391 7345
3857 7346
2450 7347
1382 7348
2273 7349
3095 7350
511 7351
6611 7352
4661 7353
2839 7354
1535 7355
6957 7356
1765 7357
6753 7358
5199 7359
2026 7360
655 7361
5882 7362
1658 7363
2664 7364
5941 7365
710 7366
3550 7367
1996 7368
1642 7369
5572 7370
6830 7371
1015 7372
5358 7373
5599 7374
6106 7375
6688 7376
6536 7377
5504 7378
4573 7379
1918 7380
927 7381
6147 7382
1355 7383
4671 7384
1354 7385
5267 7386
4041 7387
2482 7388
4516 7389
103 7390
2087 7391
5222 7392
4737 7393
1611 7394
5097 7395
3534 7396
6961 7397
1027 7398
3504 7399
101 7400
1434 7401
1678 7402
3417 7403
6541 7404
2351 7405
5109 7406
1961 7407
795 7408
7112 7409
1665 7410
2425 7411
7345 7412
7275 7413
5325 7414
6796 7415
697 7416
1334 7417
101 7418
2558 7419
3207 7420
3940 7421
3179 7422
6049 7423
4042 7424
6272 7425
4905 7426
5416 7427
4987 7428
2490 7429
2852 7430
6362 7431
6920 7432
116 7433
5718 7434
954 7435
600 7436
4599 7437
5022 7438
1836 7439
3222 7440
5892 7441
7399 7442
1932 7443
5974 7444
1322 7445
5347 7446
4358 7447
5789 7448
1652 7449
6832 7450
3867 7451
5338 7452
7099 7453
36 7454
937 7455
932 7456
1955 7457
4854 7458
222 7459
2269 7460
6084 7461
4670 7462
4350 7463
3098 7464
4400 7465
7189 7466
2320 7467
5609 7468
6192 7469
5398 7470
6784 7471
113 7472
5895 7473
4606 7474
2176 7475
3043 7476
4053 7477
2181 7478
6787 7479
4825 7480
6094 7481
3347 7482
4068 7483
2416 7484
5134 7485
999 7486
5952 7487
5362 7488
6150 7489
5913 7490
7113 7491
5332 7492
3955 7493
178 7494
4277 7495
3031 7496
2696 7497
2626 7498
4524 7499
146 7500
7145 7501
5843 7502
612 7503
4223 7504
3392 7505
196 7506
2770 7507
1981 7508
5092 7509
4504 7510
6875 7511
781 7512
3426 7513
1410 7514
3050 7515
1955 7516
2323 7517
4043 7518
6993 7519
1133 7520
2105 7521
6003 7522
2396 7523
7197 7524
6137 7525
636 7526
3755 7527
1228 7528
5783 7529
6743 7530
6760 7531
4163 7532
6530 7533
3380 7534
5744 7535
2490 7536
5595 7537
4392 7538
7025 7539
4575 7540
3487 7541
3941 7542
4900 7543
420 7544
2290 7545
3771 7546
1616 7547
4979 7548
2129 7549
3688 7550
4333 7551
4665 7552
7272 7553
827 7554
4857 7555
1793 7556
4903 7557
5006 7558
3716 7559
267 7560
2168 7561
7398 7562
4529 7563
3866 7564
7094 7565
1804 7566
1423 7567
5746 7568
7396 7569
5640 7570
6647 7571
2552 7572
2231 7573
5412 7574
7009 7575
7528 7576
1036 7577
2940 7578
1646 7579
522 7580
5655 7581
4541 7582
1371 7583
6884 7584
7442 7585
4020 7586
5602 7587
3447 7588
748 7589
6647 7590
4157 7591
2232 7592
4479 7593
2782 7594
3827 7595
2747 7596
2081 7597
3093 7598
5084 7599
4050 7600
3992 7601
3367 7602
3232 7603
2699 7604
3322 7605
2367 7606
5984 7607
105 7608
1073 7609
1832 7610
7427 7611
1743 7612
2802 7613
3090 7614
1780 7615
2164 7616
4412 7617
5438 7618
5762 7619
5662 7620
927 7621
1702 7622
45 7623
6174 7624
2893 7625
5271 7626
6273 7627
5635 7628
964 7629
4988 7630
5361 7631
2207 7632
5469 7633
3910 7634
4801 7635
1902 7636
6124 7637
3263 7638
3518 7639
5320 7640
3226 7641
5925 7642
3436 7643
6499 7644
7475 7645
1726 7646
3892 7647
6763 7648
2429 7649
7514 7650
7564 7651
4500 7652
4837 7653
861 7654
5139 7655
6275 7656
391 7657
6424 7658
3480 7659
21 7660
2477 7661
6823 7662
6607 7663
4452 7664
525 7665
7120 7666
4799 7667
1075 7668
7460 7669
1560 7670
4890 7671
345 7672
2792 7673
657 7674
2213 7675
2667 7676
6754 7677
6533 7678
4470 7679
482 7680
3870 7681
2221 7682
6900 7683
6526 7684
6740 7685
367 7686
925 7687
3876 7688
1471 7689
4645 7690
6999 7691
3982 7692
4302 7693
679 7694
178 7695
4652 7696
2773 7697
6134 7698
929 7699
3119 7700
3439 7701
5857 7702
4610 7703
6125 7704
3037 7705
2714 7706
3249 7707
5615 7708
5671 7709
6705 7710
4644 7711
6582 7712
2225 7713
4986 7714
2593 7715
4939 7716
7026 7717
7443 7718
3327 7719
4873 7720
5298 7721
5680 7722
7507 7723
174 7724
6654 7725
1087 7726
2966 7727
3381 7728
5023 7729
6017 7730
341 7731
6720 7732
7222 7733
3201 7734
1013 7735
4497 7736
5002 7737
5471 7738
1829 7739
5340 7740
3978 7741
731 7742
5863 7743
6444 7744
2661 7745
2782 7746
6604 7747
1137 7748
4183 7749
916 7750
3075 7751
5045 7752
6961 7753
387 7754
7076 7755
4280 7756
467 7757
5092 7758
5191 7759
6131 7760
6650 7761
267 7762
3218 7763
3156 7764
7498 7765
2432 7766
6370 7767
2356 7768
119 7769
1959 7770
6100 7771
6105 7772
5861 7773
6038 7774
3958 7775
3942 7776
6832 7777
2420 7778
3024 7779
61 7780
1338 7781
903 7782
517 7783
6714 7784
890 7785
4261 7786
5742 7787
7251 7788
3490 7789
6917 7790
7528 7791
5243 7792
2593 7793
5517 7794
5023 7795
1996 7796
3066 7797
7062 7798
1091 7799
3947 7800
3007 7801
467 7802
6509 7803
7366 7804
3076 7805
4180 7806
2295 7807
268 7808
7187 7809
2757 7810
367 7811
6620 7812
6860 7813
74 7814
1393 7815
2184 7816
3173 7817
1727 7818
1167 7819
379 7820
4945 7821
6828 7822
4647 7823
7787 7824
7722 7825
6724 7826
957 7827
4711 7828
4933 7829
373 7830
4534 7831
4391 7832
4605 7833
188 7834
4204 7835
5530 7836
7399 7837
5624 7838
6846 7839
7610 7840
3347 7841
4952 7842
1229 7843
3442 7844
6317 7845
2638 7846
4187 7847
3554 7848
6711 7849
7419 7850
4225 7851
1642 7852
2093 7853
1746 7854
2460 7855
4232 7856
1217 7857
4282 7858
3110 7859
6866 7860
4704 7861
1722 7862
7626 7863
7817 7864
3645 7865
6459 7866
578 7867
5588 7868
4130 7869
3127 7870
2328 7871
4069 7872
4811 7873
3430 7874
367 7875
5216 7876
5462 7877
7407 7878
6031 7879
4410 7880
2566 7881
4831 7882
3764 7883
3651 7884
3251 7885
1184 7886
1717 7887
3730 7888
1618 7889
2046 7890
135 7891
6428 7892
1822 7893
4370 7894
1330 7895
1051 7896
7755 7897
6357 7898
1143 7899
2065 7900
918 7901
3024 7902
5568 7903
2414 7904
734 7905
2875 7906
2495 7907
6710 7908
6014 7909
5803 7910
149 7911
5667 7912
3648 7913
3007 7914
5350 7915
7485 7916
6971 7917
3986 7918
6758 7919
999 7920
3861 7921
3817 7922
893 7923
6749 7924
5791 7925
2555 7926
6888 7927
85 7928
724 7929
5736 7930
4223 7931
1627 7932
4123 7933
5838 7934
7673 7935
5484 7936
77 7937
242 7938
7782 7939
6120 7940
2164 7941
3449 7942
3866 7943
5274 7944
4108 7945
385 7946
5761 7947
2685 7948
1728 7949
2134 7950
5086 7951
3853 7952
7716 7953
4931 7954
6919 7955
6071 7956
4164 7957
4359 7958
5400 7959
3379 7960
6483 7961
4189 7962
6313 7963
4872 7964
6545 7965
1813 7966
3767 7967
5892 7968
6359 7969
6857 7970
2740 7971
1356 7972
2581 7973
3659 7974
1116 7975
5035 7976
1025 7977
2673 7978
222 7979
7208 7980
1719 7981
883 7982
5602 7983
3987 7984
1521 7985
5666 7986
5146 7987
4269 7988
7135 7989
4742 7990
6973 7991
3732 7992
3633 7993
3121 7994
5484 7995
2840 7996
4899 7997
5911 7998
6719 7999
6059 8000
4962 8001
6609 8002
3035 8003
6314 8004
6753 8005
346 8006
7595 8007
6062 8008
4368 8009
5897 8010
1565 8011
5927 8012
457 8013
945 8014
7559 8015
165 8016
2749 8017
631 8018
1799 8019
2871 8020
1129 8021
3703 8022
4443 8023
3413 8024
1923 8025
7345 8026
4300 8027
551 8028
1283 8029
4819 8030
6267 8031
1621 8032
6863 8033
4429 8034
596 8035
5072 8036
2022 8037
5510 8038
7705 8039
4908 8040
4273 8041
3474 8042
2691 8043
4042 8044
5219 8045
1966 8046
3529 8047
7311 8048
1922 8049
2753 8050
7607 8051
4198 8052
5326 8053
614 8054
3103 8055
2125 8056
5928 8057
1598 8058
7293 8059
5152 8060
94 8061
2862 8062
3695 8063
694 8064
7244 8065
1355 8066
4127 8067
812 8068
861 8069
7653 8070
3974 8071
2689 8072
7766 8073
3027 8074
2081 8075
2339 8076
3657 8077
6548 8078
1346 8079
4910 8080
305 8081
6066 8082
569 8083
7958 8084
696 8085
6777 8086
1221 8087
4918 8088
4262 8089
5157 8090
5421 8091
3212 8092
3922 8093
4339 8094
1481 8095
4741 8096
5429 8097
1912 8098
939 8099
7869 8100
3976 8101
4097 8102
6089 8103
3682 8104
6004 8105
453 8106
1043 8107
1840 8108
7549 8109
6612 8110
1191 8111
5251 8112
5204 8113
1911 8114
4772 8115
6123 8116
3659 8117
2351 8118
7319 8119
2982 8120
7383 8121
3362 8122
1446 8123
7486 8124
2927 8125
551 8126
4161 8127
5146 8128
7534 8129
7921 8130
8054 8131
899 8132
7869 8133
969 8134
7261 8135
1774 8136
5297 8137
2693 8138
2489 8139
2130 8140
585 8141
7171 8142
5638 8143
5025 8144
5335 8145
1483 8146
4955 8147
550 8148
3464 8149
5640 8150
4639 8151
1517 8152
6951 8153
1828 8154
1735 8155
4052 8156
1497 8157
4981 8158
2955 8159
986 8160
7351 8161
1412 8162
3787 8163
7717 8164
4391 8165
5111 8166
6411 8167
5179 8168
757 8169
1522 8170
1799 8171
392 8172
7497 8173
6821 8174
6655 8175
1428 8176
1671 8177
3776 8178
2945 8179
4290 8180
1760 8181
7512 8182
2406 8183
5586 8184
3340 8185
2976 8186
3353 8187
4434 8188
4278 8189
4581 8190
4998 8191
1884 8192
1895 8193
5226 8194
8032 8195
4385 8196
3042 8197
6891 8198
300 8199
2299 8200
5776 8201
3017 8202
523 8203
5533 8204
3080 8205
1366 8206
1173 8207
6324 8208
1180 8209
1773 8210
2036 8211
841 8212
129 8213
6213 8214
4149 8215
2955 8216
3465 8217
7449 8218
1597 8219
3371 8220
1021 8221
8097 8222
8151 8223
5854 8224
5876 8225
1940 8226
870 8227
3647 8228
1021 8229
6669 8230
1954 8231
7811 8232
4694 8233
3486 8234
1425 8235
3647 8236
3454 8237
5333 8238
1669 8239
3868 8240
5151 8241
4771 8242
2468 8243
7133 8244
5420 8245
3070 8246
544 8247
2175 8248
3958 8249
7309 8250
3268 8251
882 8252
7223 8253
6203 8254
74 8255
6612 8256
6989 8257
7387 8258
3227 8259
1855 8260
3159 8261
5388 8262
3414 8263
7828 8264
5584 8265
5442 8266
559 8267
7483 8268
6605 8269
6553 8270
4538 8271
2683 8272
3349 8273
6759 8274
5600 8275
5009 8276
1008 8277
5285 8278
4336 8279
1721 8280
3051 8281
3296 8282
4692 8283
3904 8284
7365 8285
4162 8286
2297 8287
4478 8288
5131 8289
6708 8290
2024 8291
816 8292
3318 8293
7739 8294
4203 8295
472 8296
1599 8297
1632 8298
6912 8299
115 8300
8026 8301
7371 8302
2780 8303
5553 8304
5181 8305
6010 8306
3956 8307
3340 8308
2683 8309
279 8310
5286 8311
7105 8312
115 8313
4266 8314
113 8315
1058 8316
6534 8317
4362 8318
3703 8319
5818 8320
4557 8321
8285 8322
5015 8323
2917 8324
3961 8325
3905 8326
1287 8327
2852 8328
5469 8329
5152 8330
1502 8331
5072 8332
6949 8333
4853 8334
1765 8335
6462 8336
5356 8337
243 8338
2393 8339
7686 8340
5540 8341
7438 8342
5877 8343
5576 8344
721 8345
8107 8346
2552 8347
7831 8348
3579 8349
444 8350
2977 8351
2423 8352
7232 8353
5990 8354
1532 8355
4818 8356
4260 8357
1893 8358
7465 8359
2120 8360
8122 8361
3845 8362
4041 8363
2177 8364
1977 8365
7490 8366
2000 8367
6311 8368
5967 8369
246 8370
3592 8371
7274 8372
3373 8373
2529 8374
2672 8375
5569 8376
3986 8377
240 8378
7374 8379
7677 8380
5872 8381
5924 8382
4170 8383
4256 8384
4094 8385
7516 8386
7767 8387
3100 8388
5912 8389
5862 8390
683 8391
368 8392
8002 8393
4147 8394
3928 8395
7962 8396
6697 8397
7720 8398
3174 8399
7020 8400
2610 8401
1266 8402
7393 8403
5628 8404
2243 8405
1009 8406
5110 8407
8301 8408
1509 8409
7489 8410
6332 8411
2556 8412
6229 8413
6364 8414
5787 8415
1008 8416
7401 8417
6557 8418
4062 8419
7099 8420
3976 8421
3077 8422
1610 8423
4773 8424
4584 8425
2395 8426
1422 8427
5570 8428
3436 8429
7815 8430
8423 8431
434 8432
5081 8433
7830 8434
3040 8435
522 8436
6895 8437
3016 8438
6583 8439
3551 8440
7977 8441
7773 8442
7211 8443
5668 8444
7225 8445
8116 8446
6867 8447
1873 8448
1149 8449
1495 8450
771 8451
6372 8452
5898 8453
6241 8454
530 8455
3193 8456
3691 8457
1561 8458
5587 8459
5974 8460
4512 8461
88 8462
6121 8463
3563 8464
4551 8465
7624 8466
7243 8467
1472 8468
6164 8469
4117 8470
2027 8471
1893 8472
8364 8473
293 8474
7863 8475
2408 8476
5945 8477
3107 8478
3061 8479
4679 8480
5795 8481
8300 8482
7750 8483
1267 8484
4958 8485
765 8486
384 8487
6304 8488
7597 8489
372 8490
5869 8491
6358 8492
5648 8493
2944 8494
1032 8495
6518 8496
8102 8497
6504 8498
7447 8499
165 8500
5403 8501
5631 8502
8092 8503
7423 8504
4075 8505
3627 8506
4654 8507
1826 8508
6182 8509
3877 8510
5456 8511
6077 8512
1431 8513
8047 8514
2449 8515
933 8516
4925 8517
29 8518
294 8519
4651 8520
5149 8521
5099 8522
1451 8523
4524 8524
3188 8525
222 8526
805 8527
6618 8528
1941 8529
1357 8530
6982 8531
5434 8532
3123 8533
5792 8534
6324 8535
2491 8536
4655 8537
8050 8538
7948 8539
1563 8540
2363 8541
474 8542
7064 8543
2184 8544
3279 8545
7943 8546
3875 8547
661 8548
3814 8549
3286 8550
6412 8551
3093 8552
3356 8553
4945 8554
7430 8555
4615 8556
595 8557
5429 8558
7902 8559
3876 8560
8237 8561
7738 8562
4254 8563
6249 8564
6151 8565
1526 8566
5742 8567
2166 8568
4548 8569
1646 8570
5590 8571
6000 8572
5415 8573
2247 8574
6812 8575
7632 8576
7657 8577
1649 8578
2532 8579
5251 8580
3845 8581
5430 8582
6842 8583
6302 8584
1351 8585
2029 8586
7999 8587
521 8588
6677 8589
6654 8590
7174 8591
5001 8592
308 8593
2394 8594
2619 8595
5402 8596
3795 8597
1601 8598
4339 8599
75 8600
4331 8601
4854 8602
2163 8603
6851 8604
7292 8605
7376 8606
5738 8607
1774 8608
1959 8609
6268 8610
5821 8611
5688 8612
2220 8613
3651 8614
1964 8615
34 8616
5692 8617
3876 8618
7598 8619
1102 8620
1717 8621
6470 8622
7796 8623
7918 8624
5641 8625
127 8626
2520 8627
2112 8628
8202 8629
8 8630
7578 8631
7989 8632
3120 8633
1094 8634
7826 8635
148 8636
3537 8637
634 8638
1702 8639
960 8640
6811 8641
8522 8642
3979 8643
8473 8644
3576 8645
4780 8646
2780 8647
6594 8648
1742 8649
827 8650
1574 8651
1360 8652
1580 8653
8053 8654
6167 8655
1234 8656
2823 8657
1937 8658
7273 8659
821 8660
4176 8661
7686 8662
2204 8663
7020 8664
8195 8665
2459 8666
5465 8667
3198 8668
1114 8669
161 8670
7968 8671
3359 8672
3482 8673
961 8674
6028 8675
1534 8676
8335 8677
1825 8678
1365 8679
5351 8680
2181 8681
4180 8682
7153 8683
5180 8684
7976 8685
2174 8686
3468 8687
8291 8688
7768 8689
804 8690
3029 8691
5803 8692
5406 8693
5049 8694
130 8695
6703 8696
7710 8697
4380 8698
4673 8699
4595 8700
3830 8701
5944 8702
5260 8703
8356 8704
1248 8705
2044 8706
4463 8707
1325 8708
8080 8709
39 8710
1646 8711
3347 8712
8201 8713
6275 8714
8096 8715
8658 8716
1650 8717
2064 8718
4032 8719
3403 8720
2320 8721
1368 8722
5138 8723
4292 8724
495 8725
8067 8726
2165 8727
4881 8728
5657 8729
4377 8730
2727 8731
6196 8732
6916 8733
5536 8734
6861 8735
4691 8736
5003 8737
5607 8738
5286 8739
3374 8740
8335 8741
1364 8742
3686 8743
2667 8744
5880 8745
4626 8746
7036 8747
6028 8748
4893 8749
169 8750
4354 8751
7374 8752
8266 8753
2848 8754
2561 8755
6891 8756
1036 8757
3135 8758
7346 8759
6358 8760
5497 8761
6303 8762
1158 8763
533 8764
6376 8765
7702 8766
3649 8767
7727 8768
7928 8769
5112 8770
7115 8771
1695 8772
8091 8773
8749 8774
1536 8775
5800 8776
3764 8777
2719 8778
3130 8779
154 8780
3034 8781
2310 8782
269 8783
1589 8784
2994 8785
4476 8786
4402 8787
4508 8788
6033 8789
1647 8790
7939 8791
807 8792
7333 8793
2503 8794
5895 8795
6539 8796
4051 8797
907 8798
5707 8799
5411 8800
7873 8801
2321 8802
6488 8803
66 8804
8446 8805
2725 8806
698 8807
1126 8808
4785 8809
4957 8810
6466 8811
7928 8812
901 8813
2398 8814
6490 8815
4916 8816
4179 8817
3982 8818
1681 8819
4347 8820
8269 8821
4004 8822
3249 8823
4952 8824
992 8825
912 8826
966 8827
3522 8828
2147 8829
3382 8830
1366 8831
1905 8832
5616 8833
5952 8834
5764 8835
7205 8836
320 8837
4389 8838
2394 8839
7663 8840
5250 8841
2843 8842
1007 8843
4589 8844
8474 8845
1947 8846
7582 8847
6214 8848
6874 8849
2996 8850
8044 8851
7192 8852
4423 8853
4528 8854
1832 8855
5661 8856
7685 8857
6619 8858
2137 8859
1036 8860
3105 8861
3046 8862
1986 8863
3911 8864
4796 8865
2210 8866
7756 8867
3038 8868
4198 8869
2308 8870
5580 8871
524 8872
7455 8873
905 8874
6202 8875
1667 8876
4874 8877
4927 8878
159 8879
927 8880
7589 8881
2423 8882
406 8883
8746 8884
6995 8885
236 8886
6864 8887
6338 8888
4870 8889
5486 8890
3294 8891
5254 8892
1441 8893
3171 8894
5474 8895
764 8896
1579 8897
186 8898
893 8899
2139 8900
7578 8901
3136 8902
2973 8903
1513 8904
4040 8905
5120 8906
1672 8907
2372 8908
8400 8909
5431 8910
3477 8911
6323 8912
5867 8913
8571 8914
4226 8915
3871 8916
4029 8917
2934 8918
5475 8919
5966 8920
4735 8921
8706 8922
8492 8923
8444 8924
1624 8925
2259 8926
2929 8927
5715 8928
1536 8929
7024 8930
5058 8931
3179 8932
265 8933
5499 8934
962 8935
882 8936
8334 8937
132 8938
2305 8939
1536 8940
4378 8941
2194 8942
7457 8943
1577 8944
4315 8945
5828 8946
4805 8947
3780 8948
7076 8949
8352 8950
4434 8951
4580 8952
4604 8953
2489 8954
4345 8955
7093 8956
5717 8957
4590 8958
2689 8959
8449 8960
7608 8961
5837 8962
1810 8963
6580 8964
2216 8965
2788 8966
4224 8967
7324 8968
6694 8969
8386 8970
7840 8971
1642 8972
3467 8973
8973 8974
2753 8975
7256 8976
5455 8977
5715 8978
639 8979
7198 8980
6224 8981
833 8982
2334 8983
8969 8984
588 8985
5070 8986
2880 8987
6355 8988
883 8989
7354 8990
7522 8991
2294 8992
3474 8993
5322 8994
8051 8995
1106 8996
657 8997
3753 8998
8579 8999
3374 9000
3553 9001
8917 9002
6763 9003
4767 9004
5075 9005
6363 9006
201 9007
5318 9008
1841 9009
4376 9010
3299 9011
7524 9012
2483 9013
8484 9014
1493 9015
6691 9016
6651 9017
5153 9018
7033 9019
1601 9020
8860 9021
7713 9022
6229 9023
4384 9024
977 9025
170 9026
785 9027
2347 9028
2461 9029
3383 9030
2745 9031
6431 9032
3699 9033
5907 9034
6316 9035
3001 9036
8703 9037
6524 9038
6876 9039
5418 9040
6548 9041
2792 9042
8304 9043
6207 9044
188 9045
3911 9046
6439 9047
3079 9048
22 9049
3629 9050
4231 9051
7700 9052
2039 9053
8098 9054
1764 9055
823 9056
4436 9057
4280 9058
5363 9059
5598 9060
7568 9061
606 9062
8351 9063
6641 9064
7697 9065
8398 9066
7615 9067
5089 9068
7031 9069
283 9070
6347 9071
6654 9072
1378 9073
3350 9074
705 9075
3747 9076
5023 9077
694 9078
2035 9079
5451 9080
6626 9081
3901 9082
6371 9083
4444 9084
6271 9085
531 9086
2388 9087
2845 9088
5971 9089
4174 9090
6383 9091
7149 9092
7924 9093
7684 9094
2563 9095
1916 9096
7485 9097
8261 9098
8255 9099
5054 9100
3943 9101
2475 9102
3710 9103
8459 9104
2819 9105
3553 9106
267 9107
7011 9108
9092 9109
1682 9110
4693 9111
2987 9112
8773 9113
6402 9114
2525 9115
6191 9116
4859 9117
780 9118
2871 9119
8762 9120
6333 9121
611 9122
1111 9123
4576 9124
1651 9125
2737 9126
4971 9127
501 9128
8426 9129
2212 9130
4457 9131
8022 9132
3357 9133
148 9134
2667 9135
5355 9136
5152 9137
7002 9138
2730 9139
3004 9140
1096 9141
2398 9142
2626 9143
8375 9144
2318 9145
8149 9146
3189 9147
8818 9148
8601 9149
7778 9150
8016 9151
3140 9152
6764 9153
8433 9154
4032 9155
6227 9156
6836 9157
1436 9158
6699 9159
8830 9160
6338 9161
2334 9162
6372 9163
4347 9164
7763 9165
3954 9166
4739 9167
3326 9168
8808 9169
3377 9170
1737 9171
3145 9172
3003 9173
6705 9174
5892 9175
9064 9176
3230 9177
7629 9178
7040 9179
4730 9180
6440 9181
8036 9182
5911 9183
3531 9184
4137 9185
5201 9186
6889 9187
6221 9188
7924 9189
6364 9190
1407 9191
182 9192
4240 9193
8457 9194
9003 9195
577 9196
3633 9197
7153 9198
555 9199
6521 9200
7629 9201
6231 9202
7553 9203
1820 9204
3199 9205
5434 9206
8530 9207
5260 9208
1054 9209
3512 9210
4913 9211
418 9212
3488 9213
765 9214
4027 9215
5237 9216
866 9217
641 9218
6411 9219
359 9220
7531 9221
3039 9222
2297 9223
4165 9224
8762 9225
665 9226
1548 9227
7921 9228
7378 9229
7840 9230
1754 9231
8435 9232
2833 9233
6090 9234
2497 9235
3623 9236
2538 9237
4093 9238
1798 9239
3488 9240
7871 9241
4445 9242
6390 9243
8112 9244
4878 9245
7609 9246
1849 9247
8698 9248
5480 9249
1486 9250
6608 9251
6220 9252
2109 9253
1915 9254
3363 9255
5437 9256
142 9257
7603 9258
5981 9259
5694 9260
5311 9261
74 9262
1154 9263
9024 9264
6117 9265
6963 9266
6159 9267
779 9268
6972 9269
4159 9270
5067 9271
4259 9272
6264 9273
2107 9274
3934 9275
8778 9276
109 9277
6908 9278
6828 9279
8024 9280
5750 9281
8564 9282
1248 9283
3847 9284
5765 9285
6909 9286
777 9287
7394 9288
5295 9289
1618 9290
1100 9291
2231 9292
4203 9293
8791 9294
8026 9295
1878 9296
4596 9297
233 9298
2421 9299
3836 9300
7934 9301
1835 9302
7397 9303
4154 9304
6376 9305
8782 9306
3974 9307
9270 9308
4327 9309
4135 9310
8681 9311
5662 9312
1324 9313
1675 9314
5936 9315
417 9316
4869 9317
467 9318
9031 9319
7145 9320
7358 9321
7861 9322
7227 9323
2911 9324
5570 9325
1111 9326
6732 9327
6640 9328
7297 9329
2530 9330
6885 9331
359 9332
4937 9333
6556 9334
2381 9335
7311 9336
3075 9337
6788 9338
3626 9339
4217 9340
3463 9341
8892 9342
2468 9343
6673 9344
3862 9345
6008 9346
7920 9347
4782 9348
7073 9349
3510 9350
6059 9351
57 9352
1655 9353
7020 9354
223 9355
6218 9356
576 9357
935 9358
9072 9359
3361 9360
5768 9361
1807 9362
8706 9363
4472 9364
335 9365
6162 9366
6165 9367
3262 9368
3803 9369
2225 9370
2762 9371
9079 9372
5241 9373
6510 9374
6999 9375
1325 9376
8738 9377
6342 9378
6726 9379
257 9380
1884 9381
6509 9382
9115 9383
2190 9384
1497 9385
2242 9386
103 9387
7238 9388
8497 9389
143 9390
7412 9391
5196 9392
584 9393
3893 9394
8203 9395
4843 9396
7166 9397
867 9398
1553 9399
135 9400
4355 9401
1196 9402
2871 9403
6955 9404
2363 9405
4194 9406
5132 9407
7170 9408
4626 9409
8836 9410
8362 9411
7771 9412
7639 9413
431 9414
3808 9415
5399 9416
6230 9417
553 9418
2975 9419
3968 9420
1099 9421
4300 9422
8729 9423
8847 9424
8768 9425
986 9426
5438 9427
8293 9428
6461 9429
2733 9430
4658 9431
2384 9432
5388 9433
8033 9434
2989 9435
8073 9436
594 9437
8500 9438
5640 9439
3959 9440
6347 9441
3253 9442
5682 9443
5457 9444
288 9445
8951 9446
87 9447
7288 9448
4481 9449
6473 9450
3169 9451
5756 9452
2820 9453
6175 9454
7837 9455
7463 9456
6802 9457
9108 9458
5962 9459
7791 9460
2484 9461
2162 9462
8124 9463
2993 9464
2675 9465
6462 9466
8994 9467
1110 9468
3798 9469
3478 9470
2856 9471
5672 9472
9235 9473
1324 9474
3163 9475
7310 9476
4560 9477
4189 9478
1999 9479
1172 9480
2700 9481
2366 9482
2325 9483
133 9484
7107 9485
584 9486
1412 9487
3544 9488
385 9489
2554 9490
1334 9491
3356 9492
793 9493
1230 9494
2925 9495
2897 9496
4097 9497
4464 9498
4088 9499
226 9500
8519 9501
1010 9502
8074 9503
8191 9504
8051 9505
6891 9506
8525 9507
717 9508
4386 9509
8586 9510
2898 9511
3274 9512
3649 9513
8217 9514
3828 9515
2968 9516
5917 9517
2604 9518
8247 9519
1205 9520
1215 9521
4955 9522
6671 9523
5472 9524
1740 9525
761 9526
9297 9527
3310 9528
7398 9529
260 9530
2951 9531
7076 9532
4640 9533
618 9534
5246 9535
8777 9536
2616 9537
5669 9538
2327 9539
4719 9540
6524 9541
2873 9542
9068 9543
6399 9544
9181 9545
9426 9546
2400 9547
9347 9548
3536 9549
456 9550
4887 9551
6408 9552
1087 9553
7213 9554
7309 9555
808 9556
7980 9557
4185 9558
7281 9559
5493 9560
5327 9561
9319 9562
6981 9563
1997 9564
7808 9565
6597 9566
391 9567
164 9568
6118 9569
6379 9570
804 9571
5073 9572
555 9573
5925 9574
8475 9575
2654 9576
600 9577
4420 9578
8226 9579
7430 9580
5413 9581
9021 9582
5037 9583
8902 9584
4940 9585
350 9586
8417 9587
9344 9588
3344 9589
7928 9590
2461 9591
5115 9592
8533 9593
1472 9594
9405 9595
9533 9596
8546 9597
1466 9598
8177 9599
1328 9600
5987 9601
2929 9602
3789 9603
5348 9604
1629 9605
3771 9606
1026 9607
9310 9608
7752 9609
3138 9610
3369 9611
8227 9612
920 9613
636 9614
1740 9615
2985 9616
4522 9617
4602 9618
4262 9619
9260 9620
535 9621
372 9622
5529 9623
60 9624
3580 9625
279 9626
9397 9627
2144 9628
4608 9629
9573 9630
6488 9631
1461 9632
5130 9633
1923 9634
9264 9635
88 9636
9091 9637
7402 9638
7035 9639
3947 9640
4219 9641
9515 9642
5269 9643
2438 9644
7277 9645
3263 9646
206 9647
9104 9648
8271 9649
6132 9650
1792 9651
4859 9652
3594 9653
8491 9654
9505 9655
6058 9656
2481 9657
4789 9658
7597 9659
2520 9660
5061 9661
6176 9662
2796 9663
4828 9664
4916 9665
5096 9666
6632 9667
4568 9668
3262 9669
265 9670
1837 9671
3210 9672
8551 9673
638 9674
7194 9675
3039 9676
5165 9677
5820 9678
1829 9679
7132 9680
5049 9681
8217 9682
9419 9683
473 9684
6557 9685
6827 9686
4009 9687
4755 9688
3398 9689
9283 9690
7180 9691
1422 9692
6475 9693
6240 9694
2773 9695
7820 9696
5305 9697
7134 9698
7246 9699
6512 9700
934 9701
4859 9702
3981 9703
6628 9704
5351 9705
5773 9706
7254 9707
2556 9708
7294 9709
6656 9710
2404 9711
7696 9712
8588 9713
9164 9714
5334 9715
6832 9716
9087 9717
3526 9718
1166 9719
275 9720
766 9721
5822 9722
5669 9723
1399 9724
797 9725
6833 9726
9692 9727
8781 9728
8900 9729
332 9730
6392 9731
3756 9732
8207 9733
839 9734
3266 9735
2395 9736
6421 9737
2582 9738
7501 9739
1786 9740
8430 9741
7698 9742
4653 9743
1730 9744
6158 9745
1960 9746
7631 9747
1715 9748
5328 9749
4937 9750
5675 9751
2067 9752
9509 9753
5588 9754
6668 9755
309 9756
5182 9757
9012 9758
3583 9759
3250 9760
4843 9761
6028 9762
3909 9763
7310 9764
9 9765
2105 9766
4931 9767
54 9768
5727 9769
1295 9770
8249 9771
2146 9772
771 9773
3841 9774
6326 9775
892 9776
8687 9777
2451 9778
5445 9779
2741 9780
7824 9781
6195 9782
2356 9783
9104 9784
8725 9785
2457 9786
7678 9787
1195 9788
2240 9789
1268 9790
1262 9791
5221 9792
3989 9793
3846 9794
1851 9795
7042 9796
5688 9797
2930 9798
4662 9799
6864 9800
9490 9801
2351 9802
3962 9803
422 9804
9309 9805
2827 9806
9732 9807
4774 9808
7191 9809
2392 9810
3000 9811
789 9812
811 9813
5434 9814
5846 9815
1966 9816
2201 9817
2565 9818
4176 9819
7678 9820
4029 9821
2904 9822
4608 9823
8839 9824
2731 9825
5186 9826
1089 9827
1944 9828
2352 9829
183 9830
4642 9831
2856 9832
9189 9833
7583 9834
7794 9835
760 9836
5880 9837
2614 9838
4510 9839
2145 9840
9152 9841
4132 9842
5663 9843
4051 9844
6258 9845
954 9846
7603 9847
1293 9848
9051 9849
248 9850
6919 9851
6017 9852
3444 9853
9408 9854
1493 9855
7759 9856
3630 9857
818 9858
3917 9859
6511 9860
8069 9861
3970 9862
9344 9863
9781 9864
1639 9865
5437 9866
5969 9867
4766 9868
9498 9869
3632 9870
2914 9871
1904 9872
5495 9873
3240 9874
5447 9875
29 9876
7011 9877
2902 9878
5261 9879
317 9880
2448 9881
7180 9882
7662 9883
1527 9884
4616 9885
3357 9886
3646 9887
3734 9888
719 9889
7647 9890
2101 9891
1554 9892
3657 9893
6234 9894
8274 9895
4012 9896
6743 9897
7442 9898
9027 9899
7398 9900
552 9901
7974 9902
9616 9903
7555 9904
1930 9905
4676 9906
2378 9907
7547 9908
5049 9909
6420 9910
732 9911
7398 9912
5571 9913
5613 9914
9055 9915
1593 9916
6668 9917
794 9918
4316 9919
2035 9920
2352 9921
3269 9922
4255 9923
512 9924
682 9925
6458 9926
1482 9927
7868 9928
3801 9929
7803 9930
7769 9931
9458 9932
6052 9933
4881 9934
715 9935
8694 9936
1339 9937
7394 9938
6803 9939
997 9940
2293 9941
5162 9942
5199 9943
7731 9944
7731 9945
1812 9946
5483 9947
2962 9948
4716 9949
9466 9950
4095 9951
4118 9952
844 9953
4449 9954
4128 9955
6073 9956
8682 9957
5189 9958
3031 9959
9367 9960
6729 9961
2874 9962
6028 9963
9642 9964
6271 9965
5878 9966
680 9967
6353 9968
7219 9969
5758 9970
6412 9971
9435 9972
4724 9973
2233 9974
1806 9975
8835 9976
6217 9977
9393 9978
5247 9979
4637 9980
322 9981
9560 9982
4799 9983
468 9984
9321 9985
8598 9986
4560 9987
8372 9988
2393 9989
279 9990
4560 9991
9412 9992
5631 9993
5806 9994
2001 9995
2013 9996
9952 9997
9948 9998
2244 9999
4707 10000
