1 2
1 3
1 4
4 5
2 6
4 7
3 8
3 9
9 10
7 11
9 12
12 13
5 14
10 15
12 16
7 17
12 18
3 19
19 20
1 21
15 22
3 23
21 24
13 25
16 26
15 27
10 28
10 29
18 30
20 31
8 32
5 33
30 34
20 35
26 36
23 37
3 38
27 39
38 40
11 41
21 42
28 43
18 44
33 45
22 46
28 47
10 48
34 49
17 50
45 51
16 52
41 53
46 54
20 55
30 56
2 57
26 58
4 59
38 60
13 61
42 62
36 63
56 64
11 65
61 66
38 67
21 68
62 69
5 70
61 71
56 72
25 73
27 74
69 75
47 76
71 77
61 78
8 79
24 80
57 81
1 82
58 83
73 84
47 85
67 86
26 87
70 88
65 89
18 90
88 91
66 92
28 93
24 94
94 95
79 96
57 97
17 98
97 99
25 100
49 101
33 102
12 103
57 104
9 105
73 106
18 107
40 108
49 109
61 110
57 111
111 112
54 113
99 114
33 115
110 116
56 117
22 118
58 119
72 120
39 121
98 122
117 123
117 124
102 125
94 126
92 127
93 128
36 129
123 130
17 131
42 132
121 133
85 134
75 135
59 136
46 137
3 138
39 139
139 140
110 141
78 142
52 143
49 144
42 145
90 146
91 147
125 148
5 149
77 150
107 151
144 152
115 153
91 154
7 155
58 156
2 157
39 158
84 159
135 160
25 161
148 162
115 163
56 164
119 165
160 166
76 167
4 168
22 169
5 170
130 171
78 172
163 173
124 174
24 175
118 176
156 177
128 178
84 179
126 180
76 181
16 182
24 183
153 184
90 185
39 186
10 187
105 188
56 189
47 190
66 191
185 192
180 193
112 194
87 195
146 196
27 197
2 198
40 199
104 200
58 201
80 202
153 203
153 204
119 205
34 206
56 207
192 208
73 209
46 210
19 211
56 212
24 213
143 214
31 215
7 216
215 217
155 218
13 219
78 220
7 221
10 222
72 223
98 224
77 225
114 226
114 227
53 228
61 229
134 230
124 231
177 232
25 233
175 234
25 235
32 236
35 237
96 238
45 239
44 240
207 241
28 242
217 243
216 244
244 245
200 246
233 247
225 248
187 249
6 250
232 251
86 252
35 253
46 254
66 255
20 256
23 257
221 258
89 259
149 260
255 261
236 262
31 263
1 264
239 265
71 266
258 267
151 268
24 269
51 270
79 271
204 272
126 273
49 274
15 275
176 276
245 277
213 278
107 279
67 280
171 281
127 282
149 283
243 284
92 285
252 286
177 287
79 288
64 289
188 290
263 291
27 292
2 293
85 294
175 295
113 296
157 297
239 298
95 299
125 300
105 301
6 302
239 303
254 304
85 305
275 306
303 307
256 308
53 309
185 310
199 311
296 312
213 313
276 314
51 315
74 316
176 317
138 318
270 319
240 320
253 321
245 322
291 323
171 324
311 325
307 326
143 327
84 328
149 329
69 330
302 331
288 332
7 333
152 334
232 335
289 336
226 337
260 338
25 339
9 340
72 341
22 342
205 343
261 344
163 345
14 346
43 347
14 348
160 349
131 350
210 351
90 352
74 353
140 354
152 355
263 356
91 357
357 358
357 359
284 360
149 361
298 362
118 363
54 364
118 365
292 366
100 367
213 368
252 369
133 370
185 371
293 372
69 373
74 374
113 375
339 376
157 377
32 378
364 379
190 380
2 381
199 382
22 383
292 384
381 385
49 386
150 387
119 388
378 389
383 390
160 391
212 392
248 393
322 394
102 395
223 396
266 397
227 398
179 399
294 400
213 401
249 402
299 403
20 404
87 405
31 406
9 407
360 408
56 409
354 410
87 411
299 412
362 413
271 414
248 415
12 416
101 417
271 418
171 419
20 420
373 421
277 422
400 423
335 424
29 425
407 426
170 427
61 428
428 429
173 430
418 431
251 432
53 433
18 434
432 435
277 436
83 437
26 438
101 439
4 440
368 441
109 442
41 443
141 444
193 445
303 446
67 447
337 448
263 449
353 450
49 451
117 452
64 453
159 454
385 455
446 456
294 457
242 458
81 459
151 460
424 461
367 462
15 463
234 464
356 465
75 466
279 467
349 468
342 469
284 470
108 471
461 472
334 473
40 474
41 475
205 476
239 477
228 478
158 479
112 480
313 481
134 482
297 483
446 484
46 485
182 486
479 487
49 488
484 489
415 490
355 491
173 492
391 493
414 494
403 495
246 496
227 497
286 498
262 499
35 500
26 501
204 502
96 503
297 504
482 505
449 506
345 507
473 508
250 509
146 510
464 511
376 512
207 513
28 514
371 515
24 516
380 517
186 518
293 519
308 520
104 521
198 522
330 523
249 524
256 525
113 526
89 527
278 528
211 529
363 530
312 531
457 532
251 533
466 534
301 535
298 536
277 537
379 538
305 539
211 540
83 541
144 542
281 543
425 544
282 545
113 546
193 547
246 548
247 549
303 550
406 551
85 552
45 553
22 554
243 555
170 556
430 557
199 558
21 559
20 560
320 561
55 562
510 563
528 564
83 565
261 566
119 567
564 568
112 569
533 570
222 571
428 572
525 573
496 574
468 575
128 576
518 577
185 578
467 579
223 580
65 581
115 582
567 583
502 584
157 585
30 586
352 587
174 588
189 589
495 590
130 591
216 592
405 593
125 594
4 595
64 596
450 597
197 598
589 599
391 600
26 601
425 602
147 603
219 604
53 605
209 606
345 607
479 608
5 609
592 610
45 611
244 612
80 613
357 614
164 615
208 616
231 617
296 618
107 619
239 620
409 621
614 622
5 623
170 624
111 625
379 626
438 627
291 628
293 629
294 630
431 631
48 632
24 633
404 634
462 635
213 636
596 637
146 638
619 639
542 640
274 641
264 642
254 643
83 644
350 645
476 646
487 647
184 648
632 649
97 650
84 651
210 652
469 653
291 654
496 655
541 656
285 657
300 658
61 659
145 660
650 661
554 662
408 663
253 664
359 665
392 666
110 667
509 668
431 669
519 670
400 671
271 672
325 673
325 674
190 675
95 676
482 677
618 678
617 679
412 680
101 681
345 682
290 683
419 684
362 685
301 686
210 687
640 688
173 689
489 690
612 691
338 692
548 693
214 694
691 695
269 696
400 697
503 698
143 699
200 700
4 701
234 702
632 703
20 704
255 705
607 706
61 707
677 708
357 709
223 710
10 711
695 712
308 713
227 714
709 715
608 716
692 717
204 718
535 719
194 720
340 721
57 722
198 723
589 724
477 725
489 726
542 727
259 728
633 729
676 730
414 731
378 732
98 733
409 734
602 735
598 736
636 737
672 738
571 739
287 740
404 741
163 742
100 743
530 744
477 745
552 746
301 747
738 748
179 749
607 750
144 751
651 752
433 753
452 754
659 755
577 756
347 757
621 758
213 759
196 760
569 761
441 762
467 763
744 764
157 765
689 766
590 767
559 768
27 769
427 770
172 771
230 772
461 773
553 774
287 775
79 776
503 777
251 778
59 779
532 780
128 781
683 782
316 783
712 784
621 785
419 786
389 787
276 788
323 789
571 790
104 791
64 792
210 793
389 794
793 795
300 796
282 797
46 798
51 799
401 800
450 801
681 802
368 803
614 804
664 805
718 806
675 807
268 808
467 809
555 810
3 811
25 812
31 813
631 814
209 815
493 816
487 817
349 818
75 819
432 820
380 821
327 822
371 823
651 824
509 825
52 826
12 827
288 828
261 829
762 830
410 831
479 832
162 833
93 834
611 835
194 836
528 837
806 838
644 839
616 840
744 841
324 842
73 843
593 844
757 845
114 846
464 847
533 848
756 849
98 850
764 851
347 852
98 853
341 854
441 855
88 856
306 857
281 858
585 859
153 860
780 861
513 862
442 863
681 864
702 865
825 866
597 867
189 868
700 869
186 870
195 871
829 872
237 873
388 874
198 875
250 876
81 877
576 878
427 879
847 880
140 881
438 882
605 883
761 884
142 885
677 886
360 887
211 888
132 889
207 890
331 891
84 892
775 893
553 894
548 895
518 896
612 897
790 898
730 899
279 900
479 901
887 902
393 903
251 904
872 905
871 906
374 907
32 908
362 909
408 910
685 911
872 912
706 913
473 914
155 915
318 916
398 917
505 918
553 919
727 920
610 921
599 922
566 923
111 924
321 925
107 926
643 927
552 928
345 929
759 930
541 931
872 932
340 933
911 934
164 935
134 936
368 937
104 938
749 939
185 940
382 941
668 942
508 943
738 944
547 945
555 946
877 947
219 948
679 949
872 950
569 951
674 952
360 953
353 954
701 955
744 956
191 957
827 958
399 959
51 960
739 961
313 962
213 963
151 964
411 965
94 966
334 967
898 968
554 969
539 970
937 971
859 972
670 973
148 974
12 975
279 976
690 977
801 978
759 979
887 980
55 981
336 982
201 983
2 984
707 985
961 986
562 987
634 988
370 989
454 990
874 991
466 992
15 993
195 994
965 995
809 996
608 997
866 998
446 999
765 1000
851 1001
846 1002
35 1003
626 1004
147 1005
538 1006
59 1007
324 1008
702 1009
525 1010
200 1011
474 1012
677 1013
398 1014
703 1015
165 1016
361 1017
506 1018
660 1019
117 1020
161 1021
361 1022
173 1023
149 1024
393 1025
266 1026
876 1027
57 1028
878 1029
689 1030
751 1031
749 1032
463 1033
792 1034
126 1035
432 1036
336 1037
254 1038
604 1039
110 1040
659 1041
397 1042
535 1043
252 1044
353 1045
252 1046
839 1047
843 1048
873 1049
342 1050
46 1051
688 1052
425 1053
372 1054
765 1055
944 1056
803 1057
333 1058
417 1059
189 1060
935 1061
277 1062
255 1063
35 1064
9 1065
543 1066
244 1067
662 1068
865 1069
537 1070
358 1071
542 1072
794 1073
455 1074
344 1075
46 1076
718 1077
653 1078
54 1079
597 1080
143 1081
921 1082
56 1083
386 1084
337 1085
996 1086
803 1087
937 1088
694 1089
453 1090
928 1091
166 1092
270 1093
396 1094
821 1095
1083 1096
1087 1097
906 1098
443 1099
308 1100
1046 1101
217 1102
929 1103
30 1104
357 1105
945 1106
93 1107
108 1108
863 1109
413 1110
629 1111
1059 1112
973 1113
1071 1114
751 1115
85 1116
902 1117
350 1118
951 1119
786 1120
330 1121
889 1122
307 1123
539 1124
339 1125
269 1126
289 1127
198 1128
129 1129
582 1130
566 1131
620 1132
407 1133
1038 1134
452 1135
1090 1136
164 1137
486 1138
880 1139
923 1140
191 1141
737 1142
1016 1143
637 1144
280 1145
468 1146
1060 1147
933 1148
414 1149
32 1150
482 1151
270 1152
9 1153
618 1154
398 1155
593 1156
293 1157
364 1158
365 1159
946 1160
418 1161
276 1162
1014 1163
436 1164
1090 1165
86 1166
917 1167
253 1168
1104 1169
661 1170
1112 1171
863 1172
965 1173
1042 1174
695 1175
320 1176
1070 1177
1037 1178
717 1179
1008 1180
1043 1181
571 1182
740 1183
571 1184
616 1185
578 1186
706 1187
555 1188
455 1189
456 1190
845 1191
829 1192
213 1193
576 1194
227 1195
185 1196
902 1197
59 1198
670 1199
856 1200
905 1201
827 1202
948 1203
1056 1204
904 1205
1017 1206
959 1207
297 1208
1133 1209
822 1210
589 1211
1034 1212
1204 1213
729 1214
889 1215
77 1216
832 1217
129 1218
1217 1219
905 1220
742 1221
1208 1222
190 1223
476 1224
832 1225
1086 1226
59 1227
11 1228
71 1229
900 1230
302 1231
605 1232
711 1233
680 1234
578 1235
162 1236
395 1237
676 1238
1135 1239
936 1240
1175 1241
758 1242
1097 1243
887 1244
542 1245
330 1246
322 1247
678 1248
199 1249
155 1250
231 1251
1013 1252
265 1253
220 1254
751 1255
731 1256
321 1257
955 1258
961 1259
1066 1260
31 1261
946 1262
93 1263
555 1264
60 1265
724 1266
599 1267
555 1268
1043 1269
376 1270
1172 1271
966 1272
975 1273
343 1274
613 1275
665 1276
855 1277
675 1278
233 1279
1252 1280
1262 1281
601 1282
1187 1283
631 1284
544 1285
105 1286
2 1287
1014 1288
492 1289
970 1290
654 1291
66 1292
179 1293
1266 1294
164 1295
801 1296
917 1297
647 1298
521 1299
31 1300
742 1301
1296 1302
171 1303
826 1304
1301 1305
575 1306
803 1307
477 1308
1139 1309
761 1310
250 1311
442 1312
215 1313
254 1314
1276 1315
651 1316
1224 1317
66 1318
64 1319
446 1320
220 1321
228 1322
1120 1323
355 1324
231 1325
711 1326
507 1327
85 1328
606 1329
518 1330
1049 1331
504 1332
882 1333
251 1334
698 1335
823 1336
510 1337
227 1338
225 1339
808 1340
995 1341
426 1342
1010 1343
247 1344
244 1345
698 1346
613 1347
948 1348
565 1349
14 1350
1286 1351
1098 1352
85 1353
1200 1354
216 1355
1279 1356
714 1357
151 1358
1241 1359
367 1360
461 1361
1222 1362
160 1363
1173 1364
1229 1365
670 1366
25 1367
717 1368
1042 1369
142 1370
618 1371
63 1372
1030 1373
146 1374
778 1375
636 1376
927 1377
95 1378
660 1379
590 1380
1226 1381
1222 1382
376 1383
109 1384
1343 1385
614 1386
70 1387
1316 1388
394 1389
778 1390
674 1391
462 1392
453 1393
285 1394
1351 1395
547 1396
382 1397
1081 1398
763 1399
949 1400
1032 1401
1187 1402
190 1403
1368 1404
869 1405
984 1406
482 1407
917 1408
215 1409
210 1410
606 1411
886 1412
1405 1413
1236 1414
13 1415
901 1416
1265 1417
712 1418
363 1419
891 1420
1128 1421
315 1422
226 1423
1271 1424
211 1425
690 1426
356 1427
1111 1428
645 1429
643 1430
41 1431
1367 1432
1142 1433
91 1434
1275 1435
272 1436
1239 1437
891 1438
1308 1439
1098 1440
360 1441
458 1442
1030 1443
990 1444
94 1445
709 1446
6 1447
1016 1448
954 1449
1015 1450
1088 1451
197 1452
786 1453
1243 1454
67 1455
683 1456
637 1457
1433 1458
1392 1459
1079 1460
1043 1461
766 1462
998 1463
1091 1464
339 1465
983 1466
1348 1467
294 1468
706 1469
631 1470
308 1471
175 1472
555 1473
390 1474
278 1475
102 1476
701 1477
231 1478
512 1479
917 1480
715 1481
1025 1482
239 1483
1198 1484
1422 1485
626 1486
846 1487
266 1488
1268 1489
1318 1490
411 1491
1012 1492
1002 1493
708 1494
55 1495
274 1496
867 1497
894 1498
1430 1499
345 1500
359 1501
767 1502
837 1503
388 1504
423 1505
1327 1506
17 1507
1343 1508
712 1509
511 1510
593 1511
4 1512
1354 1513
1158 1514
878 1515
16 1516
129 1517
483 1518
228 1519
504 1520
52 1521
817 1522
1211 1523
458 1524
76 1525
283 1526
843 1527
583 1528
1079 1529
126 1530
1472 1531
48 1532
226 1533
574 1534
874 1535
373 1536
1216 1537
599 1538
1300 1539
869 1540
822 1541
777 1542
438 1543
645 1544
563 1545
473 1546
664 1547
709 1548
1218 1549
364 1550
883 1551
854 1552
1453 1553
489 1554
325 1555
1031 1556
128 1557
257 1558
1194 1559
128 1560
76 1561
54 1562
697 1563
292 1564
347 1565
422 1566
930 1567
487 1568
189 1569
918 1570
609 1571
958 1572
549 1573
256 1574
380 1575
114 1576
7 1577
1114 1578
57 1579
724 1580
1413 1581
1305 1582
1402 1583
745 1584
727 1585
862 1586
1286 1587
1239 1588
481 1589
901 1590
1368 1591
451 1592
22 1593
296 1594
1402 1595
883 1596
432 1597
1330 1598
791 1599
109 1600
916 1601
1520 1602
1239 1603
1270 1604
701 1605
151 1606
995 1607
652 1608
935 1609
109 1610
772 1611
1045 1612
750 1613
951 1614
606 1615
1059 1616
875 1617
79 1618
1044 1619
923 1620
835 1621
235 1622
118 1623
1038 1624
1614 1625
1178 1626
1573 1627
613 1628
50 1629
602 1630
1500 1631
268 1632
1168 1633
71 1634
683 1635
1048 1636
1222 1637
1248 1638
923 1639
303 1640
626 1641
611 1642
426 1643
887 1644
1502 1645
337 1646
1310 1647
213 1648
732 1649
255 1650
784 1651
797 1652
916 1653
1324 1654
341 1655
265 1656
217 1657
917 1658
1613 1659
1535 1660
580 1661
1632 1662
985 1663
949 1664
1311 1665
1545 1666
308 1667
1488 1668
115 1669
984 1670
1098 1671
358 1672
1277 1673
637 1674
24 1675
398 1676
509 1677
317 1678
272 1679
700 1680
721 1681
1459 1682
875 1683
84 1684
898 1685
525 1686
490 1687
1435 1688
1245 1689
601 1690
551 1691
1328 1692
219 1693
1374 1694
471 1695
93 1696
1581 1697
241 1698
409 1699
936 1700
945 1701
676 1702
354 1703
1465 1704
606 1705
1055 1706
922 1707
707 1708
261 1709
1315 1710
284 1711
240 1712
1244 1713
1154 1714
1344 1715
1082 1716
472 1717
580 1718
1131 1719
1282 1720
1128 1721
31 1722
1557 1723
1450 1724
1626 1725
1385 1726
543 1727
841 1728
94 1729
1695 1730
756 1731
805 1732
1344 1733
672 1734
1394 1735
540 1736
799 1737
1569 1738
664 1739
414 1740
761 1741
551 1742
589 1743
375 1744
1375 1745
1393 1746
1379 1747
622 1748
368 1749
1435 1750
690 1751
973 1752
648 1753
409 1754
29 1755
381 1756
433 1757
239 1758
340 1759
1692 1760
1311 1761
367 1762
1723 1763
415 1764
1679 1765
329 1766
1335 1767
845 1768
34 1769
689 1770
1428 1771
699 1772
896 1773
54 1774
1435 1775
1254 1776
506 1777
1230 1778
696 1779
507 1780
110 1781
1724 1782
154 1783
546 1784
1147 1785
1152 1786
37 1787
1029 1788
796 1789
1533 1790
1016 1791
1320 1792
1235 1793
1567 1794
1133 1795
1254 1796
354 1797
1626 1798
1710 1799
1749 1800
1280 1801
663 1802
1134 1803
690 1804
686 1805
1424 1806
397 1807
285 1808
978 1809
1515 1810
1017 1811
910 1812
824 1813
174 1814
1748 1815
1518 1816
1740 1817
1730 1818
496 1819
480 1820
1430 1821
138 1822
1349 1823
407 1824
576 1825
940 1826
437 1827
593 1828
884 1829
1173 1830
709 1831
1484 1832
1769 1833
1487 1834
1095 1835
544 1836
761 1837
236 1838
1821 1839
1431 1840
31 1841
1729 1842
1155 1843
85 1844
1589 1845
100 1846
156 1847
1393 1848
155 1849
1388 1850
291 1851
442 1852
366 1853
1703 1854
199 1855
221 1856
1116 1857
1483 1858
1856 1859
986 1860
213 1861
674 1862
1446 1863
885 1864
1062 1865
1104 1866
333 1867
902 1868
1345 1869
1820 1870
1282 1871
911 1872
861 1873
1479 1874
1540 1875
1321 1876
1652 1877
1221 1878
653 1879
608 1880
1476 1881
1310 1882
299 1883
688 1884
226 1885
498 1886
562 1887
1038 1888
1625 1889
594 1890
252 1891
317 1892
1494 1893
1418 1894
581 1895
399 1896
1290 1897
1117 1898
370 1899
226 1900
1740 1901
159 1902
432 1903
1760 1904
1010 1905
1475 1906
1112 1907
181 1908
1719 1909
1013 1910
1670 1911
1777 1912
596 1913
1767 1914
1896 1915
1722 1916
24 1917
1510 1918
630 1919
1378 1920
136 1921
1063 1922
74 1923
1525 1924
1658 1925
40 1926
1918 1927
1798 1928
438 1929
1343 1930
614 1931
396 1932
1721 1933
784 1934
450 1935
1222 1936
897 1937
276 1938
1196 1939
1072 1940
1534 1941
824 1942
626 1943
788 1944
199 1945
1639 1946
1332 1947
702 1948
1789 1949
1510 1950
789 1951
636 1952
883 1953
1308 1954
1859 1955
1512 1956
288 1957
1168 1958
639 1959
812 1960
997 1961
896 1962
1698 1963
521 1964
1893 1965
501 1966
652 1967
742 1968
684 1969
507 1970
1925 1971
804 1972
108 1973
304 1974
280 1975
597 1976
852 1977
357 1978
488 1979
802 1980
1381 1981
1620 1982
214 1983
1294 1984
560 1985
1583 1986
1432 1987
1184 1988
1781 1989
851 1990
109 1991
1434 1992
94 1993
1902 1994
1670 1995
1443 1996
566 1997
1872 1998
698 1999
1944 2000
422 2001
382 2002
2 2003
1697 2004
1216 2005
1682 2006
915 2007
21 2008
1334 2009
1722 2010
53 2011
1021 2012
1281 2013
833 2014
34 2015
1501 2016
495 2017
626 2018
2011 2019
358 2020
1139 2021
207 2022
1160 2023
478 2024
1049 2025
1491 2026
1017 2027
1203 2028
1271 2029
2009 2030
1233 2031
461 2032
446 2033
1330 2034
195 2035
11 2036
888 2037
1510 2038
941 2039
958 2040
238 2041
1129 2042
1746 2043
1936 2044
2039 2045
1522 2046
864 2047
994 2048
1982 2049
1645 2050
286 2051
341 2052
1564 2053
791 2054
1071 2055
1637 2056
777 2057
1157 2058
789 2059
405 2060
4 2061
16 2062
15 2063
1106 2064
112 2065
1960 2066
1412 2067
1454 2068
1561 2069
191 2070
1895 2071
1556 2072
91 2073
614 2074
1009 2075
2005 2076
1551 2077
907 2078
445 2079
436 2080
1921 2081
1793 2082
777 2083
1937 2084
1622 2085
1278 2086
531 2087
718 2088
355 2089
494 2090
1824 2091
165 2092
1087 2093
550 2094
1906 2095
1870 2096
463 2097
1336 2098
302 2099
1239 2100
1875 2101
1470 2102
464 2103
1168 2104
116 2105
1773 2106
500 2107
1235 2108
1411 2109
1246 2110
2101 2111
1074 2112
385 2113
24 2114
1730 2115
144 2116
1343 2117
1901 2118
1810 2119
1299 2120
1419 2121
1696 2122
288 2123
1015 2124
1008 2125
445 2126
357 2127
1037 2128
1292 2129
1514 2130
569 2131
322 2132
1683 2133
1561 2134
769 2135
1748 2136
390 2137
1078 2138
1488 2139
259 2140
1018 2141
90 2142
2101 2143
185 2144
1132 2145
1477 2146
1404 2147
2047 2148
1961 2149
303 2150
232 2151
1273 2152
192 2153
71 2154
1440 2155
822 2156
1802 2157
1586 2158
203 2159
128 2160
434 2161
1156 2162
905 2163
412 2164
1201 2165
1009 2166
351 2167
193 2168
1184 2169
141 2170
1936 2171
205 2172
831 2173
815 2174
1891 2175
519 2176
1071 2177
836 2178
67 2179
915 2180
1792 2181
922 2182
1047 2183
156 2184
343 2185
261 2186
1618 2187
1261 2188
359 2189
1635 2190
1354 2191
2188 2192
636 2193
1235 2194
1638 2195
1197 2196
1639 2197
171 2198
1475 2199
1608 2200
423 2201
950 2202
233 2203
383 2204
1660 2205
1305 2206
1058 2207
563 2208
1801 2209
1000 2210
517 2211
1361 2212
576 2213
460 2214
1019 2215
954 2216
1739 2217
1250 2218
1259 2219
226 2220
1079 2221
1158 2222
1221 2223
922 2224
1284 2225
1751 2226
705 2227
1108 2228
1341 2229
294 2230
1031 2231
252 2232
828 2233
787 2234
1285 2235
1436 2236
28 2237
62 2238
1407 2239
1529 2240
2034 2241
1665 2242
845 2243
342 2244
1747 2245
1298 2246
339 2247
1057 2248
1510 2249
329 2250
206 2251
457 2252
984 2253
1410 2254
203 2255
884 2256
932 2257
1602 2258
200 2259
1695 2260
128 2261
568 2262
1094 2263
2131 2264
204 2265
1163 2266
1039 2267
1933 2268
857 2269
1189 2270
1421 2271
2104 2272
141 2273
102 2274
186 2275
1042 2276
1204 2277
1682 2278
907 2279
327 2280
294 2281
2199 2282
339 2283
1304 2284
348 2285
1531 2286
633 2287
518 2288
415 2289
1794 2290
236 2291
991 2292
1571 2293
945 2294
1677 2295
859 2296
1191 2297
1639 2298
556 2299
1887 2300
483 2301
1303 2302
1545 2303
1726 2304
407 2305
360 2306
1612 2307
2078 2308
2234 2309
2192 2310
840 2311
1812 2312
285 2313
1669 2314
2093 2315
885 2316
999 2317
1511 2318
611 2319
2028 2320
994 2321
1069 2322
1739 2323
539 2324
717 2325
26 2326
303 2327
616 2328
1845 2329
580 2330
492 2331
1904 2332
1342 2333
1818 2334
920 2335
2184 2336
644 2337
90 2338
1473 2339
2030 2340
1946 2341
859 2342
2144 2343
841 2344
546 2345
1700 2346
1201 2347
1052 2348
1641 2349
1282 2350
249 2351
584 2352
243 2353
44 2354
360 2355
1314 2356
1462 2357
1904 2358
1163 2359
424 2360
630 2361
1289 2362
1484 2363
1927 2364
166 2365
1585 2366
121 2367
1689 2368
1940 2369
632 2370
1689 2371
988 2372
124 2373
2210 2374
1870 2375
820 2376
2262 2377
2140 2378
998 2379
2243 2380
2338 2381
381 2382
1958 2383
1649 2384
1458 2385
2264 2386
1672 2387
875 2388
765 2389
1449 2390
1413 2391
1552 2392
307 2393
619 2394
2318 2395
505 2396
860 2397
573 2398
1761 2399
2255 2400
1575 2401
1387 2402
2230 2403
2056 2404
1817 2405
926 2406
1296 2407
1574 2408
954 2409
449 2410
1426 2411
84 2412
698 2413
686 2414
1586 2415
874 2416
1312 2417
2030 2418
927 2419
1780 2420
51 2421
1474 2422
2301 2423
1559 2424
110 2425
1053 2426
733 2427
895 2428
1810 2429
2304 2430
1282 2431
404 2432
2053 2433
425 2434
467 2435
771 2436
1504 2437
1634 2438
287 2439
2416 2440
1063 2441
708 2442
400 2443
186 2444
34 2445
331 2446
1670 2447
1744 2448
2215 2449
2433 2450
459 2451
2357 2452
1870 2453
589 2454
1788 2455
1348 2456
58 2457
2393 2458
669 2459
1018 2460
1967 2461
2238 2462
2093 2463
1015 2464
2364 2465
334 2466
217 2467
1050 2468
402 2469
938 2470
1337 2471
402 2472
327 2473
1733 2474
1288 2475
497 2476
1616 2477
2193 2478
398 2479
920 2480
944 2481
1631 2482
1573 2483
148 2484
479 2485
1229 2486
1996 2487
1207 2488
1446 2489
1550 2490
2432 2491
2295 2492
1901 2493
1592 2494
883 2495
423 2496
59 2497
324 2498
1570 2499
867 2500
1110 2501
1872 2502
2441 2503
1146 2504
501 2505
1034 2506
2280 2507
554 2508
2244 2509
1015 2510
2176 2511
767 2512
1252 2513
1839 2514
1180 2515
1033 2516
2211 2517
1206 2518
1179 2519
1356 2520
1700 2521
2035 2522
92 2523
2265 2524
254 2525
1025 2526
1664 2527
309 2528
1000 2529
699 2530
1005 2531
1830 2532
724 2533
2212 2534
1537 2535
137 2536
827 2537
852 2538
1018 2539
586 2540
2131 2541
2 2542
368 2543
2291 2544
671 2545
429 2546
1389 2547
1737 2548
2295 2549
2117 2550
1791 2551
1777 2552
1431 2553
2308 2554
1725 2555
2348 2556
1146 2557
550 2558
1834 2559
847 2560
982 2561
1013 2562
1098 2563
863 2564
649 2565
473 2566
1692 2567
1872 2568
772 2569
2031 2570
2559 2571
2435 2572
115 2573
1210 2574
1391 2575
2295 2576
1319 2577
659 2578
1806 2579
17 2580
2422 2581
1917 2582
502 2583
1752 2584
480 2585
1681 2586
1792 2587
2269 2588
1247 2589
566 2590
2524 2591
525 2592
1604 2593
1403 2594
1324 2595
267 2596
1987 2597
1146 2598
703 2599
1136 2600
1889 2601
759 2602
1459 2603
2576 2604
908 2605
112 2606
2012 2607
23 2608
278 2609
1782 2610
1091 2611
245 2612
2517 2613
451 2614
1106 2615
1185 2616
265 2617
1297 2618
51 2619
2261 2620
2343 2621
1196 2622
1827 2623
1713 2624
190 2625
2416 2626
1936 2627
2543 2628
972 2629
835 2630
40 2631
2264 2632
2368 2633
1408 2634
2338 2635
2482 2636
2585 2637
1710 2638
440 2639
1742 2640
2557 2641
2124 2642
1956 2643
314 2644
67 2645
2161 2646
321 2647
897 2648
282 2649
248 2650
2229 2651
2047 2652
2555 2653
1889 2654
948 2655
2616 2656
2429 2657
2203 2658
1550 2659
1319 2660
1987 2661
2280 2662
1381 2663
2531 2664
195 2665
617 2666
574 2667
2165 2668
128 2669
2315 2670
394 2671
613 2672
882 2673
870 2674
1203 2675
1590 2676
2248 2677
1366 2678
1928 2679
2543 2680
1106 2681
883 2682
1663 2683
1475 2684
1792 2685
653 2686
1236 2687
667 2688
2328 2689
425 2690
151 2691
535 2692
902 2693
538 2694
1269 2695
994 2696
2168 2697
1229 2698
318 2699
1041 2700
1080 2701
168 2702
2283 2703
1029 2704
1863 2705
1249 2706
1495 2707
765 2708
2502 2709
1005 2710
808 2711
1972 2712
904 2713
2684 2714
72 2715
538 2716
624 2717
956 2718
1520 2719
1166 2720
2676 2721
307 2722
2312 2723
82 2724
1579 2725
958 2726
169 2727
247 2728
22 2729
931 2730
320 2731
1103 2732
1909 2733
1371 2734
1900 2735
2266 2736
1240 2737
181 2738
38 2739
1949 2740
1776 2741
1505 2742
1198 2743
254 2744
854 2745
806 2746
2280 2747
1474 2748
626 2749
2363 2750
1921 2751
2543 2752
1550 2753
257 2754
413 2755
74 2756
2067 2757
2670 2758
2470 2759
747 2760
20 2761
2591 2762
981 2763
2423 2764
1908 2765
1574 2766
2036 2767
1734 2768
1903 2769
1182 2770
2264 2771
1278 2772
279 2773
1736 2774
1948 2775
661 2776
1627 2777
1962 2778
1580 2779
2429 2780
2121 2781
804 2782
692 2783
597 2784
86 2785
1887 2786
2247 2787
2727 2788
1347 2789
966 2790
1605 2791
2501 2792
2384 2793
1397 2794
1459 2795
1726 2796
461 2797
2570 2798
625 2799
721 2800
453 2801
2166 2802
359 2803
2654 2804
2773 2805
414 2806
1335 2807
96 2808
54 2809
1631 2810
2683 2811
312 2812
338 2813
1301 2814
2807 2815
1469 2816
1474 2817
1003 2818
2264 2819
1673 2820
688 2821
2611 2822
1918 2823
105 2824
2297 2825
2083 2826
2553 2827
2760 2828
699 2829
2623 2830
1906 2831
1702 2832
774 2833
1542 2834
2567 2835
1606 2836
858 2837
1807 2838
1985 2839
2132 2840
198 2841
957 2842
824 2843
316 2844
1147 2845
479 2846
784 2847
2645 2848
575 2849
64 2850
1384 2851
1301 2852
2236 2853
336 2854
772 2855
2594 2856
1191 2857
2472 2858
129 2859
902 2860
118 2861
471 2862
717 2863
673 2864
2860 2865
2854 2866
1571 2867
314 2868
47 2869
649 2870
1777 2871
1102 2872
2490 2873
1478 2874
1062 2875
939 2876
1029 2877
1393 2878
978 2879
2259 2880
509 2881
1682 2882
1359 2883
1971 2884
1129 2885
1180 2886
719 2887
1624 2888
1867 2889
1272 2890
646 2891
2012 2892
873 2893
2143 2894
2836 2895
1181 2896
1421 2897
855 2898
426 2899
2038 2900
259 2901
2777 2902
2439 2903
302 2904
357 2905
289 2906
413 2907
1246 2908
1410 2909
2080 2910
1901 2911
2352 2912
62 2913
1078 2914
1047 2915
785 2916
1931 2917
2763 2918
2849 2919
2059 2920
2726 2921
2181 2922
1397 2923
205 2924
269 2925
1746 2926
1420 2927
1624 2928
1442 2929
2339 2930
868 2931
931 2932
2115 2933
1 2934
2522 2935
1595 2936
335 2937
1104 2938
1658 2939
1147 2940
1315 2941
1369 2942
2793 2943
1288 2944
263 2945
1074 2946
2019 2947
521 2948
2516 2949
2767 2950
2383 2951
601 2952
508 2953
514 2954
1478 2955
525 2956
198 2957
4 2958
638 2959
1168 2960
713 2961
54 2962
2960 2963
362 2964
2897 2965
1855 2966
1017 2967
411 2968
1786 2969
2185 2970
340 2971
478 2972
2075 2973
501 2974
1888 2975
914 2976
1406 2977
1239 2978
830 2979
2813 2980
258 2981
236 2982
2003 2983
1797 2984
1692 2985
329 2986
698 2987
2190 2988
1156 2989
247 2990
25 2991
1635 2992
1610 2993
1917 2994
2101 2995
133 2996
2864 2997
1022 2998
1959 2999
211 3000
1533 3001
673 3002
2828 3003
2709 3004
1002 3005
2749 3006
2474 3007
1816 3008
834 3009
1903 3010
675 3011
415 3012
899 3013
1880 3014
1992 3015
2031 3016
2488 3017
1251 3018
984 3019
348 3020
1268 3021
2608 3022
1900 3023
2140 3024
122 3025
1926 3026
510 3027
1211 3028
2502 3029
603 3030
312 3031
1702 3032
2164 3033
1561 3034
1903 3035
374 3036
1180 3037
438 3038
1330 3039
1450 3040
466 3041
674 3042
1422 3043
1368 3044
1162 3045
579 3046
2682 3047
2720 3048
1839 3049
1991 3050
2136 3051
2726 3052
2681 3053
1953 3054
653 3055
2212 3056
2261 3057
1081 3058
176 3059
570 3060
2224 3061
2179 3062
660 3063
2940 3064
165 3065
1430 3066
2557 3067
2933 3068
1455 3069
994 3070
2846 3071
1333 3072
1294 3073
2244 3074
1474 3075
1168 3076
1093 3077
2233 3078
1023 3079
1209 3080
1450 3081
2472 3082
225 3083
2954 3084
180 3085
547 3086
1511 3087
838 3088
2425 3089
1592 3090
2108 3091
1191 3092
155 3093
1204 3094
1850 3095
314 3096
2165 3097
1645 3098
2769 3099
2447 3100
1222 3101
1150 3102
1478 3103
2360 3104
2361 3105
1426 3106
607 3107
581 3108
2630 3109
99 3110
527 3111
95 3112
921 3113
2576 3114
1674 3115
1525 3116
2622 3117
678 3118
2899 3119
1579 3120
813 3121
381 3122
2828 3123
1147 3124
930 3125
2599 3126
3052 3127
764 3128
2233 3129
1588 3130
2435 3131
1909 3132
412 3133
1337 3134
2633 3135
1096 3136
1765 3137
2298 3138
2064 3139
1807 3140
1924 3141
991 3142
2436 3143
1541 3144
258 3145
1012 3146
1152 3147
1111 3148
1446 3149
1458 3150
774 3151
263 3152
651 3153
1246 3154
3125 3155
2429 3156
1722 3157
1901 3158
2224 3159
2533 3160
2203 3161
1959 3162
2330 3163
2196 3164
2524 3165
2097 3166
890 3167
1606 3168
962 3169
685 3170
448 3171
198 3172
2471 3173
2584 3174
3163 3175
655 3176
3067 3177
609 3178
1586 3179
2235 3180
2427 3181
2942 3182
2984 3183
347 3184
2211 3185
3035 3186
2334 3187
52 3188
2459 3189
428 3190
134 3191
2256 3192
2020 3193
2562 3194
522 3195
2013 3196
2472 3197
2929 3198
2547 3199
3122 3200
1892 3201
1890 3202
2412 3203
624 3204
1909 3205
3202 3206
684 3207
1560 3208
1141 3209
79 3210
546 3211
1354 3212
876 3213
2808 3214
2137 3215
2295 3216
1319 3217
2008 3218
1463 3219
1695 3220
2342 3221
306 3222
2732 3223
2433 3224
2514 3225
257 3226
1528 3227
2047 3228
339 3229
767 3230
2865 3231
523 3232
182 3233
3003 3234
711 3235
2887 3236
1638 3237
1771 3238
209 3239
2218 3240
2154 3241
1063 3242
1604 3243
2278 3244
1234 3245
2916 3246
1184 3247
1256 3248
2976 3249
1070 3250
1392 3251
1952 3252
2872 3253
2272 3254
2613 3255
2587 3256
2817 3257
1258 3258
1247 3259
2954 3260
3078 3261
1010 3262
951 3263
1214 3264
193 3265
669 3266
1618 3267
1361 3268
2530 3269
61 3270
2898 3271
2677 3272
2158 3273
28 3274
2234 3275
2304 3276
1741 3277
2642 3278
561 3279
1363 3280
204 3281
384 3282
1632 3283
1328 3284
2104 3285
332 3286
991 3287
1933 3288
2031 3289
1362 3290
194 3291
338 3292
2587 3293
390 3294
3048 3295
1466 3296
1764 3297
3087 3298
103 3299
2989 3300
931 3301
2576 3302
1828 3303
1140 3304
176 3305
891 3306
615 3307
2342 3308
149 3309
1015 3310
3204 3311
3057 3312
940 3313
2947 3314
2399 3315
2693 3316
1949 3317
2451 3318
969 3319
1820 3320
2387 3321
1274 3322
1701 3323
629 3324
2689 3325
535 3326
730 3327
2422 3328
2314 3329
2040 3330
2556 3331
298 3332
1028 3333
2398 3334
1105 3335
642 3336
596 3337
2643 3338
3231 3339
288 3340
2 3341
1724 3342
2601 3343
2164 3344
168 3345
1057 3346
3266 3347
934 3348
1901 3349
1464 3350
2288 3351
2119 3352
860 3353
2375 3354
934 3355
2247 3356
1276 3357
827 3358
1510 3359
2303 3360
3081 3361
2916 3362
618 3363
2797 3364
2704 3365
1621 3366
2288 3367
1736 3368
677 3369
429 3370
1092 3371
1754 3372
312 3373
404 3374
527 3375
2182 3376
2844 3377
2144 3378
3035 3379
2750 3380
803 3381
166 3382
2153 3383
537 3384
2984 3385
1106 3386
2542 3387
1153 3388
2194 3389
2912 3390
2908 3391
2458 3392
1067 3393
528 3394
2001 3395
2564 3396
885 3397
2071 3398
1663 3399
929 3400
894 3401
2609 3402
2169 3403
2396 3404
3036 3405
2803 3406
3309 3407
721 3408
2279 3409
1959 3410
3069 3411
1520 3412
135 3413
788 3414
149 3415
712 3416
2875 3417
736 3418
1057 3419
630 3420
3389 3421
3387 3422
2300 3423
1162 3424
3238 3425
1514 3426
520 3427
2822 3428
2518 3429
884 3430
2083 3431
323 3432
3263 3433
543 3434
688 3435
3397 3436
554 3437
2520 3438
1496 3439
3402 3440
1716 3441
773 3442
905 3443
1644 3444
873 3445
1925 3446
2699 3447
687 3448
1654 3449
662 3450
2682 3451
763 3452
580 3453
2891 3454
2085 3455
2232 3456
84 3457
808 3458
1236 3459
1983 3460
2513 3461
243 3462
1165 3463
2205 3464
2195 3465
2421 3466
342 3467
1134 3468
2005 3469
3317 3470
1104 3471
1094 3472
2846 3473
1072 3474
739 3475
1837 3476
1080 3477
1681 3478
35 3479
821 3480
3225 3481
1126 3482
2504 3483
1741 3484
3421 3485
2139 3486
284 3487
949 3488
3417 3489
134 3490
3285 3491
2585 3492
1511 3493
2828 3494
2225 3495
1775 3496
2018 3497
2549 3498
1017 3499
3010 3500
1733 3501
2530 3502
2688 3503
660 3504
159 3505
2362 3506
780 3507
894 3508
1412 3509
937 3510
803 3511
2597 3512
1234 3513
837 3514
517 3515
2578 3516
3155 3517
2433 3518
19 3519
3039 3520
1105 3521
3326 3522
1295 3523
3111 3524
428 3525
3048 3526
1097 3527
2238 3528
3242 3529
910 3530
1114 3531
1085 3532
2725 3533
3042 3534
428 3535
610 3536
3195 3537
738 3538
2741 3539
3197 3540
1083 3541
2213 3542
3123 3543
1902 3544
1162 3545
2145 3546
2901 3547
1164 3548
3441 3549
2412 3550
951 3551
1356 3552
968 3553
460 3554
3255 3555
175 3556
1062 3557
2034 3558
1314 3559
1457 3560
532 3561
2557 3562
683 3563
2955 3564
2823 3565
1482 3566
2291 3567
2639 3568
985 3569
3364 3570
1330 3571
652 3572
2562 3573
1011 3574
1906 3575
1264 3576
2815 3577
2710 3578
1412 3579
480 3580
1658 3581
1222 3582
1907 3583
1727 3584
512 3585
901 3586
559 3587
3341 3588
2367 3589
1732 3590
1764 3591
1506 3592
314 3593
361 3594
3070 3595
1391 3596
1823 3597
810 3598
745 3599
492 3600
3259 3601
1097 3602
2581 3603
375 3604
2733 3605
2460 3606
1374 3607
3230 3608
1452 3609
1924 3610
2963 3611
1541 3612
3318 3613
1944 3614
1121 3615
871 3616
765 3617
3037 3618
212 3619
2596 3620
1260 3621
3515 3622
2610 3623
166 3624
578 3625
2103 3626
3182 3627
2794 3628
52 3629
1688 3630
3379 3631
2401 3632
2960 3633
405 3634
3299 3635
2331 3636
2211 3637
2262 3638
3558 3639
744 3640
954 3641
2047 3642
1177 3643
1876 3644
2629 3645
2508 3646
2050 3647
3390 3648
2010 3649
2703 3650
1396 3651
3494 3652
1059 3653
313 3654
2929 3655
3300 3656
2226 3657
2346 3658
3325 3659
1480 3660
1652 3661
1195 3662
1263 3663
380 3664
2184 3665
237 3666
477 3667
3503 3668
2636 3669
1569 3670
1459 3671
719 3672
459 3673
1662 3674
2179 3675
3313 3676
74 3677
1638 3678
1632 3679
3378 3680
3409 3681
2962 3682
3127 3683
1423 3684
588 3685
3119 3686
3527 3687
351 3688
2214 3689
3118 3690
966 3691
2409 3692
3607 3693
1847 3694
2646 3695
2404 3696
484 3697
2085 3698
1018 3699
184 3700
3575 3701
2918 3702
3068 3703
1123 3704
827 3705
1972 3706
1471 3707
1568 3708
208 3709
1233 3710
2636 3711
1867 3712
3133 3713
13 3714
3319 3715
2949 3716
923 3717
750 3718
2703 3719
1643 3720
2388 3721
753 3722
2447 3723
1741 3724
1230 3725
225 3726
3031 3727
358 3728
599 3729
509 3730
1149 3731
2851 3732
2220 3733
3552 3734
1724 3735
2608 3736
3482 3737
915 3738
811 3739
1038 3740
3673 3741
528 3742
308 3743
3564 3744
2671 3745
2533 3746
74 3747
827 3748
3268 3749
1101 3750
3017 3751
3117 3752
3298 3753
926 3754
3326 3755
2996 3756
96 3757
3097 3758
308 3759
3654 3760
149 3761
1892 3762
3276 3763
1112 3764
2248 3765
9 3766
483 3767
2928 3768
1300 3769
3274 3770
890 3771
2549 3772
3546 3773
286 3774
2429 3775
1757 3776
274 3777
723 3778
1219 3779
2357 3780
1885 3781
1315 3782
3669 3783
419 3784
1628 3785
1 3786
1912 3787
3717 3788
1282 3789
2118 3790
583 3791
216 3792
3167 3793
3296 3794
1789 3795
153 3796
529 3797
791 3798
1713 3799
1319 3800
3167 3801
2520 3802
737 3803
3724 3804
2878 3805
2939 3806
1337 3807
2131 3808
3162 3809
3555 3810
2068 3811
2096 3812
165 3813
3641 3814
826 3815
218 3816
834 3817
1092 3818
3268 3819
2644 3820
3709 3821
504 3822
3462 3823
1974 3824
2437 3825
1180 3826
1619 3827
3076 3828
1213 3829
3712 3830
1162 3831
1552 3832
2988 3833
1338 3834
2275 3835
721 3836
1031 3837
2407 3838
26 3839
3206 3840
2947 3841
1019 3842
1292 3843
3294 3844
604 3845
1042 3846
2976 3847
1123 3848
1290 3849
101 3850
3473 3851
2645 3852
3071 3853
1407 3854
3799 3855
2847 3856
1165 3857
3203 3858
2028 3859
3824 3860
3196 3861
1688 3862
1769 3863
2226 3864
1399 3865
806 3866
2924 3867
2046 3868
360 3869
932 3870
1308 3871
1124 3872
1713 3873
3177 3874
1854 3875
157 3876
2426 3877
2833 3878
1937 3879
1525 3880
2972 3881
3184 3882
1724 3883
2705 3884
147 3885
2973 3886
810 3887
236 3888
2976 3889
3287 3890
1239 3891
1252 3892
1573 3893
1158 3894
1266 3895
2029 3896
2156 3897
63 3898
2028 3899
3501 3900
1545 3901
3898 3902
1666 3903
2538 3904
614 3905
1344 3906
213 3907
1272 3908
2604 3909
1658 3910
3751 3911
3747 3912
638 3913
2236 3914
3847 3915
61 3916
1079 3917
551 3918
3573 3919
1732 3920
123 3921
2668 3922
698 3923
3195 3924
1147 3925
615 3926
2080 3927
3286 3928
3521 3929
1454 3930
383 3931
496 3932
3411 3933
912 3934
3809 3935
919 3936
121 3937
1011 3938
2135 3939
2510 3940
1977 3941
461 3942
1287 3943
2224 3944
2507 3945
3642 3946
2882 3947
2641 3948
3107 3949
784 3950
658 3951
2770 3952
141 3953
3382 3954
1267 3955
174 3956
2328 3957
1513 3958
1319 3959
2329 3960
2580 3961
250 3962
465 3963
724 3964
3282 3965
292 3966
2209 3967
1282 3968
1838 3969
913 3970
3473 3971
1858 3972
1778 3973
2887 3974
2016 3975
2364 3976
3635 3977
800 3978
90 3979
1743 3980
443 3981
3868 3982
3091 3983
2236 3984
3780 3985
1506 3986
2953 3987
1182 3988
3694 3989
3828 3990
893 3991
1106 3992
162 3993
2128 3994
3062 3995
2837 3996
644 3997
266 3998
3691 3999
845 4000
2510 4001
130 4002
1878 4003
1378 4004
2245 4005
1428 4006
3459 4007
1389 4008
3272 4009
688 4010
2160 4011
1533 4012
2326 4013
3199 4014
1106 4015
1244 4016
3928 4017
44 4018
3418 4019
2181 4020
2652 4021
2776 4022
1087 4023
3136 4024
2154 4025
3688 4026
1803 4027
3564 4028
672 4029
1955 4030
3056 4031
4000 4032
3926 4033
2802 4034
2648 4035
714 4036
787 4037
1762 4038
1841 4039
2129 4040
1031 4041
75 4042
1046 4043
1960 4044
2355 4045
3002 4046
1077 4047
1198 4048
545 4049
2606 4050
3572 4051
3349 4052
1955 4053
3430 4054
3514 4055
847 4056
3509 4057
3474 4058
3486 4059
2107 4060
3565 4061
911 4062
3956 4063
1857 4064
3799 4065
2484 4066
793 4067
551 4068
2651 4069
1513 4070
3970 4071
2074 4072
3762 4073
3916 4074
3537 4075
2072 4076
3840 4077
3472 4078
1614 4079
3968 4080
3786 4081
3074 4082
3071 4083
531 4084
1060 4085
427 4086
3292 4087
1258 4088
1315 4089
2144 4090
1694 4091
2101 4092
580 4093
817 4094
890 4095
1863 4096
1834 4097
3818 4098
3916 4099
2589 4100
338 4101
2375 4102
2670 4103
2104 4104
2288 4105
2053 4106
3799 4107
2756 4108
3141 4109
2567 4110
3406 4111
3593 4112
994 4113
314 4114
478 4115
2221 4116
3077 4117
3768 4118
3687 4119
3229 4120
3270 4121
346 4122
1052 4123
2205 4124
3683 4125
1582 4126
2937 4127
4005 4128
4057 4129
3301 4130
2059 4131
2336 4132
3491 4133
2416 4134
2540 4135
3380 4136
78 4137
1841 4138
1857 4139
692 4140
4040 4141
2679 4142
1098 4143
2284 4144
3873 4145
2693 4146
2232 4147
2529 4148
3642 4149
2135 4150
2395 4151
439 4152
1140 4153
2712 4154
2260 4155
3280 4156
117 4157
1321 4158
2868 4159
2020 4160
1465 4161
817 4162
2705 4163
3222 4164
3110 4165
4076 4166
3329 4167
2461 4168
3399 4169
3276 4170
1542 4171
24 4172
2275 4173
816 4174
1995 4175
1384 4176
942 4177
3163 4178
3517 4179
510 4180
2017 4181
4103 4182
2154 4183
52 4184
2057 4185
3691 4186
2602 4187
2129 4188
559 4189
3414 4190
3859 4191
2778 4192
113 4193
99 4194
2373 4195
1590 4196
2013 4197
3582 4198
3108 4199
2085 4200
2532 4201
1493 4202
4031 4203
122 4204
73 4205
3125 4206
2022 4207
2159 4208
976 4209
998 4210
2521 4211
1209 4212
1704 4213
3714 4214
3982 4215
1393 4216
1105 4217
1488 4218
672 4219
2188 4220
4022 4221
762 4222
2745 4223
3761 4224
1324 4225
2627 4226
3094 4227
4143 4228
3848 4229
1627 4230
934 4231
3134 4232
962 4233
1360 4234
3183 4235
580 4236
1505 4237
1145 4238
3518 4239
3160 4240
73 4241
3281 4242
176 4243
3561 4244
2709 4245
1433 4246
3718 4247
4035 4248
2811 4249
1427 4250
3597 4251
4006 4252
971 4253
3240 4254
3573 4255
2141 4256
2992 4257
3952 4258
293 4259
1616 4260
2014 4261
3341 4262
3000 4263
1298 4264
452 4265
2113 4266
4261 4267
2881 4268
2465 4269
396 4270
2333 4271
1437 4272
7 4273
2409 4274
4202 4275
2645 4276
2905 4277
1236 4278
457 4279
2105 4280
159 4281
423 4282
1919 4283
770 4284
966 4285
4240 4286
1205 4287
965 4288
639 4289
2182 4290
4132 4291
2857 4292
2126 4293
2543 4294
1010 4295
4041 4296
1654 4297
3817 4298
1732 4299
137 4300
1471 4301
2141 4302
1232 4303
3999 4304
2953 4305
3308 4306
442 4307
4080 4308
3898 4309
2650 4310
1462 4311
4132 4312
176 4313
275 4314
2546 4315
3673 4316
57 4317
1384 4318
3354 4319
1304 4320
3336 4321
1359 4322
4223 4323
2888 4324
203 4325
2502 4326
2966 4327
1870 4328
2294 4329
2482 4330
2930 4331
2448 4332
1836 4333
2559 4334
2926 4335
3484 4336
1382 4337
4100 4338
2036 4339
2053 4340
1149 4341
3330 4342
3252 4343
1534 4344
3128 4345
1866 4346
3040 4347
3180 4348
1676 4349
4102 4350
2488 4351
1561 4352
1911 4353
450 4354
3452 4355
2865 4356
1617 4357
252 4358
2384 4359
2680 4360
2305 4361
1515 4362
1821 4363
3836 4364
983 4365
4233 4366
10 4367
98 4368
4201 4369
639 4370
4171 4371
1325 4372
236 4373
3594 4374
3479 4375
655 4376
3281 4377
4280 4378
1955 4379
165 4380
2483 4381
1198 4382
3845 4383
2807 4384
161 4385
2421 4386
1652 4387
1666 4388
2727 4389
3487 4390
2901 4391
2376 4392
722 4393
1251 4394
3498 4395
1294 4396
995 4397
1019 4398
787 4399
529 4400
2831 4401
1671 4402
2566 4403
454 4404
2346 4405
2873 4406
1895 4407
18 4408
3824 4409
3143 4410
697 4411
3471 4412
1165 4413
1876 4414
1393 4415
2485 4416
698 4417
3469 4418
2782 4419
2790 4420
4063 4421
1625 4422
2576 4423
1772 4424
2106 4425
696 4426
2135 4427
529 4428
2208 4429
1235 4430
3830 4431
2188 4432
1905 4433
3006 4434
3496 4435
4298 4436
414 4437
3377 4438
2631 4439
1316 4440
3516 4441
177 4442
3141 4443
4086 4444
475 4445
2069 4446
3540 4447
2486 4448
2711 4449
469 4450
503 4451
2529 4452
326 4453
2735 4454
1699 4455
321 4456
2622 4457
3124 4458
3544 4459
2834 4460
2860 4461
2789 4462
3306 4463
1642 4464
1659 4465
4119 4466
1876 4467
3165 4468
1622 4469
3487 4470
169 4471
1636 4472
2660 4473
892 4474
3095 4475
53 4476
3170 4477
1752 4478
4149 4479
3306 4480
4448 4481
1338 4482
1933 4483
3482 4484
4386 4485
2516 4486
3466 4487
2018 4488
1299 4489
1510 4490
2307 4491
678 4492
4114 4493
1394 4494
2670 4495
2341 4496
3817 4497
414 4498
224 4499
1428 4500
1909 4501
4004 4502
3603 4503
110 4504
356 4505
8 4506
2875 4507
4484 4508
58 4509
1741 4510
2087 4511
4311 4512
1274 4513
1056 4514
1452 4515
4278 4516
1874 4517
3037 4518
2272 4519
1108 4520
3819 4521
2054 4522
1892 4523
383 4524
3505 4525
104 4526
1301 4527
1890 4528
1208 4529
2188 4530
2070 4531
2519 4532
4315 4533
13 4534
3810 4535
3749 4536
3989 4537
1368 4538
1556 4539
3754 4540
3172 4541
3413 4542
1926 4543
909 4544
3565 4545
260 4546
2780 4547
4505 4548
3246 4549
1871 4550
1285 4551
1242 4552
3994 4553
4486 4554
2857 4555
4380 4556
1985 4557
2638 4558
3919 4559
1664 4560
2108 4561
3468 4562
3118 4563
3494 4564
2392 4565
1216 4566
494 4567
648 4568
2392 4569
182 4570
3565 4571
2957 4572
2335 4573
4026 4574
4057 4575
1089 4576
1839 4577
4513 4578
2157 4579
1031 4580
2576 4581
2230 4582
1258 4583
254 4584
1850 4585
2102 4586
1397 4587
3617 4588
715 4589
78 4590
2434 4591
4195 4592
3496 4593
3945 4594
285 4595
125 4596
4292 4597
160 4598
2787 4599
2246 4600
2586 4601
3388 4602
3601 4603
3608 4604
1240 4605
4151 4606
2722 4607
2305 4608
1354 4609
291 4610
1301 4611
2357 4612
1026 4613
1975 4614
525 4615
3174 4616
905 4617
2134 4618
753 4619
2890 4620
925 4621
2458 4622
4047 4623
3397 4624
1131 4625
1451 4626
4031 4627
1743 4628
3764 4629
2995 4630
4262 4631
3023 4632
3895 4633
215 4634
2418 4635
2174 4636
2482 4637
99 4638
2860 4639
1473 4640
231 4641
378 4642
1762 4643
3842 4644
2353 4645
2489 4646
3033 4647
2504 4648
541 4649
1899 4650
2297 4651
1025 4652
3344 4653
3161 4654
3567 4655
3714 4656
169 4657
750 4658
4209 4659
3100 4660
2311 4661
3351 4662
532 4663
310 4664
3565 4665
3296 4666
82 4667
1716 4668
428 4669
4547 4670
3240 4671
2594 4672
2402 4673
4011 4674
283 4675
420 4676
4597 4677
3974 4678
1120 4679
209 4680
4407 4681
1942 4682
1911 4683
309 4684
4500 4685
853 4686
1853 4687
1128 4688
3454 4689
3255 4690
2403 4691
3124 4692
1665 4693
4273 4694
2060 4695
459 4696
1441 4697
218 4698
916 4699
3733 4700
4564 4701
1113 4702
293 4703
3041 4704
3982 4705
3742 4706
4531 4707
2811 4708
752 4709
421 4710
4468 4711
1137 4712
4228 4713
3338 4714
4279 4715
827 4716
379 4717
2077 4718
3747 4719
914 4720
2830 4721
671 4722
270 4723
853 4724
4426 4725
3964 4726
1569 4727
1375 4728
2867 4729
2907 4730
4678 4731
3954 4732
62 4733
2957 4734
281 4735
2475 4736
589 4737
3152 4738
3015 4739
4333 4740
123 4741
3722 4742
3900 4743
4125 4744
1982 4745
2557 4746
3279 4747
4724 4748
1233 4749
1051 4750
276 4751
112 4752
2366 4753
4109 4754
3253 4755
4692 4756
1196 4757
1668 4758
1553 4759
1100 4760
606 4761
284 4762
651 4763
48 4764
4030 4765
3057 4766
3188 4767
3919 4768
2707 4769
2117 4770
3769 4771
4694 4772
2486 4773
2515 4774
1263 4775
282 4776
2252 4777
1784 4778
1313 4779
1418 4780
665 4781
1447 4782
795 4783
3451 4784
997 4785
4156 4786
134 4787
2709 4788
121 4789
2764 4790
3817 4791
743 4792
2118 4793
1344 4794
3144 4795
3479 4796
1013 4797
3228 4798
2921 4799
1652 4800
295 4801
2580 4802
3018 4803
4205 4804
3914 4805
931 4806
1092 4807
3905 4808
2028 4809
1714 4810
830 4811
3978 4812
4026 4813
465 4814
605 4815
464 4816
2930 4817
2367 4818
2813 4819
2516 4820
1492 4821
899 4822
489 4823
1513 4824
2105 4825
3876 4826
2438 4827
4679 4828
4489 4829
3048 4830
1358 4831
756 4832
888 4833
2513 4834
4026 4835
1524 4836
2693 4837
933 4838
4807 4839
1949 4840
3486 4841
4730 4842
2334 4843
2634 4844
4407 4845
726 4846
1534 4847
920 4848
4746 4849
4309 4850
2896 4851
3974 4852
2697 4853
3024 4854
2900 4855
804 4856
1580 4857
3650 4858
1429 4859
171 4860
216 4861
4228 4862
1802 4863
4197 4864
790 4865
3078 4866
2376 4867
2430 4868
1232 4869
326 4870
4394 4871
547 4872
1941 4873
329 4874
404 4875
2425 4876
4270 4877
2509 4878
4015 4879
3750 4880
2597 4881
2631 4882
318 4883
1323 4884
2031 4885
1647 4886
3124 4887
160 4888
224 4889
1786 4890
2142 4891
3967 4892
4143 4893
3559 4894
1855 4895
3767 4896
4699 4897
3873 4898
43 4899
2575 4900
894 4901
596 4902
1057 4903
3835 4904
1378 4905
1913 4906
3847 4907
681 4908
4720 4909
1179 4910
3387 4911
4673 4912
1792 4913
1127 4914
3551 4915
2759 4916
2073 4917
3530 4918
4308 4919
1566 4920
1035 4921
1239 4922
443 4923
305 4924
2226 4925
4461 4926
3178 4927
4774 4928
1491 4929
2499 4930
2640 4931
4780 4932
429 4933
1114 4934
56 4935
1857 4936
4483 4937
4304 4938
3089 4939
4665 4940
474 4941
4932 4942
4748 4943
1710 4944
4873 4945
4231 4946
2511 4947
42 4948
1054 4949
4701 4950
1961 4951
1969 4952
1331 4953
619 4954
2266 4955
1078 4956
4002 4957
4564 4958
2512 4959
4658 4960
10 4961
1244 4962
1088 4963
4810 4964
953 4965
2137 4966
1827 4967
690 4968
4462 4969
150 4970
152 4971
4060 4972
4520 4973
3206 4974
605 4975
1526 4976
4172 4977
4747 4978
2688 4979
4612 4980
2682 4981
1621 4982
2764 4983
2099 4984
1008 4985
4398 4986
1933 4987
2097 4988
2529 4989
1270 4990
4876 4991
833 4992
150 4993
2473 4994
3102 4995
472 4996
4822 4997
4310 4998
184 4999
1451 5000
291 5001
1004 5002
326 5003
3479 5004
2594 5005
4686 5006
3188 5007
106 5008
2010 5009
109 5010
4994 5011
1950 5012
2957 5013
4136 5014
1807 5015
3630 5016
3063 5017
157 5018
2655 5019
2533 5020
4452 5021
3802 5022
631 5023
4816 5024
751 5025
4759 5026
3572 5027
3073 5028
4145 5029
2765 5030
2368 5031
3108 5032
1460 5033
2717 5034
1140 5035
650 5036
4794 5037
4065 5038
504 5039
412 5040
397 5041
3605 5042
688 5043
1935 5044
3722 5045
409 5046
1836 5047
3710 5048
1754 5049
1970 5050
1468 5051
1171 5052
1662 5053
2564 5054
1659 5055
1615 5056
4063 5057
3419 5058
1568 5059
3390 5060
1382 5061
1323 5062
210 5063
583 5064
340 5065
3691 5066
4115 5067
732 5068
2106 5069
4354 5070
2519 5071
2641 5072
3330 5073
2432 5074
2868 5075
1497 5076
667 5077
2466 5078
1891 5079
1042 5080
2109 5081
1070 5082
3099 5083
284 5084
3093 5085
2323 5086
161 5087
2470 5088
2825 5089
1274 5090
2372 5091
754 5092
2978 5093
886 5094
1165 5095
1690 5096
2052 5097
3124 5098
612 5099
878 5100
469 5101
1849 5102
4797 5103
1232 5104
139 5105
3565 5106
345 5107
1434 5108
5076 5109
3768 5110
1244 5111
1027 5112
2266 5113
3529 5114
1944 5115
4731 5116
2957 5117
4651 5118
1989 5119
4543 5120
1258 5121
14 5122
5079 5123
1290 5124
4295 5125
3313 5126
4544 5127
333 5128
2455 5129
263 5130
4367 5131
870 5132
3236 5133
3436 5134
4221 5135
4406 5136
846 5137
4745 5138
2120 5139
3682 5140
1996 5141
4231 5142
3939 5143
797 5144
1430 5145
4769 5146
3478 5147
1586 5148
4148 5149
4473 5150
1601 5151
3046 5152
2568 5153
599 5154
1952 5155
2942 5156
2474 5157
2785 5158
2056 5159
5025 5160
3090 5161
3729 5162
1496 5163
414 5164
2114 5165
4933 5166
2280 5167
3520 5168
2921 5169
939 5170
226 5171
3332 5172
475 5173
1501 5174
2050 5175
880 5176
2718 5177
4020 5178
245 5179
1851 5180
3165 5181
4172 5182
8 5183
333 5184
1604 5185
575 5186
1791 5187
2806 5188
4795 5189
948 5190
2825 5191
169 5192
545 5193
752 5194
1072 5195
1596 5196
4769 5197
2838 5198
281 5199
501 5200
2589 5201
504 5202
1464 5203
3297 5204
3839 5205
3100 5206
2503 5207
5161 5208
4704 5209
3827 5210
5190 5211
5094 5212
2177 5213
3008 5214
1282 5215
3276 5216
1232 5217
1522 5218
3336 5219
1678 5220
789 5221
2041 5222
523 5223
4209 5224
4501 5225
328 5226
1509 5227
3229 5228
1477 5229
2375 5230
2776 5231
4328 5232
1062 5233
3384 5234
1774 5235
4789 5236
3542 5237
1919 5238
1010 5239
3068 5240
1467 5241
1643 5242
1833 5243
4195 5244
4802 5245
4048 5246
2188 5247
2585 5248
705 5249
5072 5250
2060 5251
2883 5252
1874 5253
98 5254
2923 5255
4107 5256
2162 5257
3918 5258
4487 5259
2514 5260
4442 5261
415 5262
4010 5263
1100 5264
4257 5265
3435 5266
3959 5267
3452 5268
3297 5269
4483 5270
1794 5271
5032 5272
2808 5273
1538 5274
3265 5275
3920 5276
3982 5277
2277 5278
4811 5279
226 5280
1323 5281
5096 5282
489 5283
2996 5284
987 5285
2146 5286
861 5287
2066 5288
2322 5289
2162 5290
469 5291
468 5292
2028 5293
3656 5294
1044 5295
3627 5296
2775 5297
413 5298
4903 5299
2146 5300
2992 5301
2833 5302
2466 5303
4004 5304
876 5305
619 5306
4662 5307
784 5308
531 5309
2059 5310
91 5311
1975 5312
5056 5313
1818 5314
2680 5315
4129 5316
2496 5317
2550 5318
1144 5319
338 5320
3921 5321
4971 5322
920 5323
2679 5324
3034 5325
71 5326
4248 5327
1543 5328
2858 5329
3696 5330
1024 5331
4214 5332
40 5333
3383 5334
2940 5335
3394 5336
4441 5337
2995 5338
4267 5339
3109 5340
1570 5341
5098 5342
3660 5343
3948 5344
1154 5345
3138 5346
4097 5347
5070 5348
1233 5349
2274 5350
1696 5351
2817 5352
2914 5353
1339 5354
3792 5355
3797 5356
3776 5357
4189 5358
2843 5359
3882 5360
5089 5361
1370 5362
2899 5363
3570 5364
250 5365
2646 5366
220 5367
2337 5368
4711 5369
304 5370
524 5371
5191 5372
3905 5373
5026 5374
1776 5375
3096 5376
3911 5377
3867 5378
3656 5379
4773 5380
4736 5381
3931 5382
433 5383
4253 5384
3886 5385
625 5386
5213 5387
2179 5388
409 5389
3646 5390
2957 5391
4132 5392
2296 5393
2988 5394
1875 5395
1411 5396
4800 5397
1097 5398
1557 5399
250 5400
3452 5401
1950 5402
2744 5403
2781 5404
883 5405
4068 5406
3770 5407
2459 5408
5180 5409
1205 5410
3514 5411
1600 5412
974 5413
3469 5414
2238 5415
5325 5416
588 5417
3758 5418
5027 5419
3840 5420
3741 5421
771 5422
265 5423
1981 5424
2259 5425
4665 5426
4818 5427
2443 5428
1742 5429
1003 5430
5201 5431
5084 5432
3327 5433
2326 5434
784 5435
4418 5436
4166 5437
3379 5438
3436 5439
3769 5440
4553 5441
2590 5442
1377 5443
5300 5444
31 5445
4831 5446
107 5447
1450 5448
206 5449
4588 5450
2350 5451
4375 5452
4882 5453
5043 5454
3330 5455
782 5456
262 5457
1927 5458
3208 5459
227 5460
2090 5461
2159 5462
3573 5463
3797 5464
1718 5465
2046 5466
4611 5467
4455 5468
4684 5469
4758 5470
3766 5471
4626 5472
1833 5473
883 5474
4381 5475
2521 5476
2134 5477
5396 5478
3268 5479
139 5480
3489 5481
1351 5482
4811 5483
1876 5484
3956 5485
381 5486
3343 5487
1550 5488
960 5489
686 5490
4395 5491
3463 5492
904 5493
1742 5494
4693 5495
1592 5496
68 5497
831 5498
4366 5499
524 5500
2902 5501
3018 5502
1218 5503
4412 5504
4266 5505
1100 5506
2285 5507
4268 5508
1389 5509
4721 5510
1086 5511
1372 5512
1882 5513
1288 5514
2789 5515
2730 5516
174 5517
3130 5518
5496 5519
3387 5520
2724 5521
1988 5522
3749 5523
4946 5524
4021 5525
1927 5526
3199 5527
3333 5528
2181 5529
2480 5530
4675 5531
3411 5532
2852 5533
4717 5534
4271 5535
4612 5536
2144 5537
5240 5538
632 5539
4892 5540
2053 5541
739 5542
3900 5543
3599 5544
1538 5545
1045 5546
2337 5547
2478 5548
189 5549
4339 5550
3812 5551
4398 5552
4549 5553
1159 5554
2691 5555
2839 5556
4827 5557
405 5558
1289 5559
149 5560
4292 5561
3599 5562
795 5563
4290 5564
2299 5565
3539 5566
3378 5567
4669 5568
2824 5569
4962 5570
4989 5571
1684 5572
3811 5573
3765 5574
4340 5575
2981 5576
1220 5577
3461 5578
4649 5579
4379 5580
2020 5581
4700 5582
2161 5583
2058 5584
440 5585
3889 5586
2920 5587
648 5588
2562 5589
2615 5590
4823 5591
5464 5592
5398 5593
3303 5594
4913 5595
4051 5596
4017 5597
3403 5598
1907 5599
3522 5600
3743 5601
3514 5602
5459 5603
5386 5604
3977 5605
5117 5606
4800 5607
2778 5608
3676 5609
4270 5610
4210 5611
3433 5612
4957 5613
1156 5614
1748 5615
1887 5616
3959 5617
602 5618
2230 5619
4524 5620
1429 5621
5574 5622
1794 5623
874 5624
901 5625
3170 5626
2550 5627
4594 5628
4842 5629
1192 5630
63 5631
167 5632
2834 5633
4587 5634
4946 5635
3524 5636
460 5637
4829 5638
3300 5639
608 5640
4483 5641
2482 5642
1806 5643
60 5644
4423 5645
1192 5646
2458 5647
813 5648
2434 5649
5644 5650
3136 5651
3597 5652
2421 5653
1541 5654
2468 5655
3139 5656
5537 5657
2402 5658
878 5659
188 5660
484 5661
5249 5662
999 5663
5528 5664
62 5665
845 5666
2694 5667
1001 5668
3560 5669
4203 5670
3942 5671
1935 5672
4901 5673
4729 5674
3797 5675
1923 5676
2606 5677
954 5678
3008 5679
1177 5680
283 5681
3403 5682
4784 5683
4670 5684
3061 5685
5293 5686
692 5687
1322 5688
5286 5689
2773 5690
2255 5691
5186 5692
1362 5693
2719 5694
5184 5695
1943 5696
3919 5697
4280 5698
2832 5699
3910 5700
898 5701
4277 5702
2745 5703
356 5704
375 5705
3187 5706
4344 5707
3455 5708
4490 5709
452 5710
5528 5711
2907 5712
3509 5713
1389 5714
2518 5715
3688 5716
382 5717
4496 5718
3827 5719
369 5720
5579 5721
4403 5722
2248 5723
1648 5724
2939 5725
2360 5726
5251 5727
1015 5728
236 5729
4969 5730
2720 5731
4078 5732
3004 5733
2869 5734
1637 5735
2164 5736
1434 5737
2472 5738
951 5739
2263 5740
566 5741
3410 5742
5225 5743
3836 5744
4997 5745
1116 5746
4181 5747
1400 5748
2204 5749
1998 5750
3974 5751
503 5752
632 5753
1430 5754
4737 5755
2296 5756
2611 5757
2767 5758
5524 5759
1996 5760
710 5761
4061 5762
703 5763
4251 5764
1907 5765
1436 5766
3797 5767
3144 5768
5013 5769
527 5770
3859 5771
1415 5772
892 5773
4594 5774
4497 5775
1744 5776
5719 5777
2065 5778
296 5779
5503 5780
5134 5781
343 5782
3716 5783
543 5784
1082 5785
3634 5786
1044 5787
1660 5788
4212 5789
5090 5790
4154 5791
2670 5792
2079 5793
4207 5794
4806 5795
1010 5796
3940 5797
4191 5798
5655 5799
1806 5800
1053 5801
4828 5802
3862 5803
5638 5804
1426 5805
1296 5806
1089 5807
5727 5808
1259 5809
554 5810
2445 5811
2748 5812
2571 5813
3134 5814
1779 5815
2605 5816
1577 5817
2885 5818
2352 5819
747 5820
724 5821
5728 5822
2788 5823
3495 5824
2405 5825
5533 5826
4380 5827
5464 5828
4752 5829
4064 5830
4378 5831
509 5832
5082 5833
3997 5834
3678 5835
2533 5836
3021 5837
599 5838
229 5839
5502 5840
1032 5841
2267 5842
2322 5843
5485 5844
873 5845
5005 5846
3881 5847
3281 5848
4512 5849
3239 5850
4965 5851
3176 5852
5547 5853
2544 5854
3231 5855
4403 5856
5548 5857
1899 5858
702 5859
2897 5860
2968 5861
1439 5862
3078 5863
5687 5864
4471 5865
5300 5866
3225 5867
4300 5868
3084 5869
4204 5870
3331 5871
4755 5872
579 5873
5223 5874
3619 5875
4777 5876
1307 5877
765 5878
569 5879
377 5880
5456 5881
451 5882
2931 5883
3238 5884
4036 5885
1233 5886
972 5887
2950 5888
3344 5889
2042 5890
3060 5891
3868 5892
4787 5893
2919 5894
1239 5895
3668 5896
893 5897
1591 5898
2449 5899
2347 5900
2184 5901
3954 5902
5475 5903
3014 5904
1921 5905
5265 5906
4313 5907
2513 5908
3887 5909
3360 5910
1803 5911
153 5912
3921 5913
5598 5914
4659 5915
4240 5916
1644 5917
2471 5918
1566 5919
5270 5920
2330 5921
225 5922
624 5923
5295 5924
4586 5925
644 5926
5072 5927
5708 5928
3329 5929
263 5930
2735 5931
633 5932
2142 5933
1146 5934
2228 5935
2555 5936
5876 5937
902 5938
4379 5939
3610 5940
3895 5941
3771 5942
3661 5943
1408 5944
2077 5945
8 5946
3996 5947
2705 5948
3419 5949
4323 5950
1206 5951
5475 5952
3003 5953
2596 5954
2606 5955
3987 5956
5112 5957
4758 5958
399 5959
347 5960
4656 5961
1239 5962
3023 5963
2960 5964
5220 5965
2031 5966
4715 5967
3764 5968
4949 5969
3309 5970
5203 5971
927 5972
1463 5973
2083 5974
904 5975
1013 5976
1512 5977
277 5978
2200 5979
4629 5980
2301 5981
5980 5982
1702 5983
3822 5984
5652 5985
3066 5986
4390 5987
5579 5988
5762 5989
1763 5990
4958 5991
2250 5992
1613 5993
1154 5994
717 5995
4137 5996
825 5997
1989 5998
1036 5999
1277 6000
729 6001
2257 6002
4900 6003
3880 6004
488 6005
3454 6006
1546 6007
554 6008
4765 6009
2232 6010
5487 6011
5439 6012
1749 6013
1112 6014
2395 6015
1069 6016
2243 6017
3815 6018
4873 6019
2033 6020
1392 6021
3642 6022
2801 6023
2908 6024
1431 6025
3198 6026
5456 6027
4695 6028
2148 6029
2200 6030
1979 6031
268 6032
3019 6033
1008 6034
1018 6035
1628 6036
455 6037
3971 6038
2650 6039
3180 6040
3981 6041
764 6042
3123 6043
428 6044
5403 6045
2936 6046
995 6047
4250 6048
5393 6049
4439 6050
2193 6051
1704 6052
1019 6053
4186 6054
2454 6055
5178 6056
2761 6057
3713 6058
3265 6059
5841 6060
2530 6061
3119 6062
4123 6063
5980 6064
5469 6065
5475 6066
5740 6067
3376 6068
5511 6069
4893 6070
5888 6071
4666 6072
3689 6073
3505 6074
2455 6075
3468 6076
1387 6077
2807 6078
5676 6079
1390 6080
3570 6081
5071 6082
5816 6083
4411 6084
2675 6085
3779 6086
3701 6087
3431 6088
4593 6089
4572 6090
396 6091
2926 6092
4523 6093
2846 6094
1613 6095
225 6096
5780 6097
4247 6098
5850 6099
2438 6100
1229 6101
4151 6102
2009 6103
2035 6104
5549 6105
5454 6106
3614 6107
2731 6108
4674 6109
5125 6110
5951 6111
3702 6112
4344 6113
1553 6114
5993 6115
2276 6116
5226 6117
1290 6118
5474 6119
237 6120
1596 6121
5437 6122
1202 6123
1921 6124
240 6125
5218 6126
4497 6127
3076 6128
4184 6129
5682 6130
2374 6131
1792 6132
4297 6133
4368 6134
1694 6135
541 6136
1709 6137
2095 6138
6041 6139
2974 6140
669 6141
4307 6142
5063 6143
1819 6144
4166 6145
3470 6146
5097 6147
4635 6148
3898 6149
4844 6150
3169 6151
5997 6152
3852 6153
6123 6154
3219 6155
5720 6156
2741 6157
961 6158
5984 6159
3512 6160
2053 6161
2527 6162
1621 6163
960 6164
1981 6165
4687 6166
4850 6167
853 6168
2259 6169
3311 6170
959 6171
1604 6172
3460 6173
5330 6174
465 6175
5083 6176
3275 6177
832 6178
4320 6179
5727 6180
164 6181
5518 6182
2690 6183
5004 6184
693 6185
5258 6186
5288 6187
3638 6188
3128 6189
1683 6190
2082 6191
3904 6192
5959 6193
4547 6194
112 6195
5197 6196
641 6197
106 6198
456 6199
2581 6200
4471 6201
4890 6202
539 6203
2389 6204
3903 6205
5922 6206
2053 6207
4676 6208
2091 6209
97 6210
5670 6211
2115 6212
3490 6213
3432 6214
432 6215
5037 6216
5779 6217
4289 6218
2108 6219
5341 6220
5214 6221
666 6222
4644 6223
1124 6224
6085 6225
2848 6226
2593 6227
1601 6228
3148 6229
4112 6230
1093 6231
1404 6232
4225 6233
2554 6234
3863 6235
1740 6236
4616 6237
4996 6238
1722 6239
1901 6240
4494 6241
3325 6242
5578 6243
1950 6244
1861 6245
815 6246
1412 6247
914 6248
4238 6249
2193 6250
1269 6251
2501 6252
631 6253
4802 6254
4896 6255
2870 6256
1947 6257
1896 6258
4979 6259
4855 6260
2822 6261
5394 6262
3432 6263
5697 6264
403 6265
349 6266
5465 6267
2172 6268
5567 6269
3830 6270
1042 6271
101 6272
5942 6273
5885 6274
942 6275
3352 6276
3101 6277
1389 6278
890 6279
5857 6280
39 6281
342 6282
3857 6283
1762 6284
2811 6285
1393 6286
3291 6287
1849 6288
711 6289
4498 6290
3481 6291
2701 6292
5579 6293
4733 6294
2574 6295
575 6296
1838 6297
145 6298
1837 6299
5936 6300
4139 6301
5852 6302
1590 6303
1692 6304
3964 6305
6137 6306
5170 6307
5043 6308
3237 6309
5149 6310
5472 6311
6181 6312
5798 6313
2006 6314
3499 6315
728 6316
3699 6317
3490 6318
68 6319
5575 6320
3714 6321
3186 6322
214 6323
3019 6324
641 6325
4884 6326
909 6327
67 6328
428 6329
5988 6330
3380 6331
5121 6332
5620 6333
4198 6334
559 6335
3072 6336
3042 6337
4220 6338
3431 6339
2327 6340
412 6341
438 6342
5455 6343
3746 6344
436 6345
5911 6346
2966 6347
2298 6348
1123 6349
4703 6350
3415 6351
4123 6352
1669 6353
5049 6354
4555 6355
3089 6356
6028 6357
1851 6358
2829 6359
5027 6360
3227 6361
827 6362
6160 6363
5912 6364
6087 6365
381 6366
2400 6367
3463 6368
5868 6369
1275 6370
1165 6371
1619 6372
4483 6373
4904 6374
4225 6375
4761 6376
2156 6377
3822 6378
4179 6379
1818 6380
40 6381
4799 6382
61 6383
249 6384
1739 6385
3715 6386
884 6387
2124 6388
3133 6389
945 6390
3173 6391
2235 6392
4225 6393
2374 6394
5631 6395
3560 6396
4903 6397
2621 6398
1315 6399
2934 6400
1795 6401
5250 6402
4248 6403
5626 6404
2359 6405
6143 6406
1474 6407
5524 6408
4641 6409
3217 6410
6167 6411
3214 6412
4895 6413
1452 6414
1641 6415
1489 6416
2006 6417
1354 6418
789 6419
4806 6420
2483 6421
3121 6422
3737 6423
5395 6424
4696 6425
5703 6426
3379 6427
5062 6428
62 6429
3168 6430
5371 6431
634 6432
6080 6433
3955 6434
4841 6435
2931 6436
4702 6437
1033 6438
912 6439
1550 6440
4333 6441
1111 6442
2777 6443
3677 6444
1480 6445
606 6446
1006 6447
2627 6448
1309 6449
3746 6450
3184 6451
5583 6452
4071 6453
2290 6454
6057 6455
2673 6456
1100 6457
5997 6458
704 6459
720 6460
2481 6461
5647 6462
6165 6463
731 6464
4944 6465
5723 6466
1841 6467
1302 6468
212 6469
2339 6470
3564 6471
5867 6472
1007 6473
3451 6474
1515 6475
1891 6476
3998 6477
5243 6478
5269 6479
5037 6480
2432 6481
5377 6482
982 6483
1261 6484
958 6485
1442 6486
975 6487
5519 6488
4464 6489
3643 6490
4072 6491
5130 6492
6191 6493
4870 6494
1009 6495
834 6496
806 6497
4733 6498
4270 6499
1478 6500
2437 6501
5884 6502
4968 6503
1898 6504
612 6505
6485 6506
2019 6507
640 6508
3110 6509
4002 6510
5288 6511
5937 6512
4207 6513
1801 6514
3733 6515
3986 6516
2635 6517
4862 6518
3558 6519
3280 6520
2375 6521
1602 6522
4159 6523
6265 6524
3579 6525
1874 6526
5194 6527
5951 6528
1017 6529
934 6530
4252 6531
2026 6532
41 6533
191 6534
3291 6535
4379 6536
4451 6537
3360 6538
6081 6539
1061 6540
322 6541
5983 6542
1319 6543
4017 6544
4821 6545
2128 6546
316 6547
688 6548
1292 6549
5627 6550
6372 6551
3263 6552
1485 6553
6383 6554
4753 6555
1784 6556
6389 6557
4258 6558
6102 6559
3718 6560
6530 6561
2791 6562
5077 6563
1313 6564
2954 6565
5187 6566
2414 6567
2258 6568
6234 6569
3003 6570
1425 6571
2687 6572
5047 6573
4781 6574
2093 6575
4752 6576
3633 6577
5401 6578
5412 6579
527 6580
3644 6581
2621 6582
4716 6583
5012 6584
5123 6585
1933 6586
3832 6587
2377 6588
2636 6589
6281 6590
4968 6591
6246 6592
5099 6593
6442 6594
5376 6595
2190 6596
3495 6597
1908 6598
4774 6599
4184 6600
272 6601
1001 6602
882 6603
4541 6604
4111 6605
873 6606
5918 6607
1158 6608
5610 6609
4014 6610
31 6611
568 6612
3070 6613
3851 6614
2496 6615
118 6616
3373 6617
2232 6618
3541 6619
2202 6620
6363 6621
2809 6622
4663 6623
6416 6624
5262 6625
4485 6626
325 6627
4487 6628
1515 6629
1149 6630
4723 6631
5418 6632
789 6633
3850 6634
4045 6635
2104 6636
6416 6637
6330 6638
6327 6639
3998 6640
2871 6641
4048 6642
6032 6643
1498 6644
5047 6645
4875 6646
4271 6647
1481 6648
2511 6649
6642 6650
3349 6651
3326 6652
180 6653
1023 6654
5095 6655
3056 6656
2774 6657
2648 6658
6093 6659
1680 6660
2013 6661
2276 6662
3714 6663
2014 6664
2504 6665
5650 6666
4140 6667
2647 6668
3266 6669
5815 6670
171 6671
6526 6672
1868 6673
523 6674
1865 6675
804 6676
4381 6677
4440 6678
4622 6679
6649 6680
4691 6681
5844 6682
5849 6683
1116 6684
4189 6685
6585 6686
4419 6687
1663 6688
5149 6689
3673 6690
4240 6691
5771 6692
6354 6693
2353 6694
1075 6695
1376 6696
6023 6697
486 6698
2073 6699
5800 6700
2749 6701
5712 6702
2065 6703
507 6704
5774 6705
6279 6706
2489 6707
1573 6708
1338 6709
2982 6710
359 6711
6167 6712
4933 6713
5000 6714
5386 6715
3730 6716
55 6717
5735 6718
5421 6719
1747 6720
6545 6721
1196 6722
955 6723
2396 6724
3369 6725
1583 6726
896 6727
5812 6728
5962 6729
4090 6730
3869 6731
2845 6732
6286 6733
474 6734
3029 6735
1972 6736
5323 6737
5186 6738
541 6739
6378 6740
2650 6741
3942 6742
3243 6743
491 6744
5431 6745
44 6746
4101 6747
755 6748
5470 6749
856 6750
1848 6751
4483 6752
6346 6753
4314 6754
1768 6755
6427 6756
5371 6757
461 6758
2853 6759
1079 6760
5648 6761
6059 6762
5786 6763
633 6764
5255 6765
2786 6766
5990 6767
821 6768
3940 6769
2883 6770
2657 6771
4899 6772
5739 6773
3795 6774
3553 6775
175 6776
2435 6777
4731 6778
5546 6779
4947 6780
2021 6781
2884 6782
4752 6783
349 6784
2123 6785
4412 6786
6365 6787
1797 6788
3693 6789
4134 6790
2692 6791
6385 6792
207 6793
5056 6794
2056 6795
5241 6796
5088 6797
3508 6798
2626 6799
2006 6800
1438 6801
2484 6802
1913 6803
839 6804
4991 6805
4137 6806
1238 6807
5511 6808
3528 6809
2664 6810
4624 6811
417 6812
3454 6813
569 6814
4122 6815
4573 6816
3071 6817
110 6818
4281 6819
1304 6820
3485 6821
4707 6822
5475 6823
2192 6824
1661 6825
6762 6826
3716 6827
6290 6828
843 6829
2773 6830
5669 6831
2461 6832
1376 6833
5805 6834
3141 6835
4196 6836
3103 6837
6780 6838
4735 6839
5674 6840
202 6841
4516 6842
1811 6843
2055 6844
4108 6845
1764 6846
6807 6847
5380 6848
3568 6849
742 6850
2902 6851
1880 6852
325 6853
2963 6854
795 6855
4155 6856
5371 6857
4266 6858
3866 6859
6682 6860
2731 6861
6857 6862
5068 6863
181 6864
713 6865
4128 6866
4300 6867
6270 6868
6467 6869
734 6870
5908 6871
5618 6872
5108 6873
3327 6874
5597 6875
4320 6876
238 6877
709 6878
3802 6879
848 6880
3345 6881
6109 6882
5581 6883
5367 6884
3702 6885
4641 6886
3393 6887
3840 6888
21 6889
5418 6890
986 6891
4619 6892
2815 6893
6757 6894
1786 6895
3714 6896
4255 6897
1482 6898
2949 6899
544 6900
5963 6901
3994 6902
4446 6903
3647 6904
4103 6905
1298 6906
2636 6907
6264 6908
4228 6909
5145 6910
2400 6911
1669 6912
4624 6913
5321 6914
3785 6915
3110 6916
556 6917
5647 6918
3875 6919
392 6920
5759 6921
515 6922
1300 6923
3223 6924
6897 6925
395 6926
6162 6927
1352 6928
5314 6929
5490 6930
1327 6931
1028 6932
6072 6933
956 6934
3526 6935
3238 6936
3430 6937
2857 6938
2175 6939
3871 6940
5326 6941
2936 6942
4101 6943
2823 6944
6901 6945
4709 6946
4489 6947
2390 6948
2945 6949
5477 6950
6656 6951
398 6952
3017 6953
5522 6954
6416 6955
3250 6956
5971 6957
6258 6958
6233 6959
5822 6960
6955 6961
630 6962
3733 6963
1891 6964
1182 6965
4655 6966
6342 6967
6087 6968
6321 6969
4288 6970
2561 6971
4970 6972
1630 6973
2251 6974
5696 6975
6569 6976
6528 6977
25 6978
1030 6979
5525 6980
3418 6981
4439 6982
2506 6983
2226 6984
6713 6985
4461 6986
812 6987
3910 6988
2453 6989
1203 6990
3590 6991
3434 6992
6371 6993
1883 6994
6454 6995
3415 6996
505 6997
1710 6998
6939 6999
6424 7000
4227 7001
5546 7002
6512 7003
4222 7004
5263 7005
2979 7006
6272 7007
1562 7008
6112 7009
1350 7010
5750 7011
1970 7012
551 7013
6350 7014
42 7015
5322 7016
4237 7017
6725 7018
6475 7019
3453 7020
559 7021
1639 7022
1063 7023
1495 7024
1500 7025
4739 7026
2170 7027
4988 7028
1098 7029
4642 7030
558 7031
6682 7032
6191 7033
5295 7034
6588 7035
1982 7036
3547 7037
5213 7038
729 7039
2043 7040
4394 7041
1201 7042
6235 7043
7014 7044
816 7045
3676 7046
6108 7047
2340 7048
4684 7049
507 7050
1040 7051
5601 7052
2630 7053
3897 7054
3510 7055
3301 7056
3071 7057
638 7058
1286 7059
4979 7060
3895 7061
3766 7062
117 7063
1067 7064
2412 7065
4549 7066
5142 7067
349 7068
6347 7069
1364 7070
4032 7071
3457 7072
3716 7073
2139 7074
2688 7075
1179 7076
1864 7077
3179 7078
5649 7079
2045 7080
1651 7081
6780 7082
4697 7083
3583 7084
2023 7085
3589 7086
1344 7087
49 7088
6260 7089
6890 7090
3895 7091
979 7092
7007 7093
3520 7094
2995 7095
1588 7096
4208 7097
1681 7098
2338 7099
5249 7100
7020 7101
4181 7102
5343 7103
4634 7104
2113 7105
3121 7106
3034 7107
2597 7108
1434 7109
2181 7110
4229 7111
2767 7112
3277 7113
1502 7114
1009 7115
4238 7116
5455 7117
5757 7118
3048 7119
1818 7120
3078 7121
7022 7122
3452 7123
5100 7124
6173 7125
6002 7126
2719 7127
5421 7128
6252 7129
6331 7130
6540 7131
5062 7132
2147 7133
4316 7134
6064 7135
2117 7136
905 7137
6843 7138
5558 7139
395 7140
1083 7141
1007 7142
3025 7143
4027 7144
5793 7145
3637 7146
6703 7147
1221 7148
6951 7149
630 7150
2246 7151
7053 7152
5625 7153
3413 7154
4489 7155
5155 7156
3620 7157
2216 7158
5696 7159
933 7160
217 7161
5737 7162
372 7163
6836 7164
5655 7165
1415 7166
3396 7167
4458 7168
4709 7169
4294 7170
5999 7171
6008 7172
545 7173
1423 7174
2296 7175
5854 7176
238 7177
3925 7178
5677 7179
6684 7180
4099 7181
2993 7182
94 7183
6117 7184
6385 7185
2099 7186
1827 7187
1292 7188
1417 7189
4351 7190
148 7191
4775 7192
1549 7193
3001 7194
1182 7195
5748 7196
1692 7197
3357 7198
1946 7199
307 7200
2895 7201
610 7202
2477 7203
4337 7204
5217 7205
1277 7206
3173 7207
6271 7208
47 7209
5015 7210
1885 7211
3537 7212
2726 7213
4656 7214
6942 7215
5598 7216
6619 7217
5724 7218
6022 7219
5861 7220
246 7221
4697 7222
5014 7223
6754 7224
4614 7225
6847 7226
4731 7227
6958 7228
665 7229
5310 7230
7139 7231
5540 7232
6004 7233
5477 7234
1888 7235
3205 7236
2195 7237
960 7238
5469 7239
243 7240
4505 7241
3691 7242
7062 7243
4623 7244
6399 7245
822 7246
3820 7247
2900 7248
3582 7249
3571 7250
584 7251
4323 7252
3932 7253
3434 7254
5452 7255
1691 7256
5399 7257
7046 7258
4083 7259
5245 7260
3327 7261
5787 7262
5367 7263
795 7264
1068 7265
5466 7266
3939 7267
3785 7268
3740 7269
2366 7270
557 7271
556 7272
5158 7273
3841 7274
1736 7275
1122 7276
2013 7277
168 7278
3301 7279
5955 7280
2188 7281
2841 7282
5666 7283
6302 7284
6553 7285
2496 7286
674 7287
4911 7288
1622 7289
4033 7290
6175 7291
7212 7292
4200 7293
6815 7294
2053 7295
3656 7296
67 7297
4138 7298
3682 7299
1210 7300
2046 7301
4705 7302
3062 7303
570 7304
938 7305
2893 7306
2779 7307
4282 7308
2269 7309
1515 7310
330 7311
133 7312
5381 7313
3557 7314
551 7315
87 7316
4316 7317
429 7318
1401 7319
321 7320
6694 7321
222 7322
5369 7323
3313 7324
6936 7325
4917 7326
1524 7327
1043 7328
6694 7329
5581 7330
5932 7331
925 7332
5834 7333
3402 7334
3107 7335
1233 7336
6443 7337
6932 7338
3385 7339
4383 7340
4781 7341
4338 7342
3375 7343
1371 7344
4612 7345
2423 7346
5356 7347
3961 7348
748 7349
1483 7350
236 7351
7123 7352
934 7353
5028 7354
2538 7355
5903 7356
235 7357
6508 7358
1453 7359
4333 7360
1308 7361
793 7362
1117 7363
3781 7364
1424 7365
5639 7366
2399 7367
5826 7368
6426 7369
6121 7370
2275 7371
670 7372
2436 7373
6632 7374
7084 7375
4824 7376
2912 7377
3686 7378
4293 7379
6958 7380
5181 7381
7337 7382
1685 7383
5150 7384
2911 7385
2141 7386
6370 7387
4759 7388
1615 7389
7255 7390
5208 7391
7119 7392
3279 7393
283 7394
3809 7395
2030 7396
6308 7397
5710 7398
3464 7399
7020 7400
1401 7401
4631 7402
2231 7403
7132 7404
3730 7405
2814 7406
190 7407
2652 7408
5426 7409
4501 7410
6845 7411
2088 7412
6369 7413
4396 7414
4725 7415
4545 7416
6040 7417
6395 7418
1657 7419
4988 7420
5651 7421
1815 7422
852 7423
6260 7424
5964 7425
3593 7426
3268 7427
729 7428
4043 7429
46 7430
1694 7431
78 7432
1229 7433
339 7434
1793 7435
6381 7436
3967 7437
5173 7438
6451 7439
5709 7440
2079 7441
1862 7442
3257 7443
1603 7444
7080 7445
623 7446
2849 7447
5879 7448
2857 7449
507 7450
3213 7451
174 7452
5191 7453
2311 7454
4895 7455
3277 7456
6679 7457
7275 7458
2153 7459
3718 7460
6355 7461
5901 7462
2813 7463
4637 7464
5975 7465
5580 7466
6327 7467
2331 7468
3647 7469
4654 7470
5035 7471
1360 7472
419 7473
2461 7474
4849 7475
7151 7476
7291 7477
919 7478
298 7479
6723 7480
3904 7481
7154 7482
5710 7483
4447 7484
738 7485
3666 7486
6817 7487
4959 7488
4877 7489
2943 7490
2104 7491
5420 7492
5097 7493
7305 7494
5645 7495
2653 7496
1065 7497
122 7498
6499 7499
7344 7500
7056 7501
3024 7502
1667 7503
4900 7504
6326 7505
4953 7506
4748 7507
652 7508
3281 7509
830 7510
4570 7511
7220 7512
3555 7513
92 7514
772 7515
4766 7516
1459 7517
174 7518
3530 7519
4230 7520
2003 7521
1536 7522
7310 7523
2623 7524
4644 7525
2409 7526
3027 7527
726 7528
4877 7529
3655 7530
4872 7531
1953 7532
3758 7533
5499 7534
6351 7535
2474 7536
65 7537
6495 7538
400 7539
6471 7540
1317 7541
4073 7542
1031 7543
6160 7544
2172 7545
7132 7546
403 7547
2669 7548
4007 7549
137 7550
5214 7551
3591 7552
6706 7553
7418 7554
5690 7555
673 7556
808 7557
1966 7558
5311 7559
7253 7560
2446 7561
5518 7562
1734 7563
5947 7564
703 7565
210 7566
4007 7567
1723 7568
2395 7569
5526 7570
598 7571
4154 7572
6985 7573
1096 7574
2435 7575
306 7576
7216 7577
603 7578
4628 7579
5056 7580
589 7581
5064 7582
3066 7583
6011 7584
6463 7585
3940 7586
2498 7587
2192 7588
6221 7589
2274 7590
1550 7591
3249 7592
4697 7593
992 7594
3766 7595
1643 7596
2595 7597
3480 7598
2910 7599
4010 7600
6174 7601
1984 7602
198 7603
7094 7604
6029 7605
80 7606
6190 7607
3918 7608
5330 7609
6774 7610
5244 7611
1335 7612
7310 7613
2071 7614
2016 7615
6123 7616
6208 7617
481 7618
7506 7619
1778 7620
6648 7621
5813 7622
2710 7623
803 7624
3282 7625
522 7626
2978 7627
151 7628
6846 7629
1140 7630
6056 7631
3680 7632
2187 7633
3890 7634
6885 7635
1407 7636
5134 7637
7356 7638
1929 7639
2493 7640
1139 7641
5381 7642
6426 7643
2594 7644
6176 7645
29 7646
795 7647
4983 7648
2794 7649
6502 7650
1738 7651
3766 7652
2080 7653
6837 7654
4468 7655
4446 7656
7301 7657
7028 7658
2711 7659
4603 7660
7624 7661
628 7662
4999 7663
315 7664
4629 7665
2401 7666
7206 7667
2741 7668
2269 7669
6085 7670
5650 7671
253 7672
1932 7673
4609 7674
1970 7675
1103 7676
2458 7677
5052 7678
959 7679
6006 7680
2866 7681
7194 7682
6928 7683
571 7684
1099 7685
1351 7686
4680 7687
1845 7688
2653 7689
2538 7690
7513 7691
4735 7692
1339 7693
614 7694
3201 7695
2473 7696
5780 7697
332 7698
5726 7699
3009 7700
5744 7701
343 7702
1220 7703
6982 7704
1441 7705
3937 7706
3015 7707
4366 7708
6361 7709
1380 7710
135 7711
852 7712
272 7713
3773 7714
6707 7715
259 7716
7217 7717
2695 7718
3909 7719
4261 7720
5889 7721
4302 7722
6747 7723
127 7724
6355 7725
5004 7726
3476 7727
6521 7728
4778 7729
5949 7730
1552 7731
4524 7732
3011 7733
789 7734
4166 7735
1375 7736
5424 7737
4389 7738
6469 7739
863 7740
1700 7741
6658 7742
1489 7743
2042 7744
6069 7745
1709 7746
1371 7747
4193 7748
4030 7749
2047 7750
5953 7751
7176 7752
5387 7753
4766 7754
7524 7755
2866 7756
4763 7757
5138 7758
7573 7759
4464 7760
6784 7761
2977 7762
3191 7763
1777 7764
6848 7765
6093 7766
2072 7767
3207 7768
2518 7769
5551 7770
429 7771
1560 7772
369 7773
6113 7774
2156 7775
4111 7776
1993 7777
3723 7778
1065 7779
5332 7780
4314 7781
1296 7782
4225 7783
7609 7784
1993 7785
5337 7786
6996 7787
5275 7788
7542 7789
6013 7790
2706 7791
4024 7792
3523 7793
989 7794
2656 7795
1422 7796
4012 7797
7291 7798
2368 7799
3632 7800
7210 7801
942 7802
5009 7803
6442 7804
6628 7805
2390 7806
7278 7807
954 7808
2563 7809
4367 7810
6268 7811
1622 7812
2505 7813
5745 7814
2385 7815
2969 7816
6648 7817
4967 7818
2896 7819
4534 7820
2297 7821
54 7822
3833 7823
6874 7824
3422 7825
7004 7826
3346 7827
7359 7828
2731 7829
4778 7830
7322 7831
5578 7832
1602 7833
5766 7834
1338 7835
2866 7836
3340 7837
7717 7838
3801 7839
53 7840
1115 7841
7108 7842
3822 7843
6993 7844
2457 7845
5244 7846
3449 7847
7103 7848
1640 7849
930 7850
3482 7851
4142 7852
4427 7853
1015 7854
1313 7855
1592 7856
6077 7857
798 7858
953 7859
2560 7860
2666 7861
5215 7862
1536 7863
2615 7864
6266 7865
5590 7866
5464 7867
2403 7868
3627 7869
1583 7870
6845 7871
3228 7872
1633 7873
3949 7874
2850 7875
1046 7876
1813 7877
123 7878
3356 7879
4986 7880
6168 7881
2908 7882
5260 7883
276 7884
2268 7885
4968 7886
2920 7887
4117 7888
6264 7889
3747 7890
201 7891
4023 7892
4692 7893
7425 7894
1653 7895
2661 7896
5893 7897
1488 7898
4131 7899
1464 7900
6362 7901
1229 7902
4501 7903
6174 7904
3604 7905
4278 7906
2734 7907
2061 7908
613 7909
3720 7910
1657 7911
1768 7912
5613 7913
3858 7914
7454 7915
2812 7916
3558 7917
1563 7918
6133 7919
821 7920
6984 7921
807 7922
3793 7923
4980 7924
3316 7925
3122 7926
3893 7927
3390 7928
2181 7929
6210 7930
7367 7931
4445 7932
5833 7933
5873 7934
7590 7935
7920 7936
5997 7937
272 7938
7865 7939
3608 7940
4307 7941
6514 7942
3021 7943
926 7944
2060 7945
1815 7946
541 7947
7725 7948
3785 7949
7476 7950
912 7951
4737 7952
5305 7953
789 7954
6192 7955
4175 7956
1727 7957
7205 7958
3861 7959
7686 7960
3127 7961
3907 7962
4335 7963
7874 7964
6111 7965
1846 7966
4119 7967
7112 7968
3437 7969
7098 7970
5702 7971
1714 7972
857 7973
2569 7974
174 7975
4039 7976
7636 7977
3534 7978
2922 7979
5049 7980
7078 7981
5071 7982
4444 7983
2210 7984
2997 7985
41 7986
4413 7987
5520 7988
3177 7989
1496 7990
801 7991
3321 7992
6854 7993
4749 7994
3653 7995
4031 7996
1924 7997
5919 7998
6476 7999
658 8000
5684 8001
906 8002
7407 8003
6441 8004
4045 8005
3682 8006
3198 8007
2380 8008
6824 8009
4104 8010
3308 8011
6498 8012
3034 8013
5030 8014
5731 8015
6797 8016
628 8017
2365 8018
4792 8019
2223 8020
3531 8021
2546 8022
3632 8023
1300 8024
622 8025
6384 8026
5366 8027
3615 8028
3027 8029
1614 8030
4733 8031
1218 8032
3325 8033
4214 8034
2339 8035
1549 8036
5736 8037
827 8038
3836 8039
4112 8040
4682 8041
1789 8042
835 8043
6515 8044
5478 8045
743 8046
7402 8047
3234 8048
7299 8049
4436 8050
6303 8051
7433 8052
2718 8053
6389 8054
5514 8055
7037 8056
1470 8057
6504 8058
3349 8059
7782 8060
6756 8061
5112 8062
6236 8063
1379 8064
2170 8065
3774 8066
1801 8067
545 8068
6065 8069
4125 8070
2501 8071
187 8072
2278 8073
1574 8074
1056 8075
4585 8076
680 8077
4313 8078
3458 8079
2573 8080
1603 8081
2834 8082
7014 8083
740 8084
1216 8085
5014 8086
5058 8087
3206 8088
2031 8089
5480 8090
6949 8091
7006 8092
1210 8093
416 8094
4673 8095
2997 8096
4724 8097
4311 8098
6721 8099
8099 8100
4458 8101
7346 8102
3356 8103
4519 8104
3243 8105
6627 8106
7478 8107
2981 8108
1811 8109
7611 8110
4960 8111
2441 8112
3986 8113
4041 8114
4040 8115
4163 8116
3590 8117
2615 8118
2786 8119
6720 8120
7315 8121
2392 8122
1818 8123
5019 8124
6130 8125
47 8126
5265 8127
7603 8128
3652 8129
2661 8130
1410 8131
7365 8132
1111 8133
4490 8134
4416 8135
1072 8136
3994 8137
3910 8138
7676 8139
5370 8140
5551 8141
309 8142
6182 8143
6320 8144
3620 8145
5438 8146
2254 8147
5866 8148
6787 8149
383 8150
5524 8151
4703 8152
1142 8153
838 8154
1891 8155
2516 8156
4327 8157
7025 8158
7231 8159
1705 8160
7322 8161
3984 8162
6312 8163
768 8164
3251 8165
5772 8166
110 8167
5718 8168
7608 8169
5477 8170
2587 8171
8031 8172
2444 8173
6288 8174
2280 8175
312 8176
3335 8177
813 8178
5566 8179
2359 8180
7391 8181
2478 8182
1104 8183
1172 8184
594 8185
6671 8186
2847 8187
1210 8188
5093 8189
4558 8190
7935 8191
3678 8192
1041 8193
7234 8194
7065 8195
6376 8196
870 8197
6822 8198
3232 8199
4376 8200
7530 8201
4393 8202
220 8203
2008 8204
6933 8205
8044 8206
5981 8207
7281 8208
5858 8209
4515 8210
6132 8211
2652 8212
642 8213
69 8214
3779 8215
121 8216
8162 8217
6406 8218
2074 8219
819 8220
2192 8221
1982 8222
7954 8223
7695 8224
4144 8225
6728 8226
3747 8227
3684 8228
7875 8229
3521 8230
1415 8231
8211 8232
2315 8233
868 8234
5608 8235
4741 8236
2315 8237
3568 8238
7749 8239
1061 8240
360 8241
6620 8242
6555 8243
5632 8244
882 8245
892 8246
3337 8247
712 8248
1405 8249
7475 8250
6407 8251
3424 8252
7819 8253
152 8254
6576 8255
2587 8256
1341 8257
2553 8258
1437 8259
6232 8260
5865 8261
7841 8262
3136 8263
7773 8264
194 8265
6711 8266
782 8267
2781 8268
3541 8269
1173 8270
1052 8271
4318 8272
2375 8273
3604 8274
5758 8275
5668 8276
1632 8277
4804 8278
3637 8279
7640 8280
2904 8281
3150 8282
7320 8283
167 8284
4345 8285
627 8286
761 8287
7800 8288
4910 8289
7694 8290
7806 8291
644 8292
3843 8293
4434 8294
6143 8295
5147 8296
5194 8297
4779 8298
8151 8299
6297 8300
4657 8301
7794 8302
2145 8303
747 8304
3363 8305
576 8306
1116 8307
4721 8308
555 8309
5795 8310
5109 8311
3087 8312
5046 8313
217 8314
624 8315
7455 8316
3580 8317
2592 8318
5343 8319
5035 8320
4705 8321
5464 8322
5081 8323
5304 8324
7658 8325
4567 8326
6189 8327
6157 8328
4580 8329
4294 8330
6162 8331
5843 8332
5449 8333
993 8334
6852 8335
6067 8336
1671 8337
6872 8338
483 8339
8267 8340
6131 8341
1258 8342
1121 8343
162 8344
4923 8345
5838 8346
6723 8347
420 8348
6372 8349
3525 8350
2739 8351
5822 8352
7923 8353
7405 8354
8205 8355
4346 8356
1661 8357
2766 8358
2839 8359
7779 8360
2138 8361
3029 8362
4703 8363
5601 8364
5884 8365
891 8366
8347 8367
4647 8368
2938 8369
7269 8370
3469 8371
1676 8372
1823 8373
2779 8374
1643 8375
1752 8376
1240 8377
4916 8378
5853 8379
2727 8380
6385 8381
8249 8382
4440 8383
5521 8384
4199 8385
77 8386
7017 8387
2829 8388
3214 8389
7250 8390
2439 8391
7859 8392
5165 8393
1980 8394
1581 8395
1629 8396
5599 8397
5643 8398
2294 8399
5533 8400
7410 8401
3490 8402
2050 8403
46 8404
2489 8405
7356 8406
2428 8407
5642 8408
6125 8409
7178 8410
5007 8411
1426 8412
2453 8413
6328 8414
7167 8415
1993 8416
1153 8417
5518 8418
6489 8419
7861 8420
6416 8421
6020 8422
7622 8423
3263 8424
7526 8425
4742 8426
7188 8427
2709 8428
8215 8429
4341 8430
1598 8431
5582 8432
1751 8433
4490 8434
2894 8435
6112 8436
1192 8437
751 8438
2736 8439
7840 8440
2174 8441
1672 8442
8115 8443
6284 8444
2690 8445
8228 8446
5707 8447
7307 8448
5647 8449
6883 8450
913 8451
8331 8452
1261 8453
174 8454
6897 8455
89 8456
7848 8457
4677 8458
7794 8459
31 8460
1652 8461
1939 8462
2171 8463
8205 8464
7897 8465
6941 8466
1543 8467
5606 8468
7177 8469
2821 8470
3369 8471
1543 8472
1932 8473
6552 8474
6921 8475
7747 8476
4846 8477
1851 8478
28 8479
6881 8480
6529 8481
722 8482
1975 8483
3358 8484
5525 8485
4036 8486
5068 8487
667 8488
8395 8489
1389 8490
5780 8491
3399 8492
6263 8493
2657 8494
6016 8495
4045 8496
6689 8497
8480 8498
2189 8499
3506 8500
7920 8501
8300 8502
7781 8503
4419 8504
683 8505
484 8506
5418 8507
5686 8508
6246 8509
7150 8510
7148 8511
8004 8512
5073 8513
4688 8514
7665 8515
7811 8516
4967 8517
3928 8518
979 8519
5034 8520
6581 8521
8123 8522
6001 8523
651 8524
5626 8525
1178 8526
5940 8527
888 8528
4113 8529
3300 8530
6431 8531
4811 8532
6546 8533
3732 8534
8291 8535
6326 8536
4044 8537
1015 8538
8148 8539
268 8540
7287 8541
8377 8542
193 8543
3594 8544
20 8545
7101 8546
3212 8547
4573 8548
7839 8549
3923 8550
8331 8551
2536 8552
193 8553
1163 8554
4551 8555
4509 8556
8131 8557
1175 8558
3272 8559
4240 8560
284 8561
1968 8562
6159 8563
3675 8564
8193 8565
1104 8566
3789 8567
6159 8568
2071 8569
3949 8570
1306 8571
477 8572
7344 8573
2579 8574
8211 8575
7315 8576
381 8577
767 8578
4691 8579
1217 8580
7104 8581
3089 8582
1694 8583
1671 8584
947 8585
5562 8586
6326 8587
1744 8588
7068 8589
6047 8590
4987 8591
3922 8592
8412 8593
2723 8594
2014 8595
8350 8596
7431 8597
1294 8598
5979 8599
6866 8600
7742 8601
253 8602
5393 8603
7834 8604
5113 8605
320 8606
7767 8607
3751 8608
7925 8609
4337 8610
1297 8611
5158 8612
374 8613
7515 8614
1784 8615
4543 8616
2368 8617
713 8618
3501 8619
5663 8620
8600 8621
5894 8622
186 8623
3383 8624
600 8625
6864 8626
6340 8627
5343 8628
310 8629
1031 8630
5911 8631
4480 8632
7251 8633
5552 8634
8192 8635
8583 8636
3593 8637
7381 8638
6394 8639
2725 8640
2055 8641
5435 8642
8424 8643
5961 8644
8465 8645
320 8646
4977 8647
2243 8648
3970 8649
7238 8650
3650 8651
7207 8652
6770 8653
3002 8654
439 8655
5383 8656
3957 8657
3505 8658
576 8659
4112 8660
4709 8661
1994 8662
6349 8663
6484 8664
4826 8665
3060 8666
8183 8667
1529 8668
3025 8669
3680 8670
8203 8671
4889 8672
4784 8673
3429 8674
3309 8675
2067 8676
3303 8677
6522 8678
3559 8679
6866 8680
2968 8681
953 8682
4255 8683
1245 8684
6767 8685
730 8686
3885 8687
189 8688
5932 8689
5909 8690
1196 8691
6843 8692
8343 8693
560 8694
5939 8695
1618 8696
3067 8697
7456 8698
6868 8699
7936 8700
5913 8701
6351 8702
6339 8703
3722 8704
3744 8705
1988 8706
4700 8707
3551 8708
7069 8709
4850 8710
617 8711
3743 8712
7109 8713
3754 8714
2762 8715
323 8716
7260 8717
624 8718
4309 8719
2839 8720
216 8721
5642 8722
2275 8723
1171 8724
3793 8725
8411 8726
256 8727
1215 8728
4688 8729
7037 8730
4826 8731
5750 8732
7066 8733
5046 8734
1694 8735
6465 8736
7370 8737
2717 8738
561 8739
185 8740
7448 8741
775 8742
6039 8743
8736 8744
944 8745
196 8746
8277 8747
5936 8748
4763 8749
6087 8750
5854 8751
5100 8752
4310 8753
929 8754
6945 8755
86 8756
1325 8757
7227 8758
2389 8759
8509 8760
4229 8761
3983 8762
7134 8763
5584 8764
3331 8765
4112 8766
4302 8767
2457 8768
2309 8769
2626 8770
1289 8771
1422 8772
4710 8773
6994 8774
3542 8775
4724 8776
7303 8777
8519 8778
6860 8779
1409 8780
3098 8781
6230 8782
8722 8783
5520 8784
5209 8785
806 8786
4215 8787
3534 8788
4582 8789
8429 8790
6888 8791
2579 8792
5230 8793
1057 8794
3930 8795
3004 8796
7736 8797
3365 8798
1561 8799
3193 8800
2832 8801
6714 8802
8152 8803
2741 8804
603 8805
7831 8806
8522 8807
565 8808
6986 8809
5981 8810
7951 8811
3091 8812
935 8813
1721 8814
2005 8815
4335 8816
6126 8817
1951 8818
847 8819
4324 8820
2247 8821
5306 8822
3281 8823
6160 8824
4262 8825
4763 8826
2433 8827
866 8828
7246 8829
1937 8830
4420 8831
8144 8832
8685 8833
3608 8834
1238 8835
727 8836
569 8837
1344 8838
638 8839
1629 8840
3264 8841
5821 8842
4285 8843
5294 8844
5302 8845
7863 8846
8743 8847
7372 8848
1371 8849
1251 8850
5439 8851
6740 8852
2228 8853
3763 8854
8376 8855
4997 8856
5908 8857
5241 8858
1491 8859
1221 8860
1261 8861
6491 8862
4134 8863
1060 8864
8254 8865
6393 8866
7288 8867
4411 8868
3274 8869
6521 8870
3003 8871
3476 8872
3007 8873
7634 8874
7176 8875
4691 8876
2832 8877
7492 8878
5021 8879
5343 8880
2394 8881
15 8882
7518 8883
7597 8884
5268 8885
7399 8886
7611 8887
5630 8888
6428 8889
4601 8890
7095 8891
694 8892
6680 8893
3191 8894
8291 8895
6843 8896
2160 8897
2634 8898
4681 8899
5781 8900
6063 8901
653 8902
2757 8903
854 8904
3713 8905
8165 8906
5943 8907
130 8908
5395 8909
4973 8910
864 8911
803 8912
8311 8913
325 8914
5588 8915
3982 8916
1441 8917
8712 8918
5972 8919
3705 8920
7014 8921
8852 8922
3094 8923
6771 8924
3098 8925
7591 8926
6734 8927
6033 8928
2269 8929
7842 8930
4046 8931
2356 8932
3184 8933
1671 8934
3235 8935
3538 8936
7522 8937
1992 8938
5576 8939
1744 8940
7424 8941
4657 8942
7833 8943
7131 8944
8812 8945
5411 8946
3802 8947
7246 8948
4558 8949
6872 8950
334 8951
986 8952
345 8953
2685 8954
1993 8955
8409 8956
8592 8957
1100 8958
7566 8959
3364 8960
1593 8961
4001 8962
2084 8963
8702 8964
5181 8965
25 8966
3453 8967
7115 8968
2544 8969
3495 8970
6476 8971
3455 8972
5345 8973
1833 8974
6939 8975
830 8976
7156 8977
7062 8978
6323 8979
8006 8980
1782 8981
4781 8982
3603 8983
8661 8984
1762 8985
489 8986
4237 8987
6591 8988
510 8989
1395 8990
3560 8991
6756 8992
2181 8993
2658 8994
7992 8995
770 8996
6103 8997
2898 8998
7901 8999
3651 9000
6317 9001
2974 9002
5176 9003
7616 9004
8602 9005
8384 9006
984 9007
407 9008
4890 9009
4506 9010
5525 9011
6437 9012
8179 9013
6319 9014
1420 9015
2445 9016
1401 9017
4796 9018
7225 9019
6164 9020
951 9021
3887 9022
8987 9023
1721 9024
8471 9025
8390 9026
7949 9027
4177 9028
2090 9029
7913 9030
1522 9031
7202 9032
8323 9033
3581 9034
13 9035
3277 9036
2698 9037
1789 9038
6126 9039
5857 9040
480 9041
3215 9042
7641 9043
8208 9044
6095 9045
6303 9046
6312 9047
4329 9048
4592 9049
3766 9050
2783 9051
2555 9052
2151 9053
3107 9054
1758 9055
8477 9056
7521 9057
7892 9058
7350 9059
4664 9060
2777 9061
9010 9062
8747 9063
6563 9064
3521 9065
4964 9066
1371 9067
8774 9068
5060 9069
4789 9070
1475 9071
3859 9072
1449 9073
8759 9074
6404 9075
617 9076
6815 9077
9057 9078
7896 9079
6449 9080
8395 9081
5920 9082
1057 9083
315 9084
700 9085
5613 9086
1060 9087
8321 9088
5040 9089
8569 9090
6301 9091
8513 9092
8922 9093
1996 9094
1931 9095
390 9096
1393 9097
1040 9098
8656 9099
4273 9100
7436 9101
6261 9102
2250 9103
3585 9104
8863 9105
3270 9106
3003 9107
3299 9108
4248 9109
1415 9110
4039 9111
9111 9112
6493 9113
2743 9114
5050 9115
7515 9116
4640 9117
9066 9118
2313 9119
4376 9120
6571 9121
7793 9122
1113 9123
790 9124
2585 9125
3939 9126
2283 9127
6862 9128
7187 9129
661 9130
749 9131
4550 9132
7004 9133
3717 9134
1417 9135
1299 9136
278 9137
4674 9138
3375 9139
8455 9140
516 9141
4915 9142
4024 9143
6211 9144
7927 9145
550 9146
5962 9147
2535 9148
8505 9149
5980 9150
4015 9151
7683 9152
1353 9153
2107 9154
8850 9155
1215 9156
5762 9157
472 9158
6998 9159
8162 9160
4948 9161
5848 9162
8766 9163
1207 9164
6123 9165
6857 9166
8603 9167
4928 9168
8509 9169
4091 9170
1653 9171
6000 9172
5511 9173
6252 9174
8058 9175
7790 9176
189 9177
1895 9178
5815 9179
1988 9180
46 9181
2048 9182
83 9183
5925 9184
1557 9185
3184 9186
5015 9187
812 9188
8998 9189
8344 9190
6802 9191
8555 9192
3902 9193
4162 9194
7431 9195
4887 9196
6695 9197
5990 9198
287 9199
1145 9200
941 9201
1487 9202
405 9203
8787 9204
7079 9205
5399 9206
4731 9207
5677 9208
6371 9209
9043 9210
8633 9211
6478 9212
8584 9213
4560 9214
3111 9215
1588 9216
4096 9217
950 9218
3763 9219
4419 9220
7808 9221
1074 9222
4582 9223
8568 9224
8817 9225
376 9226
7988 9227
9041 9228
6736 9229
1121 9230
6573 9231
556 9232
365 9233
720 9234
6262 9235
1541 9236
5706 9237
926 9238
5923 9239
467 9240
8117 9241
8261 9242
2415 9243
2893 9244
931 9245
2907 9246
4578 9247
4010 9248
9188 9249
3130 9250
543 9251
8477 9252
522 9253
734 9254
4761 9255
4814 9256
316 9257
1915 9258
1400 9259
705 9260
2043 9261
4901 9262
2709 9263
2778 9264
485 9265
9009 9266
7674 9267
7623 9268
875 9269
4055 9270
8069 9271
2492 9272
4328 9273
8983 9274
2924 9275
4941 9276
4613 9277
3353 9278
2490 9279
2423 9280
4966 9281
1727 9282
1974 9283
2892 9284
1840 9285
4054 9286
8985 9287
6896 9288
9113 9289
1945 9290
733 9291
4585 9292
8409 9293
8797 9294
7369 9295
6 9296
4290 9297
8022 9298
4714 9299
1709 9300
8395 9301
8167 9302
2154 9303
8461 9304
2121 9305
7149 9306
58 9307
4062 9308
6703 9309
4941 9310
6432 9311
2292 9312
3296 9313
3775 9314
163 9315
4951 9316
130 9317
8308 9318
2107 9319
391 9320
3674 9321
2681 9322
1908 9323
2597 9324
7856 9325
3459 9326
1445 9327
4137 9328
7608 9329
6111 9330
1010 9331
906 9332
7692 9333
3404 9334
6993 9335
1671 9336
4982 9337
5370 9338
320 9339
5121 9340
8288 9341
2173 9342
2940 9343
4702 9344
4994 9345
3888 9346
5019 9347
3499 9348
6006 9349
1110 9350
3106 9351
4882 9352
7410 9353
6518 9354
8041 9355
5064 9356
2093 9357
4329 9358
7440 9359
6281 9360
7356 9361
9151 9362
5793 9363
70 9364
4486 9365
5358 9366
2560 9367
8679 9368
72 9369
1553 9370
6398 9371
6529 9372
4123 9373
1765 9374
5668 9375
4196 9376
8267 9377
7265 9378
4164 9379
3556 9380
6948 9381
3891 9382
3904 9383
6087 9384
5758 9385
56 9386
2436 9387
3059 9388
4873 9389
4699 9390
8541 9391
8735 9392
2260 9393
1168 9394
243 9395
8444 9396
4970 9397
7360 9398
8303 9399
865 9400
9 9401
2296 9402
8387 9403
3144 9404
5399 9405
371 9406
3357 9407
8619 9408
2713 9409
5291 9410
8148 9411
2122 9412
4280 9413
2914 9414
6520 9415
885 9416
2584 9417
9402 9418
3319 9419
3438 9420
6686 9421
1760 9422
2789 9423
6352 9424
4693 9425
7655 9426
4191 9427
1924 9428
8726 9429
5802 9430
3271 9431
3964 9432
7660 9433
6596 9434
3453 9435
4573 9436
7622 9437
634 9438
5375 9439
7254 9440
1290 9441
91 9442
6056 9443
7923 9444
1077 9445
5615 9446
4941 9447
6149 9448
8145 9449
2244 9450
8666 9451
5297 9452
6402 9453
6727 9454
8553 9455
2791 9456
7874 9457
8613 9458
6719 9459
3163 9460
9111 9461
7781 9462
8967 9463
3180 9464
2429 9465
8197 9466
4532 9467
6050 9468
8463 9469
6790 9470
1491 9471
5793 9472
45 9473
7336 9474
219 9475
9367 9476
4645 9477
7036 9478
3695 9479
3064 9480
2687 9481
893 9482
5048 9483
9262 9484
1594 9485
2195 9486
3926 9487
2409 9488
5670 9489
5999 9490
8336 9491
3794 9492
4330 9493
4364 9494
1385 9495
9293 9496
4904 9497
3353 9498
4547 9499
6755 9500
2295 9501
1897 9502
5759 9503
5970 9504
2461 9505
3990 9506
8296 9507
7560 9508
2286 9509
4655 9510
8732 9511
4917 9512
9334 9513
5135 9514
913 9515
5019 9516
6758 9517
5078 9518
7628 9519
159 9520
5281 9521
1897 9522
56 9523
3683 9524
919 9525
7892 9526
9451 9527
6559 9528
4085 9529
9516 9530
401 9531
9051 9532
5189 9533
6323 9534
1119 9535
4165 9536
6315 9537
6788 9538
1454 9539
6378 9540
7341 9541
1395 9542
5893 9543
2129 9544
713 9545
5897 9546
3951 9547
7234 9548
9300 9549
1851 9550
9082 9551
171 9552
9105 9553
4876 9554
8593 9555
1655 9556
7473 9557
528 9558
1586 9559
7840 9560
4553 9561
6765 9562
8602 9563
3761 9564
3245 9565
7551 9566
9412 9567
2128 9568
7348 9569
2269 9570
2384 9571
8301 9572
2799 9573
9553 9574
8032 9575
2876 9576
3087 9577
6144 9578
9164 9579
3907 9580
6846 9581
9450 9582
4907 9583
2808 9584
8862 9585
7636 9586
8211 9587
3407 9588
5496 9589
6452 9590
5295 9591
2470 9592
4867 9593
7867 9594
1108 9595
5959 9596
2604 9597
3170 9598
9394 9599
2864 9600
4991 9601
3252 9602
8756 9603
3739 9604
9404 9605
6337 9606
4020 9607
3542 9608
4973 9609
3032 9610
4261 9611
8897 9612
8649 9613
2576 9614
7883 9615
6135 9616
9178 9617
4576 9618
4622 9619
5381 9620
3044 9621
374 9622
9346 9623
6314 9624
7325 9625
7960 9626
7073 9627
793 9628
8172 9629
5073 9630
7324 9631
5391 9632
7808 9633
7256 9634
6614 9635
7252 9636
8407 9637
1382 9638
9447 9639
8400 9640
6301 9641
4193 9642
8880 9643
345 9644
1441 9645
4165 9646
1832 9647
9462 9648
6851 9649
3756 9650
9547 9651
4681 9652
9243 9653
2075 9654
6810 9655
6008 9656
7634 9657
1789 9658
6027 9659
6918 9660
9082 9661
7369 9662
5121 9663
3083 9664
8938 9665
9377 9666
3970 9667
3246 9668
7731 9669
7066 9670
3204 9671
1875 9672
1369 9673
5932 9674
1333 9675
4848 9676
1177 9677
7231 9678
539 9679
9228 9680
2577 9681
2317 9682
5280 9683
4427 9684
6377 9685
5281 9686
1131 9687
7182 9688
7548 9689
594 9690
977 9691
5066 9692
7118 9693
4561 9694
2455 9695
6246 9696
5300 9697
3314 9698
3959 9699
6588 9700
5386 9701
5343 9702
5384 9703
3859 9704
7962 9705
9694 9706
1602 9707
1976 9708
2018 9709
454 9710
2174 9711
4065 9712
7571 9713
3806 9714
6381 9715
640 9716
3600 9717
4011 9718
1688 9719
646 9720
3400 9721
389 9722
2212 9723
1266 9724
2490 9725
2677 9726
4131 9727
2739 9728
1233 9729
5369 9730
4895 9731
5423 9732
264 9733
3687 9734
1910 9735
2350 9736
9698 9737
5787 9738
5172 9739
6540 9740
6852 9741
7789 9742
1650 9743
166 9744
5848 9745
6175 9746
4792 9747
5494 9748
291 9749
4209 9750
810 9751
2357 9752
3335 9753
2550 9754
5391 9755
3744 9756
6024 9757
2387 9758
4686 9759
7585 9760
9467 9761
953 9762
3837 9763
2898 9764
4807 9765
9271 9766
9075 9767
5519 9768
7149 9769
2890 9770
3668 9771
4505 9772
943 9773
8065 9774
312 9775
1202 9776
3602 9777
1276 9778
5962 9779
2998 9780
1803 9781
2056 9782
719 9783
6631 9784
9427 9785
6081 9786
1963 9787
6057 9788
5635 9789
3099 9790
3464 9791
6376 9792
2104 9793
4605 9794
2821 9795
5637 9796
9573 9797
374 9798
2148 9799
6933 9800
1679 9801
9636 9802
3888 9803
9166 9804
2271 9805
5763 9806
8782 9807
4143 9808
6018 9809
9101 9810
3918 9811
4630 9812
5895 9813
9082 9814
7286 9815
3434 9816
3561 9817
6990 9818
5870 9819
3696 9820
3396 9821
954 9822
3263 9823
2561 9824
9818 9825
9373 9826
3826 9827
9414 9828
3552 9829
5569 9830
5130 9831
6134 9832
8456 9833
4632 9834
6348 9835
4452 9836
8529 9837
2405 9838
1112 9839
3676 9840
8729 9841
3917 9842
5522 9843
8393 9844
3485 9845
3886 9846
9628 9847
7913 9848
6097 9849
6170 9850
6620 9851
5726 9852
9346 9853
7236 9854
4571 9855
8737 9856
1069 9857
439 9858
4373 9859
5521 9860
4820 9861
5132 9862
1528 9863
4747 9864
4588 9865
3754 9866
3271 9867
8023 9868
9112 9869
5633 9870
3095 9871
393 9872
3870 9873
4384 9874
178 9875
7461 9876
41 9877
4986 9878
3685 9879
5223 9880
6015 9881
965 9882
225 9883
6543 9884
6597 9885
1020 9886
4012 9887
7461 9888
9108 9889
9753 9890
2714 9891
5796 9892
1800 9893
6779 9894
8287 9895
7366 9896
1942 9897
2426 9898
1502 9899
7385 9900
663 9901
3901 9902
2501 9903
1709 9904
9402 9905
3110 9906
156 9907
209 9908
9156 9909
924 9910
7349 9911
5471 9912
3353 9913
9257 9914
5327 9915
2794 9916
536 9917
1589 9918
113 9919
793 9920
536 9921
5810 9922
5435 9923
1924 9924
3181 9925
4663 9926
2685 9927
9659 9928
1663 9929
5118 9930
8874 9931
7738 9932
8250 9933
4694 9934
3635 9935
7405 9936
1645 9937
2089 9938
924 9939
8798 9940
4956 9941
1867 9942
7689 9943
9925 9944
9336 9945
1976 9946
738 9947
4533 9948
5338 9949
7118 9950
2016 9951
92 9952
3130 9953
4981 9954
2347 9955
3121 9956
6494 9957
6411 9958
8661 9959
890 9960
7034 9961
1642 9962
280 9963
9840 9964
4245 9965
6793 9966
5123 9967
6138 9968
9644 9969
7563 9970
2106 9971
3613 9972
4932 9973
557 9974
6531 9975
3812 9976
8331 9977
4123 9978
4649 9979
6790 9980
3327 9981
2573 9982
4575 9983
2166 9984
3871 9985
7407 9986
7063 9987
8218 9988
7181 9989
9708 9990
1996 9991
1547 9992
3256 9993
364 9994
3331 9995
1594 9996
9566 9997
8424 9998
5591 9999
4017 10000
