1 2
2 3
2 4
4 5
3 6
1 7
6 8
1 9
1 10
9 11
6 12
11 13
7 14
5 15
7 16
16 17
9 18
6 19
16 20
11 21
11 22
15 23
5 24
15 25
12 26
1 27
8 28
18 29
2 30
27 31
1 32
21 33
20 34
13 35
23 36
35 37
1 38
31 39
36 40
2 41
35 42
14 43
8 44
41 45
36 46
35 47
1 48
42 49
21 50
33 51
5 52
10 53
42 54
44 55
50 56
27 57
6 58
58 59
41 60
33 61
36 62
11 63
30 64
28 65
27 66
45 67
47 68
30 69
15 70
52 71
1 72
69 73
53 74
52 75
67 76
26 77
13 78
76 79
68 80
4 81
7 82
46 83
40 84
2 85
34 86
33 87
37 88
24 89
89 90
40 91
54 92
40 93
39 94
60 95
30 96
2 97
19 98
13 99
91 100
88 101
46 102
53 103
61 104
6 105
1 106
19 107
3 108
40 109
45 110
107 111
63 112
31 113
66 114
10 115
1 116
115 117
70 118
16 119
95 120
81 121
54 122
4 123
21 124
29 125
28 126
63 127
61 128
56 129
95 130
118 131
19 132
65 133
30 134
31 135
3 136
91 137
131 138
18 139
54 140
68 141
82 142
15 143
108 144
61 145
39 146
99 147
124 148
42 149
27 150
113 151
29 152
122 153
128 154
69 155
76 156
83 157
64 158
143 159
48 160
66 161
112 162
121 163
140 164
25 165
165 166
71 167
55 168
106 169
158 170
71 171
24 172
104 173
23 174
81 175
114 176
65 177
31 178
32 179
162 180
120 181
171 182
23 183
159 184
18 185
132 186
158 187
157 188
111 189
67 190
174 191
160 192
99 193
35 194
71 195
130 196
122 197
117 198
92 199
49 200
189 201
175 202
5 203
184 204
151 205
50 206
2 207
10 208
125 209
209 210
118 211
22 212
98 213
86 214
157 215
44 216
116 217
71 218
173 219
75 220
12 221
219 222
197 223
148 224
126 225
74 226
163 227
150 228
24 229
225 230
213 231
144 232
36 233
187 234
23 235
225 236
47 237
110 238
77 239
153 240
19 241
193 242
8 243
76 244
200 245
154 246
73 247
125 248
35 249
237 250
101 251
180 252
46 253
155 254
85 255
247 256
17 257
142 258
245 259
254 260
86 261
27 262
13 263
100 264
239 265
244 266
164 267
144 268
196 269
83 270
104 271
165 272
202 273
153 274
250 275
21 276
232 277
235 278
191 279
27 280
90 281
117 282
224 283
76 284
56 285
231 286
205 287
27 288
59 289
103 290
47 291
58 292
99 293
249 294
27 295
81 296
9 297
47 298
156 299
201 300
63 301
248 302
253 303
57 304
127 305
157 306
159 307
261 308
38 309
289 310
256 311
96 312
54 313
58 314
67 315
280 316
256 317
125 318
34 319
153 320
280 321
29 322
244 323
155 324
235 325
31 326
165 327
16 328
293 329
248 330
68 331
138 332
6 333
19 334
172 335
183 336
94 337
265 338
242 339
91 340
179 341
206 342
169 343
181 344
133 345
1 346
340 347
187 348
132 349
13 350
207 351
128 352
148 353
151 354
190 355
48 356
293 357
33 358
94 359
48 360
39 361
316 362
238 363
80 364
249 365
161 366
186 367
139 368
211 369
71 370
141 371
358 372
254 373
253 374
100 375
257 376
263 377
238 378
313 379
63 380
40 381
1 382
231 383
321 384
296 385
95 386
262 387
338 388
150 389
203 390
185 391
331 392
159 393
91 394
43 395
56 396
5 397
224 398
228 399
99 400
192 401
47 402
182 403
270 404
340 405
385 406
151 407
19 408
116 409
153 410
360 411
165 412
358 413
354 414
3 415
2 416
399 417
343 418
290 419
351 420
132 421
110 422
271 423
133 424
182 425
361 426
56 427
327 428
43 429
382 430
304 431
55 432
391 433
121 434
107 435
66 436
384 437
187 438
386 439
28 440
284 441
44 442
198 443
294 444
387 445
29 446
169 447
314 448
44 449
273 450
419 451
355 452
398 453
43 454
343 455
185 456
441 457
413 458
401 459
174 460
301 461
302 462
92 463
8 464
405 465
224 466
304 467
419 468
306 469
1 470
12 471
149 472
149 473
381 474
36 475
384 476
48 477
10 478
120 479
19 480
359 481
265 482
178 483
302 484
288 485
259 486
3 487
292 488
459 489
114 490
209 491
353 492
148 493
97 494
43 495
336 496
466 497
116 498
369 499
5 500
443 501
251 502
88 503
145 504
312 505
169 506
342 507
354 508
368 509
324 510
451 511
234 512
90 513
431 514
150 515
232 516
272 517
1 518
14 519
390 520
89 521
305 522
398 523
95 524
278 525
453 526
208 527
299 528
490 529
316 530
490 531
350 532
411 533
58 534
333 535
44 536
69 537
11 538
316 539
180 540
329 541
533 542
537 543
434 544
490 545
241 546
133 547
209 548
89 549
355 550
141 551
228 552
265 553
257 554
256 555
64 556
457 557
310 558
395 559
56 560
394 561
488 562
523 563
26 564
318 565
151 566
401 567
71 568
193 569
46 570
553 571
116 572
347 573
297 574
553 575
436 576
185 577
295 578
537 579
302 580
113 581
534 582
547 583
398 584
216 585
211 586
119 587
161 588
425 589
123 590
588 591
583 592
343 593
237 594
365 595
10 596
28 597
223 598
160 599
400 600
478 601
500 602
568 603
580 604
381 605
218 606
247 607
20 608
127 609
314 610
189 611
595 612
153 613
370 614
393 615
357 616
40 617
434 618
559 619
207 620
290 621
482 622
242 623
100 624
16 625
475 626
272 627
596 628
385 629
568 630
361 631
159 632
30 633
127 634
592 635
25 636
357 637
319 638
448 639
564 640
36 641
62 642
289 643
168 644
598 645
45 646
397 647
520 648
23 649
407 650
465 651
86 652
611 653
230 654
500 655
501 656
456 657
251 658
375 659
82 660
488 661
75 662
50 663
364 664
288 665
381 666
484 667
331 668
213 669
41 670
144 671
1 672
129 673
580 674
659 675
589 676
300 677
158 678
559 679
61 680
72 681
377 682
51 683
470 684
396 685
583 686
412 687
495 688
393 689
367 690
659 691
572 692
88 693
438 694
522 695
504 696
196 697
213 698
352 699
215 700
546 701
460 702
70 703
553 704
425 705
3 706
174 707
630 708
452 709
568 710
622 711
291 712
687 713
455 714
155 715
103 716
212 717
320 718
413 719
89 720
558 721
138 722
367 723
341 724
11 725
254 726
185 727
200 728
313 729
681 730
341 731
547 732
239 733
232 734
212 735
197 736
509 737
396 738
321 739
600 740
506 741
516 742
135 743
446 744
364 745
231 746
186 747
206 748
676 749
662 750
18 751
607 752
624 753
163 754
174 755
749 756
539 757
327 758
626 759
652 760
486 761
527 762
532 763
389 764
662 765
341 766
316 767
433 768
166 769
381 770
759 771
66 772
5 773
182 774
637 775
663 776
624 777
381 778
382 779
190 780
28 781
340 782
275 783
157 784
207 785
375 786
31 787
535 788
498 789
103 790
728 791
571 792
196 793
432 794
30 795
37 796
201 797
763 798
191 799
527 800
108 801
499 802
601 803
784 804
734 805
456 806
22 807
272 808
655 809
791 810
646 811
376 812
398 813
797 814
280 815
348 816
798 817
364 818
571 819
316 820
277 821
691 822
256 823
313 824
215 825
782 826
89 827
718 828
613 829
236 830
700 831
466 832
398 833
238 834
760 835
142 836
514 837
241 838
621 839
158 840
83 841
148 842
718 843
503 844
608 845
218 846
78 847
544 848
385 849
50 850
457 851
312 852
663 853
54 854
111 855
179 856
811 857
142 858
640 859
725 860
449 861
412 862
149 863
419 864
449 865
118 866
448 867
288 868
526 869
629 870
138 871
33 872
52 873
98 874
501 875
301 876
745 877
846 878
672 879
116 880
843 881
60 882
876 883
590 884
622 885
544 886
88 887
260 888
695 889
205 890
25 891
508 892
727 893
364 894
130 895
563 896
476 897
192 898
767 899
485 900
474 901
748 902
286 903
542 904
348 905
808 906
683 907
450 908
699 909
725 910
208 911
153 912
893 913
655 914
27 915
14 916
592 917
179 918
62 919
538 920
604 921
46 922
355 923
850 924
169 925
518 926
627 927
217 928
671 929
395 930
47 931
577 932
252 933
67 934
479 935
420 936
315 937
408 938
225 939
616 940
476 941
477 942
587 943
875 944
734 945
305 946
67 947
530 948
598 949
579 950
115 951
274 952
406 953
80 954
765 955
546 956
588 957
915 958
403 959
580 960
365 961
115 962
349 963
521 964
739 965
457 966
615 967
762 968
554 969
298 970
781 971
425 972
279 973
509 974
196 975
29 976
440 977
427 978
194 979
624 980
511 981
378 982
414 983
380 984
648 985
226 986
790 987
960 988
638 989
748 990
308 991
63 992
739 993
462 994
639 995
551 996
641 997
974 998
847 999
267 1000
227 1001
152 1002
30 1003
115 1004
180 1005
705 1006
583 1007
40 1008
598 1009
701 1010
829 1011
177 1012
504 1013
294 1014
1008 1015
295 1016
962 1017
497 1018
728 1019
782 1020
184 1021
83 1022
167 1023
73 1024
740 1025
371 1026
17 1027
3 1028
890 1029
748 1030
731 1031
276 1032
108 1033
306 1034
183 1035
11 1036
182 1037
25 1038
907 1039
430 1040
415 1041
395 1042
950 1043
833 1044
768 1045
334 1046
331 1047
269 1048
211 1049
715 1050
113 1051
826 1052
466 1053
321 1054
371 1055
587 1056
140 1057
351 1058
48 1059
93 1060
198 1061
327 1062
445 1063
701 1064
409 1065
889 1066
1045 1067
982 1068
207 1069
177 1070
892 1071
1063 1072
280 1073
620 1074
272 1075
185 1076
840 1077
344 1078
235 1079
133 1080
997 1081
822 1082
1017 1083
888 1084
778 1085
943 1086
93 1087
1028 1088
547 1089
524 1090
168 1091
212 1092
1031 1093
163 1094
326 1095
905 1096
657 1097
748 1098
445 1099
960 1100
314 1101
1063 1102
830 1103
144 1104
342 1105
554 1106
385 1107
937 1108
529 1109
631 1110
414 1111
38 1112
1075 1113
510 1114
119 1115
141 1116
763 1117
239 1118
802 1119
980 1120
357 1121
991 1122
1077 1123
271 1124
1113 1125
631 1126
177 1127
110 1128
986 1129
71 1130
1047 1131
706 1132
1129 1133
409 1134
614 1135
460 1136
116 1137
819 1138
174 1139
682 1140
1046 1141
834 1142
979 1143
165 1144
44 1145
566 1146
52 1147
763 1148
117 1149
364 1150
292 1151
322 1152
388 1153
125 1154
1064 1155
756 1156
237 1157
630 1158
1024 1159
5 1160
681 1161
734 1162
705 1163
926 1164
931 1165
775 1166
879 1167
625 1168
199 1169
712 1170
533 1171
145 1172
957 1173
573 1174
796 1175
41 1176
393 1177
482 1178
271 1179
480 1180
661 1181
89 1182
855 1183
916 1184
1032 1185
673 1186
1181 1187
929 1188
729 1189
96 1190
416 1191
1148 1192
390 1193
562 1194
924 1195
966 1196
393 1197
891 1198
802 1199
603 1200
291 1201
555 1202
622 1203
98 1204
545 1205
604 1206
219 1207
940 1208
38 1209
840 1210
1013 1211
391 1212
1052 1213
827 1214
880 1215
484 1216
712 1217
89 1218
586 1219
1072 1220
649 1221
419 1222
344 1223
220 1224
967 1225
393 1226
1177 1227
534 1228
633 1229
662 1230
291 1231
1180 1232
688 1233
1176 1234
905 1235
229 1236
33 1237
1122 1238
49 1239
672 1240
867 1241
1221 1242
280 1243
885 1244
492 1245
105 1246
1220 1247
243 1248
617 1249
563 1250
1217 1251
1096 1252
715 1253
196 1254
621 1255
92 1256
397 1257
667 1258
1012 1259
35 1260
1206 1261
796 1262
1028 1263
550 1264
993 1265
1119 1266
12 1267
318 1268
653 1269
1254 1270
641 1271
1203 1272
670 1273
1064 1274
700 1275
999 1276
1204 1277
719 1278
525 1279
796 1280
888 1281
873 1282
381 1283
1136 1284
167 1285
406 1286
1216 1287
1194 1288
728 1289
31 1290
350 1291
539 1292
424 1293
836 1294
1078 1295
161 1296
167 1297
289 1298
13 1299
1100 1300
351 1301
167 1302
1275 1303
520 1304
421 1305
533 1306
262 1307
660 1308
185 1309
685 1310
1109 1311
275 1312
231 1313
1059 1314
69 1315
884 1316
537 1317
1283 1318
956 1319
473 1320
57 1321
713 1322
1116 1323
205 1324
424 1325
352 1326
320 1327
432 1328
391 1329
107 1330
337 1331
10 1332
748 1333
151 1334
1181 1335
132 1336
983 1337
1279 1338
1176 1339
310 1340
430 1341
448 1342
448 1343
1001 1344
851 1345
367 1346
816 1347
1158 1348
289 1349
1228 1350
1087 1351
659 1352
611 1353
1170 1354
1225 1355
261 1356
79 1357
158 1358
1311 1359
1196 1360
758 1361
941 1362
255 1363
667 1364
282 1365
1181 1366
503 1367
644 1368
121 1369
910 1370
988 1371
1105 1372
1201 1373
1312 1374
794 1375
865 1376
334 1377
1295 1378
37 1379
1106 1380
199 1381
718 1382
1000 1383
358 1384
647 1385
762 1386
400 1387
345 1388
35 1389
113 1390
951 1391
329 1392
936 1393
478 1394
876 1395
953 1396
1008 1397
1070 1398
1000 1399
848 1400
147 1401
1125 1402
1048 1403
477 1404
889 1405
1231 1406
214 1407
1160 1408
597 1409
398 1410
750 1411
162 1412
700 1413
50 1414
671 1415
854 1416
107 1417
92 1418
1175 1419
1290 1420
6 1421
214 1422
836 1423
399 1424
167 1425
1255 1426
1197 1427
874 1428
1209 1429
878 1430
1248 1431
1183 1432
607 1433
295 1434
1339 1435
240 1436
189 1437
253 1438
244 1439
278 1440
1020 1441
1056 1442
345 1443
1322 1444
740 1445
242 1446
532 1447
603 1448
390 1449
912 1450
1220 1451
484 1452
743 1453
1217 1454
1388 1455
818 1456
223 1457
726 1458
110 1459
474 1460
1196 1461
217 1462
216 1463
1015 1464
944 1465
534 1466
432 1467
814 1468
1 1469
147 1470
410 1471
1143 1472
822 1473
587 1474
220 1475
186 1476
601 1477
696 1478
373 1479
852 1480
94 1481
335 1482
1260 1483
605 1484
150 1485
106 1486
1143 1487
640 1488
1286 1489
1399 1490
1475 1491
49 1492
529 1493
788 1494
1332 1495
149 1496
1114 1497
452 1498
874 1499
931 1500
796 1501
1394 1502
465 1503
891 1504
317 1505
1125 1506
864 1507
1267 1508
1324 1509
826 1510
568 1511
413 1512
34 1513
925 1514
691 1515
1288 1516
59 1517
278 1518
307 1519
1361 1520
133 1521
794 1522
931 1523
469 1524
1197 1525
1016 1526
597 1527
848 1528
276 1529
990 1530
568 1531
458 1532
11 1533
519 1534
180 1535
1292 1536
328 1537
844 1538
555 1539
866 1540
1123 1541
304 1542
1316 1543
1165 1544
915 1545
1237 1546
100 1547
374 1548
1386 1549
589 1550
1274 1551
990 1552
230 1553
55 1554
262 1555
1071 1556
1202 1557
1556 1558
824 1559
67 1560
1213 1561
1192 1562
1233 1563
1112 1564
593 1565
413 1566
496 1567
1403 1568
161 1569
148 1570
776 1571
453 1572
663 1573
1008 1574
1050 1575
1048 1576
991 1577
1347 1578
1553 1579
600 1580
425 1581
2 1582
1547 1583
1406 1584
697 1585
120 1586
435 1587
743 1588
213 1589
756 1590
915 1591
437 1592
420 1593
990 1594
1429 1595
954 1596
185 1597
1573 1598
871 1599
16 1600
401 1601
416 1602
993 1603
147 1604
1122 1605
370 1606
134 1607
419 1608
180 1609
1405 1610
451 1611
637 1612
592 1613
1545 1614
1162 1615
1571 1616
951 1617
490 1618
1331 1619
47 1620
226 1621
1619 1622
442 1623
49 1624
510 1625
1460 1626
1248 1627
280 1628
693 1629
612 1630
373 1631
305 1632
1304 1633
1337 1634
1426 1635
1535 1636
1579 1637
1318 1638
1034 1639
1002 1640
805 1641
1117 1642
949 1643
627 1644
260 1645
836 1646
1250 1647
274 1648
1198 1649
1171 1650
1157 1651
1574 1652
662 1653
625 1654
299 1655
1547 1656
1512 1657
1546 1658
479 1659
1379 1660
331 1661
797 1662
13 1663
894 1664
305 1665
199 1666
1554 1667
476 1668
1654 1669
1577 1670
801 1671
189 1672
151 1673
172 1674
498 1675
573 1676
22 1677
1405 1678
344 1679
1606 1680
758 1681
1341 1682
916 1683
933 1684
1242 1685
1437 1686
1032 1687
1398 1688
253 1689
123 1690
314 1691
258 1692
766 1693
457 1694
703 1695
166 1696
412 1697
789 1698
1239 1699
589 1700
1506 1701
1634 1702
640 1703
54 1704
641 1705
951 1706
1247 1707
867 1708
369 1709
955 1710
1211 1711
1672 1712
1050 1713
786 1714
1292 1715
1395 1716
1223 1717
365 1718
1276 1719
1184 1720
1270 1721
746 1722
1507 1723
1183 1724
106 1725
1557 1726
1292 1727
1332 1728
284 1729
1357 1730
1688 1731
1446 1732
1120 1733
162 1734
913 1735
110 1736
1672 1737
1635 1738
1453 1739
356 1740
1564 1741
167 1742
1340 1743
7 1744
1020 1745
1436 1746
329 1747
273 1748
1347 1749
361 1750
261 1751
751 1752
880 1753
1449 1754
61 1755
517 1756
1731 1757
1416 1758
553 1759
678 1760
1669 1761
1741 1762
884 1763
312 1764
609 1765
553 1766
798 1767
648 1768
292 1769
583 1770
814 1771
1691 1772
1265 1773
99 1774
126 1775
193 1776
595 1777
1055 1778
587 1779
374 1780
810 1781
853 1782
794 1783
1528 1784
58 1785
1369 1786
103 1787
91 1788
846 1789
1457 1790
116 1791
542 1792
316 1793
296 1794
789 1795
186 1796
1144 1797
313 1798
671 1799
1514 1800
1396 1801
1185 1802
444 1803
155 1804
77 1805
1312 1806
1339 1807
1098 1808
252 1809
1146 1810
997 1811
808 1812
1660 1813
1214 1814
1237 1815
1543 1816
1432 1817
817 1818
575 1819
932 1820
1101 1821
1767 1822
1538 1823
659 1824
579 1825
342 1826
824 1827
863 1828
167 1829
836 1830
27 1831
1060 1832
1122 1833
415 1834
1136 1835
239 1836
820 1837
855 1838
1084 1839
1186 1840
412 1841
611 1842
5 1843
320 1844
759 1845
1781 1846
1379 1847
336 1848
1155 1849
874 1850
625 1851
1214 1852
810 1853
115 1854
62 1855
427 1856
1404 1857
970 1858
138 1859
1807 1860
1665 1861
604 1862
1378 1863
214 1864
24 1865
415 1866
1061 1867
433 1868
485 1869
1265 1870
725 1871
182 1872
825 1873
357 1874
482 1875
383 1876
1869 1877
308 1878
1088 1879
506 1880
1610 1881
1517 1882
504 1883
1469 1884
430 1885
1514 1886
1193 1887
1174 1888
1257 1889
581 1890
452 1891
324 1892
555 1893
1248 1894
7 1895
791 1896
1707 1897
234 1898
1746 1899
969 1900
1478 1901
1055 1902
1302 1903
687 1904
1305 1905
550 1906
1673 1907
325 1908
1367 1909
1876 1910
1147 1911
837 1912
1564 1913
800 1914
1428 1915
1152 1916
571 1917
433 1918
884 1919
473 1920
341 1921
713 1922
715 1923
71 1924
1005 1925
1871 1926
638 1927
1173 1928
242 1929
409 1930
1701 1931
541 1932
1138 1933
1 1934
960 1935
1312 1936
433 1937
436 1938
108 1939
923 1940
1507 1941
1215 1942
1473 1943
495 1944
1291 1945
912 1946
659 1947
1645 1948
445 1949
94 1950
1937 1951
342 1952
1579 1953
574 1954
1520 1955
1105 1956
1620 1957
1717 1958
1839 1959
1748 1960
1871 1961
1487 1962
1911 1963
320 1964
1836 1965
485 1966
1088 1967
886 1968
806 1969
1876 1970
1911 1971
946 1972
1120 1973
1575 1974
1547 1975
80 1976
1646 1977
1870 1978
450 1979
1416 1980
519 1981
1469 1982
1272 1983
684 1984
446 1985
911 1986
1365 1987
1127 1988
1772 1989
209 1990
1428 1991
1132 1992
1470 1993
1405 1994
308 1995
1757 1996
1711 1997
650 1998
701 1999
1796 2000
1992 2001
920 2002
1971 2003
73 2004
1911 2005
1985 2006
520 2007
1926 2008
1774 2009
480 2010
1882 2011
456 2012
1986 2013
655 2014
788 2015
1732 2016
1278 2017
1824 2018
1146 2019
663 2020
358 2021
1293 2022
1087 2023
265 2024
662 2025
321 2026
353 2027
396 2028
1125 2029
138 2030
1465 2031
1870 2032
980 2033
1218 2034
739 2035
1979 2036
1552 2037
1461 2038
309 2039
966 2040
1991 2041
974 2042
932 2043
811 2044
939 2045
1220 2046
1353 2047
1959 2048
1930 2049
1474 2050
1928 2051
1958 2052
670 2053
372 2054
118 2055
184 2056
1210 2057
1115 2058
1429 2059
1806 2060
1542 2061
2044 2062
1756 2063
811 2064
1419 2065
1296 2066
842 2067
1640 2068
1542 2069
852 2070
986 2071
1717 2072
1731 2073
28 2074
1400 2075
1937 2076
323 2077
1917 2078
1550 2079
1320 2080
228 2081
1841 2082
42 2083
567 2084
325 2085
1774 2086
1297 2087
1181 2088
1461 2089
1842 2090
1364 2091
1988 2092
74 2093
1712 2094
1703 2095
1922 2096
111 2097
1137 2098
1272 2099
620 2100
784 2101
1514 2102
1837 2103
156 2104
693 2105
918 2106
1536 2107
71 2108
1792 2109
1720 2110
1324 2111
540 2112
1926 2113
788 2114
179 2115
469 2116
611 2117
1942 2118
2082 2119
1321 2120
1614 2121
1315 2122
1193 2123
1595 2124
1920 2125
1771 2126
69 2127
181 2128
620 2129
1658 2130
1948 2131
949 2132
897 2133
935 2134
1798 2135
2092 2136
1929 2137
1879 2138
62 2139
1792 2140
363 2141
2129 2142
1004 2143
1419 2144
777 2145
1207 2146
1676 2147
1038 2148
1399 2149
1384 2150
721 2151
39 2152
569 2153
667 2154
414 2155
1275 2156
2062 2157
1962 2158
124 2159
1411 2160
569 2161
254 2162
2113 2163
1895 2164
1580 2165
1817 2166
1680 2167
1649 2168
166 2169
958 2170
1716 2171
1059 2172
429 2173
1310 2174
226 2175
1040 2176
894 2177
1127 2178
1123 2179
832 2180
1029 2181
1925 2182
242 2183
1366 2184
2105 2185
732 2186
1010 2187
1363 2188
1515 2189
1396 2190
79 2191
113 2192
668 2193
1320 2194
67 2195
1434 2196
73 2197
1130 2198
1502 2199
209 2200
212 2201
1328 2202
593 2203
1668 2204
287 2205
514 2206
1633 2207
2088 2208
432 2209
1518 2210
1535 2211
499 2212
2100 2213
315 2214
1515 2215
500 2216
844 2217
1965 2218
1097 2219
1056 2220
1623 2221
1988 2222
1913 2223
991 2224
602 2225
2020 2226
485 2227
903 2228
2207 2229
281 2230
1864 2231
980 2232
776 2233
574 2234
564 2235
946 2236
764 2237
118 2238
1666 2239
1790 2240
23 2241
2011 2242
1240 2243
2243 2244
1524 2245
1066 2246
1116 2247
1422 2248
965 2249
1070 2250
1980 2251
1689 2252
1410 2253
781 2254
1439 2255
844 2256
24 2257
399 2258
201 2259
1948 2260
872 2261
485 2262
490 2263
2032 2264
1160 2265
1039 2266
326 2267
2017 2268
127 2269
1059 2270
2068 2271
2128 2272
1001 2273
1970 2274
2237 2275
1288 2276
1964 2277
1948 2278
864 2279
1376 2280
2102 2281
886 2282
1968 2283
785 2284
2048 2285
42 2286
772 2287
1633 2288
968 2289
1667 2290
603 2291
549 2292
977 2293
1977 2294
1482 2295
1434 2296
599 2297
1514 2298
1838 2299
317 2300
641 2301
893 2302
1765 2303
728 2304
548 2305
1129 2306
1508 2307
1272 2308
108 2309
2185 2310
1750 2311
1409 2312
226 2313
566 2314
1263 2315
606 2316
1146 2317
2048 2318
1268 2319
305 2320
1928 2321
1568 2322
444 2323
930 2324
1487 2325
1074 2326
670 2327
2280 2328
2046 2329
79 2330
238 2331
1899 2332
2228 2333
2287 2334
1804 2335
1524 2336
361 2337
1961 2338
1239 2339
1361 2340
1858 2341
1947 2342
348 2343
488 2344
2099 2345
71 2346
1955 2347
56 2348
64 2349
509 2350
1270 2351
2168 2352
257 2353
464 2354
1060 2355
1800 2356
1985 2357
999 2358
1341 2359
713 2360
1654 2361
1859 2362
2279 2363
2094 2364
1621 2365
521 2366
106 2367
1054 2368
2 2369
1403 2370
1503 2371
2134 2372
467 2373
129 2374
1301 2375
1282 2376
358 2377
1632 2378
1349 2379
2265 2380
2011 2381
1942 2382
632 2383
1250 2384
478 2385
1189 2386
471 2387
106 2388
914 2389
1565 2390
2264 2391
1448 2392
995 2393
496 2394
2004 2395
2351 2396
2118 2397
2173 2398
830 2399
363 2400
473 2401
1329 2402
2284 2403
138 2404
1385 2405
706 2406
30 2407
2142 2408
331 2409
602 2410
1262 2411
1949 2412
989 2413
1696 2414
1584 2415
1998 2416
1451 2417
1362 2418
304 2419
134 2420
955 2421
312 2422
280 2423
958 2424
280 2425
1277 2426
173 2427
1456 2428
391 2429
1621 2430
160 2431
358 2432
1789 2433
2194 2434
602 2435
1238 2436
127 2437
944 2438
6 2439
965 2440
1510 2441
768 2442
862 2443
2399 2444
1030 2445
777 2446
742 2447
2230 2448
1137 2449
1209 2450
27 2451
1137 2452
1971 2453
341 2454
634 2455
60 2456
1894 2457
691 2458
217 2459
1417 2460
248 2461
2198 2462
265 2463
1406 2464
778 2465
86 2466
1402 2467
1682 2468
1906 2469
2371 2470
1994 2471
1532 2472
1946 2473
1778 2474
1464 2475
1273 2476
1641 2477
791 2478
302 2479
299 2480
943 2481
1807 2482
1462 2483
1460 2484
1387 2485
1363 2486
1669 2487
156 2488
1514 2489
2322 2490
957 2491
469 2492
1794 2493
2483 2494
1864 2495
453 2496
497 2497
2038 2498
1663 2499
1745 2500
1049 2501
687 2502
1539 2503
820 2504
1788 2505
573 2506
351 2507
943 2508
169 2509
444 2510
1937 2511
1268 2512
266 2513
1048 2514
1892 2515
1856 2516
163 2517
1073 2518
2482 2519
1590 2520
334 2521
443 2522
1095 2523
2238 2524
953 2525
1015 2526
1485 2527
205 2528
2147 2529
1092 2530
1872 2531
535 2532
1597 2533
950 2534
1610 2535
103 2536
188 2537
211 2538
895 2539
1967 2540
1131 2541
2178 2542
1426 2543
2006 2544
307 2545
2315 2546
649 2547
1201 2548
219 2549
2019 2550
2186 2551
236 2552
973 2553
789 2554
1531 2555
65 2556
1254 2557
863 2558
1314 2559
1427 2560
2542 2561
2264 2562
1594 2563
111 2564
677 2565
103 2566
2315 2567
659 2568
1406 2569
2460 2570
1405 2571
2471 2572
2120 2573
1431 2574
1776 2575
377 2576
2010 2577
1932 2578
2284 2579
1159 2580
1937 2581
896 2582
1086 2583
671 2584
894 2585
1368 2586
2050 2587
727 2588
1808 2589
2485 2590
79 2591
1369 2592
2564 2593
259 2594
1119 2595
2330 2596
198 2597
2254 2598
150 2599
2291 2600
2069 2601
460 2602
1433 2603
477 2604
657 2605
1673 2606
2129 2607
1303 2608
644 2609
1637 2610
1209 2611
1779 2612
1448 2613
784 2614
1109 2615
2238 2616
2268 2617
2579 2618
1335 2619
1522 2620
1271 2621
1900 2622
1216 2623
180 2624
1740 2625
1540 2626
2347 2627
2327 2628
238 2629
1167 2630
1974 2631
2135 2632
1199 2633
2278 2634
1782 2635
959 2636
2622 2637
297 2638
967 2639
2232 2640
505 2641
1306 2642
2642 2643
386 2644
1805 2645
1479 2646
2610 2647
1962 2648
19 2649
2015 2650
1714 2651
1803 2652
805 2653
1156 2654
708 2655
1170 2656
262 2657
443 2658
805 2659
1065 2660
1181 2661
755 2662
1277 2663
2120 2664
1164 2665
2062 2666
1740 2667
1749 2668
2467 2669
2585 2670
2249 2671
2373 2672
1608 2673
871 2674
1520 2675
424 2676
775 2677
316 2678
912 2679
360 2680
286 2681
1984 2682
691 2683
245 2684
1231 2685
1465 2686
245 2687
1004 2688
25 2689
1452 2690
2491 2691
2662 2692
2591 2693
206 2694
1060 2695
813 2696
1906 2697
1894 2698
1506 2699
558 2700
2182 2701
460 2702
1666 2703
1086 2704
1883 2705
1273 2706
1801 2707
2104 2708
844 2709
1502 2710
144 2711
2456 2712
518 2713
1611 2714
2465 2715
1853 2716
2406 2717
2472 2718
1870 2719
1390 2720
257 2721
382 2722
1063 2723
787 2724
2532 2725
2682 2726
179 2727
2589 2728
498 2729
2692 2730
52 2731
212 2732
1845 2733
87 2734
1368 2735
530 2736
135 2737
2220 2738
1060 2739
2535 2740
2455 2741
286 2742
1485 2743
903 2744
1734 2745
423 2746
2702 2747
2 2748
531 2749
40 2750
2147 2751
508 2752
294 2753
1890 2754
1924 2755
1349 2756
2588 2757
1229 2758
1907 2759
877 2760
1119 2761
1474 2762
40 2763
710 2764
2399 2765
606 2766
2365 2767
569 2768
2570 2769
1605 2770
2133 2771
1341 2772
1121 2773
2098 2774
2415 2775
1392 2776
629 2777
2009 2778
2025 2779
362 2780
2587 2781
1514 2782
1104 2783
1034 2784
1344 2785
1054 2786
2534 2787
2097 2788
707 2789
1885 2790
2535 2791
2013 2792
1378 2793
863 2794
1134 2795
2448 2796
663 2797
2689 2798
1339 2799
2563 2800
2276 2801
821 2802
1160 2803
1446 2804
1865 2805
1369 2806
1326 2807
2529 2808
867 2809
1800 2810
2034 2811
2578 2812
139 2813
1427 2814
619 2815
1378 2816
2167 2817
577 2818
305 2819
2433 2820
684 2821
203 2822
787 2823
1872 2824
1970 2825
827 2826
1070 2827
1191 2828
1391 2829
1307 2830
791 2831
2519 2832
542 2833
1531 2834
341 2835
478 2836
274 2837
2558 2838
973 2839
116 2840
463 2841
1499 2842
1766 2843
2656 2844
1817 2845
1414 2846
1579 2847
38 2848
2290 2849
2291 2850
2764 2851
2020 2852
1055 2853
2296 2854
578 2855
101 2856
2135 2857
2524 2858
705 2859
1844 2860
2586 2861
1985 2862
2109 2863
460 2864
1467 2865
2791 2866
1649 2867
1930 2868
2867 2869
1778 2870
163 2871
2292 2872
1794 2873
1676 2874
2636 2875
2448 2876
666 2877
1947 2878
1035 2879
2529 2880
812 2881
181 2882
968 2883
45 2884
1480 2885
330 2886
2872 2887
9 2888
562 2889
2557 2890
1456 2891
2304 2892
2208 2893
2363 2894
1515 2895
1527 2896
2229 2897
740 2898
1727 2899
1814 2900
1979 2901
2355 2902
1001 2903
1213 2904
2303 2905
2510 2906
1538 2907
1705 2908
1656 2909
2671 2910
2803 2911
1308 2912
1101 2913
1448 2914
354 2915
2086 2916
1185 2917
1127 2918
1962 2919
1918 2920
674 2921
1552 2922
88 2923
2208 2924
230 2925
2507 2926
936 2927
737 2928
2740 2929
1270 2930
885 2931
2919 2932
321 2933
1891 2934
535 2935
2332 2936
2020 2937
2376 2938
2482 2939
848 2940
1480 2941
2115 2942
1920 2943
1756 2944
429 2945
2856 2946
1074 2947
321 2948
942 2949
2726 2950
1322 2951
873 2952
2267 2953
1091 2954
576 2955
2453 2956
905 2957
1927 2958
2118 2959
1337 2960
2569 2961
555 2962
2891 2963
668 2964
1238 2965
2794 2966
578 2967
725 2968
2663 2969
1637 2970
169 2971
2279 2972
1385 2973
2674 2974
1076 2975
2262 2976
907 2977
1193 2978
1189 2979
1812 2980
1003 2981
245 2982
935 2983
1748 2984
1205 2985
1052 2986
626 2987
2987 2988
1556 2989
1927 2990
655 2991
1275 2992
2927 2993
2793 2994
2590 2995
1044 2996
2698 2997
2709 2998
1253 2999
1804 3000
103 3001
2287 3002
105 3003
333 3004
909 3005
444 3006
1503 3007
2191 3008
2159 3009
1581 3010
1607 3011
948 3012
1832 3013
8 3014
751 3015
355 3016
1767 3017
27 3018
1288 3019
19 3020
1108 3021
417 3022
995 3023
1473 3024
252 3025
2573 3026
1563 3027
2224 3028
2340 3029
573 3030
1500 3031
42 3032
2942 3033
2144 3034
1651 3035
568 3036
2174 3037
1271 3038
2964 3039
422 3040
1094 3041
66 3042
2311 3043
362 3044
2998 3045
2306 3046
2743 3047
481 3048
2242 3049
2698 3050
1935 3051
2240 3052
1966 3053
681 3054
518 3055
2618 3056
2831 3057
250 3058
2458 3059
2788 3060
775 3061
752 3062
1985 3063
1370 3064
2427 3065
1808 3066
2168 3067
1492 3068
1830 3069
550 3070
2279 3071
472 3072
2462 3073
2848 3074
2878 3075
868 3076
2046 3077
1561 3078
1044 3079
2737 3080
663 3081
1808 3082
2649 3083
2663 3084
1994 3085
2281 3086
949 3087
597 3088
1898 3089
869 3090
333 3091
2665 3092
2773 3093
1341 3094
483 3095
1145 3096
642 3097
2119 3098
1 3099
1383 3100
1219 3101
3051 3102
2508 3103
655 3104
1997 3105
418 3106
1250 3107
2203 3108
518 3109
365 3110
1237 3111
2927 3112
1741 3113
1976 3114
1638 3115
2278 3116
3016 3117
2082 3118
801 3119
2398 3120
2125 3121
372 3122
512 3123
1201 3124
2899 3125
204 3126
2710 3127
1865 3128
2793 3129
482 3130
305 3131
1077 3132
1577 3133
206 3134
1937 3135
3053 3136
2648 3137
1020 3138
1088 3139
1351 3140
3013 3141
1797 3142
377 3143
1888 3144
2796 3145
2102 3146
2897 3147
2367 3148
435 3149
2961 3150
140 3151
924 3152
977 3153
2943 3154
2320 3155
1239 3156
1237 3157
997 3158
1458 3159
2404 3160
1612 3161
1241 3162
3004 3163
2034 3164
369 3165
2902 3166
1205 3167
1850 3168
2955 3169
1705 3170
2979 3171
2610 3172
1351 3173
1036 3174
1003 3175
2145 3176
1889 3177
232 3178
1486 3179
2798 3180
817 3181
423 3182
624 3183
1168 3184
941 3185
613 3186
543 3187
1707 3188
595 3189
28 3190
2852 3191
760 3192
354 3193
264 3194
1649 3195
683 3196
242 3197
918 3198
1477 3199
2682 3200
1730 3201
1829 3202
1393 3203
441 3204
696 3205
560 3206
2544 3207
226 3208
2592 3209
3164 3210
199 3211
2747 3212
2929 3213
2335 3214
2914 3215
3176 3216
2197 3217
293 3218
2331 3219
2540 3220
1103 3221
1029 3222
931 3223
200 3224
796 3225
1189 3226
482 3227
1208 3228
2567 3229
18 3230
1144 3231
948 3232
2014 3233
1930 3234
161 3235
133 3236
3097 3237
1590 3238
3184 3239
1028 3240
1463 3241
241 3242
2014 3243
2870 3244
442 3245
105 3246
431 3247
175 3248
1481 3249
2522 3250
807 3251
948 3252
1279 3253
115 3254
1775 3255
20 3256
687 3257
634 3258
2190 3259
1149 3260
3039 3261
3032 3262
656 3263
403 3264
1346 3265
1436 3266
1046 3267
2109 3268
422 3269
3234 3270
108 3271
2559 3272
851 3273
417 3274
178 3275
148 3276
1524 3277
1097 3278
3086 3279
1319 3280
2971 3281
767 3282
259 3283
2473 3284
2873 3285
1757 3286
2489 3287
2368 3288
377 3289
1323 3290
2795 3291
1511 3292
2235 3293
3269 3294
2027 3295
1350 3296
1525 3297
2421 3298
2383 3299
1491 3300
224 3301
1152 3302
382 3303
3276 3304
2325 3305
1865 3306
2393 3307
3089 3308
58 3309
957 3310
2070 3311
1254 3312
2619 3313
2975 3314
1069 3315
867 3316
160 3317
1522 3318
3250 3319
1471 3320
1254 3321
2170 3322
760 3323
963 3324
2770 3325
823 3326
1913 3327
2262 3328
710 3329
3052 3330
2497 3331
1874 3332
287 3333
950 3334
314 3335
3081 3336
3110 3337
30 3338
908 3339
1147 3340
1736 3341
1840 3342
1401 3343
1704 3344
3306 3345
1110 3346
1073 3347
1727 3348
3150 3349
1974 3350
2584 3351
2330 3352
184 3353
311 3354
3150 3355
2379 3356
1958 3357
3241 3358
2005 3359
16 3360
2679 3361
2375 3362
315 3363
2132 3364
729 3365
2065 3366
3058 3367
3360 3368
203 3369
2018 3370
1777 3371
2180 3372
3035 3373
3367 3374
3027 3375
1317 3376
760 3377
2589 3378
884 3379
2095 3380
3313 3381
2055 3382
2911 3383
3187 3384
14 3385
598 3386
3054 3387
2156 3388
2495 3389
2799 3390
2599 3391
1681 3392
1402 3393
146 3394
1438 3395
775 3396
1669 3397
485 3398
721 3399
145 3400
2445 3401
875 3402
1204 3403
1493 3404
1243 3405
1082 3406
3248 3407
1307 3408
214 3409
2999 3410
1642 3411
3203 3412
930 3413
594 3414
2550 3415
152 3416
357 3417
160 3418
2330 3419
2119 3420
112 3421
1922 3422
3333 3423
2235 3424
1690 3425
1400 3426
3109 3427
2828 3428
1390 3429
2065 3430
2501 3431
2028 3432
2669 3433
1484 3434
2839 3435
2515 3436
1990 3437
887 3438
1645 3439
795 3440
600 3441
1821 3442
1734 3443
3348 3444
2483 3445
1154 3446
1603 3447
1020 3448
1518 3449
2981 3450
1451 3451
3024 3452
2387 3453
2813 3454
473 3455
510 3456
149 3457
1856 3458
2943 3459
369 3460
1584 3461
771 3462
1095 3463
2420 3464
804 3465
1990 3466
1107 3467
1184 3468
2681 3469
2989 3470
187 3471
1438 3472
1794 3473
3330 3474
2170 3475
2185 3476
2990 3477
3050 3478
2795 3479
1958 3480
2410 3481
1669 3482
3431 3483
2261 3484
1774 3485
2802 3486
1300 3487
2516 3488
1053 3489
1060 3490
1903 3491
1803 3492
2335 3493
596 3494
2311 3495
2126 3496
2618 3497
1202 3498
1400 3499
2216 3500
476 3501
1567 3502
2372 3503
1433 3504
2877 3505
1088 3506
1364 3507
661 3508
2172 3509
1476 3510
1907 3511
1411 3512
2921 3513
401 3514
2198 3515
1741 3516
3039 3517
3162 3518
57 3519
3461 3520
520 3521
674 3522
789 3523
2626 3524
3274 3525
1246 3526
2326 3527
3338 3528
3212 3529
36 3530
1448 3531
863 3532
2640 3533
2106 3534
757 3535
2438 3536
1081 3537
2937 3538
1604 3539
105 3540
2254 3541
1712 3542
2270 3543
1784 3544
2603 3545
2375 3546
3079 3547
2658 3548
2771 3549
2000 3550
2845 3551
1502 3552
1137 3553
3536 3554
1113 3555
18 3556
911 3557
2853 3558
1423 3559
1276 3560
2295 3561
3499 3562
1106 3563
1873 3564
3118 3565
124 3566
836 3567
2453 3568
2350 3569
227 3570
2654 3571
845 3572
2840 3573
634 3574
554 3575
263 3576
1454 3577
1734 3578
724 3579
751 3580
2886 3581
3519 3582
1180 3583
971 3584
225 3585
2323 3586
2567 3587
943 3588
3576 3589
3216 3590
698 3591
2731 3592
157 3593
3482 3594
2353 3595
3068 3596
2046 3597
2118 3598
936 3599
3313 3600
3550 3601
2170 3602
2849 3603
3549 3604
3583 3605
2660 3606
662 3607
3503 3608
1439 3609
2739 3610
244 3611
1152 3612
2528 3613
551 3614
2512 3615
2864 3616
3068 3617
2160 3618
3476 3619
3510 3620
3377 3621
1639 3622
2296 3623
3423 3624
3312 3625
1382 3626
27 3627
2830 3628
1831 3629
2897 3630
1865 3631
3420 3632
2763 3633
2925 3634
24 3635
2140 3636
3242 3637
1088 3638
2278 3639
3443 3640
772 3641
525 3642
1721 3643
2459 3644
603 3645
3346 3646
1902 3647
1775 3648
1760 3649
1643 3650
1429 3651
1100 3652
2631 3653
2818 3654
3028 3655
581 3656
2427 3657
1991 3658
966 3659
3556 3660
127 3661
866 3662
2398 3663
2048 3664
3405 3665
3636 3666
2434 3667
2489 3668
1164 3669
2687 3670
1172 3671
2896 3672
915 3673
2284 3674
3302 3675
2619 3676
1525 3677
396 3678
583 3679
253 3680
3356 3681
2015 3682
2611 3683
3055 3684
1257 3685
190 3686
3394 3687
107 3688
127 3689
769 3690
2258 3691
1116 3692
3349 3693
96 3694
476 3695
3631 3696
2695 3697
1638 3698
182 3699
988 3700
3490 3701
2078 3702
429 3703
173 3704
3091 3705
3079 3706
432 3707
1558 3708
2739 3709
398 3710
1066 3711
2638 3712
2588 3713
3285 3714
1534 3715
2755 3716
3258 3717
298 3718
2505 3719
1315 3720
3640 3721
3175 3722
515 3723
1388 3724
1515 3725
1948 3726
408 3727
1941 3728
3662 3729
133 3730
1372 3731
2113 3732
497 3733
998 3734
285 3735
2311 3736
3091 3737
2693 3738
1029 3739
3409 3740
2741 3741
3107 3742
148 3743
750 3744
812 3745
2268 3746
1724 3747
2552 3748
3427 3749
1418 3750
596 3751
732 3752
2695 3753
1512 3754
1270 3755
1174 3756
3104 3757
1690 3758
556 3759
794 3760
1007 3761
3590 3762
3549 3763
997 3764
1567 3765
1096 3766
2654 3767
972 3768
2225 3769
710 3770
1641 3771
3595 3772
3657 3773
2993 3774
2909 3775
2639 3776
185 3777
2407 3778
2715 3779
427 3780
2744 3781
2698 3782
3657 3783
2894 3784
1361 3785
2865 3786
3765 3787
1315 3788
3409 3789
673 3790
2940 3791
2480 3792
405 3793
1834 3794
2063 3795
2467 3796
2240 3797
1534 3798
3561 3799
3366 3800
2513 3801
3594 3802
595 3803
767 3804
2868 3805
2426 3806
3098 3807
3401 3808
1400 3809
2282 3810
1601 3811
2640 3812
2442 3813
3268 3814
2791 3815
3043 3816
2059 3817
1780 3818
930 3819
1131 3820
1244 3821
3640 3822
1267 3823
2510 3824
2205 3825
1105 3826
750 3827
2078 3828
3788 3829
300 3830
848 3831
2559 3832
3216 3833
743 3834
570 3835
1178 3836
1872 3837
2910 3838
3231 3839
2753 3840
173 3841
2324 3842
3693 3843
1921 3844
741 3845
532 3846
1670 3847
1042 3848
674 3849
1557 3850
667 3851
673 3852
1073 3853
118 3854
1164 3855
2946 3856
1449 3857
848 3858
3580 3859
57 3860
2427 3861
481 3862
999 3863
1919 3864
1858 3865
3745 3866
2878 3867
312 3868
2794 3869
1808 3870
684 3871
2735 3872
3869 3873
3589 3874
3087 3875
1931 3876
2999 3877
1247 3878
2490 3879
1122 3880
1559 3881
1839 3882
3871 3883
1237 3884
3775 3885
1180 3886
2999 3887
1406 3888
410 3889
2223 3890
293 3891
1979 3892
321 3893
3359 3894
3096 3895
3074 3896
1225 3897
3750 3898
3820 3899
588 3900
2316 3901
2815 3902
3808 3903
2805 3904
1597 3905
3014 3906
499 3907
95 3908
2323 3909
2495 3910
275 3911
667 3912
251 3913
3376 3914
1654 3915
1605 3916
1097 3917
810 3918
3774 3919
3694 3920
836 3921
3917 3922
2564 3923
2302 3924
2321 3925
3053 3926
974 3927
1954 3928
2563 3929
1768 3930
1521 3931
1821 3932
1579 3933
3484 3934
1049 3935
801 3936
3642 3937
3640 3938
642 3939
780 3940
526 3941
206 3942
489 3943
2325 3944
385 3945
2004 3946
1560 3947
2087 3948
1888 3949
114 3950
2095 3951
3241 3952
2192 3953
525 3954
424 3955
149 3956
2245 3957
1766 3958
1672 3959
2112 3960
413 3961
876 3962
1025 3963
2718 3964
2539 3965
3434 3966
213 3967
3610 3968
2668 3969
2523 3970
904 3971
2069 3972
2575 3973
2959 3974
2209 3975
37 3976
2935 3977
2425 3978
1329 3979
84 3980
1887 3981
536 3982
1815 3983
2576 3984
3454 3985
1595 3986
3465 3987
2502 3988
2539 3989
1878 3990
3325 3991
1103 3992
3895 3993
717 3994
1198 3995
3491 3996
1625 3997
3271 3998
1724 3999
3292 4000
1952 4001
1143 4002
623 4003
3102 4004
2765 4005
74 4006
3195 4007
2052 4008
1261 4009
708 4010
10 4011
504 4012
2585 4013
3547 4014
3013 4015
3753 4016
180 4017
3456 4018
1265 4019
2966 4020
243 4021
908 4022
448 4023
2249 4024
3724 4025
2584 4026
3005 4027
2208 4028
3923 4029
3438 4030
1789 4031
2 4032
3625 4033
2905 4034
76 4035
2560 4036
247 4037
2256 4038
342 4039
1848 4040
857 4041
3449 4042
522 4043
3586 4044
897 4045
2205 4046
3889 4047
3207 4048
3075 4049
921 4050
2251 4051
2269 4052
2745 4053
497 4054
1140 4055
2595 4056
2638 4057
2218 4058
3404 4059
2020 4060
4002 4061
3635 4062
2614 4063
982 4064
3084 4065
801 4066
2953 4067
996 4068
3264 4069
196 4070
2573 4071
1245 4072
410 4073
2905 4074
3740 4075
3279 4076
3110 4077
2968 4078
926 4079
2872 4080
394 4081
898 4082
1500 4083
3359 4084
2046 4085
1565 4086
3080 4087
2039 4088
1235 4089
2797 4090
566 4091
1697 4092
1406 4093
2214 4094
1459 4095
1491 4096
3694 4097
1662 4098
1536 4099
716 4100
1803 4101
2711 4102
167 4103
2967 4104
2863 4105
465 4106
3435 4107
108 4108
4081 4109
2764 4110
3729 4111
3358 4112
1013 4113
2388 4114
2323 4115
3985 4116
1757 4117
3862 4118
1980 4119
1506 4120
1271 4121
2756 4122
2477 4123
57 4124
1010 4125
52 4126
1842 4127
2867 4128
3637 4129
3237 4130
1657 4131
4003 4132
3014 4133
3449 4134
1418 4135
3312 4136
3935 4137
2819 4138
3845 4139
2093 4140
1357 4141
2237 4142
1908 4143
3889 4144
107 4145
100 4146
2635 4147
875 4148
1994 4149
669 4150
2356 4151
32 4152
3406 4153
1080 4154
72 4155
3919 4156
3397 4157
3898 4158
4030 4159
3091 4160
236 4161
2430 4162
1923 4163
2532 4164
2067 4165
2804 4166
1081 4167
2230 4168
1582 4169
852 4170
493 4171
2195 4172
3710 4173
1008 4174
2657 4175
357 4176
403 4177
3308 4178
3793 4179
285 4180
2157 4181
2787 4182
1140 4183
2881 4184
928 4185
2175 4186
707 4187
1582 4188
566 4189
57 4190
74 4191
2383 4192
610 4193
1603 4194
3982 4195
2410 4196
1786 4197
3461 4198
3761 4199
2573 4200
34 4201
1722 4202
622 4203
580 4204
1952 4205
3652 4206
3607 4207
1824 4208
1889 4209
3064 4210
3726 4211
350 4212
2410 4213
470 4214
3658 4215
2399 4216
625 4217
2226 4218
342 4219
3612 4220
2421 4221
505 4222
2259 4223
856 4224
1553 4225
1612 4226
3956 4227
3352 4228
4049 4229
3088 4230
2362 4231
3584 4232
2505 4233
2553 4234
1664 4235
421 4236
4166 4237
1043 4238
3460 4239
3960 4240
3057 4241
2330 4242
1088 4243
2658 4244
1898 4245
3310 4246
2733 4247
1945 4248
3997 4249
4063 4250
2673 4251
2812 4252
717 4253
349 4254
1514 4255
4003 4256
1122 4257
2165 4258
1507 4259
2912 4260
3119 4261
3948 4262
2462 4263
1680 4264
4166 4265
2156 4266
172 4267
3381 4268
1269 4269
3440 4270
1509 4271
3859 4272
1132 4273
1916 4274
2074 4275
4073 4276
4066 4277
1636 4278
4224 4279
2627 4280
3857 4281
1052 4282
1862 4283
3237 4284
3150 4285
514 4286
3181 4287
1128 4288
2806 4289
3974 4290
3779 4291
3100 4292
2397 4293
327 4294
3624 4295
583 4296
3130 4297
1702 4298
4272 4299
3419 4300
1451 4301
1098 4302
179 4303
3354 4304
749 4305
1541 4306
890 4307
17 4308
2556 4309
2278 4310
1291 4311
873 4312
2950 4313
2563 4314
4158 4315
4265 4316
3873 4317
801 4318
847 4319
1989 4320
2982 4321
2434 4322
2615 4323
1343 4324
1617 4325
2729 4326
1148 4327
739 4328
44 4329
2307 4330
2716 4331
255 4332
3531 4333
2243 4334
3270 4335
988 4336
933 4337
3963 4338
3659 4339
1804 4340
3148 4341
3356 4342
1860 4343
3848 4344
740 4345
3653 4346
1493 4347
3503 4348
855 4349
4056 4350
1124 4351
991 4352
565 4353
3769 4354
1001 4355
3310 4356
3187 4357
143 4358
3221 4359
2149 4360
1608 4361
22 4362
613 4363
1521 4364
4353 4365
4127 4366
1607 4367
1890 4368
4047 4369
4188 4370
559 4371
3123 4372
1594 4373
2421 4374
1098 4375
753 4376
3052 4377
3135 4378
1960 4379
2939 4380
3262 4381
250 4382
1305 4383
2304 4384
2550 4385
2990 4386
1781 4387
13 4388
200 4389
556 4390
1487 4391
714 4392
3765 4393
2271 4394
3867 4395
2718 4396
4237 4397
4163 4398
4321 4399
1661 4400
43 4401
4323 4402
1671 4403
3886 4404
834 4405
1271 4406
2862 4407
2331 4408
3116 4409
4090 4410
4144 4411
710 4412
474 4413
3559 4414
3737 4415
1861 4416
2615 4417
4349 4418
1371 4419
1629 4420
2620 4421
433 4422
4167 4423
992 4424
2916 4425
1143 4426
3705 4427
1522 4428
2666 4429
2031 4430
2335 4431
3833 4432
1813 4433
1319 4434
3673 4435
1266 4436
2168 4437
1055 4438
3843 4439
48 4440
864 4441
4210 4442
951 4443
3556 4444
3447 4445
237 4446
3773 4447
3305 4448
2941 4449
2259 4450
1166 4451
3256 4452
1402 4453
2324 4454
4442 4455
121 4456
1329 4457
4366 4458
1552 4459
645 4460
712 4461
2004 4462
2197 4463
668 4464
1129 4465
3915 4466
2921 4467
1784 4468
1666 4469
3743 4470
2018 4471
358 4472
2782 4473
271 4474
2220 4475
3550 4476
2996 4477
3643 4478
3986 4479
1045 4480
540 4481
2454 4482
3271 4483
1205 4484
3278 4485
1625 4486
3454 4487
372 4488
3871 4489
3795 4490
3625 4491
2403 4492
1202 4493
4106 4494
640 4495
2405 4496
2058 4497
2685 4498
3650 4499
1732 4500
4499 4501
1598 4502
4271 4503
3381 4504
2064 4505
2593 4506
1547 4507
957 4508
2367 4509
2320 4510
575 4511
149 4512
3905 4513
724 4514
2219 4515
3486 4516
1421 4517
4139 4518
527 4519
2984 4520
1565 4521
622 4522
3139 4523
3017 4524
1674 4525
3195 4526
3020 4527
3653 4528
455 4529
3402 4530
1437 4531
2458 4532
1108 4533
1877 4534
1234 4535
1571 4536
407 4537
3071 4538
4528 4539
3629 4540
636 4541
3650 4542
82 4543
1514 4544
3804 4545
1343 4546
2995 4547
2321 4548
1525 4549
1650 4550
2539 4551
2086 4552
3678 4553
571 4554
3913 4555
4277 4556
3660 4557
2624 4558
1497 4559
4465 4560
3402 4561
4046 4562
1497 4563
772 4564
3600 4565
1766 4566
1303 4567
2882 4568
3183 4569
2885 4570
1835 4571
318 4572
563 4573
1558 4574
3857 4575
411 4576
294 4577
2489 4578
2520 4579
882 4580
327 4581
1888 4582
2486 4583
1664 4584
2730 4585
731 4586
3491 4587
3996 4588
1749 4589
390 4590
4584 4591
2282 4592
2235 4593
4195 4594
3959 4595
2589 4596
3315 4597
3487 4598
1966 4599
1990 4600
3457 4601
1751 4602
3064 4603
2486 4604
1863 4605
3852 4606
4346 4607
4289 4608
3891 4609
4509 4610
642 4611
1563 4612
1402 4613
3555 4614
1423 4615
1585 4616
2324 4617
2774 4618
4408 4619
4332 4620
4609 4621
4317 4622
4101 4623
2001 4624
4233 4625
3803 4626
2857 4627
415 4628
300 4629
3293 4630
893 4631
836 4632
809 4633
3347 4634
2400 4635
3257 4636
3629 4637
2186 4638
4483 4639
1799 4640
2039 4641
2991 4642
4604 4643
2077 4644
3098 4645
2484 4646
1189 4647
3553 4648
2540 4649
1109 4650
4380 4651
2240 4652
793 4653
93 4654
2978 4655
4632 4656
1433 4657
4459 4658
3327 4659
4448 4660
484 4661
954 4662
2019 4663
2512 4664
531 4665
3539 4666
636 4667
3099 4668
2564 4669
2053 4670
2011 4671
476 4672
2775 4673
1757 4674
3893 4675
4025 4676
3318 4677
4590 4678
941 4679
987 4680
3010 4681
1181 4682
1210 4683
1048 4684
1554 4685
1001 4686
1330 4687
2340 4688
328 4689
2171 4690
1747 4691
4655 4692
2108 4693
4168 4694
4166 4695
3637 4696
1419 4697
2435 4698
1805 4699
1525 4700
4110 4701
1038 4702
3893 4703
1543 4704
4361 4705
3091 4706
3374 4707
4361 4708
1535 4709
4293 4710
3727 4711
3135 4712
3947 4713
2398 4714
821 4715
4295 4716
1518 4717
909 4718
732 4719
3167 4720
748 4721
68 4722
1529 4723
218 4724
1793 4725
3078 4726
2933 4727
2020 4728
246 4729
2146 4730
4338 4731
3950 4732
2100 4733
126 4734
3027 4735
4603 4736
3470 4737
227 4738
4430 4739
4354 4740
4408 4741
160 4742
1982 4743
226 4744
1326 4745
3859 4746
1314 4747
1578 4748
2730 4749
359 4750
506 4751
3340 4752
3539 4753
1153 4754
2468 4755
628 4756
2645 4757
1515 4758
3264 4759
4014 4760
1073 4761
1862 4762
3321 4763
722 4764
2344 4765
1433 4766
1037 4767
4142 4768
1357 4769
1700 4770
2835 4771
2898 4772
530 4773
4099 4774
1767 4775
2701 4776
3256 4777
922 4778
3780 4779
2333 4780
3493 4781
2781 4782
2774 4783
2975 4784
3860 4785
2360 4786
4466 4787
3400 4788
2690 4789
3008 4790
4646 4791
4455 4792
4738 4793
1758 4794
3602 4795
3299 4796
2381 4797
3905 4798
4499 4799
4671 4800
3164 4801
1342 4802
235 4803
4245 4804
1074 4805
3182 4806
4495 4807
3469 4808
208 4809
2263 4810
1528 4811
1384 4812
2875 4813
3542 4814
4419 4815
3430 4816
2374 4817
1471 4818
849 4819
3997 4820
3566 4821
4478 4822
1963 4823
256 4824
150 4825
1633 4826
4446 4827
2017 4828
1514 4829
315 4830
1205 4831
4460 4832
1541 4833
3399 4834
2584 4835
4824 4836
3812 4837
4715 4838
2567 4839
2783 4840
3678 4841
436 4842
3059 4843
3694 4844
777 4845
551 4846
2853 4847
4645 4848
2051 4849
1830 4850
2032 4851
3103 4852
2835 4853
2427 4854
1414 4855
759 4856
800 4857
4667 4858
492 4859
2273 4860
4207 4861
2874 4862
2092 4863
4352 4864
2803 4865
557 4866
908 4867
2149 4868
4029 4869
965 4870
1853 4871
1003 4872
1114 4873
2476 4874
269 4875
2059 4876
3621 4877
4333 4878
3225 4879
2771 4880
1735 4881
3163 4882
3162 4883
655 4884
2539 4885
3463 4886
4202 4887
1070 4888
3151 4889
3149 4890
2575 4891
4682 4892
4801 4893
532 4894
2369 4895
2455 4896
4551 4897
3757 4898
3500 4899
1510 4900
2842 4901
2923 4902
1618 4903
2368 4904
310 4905
3421 4906
1229 4907
70 4908
216 4909
201 4910
4438 4911
2140 4912
389 4913
1146 4914
1456 4915
4037 4916
2420 4917
2781 4918
1314 4919
1568 4920
1418 4921
97 4922
1279 4923
4114 4924
3596 4925
3516 4926
4304 4927
737 4928
1445 4929
4854 4930
1859 4931
2613 4932
524 4933
2251 4934
3369 4935
4156 4936
3181 4937
4115 4938
187 4939
3490 4940
4389 4941
4684 4942
477 4943
4298 4944
2096 4945
903 4946
3274 4947
2410 4948
902 4949
3048 4950
2432 4951
785 4952
3636 4953
3803 4954
2852 4955
4557 4956
5 4957
744 4958
3549 4959
1304 4960
3921 4961
575 4962
1329 4963
1704 4964
2047 4965
720 4966
492 4967
3177 4968
4116 4969
1286 4970
3317 4971
3468 4972
1980 4973
1595 4974
2721 4975
1869 4976
704 4977
2099 4978
1407 4979
981 4980
697 4981
2110 4982
4490 4983
1157 4984
1579 4985
4220 4986
2448 4987
3476 4988
3309 4989
3158 4990
1609 4991
2215 4992
1227 4993
206 4994
3142 4995
338 4996
2963 4997
1490 4998
1438 4999
2260 5000
2811 5001
4126 5002
3377 5003
2552 5004
2804 5005
4554 5006
1894 5007
3896 5008
2248 5009
4240 5010
4839 5011
887 5012
3625 5013
764 5014
2222 5015
4842 5016
2237 5017
1566 5018
2288 5019
3468 5020
2349 5021
4909 5022
4568 5023
2573 5024
3751 5025
4865 5026
3173 5027
4646 5028
2085 5029
2520 5030
3193 5031
2399 5032
5014 5033
1464 5034
1048 5035
4143 5036
2109 5037
633 5038
2173 5039
1508 5040
2968 5041
331 5042
685 5043
2126 5044
4247 5045
3907 5046
482 5047
841 5048
1622 5049
2744 5050
1167 5051
3447 5052
4675 5053
85 5054
3985 5055
135 5056
1547 5057
4539 5058
2208 5059
2388 5060
1572 5061
3601 5062
3596 5063
141 5064
712 5065
3587 5066
3557 5067
874 5068
2608 5069
3827 5070
1346 5071
314 5072
1883 5073
254 5074
1473 5075
1322 5076
1948 5077
483 5078
3038 5079
2890 5080
2811 5081
4933 5082
2015 5083
277 5084
3262 5085
927 5086
2471 5087
1082 5088
1619 5089
2896 5090
2838 5091
4922 5092
3398 5093
4479 5094
124 5095
1517 5096
267 5097
2523 5098
1232 5099
4817 5100
3899 5101
1675 5102
2748 5103
2370 5104
1595 5105
3702 5106
5087 5107
3340 5108
333 5109
1837 5110
1716 5111
3320 5112
3736 5113
3413 5114
1794 5115
2125 5116
3338 5117
3691 5118
5068 5119
1452 5120
4520 5121
3304 5122
4953 5123
4217 5124
1747 5125
2524 5126
4107 5127
2850 5128
1684 5129
4126 5130
2331 5131
4533 5132
1963 5133
3115 5134
2166 5135
2394 5136
1735 5137
4528 5138
714 5139
883 5140
79 5141
470 5142
4197 5143
1506 5144
1046 5145
5013 5146
939 5147
4550 5148
1027 5149
1417 5150
4677 5151
2906 5152
1947 5153
4074 5154
4849 5155
4906 5156
4943 5157
3200 5158
1582 5159
349 5160
5147 5161
2605 5162
3220 5163
3816 5164
2682 5165
2566 5166
1767 5167
3976 5168
1818 5169
4055 5170
3345 5171
3108 5172
2345 5173
2916 5174
17 5175
4025 5176
5003 5177
626 5178
4835 5179
4295 5180
645 5181
22 5182
1116 5183
704 5184
4278 5185
533 5186
2645 5187
3018 5188
2619 5189
3078 5190
1839 5191
3995 5192
446 5193
1624 5194
4072 5195
4132 5196
781 5197
1550 5198
3749 5199
1976 5200
208 5201
2150 5202
3920 5203
3362 5204
3811 5205
2147 5206
4076 5207
1707 5208
849 5209
2098 5210
693 5211
207 5212
3971 5213
3215 5214
3760 5215
2665 5216
3856 5217
3813 5218
441 5219
1980 5220
2768 5221
386 5222
3227 5223
2723 5224
1658 5225
3730 5226
4251 5227
1136 5228
4757 5229
2190 5230
2823 5231
1093 5232
1652 5233
853 5234
309 5235
372 5236
2026 5237
1584 5238
681 5239
2462 5240
3520 5241
3737 5242
4290 5243
1218 5244
5183 5245
2195 5246
2212 5247
4079 5248
3812 5249
3452 5250
413 5251
4503 5252
4415 5253
5150 5254
123 5255
2448 5256
3791 5257
1208 5258
4788 5259
3004 5260
1893 5261
2899 5262
1550 5263
3663 5264
3333 5265
1260 5266
1335 5267
4741 5268
2624 5269
3545 5270
764 5271
1792 5272
1859 5273
950 5274
3247 5275
544 5276
3851 5277
1499 5278
1844 5279
2181 5280
4267 5281
1832 5282
2392 5283
758 5284
2256 5285
1423 5286
2322 5287
3743 5288
103 5289
4488 5290
1898 5291
3668 5292
664 5293
2850 5294
4787 5295
2966 5296
4466 5297
2911 5298
1235 5299
1198 5300
909 5301
3488 5302
685 5303
4555 5304
3658 5305
529 5306
1375 5307
1635 5308
1479 5309
2370 5310
5032 5311
2164 5312
5072 5313
3881 5314
4437 5315
78 5316
1374 5317
3762 5318
2847 5319
1127 5320
720 5321
402 5322
4243 5323
3973 5324
1143 5325
2266 5326
2735 5327
3439 5328
3851 5329
4131 5330
2915 5331
1346 5332
869 5333
4321 5334
2688 5335
2433 5336
2559 5337
1819 5338
106 5339
4540 5340
5320 5341
2855 5342
4692 5343
3990 5344
625 5345
105 5346
3034 5347
4834 5348
4900 5349
5256 5350
2271 5351
3668 5352
4115 5353
5110 5354
1373 5355
2649 5356
230 5357
5109 5358
571 5359
2291 5360
1368 5361
4468 5362
1486 5363
1812 5364
4581 5365
4543 5366
1173 5367
2762 5368
2154 5369
1892 5370
4960 5371
1111 5372
432 5373
1784 5374
948 5375
2410 5376
4255 5377
2895 5378
4539 5379
4282 5380
2557 5381
1864 5382
1788 5383
4150 5384
1636 5385
4643 5386
1461 5387
1783 5388
750 5389
4803 5390
3222 5391
4172 5392
133 5393
1588 5394
2473 5395
992 5396
3698 5397
2559 5398
809 5399
60 5400
69 5401
3786 5402
4070 5403
4039 5404
4675 5405
2425 5406
594 5407
3731 5408
4348 5409
2919 5410
4922 5411
2251 5412
5279 5413
2301 5414
1762 5415
1457 5416
2129 5417
3200 5418
5379 5419
4091 5420
1001 5421
1961 5422
2192 5423
1158 5424
1034 5425
1320 5426
3658 5427
2568 5428
2599 5429
5094 5430
5407 5431
4212 5432
2230 5433
2793 5434
5120 5435
3572 5436
3423 5437
4664 5438
5392 5439
843 5440
2803 5441
1389 5442
193 5443
5364 5444
1856 5445
3762 5446
5379 5447
2481 5448
33 5449
408 5450
795 5451
1721 5452
4776 5453
196 5454
2147 5455
92 5456
1242 5457
2362 5458
2497 5459
3071 5460
1894 5461
1864 5462
5124 5463
4286 5464
5317 5465
3559 5466
927 5467
195 5468
3883 5469
3150 5470
4086 5471
1578 5472
5233 5473
1206 5474
2121 5475
4883 5476
3158 5477
2100 5478
1564 5479
1152 5480
4148 5481
828 5482
4942 5483
2304 5484
2214 5485
2917 5486
4038 5487
809 5488
2062 5489
5407 5490
4798 5491
3146 5492
194 5493
2485 5494
4523 5495
2399 5496
2574 5497
1645 5498
1538 5499
3583 5500
2239 5501
3446 5502
3076 5503
222 5504
4754 5505
542 5506
166 5507
2487 5508
3757 5509
4975 5510
4935 5511
2931 5512
2288 5513
2288 5514
1770 5515
5341 5516
3597 5517
832 5518
747 5519
3788 5520
1068 5521
3882 5522
5505 5523
4824 5524
2501 5525
2431 5526
4573 5527
4514 5528
3153 5529
3655 5530
2310 5531
4414 5532
1300 5533
4651 5534
1145 5535
3841 5536
4367 5537
1913 5538
3277 5539
2969 5540
3935 5541
4293 5542
933 5543
509 5544
456 5545
2731 5546
1520 5547
1852 5548
4646 5549
2489 5550
1126 5551
5216 5552
4293 5553
418 5554
145 5555
4375 5556
4172 5557
2911 5558
3269 5559
2062 5560
1593 5561
3318 5562
3517 5563
3897 5564
204 5565
2919 5566
1927 5567
3154 5568
1536 5569
5454 5570
1703 5571
5345 5572
1841 5573
1161 5574
3699 5575
2219 5576
2500 5577
1757 5578
281 5579
1849 5580
2891 5581
3560 5582
1937 5583
5527 5584
2727 5585
3767 5586
4125 5587
2423 5588
3044 5589
5584 5590
887 5591
3901 5592
81 5593
4287 5594
4988 5595
2596 5596
2028 5597
602 5598
476 5599
732 5600
830 5601
2334 5602
4728 5603
3652 5604
3318 5605
4036 5606
3906 5607
2191 5608
3305 5609
792 5610
5164 5611
6 5612
2305 5613
783 5614
3704 5615
5099 5616
2528 5617
687 5618
768 5619
2402 5620
763 5621
463 5622
788 5623
4626 5624
4733 5625
3396 5626
1643 5627
5314 5628
4341 5629
571 5630
4911 5631
3928 5632
2367 5633
929 5634
232 5635
131 5636
4588 5637
130 5638
5100 5639
3251 5640
1796 5641
4890 5642
3189 5643
3241 5644
2227 5645
4867 5646
2581 5647
1014 5648
5560 5649
3765 5650
3497 5651
5347 5652
4084 5653
4863 5654
2151 5655
303 5656
2733 5657
3597 5658
1173 5659
4496 5660
586 5661
60 5662
1657 5663
4728 5664
4210 5665
1171 5666
3966 5667
3956 5668
3935 5669
3481 5670
3331 5671
4853 5672
526 5673
3014 5674
5211 5675
2619 5676
3725 5677
1779 5678
5186 5679
3053 5680
5185 5681
387 5682
1451 5683
1115 5684
5148 5685
2276 5686
1173 5687
3120 5688
2047 5689
4235 5690
2141 5691
1328 5692
4997 5693
477 5694
1749 5695
3115 5696
104 5697
3791 5698
4687 5699
5620 5700
4062 5701
880 5702
4209 5703
4965 5704
143 5705
484 5706
1906 5707
1020 5708
4063 5709
5104 5710
639 5711
1914 5712
3643 5713
3892 5714
1057 5715
4059 5716
1060 5717
328 5718
3232 5719
2910 5720
124 5721
2508 5722
4482 5723
4808 5724
2923 5725
2359 5726
5074 5727
1360 5728
1680 5729
1067 5730
1146 5731
4635 5732
4393 5733
30 5734
3692 5735
933 5736
1864 5737
3250 5738
5708 5739
1904 5740
5360 5741
649 5742
826 5743
372 5744
4732 5745
3039 5746
1461 5747
4402 5748
4663 5749
5423 5750
2654 5751
3995 5752
735 5753
2894 5754
3117 5755
5747 5756
1705 5757
3884 5758
2737 5759
5524 5760
3506 5761
833 5762
3909 5763
3142 5764
1630 5765
152 5766
3015 5767
3937 5768
228 5769
1889 5770
3215 5771
2686 5772
3485 5773
3675 5774
5067 5775
5665 5776
3441 5777
1513 5778
651 5779
750 5780
521 5781
249 5782
420 5783
3406 5784
4477 5785
1692 5786
4679 5787
2105 5788
4141 5789
1637 5790
930 5791
2650 5792
5506 5793
2533 5794
303 5795
5467 5796
5071 5797
1271 5798
2431 5799
4693 5800
2319 5801
462 5802
5712 5803
3714 5804
4307 5805
1872 5806
3738 5807
2974 5808
1207 5809
2558 5810
1248 5811
915 5812
2690 5813
4574 5814
2968 5815
1803 5816
3740 5817
4931 5818
1984 5819
2848 5820
5716 5821
436 5822
3873 5823
564 5824
4062 5825
3671 5826
825 5827
4306 5828
5136 5829
2314 5830
4701 5831
1081 5832
247 5833
2678 5834
4853 5835
2915 5836
5251 5837
107 5838
4887 5839
4384 5840
4540 5841
2764 5842
165 5843
4570 5844
1989 5845
2523 5846
1999 5847
1700 5848
2707 5849
1915 5850
2839 5851
2280 5852
3973 5853
2809 5854
3101 5855
976 5856
3854 5857
2857 5858
4659 5859
5653 5860
2903 5861
3164 5862
4778 5863
1352 5864
4920 5865
976 5866
428 5867
1757 5868
445 5869
2875 5870
1081 5871
2356 5872
156 5873
1999 5874
1662 5875
710 5876
157 5877
4342 5878
5656 5879
4806 5880
2446 5881
2700 5882
2011 5883
4627 5884
297 5885
5794 5886
2560 5887
1285 5888
5855 5889
189 5890
1586 5891
4591 5892
4528 5893
4997 5894
713 5895
4160 5896
760 5897
4470 5898
2364 5899
2406 5900
4630 5901
1197 5902
5633 5903
912 5904
842 5905
3795 5906
3450 5907
1577 5908
2898 5909
5320 5910
1859 5911
1685 5912
2196 5913
5497 5914
2000 5915
2056 5916
1778 5917
825 5918
3462 5919
3990 5920
1154 5921
3049 5922
1802 5923
2052 5924
3716 5925
5588 5926
4535 5927
1644 5928
4362 5929
1714 5930
3745 5931
5122 5932
3538 5933
3477 5934
2512 5935
2326 5936
3600 5937
1893 5938
4178 5939
1609 5940
2915 5941
3330 5942
1023 5943
1151 5944
2738 5945
5260 5946
5017 5947
4383 5948
4448 5949
4101 5950
1030 5951
3043 5952
5615 5953
3571 5954
2893 5955
4493 5956
5222 5957
4676 5958
3442 5959
1604 5960
5435 5961
3351 5962
2467 5963
448 5964
5453 5965
1849 5966
193 5967
5367 5968
4151 5969
5502 5970
3715 5971
5726 5972
5814 5973
1141 5974
4124 5975
3251 5976
5591 5977
1858 5978
4737 5979
4599 5980
1450 5981
2358 5982
3587 5983
4257 5984
3576 5985
543 5986
5523 5987
2090 5988
3530 5989
1154 5990
1567 5991
2070 5992
528 5993
1103 5994
1200 5995
3556 5996
5470 5997
2866 5998
5541 5999
3558 6000
3300 6001
2144 6002
3412 6003
1174 6004
5932 6005
1402 6006
4028 6007
4771 6008
853 6009
691 6010
4301 6011
959 6012
3608 6013
3592 6014
3633 6015
1292 6016
3330 6017
2698 6018
5414 6019
525 6020
165 6021
778 6022
3831 6023
191 6024
6008 6025
2284 6026
1121 6027
5022 6028
4118 6029
1818 6030
1269 6031
58 6032
2846 6033
4282 6034
2110 6035
4691 6036
2658 6037
6033 6038
1958 6039
269 6040
2788 6041
1419 6042
1271 6043
3841 6044
2225 6045
3285 6046
5692 6047
3316 6048
1343 6049
982 6050
5282 6051
3678 6052
1801 6053
2501 6054
2371 6055
4431 6056
383 6057
3811 6058
3083 6059
3294 6060
1536 6061
3496 6062
5049 6063
2533 6064
4130 6065
5215 6066
3149 6067
1940 6068
5198 6069
3149 6070
5522 6071
1830 6072
3339 6073
3758 6074
2730 6075
2575 6076
992 6077
3593 6078
2244 6079
1624 6080
4401 6081
989 6082
2537 6083
105 6084
5357 6085
4826 6086
5907 6087
5447 6088
4353 6089
4489 6090
5184 6091
2789 6092
1925 6093
2692 6094
2834 6095
2572 6096
5574 6097
5141 6098
1647 6099
5259 6100
2764 6101
3996 6102
3369 6103
4801 6104
1632 6105
2492 6106
1888 6107
4887 6108
735 6109
3380 6110
2644 6111
5991 6112
1104 6113
1839 6114
5420 6115
1844 6116
2763 6117
2630 6118
5626 6119
1375 6120
1904 6121
3107 6122
5733 6123
3492 6124
4137 6125
6009 6126
2256 6127
5005 6128
3671 6129
3729 6130
4471 6131
3989 6132
4143 6133
5349 6134
1978 6135
4290 6136
2103 6137
101 6138
5464 6139
3579 6140
4345 6141
3044 6142
284 6143
4124 6144
885 6145
6128 6146
1415 6147
4285 6148
2697 6149
1627 6150
2118 6151
3287 6152
3105 6153
5139 6154
1411 6155
5282 6156
334 6157
2143 6158
751 6159
4222 6160
3067 6161
4163 6162
395 6163
1373 6164
4285 6165
4619 6166
2663 6167
2880 6168
3204 6169
5650 6170
716 6171
2062 6172
740 6173
3638 6174
3683 6175
834 6176
3211 6177
1734 6178
3782 6179
3838 6180
5487 6181
3982 6182
3565 6183
1089 6184
30 6185
442 6186
2090 6187
3838 6188
480 6189
3737 6190
5336 6191
231 6192
1466 6193
4695 6194
3815 6195
2444 6196
1685 6197
5175 6198
5942 6199
1529 6200
116 6201
3199 6202
530 6203
2274 6204
4492 6205
5691 6206
119 6207
3340 6208
4835 6209
5479 6210
5392 6211
137 6212
3681 6213
3699 6214
5841 6215
1447 6216
3401 6217
990 6218
3335 6219
1994 6220
4761 6221
3265 6222
2604 6223
2279 6224
3156 6225
4510 6226
2226 6227
5813 6228
1027 6229
4835 6230
3885 6231
4476 6232
3587 6233
410 6234
1325 6235
4136 6236
2105 6237
4213 6238
1678 6239
5787 6240
2229 6241
2879 6242
1938 6243
3076 6244
127 6245
3756 6246
1308 6247
396 6248
2170 6249
2505 6250
3439 6251
6085 6252
2084 6253
4914 6254
3430 6255
637 6256
3754 6257
2705 6258
5065 6259
3393 6260
4445 6261
1112 6262
4617 6263
3799 6264
4071 6265
3921 6266
1221 6267
4628 6268
110 6269
5189 6270
4129 6271
4123 6272
3016 6273
5170 6274
2291 6275
3422 6276
3123 6277
2029 6278
3090 6279
1108 6280
5716 6281
4521 6282
3539 6283
557 6284
4405 6285
243 6286
3418 6287
4241 6288
3803 6289
2277 6290
2007 6291
503 6292
1507 6293
3777 6294
3352 6295
656 6296
2428 6297
5203 6298
1606 6299
4508 6300
3811 6301
3935 6302
1170 6303
2538 6304
6036 6305
2008 6306
4444 6307
5987 6308
2756 6309
1297 6310
5437 6311
3287 6312
985 6313
2565 6314
2324 6315
4922 6316
4081 6317
254 6318
4980 6319
5031 6320
6319 6321
3354 6322
541 6323
4783 6324
1794 6325
986 6326
6014 6327
1090 6328
6199 6329
4329 6330
4833 6331
2860 6332
4485 6333
4795 6334
6013 6335
4495 6336
1236 6337
2603 6338
2921 6339
4655 6340
855 6341
5832 6342
1109 6343
4900 6344
6225 6345
5297 6346
5123 6347
5740 6348
730 6349
5662 6350
5436 6351
4910 6352
2448 6353
2711 6354
2945 6355
1538 6356
6000 6357
868 6358
4001 6359
6190 6360
1021 6361
1751 6362
1615 6363
3668 6364
2328 6365
331 6366
119 6367
3296 6368
910 6369
2137 6370
4346 6371
6357 6372
2760 6373
5019 6374
4469 6375
844 6376
1555 6377
5449 6378
4790 6379
4907 6380
2421 6381
5969 6382
5090 6383
3248 6384
5327 6385
5482 6386
2331 6387
2896 6388
3163 6389
5339 6390
3391 6391
4920 6392
4298 6393
5093 6394
4778 6395
399 6396
5141 6397
1115 6398
1717 6399
3491 6400
2982 6401
669 6402
531 6403
6308 6404
6265 6405
112 6406
6206 6407
3935 6408
1516 6409
5171 6410
678 6411
5809 6412
4455 6413
654 6414
4514 6415
6206 6416
4458 6417
2822 6418
3215 6419
2878 6420
445 6421
1116 6422
4634 6423
5936 6424
2898 6425
5229 6426
6205 6427
3580 6428
4223 6429
2181 6430
4234 6431
1884 6432
3260 6433
80 6434
3380 6435
3814 6436
1482 6437
1587 6438
983 6439
5259 6440
659 6441
3721 6442
1848 6443
1433 6444
3360 6445
1347 6446
1493 6447
4028 6448
3253 6449
241 6450
1085 6451
5394 6452
4574 6453
5185 6454
5945 6455
5686 6456
1827 6457
5192 6458
5110 6459
2048 6460
1488 6461
4957 6462
1588 6463
5681 6464
5917 6465
2410 6466
966 6467
2729 6468
4442 6469
4814 6470
2230 6471
192 6472
2770 6473
6317 6474
984 6475
5447 6476
5924 6477
4466 6478
5199 6479
3154 6480
278 6481
3665 6482
4328 6483
4168 6484
4122 6485
427 6486
2526 6487
652 6488
3083 6489
498 6490
1297 6491
4294 6492
1979 6493
5884 6494
5775 6495
5333 6496
5537 6497
5568 6498
2765 6499
814 6500
3675 6501
3416 6502
6490 6503
820 6504
4861 6505
5842 6506
1049 6507
4805 6508
3095 6509
2858 6510
5319 6511
2450 6512
660 6513
3695 6514
1144 6515
2196 6516
6306 6517
3244 6518
339 6519
5099 6520
1243 6521
204 6522
1451 6523
4177 6524
3705 6525
2289 6526
1638 6527
1447 6528
431 6529
4147 6530
2081 6531
1811 6532
672 6533
1551 6534
5526 6535
1515 6536
686 6537
4437 6538
912 6539
4412 6540
533 6541
5884 6542
3323 6543
4320 6544
400 6545
6309 6546
179 6547
4021 6548
802 6549
5600 6550
855 6551
4639 6552
1729 6553
2983 6554
6025 6555
489 6556
5807 6557
3126 6558
1571 6559
2072 6560
4750 6561
1122 6562
4900 6563
6283 6564
5694 6565
5059 6566
3834 6567
2676 6568
5579 6569
4392 6570
1387 6571
6286 6572
3688 6573
4824 6574
2052 6575
2390 6576
1790 6577
5054 6578
5069 6579
613 6580
4106 6581
4403 6582
4544 6583
419 6584
1529 6585
4693 6586
2151 6587
211 6588
5277 6589
1401 6590
764 6591
2164 6592
2219 6593
2497 6594
4584 6595
87 6596
1645 6597
6014 6598
6278 6599
2783 6600
1596 6601
1587 6602
68 6603
1217 6604
4817 6605
684 6606
2224 6607
2027 6608
3680 6609
3974 6610
5361 6611
4544 6612
3395 6613
6040 6614
393 6615
1465 6616
5680 6617
1133 6618
1354 6619
6143 6620
5442 6621
4201 6622
4502 6623
1016 6624
3634 6625
3975 6626
4052 6627
4776 6628
5056 6629
4998 6630
2055 6631
4651 6632
5290 6633
3472 6634
1759 6635
6272 6636
2287 6637
5019 6638
4145 6639
2073 6640
6023 6641
1336 6642
4467 6643
1924 6644
3904 6645
1440 6646
5158 6647
4905 6648
272 6649
1729 6650
3173 6651
675 6652
1131 6653
5509 6654
5181 6655
3653 6656
4146 6657
1771 6658
1980 6659
6509 6660
1937 6661
809 6662
581 6663
1968 6664
2254 6665
6077 6666
5675 6667
4720 6668
5763 6669
1496 6670
4506 6671
36 6672
5669 6673
2139 6674
4536 6675
3759 6676
2489 6677
6290 6678
4221 6679
1291 6680
4866 6681
4168 6682
6508 6683
2881 6684
6321 6685
5537 6686
3530 6687
3032 6688
302 6689
6681 6690
2673 6691
4206 6692
3355 6693
4715 6694
3695 6695
5964 6696
4018 6697
4933 6698
1363 6699
3844 6700
5948 6701
4768 6702
6641 6703
1720 6704
3708 6705
1364 6706
6625 6707
514 6708
6268 6709
4612 6710
1994 6711
271 6712
2277 6713
6391 6714
488 6715
4703 6716
1287 6717
4456 6718
1182 6719
6263 6720
6009 6721
1258 6722
2962 6723
4438 6724
2600 6725
4848 6726
4511 6727
3577 6728
4292 6729
1133 6730
7 6731
591 6732
1587 6733
3860 6734
3547 6735
2469 6736
5948 6737
4522 6738
262 6739
5631 6740
412 6741
4908 6742
3069 6743
2194 6744
3012 6745
3630 6746
1977 6747
136 6748
3333 6749
294 6750
4695 6751
842 6752
5912 6753
1906 6754
5897 6755
637 6756
3501 6757
279 6758
3310 6759
2596 6760
3691 6761
4830 6762
1236 6763
395 6764
5880 6765
1153 6766
3988 6767
758 6768
6082 6769
2105 6770
2721 6771
1057 6772
6528 6773
6708 6774
4338 6775
2854 6776
2358 6777
2104 6778
1689 6779
458 6780
1191 6781
6083 6782
1404 6783
6399 6784
4832 6785
4115 6786
781 6787
2044 6788
4857 6789
5521 6790
6579 6791
4927 6792
844 6793
2959 6794
2724 6795
3810 6796
4567 6797
1067 6798
4734 6799
6306 6800
5769 6801
6313 6802
5991 6803
2967 6804
5108 6805
4038 6806
4998 6807
5072 6808
348 6809
919 6810
6464 6811
6733 6812
58 6813
2862 6814
4091 6815
4042 6816
1636 6817
313 6818
3030 6819
2471 6820
6304 6821
3661 6822
142 6823
5327 6824
1625 6825
2959 6826
6192 6827
4904 6828
2961 6829
4156 6830
211 6831
3078 6832
4965 6833
4719 6834
915 6835
630 6836
3315 6837
2831 6838
1925 6839
4742 6840
2974 6841
1745 6842
4319 6843
1065 6844
1374 6845
2798 6846
2624 6847
3360 6848
1989 6849
1277 6850
3815 6851
1495 6852
1418 6853
4148 6854
3820 6855
879 6856
194 6857
3815 6858
5619 6859
4820 6860
640 6861
6230 6862
391 6863
2864 6864
353 6865
6650 6866
5443 6867
2805 6868
1514 6869
4350 6870
4585 6871
6015 6872
984 6873
1708 6874
5440 6875
4093 6876
628 6877
1744 6878
3196 6879
4619 6880
3818 6881
495 6882
2496 6883
6539 6884
6845 6885
4453 6886
4109 6887
2939 6888
2389 6889
392 6890
2353 6891
2374 6892
226 6893
6115 6894
6871 6895
5175 6896
1373 6897
6413 6898
5827 6899
2054 6900
6188 6901
2942 6902
6388 6903
1313 6904
3101 6905
6208 6906
4115 6907
4207 6908
1979 6909
3623 6910
6758 6911
1460 6912
3496 6913
5516 6914
4270 6915
5727 6916
4497 6917
2223 6918
2277 6919
869 6920
601 6921
1273 6922
3595 6923
6573 6924
5749 6925
2023 6926
5444 6927
1164 6928
3459 6929
326 6930
3976 6931
2831 6932
1188 6933
477 6934
3740 6935
6436 6936
417 6937
2754 6938
3566 6939
5232 6940
3671 6941
2737 6942
3913 6943
1124 6944
2863 6945
744 6946
4113 6947
128 6948
3109 6949
4001 6950
2954 6951
6047 6952
944 6953
203 6954
6163 6955
1964 6956
4908 6957
2062 6958
3537 6959
6110 6960
5057 6961
3527 6962
6640 6963
1369 6964
4297 6965
857 6966
1675 6967
457 6968
4090 6969
3741 6970
4015 6971
6394 6972
1494 6973
3586 6974
3958 6975
702 6976
543 6977
5637 6978
1435 6979
3386 6980
4461 6981
3549 6982
656 6983
6365 6984
1095 6985
4454 6986
584 6987
6499 6988
2609 6989
3734 6990
1102 6991
253 6992
4370 6993
3010 6994
5642 6995
3158 6996
168 6997
3323 6998
2087 6999
1347 7000
3934 7001
5644 7002
5091 7003
3907 7004
5564 7005
6295 7006
2541 7007
2082 7008
2285 7009
3187 7010
1 7011
6628 7012
5874 7013
3999 7014
515 7015
6240 7016
964 7017
3572 7018
4638 7019
859 7020
64 7021
4437 7022
2789 7023
6977 7024
108 7025
3265 7026
6611 7027
1350 7028
6886 7029
5418 7030
2506 7031
82 7032
5514 7033
3785 7034
4690 7035
6103 7036
6587 7037
4113 7038
3123 7039
5676 7040
888 7041
2490 7042
2352 7043
1129 7044
406 7045
4330 7046
5112 7047
6939 7048
6315 7049
6378 7050
3552 7051
5495 7052
4286 7053
5109 7054
3623 7055
3528 7056
3221 7057
4883 7058
1258 7059
6955 7060
4352 7061
6584 7062
6645 7063
1881 7064
6010 7065
3874 7066
6025 7067
6798 7068
4680 7069
6878 7070
3829 7071
678 7072
7062 7073
1825 7074
6885 7075
2929 7076
3370 7077
4397 7078
6819 7079
4304 7080
2491 7081
5578 7082
5617 7083
5147 7084
6591 7085
4952 7086
5035 7087
2038 7088
3902 7089
4514 7090
2417 7091
3016 7092
3961 7093
4234 7094
4281 7095
6577 7096
2736 7097
1838 7098
6721 7099
4598 7100
1390 7101
5829 7102
5794 7103
1232 7104
1602 7105
6560 7106
3966 7107
3377 7108
3459 7109
2284 7110
2643 7111
6031 7112
6045 7113
6582 7114
2988 7115
710 7116
2066 7117
6512 7118
876 7119
2726 7120
2704 7121
4534 7122
6613 7123
6178 7124
6936 7125
1798 7126
862 7127
1980 7128
5140 7129
3324 7130
6155 7131
4971 7132
2759 7133
3725 7134
1385 7135
3154 7136
6870 7137
4201 7138
5395 7139
6757 7140
5961 7141
5921 7142
6918 7143
6659 7144
3753 7145
6654 7146
1852 7147
1352 7148
5775 7149
6375 7150
6706 7151
2119 7152
597 7153
209 7154
4261 7155
3319 7156
4944 7157
4026 7158
2332 7159
6702 7160
5266 7161
3559 7162
2386 7163
6707 7164
2077 7165
6978 7166
1739 7167
5943 7168
918 7169
1525 7170
3591 7171
6930 7172
1292 7173
6075 7174
1742 7175
5353 7176
1963 7177
3549 7178
4515 7179
4525 7180
2268 7181
3084 7182
3081 7183
2142 7184
513 7185
3588 7186
842 7187
3789 7188
5653 7189
3308 7190
2921 7191
5677 7192
363 7193
60 7194
4728 7195
6420 7196
757 7197
1779 7198
4432 7199
4667 7200
3961 7201
301 7202
1719 7203
2496 7204
4877 7205
5478 7206
5261 7207
3768 7208
1571 7209
1837 7210
5851 7211
2042 7212
129 7213
6566 7214
4483 7215
3773 7216
4779 7217
7137 7218
1289 7219
1725 7220
4491 7221
2677 7222
5312 7223
3671 7224
2490 7225
4643 7226
1213 7227
2068 7228
868 7229
224 7230
731 7231
2545 7232
4068 7233
2313 7234
796 7235
4121 7236
4956 7237
6716 7238
233 7239
5000 7240
5576 7241
1839 7242
2878 7243
3752 7244
6742 7245
7020 7246
3943 7247
1576 7248
2182 7249
992 7250
387 7251
7192 7252
2331 7253
5679 7254
2507 7255
4487 7256
3975 7257
4755 7258
6424 7259
6205 7260
5314 7261
2292 7262
2224 7263
5404 7264
4371 7265
25 7266
1838 7267
663 7268
3971 7269
2040 7270
3670 7271
3077 7272
5706 7273
4976 7274
2350 7275
4870 7276
4090 7277
6642 7278
4149 7279
4987 7280
250 7281
6513 7282
4593 7283
6420 7284
3515 7285
5189 7286
2283 7287
1158 7288
2950 7289
5773 7290
4416 7291
1758 7292
3010 7293
3894 7294
2550 7295
1504 7296
6247 7297
1575 7298
438 7299
1328 7300
7041 7301
2356 7302
4348 7303
5342 7304
4579 7305
983 7306
1306 7307
6379 7308
6991 7309
6342 7310
2737 7311
1901 7312
1079 7313
4268 7314
5165 7315
6802 7316
2320 7317
7256 7318
6539 7319
2296 7320
2039 7321
4094 7322
3455 7323
3257 7324
4800 7325
1362 7326
1729 7327
225 7328
6490 7329
2982 7330
1991 7331
30 7332
2922 7333
3598 7334
6860 7335
6013 7336
771 7337
3216 7338
3682 7339
6510 7340
3855 7341
2973 7342
4683 7343
2263 7344
1642 7345
416 7346
4113 7347
1342 7348
1501 7349
980 7350
4964 7351
3599 7352
3320 7353
5876 7354
3053 7355
1441 7356
5772 7357
3227 7358
5581 7359
7231 7360
2346 7361
1720 7362
5439 7363
441 7364
4709 7365
754 7366
750 7367
2741 7368
6439 7369
189 7370
438 7371
6355 7372
551 7373
3605 7374
5484 7375
5200 7376
7062 7377
5249 7378
6303 7379
2218 7380
3467 7381
622 7382
4696 7383
7111 7384
1627 7385
513 7386
7099 7387
982 7388
7255 7389
5724 7390
4876 7391
3822 7392
1306 7393
1017 7394
4409 7395
5018 7396
5868 7397
3275 7398
5367 7399
6778 7400
3323 7401
6127 7402
3601 7403
3480 7404
3598 7405
6099 7406
4635 7407
5676 7408
4662 7409
372 7410
5043 7411
3902 7412
899 7413
5974 7414
198 7415
5378 7416
5405 7417
4127 7418
2484 7419
5906 7420
3547 7421
2756 7422
6693 7423
4345 7424
585 7425
5685 7426
7044 7427
5134 7428
5724 7429
5688 7430
576 7431
2731 7432
4798 7433
3590 7434
5332 7435
381 7436
7321 7437
3293 7438
5199 7439
924 7440
142 7441
3341 7442
5186 7443
2210 7444
514 7445
1398 7446
1820 7447
1383 7448
2148 7449
1455 7450
6573 7451
4681 7452
3181 7453
1604 7454
5708 7455
5290 7456
6940 7457
128 7458
2626 7459
4418 7460
5478 7461
1234 7462
4070 7463
3100 7464
2359 7465
5115 7466
4528 7467
1908 7468
1432 7469
1966 7470
6945 7471
2036 7472
4520 7473
4630 7474
4920 7475
3170 7476
7408 7477
3043 7478
3897 7479
590 7480
509 7481
2121 7482
4633 7483
789 7484
1816 7485
1179 7486
2183 7487
3252 7488
4614 7489
3728 7490
6904 7491
20 7492
2605 7493
2991 7494
1299 7495
6972 7496
990 7497
658 7498
4811 7499
2695 7500
5390 7501
1489 7502
4446 7503
678 7504
1749 7505
5132 7506
7180 7507
6461 7508
4784 7509
1817 7510
5973 7511
6547 7512
721 7513
2468 7514
547 7515
6623 7516
277 7517
2625 7518
3316 7519
5575 7520
7038 7521
7216 7522
6400 7523
7284 7524
2904 7525
2087 7526
6607 7527
7303 7528
5662 7529
6266 7530
1769 7531
1602 7532
2485 7533
4776 7534
6129 7535
6513 7536
365 7537
1042 7538
3695 7539
1742 7540
3379 7541
1672 7542
5204 7543
6454 7544
6968 7545
6812 7546
6900 7547
5563 7548
3484 7549
6029 7550
2502 7551
4596 7552
920 7553
5666 7554
7068 7555
3918 7556
2279 7557
2611 7558
2841 7559
3480 7560
4691 7561
4175 7562
4438 7563
366 7564
3520 7565
6364 7566
3450 7567
1393 7568
5797 7569
4015 7570
5690 7571
3369 7572
3488 7573
6874 7574
7150 7575
2643 7576
6619 7577
6305 7578
6697 7579
1668 7580
6421 7581
1139 7582
7341 7583
6805 7584
699 7585
6161 7586
4361 7587
6176 7588
6354 7589
5133 7590
1310 7591
537 7592
7508 7593
4695 7594
5292 7595
4371 7596
2914 7597
1533 7598
5418 7599
2211 7600
3870 7601
4910 7602
6874 7603
1095 7604
670 7605
1689 7606
3367 7607
2428 7608
7029 7609
5106 7610
6160 7611
2625 7612
1499 7613
5752 7614
3330 7615
3473 7616
1039 7617
2604 7618
7138 7619
3707 7620
1253 7621
2279 7622
4816 7623
7034 7624
4443 7625
559 7626
7353 7627
5506 7628
7424 7629
6590 7630
479 7631
7146 7632
6739 7633
2952 7634
4472 7635
5222 7636
2067 7637
6101 7638
5730 7639
4438 7640
5549 7641
123 7642
2441 7643
149 7644
6832 7645
7317 7646
7039 7647
1406 7648
2516 7649
1359 7650
3806 7651
4164 7652
1267 7653
7501 7654
1781 7655
1295 7656
1912 7657
1271 7658
104 7659
1375 7660
1482 7661
2940 7662
6378 7663
3633 7664
4034 7665
3173 7666
5437 7667
5340 7668
3416 7669
3769 7670
5627 7671
1492 7672
173 7673
7314 7674
3679 7675
5463 7676
1966 7677
1535 7678
2930 7679
1466 7680
933 7681
4479 7682
6823 7683
2613 7684
370 7685
4071 7686
2275 7687
2667 7688
2170 7689
228 7690
3261 7691
3509 7692
3812 7693
6438 7694
586 7695
5586 7696
2094 7697
7383 7698
6319 7699
3726 7700
1116 7701
830 7702
3485 7703
2416 7704
7409 7705
628 7706
2166 7707
6318 7708
4569 7709
1516 7710
2372 7711
1254 7712
7189 7713
5643 7714
2334 7715
7671 7716
3466 7717
6860 7718
1776 7719
3980 7720
1590 7721
7199 7722
1125 7723
112 7724
3488 7725
4049 7726
6756 7727
843 7728
270 7729
6198 7730
7508 7731
7399 7732
2760 7733
7110 7734
4425 7735
1010 7736
5639 7737
5781 7738
5758 7739
7097 7740
2106 7741
1494 7742
7094 7743
1406 7744
2614 7745
2074 7746
907 7747
6147 7748
6456 7749
7603 7750
4592 7751
4429 7752
3954 7753
1620 7754
1018 7755
5496 7756
1857 7757
266 7758
2114 7759
1302 7760
5069 7761
2198 7762
4961 7763
2005 7764
2155 7765
543 7766
4738 7767
3941 7768
4949 7769
7634 7770
794 7771
4082 7772
4709 7773
3979 7774
6240 7775
1415 7776
84 7777
2495 7778
1808 7779
1333 7780
852 7781
2741 7782
4475 7783
2684 7784
5679 7785
1957 7786
608 7787
2452 7788
5753 7789
1980 7790
7478 7791
3457 7792
5422 7793
1201 7794
4051 7795
1471 7796
5538 7797
5500 7798
6421 7799
1348 7800
4301 7801
5789 7802
4654 7803
1483 7804
6542 7805
3503 7806
3261 7807
4746 7808
6369 7809
3199 7810
5263 7811
4756 7812
2195 7813
1300 7814
3463 7815
5714 7816
1350 7817
6758 7818
353 7819
1694 7820
282 7821
2704 7822
2142 7823
4274 7824
2322 7825
3139 7826
607 7827
5704 7828
4871 7829
5399 7830
4795 7831
2752 7832
7 7833
4075 7834
3872 7835
4069 7836
3132 7837
5865 7838
1925 7839
4044 7840
1937 7841
1006 7842
3074 7843
1095 7844
4288 7845
3922 7846
3986 7847
237 7848
5067 7849
6683 7850
679 7851
2336 7852
5516 7853
6039 7854
7591 7855
4751 7856
5314 7857
4168 7858
2023 7859
6574 7860
3612 7861
3051 7862
4993 7863
6176 7864
1570 7865
2691 7866
2048 7867
1475 7868
804 7869
7025 7870
5780 7871
5044 7872
1847 7873
3143 7874
2002 7875
4311 7876
7046 7877
4954 7878
6653 7879
116 7880
1739 7881
2893 7882
4778 7883
6742 7884
7211 7885
3743 7886
7719 7887
2728 7888
629 7889
4214 7890
495 7891
6582 7892
1781 7893
4321 7894
5274 7895
7862 7896
868 7897
6980 7898
6751 7899
7564 7900
6897 7901
7380 7902
4310 7903
3013 7904
5036 7905
7752 7906
1224 7907
5239 7908
1502 7909
3590 7910
5766 7911
2038 7912
4892 7913
4733 7914
2381 7915
5275 7916
3808 7917
2081 7918
2858 7919
3062 7920
756 7921
5595 7922
1769 7923
7557 7924
4245 7925
3397 7926
4430 7927
463 7928
2193 7929
6351 7930
629 7931
858 7932
3501 7933
2813 7934
2585 7935
6787 7936
5323 7937
6316 7938
742 7939
301 7940
7285 7941
4941 7942
3432 7943
4036 7944
4032 7945
141 7946
4459 7947
3073 7948
7551 7949
5603 7950
7746 7951
446 7952
6565 7953
1365 7954
1025 7955
202 7956
6271 7957
4034 7958
1127 7959
2683 7960
4021 7961
5317 7962
2655 7963
6412 7964
7014 7965
3795 7966
7782 7967
441 7968
4696 7969
6451 7970
26 7971
2353 7972
1559 7973
3905 7974
7745 7975
1559 7976
7807 7977
1665 7978
5581 7979
7859 7980
1269 7981
5625 7982
6610 7983
2382 7984
6595 7985
383 7986
1583 7987
4167 7988
1334 7989
5708 7990
2772 7991
4617 7992
4435 7993
7354 7994
2123 7995
784 7996
2276 7997
3913 7998
419 7999
5950 8000
2354 8001
896 8002
2995 8003
3977 8004
4370 8005
5985 8006
3334 8007
1494 8008
5815 8009
4667 8010
5488 8011
4974 8012
7974 8013
1472 8014
2557 8015
6883 8016
754 8017
2285 8018
3882 8019
5259 8020
5346 8021
34 8022
2059 8023
3859 8024
429 8025
5789 8026
1899 8027
1423 8028
405 8029
5555 8030
4894 8031
238 8032
5034 8033
559 8034
6788 8035
5832 8036
7350 8037
7721 8038
6313 8039
1006 8040
1660 8041
2843 8042
1295 8043
7174 8044
2022 8045
3466 8046
1941 8047
110 8048
751 8049
5142 8050
5556 8051
3219 8052
1823 8053
4030 8054
6988 8055
1803 8056
5840 8057
4724 8058
6359 8059
4676 8060
2960 8061
6867 8062
3076 8063
3979 8064
1460 8065
824 8066
2306 8067
5377 8068
1614 8069
4107 8070
1090 8071
6151 8072
2294 8073
3485 8074
2126 8075
3066 8076
186 8077
322 8078
588 8079
1739 8080
2534 8081
81 8082
7642 8083
1528 8084
7740 8085
3718 8086
7981 8087
7475 8088
986 8089
2666 8090
3147 8091
1815 8092
4740 8093
6506 8094
5192 8095
551 8096
3600 8097
3322 8098
4402 8099
4373 8100
5923 8101
3271 8102
6 8103
210 8104
5952 8105
635 8106
5035 8107
1646 8108
1370 8109
2876 8110
1630 8111
5526 8112
4480 8113
7940 8114
2169 8115
3905 8116
3809 8117
1803 8118
7187 8119
3412 8120
2506 8121
6584 8122
5764 8123
4562 8124
4394 8125
2044 8126
6386 8127
6562 8128
7624 8129
2840 8130
4602 8131
6784 8132
7769 8133
5833 8134
5765 8135
7249 8136
3299 8137
7017 8138
4211 8139
3264 8140
1006 8141
7221 8142
6972 8143
2148 8144
2715 8145
3315 8146
6094 8147
6405 8148
1823 8149
3324 8150
3127 8151
497 8152
7790 8153
7418 8154
3578 8155
7707 8156
8126 8157
6922 8158
7618 8159
5349 8160
4625 8161
3563 8162
1756 8163
1501 8164
2020 8165
5323 8166
7237 8167
1837 8168
3128 8169
7060 8170
6984 8171
2685 8172
570 8173
5048 8174
1489 8175
2722 8176
7676 8177
1703 8178
4037 8179
7307 8180
373 8181
2327 8182
3313 8183
2446 8184
4909 8185
3981 8186
4690 8187
5787 8188
1069 8189
130 8190
5696 8191
269 8192
4677 8193
1777 8194
4959 8195
303 8196
4315 8197
3786 8198
811 8199
7550 8200
671 8201
4037 8202
8079 8203
8012 8204
3116 8205
857 8206
4689 8207
7095 8208
5663 8209
5952 8210
6841 8211
292 8212
1825 8213
829 8214
6441 8215
4541 8216
832 8217
5670 8218
7399 8219
6907 8220
4483 8221
7239 8222
1044 8223
3742 8224
7226 8225
1400 8226
5914 8227
4075 8228
1051 8229
4856 8230
3399 8231
6960 8232
6550 8233
4569 8234
4496 8235
1965 8236
6488 8237
1205 8238
922 8239
4030 8240
3481 8241
7189 8242
2482 8243
6732 8244
293 8245
1914 8246
1168 8247
6732 8248
1266 8249
1278 8250
3737 8251
1317 8252
5657 8253
3810 8254
6274 8255
4860 8256
3150 8257
2794 8258
5982 8259
6304 8260
6095 8261
5505 8262
7325 8263
7630 8264
1728 8265
826 8266
6046 8267
48 8268
1425 8269
2564 8270
3554 8271
793 8272
2027 8273
1858 8274
4607 8275
6750 8276
5768 8277
1297 8278
939 8279
5213 8280
1149 8281
727 8282
154 8283
2630 8284
937 8285
3960 8286
2417 8287
1572 8288
6868 8289
1987 8290
5564 8291
4861 8292
3500 8293
8002 8294
5312 8295
1695 8296
7586 8297
690 8298
7961 8299
5942 8300
7842 8301
2082 8302
6323 8303
7001 8304
8099 8305
4309 8306
2636 8307
5307 8308
1521 8309
2587 8310
7490 8311
4154 8312
1251 8313
4351 8314
1456 8315
6919 8316
1620 8317
3286 8318
5939 8319
3178 8320
4041 8321
417 8322
360 8323
3384 8324
7673 8325
6655 8326
5014 8327
3327 8328
371 8329
2207 8330
54 8331
4009 8332
8269 8333
390 8334
2051 8335
2590 8336
3810 8337
7595 8338
3543 8339
6764 8340
724 8341
4110 8342
1705 8343
975 8344
3060 8345
4648 8346
2394 8347
1803 8348
510 8349
1140 8350
4938 8351
7381 8352
3964 8353
8094 8354
7219 8355
7996 8356
4963 8357
4325 8358
2958 8359
4591 8360
5673 8361
8211 8362
4995 8363
5910 8364
5363 8365
947 8366
6797 8367
2418 8368
8069 8369
2735 8370
5609 8371
7587 8372
2365 8373
3085 8374
5745 8375
5946 8376
8162 8377
3838 8378
2643 8379
5440 8380
1514 8381
652 8382
2876 8383
2820 8384
4530 8385
737 8386
3153 8387
4405 8388
2359 8389
7183 8390
3992 8391
1663 8392
5362 8393
4755 8394
5136 8395
7601 8396
1776 8397
7576 8398
4378 8399
3957 8400
2960 8401
4073 8402
4940 8403
6904 8404
6713 8405
1993 8406
4160 8407
7949 8408
3025 8409
5801 8410
23 8411
4273 8412
7467 8413
5860 8414
7340 8415
3798 8416
5576 8417
6804 8418
155 8419
3324 8420
3487 8421
2996 8422
4258 8423
7693 8424
8033 8425
437 8426
6911 8427
6539 8428
1343 8429
1343 8430
2192 8431
1778 8432
124 8433
1405 8434
1035 8435
4645 8436
2713 8437
6783 8438
856 8439
7425 8440
863 8441
4227 8442
4745 8443
4220 8444
6997 8445
4312 8446
3617 8447
6742 8448
4504 8449
1916 8450
6343 8451
6963 8452
4708 8453
5766 8454
7357 8455
4297 8456
3414 8457
5384 8458
3147 8459
95 8460
4564 8461
1460 8462
7849 8463
1386 8464
8066 8465
2071 8466
7552 8467
5385 8468
96 8469
2608 8470
7830 8471
853 8472
3299 8473
3124 8474
6324 8475
7091 8476
5367 8477
2750 8478
5727 8479
6702 8480
5535 8481
8462 8482
5260 8483
4080 8484
3608 8485
1630 8486
2542 8487
8027 8488
2459 8489
6645 8490
4368 8491
126 8492
4677 8493
6415 8494
2133 8495
2470 8496
5244 8497
4004 8498
6268 8499
5579 8500
5904 8501
5424 8502
5022 8503
6387 8504
2097 8505
7402 8506
6863 8507
137 8508
6773 8509
919 8510
1550 8511
3323 8512
4125 8513
2184 8514
3296 8515
3600 8516
7980 8517
2204 8518
7814 8519
3691 8520
694 8521
6410 8522
8122 8523
401 8524
1878 8525
1603 8526
8492 8527
5906 8528
3697 8529
6150 8530
2288 8531
4089 8532
8144 8533
6679 8534
6738 8535
8271 8536
6638 8537
5858 8538
1068 8539
3688 8540
223 8541
1848 8542
2709 8543
3798 8544
6027 8545
6619 8546
363 8547
6231 8548
1875 8549
7889 8550
4083 8551
4534 8552
4844 8553
3699 8554
8168 8555
5291 8556
3687 8557
4357 8558
7298 8559
2731 8560
6819 8561
6989 8562
4615 8563
5568 8564
3486 8565
3676 8566
279 8567
6855 8568
870 8569
309 8570
6541 8571
5508 8572
5855 8573
8221 8574
5018 8575
6745 8576
6305 8577
2426 8578
6347 8579
7260 8580
5148 8581
7271 8582
7838 8583
1014 8584
1547 8585
3797 8586
7527 8587
5755 8588
2069 8589
7495 8590
5574 8591
5346 8592
4822 8593
6775 8594
3440 8595
532 8596
1414 8597
7109 8598
6262 8599
4452 8600
1485 8601
2607 8602
5628 8603
5328 8604
2415 8605
7399 8606
5130 8607
3642 8608
1403 8609
6717 8610
6128 8611
7882 8612
7060 8613
7031 8614
377 8615
3700 8616
3188 8617
8096 8618
6554 8619
6731 8620
2475 8621
2370 8622
6740 8623
6680 8624
3542 8625
7152 8626
8161 8627
2439 8628
2415 8629
4438 8630
5392 8631
2962 8632
3756 8633
7944 8634
4217 8635
1196 8636
7150 8637
5849 8638
7107 8639
7475 8640
3600 8641
5744 8642
1202 8643
4205 8644
2257 8645
5872 8646
170 8647
126 8648
2260 8649
5342 8650
349 8651
7471 8652
5702 8653
5379 8654
3308 8655
2216 8656
3625 8657
8573 8658
3019 8659
3548 8660
8648 8661
5186 8662
7056 8663
568 8664
3179 8665
7664 8666
7468 8667
1987 8668
3000 8669
6021 8670
4510 8671
1566 8672
4206 8673
2284 8674
6422 8675
917 8676
7927 8677
7405 8678
3799 8679
7730 8680
7248 8681
6575 8682
5752 8683
4144 8684
2898 8685
1085 8686
3478 8687
6311 8688
7089 8689
601 8690
1513 8691
818 8692
1148 8693
4223 8694
562 8695
8413 8696
8061 8697
54 8698
146 8699
3895 8700
2206 8701
7403 8702
5808 8703
7293 8704
105 8705
2942 8706
8086 8707
5134 8708
7433 8709
5952 8710
3825 8711
8665 8712
3754 8713
6714 8714
1630 8715
2325 8716
3049 8717
448 8718
5499 8719
6484 8720
3930 8721
4842 8722
8569 8723
7691 8724
4499 8725
5813 8726
6543 8727
7219 8728
6114 8729
1935 8730
5497 8731
1637 8732
1275 8733
1420 8734
829 8735
6541 8736
2635 8737
3487 8738
579 8739
5739 8740
4752 8741
5752 8742
6971 8743
8742 8744
2158 8745
4111 8746
4395 8747
5981 8748
2278 8749
5469 8750
7560 8751
604 8752
5674 8753
658 8754
3576 8755
1185 8756
680 8757
6590 8758
3873 8759
1499 8760
6239 8761
7525 8762
2945 8763
6113 8764
2725 8765
1476 8766
7886 8767
3950 8768
432 8769
2251 8770
1652 8771
991 8772
4747 8773
3969 8774
6108 8775
576 8776
5980 8777
7484 8778
3448 8779
4035 8780
3937 8781
5011 8782
3633 8783
3902 8784
704 8785
5448 8786
4884 8787
295 8788
2276 8789
4251 8790
2847 8791
8032 8792
5274 8793
5541 8794
2111 8795
7935 8796
4529 8797
1878 8798
8540 8799
6054 8800
3635 8801
7308 8802
1007 8803
1382 8804
2102 8805
1436 8806
6863 8807
8135 8808
2083 8809
4073 8810
650 8811
6824 8812
3181 8813
4640 8814
3962 8815
6181 8816
8541 8817
7932 8818
531 8819
766 8820
7245 8821
4885 8822
6527 8823
1989 8824
6900 8825
6969 8826
378 8827
7212 8828
2514 8829
468 8830
4580 8831
4896 8832
2573 8833
1537 8834
6821 8835
2235 8836
2236 8837
1756 8838
6175 8839
312 8840
6323 8841
824 8842
1583 8843
5495 8844
1667 8845
6671 8846
4244 8847
2993 8848
4719 8849
7602 8850
216 8851
1969 8852
7763 8853
3503 8854
1676 8855
3510 8856
2481 8857
2030 8858
2961 8859
7370 8860
2134 8861
605 8862
3086 8863
1015 8864
1439 8865
147 8866
8622 8867
5384 8868
7106 8869
2232 8870
5579 8871
7746 8872
5442 8873
632 8874
197 8875
4777 8876
3565 8877
2648 8878
5221 8879
2571 8880
2249 8881
1638 8882
7782 8883
6838 8884
1084 8885
3558 8886
5082 8887
8511 8888
1396 8889
4429 8890
3059 8891
6597 8892
8477 8893
8212 8894
5267 8895
2081 8896
6380 8897
2659 8898
4264 8899
7939 8900
2524 8901
7401 8902
7102 8903
4689 8904
221 8905
6888 8906
454 8907
4069 8908
8205 8909
7272 8910
3154 8911
5688 8912
6606 8913
6003 8914
4655 8915
5093 8916
4315 8917
7736 8918
5671 8919
1025 8920
8877 8921
7670 8922
641 8923
3324 8924
6961 8925
8701 8926
1039 8927
2319 8928
186 8929
2477 8930
3890 8931
4564 8932
1990 8933
6576 8934
3059 8935
813 8936
4038 8937
235 8938
7724 8939
3438 8940
2506 8941
5112 8942
1434 8943
2738 8944
7307 8945
5498 8946
5995 8947
3445 8948
5911 8949
3589 8950
307 8951
7654 8952
5655 8953
528 8954
3025 8955
3821 8956
8942 8957
1012 8958
6969 8959
2370 8960
8564 8961
1363 8962
2987 8963
8333 8964
6458 8965
319 8966
5508 8967
4634 8968
308 8969
8960 8970
7112 8971
1027 8972
8911 8973
3616 8974
1083 8975
3722 8976
1444 8977
8518 8978
8913 8979
2116 8980
5122 8981
1997 8982
5528 8983
2966 8984
3389 8985
6914 8986
3067 8987
4688 8988
8090 8989
8080 8990
6542 8991
2468 8992
1879 8993
2462 8994
2429 8995
5686 8996
6998 8997
3612 8998
4071 8999
3914 9000
7844 9001
390 9002
4804 9003
3718 9004
2416 9005
1864 9006
2670 9007
3839 9008
7052 9009
4434 9010
7001 9011
6432 9012
2984 9013
6102 9014
5430 9015
5380 9016
5544 9017
6434 9018
6666 9019
1595 9020
6838 9021
8533 9022
5103 9023
5454 9024
7752 9025
5326 9026
3863 9027
1954 9028
2732 9029
5348 9030
4879 9031
2103 9032
2544 9033
2320 9034
3701 9035
6087 9036
891 9037
27 9038
3304 9039
489 9040
5516 9041
6478 9042
6275 9043
3330 9044
3869 9045
3132 9046
807 9047
6058 9048
7930 9049
6870 9050
531 9051
8850 9052
5063 9053
7006 9054
5986 9055
938 9056
4277 9057
4827 9058
7478 9059
8333 9060
8537 9061
3819 9062
4238 9063
849 9064
4122 9065
7867 9066
7617 9067
3828 9068
5315 9069
8758 9070
7120 9071
338 9072
4050 9073
2698 9074
7104 9075
6984 9076
1895 9077
5878 9078
769 9079
1556 9080
932 9081
7573 9082
1504 9083
6865 9084
5324 9085
4727 9086
4809 9087
2599 9088
362 9089
3410 9090
2860 9091
1580 9092
5428 9093
5495 9094
5284 9095
4675 9096
8362 9097
5827 9098
1396 9099
3046 9100
885 9101
8963 9102
1925 9103
4007 9104
1992 9105
8034 9106
2965 9107
4599 9108
3571 9109
5938 9110
4338 9111
2589 9112
3646 9113
7599 9114
3860 9115
8968 9116
6439 9117
2405 9118
2224 9119
8952 9120
1840 9121
4466 9122
2016 9123
3592 9124
7254 9125
6155 9126
2077 9127
3118 9128
478 9129
277 9130
6733 9131
2051 9132
4880 9133
6466 9134
280 9135
4204 9136
5870 9137
4371 9138
4307 9139
7146 9140
6164 9141
5623 9142
5787 9143
3717 9144
3446 9145
5062 9146
7522 9147
7697 9148
1435 9149
3136 9150
1492 9151
8770 9152
2791 9153
1071 9154
1870 9155
7797 9156
4290 9157
6741 9158
487 9159
2343 9160
3580 9161
3872 9162
6711 9163
3991 9164
3487 9165
7238 9166
2364 9167
8286 9168
7394 9169
1367 9170
5721 9171
1459 9172
6750 9173
3285 9174
5457 9175
2025 9176
8542 9177
6388 9178
1187 9179
5090 9180
8148 9181
9028 9182
3897 9183
8593 9184
7853 9185
60 9186
809 9187
5066 9188
8184 9189
7597 9190
4144 9191
8260 9192
6111 9193
6731 9194
7169 9195
8774 9196
748 9197
4655 9198
5337 9199
8895 9200
1185 9201
307 9202
9082 9203
2647 9204
9133 9205
2726 9206
5719 9207
2085 9208
1590 9209
2220 9210
8045 9211
8923 9212
7246 9213
3984 9214
2860 9215
6484 9216
4390 9217
6409 9218
3148 9219
1026 9220
5109 9221
7024 9222
1346 9223
213 9224
5500 9225
5440 9226
330 9227
485 9228
1728 9229
3340 9230
1638 9231
593 9232
4801 9233
1055 9234
2007 9235
170 9236
4729 9237
8116 9238
3163 9239
5549 9240
1122 9241
568 9242
5544 9243
3354 9244
5814 9245
180 9246
2881 9247
4689 9248
6526 9249
137 9250
1029 9251
6397 9252
8673 9253
7886 9254
7867 9255
6980 9256
3438 9257
3684 9258
8194 9259
1372 9260
7738 9261
6080 9262
5373 9263
3769 9264
834 9265
7341 9266
2018 9267
8039 9268
8734 9269
2560 9270
1865 9271
1888 9272
3680 9273
9130 9274
4555 9275
9271 9276
7183 9277
9145 9278
1501 9279
4487 9280
4196 9281
6066 9282
4408 9283
9110 9284
956 9285
7286 9286
8340 9287
5861 9288
2479 9289
3633 9290
16 9291
1898 9292
940 9293
1131 9294
1671 9295
8946 9296
7448 9297
500 9298
8021 9299
784 9300
287 9301
378 9302
6498 9303
8112 9304
7373 9305
1332 9306
8148 9307
6270 9308
3750 9309
7035 9310
2209 9311
955 9312
6793 9313
4128 9314
848 9315
8865 9316
3338 9317
8639 9318
465 9319
4313 9320
8714 9321
7037 9322
3828 9323
6019 9324
8023 9325
1397 9326
1586 9327
5542 9328
3799 9329
817 9330
4882 9331
5093 9332
2342 9333
2037 9334
8211 9335
385 9336
2056 9337
6904 9338
5158 9339
1731 9340
5876 9341
872 9342
1291 9343
7962 9344
3956 9345
5345 9346
658 9347
8223 9348
8744 9349
3425 9350
5885 9351
3550 9352
505 9353
3491 9354
4530 9355
8549 9356
7747 9357
8673 9358
5806 9359
7450 9360
2991 9361
5284 9362
1620 9363
4174 9364
4756 9365
349 9366
1094 9367
2853 9368
5497 9369
1070 9370
4682 9371
283 9372
3733 9373
6635 9374
2201 9375
3272 9376
8627 9377
2963 9378
445 9379
2305 9380
9040 9381
5200 9382
3791 9383
7371 9384
1837 9385
9029 9386
8339 9387
8219 9388
2333 9389
7511 9390
1277 9391
8089 9392
8260 9393
3422 9394
1695 9395
5282 9396
1338 9397
227 9398
3989 9399
3099 9400
2836 9401
1485 9402
2048 9403
5096 9404
1512 9405
1339 9406
2877 9407
4357 9408
1455 9409
7734 9410
5352 9411
9258 9412
6735 9413
8459 9414
7414 9415
9193 9416
6389 9417
149 9418
6665 9419
3088 9420
6499 9421
4320 9422
3063 9423
9215 9424
4175 9425
3352 9426
7111 9427
3782 9428
9079 9429
5840 9430
3160 9431
8625 9432
4427 9433
5967 9434
1126 9435
2348 9436
2355 9437
6253 9438
6891 9439
8802 9440
8330 9441
638 9442
7551 9443
1241 9444
9068 9445
4697 9446
3550 9447
1513 9448
1194 9449
1973 9450
6401 9451
2091 9452
622 9453
77 9454
2278 9455
3114 9456
4609 9457
3592 9458
9438 9459
3324 9460
2795 9461
7975 9462
6633 9463
1993 9464
8495 9465
3091 9466
8726 9467
7298 9468
5494 9469
3263 9470
4364 9471
2044 9472
75 9473
1682 9474
5589 9475
8113 9476
9381 9477
4248 9478
6314 9479
714 9480
4061 9481
8216 9482
1882 9483
9043 9484
6703 9485
3493 9486
4540 9487
3016 9488
9409 9489
3162 9490
7427 9491
4646 9492
3760 9493
5771 9494
3625 9495
7402 9496
8129 9497
3150 9498
5662 9499
1996 9500
1312 9501
2340 9502
2124 9503
6960 9504
9401 9505
2445 9506
5011 9507
3927 9508
5031 9509
3224 9510
1889 9511
463 9512
8332 9513
3173 9514
8526 9515
116 9516
2856 9517
7137 9518
8835 9519
2889 9520
8589 9521
5490 9522
2045 9523
6624 9524
4165 9525
755 9526
8448 9527
5778 9528
7314 9529
5713 9530
8146 9531
3555 9532
827 9533
3756 9534
2173 9535
8444 9536
1282 9537
4730 9538
2589 9539
2837 9540
7546 9541
3191 9542
3491 9543
536 9544
8590 9545
2918 9546
4681 9547
846 9548
7633 9549
5184 9550
2893 9551
7151 9552
1647 9553
6964 9554
7490 9555
3515 9556
3799 9557
2200 9558
2 9559
7002 9560
1374 9561
770 9562
7204 9563
1488 9564
3145 9565
3957 9566
5793 9567
5981 9568
2056 9569
5740 9570
5133 9571
6139 9572
7804 9573
832 9574
4206 9575
3806 9576
2638 9577
4117 9578
6392 9579
6596 9580
5160 9581
6373 9582
3847 9583
1915 9584
1018 9585
4123 9586
6543 9587
5651 9588
1329 9589
5167 9590
9585 9591
3883 9592
1638 9593
8091 9594
5547 9595
8500 9596
973 9597
9165 9598
2769 9599
1639 9600
5750 9601
7828 9602
7911 9603
6246 9604
8801 9605
1531 9606
4728 9607
6785 9608
5687 9609
2826 9610
4317 9611
2144 9612
3817 9613
8129 9614
8670 9615
3396 9616
6241 9617
6609 9618
7680 9619
5261 9620
2110 9621
6745 9622
5964 9623
9340 9624
1061 9625
2407 9626
8342 9627
1928 9628
366 9629
3859 9630
5012 9631
1199 9632
6024 9633
9587 9634
3906 9635
6947 9636
5994 9637
5517 9638
9351 9639
4704 9640
4689 9641
1716 9642
6832 9643
2260 9644
1567 9645
2032 9646
729 9647
2012 9648
511 9649
5101 9650
8322 9651
845 9652
3324 9653
2409 9654
337 9655
1996 9656
7195 9657
6917 9658
3208 9659
1463 9660
5087 9661
3457 9662
6811 9663
2848 9664
3157 9665
6852 9666
5192 9667
3246 9668
5394 9669
6254 9670
56 9671
2593 9672
687 9673
5424 9674
2351 9675
2158 9676
570 9677
3327 9678
4947 9679
7640 9680
5145 9681
4241 9682
6785 9683
7959 9684
9021 9685
8150 9686
3169 9687
9216 9688
6862 9689
40 9690
6576 9691
2635 9692
3358 9693
4749 9694
8680 9695
8349 9696
8689 9697
6470 9698
5812 9699
2164 9700
8874 9701
220 9702
3258 9703
3090 9704
2507 9705
7441 9706
1778 9707
7267 9708
2271 9709
8459 9710
8047 9711
7246 9712
8794 9713
4646 9714
3260 9715
7464 9716
797 9717
2276 9718
354 9719
6192 9720
2365 9721
8311 9722
1517 9723
243 9724
1391 9725
745 9726
5602 9727
6026 9728
6778 9729
2618 9730
3957 9731
7563 9732
7833 9733
2126 9734
8644 9735
7912 9736
6338 9737
2005 9738
1415 9739
9376 9740
668 9741
8848 9742
5035 9743
9454 9744
986 9745
6958 9746
1751 9747
8871 9748
3828 9749
2791 9750
9305 9751
7862 9752
8637 9753
2807 9754
8334 9755
6839 9756
3532 9757
6577 9758
5383 9759
5177 9760
1759 9761
6095 9762
1900 9763
1796 9764
9657 9765
1694 9766
6319 9767
2913 9768
6294 9769
2788 9770
2474 9771
342 9772
7220 9773
7930 9774
2028 9775
1012 9776
6700 9777
7321 9778
1196 9779
1613 9780
31 9781
3512 9782
8506 9783
2011 9784
21 9785
6845 9786
4442 9787
7330 9788
5147 9789
7036 9790
425 9791
1730 9792
9440 9793
2858 9794
5277 9795
1425 9796
693 9797
9036 9798
4660 9799
7376 9800
5933 9801
1511 9802
3794 9803
163 9804
9298 9805
5761 9806
5548 9807
1087 9808
5511 9809
6016 9810
6817 9811
8462 9812
4092 9813
1418 9814
2873 9815
1136 9816
6408 9817
1499 9818
2339 9819
9303 9820
215 9821
6975 9822
587 9823
6264 9824
403 9825
4421 9826
1055 9827
1433 9828
6185 9829
2133 9830
3717 9831
7532 9832
9176 9833
6233 9834
6856 9835
3305 9836
9783 9837
7859 9838
5268 9839
38 9840
5028 9841
7048 9842
1750 9843
5515 9844
77 9845
4523 9846
1624 9847
8210 9848
9633 9849
7700 9850
8716 9851
6807 9852
9410 9853
9329 9854
2213 9855
9682 9856
8874 9857
8561 9858
6130 9859
1915 9860
2421 9861
5962 9862
932 9863
7547 9864
3335 9865
2536 9866
4598 9867
2446 9868
1702 9869
5826 9870
2841 9871
827 9872
9390 9873
9635 9874
8655 9875
3956 9876
2643 9877
172 9878
7204 9879
8910 9880
8544 9881
8192 9882
8630 9883
8381 9884
4669 9885
4119 9886
6956 9887
2033 9888
6379 9889
7803 9890
8150 9891
6095 9892
9218 9893
448 9894
3556 9895
5127 9896
1663 9897
4340 9898
6475 9899
6162 9900
6200 9901
6516 9902
701 9903
6182 9904
7141 9905
8075 9906
2078 9907
1144 9908
7239 9909
183 9910
6574 9911
4825 9912
1088 9913
9428 9914
3268 9915
154 9916
157 9917
2565 9918
1822 9919
3094 9920
5374 9921
1334 9922
7213 9923
6866 9924
5277 9925
1806 9926
5156 9927
7745 9928
938 9929
3923 9930
3433 9931
4752 9932
3872 9933
4894 9934
9697 9935
687 9936
3336 9937
3649 9938
8712 9939
8744 9940
4007 9941
7041 9942
643 9943
8893 9944
7168 9945
2465 9946
534 9947
7652 9948
3378 9949
8142 9950
6514 9951
8187 9952
534 9953
1632 9954
9120 9955
8584 9956
5458 9957
2100 9958
4091 9959
979 9960
8472 9961
4742 9962
4872 9963
2401 9964
6172 9965
1245 9966
4886 9967
6883 9968
779 9969
4201 9970
5831 9971
6250 9972
4275 9973
1919 9974
5632 9975
3933 9976
7993 9977
3618 9978
3596 9979
7860 9980
1754 9981
8323 9982
7413 9983
9623 9984
3899 9985
3857 9986
6489 9987
8772 9988
1404 9989
4657 9990
3899 9991
146 9992
4755 9993
95 9994
9802 9995
9969 9996
6713 9997
7915 9998
1763 9999
3033 10000
