1 2
1 3
1 4
2 5
1 6
1 7
3 8
1 9
1 10
10 11
8 12
2 13
7 14
1 15
2 16
11 17
15 18
13 19
7 20
4 21
11 22
9 23
8 24
15 25
7 26
11 27
3 28
4 29
21 30
25 31
20 32
2 33
22 34
2 35
16 36
33 37
8 38
28 39
34 40
26 41
40 42
34 43
16 44
2 45
19 46
35 47
37 48
18 49
48 50
11 51
40 52
24 53
36 54
4 55
13 56
13 57
16 58
18 59
4 60
60 61
52 62
15 63
29 64
57 65
9 66
20 67
54 68
27 69
48 70
40 71
62 72
60 73
17 74
50 75
42 76
32 77
49 78
63 79
55 80
77 81
43 82
11 83
81 84
46 85
82 86
70 87
54 88
57 89
56 90
15 91
44 92
38 93
80 94
82 95
53 96
57 97
65 98
77 99
51 100
22 101
61 102
45 103
37 104
9 105
55 106
9 107
3 108
61 109
109 110
14 111
7 112
99 113
31 114
14 115
18 116
101 117
114 118
36 119
31 120
107 121
62 122
60 123
94 124
67 125
59 126
123 127
76 128
94 129
122 130
80 131
49 132
62 133
57 134
45 135
32 136
43 137
124 138
25 139
38 140
26 141
65 142
16 143
84 144
95 145
138 146
122 147
88 148
35 149
126 150
87 151
135 152
77 153
111 154
59 155
62 156
144 157
78 158
89 159
80 160
154 161
102 162
70 163
31 164
2 165
133 166
63 167
103 168
96 169
128 170
86 171
158 172
151 173
3 174
45 175
139 176
150 177
149 178
61 179
135 180
113 181
57 182
4 183
108 184
60 185
34 186
67 187
125 188
154 189
136 190
111 191
128 192
173 193
136 194
107 195
71 196
100 197
48 198
34 199
110 200
165 201
104 202
96 203
193 204
189 205
29 206
124 207
131 208
146 209
119 210
39 211
110 212
57 213
169 214
91 215
111 216
18 217
196 218
192 219
169 220
136 221
10 222
49 223
126 224
205 225
203 226
5 227
15 228
61 229
28 230
55 231
2 232
95 233
171 234
187 235
133 236
93 237
86 238
209 239
178 240
202 241
138 242
231 243
67 244
73 245
44 246
145 247
59 248
68 249
30 250
152 251
153 252
117 253
216 254
11 255
100 256
151 257
10 258
100 259
84 260
196 261
150 262
66 263
221 264
192 265
167 266
237 267
174 268
249 269
228 270
33 271
98 272
133 273
259 274
52 275
61 276
224 277
213 278
93 279
15 280
28 281
192 282
162 283
148 284
41 285
204 286
20 287
123 288
218 289
216 290
189 291
162 292
193 293
220 294
100 295
18 296
284 297
166 298
106 299
20 300
190 301
87 302
229 303
185 304
58 305
93 306
300 307
164 308
297 309
107 310
43 311
289 312
175 313
1 314
76 315
309 316
308 317
142 318
133 319
227 320
49 321
169 322
91 323
196 324
287 325
3 326
114 327
78 328
46 329
107 330
7 331
128 332
4 333
309 334
26 335
252 336
267 337
278 338
300 339
27 340
230 341
191 342
64 343
165 344
126 345
188 346
98 347
263 348
296 349
220 350
145 351
96 352
242 353
201 354
326 355
184 356
138 357
12 358
208 359
249 360
300 361
309 362
207 363
279 364
315 365
244 366
87 367
305 368
12 369
82 370
193 371
317 372
363 373
350 374
360 375
310 376
211 377
321 378
346 379
300 380
194 381
312 382
103 383
301 384
383 385
213 386
181 387
138 388
199 389
227 390
129 391
45 392
214 393
223 394
217 395
310 396
181 397
59 398
54 399
329 400
291 401
52 402
283 403
223 404
42 405
171 406
234 407
333 408
181 409
134 410
353 411
101 412
308 413
184 414
203 415
164 416
387 417
179 418
90 419
73 420
344 421
71 422
277 423
252 424
123 425
230 426
132 427
87 428
49 429
275 430
49 431
423 432
179 433
37 434
111 435
293 436
4 437
10 438
3 439
393 440
377 441
436 442
40 443
317 444
393 445
16 446
51 447
171 448
300 449
19 450
441 451
327 452
416 453
263 454
356 455
455 456
326 457
452 458
178 459
147 460
404 461
324 462
458 463
206 464
295 465
448 466
371 467
120 468
420 469
432 470
119 471
67 472
304 473
9 474
36 475
78 476
76 477
315 478
355 479
344 480
54 481
5 482
222 483
480 484
431 485
444 486
177 487
316 488
285 489
264 490
313 491
456 492
347 493
391 494
488 495
95 496
350 497
253 498
48 499
178 500
338 501
22 502
452 503
209 504
71 505
53 506
440 507
20 508
49 509
211 510
170 511
374 512
232 513
36 514
229 515
450 516
138 517
454 518
403 519
52 520
518 521
134 522
192 523
142 524
377 525
438 526
477 527
472 528
424 529
414 530
375 531
93 532
204 533
411 534
361 535
422 536
83 537
393 538
212 539
233 540
239 541
475 542
207 543
189 544
146 545
399 546
26 547
470 548
535 549
447 550
434 551
422 552
503 553
173 554
79 555
194 556
121 557
350 558
49 559
105 560
541 561
443 562
127 563
143 564
188 565
223 566
157 567
558 568
250 569
517 570
76 571
492 572
252 573
81 574
482 575
458 576
494 577
395 578
327 579
571 580
129 581
127 582
109 583
373 584
58 585
188 586
63 587
452 588
180 589
42 590
184 591
237 592
65 593
515 594
394 595
119 596
218 597
455 598
552 599
386 600
386 601
67 602
424 603
436 604
562 605
284 606
307 607
22 608
559 609
22 610
158 611
483 612
460 613
16 614
495 615
596 616
211 617
74 618
597 619
138 620
404 621
414 622
282 623
358 624
217 625
127 626
596 627
126 628
153 629
494 630
475 631
25 632
505 633
42 634
132 635
215 636
609 637
244 638
496 639
182 640
436 641
117 642
307 643
321 644
644 645
577 646
467 647
388 648
370 649
267 650
532 651
121 652
139 653
114 654
291 655
449 656
191 657
297 658
442 659
436 660
166 661
14 662
322 663
434 664
435 665
524 666
559 667
390 668
88 669
42 670
631 671
347 672
249 673
488 674
61 675
121 676
146 677
327 678
352 679
485 680
573 681
245 682
545 683
464 684
136 685
679 686
561 687
483 688
411 689
160 690
676 691
563 692
570 693
284 694
557 695
297 696
310 697
225 698
446 699
322 700
82 701
489 702
99 703
632 704
648 705
466 706
362 707
679 708
70 709
519 710
98 711
160 712
583 713
441 714
492 715
529 716
528 717
252 718
556 719
15 720
368 721
244 722
402 723
425 724
146 725
272 726
578 727
579 728
563 729
585 730
248 731
558 732
416 733
624 734
3 735
642 736
609 737
217 738
660 739
485 740
662 741
332 742
164 743
380 744
148 745
464 746
582 747
97 748
65 749
494 750
363 751
519 752
355 753
417 754
130 755
421 756
31 757
145 758
209 759
67 760
81 761
316 762
104 763
168 764
752 765
140 766
578 767
498 768
502 769
673 770
766 771
682 772
81 773
147 774
269 775
501 776
491 777
564 778
526 779
272 780
404 781
102 782
453 783
717 784
163 785
286 786
168 787
570 788
724 789
651 790
89 791
403 792
690 793
34 794
338 795
9 796
151 797
460 798
628 799
297 800
522 801
408 802
555 803
38 804
221 805
792 806
43 807
538 808
466 809
394 810
362 811
444 812
715 813
141 814
110 815
510 816
394 817
619 818
740 819
678 820
452 821
618 822
435 823
384 824
85 825
85 826
307 827
766 828
819 829
734 830
201 831
384 832
329 833
42 834
35 835
538 836
602 837
78 838
140 839
190 840
159 841
243 842
504 843
100 844
168 845
97 846
357 847
403 848
390 849
596 850
325 851
493 852
172 853
466 854
559 855
480 856
473 857
93 858
167 859
554 860
430 861
272 862
715 863
478 864
100 865
796 866
818 867
41 868
325 869
54 870
585 871
749 872
68 873
254 874
510 875
474 876
360 877
860 878
396 879
119 880
835 881
728 882
80 883
662 884
764 885
467 886
672 887
366 888
293 889
66 890
563 891
17 892
362 893
291 894
116 895
251 896
700 897
734 898
436 899
893 900
757 901
380 902
842 903
593 904
277 905
12 906
229 907
502 908
142 909
34 910
71 911
649 912
188 913
335 914
458 915
318 916
45 917
79 918
327 919
214 920
864 921
9 922
771 923
811 924
344 925
766 926
888 927
577 928
818 929
823 930
701 931
223 932
651 933
4 934
404 935
282 936
414 937
448 938
742 939
179 940
521 941
22 942
450 943
633 944
211 945
730 946
373 947
927 948
32 949
632 950
363 951
55 952
575 953
535 954
887 955
917 956
893 957
626 958
218 959
37 960
27 961
908 962
572 963
1 964
213 965
964 966
144 967
447 968
66 969
469 970
703 971
178 972
477 973
113 974
881 975
139 976
823 977
207 978
415 979
275 980
761 981
266 982
75 983
768 984
623 985
24 986
834 987
591 988
261 989
813 990
980 991
636 992
699 993
892 994
477 995
334 996
257 997
270 998
987 999
108 1000
239 1001
935 1002
44 1003
758 1004
48 1005
52 1006
895 1007
190 1008
203 1009
842 1010
364 1011
726 1012
351 1013
948 1014
23 1015
713 1016
302 1017
212 1018
588 1019
932 1020
224 1021
243 1022
891 1023
286 1024
637 1025
19 1026
205 1027
291 1028
53 1029
493 1030
98 1031
547 1032
552 1033
968 1034
286 1035
463 1036
81 1037
910 1038
361 1039
129 1040
594 1041
836 1042
491 1043
147 1044
166 1045
398 1046
942 1047
408 1048
226 1049
284 1050
47 1051
902 1052
688 1053
8 1054
106 1055
651 1056
747 1057
998 1058
235 1059
640 1060
828 1061
349 1062
183 1063
1026 1064
176 1065
695 1066
336 1067
279 1068
845 1069
819 1070
723 1071
182 1072
636 1073
219 1074
683 1075
233 1076
493 1077
940 1078
34 1079
1074 1080
576 1081
96 1082
1067 1083
104 1084
357 1085
717 1086
924 1087
285 1088
1009 1089
1007 1090
818 1091
414 1092
890 1093
883 1094
674 1095
1063 1096
465 1097
678 1098
449 1099
265 1100
712 1101
432 1102
150 1103
371 1104
756 1105
1005 1106
537 1107
126 1108
510 1109
363 1110
540 1111
613 1112
875 1113
245 1114
594 1115
611 1116
962 1117
716 1118
232 1119
469 1120
488 1121
995 1122
970 1123
1025 1124
373 1125
275 1126
606 1127
887 1128
908 1129
124 1130
250 1131
489 1132
1080 1133
348 1134
600 1135
188 1136
267 1137
1085 1138
118 1139
77 1140
123 1141
545 1142
528 1143
515 1144
19 1145
218 1146
271 1147
839 1148
1059 1149
524 1150
400 1151
1146 1152
439 1153
1052 1154
357 1155
120 1156
372 1157
297 1158
1156 1159
546 1160
14 1161
686 1162
999 1163
430 1164
713 1165
1156 1166
92 1167
184 1168
587 1169
465 1170
841 1171
845 1172
345 1173
617 1174
169 1175
1159 1176
556 1177
381 1178
662 1179
1098 1180
588 1181
237 1182
973 1183
468 1184
1105 1185
847 1186
379 1187
643 1188
185 1189
423 1190
41 1191
190 1192
865 1193
1171 1194
1102 1195
944 1196
829 1197
623 1198
55 1199
167 1200
1022 1201
800 1202
774 1203
1041 1204
530 1205
363 1206
948 1207
148 1208
678 1209
671 1210
386 1211
175 1212
813 1213
544 1214
583 1215
227 1216
479 1217
459 1218
120 1219
415 1220
272 1221
843 1222
194 1223
403 1224
181 1225
107 1226
832 1227
348 1228
431 1229
1134 1230
787 1231
279 1232
581 1233
799 1234
197 1235
889 1236
287 1237
105 1238
924 1239
925 1240
607 1241
141 1242
115 1243
866 1244
1087 1245
933 1246
486 1247
1205 1248
30 1249
796 1250
544 1251
1179 1252
855 1253
776 1254
459 1255
1141 1256
23 1257
400 1258
134 1259
765 1260
1205 1261
1162 1262
641 1263
659 1264
596 1265
998 1266
256 1267
680 1268
176 1269
271 1270
985 1271
1077 1272
1096 1273
347 1274
873 1275
1136 1276
1177 1277
1259 1278
805 1279
1250 1280
41 1281
49 1282
352 1283
842 1284
981 1285
313 1286
411 1287
365 1288
859 1289
1003 1290
881 1291
301 1292
852 1293
726 1294
1089 1295
139 1296
1212 1297
269 1298
383 1299
918 1300
868 1301
409 1302
488 1303
896 1304
55 1305
59 1306
52 1307
683 1308
431 1309
445 1310
543 1311
1208 1312
1033 1313
1018 1314
125 1315
932 1316
22 1317
659 1318
245 1319
634 1320
339 1321
1276 1322
759 1323
1205 1324
911 1325
1298 1326
485 1327
1316 1328
403 1329
351 1330
1118 1331
137 1332
112 1333
797 1334
1222 1335
164 1336
1187 1337
730 1338
847 1339
133 1340
883 1341
287 1342
375 1343
614 1344
1081 1345
1027 1346
1088 1347
1322 1348
240 1349
1134 1350
1255 1351
62 1352
739 1353
557 1354
529 1355
638 1356
1250 1357
3 1358
93 1359
381 1360
321 1361
900 1362
1329 1363
887 1364
84 1365
180 1366
1190 1367
373 1368
1276 1369
1004 1370
45 1371
1275 1372
748 1373
106 1374
1209 1375
1114 1376
901 1377
399 1378
1009 1379
1097 1380
35 1381
746 1382
394 1383
1050 1384
1035 1385
1184 1386
1025 1387
483 1388
562 1389
1387 1390
984 1391
529 1392
845 1393
124 1394
1297 1395
1094 1396
1199 1397
1002 1398
720 1399
217 1400
1149 1401
1243 1402
1312 1403
972 1404
316 1405
471 1406
1214 1407
1119 1408
843 1409
440 1410
463 1411
95 1412
177 1413
409 1414
651 1415
939 1416
1353 1417
1042 1418
1302 1419
1115 1420
767 1421
1125 1422
642 1423
36 1424
571 1425
1038 1426
3 1427
172 1428
1196 1429
1197 1430
882 1431
843 1432
679 1433
150 1434
532 1435
104 1436
51 1437
795 1438
1314 1439
721 1440
888 1441
708 1442
686 1443
183 1444
502 1445
1118 1446
878 1447
944 1448
623 1449
712 1450
405 1451
1125 1452
38 1453
131 1454
120 1455
78 1456
637 1457
193 1458
417 1459
1319 1460
82 1461
1270 1462
1189 1463
925 1464
11 1465
933 1466
724 1467
225 1468
671 1469
1131 1470
1055 1471
325 1472
649 1473
470 1474
1120 1475
433 1476
513 1477
1003 1478
54 1479
201 1480
1299 1481
939 1482
833 1483
1370 1484
1194 1485
1422 1486
435 1487
900 1488
1307 1489
821 1490
1065 1491
849 1492
267 1493
956 1494
1273 1495
1455 1496
348 1497
425 1498
1045 1499
106 1500
70 1501
362 1502
308 1503
1173 1504
1062 1505
910 1506
771 1507
465 1508
659 1509
689 1510
1201 1511
1054 1512
1068 1513
861 1514
765 1515
816 1516
251 1517
1101 1518
167 1519
27 1520
136 1521
312 1522
49 1523
1130 1524
49 1525
178 1526
584 1527
1233 1528
1242 1529
825 1530
1212 1531
1204 1532
1032 1533
1413 1534
846 1535
1445 1536
66 1537
1379 1538
285 1539
114 1540
1208 1541
1140 1542
478 1543
1223 1544
489 1545
1365 1546
1358 1547
1480 1548
49 1549
638 1550
1428 1551
1222 1552
1476 1553
1138 1554
339 1555
23 1556
472 1557
1266 1558
1249 1559
503 1560
1427 1561
1325 1562
276 1563
1349 1564
1323 1565
718 1566
396 1567
455 1568
1369 1569
951 1570
1004 1571
1287 1572
1142 1573
1048 1574
1357 1575
686 1576
1231 1577
942 1578
1318 1579
990 1580
881 1581
1003 1582
798 1583
1538 1584
224 1585
228 1586
1116 1587
157 1588
722 1589
1544 1590
532 1591
393 1592
414 1593
1215 1594
576 1595
422 1596
605 1597
1529 1598
1500 1599
262 1600
1193 1601
91 1602
1389 1603
1520 1604
791 1605
1072 1606
635 1607
1264 1608
177 1609
20 1610
1093 1611
1215 1612
1151 1613
799 1614
1018 1615
1070 1616
485 1617
957 1618
1323 1619
1341 1620
361 1621
944 1622
1494 1623
344 1624
346 1625
393 1626
496 1627
949 1628
1617 1629
1323 1630
1171 1631
1224 1632
1551 1633
1270 1634
1038 1635
865 1636
179 1637
477 1638
254 1639
1536 1640
1318 1641
766 1642
1601 1643
917 1644
1546 1645
1517 1646
344 1647
1095 1648
1034 1649
774 1650
957 1651
982 1652
1210 1653
17 1654
1479 1655
867 1656
663 1657
453 1658
1112 1659
1311 1660
1242 1661
1546 1662
247 1663
814 1664
386 1665
1186 1666
949 1667
1535 1668
430 1669
1143 1670
175 1671
663 1672
1103 1673
1266 1674
1372 1675
321 1676
233 1677
995 1678
950 1679
1613 1680
1323 1681
1221 1682
772 1683
359 1684
1403 1685
94 1686
1623 1687
1015 1688
1214 1689
442 1690
882 1691
1463 1692
431 1693
1170 1694
183 1695
1640 1696
478 1697
1487 1698
1527 1699
469 1700
23 1701
688 1702
637 1703
927 1704
1308 1705
1473 1706
513 1707
16 1708
842 1709
1207 1710
316 1711
1528 1712
781 1713
1088 1714
159 1715
517 1716
1682 1717
282 1718
1626 1719
578 1720
1574 1721
1189 1722
1586 1723
116 1724
542 1725
482 1726
421 1727
1036 1728
281 1729
600 1730
1515 1731
1325 1732
1626 1733
31 1734
1688 1735
1023 1736
1292 1737
778 1738
1592 1739
68 1740
1592 1741
1728 1742
905 1743
1733 1744
701 1745
628 1746
1514 1747
33 1748
1354 1749
671 1750
615 1751
948 1752
1176 1753
898 1754
306 1755
1545 1756
1214 1757
158 1758
1115 1759
1335 1760
1290 1761
965 1762
1741 1763
312 1764
189 1765
1505 1766
1621 1767
582 1768
1727 1769
616 1770
25 1771
1515 1772
963 1773
1031 1774
1037 1775
193 1776
1570 1777
633 1778
609 1779
1630 1780
1604 1781
256 1782
1083 1783
1300 1784
304 1785
81 1786
1536 1787
1017 1788
1774 1789
1578 1790
1646 1791
1240 1792
726 1793
821 1794
230 1795
785 1796
899 1797
1351 1798
1264 1799
737 1800
1298 1801
1623 1802
1112 1803
1364 1804
1568 1805
556 1806
929 1807
1169 1808
1211 1809
1220 1810
840 1811
385 1812
1474 1813
605 1814
1805 1815
282 1816
870 1817
1418 1818
1134 1819
1306 1820
1782 1821
374 1822
1817 1823
1032 1824
1474 1825
850 1826
767 1827
1236 1828
324 1829
1541 1830
324 1831
196 1832
752 1833
1000 1834
1364 1835
114 1836
1348 1837
670 1838
1465 1839
1529 1840
1713 1841
1125 1842
964 1843
538 1844
580 1845
682 1846
253 1847
419 1848
91 1849
955 1850
1556 1851
1416 1852
57 1853
1477 1854
968 1855
722 1856
356 1857
1343 1858
133 1859
871 1860
405 1861
958 1862
1281 1863
1684 1864
145 1865
1642 1866
1170 1867
410 1868
1175 1869
9 1870
312 1871
1449 1872
382 1873
254 1874
560 1875
1511 1876
304 1877
596 1878
1199 1879
501 1880
1164 1881
1014 1882
795 1883
800 1884
1377 1885
1218 1886
779 1887
1129 1888
272 1889
1690 1890
454 1891
1654 1892
814 1893
271 1894
1423 1895
1327 1896
947 1897
802 1898
184 1899
1178 1900
835 1901
1448 1902
421 1903
1076 1904
6 1905
1489 1906
1075 1907
773 1908
340 1909
1873 1910
1296 1911
1721 1912
15 1913
897 1914
834 1915
305 1916
1571 1917
954 1918
273 1919
1491 1920
1722 1921
1776 1922
704 1923
1137 1924
199 1925
398 1926
1431 1927
696 1928
1501 1929
834 1930
1435 1931
1503 1932
296 1933
664 1934
1009 1935
225 1936
372 1937
796 1938
425 1939
794 1940
953 1941
62 1942
419 1943
1689 1944
632 1945
301 1946
1712 1947
129 1948
729 1949
436 1950
527 1951
1904 1952
1676 1953
980 1954
87 1955
1725 1956
1147 1957
1536 1958
1659 1959
1568 1960
1850 1961
76 1962
1863 1963
116 1964
1666 1965
1916 1966
735 1967
1614 1968
365 1969
77 1970
1929 1971
1700 1972
1567 1973
254 1974
437 1975
949 1976
1028 1977
440 1978
406 1979
1747 1980
201 1981
1059 1982
1470 1983
640 1984
1198 1985
4 1986
333 1987
1485 1988
1125 1989
558 1990
1414 1991
250 1992
1605 1993
264 1994
434 1995
367 1996
1662 1997
1903 1998
980 1999
1211 2000
797 2001
633 2002
112 2003
1113 2004
465 2005
1127 2006
440 2007
730 2008
586 2009
232 2010
1685 2011
1060 2012
1271 2013
1766 2014
1823 2015
534 2016
1393 2017
466 2018
812 2019
1421 2020
255 2021
1767 2022
1783 2023
1804 2024
1401 2025
420 2026
152 2027
72 2028
1195 2029
228 2030
893 2031
1387 2032
884 2033
1597 2034
1318 2035
307 2036
642 2037
1501 2038
1169 2039
221 2040
855 2041
57 2042
418 2043
596 2044
205 2045
846 2046
285 2047
1774 2048
1928 2049
546 2050
819 2051
1892 2052
1066 2053
640 2054
373 2055
1459 2056
1761 2057
945 2058
1256 2059
588 2060
549 2061
40 2062
1298 2063
896 2064
1421 2065
229 2066
1987 2067
774 2068
981 2069
1111 2070
630 2071
629 2072
1720 2073
976 2074
1085 2075
30 2076
1332 2077
179 2078
1754 2079
1330 2080
1720 2081
1787 2082
1445 2083
600 2084
1494 2085
26 2086
1893 2087
1831 2088
1891 2089
151 2090
1016 2091
512 2092
1394 2093
1205 2094
188 2095
19 2096
1419 2097
1669 2098
1917 2099
1702 2100
1219 2101
718 2102
1941 2103
1524 2104
1033 2105
818 2106
1670 2107
1204 2108
1999 2109
776 2110
263 2111
55 2112
1934 2113
781 2114
326 2115
1181 2116
954 2117
285 2118
507 2119
735 2120
2073 2121
1471 2122
1588 2123
494 2124
2053 2125
1803 2126
1607 2127
228 2128
61 2129
496 2130
1771 2131
1922 2132
1956 2133
363 2134
849 2135
893 2136
1400 2137
1586 2138
1715 2139
171 2140
525 2141
2013 2142
430 2143
1883 2144
867 2145
237 2146
1572 2147
978 2148
1424 2149
1888 2150
1121 2151
1773 2152
381 2153
1762 2154
1031 2155
1958 2156
192 2157
1166 2158
640 2159
1605 2160
54 2161
1728 2162
937 2163
2019 2164
1639 2165
992 2166
265 2167
1885 2168
1132 2169
710 2170
960 2171
1946 2172
1438 2173
1519 2174
980 2175
1026 2176
345 2177
349 2178
2135 2179
624 2180
2037 2181
159 2182
188 2183
2112 2184
349 2185
209 2186
1878 2187
1060 2188
206 2189
532 2190
30 2191
102 2192
350 2193
2170 2194
49 2195
1753 2196
2128 2197
651 2198
94 2199
1895 2200
1423 2201
2156 2202
1574 2203
1766 2204
1512 2205
1772 2206
937 2207
1295 2208
472 2209
913 2210
1311 2211
1084 2212
180 2213
657 2214
1883 2215
1824 2216
1806 2217
1323 2218
1865 2219
2082 2220
250 2221
115 2222
1631 2223
1007 2224
850 2225
1799 2226
927 2227
817 2228
307 2229
1785 2230
952 2231
635 2232
147 2233
1978 2234
278 2235
1655 2236
1135 2237
181 2238
963 2239
652 2240
146 2241
121 2242
604 2243
1794 2244
1670 2245
2209 2246
1993 2247
2013 2248
1044 2249
719 2250
1702 2251
402 2252
1670 2253
1417 2254
408 2255
1699 2256
1113 2257
1067 2258
1075 2259
2174 2260
1315 2261
1919 2262
644 2263
1267 2264
1755 2265
1116 2266
410 2267
623 2268
335 2269
709 2270
2239 2271
1944 2272
1498 2273
120 2274
1176 2275
182 2276
1298 2277
889 2278
2162 2279
257 2280
1180 2281
697 2282
1252 2283
1660 2284
904 2285
1444 2286
1854 2287
2114 2288
776 2289
806 2290
1680 2291
1799 2292
281 2293
658 2294
667 2295
1825 2296
1077 2297
2022 2298
183 2299
2059 2300
242 2301
107 2302
1783 2303
2303 2304
1692 2305
2002 2306
1640 2307
2106 2308
814 2309
697 2310
1346 2311
2098 2312
1150 2313
2023 2314
1541 2315
766 2316
431 2317
1733 2318
815 2319
236 2320
1538 2321
2185 2322
155 2323
1723 2324
2209 2325
286 2326
642 2327
1263 2328
947 2329
48 2330
1630 2331
1102 2332
730 2333
713 2334
1781 2335
162 2336
1153 2337
18 2338
458 2339
1392 2340
976 2341
414 2342
1523 2343
522 2344
2280 2345
1756 2346
1345 2347
347 2348
488 2349
1735 2350
350 2351
499 2352
1053 2353
43 2354
894 2355
1353 2356
514 2357
594 2358
13 2359
51 2360
2149 2361
79 2362
1751 2363
1480 2364
1918 2365
1924 2366
825 2367
1394 2368
1368 2369
1128 2370
61 2371
1331 2372
267 2373
824 2374
380 2375
826 2376
478 2377
2298 2378
13 2379
30 2380
2143 2381
512 2382
369 2383
1257 2384
1349 2385
1980 2386
1055 2387
354 2388
740 2389
2290 2390
2251 2391
2297 2392
363 2393
1451 2394
1369 2395
74 2396
425 2397
2367 2398
2119 2399
77 2400
363 2401
501 2402
2339 2403
2139 2404
37 2405
798 2406
417 2407
1819 2408
1565 2409
324 2410
845 2411
410 2412
1356 2413
825 2414
2073 2415
87 2416
510 2417
1997 2418
1853 2419
1901 2420
1014 2421
521 2422
1668 2423
966 2424
596 2425
724 2426
576 2427
906 2428
223 2429
1338 2430
766 2431
664 2432
633 2433
722 2434
818 2435
435 2436
957 2437
2209 2438
2289 2439
1739 2440
1109 2441
161 2442
608 2443
1062 2444
1647 2445
778 2446
2344 2447
775 2448
326 2449
1371 2450
533 2451
2281 2452
1932 2453
1453 2454
1383 2455
1580 2456
2179 2457
22 2458
862 2459
2441 2460
1375 2461
1914 2462
1059 2463
2401 2464
487 2465
1584 2466
2359 2467
259 2468
2438 2469
2004 2470
1743 2471
181 2472
1150 2473
2223 2474
2073 2475
518 2476
1174 2477
2071 2478
760 2479
1950 2480
950 2481
243 2482
800 2483
1467 2484
866 2485
1443 2486
169 2487
2384 2488
1705 2489
2195 2490
555 2491
193 2492
2199 2493
1431 2494
1448 2495
362 2496
1112 2497
266 2498
1973 2499
1374 2500
1041 2501
1054 2502
2334 2503
1492 2504
1166 2505
895 2506
1287 2507
706 2508
1804 2509
436 2510
934 2511
1011 2512
1312 2513
165 2514
2266 2515
2271 2516
605 2517
2115 2518
996 2519
1580 2520
1777 2521
2362 2522
609 2523
25 2524
1723 2525
1061 2526
1277 2527
2230 2528
67 2529
1573 2530
1612 2531
1967 2532
489 2533
25 2534
212 2535
142 2536
641 2537
42 2538
799 2539
873 2540
2272 2541
2211 2542
2527 2543
536 2544
1300 2545
632 2546
1129 2547
1362 2548
2292 2549
235 2550
203 2551
693 2552
389 2553
1156 2554
1987 2555
356 2556
1652 2557
549 2558
2294 2559
1006 2560
1422 2561
1791 2562
1077 2563
1465 2564
2077 2565
316 2566
1471 2567
1513 2568
1990 2569
1912 2570
129 2571
349 2572
1614 2573
1875 2574
2460 2575
1922 2576
367 2577
679 2578
1203 2579
1653 2580
916 2581
478 2582
1329 2583
953 2584
2377 2585
784 2586
1686 2587
1026 2588
2111 2589
626 2590
1655 2591
747 2592
2581 2593
2339 2594
8 2595
937 2596
428 2597
2236 2598
1768 2599
707 2600
166 2601
2254 2602
759 2603
528 2604
2569 2605
1249 2606
136 2607
2522 2608
502 2609
1224 2610
2363 2611
554 2612
191 2613
1312 2614
2394 2615
1467 2616
2051 2617
332 2618
1824 2619
1702 2620
2520 2621
1732 2622
336 2623
850 2624
417 2625
2180 2626
2456 2627
2201 2628
1869 2629
1808 2630
2604 2631
2434 2632
1195 2633
1362 2634
2292 2635
1397 2636
728 2637
493 2638
1905 2639
661 2640
1985 2641
1530 2642
1253 2643
474 2644
716 2645
1982 2646
669 2647
962 2648
411 2649
2074 2650
1029 2651
468 2652
725 2653
855 2654
352 2655
2223 2656
2529 2657
1999 2658
663 2659
323 2660
1646 2661
638 2662
1387 2663
2639 2664
436 2665
511 2666
278 2667
820 2668
2221 2669
2130 2670
691 2671
1045 2672
1841 2673
975 2674
48 2675
1239 2676
2005 2677
271 2678
353 2679
69 2680
336 2681
1765 2682
1034 2683
2192 2684
486 2685
1485 2686
397 2687
265 2688
2636 2689
1572 2690
436 2691
230 2692
1028 2693
602 2694
2081 2695
142 2696
2674 2697
1860 2698
1366 2699
2024 2700
222 2701
83 2702
1270 2703
1270 2704
180 2705
1704 2706
787 2707
890 2708
1006 2709
2208 2710
441 2711
1809 2712
1620 2713
2301 2714
701 2715
2125 2716
1543 2717
572 2718
1211 2719
494 2720
1707 2721
1739 2722
918 2723
1516 2724
2334 2725
2397 2726
1230 2727
1746 2728
2187 2729
1291 2730
1028 2731
600 2732
848 2733
1177 2734
1878 2735
1324 2736
1775 2737
1937 2738
1133 2739
532 2740
1348 2741
1173 2742
2617 2743
911 2744
606 2745
130 2746
157 2747
1949 2748
1056 2749
2521 2750
2025 2751
1007 2752
2640 2753
719 2754
792 2755
2315 2756
858 2757
62 2758
823 2759
1265 2760
1654 2761
2569 2762
989 2763
1885 2764
2671 2765
1502 2766
339 2767
1871 2768
2224 2769
1855 2770
490 2771
190 2772
874 2773
2275 2774
742 2775
2358 2776
309 2777
1599 2778
224 2779
1102 2780
717 2781
238 2782
1752 2783
1512 2784
2542 2785
2258 2786
648 2787
2369 2788
1624 2789
234 2790
116 2791
1912 2792
2670 2793
1243 2794
307 2795
932 2796
2165 2797
744 2798
1433 2799
2516 2800
170 2801
1251 2802
372 2803
2177 2804
1845 2805
2544 2806
2387 2807
1719 2808
890 2809
1726 2810
2794 2811
1562 2812
2673 2813
526 2814
1079 2815
454 2816
1926 2817
2639 2818
271 2819
1592 2820
378 2821
279 2822
89 2823
2151 2824
1648 2825
1218 2826
1279 2827
2565 2828
2320 2829
983 2830
1855 2831
2583 2832
1850 2833
1378 2834
1824 2835
2706 2836
1270 2837
640 2838
2345 2839
861 2840
417 2841
2393 2842
2001 2843
1765 2844
2066 2845
124 2846
201 2847
43 2848
204 2849
2673 2850
1415 2851
2531 2852
2126 2853
934 2854
2317 2855
228 2856
2279 2857
2502 2858
828 2859
2241 2860
2529 2861
1357 2862
149 2863
2099 2864
1100 2865
2728 2866
829 2867
2009 2868
1868 2869
532 2870
735 2871
2050 2872
2228 2873
2831 2874
2836 2875
2468 2876
2419 2877
2450 2878
1567 2879
906 2880
2210 2881
2799 2882
1731 2883
1827 2884
1198 2885
2339 2886
1106 2887
239 2888
298 2889
815 2890
2259 2891
2594 2892
2800 2893
2459 2894
1816 2895
349 2896
1885 2897
438 2898
727 2899
1908 2900
1721 2901
1748 2902
1899 2903
1081 2904
1453 2905
389 2906
1763 2907
259 2908
1652 2909
1622 2910
2652 2911
812 2912
916 2913
1293 2914
2813 2915
711 2916
1240 2917
1061 2918
736 2919
386 2920
1228 2921
978 2922
1770 2923
1091 2924
1302 2925
1733 2926
210 2927
335 2928
956 2929
2727 2930
1811 2931
488 2932
2083 2933
1469 2934
980 2935
376 2936
2712 2937
1779 2938
2539 2939
211 2940
462 2941
2163 2942
183 2943
1268 2944
2092 2945
2159 2946
1951 2947
2279 2948
450 2949
1086 2950
1515 2951
2931 2952
2489 2953
245 2954
849 2955
2007 2956
1658 2957
462 2958
2137 2959
201 2960
1825 2961
2342 2962
1109 2963
976 2964
862 2965
2185 2966
496 2967
1644 2968
530 2969
1731 2970
114 2971
432 2972
2031 2973
449 2974
868 2975
1567 2976
2048 2977
2684 2978
2102 2979
19 2980
2233 2981
469 2982
2332 2983
127 2984
2965 2985
2103 2986
815 2987
1991 2988
2774 2989
455 2990
2659 2991
1923 2992
2561 2993
203 2994
2778 2995
1867 2996
531 2997
2155 2998
2598 2999
778 3000
1997 3001
1619 3002
2552 3003
2844 3004
2487 3005
2336 3006
547 3007
2157 3008
275 3009
1800 3010
2662 3011
2678 3012
1837 3013
2633 3014
1718 3015
727 3016
2829 3017
1038 3018
235 3019
1587 3020
2662 3021
2899 3022
416 3023
2337 3024
2976 3025
1235 3026
2785 3027
2545 3028
2030 3029
2515 3030
2015 3031
1958 3032
1653 3033
1203 3034
2182 3035
661 3036
636 3037
442 3038
1083 3039
210 3040
2624 3041
1297 3042
1228 3043
424 3044
429 3045
2099 3046
2283 3047
992 3048
438 3049
340 3050
1525 3051
543 3052
2801 3053
64 3054
2688 3055
2940 3056
2588 3057
120 3058
595 3059
1028 3060
2006 3061
1614 3062
3058 3063
571 3064
2997 3065
2282 3066
1159 3067
711 3068
2794 3069
154 3070
2562 3071
2768 3072
1923 3073
2931 3074
1013 3075
2000 3076
1352 3077
436 3078
473 3079
2979 3080
3050 3081
1500 3082
696 3083
2735 3084
2052 3085
2648 3086
2366 3087
1443 3088
1714 3089
1298 3090
769 3091
2752 3092
187 3093
1765 3094
3060 3095
2994 3096
229 3097
518 3098
2741 3099
891 3100
174 3101
2550 3102
2799 3103
1646 3104
1647 3105
1038 3106
2072 3107
1329 3108
2021 3109
172 3110
350 3111
283 3112
1517 3113
867 3114
1003 3115
2006 3116
2252 3117
1091 3118
2092 3119
2806 3120
324 3121
1578 3122
391 3123
1281 3124
1254 3125
1045 3126
2508 3127
2410 3128
2795 3129
719 3130
2269 3131
1213 3132
1817 3133
1273 3134
1236 3135
514 3136
106 3137
538 3138
105 3139
1716 3140
1293 3141
1311 3142
1711 3143
245 3144
2646 3145
2557 3146
1521 3147
2287 3148
1295 3149
2842 3150
2181 3151
1087 3152
2529 3153
3080 3154
80 3155
3037 3156
581 3157
352 3158
1746 3159
1594 3160
1860 3161
575 3162
992 3163
3102 3164
1778 3165
2053 3166
2022 3167
2311 3168
1980 3169
1119 3170
1973 3171
1462 3172
856 3173
545 3174
3010 3175
969 3176
1184 3177
880 3178
2719 3179
2417 3180
2366 3181
1216 3182
135 3183
1027 3184
1362 3185
2648 3186
1049 3187
585 3188
1767 3189
1834 3190
1385 3191
1362 3192
1034 3193
2094 3194
1422 3195
2658 3196
3011 3197
2931 3198
504 3199
575 3200
2940 3201
944 3202
30 3203
2419 3204
2008 3205
2445 3206
955 3207
883 3208
1641 3209
3167 3210
2075 3211
2806 3212
517 3213
400 3214
2772 3215
1345 3216
2377 3217
1389 3218
2663 3219
743 3220
2437 3221
2604 3222
929 3223
339 3224
3197 3225
1731 3226
321 3227
1075 3228
65 3229
2575 3230
978 3231
2572 3232
3210 3233
2393 3234
368 3235
1514 3236
1985 3237
1628 3238
3154 3239
3182 3240
2815 3241
206 3242
51 3243
1076 3244
2353 3245
1535 3246
434 3247
1797 3248
1784 3249
2051 3250
1282 3251
785 3252
226 3253
1927 3254
2413 3255
1605 3256
2328 3257
1231 3258
361 3259
249 3260
1201 3261
2390 3262
562 3263
1004 3264
547 3265
1771 3266
2997 3267
1321 3268
2216 3269
1851 3270
2453 3271
2528 3272
30 3273
680 3274
411 3275
2071 3276
2700 3277
1614 3278
235 3279
2663 3280
1554 3281
1037 3282
1858 3283
2843 3284
1948 3285
1802 3286
520 3287
2960 3288
2970 3289
2992 3290
1435 3291
1507 3292
2137 3293
598 3294
2537 3295
234 3296
2626 3297
1934 3298
1004 3299
43 3300
3108 3301
2310 3302
2998 3303
2607 3304
525 3305
2118 3306
2151 3307
3069 3308
233 3309
90 3310
2642 3311
1345 3312
3231 3313
521 3314
1709 3315
449 3316
1079 3317
2353 3318
2405 3319
579 3320
2790 3321
1061 3322
782 3323
1242 3324
754 3325
1494 3326
2348 3327
308 3328
1925 3329
3164 3330
1080 3331
1454 3332
3096 3333
41 3334
2414 3335
1306 3336
2224 3337
1748 3338
2951 3339
2510 3340
1304 3341
623 3342
1029 3343
56 3344
2033 3345
624 3346
2010 3347
630 3348
1445 3349
3117 3350
1518 3351
371 3352
1240 3353
3247 3354
310 3355
657 3356
1388 3357
1774 3358
246 3359
577 3360
1324 3361
1084 3362
3215 3363
2347 3364
180 3365
3044 3366
1353 3367
1604 3368
2405 3369
3075 3370
2012 3371
392 3372
1150 3373
2825 3374
2265 3375
354 3376
686 3377
550 3378
2944 3379
587 3380
2447 3381
293 3382
652 3383
709 3384
2770 3385
258 3386
719 3387
2076 3388
1706 3389
1821 3390
2661 3391
2862 3392
1586 3393
1382 3394
847 3395
1529 3396
2052 3397
1750 3398
2593 3399
2748 3400
2370 3401
1307 3402
116 3403
2287 3404
192 3405
3356 3406
2174 3407
894 3408
56 3409
1986 3410
3388 3411
1707 3412
233 3413
771 3414
2743 3415
541 3416
1517 3417
2371 3418
425 3419
2002 3420
202 3421
872 3422
315 3423
2764 3424
523 3425
2765 3426
3311 3427
2330 3428
1258 3429
2407 3430
3040 3431
3276 3432
2865 3433
349 3434
1415 3435
2642 3436
3102 3437
2203 3438
2877 3439
11 3440
778 3441
1021 3442
3308 3443
727 3444
3278 3445
1159 3446
2151 3447
2886 3448
3411 3449
2927 3450
2020 3451
2068 3452
602 3453
827 3454
561 3455
2446 3456
1377 3457
1174 3458
717 3459
2544 3460
1684 3461
1343 3462
2363 3463
441 3464
314 3465
567 3466
228 3467
2202 3468
3103 3469
2537 3470
2013 3471
512 3472
937 3473
331 3474
2603 3475
1666 3476
1771 3477
317 3478
2702 3479
2653 3480
2606 3481
786 3482
597 3483
2400 3484
2454 3485
1800 3486
1180 3487
1282 3488
869 3489
3155 3490
2988 3491
1304 3492
854 3493
1125 3494
2640 3495
2595 3496
1451 3497
1270 3498
430 3499
3024 3500
1366 3501
2524 3502
1935 3503
401 3504
1206 3505
1445 3506
3011 3507
2577 3508
1055 3509
614 3510
256 3511
810 3512
454 3513
2717 3514
938 3515
3444 3516
1233 3517
156 3518
537 3519
3470 3520
845 3521
45 3522
111 3523
3024 3524
2079 3525
938 3526
3256 3527
1840 3528
1457 3529
527 3530
3102 3531
3181 3532
3298 3533
1988 3534
3147 3535
2358 3536
3089 3537
3397 3538
445 3539
1179 3540
1922 3541
3137 3542
2072 3543
3392 3544
27 3545
2186 3546
923 3547
1102 3548
776 3549
3527 3550
1144 3551
2392 3552
3109 3553
3024 3554
1570 3555
466 3556
2841 3557
3145 3558
3198 3559
1465 3560
318 3561
3144 3562
1512 3563
3546 3564
432 3565
1018 3566
1464 3567
1832 3568
2817 3569
183 3570
1253 3571
3450 3572
61 3573
2956 3574
2632 3575
3550 3576
2678 3577
3026 3578
2082 3579
93 3580
13 3581
3510 3582
1881 3583
2345 3584
1560 3585
2237 3586
183 3587
2363 3588
1508 3589
420 3590
493 3591
1339 3592
239 3593
1930 3594
370 3595
1421 3596
2044 3597
2876 3598
3276 3599
2726 3600
3064 3601
3241 3602
1949 3603
1024 3604
2672 3605
259 3606
325 3607
770 3608
1246 3609
1673 3610
1233 3611
1012 3612
2803 3613
2685 3614
2284 3615
2872 3616
1050 3617
614 3618
2531 3619
155 3620
3429 3621
47 3622
1655 3623
678 3624
2425 3625
3440 3626
511 3627
3113 3628
2005 3629
2159 3630
89 3631
169 3632
332 3633
1381 3634
2153 3635
730 3636
3031 3637
1642 3638
2611 3639
1551 3640
844 3641
2303 3642
683 3643
1867 3644
2065 3645
1473 3646
2200 3647
2182 3648
3598 3649
2027 3650
3438 3651
1583 3652
2151 3653
2288 3654
1551 3655
2863 3656
3595 3657
3508 3658
1260 3659
2621 3660
2414 3661
3012 3662
2880 3663
896 3664
1231 3665
2072 3666
1600 3667
1991 3668
1056 3669
836 3670
2381 3671
2752 3672
766 3673
1732 3674
2200 3675
783 3676
1672 3677
2498 3678
1887 3679
2725 3680
437 3681
3568 3682
848 3683
995 3684
2441 3685
2557 3686
601 3687
724 3688
69 3689
2517 3690
957 3691
2709 3692
848 3693
1936 3694
3086 3695
1722 3696
490 3697
1247 3698
1410 3699
49 3700
2138 3701
688 3702
2365 3703
2504 3704
1845 3705
3611 3706
2846 3707
430 3708
3655 3709
248 3710
1399 3711
578 3712
174 3713
961 3714
1989 3715
1431 3716
2671 3717
3005 3718
123 3719
639 3720
353 3721
2937 3722
2301 3723
3607 3724
3678 3725
2380 3726
2398 3727
798 3728
714 3729
3450 3730
2127 3731
1496 3732
1373 3733
1874 3734
678 3735
782 3736
1597 3737
3244 3738
3239 3739
1831 3740
1010 3741
1356 3742
933 3743
2489 3744
2719 3745
1491 3746
3598 3747
1779 3748
3151 3749
1417 3750
2249 3751
3508 3752
2478 3753
2785 3754
720 3755
1377 3756
3201 3757
2038 3758
3276 3759
256 3760
832 3761
1201 3762
2629 3763
618 3764
3032 3765
272 3766
671 3767
1082 3768
789 3769
24 3770
3358 3771
529 3772
1126 3773
1585 3774
3751 3775
2216 3776
65 3777
1836 3778
1513 3779
184 3780
1949 3781
3365 3782
1617 3783
2054 3784
3503 3785
1776 3786
3478 3787
1304 3788
2397 3789
3581 3790
2353 3791
2001 3792
349 3793
105 3794
1099 3795
3353 3796
3280 3797
2408 3798
3149 3799
2694 3800
89 3801
2433 3802
1942 3803
1449 3804
933 3805
490 3806
217 3807
1654 3808
3663 3809
2956 3810
3145 3811
557 3812
2081 3813
1473 3814
1381 3815
2601 3816
843 3817
2179 3818
613 3819
3273 3820
3186 3821
971 3822
1478 3823
1156 3824
2341 3825
2186 3826
943 3827
405 3828
2646 3829
57 3830
2779 3831
1355 3832
1462 3833
3751 3834
423 3835
1013 3836
1386 3837
1878 3838
3704 3839
217 3840
1979 3841
2389 3842
2919 3843
1414 3844
2515 3845
1683 3846
2803 3847
2720 3848
2674 3849
2729 3850
255 3851
1926 3852
2700 3853
19 3854
2458 3855
3107 3856
931 3857
3320 3858
925 3859
693 3860
2433 3861
533 3862
3668 3863
50 3864
2374 3865
370 3866
2721 3867
3009 3868
3457 3869
3052 3870
2269 3871
3253 3872
1436 3873
2434 3874
170 3875
3267 3876
1818 3877
1393 3878
1313 3879
1134 3880
2864 3881
3576 3882
2157 3883
2587 3884
1011 3885
1232 3886
331 3887
2506 3888
259 3889
205 3890
1777 3891
2112 3892
205 3893
994 3894
1167 3895
1498 3896
3168 3897
2816 3898
1861 3899
2345 3900
477 3901
1831 3902
2372 3903
1093 3904
3268 3905
2866 3906
2190 3907
2510 3908
1055 3909
2560 3910
2347 3911
1630 3912
923 3913
2371 3914
2531 3915
3737 3916
1463 3917
2892 3918
2754 3919
940 3920
1838 3921
3014 3922
1162 3923
3715 3924
3244 3925
3350 3926
56 3927
1750 3928
3122 3929
1241 3930
1306 3931
37 3932
1592 3933
1517 3934
2482 3935
3736 3936
1859 3937
1891 3938
1622 3939
118 3940
344 3941
3015 3942
343 3943
2555 3944
78 3945
3551 3946
1264 3947
3823 3948
1870 3949
2519 3950
2020 3951
262 3952
836 3953
3543 3954
1797 3955
3729 3956
3916 3957
2847 3958
836 3959
1830 3960
1456 3961
2550 3962
3961 3963
3089 3964
1210 3965
409 3966
3313 3967
3711 3968
2304 3969
2951 3970
494 3971
3811 3972
2062 3973
3876 3974
1765 3975
3016 3976
1934 3977
1907 3978
3622 3979
2059 3980
2755 3981
1742 3982
697 3983
3785 3984
520 3985
236 3986
842 3987
2866 3988
298 3989
3391 3990
233 3991
60 3992
3568 3993
3316 3994
2885 3995
2394 3996
483 3997
2414 3998
1144 3999
2303 4000
3791 4001
3490 4002
102 4003
3200 4004
1886 4005
1521 4006
1621 4007
3135 4008
3188 4009
1432 4010
3042 4011
1260 4012
2621 4013
3186 4014
3695 4015
3001 4016
2217 4017
1424 4018
1066 4019
3762 4020
2908 4021
1771 4022
3766 4023
1846 4024
3364 4025
3540 4026
3501 4027
3735 4028
1085 4029
146 4030
748 4031
3345 4032
3504 4033
269 4034
2118 4035
144 4036
619 4037
112 4038
3845 4039
2237 4040
2073 4041
2136 4042
3646 4043
1246 4044
3135 4045
422 4046
1301 4047
1165 4048
3764 4049
338 4050
3832 4051
1065 4052
3800 4053
310 4054
697 4055
1610 4056
2805 4057
2431 4058
2498 4059
2650 4060
4030 4061
2033 4062
2904 4063
1568 4064
336 4065
3051 4066
1952 4067
1987 4068
323 4069
2208 4070
3934 4071
2095 4072
1153 4073
1727 4074
3386 4075
770 4076
4017 4077
1374 4078
1181 4079
3997 4080
3415 4081
1393 4082
1468 4083
731 4084
1068 4085
2118 4086
2317 4087
2815 4088
3448 4089
3022 4090
3885 4091
1773 4092
356 4093
100 4094
3366 4095
963 4096
2510 4097
2628 4098
3560 4099
27 4100
3677 4101
2091 4102
2139 4103
2913 4104
3408 4105
1188 4106
68 4107
1063 4108
1736 4109
879 4110
3440 4111
1676 4112
1097 4113
1865 4114
1375 4115
3122 4116
2909 4117
2791 4118
2033 4119
3961 4120
196 4121
2221 4122
3947 4123
1207 4124
3555 4125
965 4126
387 4127
1796 4128
3417 4129
285 4130
3148 4131
3103 4132
960 4133
4019 4134
101 4135
1129 4136
2664 4137
2231 4138
3329 4139
3872 4140
1113 4141
3697 4142
2765 4143
643 4144
1418 4145
1460 4146
2295 4147
3220 4148
3774 4149
3988 4150
573 4151
3328 4152
2819 4153
1970 4154
2520 4155
898 4156
1679 4157
3235 4158
400 4159
3064 4160
2311 4161
19 4162
2929 4163
1696 4164
286 4165
288 4166
613 4167
1633 4168
57 4169
207 4170
1988 4171
2411 4172
1087 4173
1549 4174
884 4175
3405 4176
770 4177
3035 4178
2359 4179
2920 4180
3439 4181
2015 4182
2470 4183
143 4184
1339 4185
1355 4186
3401 4187
1338 4188
3192 4189
4141 4190
1821 4191
431 4192
1681 4193
4180 4194
149 4195
1376 4196
2705 4197
2346 4198
1547 4199
2605 4200
1709 4201
471 4202
1621 4203
775 4204
2463 4205
1564 4206
2264 4207
802 4208
3690 4209
4057 4210
1717 4211
811 4212
2762 4213
1158 4214
1363 4215
1914 4216
2876 4217
1424 4218
2136 4219
2181 4220
105 4221
1124 4222
2457 4223
3481 4224
1568 4225
3593 4226
3499 4227
176 4228
2655 4229
3433 4230
3408 4231
2739 4232
3825 4233
555 4234
1432 4235
2325 4236
1268 4237
2771 4238
1991 4239
1087 4240
1772 4241
3897 4242
414 4243
1976 4244
430 4245
23 4246
674 4247
43 4248
712 4249
2757 4250
2090 4251
821 4252
1083 4253
2441 4254
1031 4255
2917 4256
1064 4257
1876 4258
2459 4259
1752 4260
456 4261
3618 4262
1148 4263
3971 4264
3265 4265
3107 4266
2409 4267
3993 4268
1925 4269
3002 4270
976 4271
319 4272
2338 4273
1886 4274
761 4275
1860 4276
1422 4277
616 4278
3985 4279
3872 4280
1100 4281
783 4282
1426 4283
4217 4284
3006 4285
1451 4286
1047 4287
2010 4288
4118 4289
105 4290
3498 4291
1184 4292
4250 4293
604 4294
1075 4295
2235 4296
2099 4297
749 4298
2523 4299
1934 4300
2230 4301
1789 4302
2374 4303
3617 4304
3286 4305
4281 4306
778 4307
229 4308
2316 4309
285 4310
1264 4311
2241 4312
718 4313
563 4314
733 4315
3997 4316
2491 4317
2739 4318
3241 4319
2429 4320
1668 4321
765 4322
1018 4323
3637 4324
2932 4325
3464 4326
4097 4327
4093 4328
3911 4329
2560 4330
84 4331
2375 4332
3977 4333
334 4334
3069 4335
2015 4336
3938 4337
1467 4338
488 4339
379 4340
2801 4341
3685 4342
1064 4343
2673 4344
1100 4345
2137 4346
655 4347
2113 4348
4191 4349
4086 4350
2730 4351
2782 4352
3830 4353
411 4354
4188 4355
1357 4356
1914 4357
1812 4358
551 4359
3840 4360
2107 4361
3301 4362
3807 4363
2306 4364
972 4365
3093 4366
2145 4367
2099 4368
107 4369
980 4370
2766 4371
999 4372
411 4373
3491 4374
3995 4375
1379 4376
1930 4377
1898 4378
2819 4379
3051 4380
478 4381
1998 4382
679 4383
3029 4384
1281 4385
4272 4386
1880 4387
3654 4388
1139 4389
289 4390
1027 4391
776 4392
6 4393
3327 4394
2740 4395
635 4396
4251 4397
2329 4398
3198 4399
502 4400
4395 4401
3955 4402
616 4403
23 4404
3186 4405
348 4406
14 4407
1723 4408
656 4409
1811 4410
3415 4411
656 4412
502 4413
2987 4414
2990 4415
1915 4416
1153 4417
1873 4418
4262 4419
550 4420
1826 4421
2839 4422
4278 4423
3991 4424
565 4425
3126 4426
2631 4427
1329 4428
1811 4429
2826 4430
406 4431
2806 4432
4254 4433
776 4434
2716 4435
2105 4436
870 4437
2226 4438
3907 4439
357 4440
988 4441
190 4442
3069 4443
1262 4444
307 4445
1208 4446
3059 4447
2024 4448
3418 4449
609 4450
563 4451
16 4452
3112 4453
3123 4454
2389 4455
12 4456
1532 4457
3465 4458
3894 4459
1027 4460
2042 4461
1817 4462
2149 4463
209 4464
1088 4465
1986 4466
1540 4467
1957 4468
1698 4469
3365 4470
4196 4471
2716 4472
854 4473
3998 4474
1762 4475
1531 4476
2002 4477
821 4478
684 4479
965 4480
3887 4481
1056 4482
122 4483
1107 4484
2234 4485
1485 4486
347 4487
1609 4488
1357 4489
2902 4490
4309 4491
3478 4492
3232 4493
4069 4494
4093 4495
2924 4496
1287 4497
1726 4498
486 4499
3499 4500
3122 4501
967 4502
1309 4503
4321 4504
433 4505
1995 4506
802 4507
1345 4508
4300 4509
4179 4510
3754 4511
3591 4512
1650 4513
51 4514
2592 4515
1622 4516
3409 4517
142 4518
3860 4519
2379 4520
2768 4521
567 4522
2027 4523
3091 4524
2534 4525
1750 4526
712 4527
843 4528
838 4529
125 4530
4058 4531
4379 4532
2079 4533
611 4534
1247 4535
517 4536
3520 4537
1224 4538
1096 4539
2584 4540
1074 4541
607 4542
2078 4543
1337 4544
2567 4545
525 4546
2803 4547
4240 4548
4331 4549
600 4550
1491 4551
1747 4552
1107 4553
1784 4554
687 4555
100 4556
4197 4557
3852 4558
1427 4559
703 4560
1219 4561
2575 4562
1217 4563
2031 4564
1500 4565
1632 4566
4478 4567
2611 4568
320 4569
832 4570
1083 4571
3116 4572
2030 4573
2176 4574
1787 4575
625 4576
4296 4577
1511 4578
2577 4579
309 4580
3282 4581
504 4582
2385 4583
4229 4584
1201 4585
315 4586
1128 4587
1121 4588
4585 4589
4096 4590
4104 4591
3424 4592
252 4593
3666 4594
3614 4595
3448 4596
599 4597
2945 4598
2282 4599
650 4600
4466 4601
3532 4602
613 4603
3033 4604
3058 4605
4557 4606
2740 4607
1834 4608
1917 4609
4197 4610
3438 4611
2785 4612
483 4613
3464 4614
3484 4615
39 4616
720 4617
2176 4618
1521 4619
1301 4620
4329 4621
645 4622
3537 4623
2688 4624
215 4625
934 4626
3122 4627
603 4628
607 4629
2873 4630
3707 4631
2711 4632
3533 4633
234 4634
4395 4635
1446 4636
3887 4637
1810 4638
2940 4639
2738 4640
1010 4641
1186 4642
3409 4643
2663 4644
1318 4645
4629 4646
1638 4647
4335 4648
317 4649
3530 4650
871 4651
2735 4652
2787 4653
1886 4654
3781 4655
1745 4656
631 4657
361 4658
1115 4659
1995 4660
2936 4661
203 4662
3311 4663
1959 4664
1917 4665
4194 4666
652 4667
3603 4668
3800 4669
1288 4670
2699 4671
1943 4672
1493 4673
3911 4674
3283 4675
122 4676
407 4677
1633 4678
1286 4679
1231 4680
1876 4681
741 4682
3010 4683
238 4684
1135 4685
3446 4686
845 4687
2666 4688
1951 4689
2253 4690
821 4691
1837 4692
4197 4693
852 4694
840 4695
174 4696
3730 4697
4043 4698
4065 4699
1372 4700
1305 4701
712 4702
440 4703
1684 4704
849 4705
1947 4706
3233 4707
2446 4708
4032 4709
4151 4710
4500 4711
3980 4712
883 4713
57 4714
342 4715
474 4716
4053 4717
3509 4718
398 4719
834 4720
2864 4721
4587 4722
3764 4723
2793 4724
2244 4725
670 4726
2621 4727
1184 4728
1997 4729
233 4730
586 4731
125 4732
1091 4733
1135 4734
180 4735
4175 4736
212 4737
451 4738
2941 4739
496 4740
1520 4741
405 4742
4518 4743
4288 4744
1913 4745
2778 4746
4197 4747
4513 4748
2902 4749
1446 4750
1878 4751
2492 4752
173 4753
1079 4754
578 4755
4136 4756
3597 4757
4264 4758
411 4759
3552 4760
1897 4761
4305 4762
81 4763
1294 4764
3413 4765
1134 4766
2965 4767
4541 4768
4683 4769
3225 4770
3299 4771
369 4772
4492 4773
1894 4774
372 4775
3087 4776
4571 4777
280 4778
1473 4779
4747 4780
3683 4781
3326 4782
2158 4783
3313 4784
2420 4785
574 4786
4293 4787
4573 4788
2402 4789
1304 4790
1475 4791
3268 4792
1096 4793
3257 4794
4756 4795
1404 4796
3535 4797
1800 4798
1487 4799
1783 4800
2063 4801
1476 4802
4282 4803
1034 4804
3281 4805
1596 4806
4291 4807
193 4808
2281 4809
3037 4810
247 4811
4731 4812
3477 4813
30 4814
134 4815
3825 4816
1878 4817
4398 4818
3044 4819
654 4820
356 4821
2821 4822
1915 4823
2835 4824
2182 4825
2828 4826
2719 4827
1178 4828
1075 4829
4007 4830
2698 4831
2344 4832
4136 4833
1887 4834
3968 4835
2911 4836
853 4837
1246 4838
2951 4839
4217 4840
1578 4841
3998 4842
2375 4843
3915 4844
2272 4845
1629 4846
3901 4847
3409 4848
2779 4849
3131 4850
1675 4851
4529 4852
1422 4853
585 4854
1046 4855
2086 4856
2937 4857
591 4858
177 4859
3136 4860
3770 4861
481 4862
676 4863
1712 4864
783 4865
1563 4866
3127 4867
258 4868
2334 4869
4291 4870
4624 4871
100 4872
108 4873
136 4874
2047 4875
3241 4876
520 4877
3505 4878
4487 4879
2504 4880
215 4881
4084 4882
2916 4883
2648 4884
2902 4885
4484 4886
1043 4887
1827 4888
467 4889
3437 4890
1004 4891
4473 4892
2468 4893
3061 4894
4582 4895
4063 4896
1057 4897
323 4898
3696 4899
743 4900
155 4901
848 4902
98 4903
1177 4904
3049 4905
4047 4906
220 4907
4598 4908
1488 4909
1987 4910
818 4911
3193 4912
1276 4913
3003 4914
2493 4915
3213 4916
4621 4917
1922 4918
4674 4919
4486 4920
4576 4921
1980 4922
709 4923
2908 4924
4699 4925
1393 4926
3429 4927
1993 4928
2068 4929
3665 4930
2451 4931
3838 4932
1464 4933
1434 4934
925 4935
2461 4936
1612 4937
1131 4938
1115 4939
426 4940
4765 4941
194 4942
1679 4943
3715 4944
2196 4945
2360 4946
1763 4947
4245 4948
426 4949
1770 4950
458 4951
1959 4952
2255 4953
33 4954
1205 4955
4352 4956
4909 4957
1382 4958
2462 4959
4092 4960
1500 4961
3993 4962
4252 4963
2356 4964
4045 4965
2041 4966
3440 4967
362 4968
801 4969
1059 4970
1714 4971
3531 4972
3937 4973
2163 4974
240 4975
2073 4976
3085 4977
3238 4978
1590 4979
3392 4980
664 4981
1510 4982
1929 4983
2827 4984
680 4985
88 4986
955 4987
4194 4988
473 4989
2910 4990
4746 4991
4249 4992
4647 4993
2550 4994
4282 4995
76 4996
1148 4997
830 4998
2069 4999
2264 5000
1015 5001
2218 5002
4579 5003
4951 5004
4538 5005
3905 5006
465 5007
116 5008
1057 5009
1496 5010
1251 5011
879 5012
3927 5013
734 5014
2024 5015
2829 5016
913 5017
277 5018
3626 5019
3400 5020
2462 5021
2307 5022
2935 5023
3055 5024
3329 5025
167 5026
18 5027
1192 5028
4732 5029
444 5030
4595 5031
4800 5032
3080 5033
919 5034
723 5035
1322 5036
581 5037
4127 5038
467 5039
3731 5040
4066 5041
915 5042
3057 5043
4089 5044
4635 5045
325 5046
3509 5047
1418 5048
133 5049
1126 5050
3036 5051
3261 5052
3733 5053
4989 5054
3201 5055
1819 5056
997 5057
4406 5058
4138 5059
2699 5060
1697 5061
3349 5062
4312 5063
3652 5064
647 5065
783 5066
2703 5067
2464 5068
3288 5069
326 5070
1607 5071
434 5072
4950 5073
4097 5074
1629 5075
1521 5076
2337 5077
4520 5078
878 5079
3121 5080
3444 5081
1628 5082
2768 5083
279 5084
4000 5085
453 5086
4912 5087
2119 5088
5003 5089
3877 5090
439 5091
1964 5092
537 5093
307 5094
4710 5095
37 5096
2847 5097
808 5098
4941 5099
3430 5100
4944 5101
2520 5102
4661 5103
1347 5104
4171 5105
4105 5106
5014 5107
3085 5108
2757 5109
3015 5110
2048 5111
586 5112
4471 5113
4047 5114
4295 5115
1460 5116
1671 5117
3653 5118
4764 5119
1585 5120
9 5121
4418 5122
969 5123
4963 5124
4276 5125
3092 5126
4608 5127
1858 5128
424 5129
2495 5130
2591 5131
4712 5132
107 5133
2364 5134
1435 5135
4631 5136
3270 5137
1489 5138
5015 5139
3551 5140
2459 5141
3716 5142
3148 5143
2144 5144
1659 5145
3563 5146
2951 5147
1483 5148
3570 5149
3282 5150
2054 5151
2505 5152
1622 5153
3430 5154
4841 5155
2029 5156
1851 5157
571 5158
3310 5159
1108 5160
752 5161
1859 5162
2300 5163
3560 5164
3986 5165
21 5166
3103 5167
3216 5168
2867 5169
1442 5170
3508 5171
3539 5172
3720 5173
1046 5174
1428 5175
2959 5176
2130 5177
563 5178
1988 5179
2068 5180
2633 5181
566 5182
2386 5183
3788 5184
761 5185
4549 5186
4885 5187
1059 5188
312 5189
4770 5190
1126 5191
2944 5192
3354 5193
1013 5194
2366 5195
2680 5196
3176 5197
3088 5198
3427 5199
798 5200
987 5201
1303 5202
2596 5203
1468 5204
3888 5205
3643 5206
3605 5207
3928 5208
3838 5209
4862 5210
4570 5211
3768 5212
3646 5213
2254 5214
3886 5215
4602 5216
2234 5217
2390 5218
2485 5219
1423 5220
1239 5221
3219 5222
4103 5223
1297 5224
2481 5225
4267 5226
2385 5227
3864 5228
2891 5229
771 5230
59 5231
1978 5232
395 5233
4316 5234
740 5235
3348 5236
1648 5237
2241 5238
1869 5239
1173 5240
4294 5241
3603 5242
4032 5243
883 5244
5117 5245
5129 5246
4605 5247
4584 5248
786 5249
1386 5250
73 5251
1115 5252
4519 5253
2392 5254
4504 5255
3894 5256
2468 5257
4434 5258
1052 5259
5059 5260
893 5261
413 5262
2002 5263
1816 5264
1139 5265
180 5266
4870 5267
3129 5268
1738 5269
3637 5270
2443 5271
5006 5272
3744 5273
3689 5274
2273 5275
2435 5276
3633 5277
4608 5278
3913 5279
4580 5280
4231 5281
3536 5282
1985 5283
502 5284
1684 5285
27 5286
4196 5287
4073 5288
350 5289
4352 5290
4681 5291
3535 5292
3381 5293
3719 5294
2447 5295
3380 5296
3326 5297
144 5298
1926 5299
2576 5300
4313 5301
1315 5302
1889 5303
739 5304
2381 5305
4474 5306
4362 5307
2487 5308
142 5309
4553 5310
3420 5311
4972 5312
4197 5313
3578 5314
2004 5315
2233 5316
4091 5317
4809 5318
3928 5319
3136 5320
4309 5321
3539 5322
3381 5323
207 5324
157 5325
313 5326
1424 5327
3552 5328
1420 5329
478 5330
1885 5331
517 5332
284 5333
905 5334
4789 5335
1158 5336
2104 5337
761 5338
3038 5339
5120 5340
781 5341
320 5342
5313 5343
4393 5344
4411 5345
3601 5346
4850 5347
2038 5348
3250 5349
1442 5350
4798 5351
5171 5352
524 5353
1298 5354
1357 5355
4300 5356
4809 5357
682 5358
422 5359
4472 5360
3980 5361
4238 5362
3587 5363
4526 5364
1679 5365
3138 5366
220 5367
4568 5368
642 5369
3192 5370
2906 5371
3081 5372
1425 5373
716 5374
1525 5375
3391 5376
4426 5377
5146 5378
3275 5379
3417 5380
631 5381
2588 5382
4684 5383
3315 5384
4173 5385
4348 5386
4597 5387
1420 5388
4568 5389
216 5390
162 5391
946 5392
5336 5393
875 5394
757 5395
1625 5396
5043 5397
30 5398
4093 5399
1100 5400
1379 5401
2774 5402
2974 5403
3541 5404
3708 5405
3583 5406
3440 5407
4396 5408
5398 5409
1593 5410
4811 5411
1907 5412
5054 5413
2109 5414
1448 5415
2685 5416
803 5417
531 5418
734 5419
3008 5420
5190 5421
2407 5422
3442 5423
1091 5424
3980 5425
2558 5426
4039 5427
2412 5428
4766 5429
1115 5430
1976 5431
523 5432
2942 5433
3190 5434
1987 5435
1684 5436
4722 5437
3523 5438
783 5439
2863 5440
4121 5441
4669 5442
381 5443
5305 5444
3599 5445
1689 5446
4022 5447
530 5448
2210 5449
2316 5450
1523 5451
2457 5452
4951 5453
2109 5454
238 5455
348 5456
2463 5457
4930 5458
4886 5459
1484 5460
4219 5461
835 5462
1124 5463
3471 5464
1949 5465
4417 5466
497 5467
1850 5468
3571 5469
1459 5470
946 5471
2484 5472
2456 5473
2542 5474
1344 5475
465 5476
5031 5477
3489 5478
5093 5479
2525 5480
1774 5481
1726 5482
1419 5483
4470 5484
734 5485
4582 5486
3797 5487
5090 5488
3002 5489
240 5490
1042 5491
470 5492
4650 5493
1270 5494
3671 5495
5139 5496
906 5497
374 5498
891 5499
3711 5500
3784 5501
4274 5502
3199 5503
4708 5504
1101 5505
2084 5506
1605 5507
3611 5508
5167 5509
3568 5510
3096 5511
352 5512
4932 5513
1964 5514
3026 5515
2228 5516
5444 5517
1954 5518
2509 5519
5012 5520
4309 5521
4610 5522
3818 5523
4269 5524
5198 5525
4404 5526
803 5527
5263 5528
1353 5529
3846 5530
3343 5531
4304 5532
4647 5533
2646 5534
655 5535
1508 5536
4752 5537
3614 5538
1853 5539
344 5540
161 5541
1666 5542
2288 5543
895 5544
1074 5545
4051 5546
4157 5547
4741 5548
5246 5549
582 5550
2057 5551
4615 5552
84 5553
354 5554
977 5555
3352 5556
5552 5557
2259 5558
3520 5559
1393 5560
5380 5561
2388 5562
4089 5563
1439 5564
3318 5565
2747 5566
3789 5567
604 5568
5466 5569
301 5570
76 5571
4051 5572
1910 5573
5198 5574
3250 5575
3763 5576
1163 5577
1244 5578
4713 5579
1982 5580
2213 5581
2235 5582
2528 5583
1777 5584
4657 5585
2634 5586
228 5587
2213 5588
5299 5589
2645 5590
1568 5591
3017 5592
3703 5593
4387 5594
1066 5595
1644 5596
4780 5597
4425 5598
3425 5599
85 5600
2184 5601
1588 5602
4469 5603
4307 5604
1058 5605
1994 5606
2042 5607
1795 5608
2133 5609
1169 5610
288 5611
3467 5612
3672 5613
2492 5614
4295 5615
2878 5616
1375 5617
3167 5618
2647 5619
4668 5620
210 5621
1344 5622
3514 5623
4312 5624
698 5625
1171 5626
2863 5627
5593 5628
1273 5629
2700 5630
1145 5631
5346 5632
546 5633
1386 5634
2175 5635
1984 5636
3934 5637
4180 5638
2192 5639
4023 5640
1030 5641
2330 5642
1988 5643
1523 5644
5553 5645
175 5646
1509 5647
934 5648
1659 5649
5348 5650
5043 5651
3618 5652
1223 5653
3329 5654
3084 5655
4075 5656
4280 5657
3638 5658
4966 5659
2846 5660
5289 5661
1048 5662
5627 5663
3572 5664
5508 5665
3855 5666
2051 5667
1409 5668
4270 5669
4620 5670
3889 5671
2847 5672
5514 5673
4618 5674
93 5675
2366 5676
2803 5677
3569 5678
1445 5679
2967 5680
5462 5681
4661 5682
3977 5683
2726 5684
365 5685
2756 5686
46 5687
1747 5688
2117 5689
4265 5690
3802 5691
1824 5692
3234 5693
3953 5694
848 5695
4454 5696
676 5697
4921 5698
465 5699
1228 5700
3663 5701
1464 5702
5660 5703
3341 5704
3475 5705
1303 5706
952 5707
3247 5708
1110 5709
5016 5710
1870 5711
2224 5712
4564 5713
2636 5714
1239 5715
4574 5716
3164 5717
1200 5718
1408 5719
4990 5720
1556 5721
5516 5722
4139 5723
5631 5724
4735 5725
4768 5726
5175 5727
513 5728
1603 5729
1568 5730
2423 5731
1099 5732
4229 5733
1378 5734
1301 5735
5408 5736
4368 5737
3011 5738
1163 5739
3501 5740
1181 5741
3625 5742
3149 5743
2630 5744
4605 5745
1387 5746
1000 5747
2284 5748
100 5749
3866 5750
1433 5751
1743 5752
5411 5753
3743 5754
4774 5755
3227 5756
89 5757
1902 5758
2333 5759
3415 5760
693 5761
4072 5762
1964 5763
1803 5764
1897 5765
880 5766
2611 5767
5712 5768
1536 5769
1604 5770
724 5771
623 5772
3782 5773
1974 5774
1416 5775
5257 5776
1407 5777
841 5778
1263 5779
2601 5780
5246 5781
5568 5782
1614 5783
5356 5784
4021 5785
1414 5786
4263 5787
3230 5788
3693 5789
1761 5790
4741 5791
5638 5792
1317 5793
638 5794
2350 5795
691 5796
2201 5797
3635 5798
3138 5799
241 5800
580 5801
4636 5802
59 5803
4897 5804
1603 5805
5393 5806
4478 5807
2437 5808
5673 5809
2631 5810
2592 5811
3151 5812
1578 5813
5115 5814
3507 5815
5792 5816
426 5817
1987 5818
2793 5819
5696 5820
5033 5821
3166 5822
5321 5823
1980 5824
3010 5825
3816 5826
2446 5827
2884 5828
687 5829
4757 5830
988 5831
5662 5832
4590 5833
5318 5834
5069 5835
3838 5836
521 5837
457 5838
2536 5839
80 5840
2871 5841
5760 5842
4160 5843
1580 5844
3558 5845
4843 5846
1038 5847
624 5848
5699 5849
2953 5850
1524 5851
3437 5852
5360 5853
2228 5854
45 5855
4796 5856
3367 5857
3322 5858
3438 5859
2356 5860
1388 5861
2633 5862
2687 5863
4168 5864
267 5865
2264 5866
5395 5867
1413 5868
5815 5869
3504 5870
1446 5871
1085 5872
2478 5873
1059 5874
554 5875
3681 5876
3247 5877
5153 5878
2637 5879
841 5880
4805 5881
5258 5882
1037 5883
3216 5884
2540 5885
4407 5886
4971 5887
1829 5888
1035 5889
2592 5890
1976 5891
4596 5892
2522 5893
5715 5894
468 5895
4564 5896
4480 5897
2303 5898
1893 5899
464 5900
1009 5901
1899 5902
3459 5903
944 5904
5784 5905
2711 5906
1150 5907
4719 5908
5108 5909
5525 5910
1615 5911
5120 5912
3212 5913
2294 5914
4718 5915
5642 5916
3141 5917
27 5918
5359 5919
693 5920
2236 5921
4927 5922
3843 5923
1316 5924
2780 5925
2261 5926
4822 5927
1560 5928
5381 5929
3416 5930
5125 5931
2212 5932
5299 5933
3523 5934
4847 5935
2658 5936
81 5937
2793 5938
4114 5939
2539 5940
2641 5941
3971 5942
3415 5943
1254 5944
836 5945
662 5946
5397 5947
1362 5948
1131 5949
3191 5950
4675 5951
5117 5952
5524 5953
1540 5954
1777 5955
2109 5956
5724 5957
2069 5958
4793 5959
2348 5960
5391 5961
849 5962
3891 5963
2891 5964
51 5965
100 5966
2777 5967
1207 5968
2116 5969
3921 5970
4373 5971
3889 5972
5295 5973
3650 5974
5072 5975
5863 5976
5903 5977
5893 5978
228 5979
1456 5980
2970 5981
4862 5982
2802 5983
356 5984
1418 5985
1741 5986
4789 5987
700 5988
1148 5989
5283 5990
214 5991
3244 5992
4696 5993
5801 5994
5746 5995
2556 5996
4884 5997
4145 5998
1110 5999
2509 6000
3085 6001
4663 6002
3493 6003
4630 6004
770 6005
5316 6006
3426 6007
3633 6008
3895 6009
2018 6010
1628 6011
2743 6012
5767 6013
1307 6014
3405 6015
4732 6016
4690 6017
84 6018
1923 6019
4811 6020
5323 6021
2918 6022
961 6023
4262 6024
4379 6025
4837 6026
4886 6027
3691 6028
2026 6029
389 6030
2467 6031
2328 6032
867 6033
5434 6034
4001 6035
413 6036
2375 6037
5928 6038
2851 6039
1187 6040
1345 6041
1875 6042
566 6043
346 6044
3923 6045
4439 6046
3659 6047
6018 6048
2107 6049
1840 6050
3456 6051
498 6052
1680 6053
4449 6054
656 6055
3588 6056
4162 6057
1726 6058
1584 6059
4042 6060
2597 6061
160 6062
1721 6063
2315 6064
5535 6065
1684 6066
962 6067
481 6068
1606 6069
3972 6070
2171 6071
3847 6072
203 6073
5138 6074
4353 6075
1856 6076
3737 6077
3183 6078
3715 6079
3702 6080
1606 6081
4983 6082
4309 6083
4252 6084
4588 6085
2148 6086
4020 6087
2581 6088
3204 6089
2146 6090
1232 6091
4740 6092
5107 6093
1433 6094
4323 6095
5391 6096
4284 6097
601 6098
3222 6099
2529 6100
3299 6101
1656 6102
735 6103
3749 6104
4497 6105
4669 6106
2304 6107
5165 6108
1869 6109
1729 6110
475 6111
2355 6112
1174 6113
839 6114
3375 6115
1887 6116
3138 6117
1581 6118
864 6119
4924 6120
6059 6121
664 6122
3503 6123
1405 6124
1523 6125
5700 6126
5586 6127
38 6128
4125 6129
4141 6130
550 6131
6047 6132
563 6133
772 6134
724 6135
2723 6136
4583 6137
6 6138
4277 6139
1442 6140
5337 6141
2051 6142
2486 6143
1232 6144
4253 6145
5751 6146
4805 6147
4204 6148
4680 6149
3279 6150
2331 6151
4673 6152
1184 6153
713 6154
5944 6155
6065 6156
1059 6157
2620 6158
4858 6159
1546 6160
1020 6161
5405 6162
180 6163
1874 6164
102 6165
3874 6166
1138 6167
1378 6168
5870 6169
3498 6170
5450 6171
1297 6172
807 6173
1444 6174
40 6175
5527 6176
1914 6177
4909 6178
5037 6179
1666 6180
6135 6181
5123 6182
5366 6183
1277 6184
5406 6185
302 6186
4529 6187
4139 6188
806 6189
2772 6190
4007 6191
4122 6192
5534 6193
3344 6194
640 6195
438 6196
4149 6197
1275 6198
3728 6199
3702 6200
6153 6201
5070 6202
4992 6203
6123 6204
5540 6205
1872 6206
4662 6207
3684 6208
2268 6209
1549 6210
3756 6211
1242 6212
4999 6213
4449 6214
5014 6215
1804 6216
2912 6217
3630 6218
3129 6219
261 6220
619 6221
2472 6222
2882 6223
78 6224
2517 6225
4287 6226
1397 6227
3964 6228
5119 6229
224 6230
590 6231
4448 6232
1628 6233
5864 6234
4436 6235
4670 6236
3534 6237
988 6238
528 6239
6176 6240
6099 6241
2512 6242
5452 6243
257 6244
1765 6245
152 6246
1928 6247
994 6248
151 6249
2376 6250
1122 6251
3910 6252
5748 6253
3839 6254
2171 6255
494 6256
2675 6257
6114 6258
4906 6259
3779 6260
358 6261
3171 6262
5687 6263
3160 6264
5698 6265
5373 6266
4801 6267
5683 6268
588 6269
3661 6270
4629 6271
1733 6272
2022 6273
4390 6274
2223 6275
4862 6276
5584 6277
4945 6278
4101 6279
795 6280
2533 6281
5463 6282
2151 6283
3212 6284
745 6285
3243 6286
1145 6287
3880 6288
1574 6289
108 6290
783 6291
2903 6292
2551 6293
4148 6294
3926 6295
496 6296
3491 6297
5384 6298
3736 6299
2843 6300
2234 6301
4331 6302
4553 6303
647 6304
2179 6305
5012 6306
118 6307
2794 6308
3915 6309
674 6310
1558 6311
2369 6312
4143 6313
4783 6314
579 6315
4548 6316
3496 6317
3355 6318
5053 6319
4990 6320
1821 6321
6217 6322
5468 6323
5180 6324
1273 6325
3966 6326
3305 6327
4721 6328
6241 6329
5507 6330
421 6331
1151 6332
4414 6333
934 6334
2833 6335
1561 6336
3071 6337
5035 6338
3910 6339
3666 6340
452 6341
1396 6342
1837 6343
620 6344
2582 6345
3925 6346
2185 6347
4022 6348
5242 6349
2178 6350
5404 6351
4683 6352
1377 6353
1645 6354
5148 6355
5931 6356
1005 6357
6050 6358
4539 6359
235 6360
2288 6361
258 6362
301 6363
5460 6364
339 6365
2505 6366
2362 6367
1852 6368
2162 6369
1678 6370
4798 6371
4541 6372
4844 6373
3527 6374
721 6375
1232 6376
2804 6377
85 6378
2139 6379
432 6380
2740 6381
1342 6382
3141 6383
3575 6384
4367 6385
4386 6386
5414 6387
3862 6388
4932 6389
998 6390
565 6391
1291 6392
1341 6393
3564 6394
4459 6395
2269 6396
2958 6397
5263 6398
166 6399
5038 6400
2578 6401
3720 6402
2187 6403
1986 6404
2078 6405
2340 6406
2275 6407
5567 6408
3787 6409
2884 6410
976 6411
6262 6412
4724 6413
1122 6414
5327 6415
3107 6416
154 6417
4178 6418
441 6419
3164 6420
1070 6421
5533 6422
1424 6423
2831 6424
1046 6425
146 6426
4749 6427
271 6428
1872 6429
3851 6430
4517 6431
5099 6432
2068 6433
6074 6434
2883 6435
2432 6436
5793 6437
3284 6438
6369 6439
969 6440
4402 6441
1216 6442
1763 6443
5631 6444
3088 6445
3656 6446
3858 6447
972 6448
5976 6449
2880 6450
3274 6451
1786 6452
2913 6453
3798 6454
1557 6455
5075 6456
2646 6457
1061 6458
4436 6459
4741 6460
1053 6461
737 6462
5374 6463
906 6464
1276 6465
6334 6466
5597 6467
1213 6468
6060 6469
5183 6470
1935 6471
1622 6472
4805 6473
2591 6474
4222 6475
1143 6476
3170 6477
5808 6478
3653 6479
716 6480
2375 6481
1413 6482
6372 6483
2633 6484
5752 6485
2554 6486
1544 6487
1243 6488
2956 6489
2770 6490
2284 6491
4952 6492
5854 6493
6345 6494
2659 6495
4011 6496
4640 6497
2344 6498
5964 6499
5410 6500
1772 6501
2169 6502
6433 6503
3131 6504
4984 6505
3499 6506
5555 6507
4502 6508
2504 6509
6261 6510
3464 6511
2177 6512
5837 6513
1529 6514
3592 6515
3338 6516
5055 6517
4368 6518
1219 6519
5723 6520
176 6521
2184 6522
5246 6523
5442 6524
178 6525
3274 6526
4448 6527
1857 6528
4199 6529
2177 6530
397 6531
3271 6532
933 6533
2870 6534
5004 6535
3785 6536
5528 6537
672 6538
4389 6539
2229 6540
4019 6541
185 6542
227 6543
5996 6544
1533 6545
2422 6546
897 6547
332 6548
3761 6549
1212 6550
432 6551
6437 6552
5201 6553
6016 6554
4445 6555
4786 6556
3234 6557
3175 6558
2578 6559
91 6560
2404 6561
2456 6562
743 6563
167 6564
1209 6565
4832 6566
645 6567
4153 6568
6306 6569
5988 6570
3394 6571
3548 6572
6554 6573
4526 6574
6019 6575
4667 6576
6529 6577
4700 6578
2968 6579
1623 6580
5671 6581
5978 6582
579 6583
2607 6584
327 6585
711 6586
4463 6587
6115 6588
3038 6589
5440 6590
4978 6591
4341 6592
2519 6593
5234 6594
4200 6595
778 6596
886 6597
4139 6598
3330 6599
469 6600
2535 6601
5814 6602
5203 6603
4642 6604
566 6605
1696 6606
2436 6607
1420 6608
2049 6609
1312 6610
2372 6611
5433 6612
1254 6613
4212 6614
553 6615
4560 6616
2439 6617
3262 6618
2777 6619
228 6620
3126 6621
3838 6622
4677 6623
1864 6624
2105 6625
2594 6626
4876 6627
6462 6628
1534 6629
901 6630
1634 6631
4510 6632
4938 6633
4910 6634
2659 6635
5205 6636
1622 6637
3750 6638
2703 6639
4851 6640
2003 6641
1555 6642
4861 6643
810 6644
126 6645
2014 6646
2549 6647
529 6648
5747 6649
6558 6650
1529 6651
2751 6652
2880 6653
1394 6654
3533 6655
4352 6656
3287 6657
2617 6658
2230 6659
1747 6660
1713 6661
6543 6662
6037 6663
1377 6664
944 6665
42 6666
1486 6667
1621 6668
5598 6669
4638 6670
1946 6671
4166 6672
6518 6673
3850 6674
3583 6675
5804 6676
508 6677
337 6678
5799 6679
5514 6680
4564 6681
1684 6682
4919 6683
3041 6684
3793 6685
6462 6686
3861 6687
1981 6688
869 6689
6682 6690
2106 6691
1795 6692
4524 6693
4016 6694
3376 6695
5569 6696
3429 6697
4778 6698
2386 6699
4144 6700
1645 6701
4423 6702
311 6703
6461 6704
2487 6705
1550 6706
6164 6707
5373 6708
2292 6709
5163 6710
1081 6711
3912 6712
559 6713
5300 6714
5918 6715
4959 6716
6454 6717
2306 6718
1239 6719
5424 6720
3579 6721
4157 6722
737 6723
364 6724
2698 6725
2217 6726
5367 6727
2364 6728
3963 6729
1327 6730
4377 6731
4430 6732
740 6733
4029 6734
1041 6735
1844 6736
734 6737
5071 6738
6683 6739
1972 6740
2774 6741
4189 6742
892 6743
6057 6744
2086 6745
4634 6746
2679 6747
5526 6748
764 6749
3774 6750
1715 6751
3682 6752
4905 6753
6148 6754
3232 6755
2074 6756
5219 6757
6337 6758
713 6759
6329 6760
797 6761
332 6762
5811 6763
2573 6764
6202 6765
108 6766
4528 6767
2277 6768
1236 6769
3441 6770
1984 6771
4303 6772
5828 6773
1479 6774
5603 6775
1776 6776
6328 6777
4253 6778
4270 6779
2387 6780
399 6781
2357 6782
4100 6783
3926 6784
5062 6785
5256 6786
4347 6787
654 6788
1278 6789
5142 6790
3310 6791
573 6792
4082 6793
2011 6794
5855 6795
470 6796
2147 6797
5350 6798
2143 6799
820 6800
771 6801
4873 6802
5352 6803
4839 6804
4871 6805
5919 6806
1557 6807
4980 6808
4017 6809
3858 6810
5453 6811
3680 6812
3353 6813
6278 6814
5620 6815
1497 6816
4979 6817
5265 6818
3881 6819
5110 6820
553 6821
5226 6822
833 6823
4477 6824
50 6825
1523 6826
3296 6827
5215 6828
6623 6829
959 6830
5537 6831
471 6832
1364 6833
6106 6834
6810 6835
5229 6836
1743 6837
3101 6838
1596 6839
5188 6840
4686 6841
3550 6842
5948 6843
3240 6844
4680 6845
3432 6846
4531 6847
215 6848
6519 6849
676 6850
6058 6851
200 6852
3421 6853
301 6854
68 6855
2037 6856
1221 6857
3121 6858
6651 6859
366 6860
2291 6861
950 6862
4850 6863
1573 6864
1392 6865
6733 6866
5978 6867
1116 6868
4046 6869
5508 6870
3958 6871
2973 6872
5114 6873
5107 6874
3911 6875
5595 6876
6679 6877
2000 6878
5047 6879
4199 6880
4562 6881
4271 6882
1465 6883
5370 6884
172 6885
4490 6886
5772 6887
1258 6888
2179 6889
1432 6890
5910 6891
4072 6892
1433 6893
6267 6894
6 6895
2397 6896
4736 6897
5446 6898
6011 6899
4722 6900
2903 6901
202 6902
3463 6903
705 6904
3991 6905
1384 6906
5093 6907
784 6908
4298 6909
1518 6910
2784 6911
4413 6912
784 6913
42 6914
4636 6915
1086 6916
3280 6917
6148 6918
4439 6919
1651 6920
4659 6921
1361 6922
6500 6923
6025 6924
910 6925
1714 6926
5907 6927
841 6928
3357 6929
1094 6930
3051 6931
538 6932
3500 6933
3129 6934
3321 6935
3934 6936
2603 6937
5691 6938
4515 6939
2892 6940
4061 6941
5376 6942
2717 6943
6234 6944
3339 6945
1190 6946
2099 6947
4164 6948
1154 6949
6246 6950
541 6951
687 6952
2720 6953
1582 6954
5809 6955
3594 6956
3963 6957
312 6958
4266 6959
533 6960
2396 6961
1438 6962
2470 6963
1334 6964
1052 6965
4406 6966
5835 6967
3354 6968
3854 6969
6668 6970
5360 6971
3652 6972
3541 6973
6573 6974
5850 6975
6004 6976
6562 6977
4847 6978
3177 6979
599 6980
3328 6981
4225 6982
4265 6983
5914 6984
6065 6985
4922 6986
3371 6987
4832 6988
1402 6989
3958 6990
2595 6991
3524 6992
5461 6993
1783 6994
1753 6995
2506 6996
3568 6997
1480 6998
5807 6999
1584 7000
4101 7001
4733 7002
1430 7003
4444 7004
3365 7005
6911 7006
4361 7007
1032 7008
3865 7009
5387 7010
1593 7011
1208 7012
1628 7013
4623 7014
4769 7015
6730 7016
4066 7017
2143 7018
599 7019
5452 7020
6334 7021
3235 7022
566 7023
1264 7024
5371 7025
4125 7026
5519 7027
6442 7028
5875 7029
5712 7030
6860 7031
6267 7032
7013 7033
1002 7034
1277 7035
4513 7036
1788 7037
2089 7038
4039 7039
3261 7040
190 7041
2566 7042
1926 7043
4048 7044
5574 7045
6358 7046
4003 7047
1698 7048
4754 7049
765 7050
3768 7051
1030 7052
1410 7053
414 7054
4320 7055
5343 7056
4570 7057
465 7058
1660 7059
4016 7060
109 7061
1156 7062
3660 7063
6077 7064
10 7065
1327 7066
6737 7067
4664 7068
6346 7069
2599 7070
1122 7071
812 7072
3422 7073
1531 7074
4786 7075
2880 7076
1955 7077
3870 7078
3673 7079
5982 7080
3398 7081
1439 7082
2466 7083
5968 7084
1993 7085
5883 7086
2791 7087
2811 7088
6721 7089
2161 7090
6139 7091
5730 7092
2397 7093
3063 7094
266 7095
3404 7096
2645 7097
5166 7098
6157 7099
825 7100
4802 7101
34 7102
2662 7103
3633 7104
6074 7105
3001 7106
2445 7107
79 7108
6628 7109
1080 7110
1127 7111
922 7112
1764 7113
4365 7114
6803 7115
3530 7116
1780 7117
106 7118
5504 7119
3460 7120
4793 7121
3238 7122
4720 7123
1096 7124
5871 7125
2346 7126
4904 7127
2068 7128
6271 7129
3101 7130
1788 7131
4973 7132
2915 7133
3326 7134
5608 7135
6416 7136
822 7137
246 7138
520 7139
4085 7140
1545 7141
6591 7142
2786 7143
788 7144
5914 7145
1916 7146
3736 7147
4230 7148
6930 7149
5344 7150
3825 7151
4930 7152
4605 7153
6457 7154
2645 7155
1183 7156
3482 7157
2776 7158
652 7159
4385 7160
4023 7161
6732 7162
563 7163
3655 7164
5195 7165
3864 7166
5873 7167
2945 7168
6717 7169
2491 7170
4430 7171
6328 7172
1269 7173
6176 7174
5336 7175
6674 7176
1052 7177
5389 7178
7002 7179
3098 7180
7023 7181
5513 7182
1637 7183
5878 7184
2778 7185
3853 7186
324 7187
3682 7188
4128 7189
6364 7190
4629 7191
863 7192
4560 7193
1342 7194
1520 7195
5544 7196
2422 7197
2659 7198
6345 7199
208 7200
2673 7201
3753 7202
1337 7203
2895 7204
1212 7205
3373 7206
5524 7207
7012 7208
2048 7209
7175 7210
121 7211
652 7212
7196 7213
3395 7214
4762 7215
5530 7216
4069 7217
1001 7218
6344 7219
2685 7220
1674 7221
3590 7222
748 7223
5794 7224
1054 7225
7203 7226
5830 7227
2127 7228
7002 7229
2466 7230
4841 7231
2573 7232
4864 7233
5864 7234
6391 7235
824 7236
2923 7237
4043 7238
611 7239
581 7240
4384 7241
836 7242
4773 7243
177 7244
2284 7245
6536 7246
1992 7247
2021 7248
5855 7249
639 7250
5039 7251
6827 7252
3738 7253
1971 7254
2959 7255
3995 7256
2378 7257
5193 7258
6488 7259
3194 7260
2418 7261
6532 7262
4990 7263
5766 7264
4502 7265
1722 7266
2759 7267
977 7268
1298 7269
3509 7270
61 7271
1546 7272
6592 7273
197 7274
4319 7275
1771 7276
3222 7277
5168 7278
1005 7279
1990 7280
806 7281
3788 7282
375 7283
4928 7284
3271 7285
1570 7286
5372 7287
3299 7288
4873 7289
2001 7290
5503 7291
6262 7292
391 7293
1077 7294
3217 7295
5021 7296
4308 7297
4589 7298
1524 7299
571 7300
1428 7301
663 7302
6853 7303
6791 7304
383 7305
4512 7306
4451 7307
2227 7308
116 7309
198 7310
2570 7311
6916 7312
4719 7313
2627 7314
6698 7315
5216 7316
5986 7317
2468 7318
1955 7319
6 7320
519 7321
2196 7322
4409 7323
2293 7324
5090 7325
4538 7326
630 7327
930 7328
153 7329
3739 7330
4420 7331
6878 7332
2419 7333
1172 7334
555 7335
2488 7336
6929 7337
1318 7338
229 7339
4475 7340
4204 7341
5776 7342
3030 7343
2209 7344
3205 7345
4887 7346
459 7347
2270 7348
6742 7349
3508 7350
294 7351
6521 7352
526 7353
6290 7354
6996 7355
2559 7356
5092 7357
5420 7358
2290 7359
1672 7360
4030 7361
1623 7362
1267 7363
2874 7364
3285 7365
5161 7366
5010 7367
1376 7368
1997 7369
3390 7370
4015 7371
5263 7372
177 7373
6494 7374
744 7375
2423 7376
4671 7377
6483 7378
5709 7379
2587 7380
1110 7381
7368 7382
1354 7383
6364 7384
6092 7385
3208 7386
4236 7387
5071 7388
5411 7389
339 7390
5470 7391
5047 7392
1461 7393
4768 7394
92 7395
3395 7396
5562 7397
1355 7398
3309 7399
5538 7400
2896 7401
6650 7402
6936 7403
6717 7404
225 7405
4983 7406
4615 7407
5836 7408
578 7409
6077 7410
4620 7411
404 7412
3813 7413
7388 7414
2883 7415
3603 7416
3408 7417
6780 7418
954 7419
6722 7420
1418 7421
5612 7422
5447 7423
4558 7424
1108 7425
4382 7426
6568 7427
4556 7428
4906 7429
7289 7430
213 7431
3886 7432
1082 7433
247 7434
6913 7435
7177 7436
1723 7437
4008 7438
2569 7439
5735 7440
676 7441
6657 7442
1752 7443
1528 7444
1594 7445
840 7446
1425 7447
2092 7448
4843 7449
3199 7450
2401 7451
1359 7452
7314 7453
3664 7454
6473 7455
7143 7456
1250 7457
1719 7458
5146 7459
7345 7460
2673 7461
583 7462
5690 7463
7222 7464
191 7465
5926 7466
3583 7467
3818 7468
6035 7469
975 7470
1945 7471
2882 7472
4337 7473
4984 7474
974 7475
3483 7476
2959 7477
188 7478
2204 7479
2561 7480
479 7481
5639 7482
1086 7483
5527 7484
5757 7485
3169 7486
1394 7487
5331 7488
5815 7489
3734 7490
6477 7491
6581 7492
2833 7493
1116 7494
3164 7495
4809 7496
1461 7497
6528 7498
6072 7499
490 7500
509 7501
505 7502
6330 7503
6163 7504
5785 7505
2375 7506
5785 7507
1647 7508
3668 7509
4587 7510
2715 7511
33 7512
2752 7513
1025 7514
7326 7515
6179 7516
282 7517
5625 7518
5635 7519
4287 7520
629 7521
5615 7522
3721 7523
3312 7524
5896 7525
4241 7526
2135 7527
2175 7528
897 7529
6574 7530
1023 7531
96 7532
6036 7533
6317 7534
679 7535
2669 7536
1026 7537
1776 7538
454 7539
2325 7540
1382 7541
3085 7542
2981 7543
6613 7544
2904 7545
5046 7546
5699 7547
5068 7548
1937 7549
1026 7550
2166 7551
1187 7552
5583 7553
1735 7554
2546 7555
5198 7556
5082 7557
6934 7558
4698 7559
5440 7560
6374 7561
2711 7562
7377 7563
4034 7564
657 7565
2020 7566
2548 7567
4062 7568
2142 7569
6988 7570
6391 7571
5761 7572
3023 7573
7218 7574
267 7575
4493 7576
4710 7577
6156 7578
5145 7579
6222 7580
5510 7581
765 7582
6707 7583
1745 7584
5054 7585
4226 7586
1989 7587
7018 7588
4525 7589
3900 7590
2536 7591
4115 7592
1420 7593
4242 7594
3792 7595
7441 7596
3859 7597
5553 7598
1027 7599
5310 7600
6790 7601
7287 7602
1171 7603
4146 7604
2350 7605
1897 7606
1633 7607
6129 7608
5889 7609
5031 7610
2219 7611
292 7612
2652 7613
2229 7614
2871 7615
4021 7616
4937 7617
209 7618
4944 7619
7195 7620
4033 7621
3994 7622
5149 7623
3412 7624
4128 7625
5031 7626
3049 7627
590 7628
5055 7629
6903 7630
4297 7631
4998 7632
5053 7633
3701 7634
3178 7635
172 7636
274 7637
4975 7638
5963 7639
2501 7640
5752 7641
229 7642
746 7643
4592 7644
5491 7645
3719 7646
2889 7647
3505 7648
2118 7649
7575 7650
4509 7651
5509 7652
5460 7653
6417 7654
2155 7655
5621 7656
5351 7657
6333 7658
2645 7659
866 7660
1531 7661
1713 7662
2159 7663
7197 7664
3490 7665
2175 7666
6909 7667
1359 7668
4389 7669
4054 7670
272 7671
4101 7672
523 7673
2537 7674
2888 7675
1871 7676
2369 7677
2211 7678
3696 7679
1477 7680
6989 7681
6995 7682
7322 7683
417 7684
1260 7685
1657 7686
5270 7687
2657 7688
2509 7689
5768 7690
1721 7691
1491 7692
7320 7693
3521 7694
3582 7695
2720 7696
4966 7697
259 7698
2484 7699
1885 7700
1958 7701
6071 7702
2806 7703
3708 7704
4757 7705
5138 7706
5208 7707
2248 7708
2691 7709
6314 7710
7107 7711
6193 7712
4161 7713
7237 7714
4962 7715
1481 7716
2923 7717
5912 7718
1088 7719
5208 7720
2092 7721
2743 7722
2498 7723
2744 7724
7053 7725
1487 7726
1500 7727
1709 7728
4556 7729
7506 7730
5697 7731
3830 7732
1641 7733
1911 7734
7475 7735
3094 7736
2135 7737
1160 7738
5075 7739
2748 7740
4099 7741
864 7742
1169 7743
1875 7744
654 7745
3445 7746
3469 7747
7570 7748
4713 7749
2592 7750
2855 7751
379 7752
6314 7753
4898 7754
4885 7755
5911 7756
7174 7757
1310 7758
5273 7759
3781 7760
2361 7761
6008 7762
3972 7763
1199 7764
4179 7765
786 7766
24 7767
433 7768
3547 7769
4438 7770
2834 7771
7020 7772
4511 7773
1581 7774
2816 7775
3188 7776
2587 7777
6721 7778
5464 7779
7505 7780
2757 7781
4077 7782
2590 7783
7136 7784
3591 7785
3912 7786
1863 7787
2144 7788
7530 7789
5943 7790
2365 7791
2533 7792
1188 7793
2442 7794
3823 7795
3271 7796
5090 7797
1528 7798
6859 7799
1021 7800
5517 7801
6707 7802
7493 7803
2022 7804
4412 7805
6706 7806
2211 7807
3633 7808
3096 7809
3187 7810
2541 7811
6775 7812
1840 7813
7659 7814
5351 7815
63 7816
2261 7817
7788 7818
6890 7819
7780 7820
1119 7821
5493 7822
907 7823
2457 7824
7552 7825
4052 7826
2498 7827
3362 7828
5660 7829
3078 7830
944 7831
385 7832
6744 7833
1836 7834
3212 7835
3310 7836
4968 7837
346 7838
7136 7839
6824 7840
2187 7841
5570 7842
2695 7843
3898 7844
1621 7845
6891 7846
3675 7847
2983 7848
2841 7849
3617 7850
4136 7851
3990 7852
1166 7853
3918 7854
39 7855
5721 7856
6591 7857
6932 7858
2010 7859
5604 7860
6520 7861
6012 7862
5872 7863
998 7864
5773 7865
4999 7866
7411 7867
5647 7868
3114 7869
1991 7870
7604 7871
2818 7872
7709 7873
2751 7874
1191 7875
6932 7876
5935 7877
1384 7878
6555 7879
7442 7880
3269 7881
243 7882
86 7883
7161 7884
3067 7885
4619 7886
5748 7887
6509 7888
5111 7889
1864 7890
4298 7891
3707 7892
5491 7893
490 7894
7814 7895
6280 7896
5746 7897
7748 7898
3081 7899
4256 7900
5122 7901
951 7902
275 7903
3399 7904
2893 7905
7503 7906
7716 7907
4328 7908
7056 7909
432 7910
585 7911
5127 7912
1970 7913
5016 7914
7593 7915
4638 7916
7579 7917
6266 7918
4743 7919
4222 7920
1530 7921
3883 7922
4812 7923
4795 7924
308 7925
1767 7926
5412 7927
684 7928
5496 7929
709 7930
3176 7931
1988 7932
3077 7933
1353 7934
5554 7935
1144 7936
1716 7937
5173 7938
1736 7939
821 7940
6145 7941
5382 7942
4730 7943
1511 7944
6790 7945
7461 7946
5936 7947
6916 7948
1237 7949
4287 7950
3888 7951
1918 7952
3659 7953
7352 7954
7634 7955
5066 7956
1569 7957
6257 7958
7013 7959
2749 7960
2853 7961
6885 7962
6446 7963
7111 7964
7395 7965
6670 7966
5061 7967
4123 7968
6162 7969
3826 7970
1033 7971
6240 7972
3985 7973
1022 7974
2247 7975
2310 7976
5400 7977
3865 7978
7476 7979
7669 7980
7787 7981
4887 7982
2125 7983
3069 7984
1709 7985
7253 7986
1613 7987
3820 7988
1645 7989
3560 7990
4909 7991
5965 7992
5703 7993
7412 7994
1265 7995
615 7996
1932 7997
3060 7998
1019 7999
2824 8000
5192 8001
4314 8002
3154 8003
4016 8004
4770 8005
5894 8006
2002 8007
3815 8008
5683 8009
1729 8010
2579 8011
5599 8012
4793 8013
7344 8014
4863 8015
4890 8016
837 8017
1630 8018
2854 8019
4091 8020
7968 8021
5128 8022
4335 8023
1144 8024
5052 8025
6356 8026
595 8027
4690 8028
3786 8029
6174 8030
961 8031
2219 8032
7977 8033
4830 8034
3825 8035
3420 8036
1737 8037
3982 8038
7224 8039
7071 8040
7890 8041
52 8042
6283 8043
1968 8044
2960 8045
1594 8046
7791 8047
4440 8048
3711 8049
7171 8050
1735 8051
3021 8052
2288 8053
5634 8054
13 8055
6902 8056
5294 8057
2776 8058
7684 8059
2243 8060
1891 8061
5613 8062
2258 8063
5446 8064
6204 8065
2057 8066
621 8067
6116 8068
3625 8069
4736 8070
2649 8071
6799 8072
3742 8073
2643 8074
6855 8075
961 8076
2217 8077
2085 8078
6928 8079
150 8080
7968 8081
6165 8082
2876 8083
722 8084
6566 8085
7340 8086
7966 8087
2958 8088
3083 8089
6018 8090
870 8091
6139 8092
3333 8093
4520 8094
4959 8095
4041 8096
5686 8097
536 8098
3056 8099
7824 8100
3383 8101
1566 8102
3137 8103
4944 8104
3043 8105
1981 8106
4641 8107
2255 8108
5522 8109
6687 8110
7594 8111
3808 8112
6411 8113
1993 8114
679 8115
7621 8116
3219 8117
930 8118
2661 8119
6490 8120
577 8121
3006 8122
4241 8123
3435 8124
732 8125
5530 8126
6973 8127
3925 8128
4832 8129
395 8130
6698 8131
2842 8132
90 8133
4609 8134
4933 8135
6981 8136
5350 8137
3041 8138
2150 8139
1776 8140
6880 8141
907 8142
4758 8143
1850 8144
1993 8145
7532 8146
6526 8147
1926 8148
482 8149
6423 8150
5849 8151
1869 8152
3866 8153
7451 8154
4014 8155
477 8156
2464 8157
4336 8158
3329 8159
1677 8160
4604 8161
2511 8162
5680 8163
7681 8164
2700 8165
1471 8166
7329 8167
6344 8168
7632 8169
3898 8170
6661 8171
370 8172
1620 8173
6082 8174
2272 8175
1387 8176
5847 8177
1373 8178
7143 8179
7051 8180
3903 8181
131 8182
4028 8183
6987 8184
4372 8185
1067 8186
1518 8187
2671 8188
2679 8189
83 8190
6222 8191
3338 8192
2902 8193
5415 8194
3121 8195
1484 8196
5954 8197
6865 8198
3370 8199
3277 8200
4077 8201
4339 8202
1407 8203
6675 8204
4336 8205
6815 8206
5208 8207
4897 8208
1019 8209
7399 8210
3613 8211
5375 8212
173 8213
5773 8214
7538 8215
3136 8216
5231 8217
145 8218
296 8219
1680 8220
2654 8221
2487 8222
4134 8223
1087 8224
1656 8225
5074 8226
49 8227
7829 8228
308 8229
1636 8230
2132 8231
2594 8232
5295 8233
6221 8234
23 8235
2902 8236
7221 8237
5360 8238
8189 8239
2452 8240
6377 8241
4548 8242
7187 8243
2981 8244
4282 8245
1958 8246
566 8247
5072 8248
3681 8249
3627 8250
6810 8251
2861 8252
7992 8253
3014 8254
6969 8255
450 8256
578 8257
7345 8258
7719 8259
2933 8260
4358 8261
257 8262
223 8263
8139 8264
3709 8265
3230 8266
1627 8267
958 8268
2041 8269
3512 8270
5221 8271
1957 8272
6563 8273
8070 8274
1287 8275
2138 8276
8136 8277
7643 8278
299 8279
2808 8280
2609 8281
2610 8282
4356 8283
6937 8284
7104 8285
2185 8286
2469 8287
3038 8288
1890 8289
6547 8290
7503 8291
5937 8292
1102 8293
902 8294
3469 8295
5702 8296
7687 8297
1527 8298
680 8299
5436 8300
5048 8301
3063 8302
1115 8303
38 8304
4166 8305
6363 8306
3310 8307
3930 8308
4212 8309
5427 8310
6771 8311
1295 8312
4308 8313
7679 8314
7260 8315
7425 8316
2717 8317
6746 8318
6252 8319
3150 8320
78 8321
6924 8322
2077 8323
7806 8324
384 8325
2313 8326
2979 8327
6629 8328
5048 8329
2176 8330
1761 8331
3237 8332
3542 8333
2843 8334
3841 8335
1599 8336
2369 8337
5305 8338
8150 8339
944 8340
5053 8341
39 8342
4344 8343
2676 8344
3087 8345
1963 8346
929 8347
6178 8348
7628 8349
2687 8350
6182 8351
6678 8352
6484 8353
4306 8354
7904 8355
2732 8356
6871 8357
503 8358
2569 8359
8036 8360
6828 8361
6977 8362
2866 8363
6969 8364
1628 8365
5879 8366
3880 8367
5285 8368
5551 8369
3684 8370
5260 8371
1764 8372
4521 8373
8174 8374
4702 8375
6296 8376
4627 8377
7771 8378
7950 8379
3461 8380
3932 8381
5685 8382
4562 8383
447 8384
4070 8385
2115 8386
5549 8387
5521 8388
7039 8389
5056 8390
3812 8391
6127 8392
633 8393
7367 8394
4781 8395
3094 8396
7969 8397
497 8398
503 8399
7022 8400
5577 8401
5030 8402
1227 8403
3657 8404
4439 8405
4672 8406
3015 8407
8071 8408
8104 8409
7799 8410
1318 8411
1576 8412
6449 8413
3279 8414
5364 8415
7756 8416
3241 8417
4465 8418
862 8419
4458 8420
3303 8421
6907 8422
229 8423
6686 8424
295 8425
4172 8426
5432 8427
7862 8428
2253 8429
8312 8430
5213 8431
324 8432
2430 8433
333 8434
4122 8435
120 8436
7350 8437
2760 8438
3030 8439
3784 8440
7545 8441
2580 8442
4362 8443
6214 8444
1747 8445
1894 8446
2884 8447
6463 8448
3286 8449
3837 8450
3447 8451
2210 8452
1451 8453
1715 8454
3701 8455
6805 8456
7542 8457
1508 8458
5158 8459
5659 8460
4951 8461
4492 8462
1319 8463
1394 8464
4450 8465
5755 8466
3878 8467
4536 8468
4996 8469
390 8470
7159 8471
6529 8472
4813 8473
1119 8474
4692 8475
6541 8476
7569 8477
740 8478
1845 8479
2927 8480
5377 8481
8431 8482
7321 8483
2886 8484
7657 8485
2084 8486
5124 8487
4087 8488
2574 8489
4467 8490
2692 8491
393 8492
4360 8493
3328 8494
781 8495
3477 8496
208 8497
5101 8498
6476 8499
8355 8500
8499 8501
5950 8502
8381 8503
163 8504
6389 8505
2955 8506
1086 8507
1875 8508
6537 8509
2617 8510
7699 8511
5756 8512
7196 8513
7671 8514
1950 8515
5439 8516
3698 8517
6076 8518
8126 8519
1609 8520
1737 8521
1068 8522
4340 8523
1115 8524
4275 8525
6277 8526
1340 8527
4256 8528
7093 8529
4019 8530
6870 8531
2390 8532
3692 8533
6745 8534
8260 8535
2407 8536
8082 8537
2512 8538
3464 8539
3073 8540
67 8541
6425 8542
4191 8543
4444 8544
8493 8545
7828 8546
6695 8547
2725 8548
269 8549
6804 8550
4219 8551
6020 8552
8333 8553
5088 8554
8373 8555
5498 8556
3704 8557
8133 8558
6850 8559
7442 8560
6395 8561
2992 8562
5100 8563
1593 8564
2826 8565
5902 8566
3753 8567
7011 8568
125 8569
7351 8570
7778 8571
4296 8572
7780 8573
8161 8574
5925 8575
4797 8576
351 8577
7806 8578
2713 8579
4603 8580
4456 8581
2266 8582
2996 8583
3472 8584
2033 8585
1707 8586
8133 8587
2518 8588
6883 8589
3790 8590
3754 8591
5464 8592
2199 8593
5105 8594
5977 8595
7234 8596
8110 8597
7790 8598
4748 8599
2368 8600
7770 8601
191 8602
5224 8603
2521 8604
6989 8605
445 8606
5866 8607
6242 8608
1539 8609
7151 8610
8140 8611
4954 8612
6205 8613
8405 8614
439 8615
2873 8616
901 8617
254 8618
5321 8619
5395 8620
5144 8621
7363 8622
4667 8623
176 8624
1732 8625
3727 8626
919 8627
1811 8628
3429 8629
2846 8630
536 8631
3899 8632
6798 8633
7742 8634
5069 8635
3609 8636
730 8637
7348 8638
7348 8639
4438 8640
5384 8641
5870 8642
2062 8643
4322 8644
970 8645
8583 8646
84 8647
4235 8648
1559 8649
4565 8650
2904 8651
510 8652
4498 8653
2359 8654
5328 8655
4230 8656
6504 8657
7333 8658
2551 8659
5178 8660
6514 8661
3620 8662
2504 8663
5755 8664
3404 8665
1548 8666
4247 8667
7072 8668
7596 8669
6011 8670
4086 8671
4243 8672
8375 8673
2786 8674
3399 8675
5794 8676
5093 8677
6961 8678
1298 8679
2271 8680
7222 8681
3384 8682
355 8683
2609 8684
217 8685
1211 8686
696 8687
4332 8688
6863 8689
7029 8690
737 8691
3130 8692
4140 8693
4940 8694
4228 8695
4220 8696
7381 8697
6749 8698
1344 8699
6354 8700
4281 8701
4870 8702
7042 8703
1939 8704
4920 8705
6269 8706
7980 8707
5476 8708
3766 8709
6637 8710
1728 8711
5420 8712
2128 8713
6713 8714
1267 8715
1624 8716
4670 8717
2893 8718
2900 8719
377 8720
2215 8721
7369 8722
498 8723
1651 8724
4343 8725
929 8726
194 8727
2734 8728
7783 8729
7082 8730
312 8731
904 8732
352 8733
3510 8734
7149 8735
2969 8736
5275 8737
5717 8738
7028 8739
4313 8740
8511 8741
8292 8742
1395 8743
1422 8744
2617 8745
7933 8746
1903 8747
2976 8748
1771 8749
709 8750
8147 8751
4731 8752
3082 8753
5020 8754
8735 8755
3277 8756
4420 8757
1742 8758
4894 8759
1004 8760
8031 8761
1087 8762
371 8763
3060 8764
6685 8765
1164 8766
5137 8767
2419 8768
1186 8769
2557 8770
1062 8771
7054 8772
86 8773
8296 8774
1362 8775
4581 8776
3968 8777
6998 8778
4582 8779
4993 8780
6181 8781
5082 8782
1894 8783
3940 8784
3816 8785
4702 8786
5874 8787
415 8788
7492 8789
2051 8790
8369 8791
3974 8792
5157 8793
5042 8794
5031 8795
4741 8796
2030 8797
6580 8798
5584 8799
7889 8800
3209 8801
2480 8802
3021 8803
8733 8804
315 8805
4523 8806
2358 8807
2375 8808
699 8809
3806 8810
1236 8811
1965 8812
7661 8813
6400 8814
6297 8815
519 8816
524 8817
4891 8818
8332 8819
220 8820
4661 8821
3965 8822
1484 8823
3554 8824
3990 8825
8615 8826
8696 8827
636 8828
1801 8829
7166 8830
7204 8831
7266 8832
7450 8833
3076 8834
8553 8835
2178 8836
2383 8837
3671 8838
4764 8839
2979 8840
5734 8841
3808 8842
1471 8843
4282 8844
7218 8845
4101 8846
7787 8847
4345 8848
1266 8849
4536 8850
8179 8851
6997 8852
1326 8853
2899 8854
1809 8855
3572 8856
3298 8857
426 8858
4988 8859
3454 8860
6888 8861
8362 8862
5948 8863
3024 8864
5117 8865
3608 8866
4946 8867
2929 8868
5010 8869
7316 8870
7101 8871
3138 8872
3076 8873
5409 8874
4763 8875
3886 8876
5202 8877
4050 8878
6814 8879
3156 8880
993 8881
8293 8882
7692 8883
8828 8884
1280 8885
3256 8886
6457 8887
6821 8888
7669 8889
2985 8890
4628 8891
7621 8892
5950 8893
2457 8894
6465 8895
4570 8896
6508 8897
2629 8898
8637 8899
2907 8900
2090 8901
2489 8902
1580 8903
4736 8904
3832 8905
1987 8906
3795 8907
3607 8908
6090 8909
6368 8910
8378 8911
1890 8912
988 8913
2742 8914
3452 8915
2129 8916
4517 8917
5980 8918
6029 8919
8757 8920
3202 8921
8709 8922
4635 8923
6274 8924
13 8925
2722 8926
4354 8927
6167 8928
5215 8929
5208 8930
141 8931
5538 8932
1623 8933
3506 8934
2811 8935
276 8936
4326 8937
4560 8938
7932 8939
2122 8940
7728 8941
2786 8942
6114 8943
6665 8944
6981 8945
4221 8946
5973 8947
2534 8948
7979 8949
8126 8950
1422 8951
8123 8952
8623 8953
6563 8954
3058 8955
5109 8956
1868 8957
3113 8958
2396 8959
707 8960
3484 8961
4038 8962
5679 8963
6286 8964
4314 8965
6950 8966
6649 8967
3422 8968
7539 8969
5239 8970
8476 8971
6648 8972
1436 8973
2407 8974
2262 8975
2069 8976
8145 8977
211 8978
8591 8979
4748 8980
951 8981
7244 8982
873 8983
7805 8984
1593 8985
8714 8986
7248 8987
2210 8988
3122 8989
4933 8990
8784 8991
8296 8992
8892 8993
7730 8994
7816 8995
1042 8996
1534 8997
1773 8998
6920 8999
5535 9000
828 9001
7593 9002
5435 9003
789 9004
5923 9005
6333 9006
388 9007
5251 9008
587 9009
3893 9010
8280 9011
5162 9012
2334 9013
4395 9014
539 9015
8430 9016
4545 9017
4239 9018
3413 9019
2893 9020
8154 9021
5888 9022
4754 9023
916 9024
6730 9025
3746 9026
3080 9027
3842 9028
8286 9029
2766 9030
1365 9031
293 9032
5627 9033
1900 9034
1300 9035
1378 9036
7553 9037
8731 9038
3400 9039
8264 9040
5076 9041
6301 9042
4699 9043
5777 9044
1128 9045
6320 9046
6544 9047
1984 9048
7391 9049
8508 9050
5246 9051
8479 9052
6641 9053
55 9054
7852 9055
6360 9056
5412 9057
8227 9058
8161 9059
532 9060
6319 9061
4272 9062
3915 9063
6157 9064
72 9065
6886 9066
6420 9067
7334 9068
1421 9069
190 9070
242 9071
8289 9072
6602 9073
7574 9074
3583 9075
427 9076
2369 9077
869 9078
4906 9079
3013 9080
3229 9081
1652 9082
3797 9083
8314 9084
881 9085
4608 9086
6127 9087
115 9088
2373 9089
6986 9090
3814 9091
7870 9092
9021 9093
1593 9094
450 9095
7712 9096
2071 9097
700 9098
7595 9099
2932 9100
933 9101
6875 9102
6313 9103
8881 9104
6775 9105
6246 9106
2142 9107
6258 9108
6164 9109
99 9110
3712 9111
8582 9112
8468 9113
337 9114
2681 9115
1051 9116
4053 9117
9054 9118
7687 9119
8814 9120
2374 9121
6079 9122
4061 9123
3933 9124
2235 9125
6987 9126
1495 9127
8944 9128
5150 9129
1549 9130
927 9131
8039 9132
4626 9133
4404 9134
5084 9135
8763 9136
4671 9137
3096 9138
7745 9139
4670 9140
7334 9141
4822 9142
5522 9143
9029 9144
2309 9145
2216 9146
6522 9147
1950 9148
2294 9149
2666 9150
5340 9151
4844 9152
4928 9153
2487 9154
6974 9155
8266 9156
2392 9157
611 9158
5090 9159
1929 9160
5124 9161
1444 9162
7467 9163
1927 9164
1146 9165
4953 9166
3209 9167
3387 9168
4700 9169
6633 9170
2422 9171
8914 9172
4459 9173
889 9174
7555 9175
6311 9176
2776 9177
9173 9178
7464 9179
4666 9180
6445 9181
5293 9182
4730 9183
3082 9184
2327 9185
5414 9186
1898 9187
1750 9188
5796 9189
2694 9190
2145 9191
2301 9192
6165 9193
6172 9194
4772 9195
464 9196
4549 9197
3236 9198
3110 9199
6146 9200
426 9201
8585 9202
6343 9203
8132 9204
5626 9205
1651 9206
1614 9207
2417 9208
4850 9209
5524 9210
4245 9211
4578 9212
4038 9213
6925 9214
5042 9215
4955 9216
3289 9217
2319 9218
3394 9219
6 9220
112 9221
6159 9222
8646 9223
3410 9224
6966 9225
5908 9226
245 9227
1662 9228
1417 9229
3309 9230
2941 9231
3406 9232
6690 9233
2324 9234
5901 9235
4704 9236
4493 9237
1110 9238
1564 9239
2941 9240
3428 9241
2411 9242
9125 9243
8744 9244
4553 9245
268 9246
2892 9247
9148 9248
1274 9249
848 9250
8175 9251
1712 9252
6762 9253
3307 9254
8133 9255
4181 9256
1366 9257
4362 9258
1662 9259
513 9260
2933 9261
8745 9262
7394 9263
614 9264
2245 9265
1752 9266
5049 9267
4116 9268
4854 9269
4471 9270
3867 9271
1161 9272
2115 9273
5576 9274
239 9275
4979 9276
7798 9277
3523 9278
2716 9279
7762 9280
5714 9281
966 9282
5629 9283
8527 9284
709 9285
51 9286
668 9287
192 9288
5307 9289
1529 9290
6375 9291
1949 9292
563 9293
8390 9294
5472 9295
4301 9296
2938 9297
3960 9298
2817 9299
5000 9300
8064 9301
843 9302
6090 9303
8555 9304
7462 9305
161 9306
3136 9307
2007 9308
3278 9309
3949 9310
5434 9311
5238 9312
9234 9313
4405 9314
8865 9315
6635 9316
1119 9317
3008 9318
7266 9319
5749 9320
1941 9321
2311 9322
4897 9323
8632 9324
7403 9325
3501 9326
2767 9327
6125 9328
6285 9329
3050 9330
5790 9331
5968 9332
9135 9333
7777 9334
1132 9335
4472 9336
1533 9337
6801 9338
3805 9339
3343 9340
6847 9341
1734 9342
3908 9343
5924 9344
8239 9345
2154 9346
1593 9347
1743 9348
5926 9349
1755 9350
8167 9351
7920 9352
2196 9353
5655 9354
7146 9355
6666 9356
23 9357
3531 9358
7490 9359
5875 9360
8346 9361
7694 9362
754 9363
3769 9364
3096 9365
5105 9366
1140 9367
6303 9368
2371 9369
7120 9370
6868 9371
6009 9372
7199 9373
1696 9374
7934 9375
2606 9376
3908 9377
195 9378
7451 9379
3701 9380
3374 9381
2302 9382
9055 9383
9252 9384
2587 9385
4139 9386
3673 9387
2979 9388
786 9389
2604 9390
6742 9391
4362 9392
4841 9393
4842 9394
3648 9395
3910 9396
1850 9397
1476 9398
5265 9399
3660 9400
2913 9401
2373 9402
5138 9403
6255 9404
7755 9405
9072 9406
1608 9407
9002 9408
2955 9409
5347 9410
7956 9411
2023 9412
5898 9413
4450 9414
6366 9415
4971 9416
6246 9417
4871 9418
6317 9419
8051 9420
8871 9421
9008 9422
83 9423
2120 9424
8948 9425
4852 9426
6170 9427
3351 9428
7263 9429
4699 9430
6398 9431
398 9432
7272 9433
3500 9434
6875 9435
7316 9436
3909 9437
5653 9438
5716 9439
8972 9440
3936 9441
1637 9442
8803 9443
5261 9444
9191 9445
4587 9446
3128 9447
479 9448
3672 9449
7609 9450
4617 9451
3381 9452
2932 9453
4693 9454
6627 9455
5579 9456
8913 9457
6589 9458
8873 9459
5871 9460
6215 9461
114 9462
3785 9463
9424 9464
678 9465
1823 9466
38 9467
2394 9468
4883 9469
2963 9470
3441 9471
2055 9472
5269 9473
4058 9474
4501 9475
3456 9476
688 9477
8270 9478
8301 9479
8688 9480
7790 9481
8616 9482
5552 9483
6241 9484
1545 9485
568 9486
7524 9487
2980 9488
8225 9489
7550 9490
5144 9491
1684 9492
5409 9493
9134 9494
509 9495
3587 9496
5310 9497
5576 9498
3226 9499
3883 9500
5009 9501
3699 9502
3877 9503
1670 9504
3032 9505
2304 9506
72 9507
4407 9508
7061 9509
752 9510
8842 9511
3170 9512
29 9513
4007 9514
3345 9515
1778 9516
3761 9517
2104 9518
2317 9519
7703 9520
5555 9521
1954 9522
593 9523
3669 9524
7379 9525
7362 9526
9373 9527
8977 9528
2120 9529
4731 9530
4570 9531
3050 9532
9274 9533
4556 9534
6673 9535
8192 9536
6398 9537
1643 9538
4491 9539
2390 9540
1915 9541
9391 9542
592 9543
5231 9544
5600 9545
7485 9546
2086 9547
1461 9548
3066 9549
7908 9550
4715 9551
4804 9552
7437 9553
5821 9554
2735 9555
1497 9556
1418 9557
1231 9558
3858 9559
2964 9560
6997 9561
4857 9562
9218 9563
2730 9564
4432 9565
677 9566
8400 9567
6019 9568
4931 9569
7689 9570
6303 9571
3922 9572
3631 9573
6301 9574
6574 9575
5717 9576
7399 9577
6585 9578
5637 9579
8273 9580
1653 9581
7352 9582
31 9583
5863 9584
3950 9585
3539 9586
5933 9587
8681 9588
1959 9589
713 9590
1132 9591
8464 9592
6070 9593
3304 9594
3763 9595
4917 9596
8827 9597
6121 9598
6103 9599
5060 9600
4299 9601
6580 9602
813 9603
1097 9604
6579 9605
1352 9606
7576 9607
6421 9608
6387 9609
3646 9610
6299 9611
7207 9612
4546 9613
7795 9614
1841 9615
2377 9616
1248 9617
6235 9618
2168 9619
4336 9620
6999 9621
7315 9622
1579 9623
8537 9624
4684 9625
4893 9626
1758 9627
5176 9628
8798 9629
2504 9630
8649 9631
5233 9632
7053 9633
4883 9634
5630 9635
1288 9636
6402 9637
3260 9638
5784 9639
5330 9640
4987 9641
8753 9642
2881 9643
2474 9644
43 9645
1751 9646
4174 9647
174 9648
3898 9649
3350 9650
4570 9651
1424 9652
6903 9653
1494 9654
4694 9655
1923 9656
2999 9657
8590 9658
4355 9659
3114 9660
392 9661
1377 9662
9489 9663
4414 9664
1244 9665
5080 9666
6277 9667
1103 9668
9269 9669
5203 9670
7451 9671
8952 9672
8181 9673
2804 9674
3507 9675
8800 9676
1435 9677
9489 9678
2209 9679
6749 9680
5016 9681
1384 9682
9592 9683
634 9684
590 9685
3306 9686
8674 9687
1403 9688
1915 9689
9058 9690
3195 9691
6838 9692
413 9693
7287 9694
7292 9695
9492 9696
8836 9697
6165 9698
5075 9699
625 9700
1694 9701
8465 9702
8734 9703
8890 9704
8838 9705
9353 9706
8208 9707
1799 9708
5716 9709
1476 9710
7907 9711
1109 9712
3635 9713
882 9714
6183 9715
3520 9716
8658 9717
8079 9718
4175 9719
2041 9720
7596 9721
5611 9722
3881 9723
1827 9724
5367 9725
529 9726
733 9727
637 9728
1661 9729
2362 9730
5982 9731
9271 9732
50 9733
1679 9734
5098 9735
7405 9736
1251 9737
5946 9738
8425 9739
5492 9740
5761 9741
9186 9742
6975 9743
6055 9744
765 9745
5317 9746
1156 9747
355 9748
4167 9749
8293 9750
3271 9751
4331 9752
5093 9753
4814 9754
954 9755
2956 9756
1611 9757
6885 9758
1144 9759
7342 9760
4769 9761
992 9762
6672 9763
1373 9764
4500 9765
590 9766
5917 9767
9763 9768
820 9769
4414 9770
2081 9771
6088 9772
4358 9773
3992 9774
3631 9775
3148 9776
940 9777
3369 9778
779 9779
818 9780
7211 9781
1385 9782
2287 9783
4999 9784
3028 9785
689 9786
6090 9787
4186 9788
8163 9789
3372 9790
3372 9791
8221 9792
9783 9793
9242 9794
7816 9795
3672 9796
5731 9797
3122 9798
5238 9799
2360 9800
493 9801
1614 9802
4144 9803
4582 9804
1876 9805
7541 9806
6262 9807
101 9808
7899 9809
9109 9810
4769 9811
162 9812
59 9813
3911 9814
4398 9815
344 9816
1518 9817
2073 9818
7988 9819
1485 9820
3776 9821
1370 9822
9341 9823
2930 9824
5068 9825
7075 9826
6142 9827
1784 9828
1014 9829
4767 9830
4717 9831
4680 9832
3218 9833
6632 9834
3925 9835
7734 9836
8453 9837
7085 9838
3753 9839
8881 9840
5194 9841
7632 9842
1152 9843
1518 9844
5795 9845
2328 9846
429 9847
2407 9848
8426 9849
7149 9850
8258 9851
6795 9852
501 9853
8797 9854
2100 9855
1953 9856
1512 9857
199 9858
2036 9859
8620 9860
9578 9861
5887 9862
6956 9863
4518 9864
324 9865
8305 9866
1297 9867
3084 9868
853 9869
4341 9870
8343 9871
8520 9872
7081 9873
3052 9874
1109 9875
9148 9876
6342 9877
8769 9878
1104 9879
7487 9880
6509 9881
8221 9882
3418 9883
4139 9884
523 9885
3254 9886
9725 9887
2280 9888
7429 9889
6214 9890
2207 9891
6963 9892
5702 9893
4075 9894
9172 9895
7344 9896
9262 9897
1667 9898
3516 9899
3035 9900
1296 9901
1687 9902
5231 9903
6986 9904
5241 9905
4729 9906
4670 9907
2313 9908
7280 9909
4500 9910
1217 9911
4578 9912
2107 9913
7700 9914
3449 9915
789 9916
2359 9917
84 9918
4736 9919
7932 9920
4670 9921
9237 9922
9448 9923
2058 9924
1132 9925
2043 9926
4498 9927
3591 9928
3796 9929
7396 9930
816 9931
7665 9932
9572 9933
1134 9934
6593 9935
2361 9936
124 9937
5097 9938
1869 9939
3328 9940
1847 9941
9815 9942
4703 9943
9806 9944
4459 9945
9850 9946
503 9947
1915 9948
4228 9949
8803 9950
760 9951
880 9952
1291 9953
1284 9954
6687 9955
6191 9956
8276 9957
5561 9958
4439 9959
3868 9960
5184 9961
6361 9962
5854 9963
7705 9964
8452 9965
2601 9966
9052 9967
2688 9968
7412 9969
2875 9970
6711 9971
9166 9972
2355 9973
6368 9974
3869 9975
7180 9976
1579 9977
1925 9978
769 9979
5912 9980
7136 9981
703 9982
6805 9983
499 9984
2222 9985
3288 9986
6331 9987
7874 9988
3592 9989
3986 9990
9696 9991
5151 9992
4440 9993
490 9994
9541 9995
4925 9996
712 9997
6192 9998
2125 9999
8193 10000
