1 2
2 3
3 4
2 5
5 6
2 7
1 8
4 9
1 10
2 11
10 12
11 13
10 14
14 15
15 16
10 17
16 18
14 19
2 20
5 21
21 22
9 23
14 24
20 25
2 26
24 27
2 28
8 29
26 30
19 31
21 32
3 33
25 34
19 35
25 36
8 37
34 38
28 39
17 40
37 41
12 42
17 43
15 44
22 45
24 46
26 47
37 48
31 49
18 50
31 51
43 52
39 53
19 54
34 55
24 56
29 57
16 58
27 59
55 60
51 61
53 62
38 63
9 64
6 65
21 66
49 67
29 68
61 69
27 70
11 71
38 72
37 73
23 74
66 75
52 76
52 77
10 78
21 79
28 80
33 81
3 82
12 83
15 84
25 85
73 86
73 87
69 88
33 89
47 90
25 91
33 92
67 93
38 94
65 95
19 96
1 97
42 98
44 99
91 100
63 101
51 102
86 103
1 104
14 105
11 106
99 107
105 108
34 109
106 110
6 111
66 112
70 113
107 114
40 115
74 116
44 117
42 118
3 119
11 120
98 121
51 122
6 123
122 124
21 125
28 126
25 127
97 128
14 129
119 130
122 131
92 132
64 133
120 134
40 135
9 136
102 137
97 138
125 139
33 140
35 141
104 142
72 143
13 144
83 145
39 146
4 147
123 148
94 149
58 150
74 151
16 152
117 153
146 154
8 155
12 156
58 157
20 158
131 159
9 160
99 161
18 162
115 163
20 164
120 165
73 166
13 167
116 168
6 169
19 170
85 171
60 172
104 173
90 174
151 175
167 176
107 177
168 178
165 179
177 180
125 181
162 182
70 183
122 184
96 185
174 186
144 187
43 188
59 189
69 190
167 191
158 192
8 193
121 194
136 195
84 196
90 197
125 198
175 199
158 200
187 201
23 202
139 203
33 204
164 205
31 206
45 207
58 208
94 209
68 210
124 211
84 212
33 213
127 214
166 215
129 216
70 217
92 218
87 219
87 220
126 221
27 222
137 223
154 224
149 225
159 226
219 227
175 228
88 229
181 230
18 231
106 232
148 233
40 234
34 235
217 236
12 237
38 238
64 239
74 240
215 241
174 242
6 243
130 244
192 245
168 246
42 247
45 248
193 249
162 250
214 251
176 252
242 253
9 254
58 255
56 256
125 257
159 258
219 259
123 260
51 261
191 262
12 263
149 264
68 265
3 266
21 267
138 268
215 269
59 270
101 271
120 272
55 273
164 274
186 275
66 276
266 277
223 278
181 279
204 280
256 281
1 282
231 283
90 284
49 285
130 286
165 287
68 288
111 289
224 290
230 291
184 292
209 293
211 294
65 295
206 296
296 297
212 298
136 299
278 300
83 301
109 302
235 303
117 304
234 305
98 306
202 307
193 308
259 309
128 310
151 311
205 312
22 313
191 314
286 315
257 316
93 317
82 318
225 319
124 320
253 321
58 322
100 323
73 324
61 325
171 326
145 327
122 328
147 329
265 330
73 331
211 332
102 333
249 334
237 335
70 336
134 337
177 338
59 339
172 340
101 341
265 342
297 343
250 344
93 345
269 346
255 347
80 348
5 349
65 350
321 351
165 352
143 353
270 354
284 355
308 356
101 357
311 358
82 359
194 360
297 361
235 362
357 363
306 364
278 365
204 366
182 367
33 368
130 369
125 370
349 371
54 372
356 373
114 374
89 375
71 376
357 377
91 378
155 379
107 380
191 381
81 382
281 383
33 384
131 385
157 386
300 387
210 388
142 389
7 390
291 391
368 392
53 393
138 394
42 395
280 396
178 397
200 398
122 399
363 400
160 401
323 402
157 403
353 404
20 405
356 406
222 407
150 408
274 409
397 410
408 411
289 412
253 413
277 414
164 415
244 416
77 417
288 418
330 419
322 420
378 421
408 422
392 423
89 424
373 425
250 426
260 427
33 428
91 429
203 430
93 431
417 432
182 433
424 434
150 435
21 436
36 437
333 438
316 439
16 440
20 441
216 442
262 443
299 444
295 445
232 446
238 447
404 448
256 449
403 450
126 451
399 452
40 453
50 454
164 455
205 456
136 457
388 458
81 459
196 460
385 461
131 462
402 463
190 464
136 465
406 466
100 467
34 468
107 469
348 470
337 471
99 472
383 473
178 474
284 475
358 476
105 477
446 478
355 479
114 480
98 481
438 482
321 483
256 484
178 485
482 486
437 487
125 488
431 489
55 490
100 491
161 492
99 493
441 494
281 495
395 496
206 497
439 498
211 499
39 500
259 501
454 502
30 503
343 504
131 505
11 506
139 507
425 508
155 509
323 510
485 511
104 512
291 513
9 514
345 515
302 516
222 517
224 518
491 519
159 520
220 521
204 522
368 523
274 524
6 525
165 526
113 527
101 528
84 529
13 530
486 531
118 532
178 533
455 534
251 535
421 536
223 537
197 538
87 539
475 540
52 541
67 542
79 543
185 544
362 545
112 546
503 547
168 548
30 549
182 550
111 551
50 552
509 553
411 554
40 555
362 556
495 557
129 558
500 559
155 560
87 561
482 562
199 563
470 564
409 565
280 566
163 567
550 568
192 569
361 570
552 571
548 572
33 573
353 574
31 575
462 576
220 577
521 578
19 579
545 580
192 581
290 582
518 583
132 584
53 585
143 586
192 587
546 588
129 589
503 590
401 591
456 592
430 593
92 594
290 595
383 596
574 597
385 598
490 599
339 600
129 601
265 602
116 603
59 604
487 605
409 606
253 607
333 608
5 609
40 610
469 611
554 612
482 613
195 614
53 615
119 616
211 617
287 618
212 619
197 620
198 621
157 622
426 623
443 624
370 625
239 626
298 627
295 628
565 629
108 630
150 631
433 632
208 633
556 634
253 635
303 636
23 637
166 638
56 639
340 640
584 641
85 642
556 643
152 644
180 645
233 646
626 647
287 648
330 649
369 650
165 651
573 652
118 653
93 654
133 655
44 656
627 657
364 658
50 659
125 660
281 661
554 662
557 663
234 664
229 665
328 666
300 667
543 668
513 669
388 670
296 671
548 672
353 673
635 674
124 675
109 676
235 677
588 678
490 679
657 680
564 681
173 682
68 683
504 684
225 685
333 686
493 687
197 688
249 689
553 690
409 691
407 692
94 693
352 694
186 695
88 696
23 697
499 698
698 699
252 700
648 701
632 702
579 703
229 704
301 705
12 706
567 707
63 708
103 709
372 710
548 711
402 712
180 713
173 714
75 715
61 716
141 717
467 718
292 719
273 720
622 721
288 722
719 723
622 724
525 725
257 726
282 727
169 728
515 729
481 730
607 731
385 732
599 733
189 734
8 735
624 736
349 737
494 738
462 739
541 740
589 741
651 742
183 743
691 744
492 745
487 746
108 747
256 748
179 749
287 750
561 751
592 752
313 753
566 754
276 755
510 756
253 757
258 758
746 759
123 760
547 761
307 762
600 763
243 764
671 765
764 766
327 767
364 768
170 769
115 770
449 771
600 772
500 773
464 774
582 775
389 776
621 777
552 778
494 779
751 780
158 781
696 782
160 783
135 784
708 785
81 786
85 787
265 788
354 789
194 790
255 791
93 792
694 793
496 794
652 795
6 796
101 797
13 798
178 799
771 800
514 801
91 802
485 803
795 804
98 805
699 806
671 807
408 808
506 809
790 810
405 811
370 812
727 813
412 814
384 815
265 816
620 817
182 818
406 819
670 820
579 821
2 822
517 823
149 824
534 825
373 826
375 827
567 828
483 829
623 830
453 831
234 832
261 833
659 834
53 835
611 836
477 837
620 838
402 839
730 840
160 841
604 842
467 843
828 844
351 845
363 846
42 847
752 848
789 849
167 850
138 851
321 852
849 853
8 854
122 855
88 856
717 857
799 858
539 859
95 860
385 861
542 862
730 863
736 864
555 865
335 866
147 867
263 868
706 869
651 870
616 871
71 872
17 873
631 874
300 875
443 876
856 877
680 878
254 879
120 880
311 881
680 882
24 883
738 884
472 885
449 886
7 887
362 888
273 889
462 890
551 891
482 892
493 893
419 894
544 895
347 896
124 897
356 898
20 899
334 900
179 901
532 902
776 903
305 904
286 905
271 906
150 907
596 908
520 909
78 910
388 911
118 912
822 913
14 914
475 915
546 916
414 917
317 918
250 919
262 920
377 921
693 922
628 923
655 924
716 925
128 926
121 927
498 928
361 929
754 930
267 931
768 932
385 933
28 934
745 935
674 936
644 937
854 938
214 939
242 940
601 941
732 942
370 943
131 944
785 945
105 946
511 947
488 948
240 949
393 950
335 951
486 952
551 953
612 954
948 955
381 956
420 957
634 958
567 959
52 960
509 961
72 962
450 963
97 964
611 965
899 966
362 967
727 968
795 969
784 970
893 971
459 972
348 973
786 974
717 975
582 976
141 977
316 978
564 979
595 980
958 981
306 982
965 983
298 984
467 985
648 986
839 987
901 988
464 989
99 990
786 991
478 992
796 993
909 994
794 995
856 996
580 997
675 998
532 999
508 1000
953 1001
393 1002
942 1003
457 1004
192 1005
653 1006
362 1007
803 1008
774 1009
795 1010
1 1011
730 1012
968 1013
764 1014
367 1015
37 1016
995 1017
869 1018
532 1019
209 1020
13 1021
115 1022
649 1023
459 1024
85 1025
158 1026
754 1027
296 1028
885 1029
585 1030
719 1031
43 1032
471 1033
248 1034
857 1035
598 1036
120 1037
660 1038
804 1039
415 1040
542 1041
629 1042
998 1043
455 1044
790 1045
1005 1046
797 1047
810 1048
664 1049
464 1050
455 1051
609 1052
96 1053
799 1054
712 1055
826 1056
603 1057
1051 1058
340 1059
894 1060
213 1061
907 1062
122 1063
240 1064
801 1065
1061 1066
722 1067
810 1068
451 1069
1054 1070
951 1071
258 1072
447 1073
759 1074
800 1075
677 1076
30 1077
97 1078
235 1079
321 1080
976 1081
38 1082
186 1083
766 1084
514 1085
490 1086
349 1087
541 1088
780 1089
336 1090
983 1091
605 1092
774 1093
378 1094
896 1095
956 1096
29 1097
1088 1098
628 1099
453 1100
453 1101
884 1102
452 1103
618 1104
377 1105
337 1106
250 1107
570 1108
233 1109
913 1110
618 1111
151 1112
703 1113
137 1114
1039 1115
24 1116
540 1117
546 1118
32 1119
600 1120
869 1121
259 1122
763 1123
985 1124
292 1125
660 1126
699 1127
253 1128
1124 1129
756 1130
987 1131
353 1132
1068 1133
735 1134
339 1135
858 1136
153 1137
923 1138
854 1139
661 1140
462 1141
924 1142
244 1143
806 1144
974 1145
586 1146
1076 1147
511 1148
36 1149
1040 1150
608 1151
992 1152
1112 1153
498 1154
1010 1155
10 1156
1155 1157
21 1158
858 1159
302 1160
487 1161
796 1162
157 1163
191 1164
803 1165
344 1166
1068 1167
289 1168
119 1169
52 1170
464 1171
666 1172
566 1173
431 1174
710 1175
301 1176
78 1177
625 1178
647 1179
922 1180
11 1181
144 1182
310 1183
692 1184
878 1185
982 1186
425 1187
599 1188
575 1189
569 1190
241 1191
877 1192
1001 1193
67 1194
479 1195
122 1196
411 1197
385 1198
1069 1199
596 1200
702 1201
1069 1202
351 1203
1142 1204
1143 1205
938 1206
769 1207
962 1208
1179 1209
649 1210
723 1211
623 1212
297 1213
1195 1214
819 1215
340 1216
249 1217
518 1218
882 1219
241 1220
712 1221
128 1222
644 1223
1181 1224
218 1225
438 1226
748 1227
219 1228
1163 1229
740 1230
1001 1231
583 1232
483 1233
1041 1234
866 1235
989 1236
519 1237
334 1238
401 1239
559 1240
1132 1241
743 1242
976 1243
1113 1244
890 1245
811 1246
509 1247
629 1248
1102 1249
826 1250
885 1251
1166 1252
25 1253
620 1254
637 1255
737 1256
142 1257
846 1258
36 1259
798 1260
132 1261
401 1262
831 1263
488 1264
129 1265
209 1266
958 1267
10 1268
835 1269
23 1270
1207 1271
140 1272
1034 1273
185 1274
57 1275
563 1276
1189 1277
486 1278
856 1279
594 1280
313 1281
959 1282
906 1283
464 1284
227 1285
371 1286
317 1287
187 1288
919 1289
1154 1290
252 1291
631 1292
1042 1293
477 1294
736 1295
731 1296
581 1297
751 1298
737 1299
833 1300
127 1301
895 1302
896 1303
230 1304
836 1305
966 1306
1162 1307
973 1308
478 1309
1072 1310
1260 1311
713 1312
200 1313
1103 1314
243 1315
1072 1316
1177 1317
752 1318
354 1319
955 1320
791 1321
1262 1322
186 1323
1006 1324
493 1325
38 1326
143 1327
927 1328
1083 1329
447 1330
1008 1331
908 1332
719 1333
896 1334
1105 1335
324 1336
721 1337
629 1338
1264 1339
1323 1340
9 1341
676 1342
168 1343
569 1344
678 1345
728 1346
159 1347
365 1348
1129 1349
1317 1350
740 1351
824 1352
437 1353
184 1354
718 1355
998 1356
388 1357
812 1358
30 1359
97 1360
250 1361
574 1362
220 1363
291 1364
31 1365
138 1366
285 1367
280 1368
1172 1369
1032 1370
892 1371
311 1372
1022 1373
1279 1374
1157 1375
411 1376
1326 1377
463 1378
666 1379
1036 1380
1078 1381
368 1382
677 1383
81 1384
1094 1385
1186 1386
218 1387
94 1388
396 1389
1268 1390
1119 1391
753 1392
717 1393
930 1394
518 1395
638 1396
388 1397
529 1398
1070 1399
373 1400
1163 1401
525 1402
966 1403
717 1404
389 1405
1310 1406
927 1407
1057 1408
621 1409
1026 1410
688 1411
431 1412
776 1413
474 1414
1103 1415
298 1416
450 1417
782 1418
547 1419
263 1420
233 1421
840 1422
601 1423
833 1424
1075 1425
935 1426
471 1427
855 1428
621 1429
268 1430
1000 1431
819 1432
910 1433
1268 1434
1335 1435
98 1436
1165 1437
1079 1438
1388 1439
357 1440
897 1441
271 1442
406 1443
1064 1444
605 1445
1072 1446
1222 1447
612 1448
544 1449
1254 1450
1421 1451
1298 1452
375 1453
1365 1454
989 1455
1455 1456
676 1457
1118 1458
511 1459
754 1460
67 1461
52 1462
1050 1463
1199 1464
154 1465
361 1466
1447 1467
45 1468
505 1469
660 1470
383 1471
1399 1472
579 1473
565 1474
130 1475
207 1476
1143 1477
828 1478
563 1479
566 1480
1232 1481
1418 1482
223 1483
1305 1484
267 1485
971 1486
1355 1487
16 1488
1192 1489
1116 1490
129 1491
360 1492
546 1493
1185 1494
632 1495
911 1496
3 1497
1413 1498
1007 1499
656 1500
88 1501
1089 1502
1026 1503
327 1504
969 1505
660 1506
1357 1507
1020 1508
1338 1509
1227 1510
146 1511
1090 1512
1418 1513
282 1514
258 1515
852 1516
88 1517
43 1518
841 1519
578 1520
837 1521
1480 1522
98 1523
745 1524
495 1525
532 1526
514 1527
564 1528
778 1529
1112 1530
194 1531
1083 1532
784 1533
491 1534
271 1535
468 1536
122 1537
592 1538
110 1539
1310 1540
623 1541
1392 1542
1367 1543
766 1544
295 1545
104 1546
1145 1547
740 1548
204 1549
571 1550
83 1551
679 1552
1364 1553
788 1554
742 1555
767 1556
1261 1557
1305 1558
1463 1559
920 1560
1273 1561
792 1562
77 1563
1222 1564
1389 1565
735 1566
1277 1567
84 1568
1376 1569
761 1570
1413 1571
981 1572
1491 1573
600 1574
1474 1575
928 1576
430 1577
88 1578
462 1579
196 1580
100 1581
472 1582
1275 1583
980 1584
310 1585
333 1586
495 1587
107 1588
899 1589
1579 1590
665 1591
151 1592
643 1593
620 1594
1058 1595
1066 1596
521 1597
1219 1598
293 1599
47 1600
397 1601
387 1602
1134 1603
1321 1604
561 1605
206 1606
561 1607
613 1608
279 1609
1101 1610
1373 1611
1105 1612
1060 1613
666 1614
477 1615
1105 1616
778 1617
134 1618
1213 1619
280 1620
1340 1621
1172 1622
463 1623
494 1624
74 1625
650 1626
210 1627
289 1628
549 1629
436 1630
815 1631
44 1632
1268 1633
635 1634
383 1635
51 1636
556 1637
876 1638
1466 1639
990 1640
1307 1641
442 1642
447 1643
1161 1644
200 1645
1387 1646
894 1647
567 1648
1415 1649
599 1650
26 1651
365 1652
1031 1653
725 1654
1391 1655
456 1656
1477 1657
1363 1658
1145 1659
1543 1660
1112 1661
1426 1662
587 1663
763 1664
1346 1665
466 1666
1047 1667
1585 1668
1573 1669
1009 1670
1652 1671
1413 1672
299 1673
1428 1674
917 1675
1249 1676
545 1677
533 1678
1059 1679
978 1680
1408 1681
1264 1682
11 1683
1647 1684
773 1685
1073 1686
1471 1687
164 1688
287 1689
977 1690
1344 1691
442 1692
954 1693
933 1694
1452 1695
1356 1696
628 1697
516 1698
13 1699
1399 1700
154 1701
1665 1702
571 1703
17 1704
1610 1705
89 1706
484 1707
1037 1708
1596 1709
455 1710
1710 1711
1029 1712
340 1713
1345 1714
1568 1715
1148 1716
957 1717
1095 1718
1161 1719
1275 1720
426 1721
38 1722
1403 1723
1509 1724
441 1725
533 1726
1418 1727
657 1728
1424 1729
22 1730
460 1731
1675 1732
572 1733
1464 1734
615 1735
278 1736
842 1737
1164 1738
99 1739
116 1740
454 1741
591 1742
1336 1743
1517 1744
1026 1745
549 1746
726 1747
1719 1748
1333 1749
1271 1750
462 1751
979 1752
1227 1753
1020 1754
885 1755
431 1756
844 1757
1496 1758
1286 1759
267 1760
59 1761
462 1762
864 1763
1201 1764
1715 1765
1567 1766
1200 1767
563 1768
412 1769
844 1770
1746 1771
788 1772
544 1773
738 1774
646 1775
296 1776
62 1777
1225 1778
203 1779
982 1780
1776 1781
1631 1782
221 1783
1293 1784
829 1785
645 1786
1562 1787
369 1788
1274 1789
1543 1790
566 1791
168 1792
1593 1793
865 1794
1661 1795
449 1796
381 1797
941 1798
464 1799
407 1800
1124 1801
428 1802
1780 1803
1320 1804
1214 1805
1673 1806
193 1807
818 1808
1672 1809
612 1810
127 1811
163 1812
905 1813
1058 1814
1250 1815
1284 1816
1463 1817
413 1818
115 1819
871 1820
513 1821
245 1822
378 1823
1365 1824
956 1825
65 1826
305 1827
801 1828
872 1829
1602 1830
460 1831
1104 1832
188 1833
787 1834
1395 1835
1688 1836
1131 1837
496 1838
110 1839
667 1840
1236 1841
736 1842
745 1843
1727 1844
1131 1845
253 1846
1710 1847
1426 1848
997 1849
90 1850
906 1851
1028 1852
430 1853
1755 1854
1255 1855
1445 1856
1383 1857
892 1858
1651 1859
579 1860
943 1861
1103 1862
1780 1863
467 1864
1040 1865
691 1866
1371 1867
505 1868
3 1869
568 1870
655 1871
949 1872
667 1873
890 1874
256 1875
1249 1876
143 1877
1745 1878
1634 1879
208 1880
974 1881
1102 1882
857 1883
552 1884
264 1885
206 1886
930 1887
1294 1888
977 1889
495 1890
774 1891
1491 1892
1219 1893
660 1894
1115 1895
1315 1896
780 1897
449 1898
359 1899
141 1900
757 1901
791 1902
1113 1903
1320 1904
398 1905
23 1906
403 1907
687 1908
920 1909
95 1910
1636 1911
797 1912
1351 1913
1602 1914
1848 1915
1086 1916
134 1917
1129 1918
1656 1919
1232 1920
418 1921
628 1922
315 1923
1050 1924
619 1925
368 1926
1541 1927
1880 1928
1566 1929
754 1930
450 1931
1909 1932
865 1933
1932 1934
1581 1935
1522 1936
459 1937
329 1938
1433 1939
668 1940
69 1941
667 1942
137 1943
538 1944
1174 1945
1201 1946
1344 1947
1117 1948
798 1949
793 1950
842 1951
234 1952
1595 1953
1560 1954
1712 1955
1092 1956
194 1957
362 1958
1340 1959
894 1960
1616 1961
1781 1962
1949 1963
1250 1964
1233 1965
306 1966
1322 1967
10 1968
557 1969
1029 1970
1090 1971
1254 1972
772 1973
597 1974
1038 1975
775 1976
1845 1977
1051 1978
299 1979
1071 1980
948 1981
250 1982
227 1983
1270 1984
695 1985
1729 1986
329 1987
1624 1988
1230 1989
1309 1990
569 1991
1443 1992
800 1993
308 1994
90 1995
277 1996
287 1997
894 1998
854 1999
1451 2000
273 2001
1796 2002
938 2003
132 2004
1574 2005
1989 2006
473 2007
1750 2008
331 2009
1488 2010
75 2011
1225 2012
1048 2013
1137 2014
1345 2015
930 2016
698 2017
577 2018
1374 2019
672 2020
136 2021
628 2022
1633 2023
1328 2024
2000 2025
96 2026
1808 2027
1048 2028
468 2029
22 2030
1000 2031
1504 2032
705 2033
1016 2034
1239 2035
1943 2036
981 2037
303 2038
1819 2039
576 2040
443 2041
916 2042
1307 2043
1375 2044
74 2045
1437 2046
708 2047
544 2048
1488 2049
734 2050
647 2051
843 2052
1882 2053
441 2054
638 2055
799 2056
175 2057
1032 2058
1376 2059
891 2060
1683 2061
1867 2062
1719 2063
1035 2064
486 2065
202 2066
637 2067
1693 2068
1399 2069
722 2070
1387 2071
1193 2072
162 2073
281 2074
1671 2075
2040 2076
1978 2077
1794 2078
565 2079
1857 2080
361 2081
1110 2082
572 2083
2019 2084
514 2085
286 2086
140 2087
1379 2088
880 2089
1625 2090
1589 2091
1505 2092
1419 2093
1706 2094
212 2095
237 2096
447 2097
1563 2098
1413 2099
1322 2100
87 2101
507 2102
1345 2103
1074 2104
1808 2105
823 2106
2081 2107
910 2108
1069 2109
624 2110
24 2111
591 2112
1161 2113
1524 2114
973 2115
849 2116
1341 2117
1539 2118
639 2119
1958 2120
364 2121
429 2122
1228 2123
1730 2124
544 2125
323 2126
140 2127
725 2128
197 2129
1852 2130
1504 2131
254 2132
380 2133
226 2134
2126 2135
624 2136
1849 2137
1969 2138
1074 2139
869 2140
123 2141
270 2142
1020 2143
736 2144
938 2145
1164 2146
896 2147
698 2148
1824 2149
537 2150
1585 2151
1764 2152
374 2153
1379 2154
1477 2155
897 2156
610 2157
55 2158
737 2159
468 2160
121 2161
1756 2162
1738 2163
1547 2164
1806 2165
552 2166
2147 2167
1604 2168
435 2169
194 2170
1902 2171
1020 2172
571 2173
1445 2174
490 2175
1067 2176
1361 2177
1572 2178
139 2179
92 2180
848 2181
1302 2182
1808 2183
1494 2184
2068 2185
917 2186
1536 2187
412 2188
1903 2189
1492 2190
678 2191
1307 2192
470 2193
389 2194
1036 2195
531 2196
1545 2197
1093 2198
1873 2199
1270 2200
159 2201
243 2202
2174 2203
558 2204
316 2205
37 2206
1913 2207
1597 2208
224 2209
1069 2210
1470 2211
1615 2212
964 2213
872 2214
2004 2215
546 2216
331 2217
1694 2218
1580 2219
1464 2220
499 2221
571 2222
1529 2223
1673 2224
1052 2225
1061 2226
1791 2227
1197 2228
185 2229
552 2230
1204 2231
1773 2232
2111 2233
319 2234
639 2235
1121 2236
422 2237
48 2238
1500 2239
345 2240
1307 2241
560 2242
950 2243
684 2244
1865 2245
2026 2246
1387 2247
295 2248
293 2249
1360 2250
372 2251
281 2252
549 2253
758 2254
1384 2255
1164 2256
1630 2257
900 2258
1141 2259
1158 2260
1508 2261
2115 2262
1683 2263
227 2264
507 2265
57 2266
124 2267
567 2268
712 2269
111 2270
728 2271
101 2272
810 2273
1016 2274
554 2275
712 2276
228 2277
1571 2278
2107 2279
173 2280
800 2281
481 2282
1765 2283
324 2284
114 2285
2166 2286
62 2287
1405 2288
1444 2289
2004 2290
1229 2291
1901 2292
755 2293
1762 2294
2188 2295
69 2296
450 2297
1025 2298
1161 2299
2232 2300
685 2301
1001 2302
237 2303
54 2304
1240 2305
1326 2306
872 2307
1903 2308
1315 2309
2273 2310
1371 2311
1060 2312
1412 2313
1732 2314
413 2315
1670 2316
1077 2317
2233 2318
2034 2319
571 2320
54 2321
676 2322
1899 2323
1595 2324
1484 2325
545 2326
1583 2327
1824 2328
2269 2329
1906 2330
1054 2331
1762 2332
1868 2333
53 2334
519 2335
1982 2336
372 2337
1946 2338
1710 2339
727 2340
2270 2341
855 2342
916 2343
1611 2344
536 2345
1081 2346
1550 2347
872 2348
380 2349
1198 2350
601 2351
2316 2352
614 2353
702 2354
1611 2355
2150 2356
1064 2357
2251 2358
659 2359
1008 2360
598 2361
1672 2362
1789 2363
2301 2364
604 2365
2363 2366
1043 2367
776 2368
1650 2369
266 2370
1532 2371
1630 2372
1106 2373
55 2374
560 2375
382 2376
2229 2377
850 2378
229 2379
1477 2380
1031 2381
1251 2382
648 2383
1133 2384
1034 2385
823 2386
133 2387
450 2388
1681 2389
396 2390
551 2391
1411 2392
1458 2393
961 2394
2343 2395
843 2396
2079 2397
2154 2398
886 2399
2211 2400
1463 2401
2141 2402
2341 2403
1347 2404
593 2405
543 2406
1511 2407
687 2408
1204 2409
1053 2410
947 2411
1114 2412
1171 2413
1611 2414
236 2415
1380 2416
1160 2417
2355 2418
1013 2419
2195 2420
17 2421
538 2422
1501 2423
830 2424
2268 2425
917 2426
1949 2427
283 2428
1621 2429
1396 2430
544 2431
527 2432
887 2433
2218 2434
445 2435
1133 2436
2181 2437
1010 2438
1291 2439
1340 2440
507 2441
775 2442
620 2443
1565 2444
844 2445
1773 2446
865 2447
2211 2448
61 2449
2100 2450
2378 2451
1649 2452
1962 2453
421 2454
1789 2455
509 2456
491 2457
1310 2458
1402 2459
145 2460
1701 2461
160 2462
1965 2463
2374 2464
1485 2465
514 2466
885 2467
808 2468
1240 2469
1658 2470
1500 2471
2071 2472
1853 2473
277 2474
2429 2475
924 2476
1060 2477
2158 2478
637 2479
689 2480
686 2481
1432 2482
1039 2483
1123 2484
948 2485
998 2486
1503 2487
632 2488
1318 2489
747 2490
1080 2491
549 2492
1942 2493
999 2494
912 2495
869 2496
25 2497
160 2498
2343 2499
777 2500
847 2501
383 2502
1842 2503
1894 2504
1405 2505
72 2506
666 2507
1655 2508
510 2509
560 2510
1630 2511
1234 2512
961 2513
1035 2514
1009 2515
459 2516
660 2517
1297 2518
414 2519
417 2520
2252 2521
2178 2522
1872 2523
735 2524
1454 2525
228 2526
155 2527
1844 2528
2345 2529
2206 2530
2376 2531
2504 2532
1162 2533
1641 2534
254 2535
1677 2536
737 2537
2378 2538
58 2539
71 2540
1293 2541
745 2542
1614 2543
1362 2544
2233 2545
1501 2546
1147 2547
472 2548
822 2549
188 2550
208 2551
1358 2552
118 2553
1494 2554
1056 2555
1505 2556
914 2557
349 2558
1464 2559
1159 2560
1798 2561
1102 2562
2509 2563
53 2564
2129 2565
451 2566
786 2567
2164 2568
109 2569
2407 2570
2084 2571
2002 2572
1484 2573
1150 2574
2114 2575
251 2576
397 2577
718 2578
120 2579
152 2580
385 2581
1522 2582
2476 2583
1519 2584
2520 2585
1911 2586
532 2587
1806 2588
1161 2589
1631 2590
1635 2591
896 2592
408 2593
648 2594
2436 2595
2546 2596
545 2597
2550 2598
1048 2599
195 2600
1207 2601
2352 2602
1803 2603
129 2604
2506 2605
2167 2606
1477 2607
2550 2608
2393 2609
1551 2610
467 2611
1484 2612
2104 2613
1275 2614
1637 2615
1725 2616
1418 2617
2093 2618
1046 2619
397 2620
284 2621
559 2622
1347 2623
2202 2624
2429 2625
605 2626
639 2627
1232 2628
322 2629
1022 2630
687 2631
1469 2632
1552 2633
2316 2634
2566 2635
1230 2636
934 2637
2257 2638
240 2639
463 2640
1191 2641
726 2642
1454 2643
91 2644
2024 2645
1134 2646
2301 2647
921 2648
1772 2649
2138 2650
1527 2651
479 2652
20 2653
1373 2654
2582 2655
1363 2656
1185 2657
2225 2658
542 2659
189 2660
238 2661
461 2662
2624 2663
1671 2664
2298 2665
1239 2666
358 2667
902 2668
403 2669
805 2670
774 2671
744 2672
815 2673
811 2674
1287 2675
233 2676
1987 2677
1611 2678
21 2679
1847 2680
1112 2681
2461 2682
2061 2683
1583 2684
1485 2685
407 2686
248 2687
1004 2688
1559 2689
895 2690
1928 2691
225 2692
90 2693
1043 2694
942 2695
2259 2696
1351 2697
1565 2698
311 2699
1338 2700
1307 2701
259 2702
521 2703
747 2704
2664 2705
1693 2706
1874 2707
1808 2708
2556 2709
1755 2710
1948 2711
142 2712
228 2713
1648 2714
1978 2715
1348 2716
1686 2717
1271 2718
1989 2719
2280 2720
2144 2721
1499 2722
1074 2723
1819 2724
1921 2725
1946 2726
1191 2727
1361 2728
1554 2729
2328 2730
2258 2731
1898 2732
2544 2733
2147 2734
2254 2735
826 2736
1179 2737
93 2738
779 2739
1873 2740
1059 2741
1317 2742
1263 2743
1831 2744
49 2745
384 2746
2104 2747
2146 2748
2339 2749
4 2750
1091 2751
1858 2752
34 2753
2098 2754
257 2755
1885 2756
1429 2757
1718 2758
2501 2759
713 2760
1108 2761
1499 2762
1902 2763
1278 2764
2735 2765
406 2766
235 2767
126 2768
2537 2769
237 2770
2581 2771
225 2772
959 2773
484 2774
456 2775
572 2776
1605 2777
1050 2778
730 2779
592 2780
35 2781
397 2782
1608 2783
447 2784
28 2785
1932 2786
2445 2787
1964 2788
1509 2789
1057 2790
315 2791
314 2792
645 2793
1264 2794
2031 2795
448 2796
877 2797
929 2798
499 2799
2387 2800
1949 2801
1310 2802
858 2803
2714 2804
939 2805
1380 2806
445 2807
333 2808
320 2809
2774 2810
2332 2811
506 2812
80 2813
1831 2814
2153 2815
401 2816
81 2817
1519 2818
714 2819
747 2820
899 2821
663 2822
184 2823
367 2824
1001 2825
1677 2826
1975 2827
422 2828
1252 2829
2368 2830
2187 2831
96 2832
1259 2833
290 2834
2812 2835
178 2836
1203 2837
1825 2838
2219 2839
461 2840
617 2841
1524 2842
123 2843
1502 2844
398 2845
2316 2846
1334 2847
1117 2848
1521 2849
342 2850
1050 2851
2155 2852
2308 2853
49 2854
454 2855
2428 2856
1572 2857
983 2858
206 2859
2207 2860
2728 2861
1623 2862
390 2863
1013 2864
106 2865
368 2866
1448 2867
110 2868
1416 2869
2769 2870
2801 2871
295 2872
2835 2873
609 2874
1975 2875
1508 2876
1252 2877
968 2878
1277 2879
1272 2880
2524 2881
2380 2882
2282 2883
2712 2884
478 2885
2373 2886
1155 2887
1572 2888
2347 2889
1755 2890
680 2891
1653 2892
1105 2893
1505 2894
2817 2895
772 2896
1162 2897
643 2898
1682 2899
1967 2900
1087 2901
2717 2902
2122 2903
373 2904
2259 2905
985 2906
638 2907
718 2908
2555 2909
1119 2910
2065 2911
620 2912
905 2913
1405 2914
2032 2915
714 2916
57 2917
2826 2918
921 2919
2366 2920
399 2921
1856 2922
750 2923
224 2924
416 2925
2482 2926
14 2927
2134 2928
1496 2929
385 2930
348 2931
115 2932
946 2933
2509 2934
155 2935
1889 2936
1345 2937
1682 2938
544 2939
1772 2940
725 2941
2396 2942
2792 2943
1471 2944
2939 2945
79 2946
409 2947
1480 2948
333 2949
277 2950
833 2951
18 2952
1891 2953
1869 2954
2720 2955
416 2956
1887 2957
2522 2958
2017 2959
2634 2960
1491 2961
1948 2962
2164 2963
1377 2964
964 2965
318 2966
2523 2967
218 2968
1982 2969
2262 2970
1267 2971
195 2972
2856 2973
1575 2974
128 2975
1525 2976
1700 2977
133 2978
1110 2979
1837 2980
960 2981
2158 2982
1232 2983
457 2984
1955 2985
1617 2986
920 2987
203 2988
273 2989
502 2990
1051 2991
2489 2992
1686 2993
1662 2994
1087 2995
2050 2996
445 2997
523 2998
2949 2999
2160 3000
2496 3001
1385 3002
2984 3003
936 3004
2567 3005
1013 3006
1452 3007
2874 3008
2498 3009
2560 3010
2301 3011
2922 3012
1986 3013
2773 3014
951 3015
961 3016
688 3017
1505 3018
1468 3019
1358 3020
2822 3021
241 3022
2615 3023
1763 3024
1506 3025
677 3026
1851 3027
721 3028
1821 3029
2552 3030
1826 3031
355 3032
2261 3033
1420 3034
2706 3035
3000 3036
2674 3037
1660 3038
2220 3039
2354 3040
353 3041
2999 3042
1268 3043
1356 3044
859 3045
1617 3046
2980 3047
1034 3048
911 3049
1539 3050
2517 3051
224 3052
2092 3053
1549 3054
1849 3055
1123 3056
28 3057
2987 3058
176 3059
2675 3060
1782 3061
3057 3062
503 3063
1978 3064
2806 3065
2342 3066
1071 3067
2466 3068
2984 3069
1467 3070
2309 3071
684 3072
3071 3073
694 3074
288 3075
6 3076
572 3077
761 3078
2712 3079
2918 3080
1645 3081
2483 3082
858 3083
2491 3084
93 3085
2815 3086
1534 3087
1514 3088
615 3089
811 3090
298 3091
1860 3092
2946 3093
387 3094
1155 3095
1958 3096
1309 3097
6 3098
1301 3099
2101 3100
1463 3101
3051 3102
3059 3103
2014 3104
1814 3105
308 3106
3082 3107
297 3108
1225 3109
535 3110
2665 3111
2521 3112
1080 3113
2687 3114
1582 3115
2202 3116
1707 3117
1503 3118
1509 3119
1354 3120
2456 3121
528 3122
1046 3123
679 3124
2062 3125
763 3126
1571 3127
1709 3128
1422 3129
2402 3130
1306 3131
148 3132
3086 3133
287 3134
1605 3135
3031 3136
2850 3137
775 3138
2245 3139
60 3140
1022 3141
2895 3142
40 3143
369 3144
2823 3145
1564 3146
643 3147
476 3148
480 3149
605 3150
223 3151
2760 3152
3015 3153
2173 3154
968 3155
2281 3156
2212 3157
2134 3158
2225 3159
1452 3160
2273 3161
2450 3162
1134 3163
42 3164
1110 3165
1472 3166
2216 3167
2808 3168
2429 3169
470 3170
615 3171
1383 3172
1441 3173
904 3174
2364 3175
28 3176
3020 3177
776 3178
3089 3179
1577 3180
2538 3181
13 3182
3150 3183
1692 3184
1369 3185
3013 3186
820 3187
46 3188
2536 3189
630 3190
1998 3191
170 3192
1512 3193
360 3194
2564 3195
1940 3196
1727 3197
2010 3198
317 3199
2318 3200
1241 3201
77 3202
2990 3203
1873 3204
2149 3205
34 3206
2051 3207
1864 3208
398 3209
201 3210
2988 3211
1969 3212
517 3213
2033 3214
796 3215
933 3216
577 3217
3107 3218
462 3219
726 3220
2887 3221
713 3222
2131 3223
747 3224
1077 3225
1216 3226
3214 3227
1469 3228
1891 3229
1698 3230
3071 3231
2858 3232
451 3233
2066 3234
2388 3235
1292 3236
2320 3237
2632 3238
807 3239
2969 3240
928 3241
691 3242
3082 3243
2094 3244
383 3245
850 3246
1611 3247
2817 3248
2217 3249
2194 3250
353 3251
1554 3252
638 3253
2824 3254
2387 3255
2371 3256
913 3257
2918 3258
673 3259
2888 3260
2841 3261
2448 3262
214 3263
396 3264
1416 3265
1763 3266
1474 3267
1859 3268
473 3269
1874 3270
805 3271
1202 3272
3232 3273
1473 3274
43 3275
2310 3276
3203 3277
243 3278
1564 3279
1284 3280
952 3281
2797 3282
2355 3283
2890 3284
1787 3285
1344 3286
2268 3287
2708 3288
2945 3289
1587 3290
2455 3291
179 3292
1883 3293
1964 3294
2891 3295
83 3296
3219 3297
3269 3298
2526 3299
1939 3300
969 3301
2202 3302
1510 3303
1295 3304
232 3305
3009 3306
2664 3307
1232 3308
2599 3309
1331 3310
2913 3311
1116 3312
527 3313
2126 3314
2630 3315
2260 3316
2691 3317
440 3318
2607 3319
1516 3320
3038 3321
1864 3322
3194 3323
2344 3324
887 3325
2299 3326
497 3327
580 3328
1425 3329
511 3330
2143 3331
2029 3332
1440 3333
2386 3334
992 3335
2506 3336
3313 3337
2847 3338
1939 3339
2787 3340
134 3341
771 3342
1122 3343
2743 3344
323 3345
555 3346
2866 3347
677 3348
2741 3349
1907 3350
1630 3351
1659 3352
68 3353
1415 3354
553 3355
2752 3356
2918 3357
888 3358
517 3359
2060 3360
2450 3361
920 3362
2826 3363
3228 3364
1259 3365
700 3366
1036 3367
1877 3368
1126 3369
1060 3370
3286 3371
146 3372
1928 3373
2608 3374
2563 3375
1108 3376
664 3377
1890 3378
1095 3379
1027 3380
1592 3381
2422 3382
449 3383
1810 3384
2605 3385
1268 3386
1572 3387
3333 3388
1809 3389
2428 3390
1247 3391
2764 3392
1087 3393
3113 3394
3117 3395
773 3396
2654 3397
2718 3398
1204 3399
1535 3400
605 3401
3020 3402
1556 3403
2928 3404
41 3405
147 3406
890 3407
508 3408
2208 3409
1816 3410
3369 3411
2856 3412
3043 3413
741 3414
719 3415
636 3416
2213 3417
3144 3418
2279 3419
596 3420
1335 3421
2017 3422
2021 3423
1477 3424
543 3425
2303 3426
1693 3427
1312 3428
44 3429
2263 3430
840 3431
1804 3432
942 3433
3374 3434
2647 3435
1690 3436
1606 3437
953 3438
42 3439
1727 3440
1300 3441
814 3442
1842 3443
2308 3444
1390 3445
1154 3446
380 3447
2107 3448
2765 3449
2794 3450
2240 3451
2468 3452
1503 3453
723 3454
1128 3455
3347 3456
1409 3457
553 3458
2465 3459
1533 3460
2480 3461
2244 3462
1863 3463
1775 3464
698 3465
2496 3466
1276 3467
2006 3468
2009 3469
1555 3470
2128 3471
370 3472
830 3473
2238 3474
952 3475
2564 3476
3383 3477
439 3478
3174 3479
1967 3480
318 3481
3102 3482
2531 3483
533 3484
841 3485
3026 3486
2944 3487
641 3488
2928 3489
1885 3490
2250 3491
3169 3492
2452 3493
2422 3494
1101 3495
2602 3496
1230 3497
1902 3498
1948 3499
3135 3500
202 3501
1071 3502
561 3503
1694 3504
1380 3505
2330 3506
61 3507
2226 3508
639 3509
1553 3510
1893 3511
1786 3512
2719 3513
811 3514
1951 3515
3225 3516
471 3517
640 3518
2612 3519
1039 3520
2457 3521
2400 3522
1807 3523
895 3524
3167 3525
3249 3526
1552 3527
3218 3528
2830 3529
1745 3530
1910 3531
530 3532
2346 3533
3033 3534
2900 3535
1287 3536
1987 3537
2336 3538
2862 3539
218 3540
1892 3541
3239 3542
2625 3543
1666 3544
973 3545
685 3546
755 3547
1484 3548
2959 3549
1326 3550
2380 3551
3072 3552
2405 3553
2118 3554
433 3555
856 3556
2079 3557
368 3558
1874 3559
360 3560
1412 3561
1715 3562
2182 3563
3241 3564
21 3565
600 3566
1081 3567
2660 3568
2889 3569
3414 3570
722 3571
689 3572
1173 3573
699 3574
814 3575
3384 3576
1335 3577
3020 3578
2213 3579
3360 3580
3382 3581
2385 3582
3253 3583
1476 3584
736 3585
60 3586
1606 3587
829 3588
2702 3589
1173 3590
2266 3591
3201 3592
509 3593
3030 3594
3437 3595
2545 3596
2569 3597
1525 3598
1971 3599
1317 3600
2755 3601
2847 3602
1342 3603
163 3604
2358 3605
2954 3606
2154 3607
2005 3608
3085 3609
3562 3610
3000 3611
2676 3612
1032 3613
3589 3614
2191 3615
1898 3616
397 3617
3554 3618
1992 3619
1980 3620
2064 3621
3400 3622
2014 3623
111 3624
363 3625
3376 3626
1762 3627
1103 3628
2807 3629
1975 3630
611 3631
3395 3632
269 3633
2944 3634
1497 3635
1449 3636
383 3637
23 3638
434 3639
1593 3640
1442 3641
3607 3642
1049 3643
436 3644
746 3645
412 3646
463 3647
603 3648
3104 3649
160 3650
3433 3651
148 3652
660 3653
2689 3654
137 3655
1004 3656
2571 3657
2923 3658
1548 3659
485 3660
796 3661
2920 3662
2818 3663
1653 3664
1031 3665
1986 3666
398 3667
1376 3668
2126 3669
2947 3670
1637 3671
2270 3672
2940 3673
1671 3674
1660 3675
2133 3676
605 3677
3221 3678
2087 3679
2129 3680
1132 3681
608 3682
60 3683
2980 3684
3588 3685
714 3686
657 3687
3020 3688
1131 3689
2650 3690
614 3691
2011 3692
276 3693
1623 3694
26 3695
3678 3696
1868 3697
278 3698
2378 3699
59 3700
155 3701
3489 3702
2946 3703
173 3704
3611 3705
879 3706
2447 3707
615 3708
1478 3709
549 3710
1684 3711
1091 3712
618 3713
3016 3714
1063 3715
1992 3716
534 3717
3106 3718
1102 3719
633 3720
1661 3721
1291 3722
2829 3723
3310 3724
2181 3725
1991 3726
2047 3727
90 3728
3540 3729
2944 3730
2339 3731
2209 3732
918 3733
2910 3734
2511 3735
1227 3736
792 3737
3161 3738
1483 3739
1065 3740
1647 3741
3037 3742
376 3743
366 3744
1627 3745
1678 3746
2384 3747
1052 3748
766 3749
3435 3750
758 3751
2029 3752
2996 3753
3437 3754
1206 3755
2695 3756
2861 3757
3673 3758
404 3759
3530 3760
2338 3761
1888 3762
3169 3763
3030 3764
2934 3765
2849 3766
1447 3767
959 3768
370 3769
2216 3770
2612 3771
2171 3772
3481 3773
2447 3774
1160 3775
2899 3776
2502 3777
2339 3778
2291 3779
326 3780
910 3781
652 3782
3152 3783
3082 3784
3325 3785
1645 3786
2163 3787
2522 3788
1267 3789
888 3790
15 3791
434 3792
966 3793
3616 3794
3363 3795
2961 3796
2099 3797
1884 3798
2427 3799
1761 3800
3522 3801
839 3802
3057 3803
1754 3804
2816 3805
677 3806
2454 3807
641 3808
2160 3809
3274 3810
1353 3811
2574 3812
217 3813
1666 3814
1283 3815
1653 3816
3539 3817
1190 3818
3549 3819
3698 3820
3410 3821
3381 3822
1357 3823
3640 3824
1186 3825
448 3826
1813 3827
2903 3828
3175 3829
401 3830
3377 3831
2490 3832
2544 3833
1888 3834
2055 3835
354 3836
1035 3837
168 3838
199 3839
2951 3840
827 3841
1700 3842
2181 3843
2586 3844
3695 3845
3070 3846
3324 3847
3385 3848
389 3849
258 3850
3405 3851
1859 3852
918 3853
2892 3854
2885 3855
2816 3856
822 3857
1890 3858
769 3859
1541 3860
1937 3861
2819 3862
2469 3863
1882 3864
2831 3865
3481 3866
3468 3867
1612 3868
294 3869
2033 3870
3518 3871
1536 3872
2405 3873
1463 3874
19 3875
661 3876
1811 3877
1822 3878
990 3879
1589 3880
445 3881
2052 3882
3529 3883
3576 3884
3351 3885
2199 3886
991 3887
276 3888
2561 3889
2480 3890
1691 3891
1610 3892
1121 3893
401 3894
3249 3895
3366 3896
1406 3897
1434 3898
3518 3899
2028 3900
2326 3901
1117 3902
452 3903
1965 3904
3724 3905
2419 3906
3056 3907
1671 3908
1376 3909
3909 3910
3021 3911
1719 3912
807 3913
2160 3914
837 3915
1445 3916
182 3917
450 3918
2953 3919
489 3920
3264 3921
786 3922
910 3923
2337 3924
3313 3925
1368 3926
3463 3927
3267 3928
3892 3929
693 3930
2699 3931
2459 3932
325 3933
894 3934
1927 3935
3550 3936
3053 3937
1968 3938
521 3939
3465 3940
737 3941
1912 3942
1531 3943
1059 3944
3770 3945
2982 3946
2536 3947
106 3948
319 3949
1336 3950
2799 3951
454 3952
3248 3953
2304 3954
3861 3955
2367 3956
1313 3957
3622 3958
3029 3959
2435 3960
1116 3961
2472 3962
3658 3963
2224 3964
844 3965
590 3966
2885 3967
415 3968
2472 3969
1893 3970
2833 3971
2260 3972
2131 3973
1898 3974
2740 3975
3774 3976
1534 3977
1532 3978
403 3979
93 3980
2350 3981
2209 3982
682 3983
462 3984
3403 3985
3932 3986
517 3987
1327 3988
3968 3989
1286 3990
2691 3991
3750 3992
318 3993
1936 3994
628 3995
310 3996
3438 3997
520 3998
103 3999
3717 4000
2174 4001
1631 4002
126 4003
1594 4004
2795 4005
780 4006
683 4007
3382 4008
1808 4009
648 4010
3004 4011
425 4012
169 4013
2504 4014
570 4015
850 4016
2643 4017
2809 4018
3209 4019
523 4020
668 4021
3982 4022
1504 4023
2583 4024
2075 4025
3282 4026
1522 4027
1244 4028
68 4029
3481 4030
3867 4031
618 4032
3922 4033
2077 4034
1084 4035
892 4036
2609 4037
3154 4038
817 4039
3409 4040
2741 4041
3612 4042
512 4043
3367 4044
3317 4045
2494 4046
2769 4047
1691 4048
1528 4049
1178 4050
814 4051
488 4052
3347 4053
1846 4054
1498 4055
3825 4056
507 4057
3151 4058
2780 4059
2196 4060
3132 4061
2764 4062
2520 4063
2534 4064
1094 4065
1109 4066
2711 4067
3477 4068
2346 4069
2045 4070
3196 4071
567 4072
504 4073
678 4074
2796 4075
3163 4076
1996 4077
2976 4078
3313 4079
2946 4080
1528 4081
592 4082
1583 4083
276 4084
2226 4085
1705 4086
444 4087
283 4088
3961 4089
929 4090
1805 4091
2889 4092
913 4093
3665 4094
2041 4095
1416 4096
3264 4097
1626 4098
3853 4099
3954 4100
3319 4101
2482 4102
608 4103
1608 4104
1523 4105
1709 4106
1203 4107
3507 4108
1540 4109
2101 4110
3657 4111
720 4112
4041 4113
2079 4114
1158 4115
4013 4116
392 4117
3116 4118
3806 4119
1083 4120
2559 4121
2937 4122
3551 4123
2990 4124
3026 4125
29 4126
2410 4127
2347 4128
439 4129
3939 4130
1526 4131
3299 4132
854 4133
1609 4134
2241 4135
2492 4136
1372 4137
103 4138
354 4139
2588 4140
826 4141
864 4142
3687 4143
527 4144
1962 4145
2482 4146
1974 4147
831 4148
1369 4149
3174 4150
10 4151
1509 4152
3628 4153
2927 4154
3351 4155
1545 4156
4111 4157
1574 4158
1739 4159
972 4160
1246 4161
3058 4162
2006 4163
2453 4164
628 4165
3721 4166
2223 4167
1682 4168
2788 4169
2472 4170
2169 4171
2093 4172
1469 4173
1787 4174
3737 4175
3853 4176
1380 4177
844 4178
853 4179
1135 4180
1441 4181
1770 4182
2808 4183
397 4184
1525 4185
774 4186
1009 4187
3478 4188
4010 4189
391 4190
1108 4191
2361 4192
244 4193
4134 4194
1233 4195
4132 4196
3527 4197
3897 4198
977 4199
985 4200
843 4201
3662 4202
1220 4203
825 4204
1442 4205
2300 4206
2900 4207
2861 4208
3852 4209
2499 4210
3123 4211
2784 4212
740 4213
1425 4214
1966 4215
3032 4216
2835 4217
45 4218
2543 4219
3530 4220
3289 4221
436 4222
3282 4223
2949 4224
3428 4225
2610 4226
1764 4227
1694 4228
2781 4229
2488 4230
1098 4231
2084 4232
3947 4233
312 4234
2841 4235
1811 4236
2934 4237
363 4238
1035 4239
3866 4240
787 4241
1184 4242
4025 4243
3084 4244
1412 4245
747 4246
3337 4247
2546 4248
1645 4249
1119 4250
355 4251
2066 4252
2439 4253
3495 4254
3093 4255
3146 4256
2090 4257
298 4258
931 4259
2558 4260
3363 4261
3460 4262
3522 4263
2679 4264
1590 4265
719 4266
957 4267
2667 4268
3872 4269
962 4270
3209 4271
737 4272
2543 4273
1684 4274
2690 4275
1436 4276
1089 4277
693 4278
3292 4279
2763 4280
3921 4281
2447 4282
3280 4283
3737 4284
924 4285
3051 4286
856 4287
3689 4288
3762 4289
3733 4290
1673 4291
197 4292
2525 4293
1437 4294
4036 4295
2282 4296
3096 4297
645 4298
755 4299
1248 4300
902 4301
3005 4302
1884 4303
542 4304
439 4305
2227 4306
472 4307
846 4308
536 4309
953 4310
683 4311
1229 4312
1128 4313
1303 4314
1399 4315
3958 4316
2549 4317
3507 4318
705 4319
116 4320
4173 4321
2301 4322
3864 4323
1316 4324
3351 4325
2747 4326
228 4327
1023 4328
875 4329
2774 4330
231 4331
18 4332
1481 4333
526 4334
3577 4335
3831 4336
2543 4337
1460 4338
3606 4339
3948 4340
636 4341
2603 4342
1705 4343
2201 4344
3327 4345
793 4346
611 4347
3062 4348
4287 4349
2355 4350
1270 4351
2743 4352
4157 4353
3006 4354
3422 4355
47 4356
3738 4357
969 4358
3040 4359
2449 4360
2102 4361
3933 4362
3292 4363
4005 4364
3079 4365
1320 4366
103 4367
1985 4368
1443 4369
1709 4370
2530 4371
2658 4372
1775 4373
1970 4374
2618 4375
1890 4376
1644 4377
1937 4378
2560 4379
852 4380
477 4381
1502 4382
2167 4383
3750 4384
3721 4385
1361 4386
3232 4387
2435 4388
3145 4389
1576 4390
2938 4391
2355 4392
2272 4393
363 4394
1764 4395
1010 4396
4175 4397
3995 4398
2513 4399
764 4400
3426 4401
4276 4402
2383 4403
1477 4404
132 4405
4324 4406
1318 4407
1919 4408
2147 4409
471 4410
1547 4411
1673 4412
1848 4413
4382 4414
249 4415
2418 4416
509 4417
3965 4418
2025 4419
3061 4420
1170 4421
3668 4422
1439 4423
4187 4424
241 4425
2724 4426
3420 4427
3039 4428
3631 4429
1677 4430
1489 4431
1823 4432
2527 4433
4074 4434
350 4435
1054 4436
1257 4437
1272 4438
3722 4439
3827 4440
3904 4441
450 4442
2738 4443
1790 4444
2072 4445
4178 4446
752 4447
1841 4448
3320 4449
4234 4450
3892 4451
150 4452
1064 4453
1424 4454
2597 4455
3774 4456
4194 4457
4385 4458
2803 4459
1961 4460
1013 4461
3673 4462
2627 4463
3265 4464
2267 4465
3548 4466
2786 4467
101 4468
3948 4469
3845 4470
1279 4471
757 4472
3460 4473
1362 4474
2115 4475
3640 4476
1204 4477
1036 4478
2783 4479
1558 4480
1842 4481
2596 4482
3109 4483
577 4484
4379 4485
1264 4486
3588 4487
3639 4488
1866 4489
1736 4490
4093 4491
1888 4492
714 4493
1230 4494
4434 4495
462 4496
2999 4497
2005 4498
32 4499
435 4500
631 4501
1279 4502
4008 4503
3570 4504
1573 4505
1218 4506
1422 4507
54 4508
1048 4509
3276 4510
2389 4511
2680 4512
3394 4513
2596 4514
710 4515
1284 4516
3543 4517
1626 4518
2991 4519
219 4520
1613 4521
562 4522
159 4523
2356 4524
1707 4525
2985 4526
2230 4527
473 4528
3656 4529
2358 4530
918 4531
1026 4532
1519 4533
145 4534
350 4535
737 4536
4517 4537
3809 4538
1144 4539
2093 4540
463 4541
1535 4542
3018 4543
311 4544
2321 4545
1513 4546
2505 4547
3475 4548
3593 4549
2511 4550
978 4551
3624 4552
643 4553
323 4554
198 4555
636 4556
4427 4557
2379 4558
444 4559
3170 4560
2691 4561
731 4562
1897 4563
3590 4564
415 4565
4169 4566
4019 4567
1455 4568
3003 4569
452 4570
1821 4571
1033 4572
4066 4573
612 4574
180 4575
423 4576
301 4577
3854 4578
1668 4579
3676 4580
113 4581
1677 4582
1332 4583
3867 4584
2559 4585
1429 4586
4574 4587
1727 4588
1367 4589
2562 4590
3445 4591
2691 4592
1952 4593
4127 4594
1613 4595
2134 4596
3781 4597
2166 4598
1605 4599
4431 4600
3709 4601
839 4602
574 4603
1389 4604
757 4605
2363 4606
567 4607
2044 4608
2770 4609
3260 4610
4255 4611
1838 4612
2372 4613
3486 4614
3427 4615
772 4616
3502 4617
497 4618
3928 4619
2507 4620
2912 4621
915 4622
3555 4623
788 4624
2253 4625
2035 4626
1242 4627
805 4628
1579 4629
1007 4630
1432 4631
3731 4632
1744 4633
3268 4634
33 4635
1299 4636
57 4637
846 4638
1185 4639
2528 4640
3311 4641
3251 4642
1655 4643
364 4644
3466 4645
1895 4646
3748 4647
776 4648
1943 4649
3687 4650
1195 4651
2666 4652
2652 4653
3448 4654
2951 4655
3134 4656
3303 4657
1031 4658
3236 4659
947 4660
2948 4661
4095 4662
3362 4663
2398 4664
3702 4665
497 4666
3412 4667
1820 4668
514 4669
2517 4670
2748 4671
2393 4672
1060 4673
804 4674
4314 4675
4484 4676
1236 4677
1870 4678
1153 4679
2117 4680
1072 4681
3166 4682
2113 4683
4565 4684
687 4685
2334 4686
1555 4687
4040 4688
4414 4689
370 4690
2951 4691
912 4692
3241 4693
3433 4694
194 4695
3282 4696
4082 4697
2353 4698
4501 4699
2530 4700
4164 4701
2581 4702
316 4703
1566 4704
3928 4705
4159 4706
2941 4707
1532 4708
1435 4709
370 4710
1689 4711
1289 4712
3945 4713
786 4714
4691 4715
1911 4716
1562 4717
1733 4718
2270 4719
2176 4720
2800 4721
3948 4722
3831 4723
1355 4724
3071 4725
579 4726
644 4727
3477 4728
1930 4729
227 4730
803 4731
3040 4732
4645 4733
2343 4734
1043 4735
3089 4736
560 4737
1920 4738
1837 4739
2122 4740
4294 4741
877 4742
433 4743
4231 4744
3889 4745
225 4746
548 4747
2544 4748
835 4749
550 4750
616 4751
1682 4752
2712 4753
756 4754
3635 4755
4187 4756
1794 4757
2726 4758
3143 4759
4502 4760
3836 4761
3901 4762
4006 4763
3482 4764
566 4765
1148 4766
646 4767
2763 4768
1104 4769
1401 4770
781 4771
4452 4772
1285 4773
2099 4774
920 4775
568 4776
2722 4777
2363 4778
1681 4779
212 4780
2145 4781
742 4782
2278 4783
467 4784
425 4785
1527 4786
3049 4787
324 4788
4479 4789
294 4790
2173 4791
1160 4792
2392 4793
1624 4794
4084 4795
4602 4796
79 4797
298 4798
3504 4799
4114 4800
652 4801
3648 4802
4617 4803
1960 4804
1757 4805
1878 4806
842 4807
343 4808
2135 4809
2571 4810
3714 4811
3248 4812
2811 4813
1351 4814
4584 4815
3429 4816
3213 4817
1727 4818
3149 4819
283 4820
2926 4821
1899 4822
1900 4823
993 4824
2287 4825
4698 4826
3889 4827
3724 4828
1441 4829
3291 4830
1918 4831
4057 4832
1342 4833
3441 4834
1902 4835
2591 4836
1288 4837
4104 4838
4180 4839
3242 4840
872 4841
2859 4842
3395 4843
1760 4844
411 4845
1924 4846
3508 4847
887 4848
1342 4849
2455 4850
3174 4851
3779 4852
502 4853
541 4854
469 4855
3012 4856
416 4857
965 4858
1660 4859
511 4860
4261 4861
4008 4862
2927 4863
3498 4864
1392 4865
127 4866
1811 4867
4785 4868
2247 4869
3897 4870
4525 4871
672 4872
2457 4873
3311 4874
251 4875
3913 4876
1659 4877
2418 4878
929 4879
3701 4880
1073 4881
2044 4882
996 4883
2929 4884
401 4885
2181 4886
622 4887
4606 4888
3218 4889
3872 4890
2804 4891
3902 4892
3637 4893
497 4894
2528 4895
2754 4896
2659 4897
143 4898
4472 4899
15 4900
4069 4901
658 4902
4167 4903
3179 4904
4301 4905
3108 4906
4418 4907
4721 4908
3115 4909
3509 4910
2609 4911
86 4912
2539 4913
4049 4914
4741 4915
1506 4916
4688 4917
1541 4918
2810 4919
2474 4920
1969 4921
3314 4922
4633 4923
1143 4924
4092 4925
2132 4926
4690 4927
856 4928
4097 4929
4568 4930
4105 4931
1839 4932
1470 4933
3012 4934
4376 4935
3513 4936
2740 4937
4289 4938
2844 4939
1501 4940
983 4941
1692 4942
3464 4943
3127 4944
2697 4945
2343 4946
450 4947
3206 4948
465 4949
2206 4950
296 4951
4488 4952
1218 4953
3545 4954
4140 4955
1461 4956
2701 4957
883 4958
4246 4959
3015 4960
4041 4961
2261 4962
820 4963
2377 4964
2301 4965
2623 4966
4777 4967
532 4968
2193 4969
3157 4970
3231 4971
3456 4972
4269 4973
4810 4974
735 4975
1566 4976
2525 4977
2740 4978
2326 4979
3697 4980
1095 4981
4174 4982
4384 4983
3963 4984
4510 4985
708 4986
3477 4987
1689 4988
815 4989
3162 4990
2473 4991
142 4992
606 4993
125 4994
458 4995
4663 4996
1065 4997
902 4998
4972 4999
3741 5000
3176 5001
3727 5002
4626 5003
2484 5004
1044 5005
4924 5006
896 5007
530 5008
1134 5009
4728 5010
1572 5011
702 5012
4009 5013
4519 5014
749 5015
637 5016
1294 5017
170 5018
3389 5019
603 5020
3869 5021
3500 5022
2284 5023
2606 5024
2964 5025
4797 5026
258 5027
3654 5028
137 5029
2652 5030
1411 5031
3851 5032
2108 5033
2325 5034
3129 5035
1208 5036
2355 5037
2481 5038
212 5039
2065 5040
3536 5041
734 5042
2010 5043
155 5044
581 5045
2863 5046
3272 5047
1444 5048
3120 5049
2393 5050
2900 5051
4064 5052
2309 5053
50 5054
1001 5055
2658 5056
36 5057
2062 5058
1458 5059
539 5060
3830 5061
2348 5062
1499 5063
3487 5064
818 5065
3509 5066
1464 5067
322 5068
3046 5069
2844 5070
578 5071
4728 5072
182 5073
4326 5074
4303 5075
548 5076
28 5077
4303 5078
1495 5079
1059 5080
2876 5081
583 5082
1180 5083
311 5084
1781 5085
868 5086
2099 5087
4763 5088
449 5089
361 5090
1903 5091
3640 5092
867 5093
3338 5094
964 5095
1296 5096
561 5097
1084 5098
715 5099
2455 5100
3284 5101
4047 5102
4123 5103
4496 5104
2655 5105
872 5106
229 5107
2990 5108
2275 5109
1074 5110
4278 5111
1342 5112
761 5113
501 5114
3162 5115
1559 5116
3894 5117
2034 5118
4853 5119
4135 5120
4824 5121
2245 5122
2226 5123
707 5124
1341 5125
3735 5126
2138 5127
4799 5128
920 5129
1094 5130
932 5131
4774 5132
4941 5133
4563 5134
4080 5135
406 5136
2253 5137
2548 5138
2608 5139
3567 5140
2580 5141
2447 5142
302 5143
4493 5144
3610 5145
3225 5146
2662 5147
2453 5148
3710 5149
3104 5150
4560 5151
1780 5152
1563 5153
3532 5154
1333 5155
1815 5156
3929 5157
5143 5158
2471 5159
4659 5160
1065 5161
2885 5162
2191 5163
44 5164
426 5165
343 5166
786 5167
3683 5168
2580 5169
1555 5170
2441 5171
2475 5172
1068 5173
3206 5174
3526 5175
771 5176
3587 5177
251 5178
1397 5179
1954 5180
2400 5181
2377 5182
4331 5183
4168 5184
122 5185
819 5186
4471 5187
1555 5188
1604 5189
856 5190
1230 5191
796 5192
727 5193
256 5194
2218 5195
1539 5196
898 5197
4695 5198
3426 5199
2610 5200
153 5201
4333 5202
3660 5203
2979 5204
567 5205
3577 5206
1802 5207
3270 5208
3172 5209
4715 5210
3676 5211
4089 5212
3935 5213
4143 5214
586 5215
1143 5216
2119 5217
300 5218
129 5219
1690 5220
3562 5221
160 5222
2145 5223
4047 5224
3858 5225
4058 5226
2829 5227
3370 5228
1726 5229
5105 5230
1014 5231
1543 5232
1162 5233
2964 5234
4561 5235
4069 5236
3804 5237
1025 5238
4120 5239
2598 5240
288 5241
3929 5242
467 5243
3579 5244
1930 5245
4243 5246
1563 5247
4521 5248
2718 5249
3952 5250
1306 5251
4449 5252
4547 5253
3141 5254
4251 5255
2518 5256
503 5257
819 5258
5226 5259
3511 5260
569 5261
4009 5262
1852 5263
4042 5264
564 5265
2360 5266
4973 5267
3234 5268
3136 5269
3098 5270
1151 5271
2057 5272
683 5273
563 5274
1904 5275
3321 5276
434 5277
3800 5278
2338 5279
1143 5280
693 5281
1795 5282
3011 5283
1324 5284
5158 5285
5126 5286
418 5287
3807 5288
5042 5289
3206 5290
862 5291
2393 5292
5001 5293
1923 5294
964 5295
151 5296
3429 5297
3739 5298
2188 5299
4906 5300
97 5301
490 5302
4983 5303
2432 5304
3561 5305
1046 5306
4614 5307
120 5308
2118 5309
2209 5310
5130 5311
1653 5312
1148 5313
3206 5314
685 5315
4076 5316
3275 5317
5244 5318
1466 5319
1666 5320
4103 5321
2321 5322
4697 5323
2712 5324
4808 5325
4248 5326
5124 5327
1043 5328
2049 5329
2810 5330
1627 5331
210 5332
4818 5333
759 5334
2733 5335
4052 5336
3039 5337
355 5338
1418 5339
1670 5340
4753 5341
1418 5342
546 5343
4756 5344
2955 5345
658 5346
1135 5347
1922 5348
1152 5349
5112 5350
917 5351
2578 5352
5158 5353
2745 5354
3218 5355
4135 5356
350 5357
939 5358
1340 5359
1314 5360
2939 5361
1146 5362
4462 5363
2366 5364
1975 5365
57 5366
4258 5367
1557 5368
5266 5369
4185 5370
3592 5371
2499 5372
2906 5373
4904 5374
1628 5375
1165 5376
1237 5377
4715 5378
4548 5379
2167 5380
969 5381
2068 5382
4680 5383
465 5384
1482 5385
4167 5386
3626 5387
1084 5388
3550 5389
867 5390
2864 5391
1409 5392
5194 5393
1260 5394
1261 5395
4646 5396
2158 5397
223 5398
3722 5399
2591 5400
4057 5401
5385 5402
2326 5403
1962 5404
2889 5405
2018 5406
3642 5407
5175 5408
2436 5409
1753 5410
41 5411
1285 5412
366 5413
480 5414
5108 5415
201 5416
4371 5417
1648 5418
4999 5419
806 5420
3217 5421
667 5422
2072 5423
2319 5424
292 5425
4061 5426
1099 5427
4446 5428
2767 5429
1046 5430
1331 5431
4442 5432
2990 5433
198 5434
2500 5435
3334 5436
2455 5437
2776 5438
395 5439
2674 5440
242 5441
713 5442
1882 5443
2295 5444
2234 5445
1623 5446
3725 5447
937 5448
3428 5449
2702 5450
2932 5451
2553 5452
3 5453
1423 5454
2895 5455
4735 5456
236 5457
3578 5458
350 5459
1079 5460
4315 5461
968 5462
3730 5463
3882 5464
2358 5465
2027 5466
32 5467
4047 5468
4195 5469
1138 5470
5123 5471
4570 5472
716 5473
5290 5474
1698 5475
5247 5476
1047 5477
2960 5478
2962 5479
5323 5480
5092 5481
3924 5482
4580 5483
3696 5484
3559 5485
2484 5486
5232 5487
2577 5488
4545 5489
2165 5490
4952 5491
4927 5492
748 5493
3815 5494
538 5495
89 5496
3432 5497
3239 5498
1329 5499
1473 5500
441 5501
3842 5502
5023 5503
3384 5504
4431 5505
53 5506
2329 5507
3700 5508
1127 5509
3626 5510
4204 5511
2360 5512
2296 5513
4578 5514
2497 5515
5386 5516
3637 5517
4748 5518
4195 5519
2209 5520
4668 5521
850 5522
1969 5523
373 5524
1061 5525
3571 5526
1782 5527
518 5528
3242 5529
4289 5530
4436 5531
4625 5532
2812 5533
3991 5534
1116 5535
2427 5536
1524 5537
1794 5538
5407 5539
104 5540
2395 5541
4603 5542
1178 5543
3273 5544
4513 5545
690 5546
2101 5547
660 5548
3257 5549
4451 5550
4336 5551
765 5552
3035 5553
3735 5554
2312 5555
1424 5556
3076 5557
1548 5558
3682 5559
10 5560
2803 5561
2748 5562
2876 5563
679 5564
3902 5565
2751 5566
4425 5567
2991 5568
5547 5569
4593 5570
4104 5571
4838 5572
3414 5573
3108 5574
4741 5575
3311 5576
5505 5577
1997 5578
2560 5579
4388 5580
2398 5581
322 5582
1980 5583
3120 5584
1080 5585
328 5586
4975 5587
5461 5588
3306 5589
292 5590
4277 5591
5134 5592
4926 5593
4710 5594
4124 5595
832 5596
927 5597
4331 5598
5005 5599
3173 5600
4168 5601
3080 5602
2937 5603
3299 5604
189 5605
907 5606
1583 5607
3908 5608
3854 5609
5305 5610
116 5611
2630 5612
3953 5613
1031 5614
4016 5615
3208 5616
4875 5617
888 5618
298 5619
5156 5620
5106 5621
1685 5622
2146 5623
3600 5624
1180 5625
3814 5626
200 5627
753 5628
5362 5629
2269 5630
3107 5631
5530 5632
2240 5633
1346 5634
5333 5635
794 5636
4050 5637
3931 5638
960 5639
4986 5640
670 5641
3457 5642
4255 5643
1974 5644
3314 5645
4598 5646
1811 5647
4473 5648
2246 5649
4728 5650
2376 5651
1144 5652
4053 5653
4349 5654
4908 5655
2731 5656
5091 5657
1315 5658
3309 5659
3026 5660
270 5661
4936 5662
1350 5663
1887 5664
2382 5665
5266 5666
951 5667
3199 5668
2857 5669
323 5670
886 5671
2939 5672
1231 5673
2614 5674
3358 5675
2647 5676
2271 5677
4563 5678
1672 5679
1333 5680
5678 5681
152 5682
591 5683
187 5684
2822 5685
88 5686
659 5687
2990 5688
4226 5689
5372 5690
3860 5691
2016 5692
2557 5693
3865 5694
5229 5695
5604 5696
633 5697
3106 5698
5243 5699
1376 5700
3937 5701
1888 5702
5421 5703
5567 5704
3962 5705
3694 5706
641 5707
4860 5708
4261 5709
3535 5710
3173 5711
4636 5712
1506 5713
5352 5714
1777 5715
1611 5716
324 5717
844 5718
3747 5719
1226 5720
1764 5721
2602 5722
47 5723
3617 5724
130 5725
1116 5726
1404 5727
1981 5728
5058 5729
2660 5730
2466 5731
4619 5732
332 5733
5024 5734
1084 5735
3633 5736
5648 5737
1714 5738
4197 5739
3480 5740
1402 5741
5287 5742
1007 5743
5264 5744
932 5745
2538 5746
2060 5747
3360 5748
1631 5749
2936 5750
3107 5751
533 5752
4912 5753
5559 5754
5210 5755
1999 5756
1402 5757
794 5758
5053 5759
4883 5760
2631 5761
400 5762
1639 5763
1125 5764
1578 5765
1207 5766
3882 5767
1909 5768
3113 5769
3952 5770
1350 5771
2488 5772
3663 5773
3076 5774
5300 5775
5710 5776
5189 5777
4034 5778
2816 5779
784 5780
4953 5781
626 5782
1533 5783
5373 5784
3387 5785
3138 5786
4842 5787
2733 5788
1328 5789
385 5790
2385 5791
2580 5792
1610 5793
5609 5794
1758 5795
26 5796
1247 5797
604 5798
5692 5799
535 5800
773 5801
4777 5802
4909 5803
1058 5804
1588 5805
5526 5806
1175 5807
4080 5808
2935 5809
803 5810
3368 5811
2453 5812
1721 5813
2144 5814
1631 5815
1058 5816
2449 5817
4861 5818
3502 5819
875 5820
729 5821
1334 5822
681 5823
2544 5824
2967 5825
5155 5826
5123 5827
1459 5828
5705 5829
150 5830
4720 5831
5028 5832
3743 5833
2011 5834
3676 5835
561 5836
351 5837
1840 5838
3004 5839
1672 5840
721 5841
4659 5842
5456 5843
376 5844
2021 5845
111 5846
886 5847
5398 5848
5408 5849
713 5850
4439 5851
5130 5852
5200 5853
2786 5854
1903 5855
3849 5856
3268 5857
4370 5858
5100 5859
2089 5860
1966 5861
4173 5862
2857 5863
4157 5864
3360 5865
3006 5866
1210 5867
3131 5868
144 5869
3701 5870
602 5871
5845 5872
50 5873
989 5874
2218 5875
535 5876
1921 5877
4894 5878
4938 5879
5569 5880
2035 5881
4640 5882
2287 5883
2544 5884
200 5885
2494 5886
1902 5887
3267 5888
154 5889
4466 5890
1253 5891
1363 5892
4241 5893
5710 5894
3037 5895
1485 5896
1031 5897
3769 5898
2358 5899
9 5900
4123 5901
362 5902
2618 5903
2443 5904
1721 5905
1497 5906
2433 5907
1605 5908
4042 5909
4776 5910
1699 5911
1191 5912
837 5913
2452 5914
3356 5915
2592 5916
1146 5917
3517 5918
3331 5919
1382 5920
3995 5921
3543 5922
1594 5923
1595 5924
3053 5925
4693 5926
3766 5927
1485 5928
228 5929
3934 5930
3268 5931
4573 5932
4481 5933
4366 5934
5261 5935
1335 5936
4572 5937
411 5938
5288 5939
4349 5940
2630 5941
1915 5942
5406 5943
4192 5944
1325 5945
4428 5946
5155 5947
5433 5948
4602 5949
3458 5950
1932 5951
4768 5952
5747 5953
3744 5954
4052 5955
685 5956
3155 5957
4251 5958
3493 5959
1383 5960
3394 5961
10 5962
2904 5963
2219 5964
4895 5965
5551 5966
2468 5967
4767 5968
1882 5969
4838 5970
1727 5971
3599 5972
4911 5973
1929 5974
3252 5975
2417 5976
5612 5977
1645 5978
5502 5979
5205 5980
5883 5981
1481 5982
4018 5983
777 5984
4953 5985
1462 5986
5218 5987
5411 5988
595 5989
5401 5990
3320 5991
61 5992
5950 5993
5544 5994
1304 5995
2455 5996
596 5997
3782 5998
293 5999
3448 6000
4273 6001
1749 6002
3752 6003
5885 6004
161 6005
5062 6006
5639 6007
456 6008
5543 6009
5386 6010
5325 6011
640 6012
3121 6013
5044 6014
453 6015
1976 6016
1347 6017
1969 6018
3335 6019
2475 6020
5373 6021
3516 6022
2436 6023
5484 6024
548 6025
4959 6026
1525 6027
5655 6028
2144 6029
148 6030
3444 6031
2622 6032
4546 6033
4887 6034
2505 6035
3793 6036
489 6037
1462 6038
3525 6039
3395 6040
814 6041
1443 6042
3305 6043
3263 6044
3254 6045
3688 6046
2376 6047
5052 6048
1860 6049
73 6050
4569 6051
2954 6052
3481 6053
4632 6054
472 6055
3116 6056
2744 6057
4098 6058
6023 6059
560 6060
4507 6061
3080 6062
2109 6063
5532 6064
3594 6065
985 6066
4685 6067
1732 6068
1965 6069
4484 6070
3598 6071
4836 6072
853 6073
4205 6074
4742 6075
4976 6076
1106 6077
485 6078
5494 6079
3964 6080
3116 6081
2755 6082
5031 6083
5243 6084
2834 6085
4868 6086
933 6087
4426 6088
1472 6089
4412 6090
3872 6091
3592 6092
5194 6093
4029 6094
4466 6095
3025 6096
5444 6097
2526 6098
1758 6099
1667 6100
1688 6101
2771 6102
4549 6103
5685 6104
1276 6105
5890 6106
5505 6107
2900 6108
933 6109
3411 6110
5473 6111
4864 6112
4182 6113
5480 6114
2469 6115
1165 6116
843 6117
2031 6118
2554 6119
1298 6120
5471 6121
496 6122
246 6123
3946 6124
5702 6125
4621 6126
716 6127
4613 6128
5567 6129
2658 6130
4422 6131
2553 6132
4300 6133
852 6134
3368 6135
1958 6136
4718 6137
3864 6138
4974 6139
3217 6140
1531 6141
2174 6142
3805 6143
1169 6144
3236 6145
4603 6146
2262 6147
3851 6148
3421 6149
1795 6150
2364 6151
816 6152
3908 6153
723 6154
3866 6155
3714 6156
1261 6157
1128 6158
1018 6159
1784 6160
2030 6161
4661 6162
153 6163
4576 6164
4687 6165
3594 6166
2846 6167
1993 6168
4437 6169
5340 6170
302 6171
5138 6172
3299 6173
594 6174
5421 6175
5637 6176
1041 6177
3704 6178
949 6179
5289 6180
3701 6181
4091 6182
2380 6183
1320 6184
3873 6185
3611 6186
4359 6187
1370 6188
878 6189
815 6190
3613 6191
3257 6192
1922 6193
2802 6194
2192 6195
2954 6196
3125 6197
5464 6198
4936 6199
2213 6200
2209 6201
2611 6202
6038 6203
2286 6204
178 6205
1358 6206
4419 6207
1752 6208
4675 6209
5172 6210
1718 6211
3598 6212
3477 6213
4880 6214
745 6215
2000 6216
3054 6217
4393 6218
3946 6219
5996 6220
1693 6221
2836 6222
35 6223
1828 6224
1439 6225
652 6226
4079 6227
2185 6228
5505 6229
2223 6230
3850 6231
515 6232
6188 6233
3180 6234
944 6235
5025 6236
6039 6237
6038 6238
5242 6239
4194 6240
2028 6241
2967 6242
1400 6243
4313 6244
5260 6245
5492 6246
6108 6247
4240 6248
3891 6249
3278 6250
4307 6251
3232 6252
1021 6253
2417 6254
3283 6255
5944 6256
5263 6257
1575 6258
1322 6259
4837 6260
4932 6261
791 6262
4729 6263
556 6264
1119 6265
1107 6266
2198 6267
3663 6268
1616 6269
66 6270
4418 6271
5416 6272
5276 6273
1022 6274
298 6275
1208 6276
3448 6277
4889 6278
5107 6279
1928 6280
5289 6281
2355 6282
5797 6283
1288 6284
2022 6285
1031 6286
5372 6287
27 6288
991 6289
639 6290
1581 6291
4749 6292
4371 6293
4181 6294
620 6295
1961 6296
435 6297
6170 6298
6231 6299
2096 6300
2947 6301
2991 6302
692 6303
5791 6304
3377 6305
1462 6306
2062 6307
1803 6308
3000 6309
1168 6310
211 6311
2465 6312
4496 6313
1885 6314
5954 6315
1133 6316
2706 6317
3486 6318
4694 6319
2666 6320
4092 6321
3856 6322
1988 6323
1562 6324
5997 6325
1260 6326
3700 6327
5502 6328
5433 6329
4581 6330
61 6331
3194 6332
1788 6333
5609 6334
4071 6335
5441 6336
304 6337
6167 6338
856 6339
1244 6340
1821 6341
2270 6342
1806 6343
2599 6344
874 6345
5890 6346
1005 6347
1324 6348
545 6349
6285 6350
3117 6351
4468 6352
1766 6353
5819 6354
5094 6355
2930 6356
5484 6357
4919 6358
1419 6359
3814 6360
2880 6361
4430 6362
2953 6363
4365 6364
715 6365
1003 6366
6233 6367
1978 6368
5211 6369
3382 6370
5827 6371
6290 6372
2999 6373
3064 6374
5573 6375
118 6376
4770 6377
4630 6378
2874 6379
5551 6380
3306 6381
941 6382
5207 6383
4920 6384
1120 6385
4397 6386
6051 6387
1376 6388
5693 6389
1855 6390
4771 6391
5172 6392
661 6393
1111 6394
287 6395
2092 6396
4388 6397
4806 6398
1873 6399
1194 6400
3087 6401
1829 6402
3215 6403
3730 6404
5178 6405
3205 6406
992 6407
5251 6408
6348 6409
2637 6410
6361 6411
679 6412
4763 6413
2672 6414
1763 6415
1868 6416
2773 6417
2554 6418
2947 6419
4908 6420
1636 6421
1776 6422
5398 6423
4109 6424
4762 6425
3399 6426
1405 6427
2500 6428
2487 6429
5481 6430
2950 6431
2354 6432
1023 6433
4176 6434
4726 6435
6335 6436
2691 6437
511 6438
5969 6439
1753 6440
2081 6441
5364 6442
3357 6443
6109 6444
3447 6445
4620 6446
656 6447
6404 6448
4639 6449
2376 6450
587 6451
1499 6452
5115 6453
3838 6454
3316 6455
5274 6456
495 6457
326 6458
2358 6459
2921 6460
5687 6461
3978 6462
2890 6463
3319 6464
5160 6465
4037 6466
2645 6467
3136 6468
4947 6469
4734 6470
6185 6471
2252 6472
1206 6473
926 6474
2174 6475
1452 6476
4436 6477
2624 6478
4481 6479
1761 6480
2799 6481
3218 6482
6239 6483
3408 6484
4158 6485
4181 6486
3615 6487
5317 6488
6122 6489
675 6490
3063 6491
4754 6492
978 6493
2873 6494
3957 6495
1700 6496
4379 6497
5510 6498
1169 6499
2465 6500
737 6501
2744 6502
4290 6503
4605 6504
512 6505
3087 6506
2346 6507
587 6508
153 6509
2560 6510
5223 6511
3595 6512
934 6513
5615 6514
1875 6515
4614 6516
2263 6517
798 6518
289 6519
5634 6520
6106 6521
1488 6522
374 6523
2503 6524
5218 6525
3314 6526
2575 6527
6358 6528
5534 6529
5280 6530
2918 6531
5453 6532
4430 6533
461 6534
101 6535
1545 6536
660 6537
2887 6538
1339 6539
3577 6540
159 6541
5719 6542
231 6543
5698 6544
1896 6545
3671 6546
1869 6547
5361 6548
365 6549
3652 6550
6014 6551
6202 6552
5627 6553
4150 6554
1196 6555
4389 6556
2991 6557
2161 6558
5205 6559
635 6560
1899 6561
1384 6562
1454 6563
5536 6564
2281 6565
6148 6566
3130 6567
2750 6568
5930 6569
5525 6570
2585 6571
486 6572
3699 6573
6422 6574
272 6575
2108 6576
307 6577
1688 6578
5475 6579
4650 6580
5483 6581
4499 6582
2345 6583
3128 6584
3193 6585
4731 6586
2435 6587
1682 6588
757 6589
4549 6590
852 6591
6498 6592
1228 6593
2122 6594
5739 6595
1223 6596
2239 6597
4540 6598
4571 6599
4931 6600
5346 6601
1174 6602
4218 6603
1694 6604
1728 6605
5605 6606
1311 6607
3815 6608
1159 6609
3543 6610
1136 6611
578 6612
6581 6613
4027 6614
4359 6615
4974 6616
697 6617
5225 6618
1385 6619
5287 6620
1260 6621
4231 6622
596 6623
6267 6624
4566 6625
376 6626
3670 6627
864 6628
4027 6629
4532 6630
5660 6631
1518 6632
3745 6633
5866 6634
3075 6635
4662 6636
2688 6637
1212 6638
4014 6639
6430 6640
1520 6641
120 6642
3084 6643
2340 6644
853 6645
1851 6646
2263 6647
1429 6648
3940 6649
1190 6650
1667 6651
2927 6652
1647 6653
5296 6654
2207 6655
3787 6656
6482 6657
2451 6658
4907 6659
5519 6660
4618 6661
3500 6662
4380 6663
1710 6664
1052 6665
6600 6666
5009 6667
3620 6668
5361 6669
3170 6670
4492 6671
4744 6672
2590 6673
2282 6674
1295 6675
2498 6676
1090 6677
62 6678
3494 6679
3812 6680
857 6681
4617 6682
6478 6683
1827 6684
5411 6685
3704 6686
6269 6687
1245 6688
386 6689
128 6690
179 6691
2794 6692
2221 6693
4599 6694
4571 6695
1851 6696
460 6697
1014 6698
6046 6699
3543 6700
213 6701
5575 6702
2495 6703
1659 6704
1788 6705
5246 6706
3153 6707
1728 6708
2763 6709
5560 6710
1813 6711
33 6712
5669 6713
4674 6714
3896 6715
4305 6716
5999 6717
1315 6718
566 6719
1544 6720
2974 6721
5327 6722
2522 6723
3144 6724
2528 6725
2731 6726
3466 6727
4788 6728
6292 6729
4814 6730
1416 6731
2167 6732
3989 6733
6276 6734
4523 6735
4110 6736
5054 6737
5522 6738
1902 6739
3089 6740
2169 6741
5879 6742
5033 6743
3262 6744
6510 6745
6421 6746
4009 6747
752 6748
3380 6749
3586 6750
5757 6751
3115 6752
4647 6753
2154 6754
4690 6755
4146 6756
6168 6757
3700 6758
3648 6759
4034 6760
1736 6761
2082 6762
5694 6763
6086 6764
3805 6765
2663 6766
142 6767
6097 6768
2337 6769
4736 6770
1762 6771
6574 6772
6635 6773
8 6774
84 6775
5688 6776
5122 6777
3178 6778
6098 6779
4035 6780
4781 6781
472 6782
5350 6783
4017 6784
6695 6785
1245 6786
4153 6787
4558 6788
2500 6789
6355 6790
818 6791
2359 6792
5243 6793
5932 6794
5086 6795
6565 6796
3760 6797
3669 6798
6707 6799
2920 6800
3222 6801
5406 6802
2623 6803
5402 6804
3123 6805
5969 6806
3072 6807
5903 6808
1346 6809
4726 6810
1080 6811
5084 6812
2801 6813
5264 6814
6226 6815
3006 6816
1386 6817
896 6818
3043 6819
1563 6820
5973 6821
4545 6822
2559 6823
6370 6824
5637 6825
4380 6826
6563 6827
2789 6828
4816 6829
1656 6830
919 6831
2631 6832
5071 6833
640 6834
1170 6835
3990 6836
1769 6837
4705 6838
2626 6839
2985 6840
1889 6841
2909 6842
1775 6843
47 6844
3102 6845
1155 6846
966 6847
1497 6848
1384 6849
2889 6850
5267 6851
2089 6852
2672 6853
5575 6854
1775 6855
3491 6856
1388 6857
1482 6858
1633 6859
5168 6860
4138 6861
693 6862
795 6863
4725 6864
1424 6865
1450 6866
2244 6867
3018 6868
2811 6869
1116 6870
6434 6871
1686 6872
1048 6873
6351 6874
2138 6875
233 6876
5324 6877
1133 6878
1504 6879
2121 6880
6373 6881
2355 6882
516 6883
1187 6884
2652 6885
1039 6886
5536 6887
4861 6888
972 6889
4930 6890
2446 6891
4614 6892
4043 6893
6678 6894
4420 6895
4887 6896
4186 6897
6702 6898
4956 6899
3453 6900
6644 6901
4377 6902
4864 6903
4677 6904
5874 6905
5493 6906
1922 6907
3063 6908
311 6909
3459 6910
6075 6911
4495 6912
2259 6913
266 6914
6467 6915
5822 6916
5382 6917
710 6918
6344 6919
5067 6920
6369 6921
5723 6922
1832 6923
6497 6924
791 6925
1760 6926
4926 6927
525 6928
5903 6929
5381 6930
6218 6931
5357 6932
4848 6933
3977 6934
4172 6935
5839 6936
1290 6937
5301 6938
3977 6939
4578 6940
1630 6941
2737 6942
1508 6943
3457 6944
2162 6945
5371 6946
1689 6947
5182 6948
5511 6949
2425 6950
1935 6951
4277 6952
4759 6953
6059 6954
5549 6955
3995 6956
1840 6957
5208 6958
3913 6959
1229 6960
4881 6961
4667 6962
1167 6963
13 6964
2868 6965
935 6966
4688 6967
2998 6968
5083 6969
103 6970
83 6971
1615 6972
4047 6973
6973 6974
6421 6975
1794 6976
5591 6977
1221 6978
1090 6979
2928 6980
4958 6981
4183 6982
5417 6983
4199 6984
6653 6985
1382 6986
4379 6987
5821 6988
1636 6989
6640 6990
6599 6991
1858 6992
6990 6993
1969 6994
2313 6995
1941 6996
4162 6997
935 6998
6411 6999
1190 7000
6316 7001
6479 7002
5814 7003
738 7004
5494 7005
1820 7006
4098 7007
133 7008
2503 7009
4815 7010
147 7011
3429 7012
3209 7013
747 7014
4024 7015
5625 7016
2644 7017
1000 7018
4966 7019
5583 7020
219 7021
4189 7022
6103 7023
3467 7024
3333 7025
1785 7026
6868 7027
2728 7028
2980 7029
126 7030
365 7031
6113 7032
2028 7033
3681 7034
4421 7035
1482 7036
3857 7037
6070 7038
6894 7039
4021 7040
6523 7041
79 7042
7038 7043
5021 7044
6637 7045
2729 7046
4056 7047
103 7048
3475 7049
3762 7050
257 7051
383 7052
581 7053
381 7054
3253 7055
553 7056
4143 7057
5550 7058
4066 7059
2980 7060
1966 7061
6796 7062
6250 7063
595 7064
1287 7065
2699 7066
4068 7067
2657 7068
686 7069
5715 7070
1840 7071
1250 7072
6840 7073
6263 7074
4051 7075
5785 7076
1478 7077
5577 7078
3071 7079
6645 7080
3870 7081
5357 7082
1368 7083
4837 7084
4570 7085
4517 7086
5480 7087
639 7088
1698 7089
20 7090
1760 7091
2571 7092
4185 7093
4668 7094
1732 7095
804 7096
6639 7097
1781 7098
4258 7099
5843 7100
5406 7101
5119 7102
6969 7103
5737 7104
2144 7105
3781 7106
3271 7107
6107 7108
276 7109
6753 7110
253 7111
2617 7112
5420 7113
1274 7114
3339 7115
3360 7116
3503 7117
3424 7118
2437 7119
1971 7120
6055 7121
4005 7122
5365 7123
1598 7124
6178 7125
3236 7126
4470 7127
5588 7128
1192 7129
1495 7130
1965 7131
2472 7132
4409 7133
1466 7134
3334 7135
2811 7136
620 7137
4610 7138
1340 7139
3420 7140
3524 7141
2572 7142
1447 7143
4871 7144
5971 7145
413 7146
1214 7147
891 7148
5609 7149
3818 7150
2527 7151
4233 7152
2552 7153
6131 7154
3899 7155
6833 7156
3332 7157
3272 7158
3829 7159
5308 7160
4530 7161
1212 7162
980 7163
6698 7164
6626 7165
5535 7166
1803 7167
3391 7168
273 7169
932 7170
3714 7171
2625 7172
1385 7173
1146 7174
5000 7175
3291 7176
2583 7177
6820 7178
3773 7179
1318 7180
210 7181
3046 7182
3733 7183
1101 7184
3850 7185
5245 7186
1166 7187
82 7188
3819 7189
1125 7190
2998 7191
6025 7192
4519 7193
4965 7194
416 7195
6260 7196
4558 7197
3585 7198
1972 7199
2287 7200
3197 7201
3403 7202
2719 7203
4362 7204
2481 7205
6697 7206
1671 7207
54 7208
2625 7209
3761 7210
1244 7211
489 7212
792 7213
5256 7214
4573 7215
488 7216
3373 7217
2952 7218
1089 7219
1809 7220
1654 7221
1429 7222
619 7223
1 7224
5988 7225
2154 7226
5773 7227
7225 7228
4780 7229
1141 7230
5601 7231
6081 7232
1412 7233
2434 7234
5955 7235
3377 7236
4983 7237
1573 7238
5638 7239
3560 7240
3049 7241
803 7242
2301 7243
4910 7244
2934 7245
2842 7246
5758 7247
1339 7248
2733 7249
6683 7250
6881 7251
5838 7252
1719 7253
1740 7254
4377 7255
3468 7256
6938 7257
5243 7258
1605 7259
5945 7260
7250 7261
2824 7262
5108 7263
4318 7264
4203 7265
2420 7266
6765 7267
6227 7268
3033 7269
6237 7270
7086 7271
7246 7272
5940 7273
6699 7274
930 7275
1778 7276
5030 7277
5019 7278
2246 7279
7006 7280
1206 7281
2730 7282
1804 7283
6265 7284
2645 7285
1909 7286
6333 7287
3304 7288
3959 7289
2864 7290
3160 7291
1494 7292
859 7293
5736 7294
6747 7295
2712 7296
7222 7297
339 7298
574 7299
5685 7300
4121 7301
3647 7302
6989 7303
5215 7304
2745 7305
4764 7306
7220 7307
6170 7308
4125 7309
1983 7310
1801 7311
3349 7312
3331 7313
5637 7314
6701 7315
5719 7316
755 7317
738 7318
5699 7319
5949 7320
3031 7321
3585 7322
5509 7323
1481 7324
6918 7325
552 7326
6138 7327
285 7328
558 7329
68 7330
2876 7331
3975 7332
4936 7333
4181 7334
4450 7335
6593 7336
3361 7337
2526 7338
2521 7339
4296 7340
3458 7341
341 7342
4601 7343
4330 7344
53 7345
215 7346
6662 7347
1393 7348
3521 7349
6198 7350
3850 7351
3315 7352
5803 7353
2962 7354
5426 7355
2275 7356
3154 7357
6963 7358
465 7359
635 7360
1013 7361
2639 7362
375 7363
1782 7364
4890 7365
4195 7366
658 7367
1073 7368
7252 7369
3833 7370
720 7371
2842 7372
3937 7373
6806 7374
7117 7375
3649 7376
2602 7377
5429 7378
4767 7379
6510 7380
4429 7381
4168 7382
6461 7383
1130 7384
6973 7385
1270 7386
2019 7387
1586 7388
5151 7389
5781 7390
51 7391
5988 7392
6315 7393
874 7394
7132 7395
3985 7396
234 7397
6816 7398
1262 7399
2847 7400
1948 7401
640 7402
3647 7403
2702 7404
3536 7405
5866 7406
902 7407
454 7408
3879 7409
7218 7410
6491 7411
7314 7412
449 7413
6949 7414
291 7415
4946 7416
6863 7417
5707 7418
2092 7419
4648 7420
3632 7421
4675 7422
6153 7423
3754 7424
3487 7425
1591 7426
3337 7427
1064 7428
6274 7429
2313 7430
58 7431
6190 7432
817 7433
5743 7434
5838 7435
7397 7436
6918 7437
4443 7438
1585 7439
888 7440
3454 7441
7153 7442
3619 7443
6101 7444
174 7445
1443 7446
3500 7447
7077 7448
5390 7449
2839 7450
3288 7451
4430 7452
3287 7453
5286 7454
1411 7455
4566 7456
3968 7457
437 7458
7333 7459
4676 7460
5918 7461
1726 7462
7122 7463
3505 7464
7259 7465
5915 7466
4224 7467
708 7468
2224 7469
2639 7470
6269 7471
3176 7472
6941 7473
4923 7474
1748 7475
6123 7476
5108 7477
1924 7478
7250 7479
6259 7480
7467 7481
6584 7482
4837 7483
1618 7484
2149 7485
538 7486
4263 7487
6074 7488
977 7489
6120 7490
4799 7491
6960 7492
6395 7493
4634 7494
2718 7495
662 7496
4705 7497
6657 7498
2062 7499
7178 7500
4345 7501
511 7502
6232 7503
4406 7504
6754 7505
3901 7506
5819 7507
2210 7508
4891 7509
5753 7510
5676 7511
5057 7512
6366 7513
6085 7514
4081 7515
5673 7516
48 7517
2227 7518
3546 7519
2780 7520
5086 7521
1107 7522
1248 7523
235 7524
4425 7525
4695 7526
748 7527
329 7528
6506 7529
2434 7530
4880 7531
6028 7532
6976 7533
183 7534
3804 7535
2580 7536
7076 7537
6310 7538
6520 7539
1336 7540
6607 7541
4557 7542
6751 7543
3803 7544
447 7545
6428 7546
1757 7547
3502 7548
4581 7549
7457 7550
160 7551
2371 7552
6073 7553
6900 7554
282 7555
2373 7556
5584 7557
7343 7558
1335 7559
4943 7560
7320 7561
6143 7562
564 7563
3252 7564
4955 7565
390 7566
2553 7567
5846 7568
5886 7569
4221 7570
5934 7571
1015 7572
7310 7573
2387 7574
7509 7575
4763 7576
5955 7577
4035 7578
1160 7579
1424 7580
3558 7581
3542 7582
7444 7583
3137 7584
3693 7585
4187 7586
5078 7587
6561 7588
7022 7589
141 7590
4187 7591
705 7592
602 7593
5906 7594
7572 7595
5695 7596
5364 7597
5285 7598
4049 7599
5422 7600
205 7601
4782 7602
3508 7603
3143 7604
1026 7605
6701 7606
1611 7607
1904 7608
5614 7609
6424 7610
1186 7611
7021 7612
2755 7613
6880 7614
7569 7615
61 7616
2707 7617
2695 7618
2479 7619
7467 7620
3761 7621
2105 7622
1897 7623
910 7624
4386 7625
3486 7626
2656 7627
5196 7628
3 7629
1109 7630
6517 7631
4943 7632
4965 7633
4039 7634
3698 7635
1726 7636
5988 7637
5479 7638
482 7639
2870 7640
7260 7641
4207 7642
189 7643
2113 7644
7141 7645
2242 7646
3612 7647
7173 7648
7350 7649
5774 7650
3483 7651
1333 7652
5669 7653
6434 7654
6048 7655
3988 7656
1724 7657
4602 7658
4222 7659
4798 7660
5864 7661
6358 7662
6615 7663
1077 7664
4010 7665
2104 7666
6655 7667
5636 7668
2953 7669
1127 7670
3788 7671
1035 7672
5670 7673
470 7674
7183 7675
2796 7676
1777 7677
6189 7678
1782 7679
185 7680
5437 7681
3709 7682
701 7683
1743 7684
4428 7685
2258 7686
3872 7687
6059 7688
7084 7689
6580 7690
3318 7691
5525 7692
2399 7693
922 7694
2847 7695
1368 7696
2339 7697
7585 7698
5353 7699
5462 7700
1901 7701
493 7702
5052 7703
2662 7704
4429 7705
3675 7706
5584 7707
6644 7708
4084 7709
4443 7710
7184 7711
270 7712
4358 7713
7547 7714
176 7715
4156 7716
1606 7717
2889 7718
354 7719
5670 7720
3668 7721
3307 7722
5043 7723
7192 7724
2608 7725
2484 7726
5414 7727
5898 7728
1201 7729
4717 7730
6662 7731
1787 7732
7467 7733
2294 7734
23 7735
6109 7736
3485 7737
5455 7738
4348 7739
6730 7740
2948 7741
693 7742
2515 7743
4457 7744
7629 7745
5795 7746
6934 7747
4944 7748
416 7749
385 7750
3217 7751
2307 7752
4837 7753
5338 7754
2788 7755
3646 7756
3884 7757
6123 7758
2183 7759
5182 7760
2767 7761
281 7762
4592 7763
3229 7764
5919 7765
2664 7766
4895 7767
6426 7768
4212 7769
6072 7770
5340 7771
6654 7772
3275 7773
7123 7774
2647 7775
5380 7776
3023 7777
7374 7778
1898 7779
4161 7780
331 7781
2690 7782
6832 7783
1740 7784
1597 7785
3022 7786
5935 7787
3001 7788
2117 7789
4509 7790
6388 7791
296 7792
4662 7793
3654 7794
161 7795
35 7796
6344 7797
6793 7798
3103 7799
6274 7800
7105 7801
5337 7802
6204 7803
7732 7804
4456 7805
1025 7806
7245 7807
4684 7808
6918 7809
2443 7810
6089 7811
6300 7812
6889 7813
273 7814
5939 7815
4894 7816
4132 7817
2630 7818
7300 7819
2693 7820
4374 7821
5778 7822
3498 7823
1292 7824
3145 7825
240 7826
1277 7827
6534 7828
2587 7829
4054 7830
4767 7831
4405 7832
3390 7833
3543 7834
7790 7835
1825 7836
4702 7837
925 7838
3064 7839
1390 7840
6346 7841
2441 7842
4296 7843
3412 7844
2999 7845
4298 7846
596 7847
4315 7848
3651 7849
5515 7850
2683 7851
2066 7852
7823 7853
5116 7854
1754 7855
3068 7856
6378 7857
4614 7858
7018 7859
7317 7860
7827 7861
6244 7862
3325 7863
7256 7864
3329 7865
928 7866
3661 7867
7320 7868
5478 7869
5100 7870
6154 7871
3513 7872
7078 7873
6010 7874
1510 7875
6501 7876
4114 7877
1570 7878
628 7879
3590 7880
2135 7881
5995 7882
2630 7883
341 7884
4330 7885
5979 7886
2147 7887
1183 7888
2908 7889
5119 7890
148 7891
4640 7892
3237 7893
424 7894
4129 7895
376 7896
3285 7897
4276 7898
3131 7899
2858 7900
165 7901
3505 7902
321 7903
5986 7904
225 7905
1827 7906
6905 7907
2759 7908
5553 7909
1458 7910
4212 7911
5223 7912
965 7913
491 7914
7290 7915
6682 7916
2594 7917
1161 7918
801 7919
791 7920
7024 7921
2451 7922
1474 7923
3357 7924
362 7925
649 7926
7435 7927
3217 7928
1650 7929
3935 7930
7067 7931
81 7932
1677 7933
6107 7934
1990 7935
263 7936
2140 7937
6611 7938
686 7939
3232 7940
4515 7941
1615 7942
2687 7943
3636 7944
1258 7945
3294 7946
132 7947
7041 7948
1184 7949
1934 7950
4226 7951
204 7952
1320 7953
7307 7954
7651 7955
2473 7956
3938 7957
4792 7958
4656 7959
7618 7960
3971 7961
6334 7962
5768 7963
5162 7964
2160 7965
3570 7966
4595 7967
2175 7968
4164 7969
1962 7970
7969 7971
7237 7972
454 7973
7879 7974
109 7975
3261 7976
4670 7977
773 7978
5841 7979
6560 7980
4567 7981
4310 7982
5943 7983
7656 7984
837 7985
7601 7986
6084 7987
6549 7988
2388 7989
2142 7990
4815 7991
3827 7992
286 7993
6109 7994
2535 7995
3215 7996
7861 7997
1136 7998
7453 7999
3485 8000
4611 8001
3357 8002
60 8003
1788 8004
279 8005
7296 8006
6325 8007
6092 8008
217 8009
6663 8010
7824 8011
3947 8012
1166 8013
4734 8014
1606 8015
7700 8016
5787 8017
3531 8018
1564 8019
5886 8020
265 8021
7789 8022
6820 8023
7528 8024
683 8025
4798 8026
7986 8027
4359 8028
2078 8029
6485 8030
2940 8031
5666 8032
1299 8033
4254 8034
71 8035
6598 8036
1836 8037
5302 8038
7676 8039
7224 8040
4055 8041
7945 8042
7095 8043
2060 8044
1795 8045
3067 8046
6075 8047
1317 8048
4844 8049
3431 8050
7765 8051
5422 8052
4654 8053
5296 8054
3996 8055
7934 8056
6878 8057
1945 8058
7627 8059
7133 8060
2092 8061
7152 8062
1974 8063
4247 8064
4716 8065
4121 8066
6448 8067
6705 8068
2020 8069
5281 8070
3235 8071
2518 8072
453 8073
2235 8074
2233 8075
3714 8076
4628 8077
7091 8078
4799 8079
7917 8080
3687 8081
5745 8082
2078 8083
6667 8084
5478 8085
7712 8086
1286 8087
4302 8088
7115 8089
2568 8090
4419 8091
347 8092
4356 8093
6575 8094
4348 8095
892 8096
761 8097
5586 8098
4107 8099
4431 8100
5200 8101
43 8102
4547 8103
1912 8104
3258 8105
4644 8106
1206 8107
4489 8108
7349 8109
4200 8110
6089 8111
4937 8112
7012 8113
5147 8114
1580 8115
7899 8116
5626 8117
6398 8118
162 8119
7188 8120
1076 8121
7995 8122
485 8123
3184 8124
6968 8125
6623 8126
2423 8127
7434 8128
3552 8129
4816 8130
4738 8131
2245 8132
3380 8133
6558 8134
4969 8135
5134 8136
3348 8137
82 8138
6918 8139
312 8140
3333 8141
4562 8142
4012 8143
6887 8144
463 8145
2447 8146
6660 8147
4802 8148
3460 8149
2074 8150
2015 8151
2269 8152
6989 8153
1158 8154
4649 8155
603 8156
952 8157
634 8158
1538 8159
5952 8160
7021 8161
2030 8162
2402 8163
1384 8164
7912 8165
5546 8166
2563 8167
1482 8168
101 8169
6629 8170
370 8171
5915 8172
4591 8173
2246 8174
3882 8175
5317 8176
3123 8177
2379 8178
5484 8179
6085 8180
2061 8181
7782 8182
2530 8183
6327 8184
1294 8185
5063 8186
4713 8187
5291 8188
5927 8189
551 8190
1463 8191
6994 8192
7831 8193
726 8194
7750 8195
6792 8196
3886 8197
397 8198
2625 8199
5850 8200
5928 8201
23 8202
4804 8203
2402 8204
2486 8205
4381 8206
5166 8207
4224 8208
5539 8209
6290 8210
612 8211
7567 8212
6749 8213
6511 8214
8100 8215
4486 8216
7570 8217
1880 8218
2343 8219
322 8220
939 8221
7281 8222
1853 8223
1132 8224
2112 8225
5942 8226
2394 8227
1902 8228
5861 8229
4198 8230
6525 8231
5540 8232
4688 8233
463 8234
3551 8235
5678 8236
6075 8237
6998 8238
8063 8239
4409 8240
4555 8241
5960 8242
5321 8243
6498 8244
5526 8245
499 8246
609 8247
5177 8248
5229 8249
5905 8250
7697 8251
1230 8252
2423 8253
824 8254
3035 8255
2969 8256
6126 8257
4553 8258
2935 8259
550 8260
502 8261
5827 8262
579 8263
774 8264
7812 8265
7144 8266
7181 8267
2871 8268
8077 8269
5111 8270
6273 8271
8003 8272
3780 8273
6675 8274
1917 8275
7945 8276
2940 8277
354 8278
4460 8279
4248 8280
230 8281
1789 8282
7342 8283
859 8284
2022 8285
3099 8286
4287 8287
4178 8288
3210 8289
4968 8290
4425 8291
7858 8292
322 8293
2825 8294
5801 8295
1210 8296
3200 8297
7906 8298
3658 8299
3090 8300
3690 8301
6266 8302
6765 8303
7323 8304
3874 8305
7483 8306
2654 8307
797 8308
253 8309
1755 8310
2545 8311
5961 8312
5411 8313
2610 8314
5217 8315
1786 8316
1376 8317
2998 8318
7513 8319
2707 8320
1588 8321
618 8322
8170 8323
4482 8324
6785 8325
7925 8326
414 8327
3560 8328
2407 8329
4110 8330
1479 8331
5504 8332
7619 8333
843 8334
844 8335
2339 8336
2648 8337
3772 8338
7927 8339
4719 8340
6160 8341
6676 8342
2470 8343
4021 8344
1381 8345
7213 8346
6472 8347
621 8348
4867 8349
1047 8350
4868 8351
8309 8352
2007 8353
3806 8354
4736 8355
4066 8356
8145 8357
196 8358
305 8359
195 8360
6787 8361
1631 8362
2332 8363
2484 8364
7156 8365
588 8366
5873 8367
4286 8368
8193 8369
1673 8370
1890 8371
1629 8372
4539 8373
6991 8374
6341 8375
6575 8376
4498 8377
920 8378
7887 8379
781 8380
143 8381
4439 8382
6698 8383
4254 8384
7609 8385
7197 8386
5807 8387
6732 8388
1786 8389
2199 8390
8130 8391
3003 8392
1667 8393
7548 8394
699 8395
5699 8396
7588 8397
1204 8398
4494 8399
3307 8400
784 8401
2781 8402
4502 8403
7282 8404
5209 8405
3659 8406
4368 8407
7418 8408
6612 8409
5155 8410
5981 8411
6026 8412
7898 8413
5744 8414
4312 8415
4854 8416
6934 8417
219 8418
6896 8419
6592 8420
6109 8421
3053 8422
6998 8423
4588 8424
6953 8425
434 8426
6391 8427
2078 8428
4299 8429
2607 8430
1003 8431
1088 8432
5877 8433
4033 8434
3329 8435
5543 8436
6061 8437
4628 8438
3646 8439
4649 8440
4767 8441
1820 8442
2897 8443
6957 8444
2608 8445
851 8446
3037 8447
277 8448
4665 8449
4984 8450
4863 8451
6275 8452
6973 8453
3157 8454
7889 8455
7179 8456
3476 8457
7139 8458
6219 8459
5975 8460
7551 8461
7382 8462
5367 8463
4191 8464
5472 8465
6627 8466
723 8467
1613 8468
2344 8469
2368 8470
499 8471
5094 8472
4229 8473
4228 8474
3061 8475
5992 8476
2746 8477
8267 8478
6505 8479
971 8480
4871 8481
379 8482
8317 8483
7487 8484
8159 8485
1025 8486
4227 8487
5560 8488
6414 8489
447 8490
8060 8491
7154 8492
348 8493
2764 8494
129 8495
1953 8496
4400 8497
7093 8498
3513 8499
9 8500
5848 8501
1277 8502
2753 8503
8489 8504
4040 8505
4651 8506
5344 8507
6979 8508
4201 8509
7317 8510
3423 8511
1429 8512
2798 8513
8373 8514
4281 8515
7777 8516
4500 8517
6023 8518
7804 8519
1286 8520
6812 8521
847 8522
3156 8523
1827 8524
1470 8525
8501 8526
5984 8527
4274 8528
2604 8529
7854 8530
7364 8531
3143 8532
1649 8533
356 8534
1642 8535
6474 8536
5058 8537
7703 8538
843 8539
4218 8540
3593 8541
392 8542
6732 8543
6100 8544
210 8545
5502 8546
6236 8547
5339 8548
4191 8549
4579 8550
6958 8551
2852 8552
8548 8553
2471 8554
4542 8555
1083 8556
1847 8557
3250 8558
5957 8559
3088 8560
6557 8561
8051 8562
7708 8563
8037 8564
4445 8565
1616 8566
1210 8567
547 8568
3110 8569
470 8570
4718 8571
1389 8572
4095 8573
4192 8574
1885 8575
7086 8576
6391 8577
7005 8578
1877 8579
6743 8580
3503 8581
3614 8582
6013 8583
8578 8584
1524 8585
7958 8586
7283 8587
605 8588
4951 8589
7388 8590
1328 8591
6906 8592
7184 8593
7342 8594
5772 8595
2754 8596
1623 8597
534 8598
4302 8599
4949 8600
4100 8601
3704 8602
1810 8603
8146 8604
6994 8605
7060 8606
1731 8607
1599 8608
5514 8609
5262 8610
4381 8611
6824 8612
1636 8613
4468 8614
2 8615
8325 8616
6259 8617
4160 8618
6948 8619
5799 8620
615 8621
5323 8622
2867 8623
387 8624
1148 8625
4218 8626
358 8627
646 8628
5109 8629
4721 8630
4035 8631
3908 8632
2022 8633
695 8634
5659 8635
3342 8636
3209 8637
2326 8638
5775 8639
2389 8640
4441 8641
1596 8642
5968 8643
1934 8644
5836 8645
7738 8646
1445 8647
2906 8648
7572 8649
2332 8650
7363 8651
6100 8652
1290 8653
6668 8654
640 8655
405 8656
1524 8657
4306 8658
6376 8659
8210 8660
8175 8661
8611 8662
8352 8663
1932 8664
2500 8665
7627 8666
2033 8667
5373 8668
8301 8669
2453 8670
3599 8671
1933 8672
6939 8673
4866 8674
4404 8675
4089 8676
8383 8677
330 8678
8324 8679
6989 8680
351 8681
7338 8682
2170 8683
7923 8684
5583 8685
5291 8686
326 8687
1287 8688
7980 8689
8533 8690
1751 8691
5351 8692
1327 8693
1169 8694
4222 8695
1212 8696
7606 8697
3789 8698
6696 8699
3661 8700
5925 8701
8516 8702
2655 8703
8631 8704
8078 8705
7217 8706
5588 8707
7348 8708
5104 8709
4575 8710
2084 8711
6581 8712
2347 8713
1335 8714
4671 8715
195 8716
1109 8717
3286 8718
6581 8719
1898 8720
4371 8721
1982 8722
5620 8723
6147 8724
8533 8725
3198 8726
8344 8727
4128 8728
7950 8729
980 8730
1727 8731
7398 8732
8371 8733
5982 8734
1213 8735
2335 8736
2568 8737
5171 8738
5638 8739
6215 8740
4007 8741
3241 8742
4199 8743
1332 8744
1824 8745
784 8746
7560 8747
7428 8748
4335 8749
8336 8750
2661 8751
1184 8752
3700 8753
4756 8754
5538 8755
8559 8756
2215 8757
4342 8758
5652 8759
2914 8760
1517 8761
6464 8762
6057 8763
4458 8764
6758 8765
3748 8766
8377 8767
4101 8768
4653 8769
1128 8770
6388 8771
776 8772
6057 8773
4885 8774
2219 8775
379 8776
8668 8777
156 8778
3069 8779
1404 8780
5841 8781
1669 8782
2541 8783
5344 8784
7861 8785
2936 8786
477 8787
7568 8788
8058 8789
4506 8790
3738 8791
3270 8792
4958 8793
3782 8794
704 8795
5117 8796
325 8797
1890 8798
769 8799
2723 8800
2058 8801
8244 8802
2206 8803
1940 8804
138 8805
7030 8806
2267 8807
2164 8808
1127 8809
5852 8810
8096 8811
840 8812
7948 8813
2164 8814
1360 8815
878 8816
7785 8817
4946 8818
4217 8819
2756 8820
7057 8821
5721 8822
8188 8823
5626 8824
3899 8825
3873 8826
6478 8827
3647 8828
3328 8829
928 8830
8500 8831
4994 8832
4357 8833
7714 8834
7244 8835
5103 8836
2931 8837
3492 8838
6849 8839
8713 8840
5461 8841
26 8842
306 8843
557 8844
3625 8845
4624 8846
4902 8847
4271 8848
5273 8849
4950 8850
544 8851
3557 8852
8262 8853
5188 8854
4072 8855
6982 8856
7098 8857
6599 8858
54 8859
7545 8860
2943 8861
4935 8862
5506 8863
6984 8864
2212 8865
6593 8866
424 8867
2757 8868
4122 8869
2958 8870
8609 8871
2577 8872
263 8873
4840 8874
6055 8875
1347 8876
8691 8877
4454 8878
317 8879
3305 8880
4182 8881
1713 8882
2938 8883
1792 8884
1412 8885
2772 8886
5425 8887
240 8888
1534 8889
3800 8890
2625 8891
7195 8892
3639 8893
4708 8894
4798 8895
2022 8896
1082 8897
4068 8898
4931 8899
6611 8900
8282 8901
21 8902
5484 8903
2232 8904
3385 8905
6980 8906
6387 8907
4112 8908
8449 8909
956 8910
5721 8911
7474 8912
3973 8913
5574 8914
6844 8915
8816 8916
4907 8917
3940 8918
2641 8919
4439 8920
5094 8921
3819 8922
7448 8923
6384 8924
3629 8925
177 8926
4908 8927
8583 8928
7122 8929
6121 8930
8121 8931
2003 8932
3293 8933
6926 8934
4385 8935
3805 8936
1255 8937
8873 8938
6242 8939
6297 8940
6294 8941
2901 8942
3892 8943
4708 8944
1445 8945
5128 8946
1192 8947
6727 8948
7237 8949
2776 8950
7647 8951
8720 8952
8079 8953
5949 8954
4613 8955
8172 8956
699 8957
5105 8958
311 8959
2967 8960
2931 8961
5530 8962
3709 8963
2094 8964
6798 8965
8455 8966
8960 8967
1111 8968
5403 8969
3926 8970
4254 8971
3476 8972
613 8973
1972 8974
8734 8975
4255 8976
6413 8977
2405 8978
7369 8979
3465 8980
7073 8981
4690 8982
4200 8983
4547 8984
4643 8985
5948 8986
6491 8987
8789 8988
3934 8989
2770 8990
7367 8991
4814 8992
4876 8993
1637 8994
5802 8995
4301 8996
2893 8997
8247 8998
862 8999
8195 9000
2131 9001
5679 9002
3434 9003
2232 9004
1444 9005
7440 9006
56 9007
5540 9008
3611 9009
7505 9010
8674 9011
14 9012
7145 9013
5930 9014
5081 9015
1292 9016
6389 9017
3217 9018
1118 9019
2850 9020
8989 9021
429 9022
1525 9023
4695 9024
4939 9025
5422 9026
5985 9027
7481 9028
8071 9029
5831 9030
6124 9031
214 9032
7835 9033
7537 9034
5503 9035
3361 9036
8142 9037
3607 9038
4382 9039
1190 9040
1752 9041
7136 9042
6225 9043
8949 9044
6023 9045
1753 9046
7193 9047
6002 9048
4679 9049
3975 9050
2747 9051
8146 9052
1344 9053
8026 9054
2739 9055
6168 9056
8871 9057
5118 9058
1819 9059
2174 9060
926 9061
7007 9062
5508 9063
3545 9064
28 9065
4057 9066
4194 9067
4370 9068
6547 9069
6601 9070
6229 9071
656 9072
2854 9073
2262 9074
1365 9075
4741 9076
5887 9077
7726 9078
3129 9079
4241 9080
5815 9081
980 9082
1451 9083
509 9084
6583 9085
1096 9086
8727 9087
566 9088
8240 9089
4224 9090
4201 9091
413 9092
7385 9093
5255 9094
5217 9095
4712 9096
6274 9097
515 9098
913 9099
8957 9100
2640 9101
8913 9102
5369 9103
1162 9104
8703 9105
6151 9106
5046 9107
510 9108
3177 9109
7122 9110
2172 9111
1006 9112
5466 9113
861 9114
8005 9115
8882 9116
2479 9117
4654 9118
3997 9119
1839 9120
8489 9121
4621 9122
8941 9123
7891 9124
7400 9125
974 9126
8639 9127
7459 9128
8224 9129
1360 9130
4442 9131
1793 9132
159 9133
5740 9134
1643 9135
3798 9136
1034 9137
8509 9138
7986 9139
5300 9140
4634 9141
1253 9142
8949 9143
3842 9144
448 9145
4664 9146
547 9147
886 9148
596 9149
2172 9150
9048 9151
7474 9152
1559 9153
5534 9154
2499 9155
1870 9156
7358 9157
7410 9158
3762 9159
436 9160
5175 9161
7785 9162
673 9163
3331 9164
9121 9165
5540 9166
598 9167
8742 9168
6563 9169
4686 9170
7819 9171
8377 9172
4569 9173
467 9174
8712 9175
3340 9176
3110 9177
3930 9178
1822 9179
7225 9180
1762 9181
3938 9182
7150 9183
2263 9184
5314 9185
1629 9186
1486 9187
6553 9188
894 9189
8246 9190
7718 9191
2904 9192
6923 9193
2203 9194
5815 9195
2053 9196
2425 9197
6904 9198
5459 9199
6745 9200
8754 9201
775 9202
7419 9203
4800 9204
325 9205
6713 9206
1573 9207
1038 9208
4000 9209
1348 9210
4498 9211
4311 9212
3779 9213
5168 9214
150 9215
2036 9216
7670 9217
407 9218
7484 9219
4602 9220
7620 9221
8121 9222
4887 9223
5489 9224
9218 9225
5586 9226
467 9227
6932 9228
2467 9229
4254 9230
5678 9231
9016 9232
4829 9233
5154 9234
3975 9235
6018 9236
1684 9237
4167 9238
2059 9239
5278 9240
7096 9241
1836 9242
4458 9243
3762 9244
7623 9245
6426 9246
7443 9247
5091 9248
3883 9249
1417 9250
3220 9251
4729 9252
2126 9253
2971 9254
5328 9255
4962 9256
2766 9257
7749 9258
801 9259
4310 9260
1716 9261
3848 9262
4638 9263
115 9264
7422 9265
1430 9266
4728 9267
7260 9268
7090 9269
8684 9270
8109 9271
5187 9272
4893 9273
7658 9274
2052 9275
6416 9276
9223 9277
4997 9278
1910 9279
8374 9280
6451 9281
6448 9282
3593 9283
7545 9284
2944 9285
1683 9286
2809 9287
3826 9288
8981 9289
7152 9290
2335 9291
6498 9292
560 9293
2157 9294
2283 9295
4620 9296
3281 9297
5666 9298
2922 9299
3689 9300
5750 9301
1114 9302
2373 9303
4214 9304
4920 9305
3926 9306
6062 9307
57 9308
8536 9309
8329 9310
6791 9311
7582 9312
6988 9313
4892 9314
2118 9315
81 9316
752 9317
1200 9318
8033 9319
2553 9320
3463 9321
8815 9322
2111 9323
6050 9324
9198 9325
3187 9326
1016 9327
4307 9328
2971 9329
1382 9330
5544 9331
5325 9332
4742 9333
1177 9334
9133 9335
9125 9336
2094 9337
7032 9338
612 9339
4412 9340
2018 9341
2530 9342
5360 9343
2299 9344
7516 9345
318 9346
8284 9347
507 9348
9158 9349
4251 9350
8986 9351
7645 9352
1664 9353
7176 9354
8296 9355
1660 9356
1445 9357
4673 9358
5258 9359
4273 9360
2513 9361
6971 9362
6658 9363
9092 9364
3637 9365
8964 9366
1933 9367
4640 9368
9176 9369
20 9370
2581 9371
4884 9372
4634 9373
3198 9374
7861 9375
5403 9376
1410 9377
2720 9378
6809 9379
8882 9380
3700 9381
4377 9382
6243 9383
9213 9384
7061 9385
8339 9386
478 9387
3281 9388
6938 9389
5482 9390
6587 9391
7431 9392
8486 9393
7025 9394
1353 9395
976 9396
3397 9397
3822 9398
1406 9399
5426 9400
587 9401
2590 9402
193 9403
2649 9404
7394 9405
384 9406
2845 9407
5156 9408
6246 9409
1095 9410
3420 9411
9080 9412
6011 9413
297 9414
8292 9415
8796 9416
7068 9417
3202 9418
2527 9419
6151 9420
5894 9421
4647 9422
2532 9423
7201 9424
4042 9425
7222 9426
3945 9427
4416 9428
1397 9429
9378 9430
201 9431
2913 9432
1562 9433
365 9434
7739 9435
2397 9436
1879 9437
8406 9438
8079 9439
2036 9440
262 9441
6740 9442
4003 9443
3497 9444
9365 9445
8122 9446
2113 9447
633 9448
7460 9449
3102 9450
7582 9451
4577 9452
1244 9453
2164 9454
1364 9455
3640 9456
501 9457
840 9458
876 9459
5807 9460
4713 9461
4675 9462
1088 9463
5563 9464
5310 9465
7477 9466
1895 9467
8522 9468
6431 9469
2914 9470
8631 9471
2863 9472
9064 9473
3561 9474
8624 9475
5590 9476
6440 9477
8065 9478
2331 9479
5500 9480
8783 9481
2708 9482
1380 9483
6264 9484
6636 9485
9339 9486
1151 9487
3024 9488
9484 9489
1833 9490
8181 9491
5321 9492
8369 9493
1777 9494
3053 9495
4790 9496
5120 9497
618 9498
5232 9499
6297 9500
1034 9501
8604 9502
3755 9503
7222 9504
9413 9505
2915 9506
4436 9507
4506 9508
8367 9509
8667 9510
3882 9511
4070 9512
2270 9513
9073 9514
2494 9515
1165 9516
8493 9517
8218 9518
2967 9519
2428 9520
7727 9521
2519 9522
8713 9523
5430 9524
9392 9525
8583 9526
5416 9527
5721 9528
9018 9529
5522 9530
6374 9531
4239 9532
6890 9533
1008 9534
2826 9535
5173 9536
5609 9537
5482 9538
4408 9539
2814 9540
5716 9541
2740 9542
1814 9543
193 9544
4108 9545
1027 9546
1335 9547
5741 9548
6354 9549
2991 9550
5047 9551
508 9552
5129 9553
8713 9554
3511 9555
6982 9556
9100 9557
1360 9558
2304 9559
3983 9560
2028 9561
16 9562
8429 9563
8100 9564
1091 9565
154 9566
3199 9567
2625 9568
1164 9569
7651 9570
4941 9571
7611 9572
5575 9573
5081 9574
5441 9575
8892 9576
4414 9577
9513 9578
1332 9579
3088 9580
734 9581
6798 9582
745 9583
6828 9584
4750 9585
203 9586
5882 9587
799 9588
4729 9589
2439 9590
6827 9591
4708 9592
7487 9593
8342 9594
4328 9595
7898 9596
7260 9597
4965 9598
6397 9599
3958 9600
7206 9601
9433 9602
8792 9603
9326 9604
657 9605
9257 9606
1897 9607
6678 9608
4663 9609
6139 9610
9314 9611
9422 9612
2132 9613
612 9614
3352 9615
1469 9616
5569 9617
7417 9618
8889 9619
2944 9620
5810 9621
3233 9622
4719 9623
6658 9624
3189 9625
9546 9626
7344 9627
654 9628
3180 9629
5036 9630
6377 9631
9427 9632
1495 9633
5707 9634
6314 9635
5256 9636
8167 9637
7606 9638
556 9639
8034 9640
2164 9641
761 9642
7527 9643
5560 9644
6061 9645
5774 9646
6744 9647
5274 9648
7115 9649
7422 9650
3611 9651
5366 9652
3364 9653
6135 9654
9371 9655
3633 9656
6704 9657
9580 9658
7525 9659
4104 9660
8802 9661
231 9662
4955 9663
5748 9664
6363 9665
3219 9666
674 9667
808 9668
9605 9669
5891 9670
7033 9671
6935 9672
4324 9673
1625 9674
8884 9675
9037 9676
1697 9677
8016 9678
7891 9679
6150 9680
7367 9681
3752 9682
7670 9683
4071 9684
2534 9685
5780 9686
8702 9687
7509 9688
8315 9689
1811 9690
1360 9691
3448 9692
9351 9693
8965 9694
4601 9695
4896 9696
6469 9697
5361 9698
2004 9699
8333 9700
1655 9701
1802 9702
468 9703
6449 9704
3212 9705
3088 9706
6205 9707
9505 9708
5098 9709
995 9710
2762 9711
9205 9712
2191 9713
2523 9714
5840 9715
5000 9716
5140 9717
1721 9718
291 9719
8843 9720
3124 9721
1889 9722
8892 9723
7133 9724
9622 9725
3206 9726
4155 9727
8349 9728
4971 9729
3148 9730
4074 9731
6285 9732
6991 9733
8537 9734
6386 9735
762 9736
4555 9737
8899 9738
3293 9739
2365 9740
3807 9741
7329 9742
6844 9743
9364 9744
6578 9745
7860 9746
194 9747
7680 9748
4239 9749
706 9750
941 9751
4543 9752
9466 9753
6078 9754
6112 9755
4149 9756
8587 9757
6847 9758
9231 9759
4977 9760
8885 9761
6387 9762
1065 9763
4048 9764
4653 9765
209 9766
7865 9767
3419 9768
9651 9769
4627 9770
9450 9771
208 9772
8520 9773
6809 9774
9435 9775
774 9776
4148 9777
7966 9778
3747 9779
5834 9780
5540 9781
2901 9782
2653 9783
3043 9784
7851 9785
1343 9786
53 9787
4735 9788
2329 9789
6226 9790
8917 9791
9226 9792
6846 9793
8204 9794
3479 9795
4871 9796
516 9797
2526 9798
7619 9799
4366 9800
3764 9801
4349 9802
8023 9803
2049 9804
4246 9805
4901 9806
1172 9807
7823 9808
3875 9809
8486 9810
1646 9811
6006 9812
3389 9813
27 9814
3321 9815
6748 9816
4894 9817
3356 9818
4869 9819
3308 9820
2163 9821
2289 9822
1244 9823
8480 9824
4222 9825
8796 9826
1508 9827
8345 9828
6368 9829
1566 9830
5099 9831
7712 9832
6383 9833
2695 9834
5047 9835
8515 9836
5031 9837
2652 9838
6292 9839
641 9840
9136 9841
5545 9842
8964 9843
220 9844
2061 9845
7743 9846
8746 9847
4595 9848
7492 9849
3661 9850
7427 9851
1108 9852
3623 9853
5984 9854
1181 9855
6985 9856
9040 9857
6295 9858
7194 9859
7597 9860
8996 9861
4500 9862
8793 9863
480 9864
2199 9865
4110 9866
1801 9867
7971 9868
68 9869
880 9870
6401 9871
5945 9872
554 9873
9858 9874
3017 9875
9244 9876
1012 9877
8937 9878
1031 9879
7160 9880
5669 9881
7206 9882
6090 9883
1808 9884
6746 9885
1209 9886
6894 9887
5660 9888
5041 9889
2623 9890
9190 9891
4811 9892
5698 9893
8780 9894
6414 9895
5572 9896
9256 9897
1719 9898
5074 9899
2778 9900
2408 9901
7759 9902
1617 9903
7239 9904
931 9905
7069 9906
9800 9907
3762 9908
342 9909
4359 9910
924 9911
7890 9912
7280 9913
8369 9914
1171 9915
5329 9916
2643 9917
7915 9918
3712 9919
1705 9920
3004 9921
8750 9922
2903 9923
6517 9924
8963 9925
6508 9926
3499 9927
5392 9928
9515 9929
3745 9930
832 9931
284 9932
3924 9933
8480 9934
1452 9935
3645 9936
9128 9937
732 9938
1172 9939
3640 9940
497 9941
2153 9942
1317 9943
2771 9944
3555 9945
439 9946
9308 9947
502 9948
1349 9949
772 9950
3201 9951
9327 9952
2576 9953
7562 9954
9599 9955
5400 9956
9741 9957
3828 9958
306 9959
4594 9960
8987 9961
3506 9962
1614 9963
5082 9964
54 9965
4063 9966
7630 9967
269 9968
2586 9969
234 9970
9747 9971
392 9972
4970 9973
3846 9974
6286 9975
9392 9976
5489 9977
3597 9978
1803 9979
7401 9980
9702 9981
7770 9982
4037 9983
3494 9984
8759 9985
9832 9986
7942 9987
5474 9988
1251 9989
5862 9990
3196 9991
3914 9992
9613 9993
5030 9994
6340 9995
7198 9996
3413 9997
4959 9998
3394 9999
5508 10000
