1 2
2 3
3 4
4 5
1 6
5 7
6 8
3 9
4 10
5 11
1 12
7 13
4 14
6 15
10 16
2 17
13 18
17 19
15 20
15 21
21 22
19 23
17 24
24 25
17 26
7 27
7 28
25 29
9 30
4 31
23 32
14 33
4 34
24 35
25 36
9 37
27 38
5 39
10 40
28 41
14 42
27 43
25 44
13 45
43 46
7 47
10 48
18 49
31 50
36 51
50 52
10 53
45 54
4 55
18 56
33 57
25 58
10 59
37 60
12 61
48 62
3 63
63 64
8 65
58 66
21 67
7 68
22 69
1 70
24 71
30 72
54 73
61 74
4 75
43 76
41 77
1 78
75 79
33 80
58 81
60 82
46 83
72 84
2 85
19 86
83 87
25 88
66 89
87 90
3 91
42 92
90 93
66 94
74 95
10 96
39 97
18 98
96 99
81 100
62 101
35 102
57 103
58 104
11 105
56 106
66 107
51 108
37 109
77 110
42 111
94 112
47 113
40 114
36 115
97 116
79 117
73 118
64 119
26 120
113 121
27 122
47 123
83 124
1 125
112 126
33 127
73 128
71 129
21 130
30 131
3 132
121 133
102 134
37 135
87 136
113 137
40 138
10 139
24 140
106 141
105 142
18 143
92 144
75 145
62 146
120 147
89 148
76 149
17 150
126 151
97 152
34 153
87 154
70 155
103 156
95 157
82 158
3 159
62 160
30 161
46 162
23 163
3 164
37 165
154 166
163 167
12 168
39 169
8 170
145 171
120 172
50 173
23 174
94 175
45 176
24 177
94 178
155 179
5 180
41 181
92 182
7 183
108 184
133 185
102 186
44 187
108 188
9 189
14 190
137 191
69 192
118 193
61 194
170 195
61 196
188 197
120 198
4 199
163 200
100 201
94 202
13 203
102 204
13 205
169 206
67 207
97 208
134 209
63 210
153 211
26 212
62 213
46 214
181 215
215 216
97 217
138 218
165 219
217 220
75 221
119 222
113 223
159 224
44 225
94 226
24 227
139 228
190 229
18 230
131 231
124 232
100 233
211 234
176 235
87 236
64 237
64 238
103 239
37 240
131 241
72 242
222 243
177 244
70 245
148 246
161 247
66 248
53 249
188 250
52 251
122 252
241 253
227 254
91 255
6 256
16 257
63 258
46 259
63 260
207 261
177 262
3 263
33 264
248 265
137 266
17 267
119 268
95 269
43 270
188 271
264 272
135 273
75 274
182 275
254 276
268 277
17 278
138 279
57 280
180 281
18 282
262 283
240 284
152 285
64 286
65 287
49 288
287 289
130 290
23 291
288 292
262 293
138 294
171 295
158 296
185 297
51 298
173 299
142 300
45 301
265 302
99 303
209 304
294 305
179 306
221 307
191 308
250 309
211 310
154 311
276 312
12 313
224 314
139 315
196 316
71 317
71 318
105 319
210 320
279 321
31 322
238 323
24 324
57 325
95 326
23 327
242 328
27 329
300 330
27 331
331 332
82 333
237 334
216 335
45 336
253 337
131 338
78 339
273 340
232 341
298 342
126 343
315 344
155 345
31 346
215 347
44 348
249 349
235 350
347 351
89 352
347 353
138 354
36 355
123 356
77 357
196 358
345 359
269 360
122 361
302 362
228 363
83 364
251 365
241 366
288 367
5 368
286 369
141 370
242 371
200 372
27 373
287 374
238 375
276 376
133 377
91 378
276 379
20 380
45 381
268 382
313 383
381 384
135 385
18 386
330 387
247 388
333 389
290 390
364 391
111 392
264 393
140 394
142 395
90 396
156 397
57 398
214 399
322 400
90 401
365 402
360 403
87 404
146 405
259 406
279 407
28 408
159 409
157 410
35 411
9 412
202 413
87 414
361 415
227 416
125 417
16 418
87 419
74 420
417 421
186 422
59 423
233 424
151 425
90 426
124 427
4 428
12 429
40 430
308 431
345 432
357 433
23 434
218 435
408 436
393 437
227 438
401 439
384 440
184 441
285 442
316 443
409 444
187 445
419 446
90 447
277 448
154 449
259 450
182 451
56 452
252 453
251 454
399 455
79 456
149 457
322 458
212 459
183 460
396 461
11 462
182 463
13 464
74 465
160 466
383 467
215 468
459 469
91 470
27 471
295 472
459 473
56 474
86 475
424 476
366 477
460 478
414 479
269 480
277 481
471 482
77 483
243 484
272 485
318 486
180 487
115 488
431 489
41 490
461 491
460 492
285 493
18 494
27 495
126 496
289 497
216 498
434 499
411 500
350 501
260 502
104 503
298 504
301 505
379 506
257 507
267 508
287 509
77 510
446 511
391 512
369 513
158 514
466 515
300 516
93 517
62 518
518 519
105 520
299 521
50 522
394 523
205 524
79 525
179 526
125 527
169 528
55 529
374 530
189 531
403 532
127 533
341 534
207 535
202 536
150 537
115 538
401 539
385 540
40 541
11 542
221 543
541 544
543 545
164 546
244 547
433 548
496 549
340 550
258 551
549 552
32 553
63 554
430 555
336 556
554 557
340 558
404 559
189 560
350 561
464 562
285 563
444 564
299 565
526 566
248 567
117 568
353 569
295 570
541 571
174 572
228 573
62 574
88 575
249 576
214 577
299 578
542 579
101 580
553 581
501 582
105 583
521 584
73 585
154 586
18 587
523 588
214 589
112 590
232 591
438 592
558 593
245 594
465 595
389 596
211 597
220 598
138 599
50 600
207 601
223 602
257 603
537 604
530 605
437 606
459 607
68 608
459 609
387 610
170 611
562 612
357 613
310 614
364 615
142 616
190 617
386 618
260 619
307 620
385 621
612 622
362 623
431 624
188 625
253 626
613 627
514 628
451 629
480 630
205 631
250 632
216 633
607 634
23 635
477 636
610 637
405 638
458 639
600 640
171 641
328 642
301 643
619 644
276 645
507 646
455 647
545 648
486 649
187 650
230 651
20 652
197 653
514 654
504 655
45 656
402 657
605 658
246 659
311 660
121 661
246 662
636 663
549 664
553 665
513 666
52 667
352 668
549 669
439 670
373 671
35 672
170 673
616 674
577 675
349 676
337 677
194 678
323 679
181 680
680 681
656 682
268 683
654 684
476 685
70 686
360 687
357 688
546 689
587 690
242 691
689 692
451 693
187 694
572 695
461 696
597 697
326 698
445 699
256 700
273 701
150 702
136 703
544 704
598 705
268 706
651 707
203 708
502 709
562 710
509 711
149 712
108 713
360 714
625 715
533 716
268 717
191 718
471 719
367 720
562 721
140 722
268 723
296 724
278 725
455 726
80 727
99 728
582 729
97 730
311 731
710 732
488 733
594 734
14 735
276 736
25 737
466 738
261 739
616 740
602 741
367 742
326 743
157 744
184 745
471 746
48 747
203 748
660 749
560 750
562 751
22 752
648 753
641 754
197 755
252 756
271 757
522 758
19 759
652 760
425 761
389 762
602 763
190 764
302 765
437 766
524 767
248 768
295 769
623 770
275 771
551 772
612 773
155 774
644 775
34 776
603 777
566 778
131 779
464 780
376 781
154 782
128 783
713 784
646 785
27 786
22 787
574 788
311 789
322 790
687 791
314 792
441 793
539 794
608 795
28 796
768 797
107 798
199 799
321 800
564 801
369 802
601 803
495 804
629 805
311 806
208 807
156 808
114 809
517 810
571 811
625 812
24 813
571 814
531 815
120 816
47 817
808 818
738 819
237 820
637 821
285 822
572 823
538 824
623 825
73 826
540 827
575 828
13 829
800 830
165 831
86 832
555 833
270 834
150 835
746 836
125 837
477 838
234 839
506 840
5 841
407 842
295 843
108 844
91 845
741 846
356 847
660 848
640 849
650 850
713 851
249 852
107 853
9 854
585 855
268 856
326 857
681 858
546 859
434 860
614 861
358 862
617 863
20 864
234 865
114 866
552 867
14 868
791 869
589 870
253 871
340 872
411 873
853 874
90 875
695 876
274 877
176 878
605 879
730 880
625 881
874 882
501 883
298 884
330 885
95 886
638 887
285 888
167 889
637 890
309 891
482 892
495 893
607 894
478 895
589 896
473 897
722 898
519 899
33 900
435 901
511 902
201 903
358 904
538 905
370 906
815 907
98 908
803 909
100 910
204 911
547 912
738 913
405 914
418 915
780 916
802 917
114 918
651 919
183 920
186 921
707 922
70 923
848 924
333 925
820 926
80 927
208 928
709 929
207 930
100 931
175 932
841 933
172 934
467 935
165 936
522 937
259 938
115 939
560 940
707 941
247 942
734 943
260 944
730 945
868 946
57 947
713 948
945 949
510 950
842 951
825 952
571 953
773 954
11 955
112 956
542 957
160 958
464 959
341 960
700 961
652 962
804 963
832 964
226 965
652 966
171 967
30 968
288 969
35 970
37 971
442 972
705 973
4 974
216 975
242 976
930 977
374 978
496 979
249 980
27 981
690 982
496 983
791 984
358 985
473 986
590 987
506 988
738 989
58 990
909 991
675 992
904 993
519 994
644 995
650 996
331 997
181 998
571 999
102 1000
220 1001
627 1002
412 1003
287 1004
560 1005
846 1006
993 1007
788 1008
518 1009
372 1010
410 1011
823 1012
387 1013
373 1014
658 1015
201 1016
299 1017
908 1018
1003 1019
10 1020
986 1021
416 1022
931 1023
968 1024
175 1025
547 1026
408 1027
472 1028
42 1029
92 1030
800 1031
84 1032
164 1033
525 1034
195 1035
761 1036
132 1037
764 1038
371 1039
186 1040
813 1041
376 1042
432 1043
987 1044
316 1045
676 1046
971 1047
957 1048
412 1049
482 1050
286 1051
887 1052
898 1053
488 1054
680 1055
10 1056
574 1057
755 1058
927 1059
115 1060
558 1061
605 1062
199 1063
750 1064
1037 1065
201 1066
953 1067
970 1068
261 1069
388 1070
634 1071
846 1072
37 1073
88 1074
492 1075
629 1076
401 1077
314 1078
916 1079
996 1080
135 1081
733 1082
847 1083
553 1084
196 1085
588 1086
841 1087
600 1088
942 1089
706 1090
791 1091
721 1092
904 1093
253 1094
1053 1095
775 1096
240 1097
445 1098
171 1099
363 1100
618 1101
1058 1102
59 1103
860 1104
762 1105
162 1106
862 1107
351 1108
15 1109
275 1110
989 1111
732 1112
1037 1113
921 1114
103 1115
9 1116
531 1117
160 1118
961 1119
490 1120
719 1121
1078 1122
951 1123
644 1124
667 1125
869 1126
130 1127
670 1128
570 1129
784 1130
1123 1131
672 1132
715 1133
484 1134
184 1135
751 1136
998 1137
634 1138
1091 1139
256 1140
469 1141
415 1142
2 1143
760 1144
15 1145
566 1146
760 1147
607 1148
459 1149
531 1150
528 1151
443 1152
355 1153
558 1154
641 1155
627 1156
478 1157
199 1158
639 1159
448 1160
972 1161
447 1162
431 1163
184 1164
437 1165
744 1166
223 1167
318 1168
1107 1169
1054 1170
1084 1171
902 1172
25 1173
124 1174
202 1175
608 1176
1140 1177
818 1178
1011 1179
591 1180
838 1181
142 1182
421 1183
493 1184
603 1185
900 1186
1067 1187
717 1188
750 1189
1029 1190
31 1191
963 1192
206 1193
1193 1194
791 1195
466 1196
626 1197
1068 1198
645 1199
260 1200
900 1201
319 1202
462 1203
18 1204
924 1205
43 1206
781 1207
790 1208
310 1209
379 1210
768 1211
692 1212
668 1213
505 1214
430 1215
46 1216
17 1217
775 1218
1194 1219
452 1220
874 1221
1182 1222
882 1223
757 1224
543 1225
323 1226
709 1227
111 1228
86 1229
995 1230
65 1231
716 1232
450 1233
221 1234
886 1235
511 1236
604 1237
464 1238
346 1239
516 1240
916 1241
274 1242
39 1243
32 1244
369 1245
285 1246
1184 1247
1086 1248
1146 1249
1184 1250
13 1251
791 1252
86 1253
1046 1254
589 1255
401 1256
491 1257
309 1258
1212 1259
295 1260
542 1261
906 1262
120 1263
462 1264
798 1265
1170 1266
163 1267
7 1268
1258 1269
320 1270
800 1271
533 1272
195 1273
779 1274
801 1275
636 1276
702 1277
417 1278
323 1279
300 1280
859 1281
50 1282
577 1283
767 1284
1056 1285
647 1286
181 1287
876 1288
716 1289
395 1290
822 1291
1009 1292
362 1293
266 1294
502 1295
54 1296
39 1297
306 1298
261 1299
140 1300
939 1301
209 1302
725 1303
956 1304
959 1305
1207 1306
1102 1307
288 1308
342 1309
1221 1310
765 1311
58 1312
480 1313
183 1314
492 1315
78 1316
1060 1317
113 1318
876 1319
619 1320
1104 1321
96 1322
691 1323
641 1324
206 1325
1082 1326
493 1327
651 1328
1106 1329
1015 1330
838 1331
234 1332
720 1333
1290 1334
129 1335
1103 1336
1266 1337
78 1338
735 1339
1139 1340
483 1341
443 1342
732 1343
1217 1344
756 1345
62 1346
250 1347
1178 1348
586 1349
817 1350
343 1351
146 1352
624 1353
302 1354
931 1355
1082 1356
397 1357
250 1358
1336 1359
222 1360
1231 1361
652 1362
1056 1363
640 1364
417 1365
1148 1366
839 1367
983 1368
886 1369
793 1370
671 1371
214 1372
523 1373
185 1374
1022 1375
776 1376
1296 1377
491 1378
932 1379
631 1380
487 1381
1252 1382
605 1383
1245 1384
920 1385
1146 1386
1325 1387
1076 1388
232 1389
148 1390
736 1391
1343 1392
1104 1393
176 1394
833 1395
77 1396
1114 1397
633 1398
118 1399
191 1400
987 1401
582 1402
772 1403
309 1404
1002 1405
1154 1406
838 1407
1300 1408
1200 1409
963 1410
1135 1411
936 1412
264 1413
309 1414
53 1415
724 1416
1288 1417
889 1418
1266 1419
1027 1420
1211 1421
142 1422
9 1423
26 1424
912 1425
53 1426
357 1427
808 1428
378 1429
871 1430
451 1431
216 1432
785 1433
1104 1434
962 1435
112 1436
92 1437
912 1438
90 1439
376 1440
414 1441
1272 1442
534 1443
998 1444
124 1445
113 1446
801 1447
724 1448
499 1449
341 1450
379 1451
1170 1452
895 1453
960 1454
837 1455
757 1456
246 1457
1139 1458
1024 1459
760 1460
416 1461
1384 1462
495 1463
1293 1464
1406 1465
472 1466
1192 1467
986 1468
51 1469
801 1470
1201 1471
360 1472
1264 1473
372 1474
573 1475
1183 1476
1090 1477
648 1478
480 1479
125 1480
1401 1481
795 1482
497 1483
212 1484
970 1485
1121 1486
863 1487
1130 1488
555 1489
652 1490
1274 1491
942 1492
771 1493
48 1494
583 1495
1302 1496
959 1497
1023 1498
1086 1499
1264 1500
84 1501
1412 1502
643 1503
736 1504
1453 1505
327 1506
146 1507
1065 1508
125 1509
1252 1510
1287 1511
1012 1512
890 1513
88 1514
671 1515
537 1516
445 1517
29 1518
817 1519
987 1520
1241 1521
130 1522
138 1523
1195 1524
359 1525
872 1526
1040 1527
681 1528
664 1529
446 1530
657 1531
923 1532
1052 1533
888 1534
1395 1535
1059 1536
1104 1537
1469 1538
10 1539
983 1540
619 1541
1222 1542
882 1543
497 1544
321 1545
631 1546
977 1547
1212 1548
62 1549
1322 1550
533 1551
1409 1552
790 1553
24 1554
1037 1555
501 1556
916 1557
530 1558
515 1559
343 1560
922 1561
587 1562
1268 1563
1223 1564
794 1565
801 1566
1373 1567
728 1568
355 1569
925 1570
903 1571
440 1572
113 1573
696 1574
889 1575
1043 1576
148 1577
1249 1578
730 1579
328 1580
775 1581
801 1582
424 1583
100 1584
263 1585
387 1586
105 1587
1344 1588
684 1589
273 1590
487 1591
1037 1592
1284 1593
1412 1594
1152 1595
1259 1596
601 1597
522 1598
582 1599
1161 1600
1046 1601
1005 1602
1104 1603
1063 1604
1103 1605
909 1606
395 1607
801 1608
972 1609
112 1610
1081 1611
1257 1612
295 1613
470 1614
1358 1615
386 1616
218 1617
1006 1618
631 1619
1486 1620
1394 1621
114 1622
1041 1623
885 1624
787 1625
551 1626
917 1627
1102 1628
967 1629
938 1630
1605 1631
1549 1632
192 1633
977 1634
1241 1635
644 1636
1223 1637
281 1638
515 1639
1497 1640
893 1641
695 1642
1289 1643
759 1644
77 1645
1041 1646
1013 1647
900 1648
251 1649
247 1650
8 1651
542 1652
311 1653
670 1654
437 1655
346 1656
65 1657
685 1658
1612 1659
1454 1660
153 1661
1023 1662
1313 1663
1468 1664
517 1665
1197 1666
1109 1667
1017 1668
1163 1669
1129 1670
1063 1671
781 1672
105 1673
1124 1674
384 1675
236 1676
1096 1677
223 1678
510 1679
51 1680
951 1681
542 1682
556 1683
895 1684
949 1685
173 1686
659 1687
1535 1688
571 1689
1674 1690
500 1691
576 1692
1 1693
1273 1694
1375 1695
1694 1696
6 1697
5 1698
1421 1699
977 1700
710 1701
1630 1702
652 1703
855 1704
1586 1705
642 1706
1098 1707
1213 1708
346 1709
281 1710
974 1711
368 1712
228 1713
1603 1714
1174 1715
883 1716
587 1717
224 1718
319 1719
971 1720
207 1721
98 1722
368 1723
290 1724
787 1725
105 1726
395 1727
1524 1728
1527 1729
859 1730
1401 1731
209 1732
1514 1733
1678 1734
9 1735
385 1736
1073 1737
769 1738
1609 1739
70 1740
1130 1741
688 1742
1259 1743
184 1744
494 1745
1352 1746
1738 1747
1382 1748
1172 1749
641 1750
720 1751
521 1752
1091 1753
1150 1754
1408 1755
1371 1756
1127 1757
865 1758
1385 1759
471 1760
702 1761
476 1762
1218 1763
576 1764
1653 1765
128 1766
321 1767
1677 1768
1633 1769
643 1770
710 1771
1453 1772
149 1773
1228 1774
660 1775
218 1776
898 1777
165 1778
23 1779
1239 1780
570 1781
1010 1782
604 1783
769 1784
385 1785
1599 1786
114 1787
1513 1788
1468 1789
316 1790
719 1791
955 1792
546 1793
231 1794
190 1795
332 1796
1547 1797
425 1798
1079 1799
564 1800
1177 1801
256 1802
267 1803
1757 1804
1065 1805
667 1806
303 1807
616 1808
290 1809
1627 1810
745 1811
710 1812
1652 1813
57 1814
61 1815
1152 1816
1688 1817
81 1818
105 1819
1051 1820
78 1821
1134 1822
1769 1823
456 1824
50 1825
1421 1826
1816 1827
846 1828
1238 1829
1626 1830
408 1831
1511 1832
636 1833
1729 1834
952 1835
1178 1836
536 1837
720 1838
740 1839
949 1840
678 1841
1433 1842
784 1843
1007 1844
1497 1845
1355 1846
1839 1847
1024 1848
1476 1849
1728 1850
488 1851
1410 1852
112 1853
1492 1854
1840 1855
138 1856
1242 1857
1803 1858
826 1859
43 1860
484 1861
589 1862
401 1863
259 1864
1173 1865
1720 1866
1652 1867
137 1868
865 1869
1326 1870
1828 1871
1241 1872
1505 1873
1559 1874
200 1875
813 1876
1466 1877
1089 1878
1857 1879
425 1880
1600 1881
1107 1882
269 1883
119 1884
609 1885
1793 1886
126 1887
885 1888
1859 1889
956 1890
1448 1891
1376 1892
103 1893
854 1894
1670 1895
197 1896
1123 1897
1364 1898
459 1899
1216 1900
874 1901
777 1902
1816 1903
835 1904
1902 1905
1450 1906
348 1907
1327 1908
798 1909
1241 1910
60 1911
536 1912
1809 1913
1569 1914
306 1915
1225 1916
35 1917
667 1918
779 1919
1840 1920
549 1921
918 1922
1645 1923
662 1924
1164 1925
1813 1926
691 1927
759 1928
1711 1929
1765 1930
1622 1931
145 1932
1245 1933
1112 1934
1623 1935
994 1936
498 1937
134 1938
1600 1939
199 1940
861 1941
101 1942
1862 1943
1185 1944
830 1945
1310 1946
1498 1947
700 1948
1532 1949
1445 1950
1816 1951
566 1952
59 1953
378 1954
61 1955
482 1956
1070 1957
179 1958
1941 1959
884 1960
42 1961
448 1962
1799 1963
1487 1964
979 1965
342 1966
1011 1967
1539 1968
360 1969
37 1970
696 1971
1935 1972
1511 1973
532 1974
211 1975
1836 1976
1967 1977
1897 1978
1321 1979
1645 1980
917 1981
516 1982
1049 1983
235 1984
1802 1985
941 1986
647 1987
545 1988
1198 1989
1365 1990
1690 1991
1671 1992
1766 1993
229 1994
1339 1995
111 1996
1149 1997
512 1998
247 1999
1694 2000
1750 2001
1530 2002
689 2003
818 2004
1112 2005
968 2006
1078 2007
1249 2008
1225 2009
485 2010
474 2011
462 2012
324 2013
396 2014
1748 2015
1181 2016
1268 2017
565 2018
1643 2019
562 2020
194 2021
124 2022
1807 2023
25 2024
1322 2025
562 2026
1053 2027
1842 2028
130 2029
1435 2030
421 2031
714 2032
1854 2033
1650 2034
1395 2035
668 2036
1216 2037
1854 2038
1608 2039
1267 2040
1368 2041
205 2042
1612 2043
503 2044
1133 2045
1701 2046
760 2047
1113 2048
1036 2049
928 2050
405 2051
487 2052
1671 2053
1701 2054
1573 2055
1851 2056
1897 2057
1018 2058
539 2059
288 2060
448 2061
1480 2062
142 2063
1435 2064
1771 2065
1762 2066
1254 2067
1937 2068
1098 2069
1082 2070
592 2071
575 2072
1604 2073
1577 2074
1504 2075
1181 2076
871 2077
604 2078
1068 2079
315 2080
1607 2081
1347 2082
471 2083
889 2084
1334 2085
503 2086
634 2087
1155 2088
88 2089
450 2090
886 2091
497 2092
642 2093
170 2094
1220 2095
1927 2096
2015 2097
2073 2098
991 2099
765 2100
735 2101
1274 2102
434 2103
1992 2104
1761 2105
1934 2106
1529 2107
1211 2108
104 2109
477 2110
6 2111
1057 2112
1305 2113
303 2114
1191 2115
1276 2116
1317 2117
1465 2118
898 2119
885 2120
127 2121
683 2122
1527 2123
44 2124
714 2125
1391 2126
844 2127
1121 2128
900 2129
1472 2130
1948 2131
702 2132
1418 2133
1522 2134
1242 2135
1615 2136
273 2137
624 2138
1848 2139
480 2140
157 2141
1880 2142
431 2143
1823 2144
1726 2145
1307 2146
787 2147
1104 2148
1034 2149
957 2150
1334 2151
744 2152
70 2153
1878 2154
51 2155
7 2156
285 2157
802 2158
2009 2159
1375 2160
1433 2161
1773 2162
817 2163
1850 2164
1033 2165
324 2166
1701 2167
1819 2168
157 2169
1902 2170
1606 2171
895 2172
515 2173
465 2174
839 2175
530 2176
1820 2177
598 2178
1373 2179
197 2180
60 2181
740 2182
593 2183
2109 2184
668 2185
571 2186
855 2187
14 2188
1007 2189
935 2190
1361 2191
1350 2192
81 2193
1882 2194
2052 2195
1506 2196
1087 2197
1694 2198
252 2199
1488 2200
183 2201
1203 2202
253 2203
1755 2204
1610 2205
88 2206
2109 2207
1530 2208
291 2209
1182 2210
445 2211
337 2212
1778 2213
1277 2214
1291 2215
1990 2216
1893 2217
803 2218
1974 2219
123 2220
503 2221
680 2222
1866 2223
860 2224
785 2225
940 2226
114 2227
1667 2228
1180 2229
384 2230
2053 2231
464 2232
2196 2233
2153 2234
1 2235
1427 2236
1099 2237
1653 2238
1478 2239
771 2240
1292 2241
859 2242
1996 2243
591 2244
1832 2245
491 2246
124 2247
1007 2248
1872 2249
1744 2250
1935 2251
1478 2252
1124 2253
200 2254
114 2255
2012 2256
1182 2257
481 2258
1892 2259
275 2260
657 2261
834 2262
447 2263
657 2264
1177 2265
1171 2266
1324 2267
2255 2268
1479 2269
1158 2270
240 2271
1976 2272
477 2273
426 2274
518 2275
1202 2276
1486 2277
1397 2278
857 2279
718 2280
167 2281
719 2282
1514 2283
1112 2284
977 2285
1654 2286
1206 2287
88 2288
417 2289
150 2290
2233 2291
1632 2292
367 2293
176 2294
1846 2295
1679 2296
91 2297
2095 2298
750 2299
790 2300
40 2301
691 2302
701 2303
851 2304
1084 2305
2047 2306
1163 2307
1029 2308
48 2309
1990 2310
983 2311
2128 2312
1513 2313
438 2314
271 2315
1828 2316
1736 2317
943 2318
538 2319
783 2320
336 2321
1597 2322
606 2323
1580 2324
1778 2325
2088 2326
124 2327
75 2328
702 2329
1238 2330
1615 2331
232 2332
1812 2333
1262 2334
1014 2335
2011 2336
66 2337
2172 2338
793 2339
1365 2340
2197 2341
994 2342
95 2343
2110 2344
1789 2345
1170 2346
1760 2347
1582 2348
833 2349
783 2350
186 2351
1825 2352
1429 2353
468 2354
1743 2355
1146 2356
1223 2357
1526 2358
687 2359
808 2360
930 2361
2359 2362
860 2363
611 2364
1800 2365
13 2366
1781 2367
1480 2368
900 2369
1600 2370
291 2371
504 2372
535 2373
398 2374
1626 2375
1040 2376
663 2377
631 2378
395 2379
1761 2380
448 2381
1089 2382
1114 2383
2225 2384
2065 2385
1410 2386
2183 2387
1272 2388
1118 2389
406 2390
887 2391
1162 2392
1854 2393
1199 2394
2179 2395
838 2396
2199 2397
1280 2398
212 2399
1179 2400
1500 2401
1640 2402
1055 2403
2133 2404
1208 2405
287 2406
1376 2407
795 2408
109 2409
128 2410
969 2411
1664 2412
964 2413
2387 2414
1550 2415
2167 2416
716 2417
1111 2418
1961 2419
583 2420
144 2421
787 2422
90 2423
1523 2424
876 2425
1726 2426
2197 2427
2003 2428
1269 2429
711 2430
2294 2431
588 2432
6 2433
1466 2434
1777 2435
1191 2436
257 2437
1275 2438
502 2439
600 2440
1133 2441
738 2442
2066 2443
969 2444
2286 2445
1116 2446
2007 2447
416 2448
1179 2449
1814 2450
566 2451
982 2452
2079 2453
1678 2454
1892 2455
1433 2456
2234 2457
2286 2458
1832 2459
591 2460
613 2461
1417 2462
1157 2463
2313 2464
564 2465
1798 2466
1911 2467
797 2468
122 2469
826 2470
2449 2471
1168 2472
1123 2473
1570 2474
2312 2475
1109 2476
134 2477
1169 2478
1085 2479
1732 2480
2184 2481
983 2482
1719 2483
2460 2484
1288 2485
1150 2486
1535 2487
2153 2488
2462 2489
622 2490
110 2491
1630 2492
531 2493
1850 2494
1541 2495
1584 2496
987 2497
1965 2498
2349 2499
1925 2500
2484 2501
395 2502
2040 2503
2047 2504
736 2505
457 2506
243 2507
1488 2508
2252 2509
239 2510
1774 2511
15 2512
197 2513
1519 2514
916 2515
2497 2516
2044 2517
2222 2518
1433 2519
1517 2520
1556 2521
1836 2522
1695 2523
1285 2524
1409 2525
737 2526
2133 2527
1792 2528
1130 2529
1897 2530
2069 2531
1860 2532
379 2533
1057 2534
2011 2535
2113 2536
714 2537
1617 2538
1898 2539
2079 2540
67 2541
1577 2542
2190 2543
616 2544
485 2545
1455 2546
1670 2547
1143 2548
299 2549
1955 2550
806 2551
1811 2552
2518 2553
1863 2554
402 2555
941 2556
2040 2557
1808 2558
989 2559
56 2560
1145 2561
1179 2562
2221 2563
664 2564
162 2565
1783 2566
235 2567
1251 2568
304 2569
926 2570
2476 2571
2568 2572
1366 2573
185 2574
1991 2575
1832 2576
840 2577
2166 2578
308 2579
1264 2580
534 2581
2572 2582
2336 2583
2028 2584
268 2585
473 2586
1121 2587
2291 2588
1237 2589
536 2590
1183 2591
225 2592
795 2593
828 2594
894 2595
2500 2596
573 2597
516 2598
1331 2599
1843 2600
2129 2601
1988 2602
1925 2603
622 2604
2549 2605
1948 2606
1406 2607
555 2608
152 2609
598 2610
2604 2611
580 2612
2074 2613
1359 2614
2609 2615
283 2616
2465 2617
270 2618
1222 2619
718 2620
1471 2621
2092 2622
1283 2623
636 2624
940 2625
1121 2626
1429 2627
1146 2628
2274 2629
423 2630
965 2631
857 2632
807 2633
2322 2634
1535 2635
1195 2636
2595 2637
1318 2638
887 2639
1735 2640
1520 2641
1268 2642
386 2643
72 2644
434 2645
135 2646
694 2647
1382 2648
1569 2649
833 2650
2632 2651
129 2652
1643 2653
1275 2654
821 2655
773 2656
1736 2657
2576 2658
684 2659
1203 2660
2505 2661
180 2662
1642 2663
2634 2664
200 2665
2292 2666
2584 2667
1930 2668
2119 2669
2455 2670
1287 2671
797 2672
1071 2673
1090 2674
625 2675
1630 2676
2428 2677
2589 2678
1222 2679
2483 2680
862 2681
1541 2682
207 2683
72 2684
413 2685
2010 2686
621 2687
152 2688
319 2689
389 2690
39 2691
1924 2692
1864 2693
88 2694
1207 2695
2132 2696
1416 2697
44 2698
2639 2699
1126 2700
1254 2701
1677 2702
694 2703
790 2704
764 2705
1221 2706
2644 2707
1749 2708
2168 2709
2217 2710
2129 2711
2266 2712
1440 2713
1655 2714
852 2715
1887 2716
2172 2717
1105 2718
1373 2719
1013 2720
2680 2721
442 2722
22 2723
1570 2724
811 2725
2137 2726
2015 2727
127 2728
1148 2729
144 2730
863 2731
620 2732
1327 2733
2629 2734
1110 2735
126 2736
1345 2737
1544 2738
1161 2739
1774 2740
991 2741
1995 2742
739 2743
1913 2744
1786 2745
185 2746
304 2747
931 2748
1755 2749
1733 2750
2246 2751
1876 2752
1284 2753
2558 2754
1544 2755
231 2756
640 2757
1510 2758
1684 2759
1304 2760
2446 2761
107 2762
2716 2763
1705 2764
1001 2765
195 2766
1095 2767
2718 2768
2382 2769
2033 2770
230 2771
251 2772
1848 2773
1285 2774
278 2775
1030 2776
1860 2777
2104 2778
2048 2779
2502 2780
951 2781
1800 2782
2721 2783
2026 2784
473 2785
2718 2786
2149 2787
1516 2788
905 2789
1985 2790
1151 2791
60 2792
2700 2793
1980 2794
2581 2795
1879 2796
2255 2797
2422 2798
1025 2799
2457 2800
2148 2801
137 2802
320 2803
655 2804
1749 2805
1001 2806
2661 2807
1649 2808
740 2809
590 2810
1154 2811
423 2812
1431 2813
1108 2814
374 2815
1871 2816
566 2817
1126 2818
326 2819
76 2820
823 2821
1477 2822
1032 2823
2014 2824
2686 2825
2235 2826
1692 2827
283 2828
2814 2829
130 2830
2511 2831
1712 2832
278 2833
1072 2834
2033 2835
2777 2836
52 2837
1938 2838
540 2839
2327 2840
205 2841
190 2842
397 2843
31 2844
1039 2845
1023 2846
2616 2847
2607 2848
493 2849
2265 2850
2327 2851
2479 2852
1140 2853
2242 2854
598 2855
1904 2856
2464 2857
1487 2858
1793 2859
1458 2860
577 2861
2781 2862
1367 2863
932 2864
1478 2865
169 2866
171 2867
725 2868
1579 2869
582 2870
1167 2871
1084 2872
2679 2873
1163 2874
656 2875
962 2876
148 2877
1803 2878
639 2879
614 2880
2161 2881
538 2882
2164 2883
814 2884
2285 2885
813 2886
338 2887
705 2888
1135 2889
1413 2890
1437 2891
2343 2892
1106 2893
2165 2894
487 2895
2799 2896
761 2897
1460 2898
2874 2899
385 2900
390 2901
314 2902
1900 2903
1947 2904
764 2905
1735 2906
2498 2907
2129 2908
2288 2909
2879 2910
2554 2911
2485 2912
848 2913
599 2914
1062 2915
1702 2916
226 2917
2803 2918
2837 2919
563 2920
700 2921
1524 2922
494 2923
1081 2924
1551 2925
22 2926
1449 2927
2423 2928
818 2929
1489 2930
119 2931
1151 2932
1921 2933
2309 2934
873 2935
1155 2936
565 2937
234 2938
1788 2939
1965 2940
2781 2941
2812 2942
1455 2943
13 2944
1934 2945
1232 2946
1343 2947
1017 2948
1379 2949
2899 2950
781 2951
1426 2952
330 2953
23 2954
2155 2955
743 2956
2794 2957
950 2958
1113 2959
476 2960
2317 2961
1816 2962
1653 2963
1681 2964
2614 2965
199 2966
471 2967
546 2968
1413 2969
2794 2970
2628 2971
2085 2972
511 2973
2364 2974
709 2975
251 2976
2354 2977
895 2978
1701 2979
2469 2980
487 2981
1627 2982
2707 2983
243 2984
1860 2985
1367 2986
2612 2987
1132 2988
42 2989
2774 2990
2571 2991
1799 2992
821 2993
363 2994
1026 2995
1091 2996
460 2997
2653 2998
443 2999
1776 3000
205 3001
2067 3002
246 3003
1554 3004
1690 3005
1788 3006
752 3007
1168 3008
1679 3009
2207 3010
1536 3011
1407 3012
2061 3013
3008 3014
2847 3015
1650 3016
395 3017
1785 3018
1161 3019
676 3020
2948 3021
1060 3022
1592 3023
1736 3024
386 3025
434 3026
1900 3027
1402 3028
1344 3029
2806 3030
878 3031
970 3032
678 3033
54 3034
2545 3035
568 3036
2283 3037
2223 3038
678 3039
1737 3040
1870 3041
482 3042
611 3043
2754 3044
552 3045
308 3046
2100 3047
2311 3048
465 3049
1888 3050
1795 3051
520 3052
392 3053
430 3054
1861 3055
2499 3056
1191 3057
2810 3058
758 3059
2765 3060
1938 3061
2507 3062
2746 3063
950 3064
592 3065
708 3066
660 3067
2113 3068
209 3069
1656 3070
2436 3071
2204 3072
1001 3073
1010 3074
718 3075
1738 3076
1817 3077
2517 3078
2167 3079
1629 3080
1009 3081
1492 3082
1701 3083
1627 3084
898 3085
2163 3086
2553 3087
1004 3088
2479 3089
821 3090
2692 3091
1147 3092
171 3093
588 3094
1892 3095
2666 3096
555 3097
138 3098
739 3099
2411 3100
2347 3101
1523 3102
2219 3103
491 3104
1710 3105
62 3106
1154 3107
1810 3108
1706 3109
2604 3110
1298 3111
1273 3112
2008 3113
1189 3114
1380 3115
664 3116
2003 3117
2761 3118
1885 3119
935 3120
301 3121
1368 3122
1737 3123
1996 3124
2960 3125
2342 3126
1745 3127
231 3128
12 3129
1602 3130
1781 3131
2430 3132
2826 3133
2670 3134
3101 3135
320 3136
207 3137
959 3138
1009 3139
1111 3140
2668 3141
883 3142
1687 3143
366 3144
1762 3145
550 3146
2594 3147
1619 3148
413 3149
1209 3150
105 3151
1059 3152
1982 3153
3135 3154
1534 3155
704 3156
1102 3157
650 3158
566 3159
1902 3160
2392 3161
432 3162
500 3163
2432 3164
1403 3165
209 3166
1882 3167
1643 3168
1440 3169
191 3170
2250 3171
1722 3172
249 3173
2851 3174
2083 3175
696 3176
2328 3177
1323 3178
455 3179
1077 3180
1544 3181
2963 3182
1173 3183
570 3184
64 3185
2532 3186
798 3187
1462 3188
761 3189
1035 3190
3143 3191
2547 3192
329 3193
397 3194
2644 3195
729 3196
3009 3197
2629 3198
832 3199
1984 3200
638 3201
1842 3202
2633 3203
1211 3204
323 3205
2588 3206
42 3207
1830 3208
1986 3209
1948 3210
2491 3211
82 3212
819 3213
506 3214
1541 3215
1356 3216
761 3217
1545 3218
1556 3219
1725 3220
521 3221
2096 3222
2290 3223
361 3224
2865 3225
1634 3226
522 3227
2252 3228
2977 3229
2828 3230
466 3231
1021 3232
259 3233
468 3234
2203 3235
122 3236
688 3237
1962 3238
1614 3239
2982 3240
2789 3241
3157 3242
2359 3243
1122 3244
2898 3245
3131 3246
1576 3247
2678 3248
943 3249
2194 3250
742 3251
344 3252
1872 3253
2746 3254
1854 3255
2436 3256
1951 3257
2569 3258
2389 3259
1754 3260
2767 3261
2964 3262
816 3263
2264 3264
197 3265
199 3266
1083 3267
297 3268
22 3269
1133 3270
2414 3271
107 3272
1585 3273
2304 3274
943 3275
486 3276
2117 3277
742 3278
1904 3279
773 3280
2488 3281
1700 3282
2458 3283
3150 3284
74 3285
1725 3286
2915 3287
1046 3288
2322 3289
529 3290
1082 3291
3268 3292
1734 3293
3164 3294
2131 3295
500 3296
1810 3297
207 3298
3267 3299
3289 3300
1046 3301
2552 3302
2323 3303
1280 3304
2049 3305
2516 3306
861 3307
1901 3308
405 3309
767 3310
340 3311
1053 3312
2504 3313
2411 3314
599 3315
1013 3316
2162 3317
531 3318
3104 3319
2859 3320
1579 3321
1013 3322
1344 3323
2534 3324
2587 3325
3026 3326
2139 3327
2693 3328
1987 3329
705 3330
3231 3331
2783 3332
2787 3333
729 3334
2794 3335
504 3336
1718 3337
1695 3338
16 3339
1409 3340
1328 3341
3051 3342
1504 3343
2384 3344
574 3345
1499 3346
2635 3347
565 3348
2295 3349
3181 3350
2551 3351
1384 3352
509 3353
857 3354
2713 3355
2334 3356
926 3357
2692 3358
3214 3359
2006 3360
1248 3361
2751 3362
2705 3363
405 3364
2270 3365
3148 3366
3165 3367
3109 3368
3000 3369
1809 3370
3241 3371
2918 3372
651 3373
2592 3374
2251 3375
1807 3376
1918 3377
2248 3378
3246 3379
34 3380
561 3381
2194 3382
3360 3383
214 3384
283 3385
2246 3386
2416 3387
2250 3388
822 3389
476 3390
484 3391
1903 3392
795 3393
1897 3394
1786 3395
505 3396
2498 3397
1124 3398
372 3399
2462 3400
849 3401
240 3402
3378 3403
2457 3404
2514 3405
1131 3406
599 3407
3064 3408
3339 3409
1235 3410
3024 3411
875 3412
596 3413
2408 3414
3079 3415
2542 3416
564 3417
2133 3418
2222 3419
637 3420
2346 3421
2162 3422
1767 3423
1779 3424
1866 3425
708 3426
1719 3427
1159 3428
1632 3429
266 3430
2536 3431
2376 3432
1671 3433
1785 3434
1512 3435
825 3436
2224 3437
468 3438
2227 3439
693 3440
2404 3441
840 3442
1945 3443
3207 3444
1563 3445
3143 3446
624 3447
1134 3448
511 3449
1188 3450
1591 3451
3148 3452
3403 3453
1523 3454
222 3455
2734 3456
3090 3457
18 3458
301 3459
3146 3460
1217 3461
672 3462
1221 3463
28 3464
3421 3465
95 3466
3053 3467
2035 3468
2568 3469
3068 3470
1624 3471
1376 3472
1577 3473
372 3474
675 3475
89 3476
439 3477
3147 3478
1988 3479
2068 3480
276 3481
1748 3482
840 3483
3015 3484
3467 3485
2605 3486
532 3487
1126 3488
2694 3489
1818 3490
2705 3491
1099 3492
2918 3493
543 3494
701 3495
2050 3496
2447 3497
3132 3498
1176 3499
2695 3500
3287 3501
2888 3502
3366 3503
48 3504
1010 3505
2283 3506
3365 3507
868 3508
364 3509
1337 3510
2899 3511
2537 3512
2034 3513
3489 3514
30 3515
458 3516
3493 3517
2760 3518
1688 3519
1913 3520
1455 3521
1461 3522
42 3523
1727 3524
1103 3525
2228 3526
3011 3527
3328 3528
2444 3529
102 3530
2625 3531
1162 3532
1897 3533
3428 3534
3336 3535
3417 3536
2463 3537
465 3538
2665 3539
2108 3540
3446 3541
1009 3542
2488 3543
771 3544
2276 3545
547 3546
2358 3547
3084 3548
2981 3549
1573 3550
460 3551
3477 3552
562 3553
2953 3554
2754 3555
292 3556
3066 3557
2736 3558
2691 3559
65 3560
710 3561
1570 3562
1496 3563
2513 3564
1039 3565
2800 3566
3298 3567
1071 3568
1 3569
1220 3570
1306 3571
1782 3572
1946 3573
1387 3574
3214 3575
2361 3576
3567 3577
2221 3578
2199 3579
1984 3580
2317 3581
1901 3582
641 3583
2832 3584
3415 3585
712 3586
3354 3587
1746 3588
2914 3589
863 3590
1523 3591
160 3592
2149 3593
3481 3594
990 3595
1855 3596
2971 3597
1665 3598
2253 3599
2367 3600
2197 3601
1379 3602
769 3603
1488 3604
1406 3605
1476 3606
1456 3607
733 3608
737 3609
1601 3610
3367 3611
2785 3612
3609 3613
3046 3614
548 3615
654 3616
3202 3617
3176 3618
3197 3619
3 3620
1224 3621
961 3622
3165 3623
3352 3624
2861 3625
3092 3626
3408 3627
3092 3628
328 3629
454 3630
1695 3631
1576 3632
369 3633
2070 3634
271 3635
1231 3636
2988 3637
1081 3638
57 3639
3096 3640
1737 3641
515 3642
3577 3643
3516 3644
593 3645
315 3646
64 3647
1346 3648
736 3649
1749 3650
149 3651
1473 3652
586 3653
843 3654
184 3655
2169 3656
21 3657
1121 3658
995 3659
833 3660
3497 3661
2486 3662
413 3663
1749 3664
3376 3665
666 3666
3199 3667
1783 3668
1514 3669
195 3670
546 3671
2946 3672
1130 3673
1193 3674
517 3675
2341 3676
1077 3677
3544 3678
735 3679
2216 3680
428 3681
2864 3682
2758 3683
1151 3684
1319 3685
2848 3686
1527 3687
2042 3688
1182 3689
2319 3690
1363 3691
2861 3692
3469 3693
2021 3694
3549 3695
3055 3696
2115 3697
2928 3698
3186 3699
2179 3700
284 3701
2166 3702
1082 3703
3647 3704
780 3705
2214 3706
588 3707
2876 3708
1636 3709
1531 3710
3205 3711
3433 3712
135 3713
2048 3714
3615 3715
2743 3716
897 3717
1473 3718
673 3719
2137 3720
3143 3721
3123 3722
3643 3723
701 3724
2220 3725
2037 3726
3249 3727
170 3728
354 3729
2314 3730
1320 3731
2959 3732
2055 3733
1145 3734
262 3735
2846 3736
1198 3737
2126 3738
2542 3739
1048 3740
49 3741
2425 3742
528 3743
534 3744
1475 3745
764 3746
45 3747
2153 3748
2481 3749
1419 3750
2933 3751
547 3752
2412 3753
2761 3754
2993 3755
231 3756
3632 3757
1746 3758
2752 3759
1692 3760
371 3761
2227 3762
2086 3763
2920 3764
243 3765
1343 3766
3483 3767
3116 3768
1923 3769
3032 3770
936 3771
1836 3772
1689 3773
1060 3774
2764 3775
767 3776
722 3777
1506 3778
1554 3779
1329 3780
1684 3781
3712 3782
40 3783
1097 3784
1989 3785
3460 3786
897 3787
920 3788
1810 3789
1869 3790
2758 3791
1906 3792
3566 3793
847 3794
2848 3795
2792 3796
1924 3797
2799 3798
898 3799
2541 3800
1222 3801
3166 3802
1034 3803
3488 3804
1464 3805
793 3806
1194 3807
1039 3808
177 3809
375 3810
3487 3811
850 3812
2774 3813
3637 3814
2799 3815
322 3816
2582 3817
173 3818
3760 3819
987 3820
3181 3821
3154 3822
10 3823
323 3824
2666 3825
3082 3826
511 3827
3086 3828
2136 3829
1995 3830
2479 3831
3036 3832
209 3833
3049 3834
1924 3835
3497 3836
1437 3837
1012 3838
3484 3839
3829 3840
453 3841
1755 3842
3839 3843
324 3844
3346 3845
846 3846
3733 3847
3780 3848
2568 3849
2159 3850
2354 3851
2878 3852
518 3853
171 3854
2140 3855
2578 3856
1990 3857
1612 3858
3425 3859
3377 3860
2357 3861
2207 3862
3142 3863
971 3864
3148 3865
184 3866
2094 3867
3398 3868
1552 3869
3427 3870
1567 3871
2713 3872
2760 3873
288 3874
931 3875
4 3876
64 3877
3632 3878
2362 3879
2508 3880
195 3881
2010 3882
1270 3883
3250 3884
1326 3885
3324 3886
737 3887
2287 3888
2011 3889
2348 3890
2622 3891
2530 3892
586 3893
218 3894
1145 3895
3079 3896
1005 3897
295 3898
786 3899
495 3900
2853 3901
347 3902
840 3903
3240 3904
2463 3905
2149 3906
2389 3907
1234 3908
854 3909
1514 3910
978 3911
437 3912
3194 3913
2394 3914
1628 3915
1036 3916
2320 3917
3073 3918
3850 3919
3494 3920
401 3921
1547 3922
3598 3923
963 3924
1306 3925
2092 3926
282 3927
2856 3928
2232 3929
3721 3930
328 3931
271 3932
1376 3933
3918 3934
2857 3935
899 3936
3159 3937
42 3938
2956 3939
2061 3940
1869 3941
145 3942
2277 3943
2784 3944
3632 3945
3870 3946
703 3947
870 3948
2285 3949
3353 3950
399 3951
3781 3952
2934 3953
756 3954
3678 3955
1580 3956
795 3957
341 3958
1868 3959
3769 3960
2555 3961
1886 3962
1468 3963
731 3964
3723 3965
3456 3966
2975 3967
1238 3968
3945 3969
2383 3970
1304 3971
1637 3972
3242 3973
3365 3974
2631 3975
1370 3976
81 3977
3852 3978
3615 3979
616 3980
207 3981
1898 3982
2444 3983
243 3984
2717 3985
7 3986
834 3987
2405 3988
2896 3989
2281 3990
1806 3991
3907 3992
2215 3993
3079 3994
2059 3995
1678 3996
3320 3997
3927 3998
1898 3999
1006 4000
2603 4001
997 4002
1435 4003
2795 4004
1246 4005
2851 4006
1008 4007
369 4008
569 4009
3356 4010
3946 4011
558 4012
3939 4013
2541 4014
1477 4015
434 4016
1143 4017
3524 4018
1874 4019
518 4020
3128 4021
1981 4022
1194 4023
279 4024
2820 4025
3489 4026
1110 4027
2476 4028
3607 4029
695 4030
1285 4031
3772 4032
2303 4033
3689 4034
1317 4035
1444 4036
492 4037
2480 4038
3375 4039
2901 4040
1570 4041
1928 4042
1583 4043
1058 4044
162 4045
2952 4046
1404 4047
1886 4048
2366 4049
1511 4050
1903 4051
3585 4052
4039 4053
3317 4054
1155 4055
2153 4056
3430 4057
2125 4058
3092 4059
2216 4060
4000 4061
3975 4062
2351 4063
966 4064
981 4065
1313 4066
2908 4067
2383 4068
1688 4069
1149 4070
88 4071
3981 4072
1259 4073
2300 4074
2338 4075
558 4076
3450 4077
3393 4078
434 4079
1252 4080
1266 4081
871 4082
3408 4083
1349 4084
435 4085
2587 4086
3610 4087
3309 4088
3749 4089
2604 4090
1735 4091
3136 4092
843 4093
946 4094
339 4095
49 4096
2578 4097
2197 4098
2343 4099
3783 4100
116 4101
503 4102
1051 4103
3190 4104
3929 4105
3809 4106
97 4107
2094 4108
3293 4109
893 4110
3219 4111
2154 4112
3882 4113
2232 4114
3914 4115
2497 4116
3443 4117
1628 4118
3994 4119
3990 4120
2441 4121
1787 4122
2657 4123
1216 4124
3418 4125
2614 4126
948 4127
3940 4128
2933 4129
3266 4130
2333 4131
1495 4132
2769 4133
1849 4134
1117 4135
3872 4136
3060 4137
3572 4138
2600 4139
1592 4140
2171 4141
2422 4142
4052 4143
924 4144
1768 4145
2296 4146
675 4147
3195 4148
2018 4149
4099 4150
1255 4151
1100 4152
3831 4153
1040 4154
2386 4155
132 4156
675 4157
19 4158
1773 4159
3164 4160
1284 4161
2082 4162
1277 4163
2172 4164
356 4165
395 4166
1650 4167
1823 4168
1726 4169
3537 4170
1667 4171
1984 4172
862 4173
3013 4174
3873 4175
901 4176
2040 4177
2948 4178
1587 4179
2634 4180
1612 4181
2615 4182
2125 4183
2848 4184
461 4185
1213 4186
1853 4187
4031 4188
116 4189
2768 4190
1197 4191
1774 4192
3335 4193
4062 4194
2186 4195
3025 4196
2886 4197
2896 4198
559 4199
3789 4200
583 4201
1649 4202
2972 4203
1696 4204
3573 4205
683 4206
3711 4207
3102 4208
2612 4209
960 4210
785 4211
1279 4212
3392 4213
520 4214
1742 4215
710 4216
1979 4217
2476 4218
1924 4219
3132 4220
3250 4221
2928 4222
2315 4223
3228 4224
1146 4225
316 4226
3338 4227
3877 4228
3586 4229
1941 4230
549 4231
738 4232
850 4233
2987 4234
1772 4235
88 4236
2149 4237
3197 4238
436 4239
1987 4240
2762 4241
793 4242
4017 4243
2194 4244
4046 4245
1551 4246
2473 4247
1 4248
1912 4249
3711 4250
126 4251
2306 4252
3183 4253
3417 4254
2477 4255
2494 4256
3013 4257
1665 4258
939 4259
3667 4260
1197 4261
2085 4262
22 4263
2299 4264
924 4265
1359 4266
3238 4267
3970 4268
1347 4269
2413 4270
1301 4271
978 4272
2327 4273
200 4274
2763 4275
3002 4276
3126 4277
3282 4278
799 4279
428 4280
3455 4281
2709 4282
2813 4283
2477 4284
2305 4285
3966 4286
943 4287
3763 4288
3251 4289
386 4290
4070 4291
1125 4292
2910 4293
2740 4294
1024 4295
1246 4296
1764 4297
2963 4298
2554 4299
667 4300
4208 4301
39 4302
904 4303
1651 4304
477 4305
150 4306
3129 4307
1916 4308
105 4309
562 4310
4 4311
1787 4312
1170 4313
1238 4314
992 4315
109 4316
569 4317
1908 4318
894 4319
3049 4320
2964 4321
3212 4322
2908 4323
795 4324
2877 4325
1164 4326
332 4327
3366 4328
4269 4329
1268 4330
1493 4331
2033 4332
933 4333
233 4334
1748 4335
505 4336
1156 4337
4002 4338
2237 4339
1524 4340
1810 4341
1015 4342
1161 4343
3650 4344
222 4345
1317 4346
846 4347
331 4348
3030 4349
362 4350
1511 4351
664 4352
2562 4353
3825 4354
2094 4355
651 4356
3400 4357
64 4358
4028 4359
505 4360
1426 4361
2233 4362
2106 4363
2146 4364
1074 4365
1458 4366
4361 4367
3430 4368
827 4369
2198 4370
1297 4371
2840 4372
109 4373
737 4374
1725 4375
3924 4376
655 4377
2451 4378
4000 4379
1191 4380
3938 4381
1122 4382
4243 4383
4211 4384
256 4385
2954 4386
3599 4387
1685 4388
3727 4389
2548 4390
2257 4391
2574 4392
3093 4393
624 4394
1828 4395
1985 4396
1033 4397
2407 4398
2296 4399
2596 4400
4337 4401
14 4402
3744 4403
2777 4404
1617 4405
3639 4406
103 4407
4199 4408
289 4409
348 4410
1292 4411
2868 4412
2877 4413
2383 4414
207 4415
3497 4416
152 4417
19 4418
1978 4419
384 4420
4403 4421
1997 4422
1093 4423
2287 4424
1406 4425
1002 4426
1986 4427
4239 4428
1335 4429
515 4430
1199 4431
3137 4432
1150 4433
2313 4434
1460 4435
2160 4436
2341 4437
1045 4438
3951 4439
2384 4440
786 4441
2025 4442
3005 4443
3663 4444
4204 4445
3592 4446
3061 4447
3206 4448
3405 4449
2242 4450
2113 4451
3829 4452
1521 4453
1085 4454
769 4455
1344 4456
1378 4457
3305 4458
4165 4459
2631 4460
501 4461
444 4462
538 4463
2068 4464
1302 4465
4330 4466
672 4467
275 4468
1914 4469
292 4470
1244 4471
26 4472
3915 4473
3959 4474
3270 4475
866 4476
365 4477
1734 4478
1077 4479
2982 4480
337 4481
2954 4482
221 4483
3203 4484
2422 4485
2092 4486
1886 4487
2882 4488
2104 4489
807 4490
587 4491
1471 4492
4138 4493
2247 4494
3360 4495
2380 4496
2553 4497
3314 4498
1749 4499
3804 4500
798 4501
1009 4502
1703 4503
3196 4504
523 4505
213 4506
4350 4507
3640 4508
3289 4509
2871 4510
4333 4511
2189 4512
2806 4513
2152 4514
1963 4515
2654 4516
1575 4517
3001 4518
4278 4519
2376 4520
723 4521
2551 4522
3179 4523
145 4524
1076 4525
847 4526
412 4527
2042 4528
2553 4529
2231 4530
525 4531
4149 4532
4089 4533
1931 4534
966 4535
2829 4536
2179 4537
46 4538
2748 4539
1408 4540
3836 4541
1282 4542
752 4543
4079 4544
1535 4545
2153 4546
717 4547
1502 4548
482 4549
3579 4550
1299 4551
554 4552
4111 4553
636 4554
2411 4555
3565 4556
1370 4557
1127 4558
2376 4559
402 4560
3635 4561
3397 4562
870 4563
4453 4564
3024 4565
3398 4566
1992 4567
798 4568
1850 4569
1396 4570
3163 4571
4504 4572
4307 4573
2011 4574
1832 4575
4066 4576
2846 4577
3046 4578
4251 4579
4510 4580
2880 4581
2225 4582
3438 4583
2065 4584
998 4585
1055 4586
2502 4587
2596 4588
563 4589
1803 4590
592 4591
4237 4592
2359 4593
3879 4594
2954 4595
664 4596
3133 4597
3493 4598
3198 4599
1533 4600
3365 4601
4062 4602
654 4603
260 4604
1308 4605
2572 4606
4114 4607
4251 4608
1348 4609
2752 4610
4328 4611
3788 4612
102 4613
2795 4614
873 4615
4575 4616
2278 4617
3730 4618
1453 4619
3404 4620
2873 4621
1693 4622
905 4623
1769 4624
1314 4625
3308 4626
1199 4627
3201 4628
1402 4629
1237 4630
849 4631
2418 4632
34 4633
1455 4634
768 4635
1997 4636
2099 4637
1502 4638
1755 4639
34 4640
2303 4641
1062 4642
1820 4643
2514 4644
643 4645
3887 4646
1013 4647
157 4648
4489 4649
4116 4650
2357 4651
2831 4652
1598 4653
4601 4654
4457 4655
2309 4656
1103 4657
2628 4658
3963 4659
4593 4660
2240 4661
2280 4662
1329 4663
2520 4664
3336 4665
1730 4666
1701 4667
4134 4668
1722 4669
2222 4670
4667 4671
145 4672
1726 4673
2777 4674
4394 4675
1252 4676
336 4677
3204 4678
3453 4679
1646 4680
618 4681
2308 4682
4134 4683
4211 4684
3924 4685
4470 4686
2051 4687
2386 4688
2562 4689
4238 4690
4518 4691
3480 4692
3668 4693
817 4694
983 4695
4608 4696
2710 4697
1521 4698
3942 4699
2234 4700
2054 4701
622 4702
2192 4703
2884 4704
4330 4705
3934 4706
1052 4707
483 4708
532 4709
3844 4710
2596 4711
601 4712
3313 4713
541 4714
1525 4715
1153 4716
3403 4717
4027 4718
2836 4719
2837 4720
1147 4721
2381 4722
2868 4723
2356 4724
1852 4725
988 4726
1421 4727
1393 4728
112 4729
1253 4730
2791 4731
1108 4732
560 4733
122 4734
1900 4735
740 4736
1155 4737
1583 4738
815 4739
2727 4740
97 4741
560 4742
822 4743
4663 4744
1281 4745
2707 4746
4248 4747
4669 4748
1101 4749
1537 4750
4150 4751
1953 4752
2579 4753
2921 4754
1714 4755
871 4756
3333 4757
2789 4758
2204 4759
3290 4760
1526 4761
648 4762
1786 4763
1048 4764
3863 4765
1047 4766
2700 4767
2924 4768
252 4769
4689 4770
4111 4771
2352 4772
4289 4773
1575 4774
4246 4775
283 4776
1321 4777
3493 4778
4392 4779
1674 4780
2802 4781
3441 4782
221 4783
3958 4784
761 4785
3728 4786
850 4787
2694 4788
4517 4789
191 4790
1058 4791
228 4792
225 4793
4010 4794
4036 4795
2133 4796
4300 4797
1352 4798
3397 4799
1062 4800
2068 4801
2357 4802
583 4803
841 4804
1395 4805
4305 4806
1709 4807
627 4808
3991 4809
2647 4810
3409 4811
1961 4812
1216 4813
563 4814
4481 4815
753 4816
4177 4817
132 4818
1760 4819
2150 4820
1572 4821
3418 4822
4345 4823
105 4824
4645 4825
1837 4826
1365 4827
2125 4828
2026 4829
956 4830
1910 4831
3421 4832
437 4833
342 4834
602 4835
2646 4836
72 4837
711 4838
4066 4839
527 4840
2947 4841
1878 4842
1097 4843
1912 4844
1567 4845
4760 4846
4422 4847
3403 4848
124 4849
669 4850
2784 4851
1572 4852
3950 4853
3225 4854
1480 4855
740 4856
2228 4857
825 4858
106 4859
2249 4860
3439 4861
2469 4862
1173 4863
1536 4864
1444 4865
2301 4866
3837 4867
4408 4868
1698 4869
1473 4870
430 4871
733 4872
4226 4873
2894 4874
1629 4875
2916 4876
2237 4877
1425 4878
3485 4879
1222 4880
811 4881
1290 4882
502 4883
3548 4884
3369 4885
2150 4886
1789 4887
2825 4888
3834 4889
1911 4890
2330 4891
4890 4892
1539 4893
2253 4894
1975 4895
3902 4896
2248 4897
2605 4898
4633 4899
2252 4900
1742 4901
2728 4902
3052 4903
3291 4904
1890 4905
6 4906
336 4907
4231 4908
1729 4909
4212 4910
1088 4911
228 4912
2846 4913
4707 4914
1736 4915
2963 4916
3726 4917
226 4918
180 4919
1053 4920
4731 4921
3058 4922
2136 4923
1776 4924
3449 4925
987 4926
4269 4927
4776 4928
630 4929
806 4930
432 4931
1506 4932
233 4933
1111 4934
1209 4935
159 4936
3838 4937
2999 4938
3994 4939
1289 4940
4908 4941
1 4942
2839 4943
541 4944
458 4945
4040 4946
273 4947
1781 4948
133 4949
4309 4950
770 4951
73 4952
1382 4953
3462 4954
1558 4955
1611 4956
1831 4957
4842 4958
737 4959
3875 4960
1240 4961
3063 4962
2000 4963
631 4964
3328 4965
1633 4966
3294 4967
3164 4968
2658 4969
4156 4970
1971 4971
937 4972
1374 4973
4116 4974
2161 4975
4063 4976
2859 4977
4105 4978
2249 4979
908 4980
4330 4981
4456 4982
1757 4983
974 4984
3560 4985
105 4986
2631 4987
149 4988
1988 4989
3810 4990
1257 4991
1725 4992
2227 4993
1489 4994
4689 4995
3184 4996
4164 4997
1562 4998
3041 4999
1354 5000
245 5001
3561 5002
191 5003
1156 5004
1731 5005
3991 5006
4609 5007
3111 5008
4718 5009
1869 5010
3494 5011
2742 5012
1051 5013
3669 5014
247 5015
2324 5016
699 5017
2384 5018
2868 5019
3777 5020
1125 5021
4795 5022
138 5023
4466 5024
852 5025
4941 5026
2587 5027
2423 5028
4130 5029
1796 5030
3676 5031
3978 5032
3272 5033
2009 5034
1672 5035
2206 5036
4675 5037
805 5038
4969 5039
3192 5040
4774 5041
2223 5042
3680 5043
256 5044
2064 5045
1324 5046
2975 5047
4331 5048
728 5049
36 5050
3977 5051
1145 5052
262 5053
3073 5054
2114 5055
1426 5056
4060 5057
3125 5058
521 5059
1068 5060
1788 5061
268 5062
2027 5063
2530 5064
3167 5065
4634 5066
3720 5067
1984 5068
1407 5069
4375 5070
4731 5071
3776 5072
4352 5073
668 5074
3857 5075
3415 5076
3023 5077
2253 5078
4870 5079
310 5080
3070 5081
272 5082
980 5083
719 5084
1676 5085
3996 5086
3314 5087
2405 5088
136 5089
4448 5090
4663 5091
432 5092
4755 5093
4717 5094
1501 5095
1603 5096
4921 5097
4320 5098
1146 5099
3432 5100
2037 5101
1649 5102
2104 5103
1733 5104
2023 5105
2461 5106
179 5107
2888 5108
845 5109
3535 5110
567 5111
2966 5112
1814 5113
1288 5114
2075 5115
3528 5116
1724 5117
3584 5118
4768 5119
2743 5120
3143 5121
2876 5122
2063 5123
1727 5124
2540 5125
401 5126
2940 5127
1268 5128
4594 5129
3854 5130
1825 5131
2648 5132
4479 5133
1873 5134
1440 5135
523 5136
5085 5137
304 5138
4056 5139
4509 5140
1037 5141
4137 5142
3126 5143
863 5144
260 5145
2674 5146
2258 5147
4626 5148
3173 5149
3098 5150
1630 5151
2441 5152
1858 5153
718 5154
4899 5155
3563 5156
966 5157
2102 5158
2578 5159
360 5160
377 5161
729 5162
2254 5163
2373 5164
3084 5165
2363 5166
463 5167
1899 5168
3006 5169
575 5170
4044 5171
1430 5172
2552 5173
1243 5174
1944 5175
3891 5176
4131 5177
1395 5178
1558 5179
2366 5180
3740 5181
2209 5182
2880 5183
602 5184
2806 5185
3830 5186
4847 5187
3894 5188
4161 5189
1345 5190
1588 5191
3842 5192
405 5193
2092 5194
1659 5195
3144 5196
1762 5197
782 5198
1056 5199
4211 5200
4610 5201
612 5202
3167 5203
4353 5204
328 5205
839 5206
1954 5207
4371 5208
4241 5209
1844 5210
1064 5211
3725 5212
4693 5213
2725 5214
4843 5215
977 5216
4846 5217
2922 5218
4504 5219
1481 5220
452 5221
4084 5222
3709 5223
3587 5224
248 5225
661 5226
2758 5227
4962 5228
1906 5229
4319 5230
4151 5231
146 5232
5125 5233
3074 5234
1658 5235
855 5236
5130 5237
4760 5238
2230 5239
1009 5240
946 5241
1029 5242
3683 5243
4923 5244
4581 5245
906 5246
1207 5247
1883 5248
4049 5249
3148 5250
3814 5251
3652 5252
4395 5253
4095 5254
1203 5255
3475 5256
1843 5257
3807 5258
1399 5259
3512 5260
2249 5261
2726 5262
2010 5263
1378 5264
4897 5265
3431 5266
5035 5267
2281 5268
1858 5269
5192 5270
4418 5271
3844 5272
5050 5273
2287 5274
2432 5275
3686 5276
3589 5277
4494 5278
1938 5279
1855 5280
5144 5281
2439 5282
2588 5283
377 5284
4730 5285
531 5286
4539 5287
2621 5288
2290 5289
3785 5290
3890 5291
3131 5292
3792 5293
3656 5294
2732 5295
1596 5296
4096 5297
3841 5298
5128 5299
1503 5300
4820 5301
738 5302
1218 5303
2700 5304
4358 5305
3622 5306
3960 5307
2662 5308
1804 5309
151 5310
5288 5311
3633 5312
1262 5313
2880 5314
1435 5315
1417 5316
3595 5317
5190 5318
3483 5319
4681 5320
4913 5321
2524 5322
1632 5323
1303 5324
3426 5325
4225 5326
677 5327
334 5328
4355 5329
4579 5330
617 5331
2210 5332
1484 5333
4272 5334
3547 5335
3210 5336
4765 5337
1818 5338
4208 5339
1537 5340
4546 5341
1178 5342
1325 5343
634 5344
3559 5345
1810 5346
4084 5347
2931 5348
2251 5349
1375 5350
3619 5351
5232 5352
3716 5353
1376 5354
3169 5355
4713 5356
4479 5357
2372 5358
268 5359
5138 5360
3861 5361
2942 5362
780 5363
3725 5364
2368 5365
189 5366
686 5367
4259 5368
1639 5369
4591 5370
3186 5371
298 5372
679 5373
692 5374
2723 5375
2688 5376
2603 5377
2743 5378
96 5379
4914 5380
360 5381
1660 5382
2787 5383
2171 5384
3526 5385
3649 5386
877 5387
1913 5388
3548 5389
3983 5390
2637 5391
2491 5392
3189 5393
1174 5394
1913 5395
5183 5396
1215 5397
3881 5398
4555 5399
4318 5400
3463 5401
2143 5402
3675 5403
3447 5404
1902 5405
3904 5406
1521 5407
4953 5408
3071 5409
4800 5410
2563 5411
929 5412
3291 5413
2621 5414
1984 5415
3234 5416
172 5417
614 5418
806 5419
3496 5420
4883 5421
3028 5422
4735 5423
417 5424
5402 5425
4395 5426
2787 5427
691 5428
695 5429
4905 5430
1190 5431
2269 5432
600 5433
5215 5434
2071 5435
4505 5436
3507 5437
869 5438
1030 5439
4140 5440
3063 5441
3139 5442
3106 5443
3375 5444
73 5445
2716 5446
5193 5447
5182 5448
1034 5449
1346 5450
3894 5451
4157 5452
3537 5453
3930 5454
2305 5455
1529 5456
1328 5457
5263 5458
2443 5459
1631 5460
3396 5461
3308 5462
3745 5463
1872 5464
2536 5465
4560 5466
3402 5467
5209 5468
1686 5469
1430 5470
5414 5471
1681 5472
3512 5473
3986 5474
811 5475
3247 5476
1820 5477
2885 5478
1350 5479
3334 5480
4087 5481
5000 5482
1452 5483
580 5484
429 5485
415 5486
4948 5487
1188 5488
3392 5489
3972 5490
247 5491
21 5492
1504 5493
3816 5494
3972 5495
3733 5496
4040 5497
2830 5498
4955 5499
3921 5500
5402 5501
5054 5502
2903 5503
2312 5504
5200 5505
3791 5506
3558 5507
990 5508
5322 5509
1251 5510
647 5511
4630 5512
118 5513
3941 5514
337 5515
1849 5516
4564 5517
1862 5518
2041 5519
4976 5520
873 5521
5152 5522
2937 5523
957 5524
2692 5525
3209 5526
3196 5527
2950 5528
5284 5529
2143 5530
14 5531
2959 5532
1701 5533
2500 5534
469 5535
3020 5536
1905 5537
4948 5538
4855 5539
3483 5540
1648 5541
3495 5542
4647 5543
1843 5544
5467 5545
4145 5546
4177 5547
2668 5548
322 5549
5143 5550
2657 5551
1891 5552
5520 5553
3170 5554
4235 5555
2285 5556
1987 5557
1098 5558
5173 5559
2595 5560
2783 5561
1046 5562
5151 5563
2151 5564
3613 5565
3578 5566
4256 5567
1638 5568
1457 5569
2929 5570
4828 5571
5452 5572
3243 5573
3744 5574
5253 5575
1905 5576
3778 5577
4592 5578
1810 5579
3729 5580
5305 5581
2871 5582
2125 5583
1021 5584
2465 5585
1289 5586
3140 5587
2448 5588
4651 5589
161 5590
1015 5591
2246 5592
1641 5593
1785 5594
3728 5595
868 5596
2875 5597
1287 5598
436 5599
456 5600
3859 5601
5370 5602
5106 5603
1530 5604
284 5605
5087 5606
463 5607
5552 5608
509 5609
3444 5610
2170 5611
1672 5612
3556 5613
4343 5614
2858 5615
4807 5616
2078 5617
5580 5618
2354 5619
5157 5620
1066 5621
4717 5622
3919 5623
5384 5624
2933 5625
1537 5626
1705 5627
1510 5628
2458 5629
2785 5630
3557 5631
3268 5632
3862 5633
1263 5634
3512 5635
3438 5636
3642 5637
1977 5638
5376 5639
1540 5640
421 5641
5150 5642
3116 5643
1454 5644
4245 5645
5021 5646
230 5647
887 5648
4617 5649
1331 5650
4817 5651
3226 5652
1152 5653
1251 5654
469 5655
2985 5656
3141 5657
596 5658
3332 5659
2744 5660
544 5661
4647 5662
211 5663
401 5664
4726 5665
4393 5666
1867 5667
1672 5668
472 5669
378 5670
2327 5671
5245 5672
173 5673
5581 5674
1640 5675
965 5676
3457 5677
5203 5678
948 5679
298 5680
3173 5681
1990 5682
94 5683
5456 5684
2934 5685
1746 5686
1262 5687
4232 5688
5211 5689
102 5690
2447 5691
4649 5692
1634 5693
4711 5694
1332 5695
2787 5696
1020 5697
5441 5698
2588 5699
4885 5700
886 5701
5146 5702
3628 5703
91 5704
3484 5705
757 5706
5523 5707
3152 5708
1216 5709
3456 5710
768 5711
2906 5712
1571 5713
4605 5714
1264 5715
4149 5716
4679 5717
5297 5718
5285 5719
5010 5720
3589 5721
5250 5722
518 5723
3847 5724
5323 5725
2635 5726
3623 5727
4163 5728
2140 5729
3262 5730
2179 5731
2404 5732
3669 5733
3078 5734
2621 5735
3348 5736
3936 5737
129 5738
911 5739
5352 5740
4574 5741
4006 5742
1899 5743
2944 5744
5160 5745
3154 5746
3528 5747
1317 5748
4972 5749
3696 5750
1761 5751
5746 5752
2510 5753
696 5754
4759 5755
4855 5756
2465 5757
5398 5758
4285 5759
4940 5760
1227 5761
5276 5762
3184 5763
5359 5764
4279 5765
4805 5766
1141 5767
3589 5768
2724 5769
1662 5770
311 5771
96 5772
4948 5773
372 5774
3582 5775
852 5776
5659 5777
1700 5778
4971 5779
1529 5780
1185 5781
3043 5782
5666 5783
4452 5784
5291 5785
3375 5786
4054 5787
4086 5788
193 5789
1885 5790
1983 5791
2350 5792
2626 5793
2039 5794
1146 5795
1596 5796
1539 5797
4246 5798
4622 5799
436 5800
1983 5801
3883 5802
3700 5803
4362 5804
480 5805
1219 5806
139 5807
3587 5808
4405 5809
3247 5810
3568 5811
1449 5812
4479 5813
3183 5814
2838 5815
2609 5816
5555 5817
74 5818
3696 5819
3089 5820
2387 5821
3561 5822
1865 5823
5386 5824
5350 5825
5447 5826
1501 5827
2712 5828
1660 5829
4380 5830
961 5831
5686 5832
1589 5833
851 5834
2876 5835
4177 5836
2116 5837
3228 5838
1751 5839
1845 5840
73 5841
1645 5842
3220 5843
2546 5844
4087 5845
1460 5846
501 5847
5746 5848
3718 5849
2391 5850
2801 5851
2703 5852
1271 5853
1117 5854
4842 5855
2766 5856
4812 5857
2417 5858
4930 5859
5583 5860
954 5861
2966 5862
1722 5863
2426 5864
5273 5865
1838 5866
1443 5867
2320 5868
3396 5869
4806 5870
4402 5871
3662 5872
812 5873
5777 5874
5079 5875
4368 5876
5008 5877
4858 5878
476 5879
1483 5880
902 5881
4732 5882
5818 5883
2091 5884
726 5885
1047 5886
2273 5887
3510 5888
5115 5889
5453 5890
1712 5891
3076 5892
5269 5893
2677 5894
761 5895
5344 5896
3485 5897
4023 5898
42 5899
309 5900
1650 5901
1857 5902
5230 5903
2516 5904
3153 5905
5827 5906
4305 5907
355 5908
5613 5909
1544 5910
2802 5911
5346 5912
2048 5913
920 5914
2977 5915
1886 5916
961 5917
2336 5918
5002 5919
793 5920
2408 5921
3609 5922
2309 5923
572 5924
4533 5925
1269 5926
4639 5927
1583 5928
1953 5929
1612 5930
1936 5931
1995 5932
5742 5933
1014 5934
1180 5935
1895 5936
3209 5937
2383 5938
1694 5939
3114 5940
207 5941
3454 5942
5942 5943
2188 5944
3412 5945
2926 5946
5228 5947
132 5948
3133 5949
3963 5950
5080 5951
4624 5952
2240 5953
4372 5954
5146 5955
1869 5956
5131 5957
489 5958
4877 5959
1844 5960
154 5961
5466 5962
3032 5963
1515 5964
5036 5965
5341 5966
4475 5967
5387 5968
5319 5969
198 5970
2382 5971
2528 5972
4134 5973
3355 5974
501 5975
1077 5976
2289 5977
2856 5978
511 5979
3588 5980
3264 5981
5483 5982
5336 5983
1580 5984
5344 5985
3276 5986
832 5987
1464 5988
4095 5989
3206 5990
19 5991
3348 5992
5266 5993
2709 5994
5231 5995
2533 5996
4678 5997
1361 5998
5683 5999
2328 6000
580 6001
1702 6002
4141 6003
338 6004
3790 6005
1525 6006
4279 6007
3133 6008
4658 6009
3770 6010
3376 6011
4811 6012
5239 6013
1109 6014
3061 6015
1179 6016
1876 6017
4548 6018
5793 6019
5836 6020
1109 6021
5850 6022
5842 6023
5222 6024
2003 6025
5174 6026
671 6027
1894 6028
2305 6029
3860 6030
5044 6031
1162 6032
5019 6033
4798 6034
5206 6035
1216 6036
3130 6037
1010 6038
3292 6039
3565 6040
1169 6041
980 6042
2515 6043
4012 6044
1075 6045
13 6046
4751 6047
3623 6048
101 6049
1560 6050
3317 6051
1089 6052
2698 6053
1337 6054
2442 6055
5049 6056
4518 6057
1722 6058
3458 6059
1938 6060
4948 6061
3753 6062
852 6063
1163 6064
571 6065
3781 6066
2050 6067
1107 6068
2391 6069
237 6070
820 6071
3161 6072
3681 6073
156 6074
4899 6075
3190 6076
4492 6077
4281 6078
2035 6079
4112 6080
2897 6081
4460 6082
6081 6083
4965 6084
6055 6085
3861 6086
308 6087
4901 6088
4962 6089
5943 6090
1445 6091
1080 6092
5433 6093
5257 6094
418 6095
3460 6096
1048 6097
1519 6098
4265 6099
5051 6100
3868 6101
4477 6102
168 6103
4823 6104
565 6105
4525 6106
2385 6107
2557 6108
3102 6109
1542 6110
2453 6111
4251 6112
685 6113
4470 6114
1327 6115
5801 6116
4603 6117
3691 6118
1119 6119
758 6120
5313 6121
3917 6122
1680 6123
5419 6124
5664 6125
3483 6126
5332 6127
2061 6128
133 6129
3920 6130
1754 6131
4621 6132
3148 6133
782 6134
6064 6135
93 6136
5199 6137
3409 6138
3915 6139
3225 6140
1766 6141
1953 6142
5129 6143
3358 6144
5803 6145
4807 6146
2031 6147
1965 6148
2484 6149
5540 6150
4316 6151
4596 6152
2995 6153
4561 6154
368 6155
4967 6156
596 6157
5744 6158
2488 6159
1180 6160
1577 6161
566 6162
5474 6163
5803 6164
5149 6165
4329 6166
635 6167
3893 6168
5349 6169
3487 6170
2937 6171
657 6172
4879 6173
2487 6174
1654 6175
1269 6176
1405 6177
1103 6178
4661 6179
968 6180
1141 6181
5863 6182
2909 6183
3845 6184
5584 6185
1953 6186
1241 6187
1079 6188
1467 6189
70 6190
5974 6191
2857 6192
2486 6193
3642 6194
910 6195
6054 6196
1808 6197
1562 6198
1477 6199
2255 6200
5581 6201
18 6202
2529 6203
2236 6204
3623 6205
3456 6206
84 6207
4566 6208
2116 6209
1174 6210
2549 6211
1400 6212
5145 6213
3753 6214
34 6215
2217 6216
1365 6217
70 6218
5347 6219
3053 6220
3930 6221
5146 6222
1416 6223
3756 6224
143 6225
2261 6226
2954 6227
393 6228
1733 6229
1527 6230
2187 6231
2372 6232
62 6233
272 6234
620 6235
223 6236
2129 6237
1724 6238
5570 6239
1925 6240
4887 6241
681 6242
1362 6243
2496 6244
6223 6245
817 6246
4419 6247
3745 6248
2762 6249
4014 6250
4118 6251
349 6252
1168 6253
2733 6254
3825 6255
4618 6256
3415 6257
708 6258
5764 6259
2816 6260
4855 6261
3769 6262
2116 6263
3826 6264
949 6265
4749 6266
3030 6267
6167 6268
3402 6269
2021 6270
2601 6271
4826 6272
5208 6273
608 6274
2227 6275
2080 6276
1740 6277
6124 6278
1529 6279
5107 6280
448 6281
5519 6282
2985 6283
4126 6284
1514 6285
3466 6286
1363 6287
1349 6288
3321 6289
3863 6290
448 6291
1318 6292
3031 6293
4821 6294
4918 6295
5044 6296
5689 6297
473 6298
2618 6299
3092 6300
5181 6301
3477 6302
3208 6303
4024 6304
3856 6305
2231 6306
3550 6307
390 6308
1847 6309
611 6310
2296 6311
3540 6312
3925 6313
2168 6314
712 6315
3227 6316
227 6317
4209 6318
1006 6319
6013 6320
5245 6321
1970 6322
5513 6323
4778 6324
4552 6325
5043 6326
3487 6327
2014 6328
528 6329
6125 6330
4337 6331
2836 6332
4920 6333
3852 6334
2318 6335
3686 6336
1008 6337
243 6338
4843 6339
4739 6340
1088 6341
3110 6342
539 6343
5764 6344
6228 6345
5660 6346
2210 6347
5266 6348
1289 6349
5057 6350
92 6351
1955 6352
1551 6353
4225 6354
3661 6355
507 6356
3487 6357
5187 6358
756 6359
2995 6360
2238 6361
488 6362
1520 6363
6284 6364
5953 6365
255 6366
6187 6367
3357 6368
6041 6369
5049 6370
4721 6371
6285 6372
1653 6373
3431 6374
5900 6375
4497 6376
299 6377
4120 6378
4393 6379
1162 6380
3224 6381
2943 6382
4547 6383
4595 6384
239 6385
1474 6386
6203 6387
421 6388
4783 6389
3038 6390
2620 6391
4862 6392
3775 6393
5499 6394
1738 6395
5422 6396
3744 6397
433 6398
1081 6399
648 6400
1767 6401
5255 6402
1352 6403
3335 6404
1515 6405
4187 6406
2585 6407
3921 6408
4546 6409
5086 6410
6358 6411
3224 6412
2760 6413
317 6414
5154 6415
6037 6416
2614 6417
663 6418
2475 6419
481 6420
3289 6421
608 6422
417 6423
1433 6424
5598 6425
5941 6426
1703 6427
3773 6428
3767 6429
971 6430
420 6431
3268 6432
4936 6433
6213 6434
6255 6435
3343 6436
5730 6437
4112 6438
4755 6439
3780 6440
3193 6441
2243 6442
3234 6443
1907 6444
6295 6445
1040 6446
5668 6447
5921 6448
4317 6449
4484 6450
5215 6451
5554 6452
4652 6453
1228 6454
143 6455
5490 6456
2484 6457
4493 6458
5503 6459
4024 6460
942 6461
2626 6462
4240 6463
4297 6464
4617 6465
4740 6466
6087 6467
1307 6468
2993 6469
5587 6470
4238 6471
741 6472
4933 6473
4281 6474
4895 6475
1256 6476
4881 6477
3642 6478
3459 6479
1900 6480
5418 6481
6280 6482
2838 6483
5810 6484
5460 6485
4936 6486
6152 6487
4592 6488
5189 6489
3516 6490
2908 6491
2647 6492
481 6493
3312 6494
5173 6495
1238 6496
256 6497
2938 6498
1064 6499
5179 6500
5093 6501
5084 6502
3506 6503
5688 6504
6341 6505
2744 6506
847 6507
1750 6508
6454 6509
2597 6510
6282 6511
6055 6512
1189 6513
6065 6514
1125 6515
2963 6516
2921 6517
3788 6518
4563 6519
6080 6520
278 6521
1887 6522
2880 6523
3080 6524
2041 6525
5313 6526
560 6527
4129 6528
3969 6529
463 6530
4651 6531
3981 6532
5730 6533
1797 6534
5207 6535
1627 6536
6307 6537
2657 6538
1431 6539
4350 6540
3669 6541
1528 6542
961 6543
3957 6544
6089 6545
4068 6546
1004 6547
2452 6548
1384 6549
5371 6550
736 6551
4401 6552
5119 6553
5538 6554
5067 6555
3671 6556
3177 6557
2141 6558
3915 6559
2470 6560
3154 6561
3244 6562
4993 6563
520 6564
3630 6565
4456 6566
6069 6567
3289 6568
3968 6569
5865 6570
1696 6571
5762 6572
67 6573
6027 6574
4937 6575
1285 6576
6008 6577
3904 6578
3391 6579
5889 6580
5572 6581
443 6582
5973 6583
6431 6584
743 6585
606 6586
4118 6587
2932 6588
720 6589
1450 6590
5869 6591
2914 6592
2872 6593
3892 6594
5488 6595
4275 6596
4185 6597
184 6598
3165 6599
4359 6600
5835 6601
5423 6602
1996 6603
3815 6604
1844 6605
2796 6606
5693 6607
478 6608
1107 6609
82 6610
552 6611
2473 6612
1242 6613
1017 6614
3144 6615
4281 6616
5773 6617
2330 6618
3688 6619
4145 6620
805 6621
5779 6622
4619 6623
2911 6624
2404 6625
1080 6626
6069 6627
4126 6628
1704 6629
1218 6630
395 6631
2905 6632
1023 6633
6599 6634
5258 6635
119 6636
2572 6637
5247 6638
5597 6639
5407 6640
5227 6641
2412 6642
6039 6643
4813 6644
5087 6645
3969 6646
6543 6647
2842 6648
2364 6649
2525 6650
4310 6651
5247 6652
4277 6653
622 6654
4255 6655
6018 6656
2591 6657
4718 6658
5365 6659
6083 6660
640 6661
4132 6662
5138 6663
3192 6664
1785 6665
4169 6666
3958 6667
6450 6668
4214 6669
5968 6670
1858 6671
3632 6672
1574 6673
3071 6674
626 6675
2329 6676
1941 6677
2994 6678
2150 6679
6044 6680
2563 6681
5507 6682
2430 6683
71 6684
6543 6685
4711 6686
37 6687
3711 6688
6448 6689
1357 6690
36 6691
5861 6692
3053 6693
1850 6694
5694 6695
3956 6696
4099 6697
4691 6698
3401 6699
5453 6700
5193 6701
1320 6702
1373 6703
2319 6704
1731 6705
3319 6706
3301 6707
1475 6708
2081 6709
2130 6710
1277 6711
6589 6712
3164 6713
6151 6714
5891 6715
4545 6716
3568 6717
1573 6718
5673 6719
2517 6720
5770 6721
2119 6722
4498 6723
5008 6724
3691 6725
5672 6726
6614 6727
3032 6728
2979 6729
685 6730
3183 6731
2143 6732
43 6733
5834 6734
1026 6735
5059 6736
4387 6737
4301 6738
3138 6739
2755 6740
4821 6741
6426 6742
3250 6743
2531 6744
5997 6745
3699 6746
2414 6747
2352 6748
3472 6749
6656 6750
4507 6751
99 6752
4820 6753
5317 6754
3249 6755
6233 6756
562 6757
3994 6758
712 6759
3498 6760
5008 6761
988 6762
3415 6763
2712 6764
733 6765
2573 6766
1162 6767
851 6768
230 6769
6223 6770
5497 6771
6101 6772
280 6773
1081 6774
4515 6775
232 6776
3186 6777
697 6778
440 6779
663 6780
6221 6781
5602 6782
4180 6783
4485 6784
2592 6785
496 6786
5600 6787
5370 6788
5422 6789
5386 6790
2786 6791
67 6792
1343 6793
4046 6794
5247 6795
3374 6796
920 6797
6031 6798
295 6799
3502 6800
5403 6801
1690 6802
5997 6803
4127 6804
708 6805
710 6806
2126 6807
3616 6808
4872 6809
1638 6810
5261 6811
4510 6812
301 6813
2325 6814
3465 6815
3316 6816
6466 6817
6049 6818
4399 6819
2102 6820
3319 6821
1041 6822
1153 6823
4057 6824
3044 6825
3393 6826
1233 6827
4250 6828
3320 6829
1802 6830
3757 6831
2510 6832
3451 6833
6524 6834
5998 6835
829 6836
6459 6837
1079 6838
2240 6839
3320 6840
2342 6841
2106 6842
6747 6843
6016 6844
1525 6845
3674 6846
1263 6847
5074 6848
5668 6849
1809 6850
6332 6851
6026 6852
5262 6853
29 6854
5075 6855
126 6856
2069 6857
3438 6858
6086 6859
5053 6860
6655 6861
831 6862
4349 6863
5145 6864
4203 6865
2540 6866
3407 6867
3377 6868
3611 6869
4732 6870
5242 6871
205 6872
324 6873
1588 6874
3497 6875
2020 6876
1635 6877
3148 6878
1099 6879
4611 6880
950 6881
4407 6882
6403 6883
6265 6884
5000 6885
783 6886
2177 6887
3518 6888
3942 6889
488 6890
665 6891
5117 6892
5605 6893
6533 6894
4804 6895
6725 6896
893 6897
5637 6898
2017 6899
3046 6900
3606 6901
830 6902
2872 6903
1799 6904
1713 6905
6813 6906
1904 6907
2243 6908
4658 6909
4937 6910
5948 6911
2450 6912
276 6913
5845 6914
2721 6915
1357 6916
1629 6917
3320 6918
3229 6919
614 6920
1452 6921
1286 6922
708 6923
4416 6924
2142 6925
6791 6926
1884 6927
6122 6928
5451 6929
5732 6930
4081 6931
19 6932
3067 6933
5488 6934
6248 6935
1559 6936
4126 6937
4312 6938
1700 6939
3638 6940
5811 6941
1018 6942
4284 6943
3541 6944
2661 6945
2598 6946
4105 6947
4733 6948
1574 6949
2563 6950
2740 6951
4602 6952
2757 6953
2995 6954
6632 6955
6332 6956
2311 6957
2167 6958
5480 6959
5456 6960
4080 6961
1338 6962
5315 6963
946 6964
3492 6965
4141 6966
6108 6967
84 6968
4698 6969
749 6970
2257 6971
3175 6972
1890 6973
5364 6974
4412 6975
3627 6976
4445 6977
4907 6978
3275 6979
6578 6980
2207 6981
5654 6982
4059 6983
2413 6984
5030 6985
2575 6986
3176 6987
3455 6988
6657 6989
6847 6990
2509 6991
6803 6992
2701 6993
4132 6994
1823 6995
5955 6996
568 6997
1431 6998
5548 6999
6343 7000
5713 7001
1581 7002
2363 7003
6696 7004
1881 7005
1019 7006
5230 7007
2 7008
6639 7009
1019 7010
1050 7011
821 7012
2783 7013
6408 7014
775 7015
315 7016
1321 7017
5642 7018
2511 7019
4264 7020
4119 7021
4110 7022
5687 7023
497 7024
1270 7025
5722 7026
5077 7027
1422 7028
3941 7029
4370 7030
950 7031
4951 7032
6195 7033
5867 7034
3254 7035
3212 7036
4563 7037
5321 7038
5315 7039
5257 7040
3062 7041
4122 7042
6227 7043
4052 7044
3947 7045
1280 7046
6671 7047
1868 7048
3682 7049
706 7050
2607 7051
3733 7052
4947 7053
5711 7054
4750 7055
2144 7056
1417 7057
3236 7058
4803 7059
2925 7060
2016 7061
3136 7062
3570 7063
1735 7064
744 7065
4771 7066
6951 7067
993 7068
3853 7069
4297 7070
2092 7071
5269 7072
5386 7073
3473 7074
4931 7075
2997 7076
4023 7077
3752 7078
516 7079
4708 7080
2624 7081
1966 7082
2156 7083
6430 7084
1270 7085
3195 7086
2003 7087
3018 7088
721 7089
6993 7090
4924 7091
3394 7092
3704 7093
1105 7094
5020 7095
4260 7096
3523 7097
4419 7098
5259 7099
4023 7100
1757 7101
1755 7102
1665 7103
6868 7104
5349 7105
3597 7106
1280 7107
6588 7108
6070 7109
4781 7110
186 7111
682 7112
4779 7113
3980 7114
723 7115
3167 7116
2417 7117
3253 7118
3917 7119
5060 7120
4155 7121
769 7122
6049 7123
6702 7124
5139 7125
2330 7126
7001 7127
3528 7128
2860 7129
625 7130
903 7131
4542 7132
2513 7133
4231 7134
1320 7135
1144 7136
7091 7137
1681 7138
1771 7139
1847 7140
5375 7141
75 7142
5139 7143
4657 7144
5081 7145
5082 7146
4409 7147
97 7148
3571 7149
4449 7150
4408 7151
5854 7152
6287 7153
1093 7154
5527 7155
4962 7156
2440 7157
6352 7158
6761 7159
4364 7160
1649 7161
5205 7162
4801 7163
6826 7164
6104 7165
2560 7166
4115 7167
3378 7168
6042 7169
2969 7170
4018 7171
2291 7172
6843 7173
1877 7174
5230 7175
1201 7176
2847 7177
1777 7178
14 7179
1985 7180
1494 7181
4025 7182
98 7183
3653 7184
5325 7185
6784 7186
2942 7187
7178 7188
5231 7189
3088 7190
6276 7191
429 7192
1527 7193
4394 7194
6682 7195
1943 7196
3578 7197
6311 7198
6323 7199
298 7200
6410 7201
4757 7202
583 7203
3987 7204
5073 7205
4664 7206
6685 7207
2080 7208
2149 7209
461 7210
6658 7211
3758 7212
3656 7213
2238 7214
5588 7215
2456 7216
5148 7217
2998 7218
5309 7219
2708 7220
4418 7221
368 7222
179 7223
644 7224
1824 7225
6789 7226
7096 7227
1944 7228
4955 7229
6254 7230
3960 7231
7033 7232
5019 7233
3622 7234
6058 7235
2886 7236
2402 7237
961 7238
2010 7239
16 7240
6549 7241
3744 7242
1801 7243
4265 7244
6549 7245
6765 7246
6994 7247
5830 7248
3204 7249
6827 7250
2678 7251
6952 7252
2846 7253
1086 7254
3178 7255
516 7256
4178 7257
550 7258
5832 7259
578 7260
526 7261
339 7262
4847 7263
162 7264
2692 7265
2835 7266
2065 7267
4100 7268
1799 7269
4403 7270
2603 7271
1975 7272
1251 7273
1914 7274
915 7275
299 7276
6351 7277
3776 7278
232 7279
1810 7280
3178 7281
1763 7282
6360 7283
6349 7284
2518 7285
3452 7286
4679 7287
6421 7288
4811 7289
1522 7290
714 7291
7017 7292
1430 7293
6316 7294
5596 7295
6750 7296
4199 7297
698 7298
3536 7299
5959 7300
100 7301
6971 7302
4184 7303
3120 7304
6767 7305
4042 7306
7023 7307
3215 7308
3908 7309
860 7310
4936 7311
3862 7312
7290 7313
5942 7314
4190 7315
454 7316
5417 7317
3096 7318
3454 7319
193 7320
1277 7321
1850 7322
2099 7323
6636 7324
2418 7325
4663 7326
4446 7327
1455 7328
6349 7329
6154 7330
3675 7331
2919 7332
3955 7333
5534 7334
879 7335
5906 7336
3077 7337
4734 7338
1695 7339
7313 7340
6598 7341
933 7342
5385 7343
842 7344
4330 7345
499 7346
3030 7347
2663 7348
2496 7349
7151 7350
3879 7351
429 7352
1852 7353
3212 7354
2622 7355
2566 7356
5242 7357
391 7358
43 7359
4243 7360
1063 7361
3914 7362
1402 7363
1974 7364
7187 7365
4913 7366
4377 7367
2597 7368
6993 7369
6347 7370
6900 7371
4406 7372
5427 7373
6126 7374
2983 7375
2740 7376
5938 7377
112 7378
3436 7379
4415 7380
4771 7381
3457 7382
2183 7383
6682 7384
3776 7385
1701 7386
3345 7387
2275 7388
4051 7389
1350 7390
3717 7391
6306 7392
6173 7393
5496 7394
2266 7395
432 7396
4967 7397
4965 7398
6161 7399
628 7400
6113 7401
147 7402
2105 7403
5973 7404
5880 7405
5148 7406
3921 7407
324 7408
1713 7409
7313 7410
93 7411
3221 7412
1686 7413
2716 7414
2548 7415
3454 7416
5256 7417
7270 7418
4973 7419
759 7420
6617 7421
3425 7422
577 7423
4542 7424
1340 7425
1328 7426
5357 7427
3198 7428
5021 7429
7280 7430
78 7431
3564 7432
2055 7433
3405 7434
7373 7435
3811 7436
5148 7437
447 7438
5790 7439
4522 7440
6431 7441
1453 7442
4369 7443
5690 7444
4561 7445
5441 7446
2336 7447
3798 7448
4400 7449
4331 7450
5664 7451
1477 7452
1661 7453
7270 7454
4202 7455
5018 7456
6308 7457
1072 7458
3472 7459
836 7460
29 7461
1735 7462
892 7463
6211 7464
2835 7465
5570 7466
2671 7467
2287 7468
6627 7469
2875 7470
6368 7471
2196 7472
434 7473
4763 7474
926 7475
4211 7476
5522 7477
5931 7478
2589 7479
3134 7480
1621 7481
4791 7482
3087 7483
1651 7484
5784 7485
6621 7486
278 7487
7081 7488
4977 7489
2178 7490
4160 7491
516 7492
7047 7493
7237 7494
1546 7495
3316 7496
2371 7497
2146 7498
963 7499
2925 7500
814 7501
3119 7502
5709 7503
5063 7504
5457 7505
2183 7506
592 7507
101 7508
5339 7509
6319 7510
5114 7511
5675 7512
4377 7513
2971 7514
685 7515
3709 7516
3688 7517
4256 7518
109 7519
3617 7520
5925 7521
2656 7522
5321 7523
4798 7524
2057 7525
4900 7526
151 7527
3869 7528
5600 7529
1242 7530
6086 7531
6502 7532
6045 7533
5852 7534
519 7535
6154 7536
159 7537
2541 7538
1031 7539
5186 7540
1070 7541
7330 7542
21 7543
852 7544
7224 7545
717 7546
7227 7547
2198 7548
7168 7549
6377 7550
1056 7551
756 7552
6412 7553
2234 7554
5756 7555
5688 7556
2523 7557
5834 7558
442 7559
793 7560
852 7561
2350 7562
2953 7563
455 7564
1922 7565
749 7566
3669 7567
5810 7568
4965 7569
6329 7570
3537 7571
3145 7572
6134 7573
2950 7574
3210 7575
6017 7576
3163 7577
6693 7578
6480 7579
7319 7580
4689 7581
6685 7582
6813 7583
3436 7584
154 7585
4614 7586
5871 7587
3276 7588
7420 7589
1899 7590
6476 7591
703 7592
7206 7593
1293 7594
5666 7595
6448 7596
1006 7597
6098 7598
6924 7599
3802 7600
5346 7601
5941 7602
6038 7603
649 7604
916 7605
5379 7606
6878 7607
1092 7608
2806 7609
3769 7610
4029 7611
6882 7612
6880 7613
2065 7614
7498 7615
7300 7616
7087 7617
4535 7618
4493 7619
3405 7620
4704 7621
2490 7622
5737 7623
6494 7624
756 7625
3056 7626
6028 7627
6916 7628
67 7629
2002 7630
2637 7631
4186 7632
2930 7633
1105 7634
4024 7635
1916 7636
7555 7637
891 7638
2186 7639
4912 7640
78 7641
572 7642
3399 7643
183 7644
6472 7645
2167 7646
1263 7647
6217 7648
2338 7649
6819 7650
4880 7651
7517 7652
3629 7653
3751 7654
4212 7655
5144 7656
6409 7657
2662 7658
7507 7659
195 7660
1466 7661
658 7662
3148 7663
3506 7664
5624 7665
1714 7666
6690 7667
2945 7668
3656 7669
3141 7670
1963 7671
3664 7672
4100 7673
1168 7674
5929 7675
5948 7676
2093 7677
1464 7678
4205 7679
5202 7680
2038 7681
5457 7682
3111 7683
6669 7684
2783 7685
4075 7686
5497 7687
2695 7688
1822 7689
977 7690
6820 7691
4559 7692
5852 7693
4399 7694
6261 7695
2955 7696
1769 7697
3710 7698
1494 7699
4544 7700
1887 7701
6175 7702
1439 7703
5492 7704
7557 7705
3679 7706
6562 7707
7000 7708
1141 7709
1313 7710
3260 7711
395 7712
818 7713
866 7714
3419 7715
6148 7716
7703 7717
172 7718
1474 7719
6690 7720
1815 7721
1525 7722
4532 7723
36 7724
772 7725
1560 7726
3364 7727
3176 7728
6197 7729
389 7730
376 7731
1892 7732
566 7733
2903 7734
7305 7735
6266 7736
3109 7737
5876 7738
2091 7739
1034 7740
4990 7741
1534 7742
3083 7743
5041 7744
1309 7745
4216 7746
3829 7747
4426 7748
6067 7749
1909 7750
6412 7751
5608 7752
2966 7753
733 7754
5523 7755
2824 7756
3993 7757
6579 7758
3434 7759
1576 7760
6365 7761
3358 7762
1810 7763
3389 7764
6137 7765
3361 7766
2739 7767
5838 7768
596 7769
6326 7770
828 7771
2875 7772
1989 7773
819 7774
3042 7775
2344 7776
2787 7777
4983 7778
6001 7779
149 7780
4534 7781
2690 7782
4090 7783
3819 7784
4514 7785
3744 7786
4981 7787
3750 7788
461 7789
715 7790
3285 7791
6124 7792
6636 7793
3427 7794
7211 7795
5010 7796
1641 7797
2741 7798
759 7799
3211 7800
7125 7801
933 7802
2523 7803
4888 7804
624 7805
6228 7806
5587 7807
4310 7808
552 7809
5046 7810
3623 7811
2859 7812
5577 7813
1819 7814
7456 7815
2724 7816
5352 7817
135 7818
928 7819
3287 7820
901 7821
7747 7822
4234 7823
6411 7824
3074 7825
4047 7826
176 7827
3703 7828
5005 7829
5869 7830
6045 7831
2074 7832
1725 7833
4243 7834
2437 7835
1135 7836
5141 7837
3163 7838
123 7839
3651 7840
1920 7841
3535 7842
1170 7843
4119 7844
1918 7845
162 7846
4147 7847
4201 7848
7741 7849
6308 7850
3477 7851
4171 7852
3718 7853
3805 7854
414 7855
4039 7856
4855 7857
2349 7858
3805 7859
3782 7860
5963 7861
2607 7862
4507 7863
5177 7864
153 7865
6680 7866
6899 7867
842 7868
5989 7869
5569 7870
1017 7871
3047 7872
2152 7873
2301 7874
5572 7875
5019 7876
6429 7877
7055 7878
6973 7879
1432 7880
4376 7881
4100 7882
2818 7883
1542 7884
987 7885
4583 7886
1827 7887
2444 7888
5722 7889
2046 7890
3864 7891
129 7892
1989 7893
3129 7894
3668 7895
5768 7896
5394 7897
4740 7898
4634 7899
4303 7900
6410 7901
4296 7902
3278 7903
1030 7904
7142 7905
368 7906
7773 7907
5667 7908
162 7909
6330 7910
5582 7911
5986 7912
4289 7913
5606 7914
7793 7915
6930 7916
2907 7917
3520 7918
3347 7919
31 7920
6763 7921
6002 7922
6219 7923
6971 7924
6853 7925
7439 7926
2110 7927
33 7928
7055 7929
7668 7930
1621 7931
2020 7932
6557 7933
2541 7934
1734 7935
1569 7936
2804 7937
7750 7938
5449 7939
5587 7940
3817 7941
3567 7942
7343 7943
2435 7944
7572 7945
7723 7946
3758 7947
405 7948
7512 7949
7190 7950
5680 7951
1674 7952
6899 7953
5438 7954
1208 7955
1402 7956
3608 7957
7090 7958
5622 7959
6668 7960
2489 7961
2701 7962
229 7963
4180 7964
3089 7965
5392 7966
2422 7967
6669 7968
6319 7969
678 7970
4512 7971
973 7972
924 7973
2408 7974
2521 7975
6953 7976
2570 7977
5798 7978
4547 7979
6036 7980
1864 7981
3664 7982
2269 7983
2704 7984
3523 7985
4700 7986
1274 7987
6938 7988
6545 7989
3066 7990
5225 7991
4028 7992
2368 7993
317 7994
3211 7995
3913 7996
2254 7997
2925 7998
2911 7999
688 8000
1377 8001
7309 8002
6521 8003
6346 8004
6793 8005
7583 8006
1092 8007
2945 8008
2871 8009
1980 8010
7670 8011
3122 8012
2917 8013
2100 8014
3817 8015
1958 8016
972 8017
6797 8018
6511 8019
3751 8020
2177 8021
909 8022
4073 8023
7985 8024
4576 8025
5856 8026
5061 8027
6344 8028
636 8029
5522 8030
4297 8031
2677 8032
4715 8033
2950 8034
5215 8035
6724 8036
6736 8037
663 8038
6649 8039
5920 8040
2522 8041
5034 8042
73 8043
3938 8044
3854 8045
1311 8046
7032 8047
7881 8048
7096 8049
5337 8050
3386 8051
7498 8052
210 8053
4810 8054
973 8055
5541 8056
1693 8057
1194 8058
6681 8059
6198 8060
1890 8061
4389 8062
16 8063
5341 8064
4440 8065
2332 8066
4735 8067
208 8068
4065 8069
4565 8070
3380 8071
4295 8072
2694 8073
1093 8074
7296 8075
7434 8076
5067 8077
5007 8078
2537 8079
2491 8080
3592 8081
3994 8082
3500 8083
5483 8084
1924 8085
1024 8086
5128 8087
5913 8088
52 8089
1672 8090
4821 8091
2496 8092
11 8093
7508 8094
6941 8095
4290 8096
5773 8097
5962 8098
1221 8099
5177 8100
2158 8101
4200 8102
1250 8103
5386 8104
2352 8105
2171 8106
2270 8107
1485 8108
7747 8109
2482 8110
5963 8111
8049 8112
4534 8113
1992 8114
4946 8115
3150 8116
2207 8117
3719 8118
7164 8119
4057 8120
241 8121
1057 8122
237 8123
6874 8124
3048 8125
4376 8126
7828 8127
5899 8128
3024 8129
7359 8130
1032 8131
2470 8132
2843 8133
899 8134
734 8135
4605 8136
5178 8137
7348 8138
2604 8139
7602 8140
3745 8141
5831 8142
2818 8143
2014 8144
38 8145
3085 8146
7946 8147
5542 8148
985 8149
4838 8150
1115 8151
6313 8152
384 8153
483 8154
5230 8155
5163 8156
6478 8157
3091 8158
6286 8159
1217 8160
6965 8161
5896 8162
1572 8163
2359 8164
6766 8165
1012 8166
247 8167
1711 8168
1619 8169
2721 8170
901 8171
2860 8172
4930 8173
1402 8174
2186 8175
6874 8176
4274 8177
2867 8178
8058 8179
2345 8180
2942 8181
5565 8182
5544 8183
1214 8184
1451 8185
3368 8186
2291 8187
7920 8188
4927 8189
2194 8190
5820 8191
6804 8192
1811 8193
8159 8194
7013 8195
959 8196
6580 8197
5900 8198
4694 8199
2733 8200
7741 8201
4307 8202
878 8203
3012 8204
3861 8205
3033 8206
3281 8207
4452 8208
1251 8209
7129 8210
3380 8211
5671 8212
7699 8213
3651 8214
6722 8215
4335 8216
3478 8217
4792 8218
574 8219
5431 8220
6723 8221
2410 8222
2629 8223
3316 8224
3791 8225
5946 8226
6670 8227
5469 8228
7860 8229
6658 8230
4411 8231
3935 8232
4146 8233
7247 8234
7124 8235
4430 8236
1146 8237
3491 8238
2596 8239
4494 8240
3468 8241
8195 8242
5466 8243
2897 8244
3410 8245
4928 8246
2687 8247
4166 8248
7975 8249
7967 8250
2352 8251
7098 8252
5501 8253
6103 8254
2926 8255
4014 8256
2094 8257
3436 8258
5702 8259
7597 8260
2990 8261
1286 8262
858 8263
6068 8264
2080 8265
5534 8266
5973 8267
7949 8268
7218 8269
6856 8270
3353 8271
6030 8272
3182 8273
6972 8274
808 8275
5799 8276
3655 8277
1945 8278
178 8279
130 8280
730 8281
6018 8282
2453 8283
7942 8284
7397 8285
5043 8286
148 8287
5683 8288
3482 8289
3693 8290
1573 8291
3210 8292
3640 8293
650 8294
5524 8295
5973 8296
7821 8297
3888 8298
725 8299
8023 8300
7713 8301
7909 8302
5627 8303
7000 8304
4535 8305
764 8306
1192 8307
2960 8308
5677 8309
3532 8310
8090 8311
1333 8312
7673 8313
8117 8314
4254 8315
4763 8316
416 8317
7848 8318
6519 8319
4469 8320
6493 8321
7627 8322
784 8323
3534 8324
3485 8325
4507 8326
817 8327
2097 8328
3952 8329
4212 8330
3380 8331
7762 8332
3833 8333
1905 8334
825 8335
1279 8336
3372 8337
4514 8338
7739 8339
2367 8340
3344 8341
161 8342
6775 8343
2243 8344
7677 8345
4104 8346
4578 8347
4324 8348
4192 8349
7084 8350
824 8351
7296 8352
2155 8353
1857 8354
5246 8355
5463 8356
1141 8357
2769 8358
267 8359
2723 8360
2796 8361
4857 8362
8109 8363
6384 8364
2224 8365
6876 8366
3228 8367
5625 8368
6330 8369
3299 8370
5858 8371
7029 8372
6339 8373
4840 8374
7022 8375
5009 8376
3236 8377
5772 8378
3422 8379
4568 8380
2577 8381
6800 8382
3598 8383
3180 8384
4341 8385
3181 8386
6458 8387
7964 8388
2000 8389
4666 8390
5453 8391
8110 8392
1802 8393
7507 8394
3897 8395
799 8396
2205 8397
6001 8398
2706 8399
2728 8400
2141 8401
3068 8402
5193 8403
4162 8404
2103 8405
7560 8406
6251 8407
3767 8408
6736 8409
2598 8410
3867 8411
7880 8412
51 8413
4009 8414
6973 8415
3871 8416
2481 8417
2924 8418
2429 8419
2749 8420
2881 8421
5922 8422
3764 8423
7126 8424
4135 8425
5243 8426
6648 8427
2712 8428
319 8429
1040 8430
4581 8431
618 8432
2317 8433
1239 8434
4764 8435
1820 8436
1323 8437
6496 8438
1193 8439
3337 8440
6392 8441
7996 8442
6684 8443
1963 8444
3878 8445
5115 8446
5002 8447
3755 8448
1539 8449
8419 8450
7694 8451
2213 8452
2295 8453
847 8454
1513 8455
1311 8456
8034 8457
8092 8458
6601 8459
1356 8460
408 8461
1016 8462
6044 8463
1833 8464
4592 8465
7353 8466
3954 8467
6686 8468
3009 8469
2868 8470
2839 8471
7745 8472
6580 8473
172 8474
4528 8475
8154 8476
6067 8477
5973 8478
7414 8479
1860 8480
4052 8481
839 8482
3260 8483
948 8484
8067 8485
4730 8486
2256 8487
8350 8488
207 8489
4556 8490
7293 8491
1015 8492
6414 8493
6199 8494
8105 8495
3595 8496
202 8497
1390 8498
6431 8499
1023 8500
445 8501
6825 8502
8281 8503
2896 8504
6718 8505
2722 8506
1550 8507
5461 8508
7256 8509
3717 8510
2613 8511
4628 8512
3943 8513
1153 8514
4457 8515
3112 8516
4673 8517
6967 8518
6579 8519
6307 8520
3551 8521
2722 8522
521 8523
4800 8524
7337 8525
678 8526
7162 8527
2550 8528
2440 8529
3379 8530
442 8531
7889 8532
8091 8533
5021 8534
3413 8535
2572 8536
3706 8537
1470 8538
3958 8539
2576 8540
4844 8541
3182 8542
2801 8543
2226 8544
4996 8545
7924 8546
6498 8547
1667 8548
7303 8549
6619 8550
6598 8551
2541 8552
7563 8553
1205 8554
8160 8555
4835 8556
1977 8557
105 8558
293 8559
7243 8560
6760 8561
3762 8562
4290 8563
5794 8564
1789 8565
8323 8566
6286 8567
4201 8568
3118 8569
8357 8570
5099 8571
6452 8572
8052 8573
6068 8574
3702 8575
1188 8576
5871 8577
7218 8578
478 8579
4915 8580
5481 8581
6320 8582
2758 8583
4163 8584
3678 8585
6918 8586
4118 8587
1433 8588
2139 8589
3021 8590
4359 8591
6464 8592
8155 8593
4282 8594
4762 8595
5713 8596
2530 8597
934 8598
6861 8599
2173 8600
2039 8601
5010 8602
4620 8603
4597 8604
8337 8605
915 8606
843 8607
2616 8608
470 8609
6006 8610
6496 8611
3835 8612
1265 8613
6873 8614
8201 8615
4802 8616
7093 8617
2620 8618
6631 8619
1731 8620
1025 8621
1026 8622
2434 8623
2104 8624
5920 8625
4272 8626
3276 8627
5885 8628
6539 8629
3975 8630
7476 8631
2847 8632
4391 8633
8138 8634
1213 8635
1935 8636
1147 8637
7098 8638
5696 8639
6479 8640
5720 8641
977 8642
6622 8643
8173 8644
6202 8645
4210 8646
5044 8647
8318 8648
7014 8649
384 8650
6786 8651
3069 8652
5135 8653
7334 8654
6783 8655
1764 8656
6347 8657
1282 8658
5920 8659
8150 8660
7713 8661
1963 8662
1649 8663
461 8664
5583 8665
53 8666
5512 8667
6020 8668
7432 8669
479 8670
2237 8671
6370 8672
3998 8673
6357 8674
4886 8675
5096 8676
3988 8677
1088 8678
3209 8679
3726 8680
176 8681
7569 8682
4999 8683
4450 8684
1072 8685
7231 8686
555 8687
6497 8688
58 8689
6340 8690
8572 8691
8177 8692
2105 8693
1562 8694
8395 8695
1976 8696
1304 8697
2472 8698
66 8699
7670 8700
3436 8701
3604 8702
1604 8703
6706 8704
4566 8705
5761 8706
6469 8707
7465 8708
3566 8709
7230 8710
5328 8711
5909 8712
6554 8713
8690 8714
3454 8715
8064 8716
3686 8717
1389 8718
6033 8719
8623 8720
5527 8721
4684 8722
8594 8723
4470 8724
5263 8725
7158 8726
2344 8727
3221 8728
2797 8729
5989 8730
7003 8731
1865 8732
7096 8733
3621 8734
4535 8735
2329 8736
8343 8737
3141 8738
2142 8739
1485 8740
2066 8741
8637 8742
4881 8743
274 8744
2262 8745
3751 8746
3605 8747
1628 8748
7709 8749
8310 8750
2753 8751
878 8752
7659 8753
4137 8754
5314 8755
4203 8756
3539 8757
4728 8758
6611 8759
1629 8760
512 8761
6569 8762
6224 8763
5783 8764
7269 8765
2724 8766
6403 8767
3656 8768
7070 8769
6685 8770
5789 8771
3791 8772
7595 8773
6411 8774
7033 8775
7504 8776
3336 8777
3898 8778
3216 8779
935 8780
8415 8781
2947 8782
3103 8783
8376 8784
5130 8785
7419 8786
6885 8787
2881 8788
3550 8789
3707 8790
6211 8791
6881 8792
8327 8793
5237 8794
2188 8795
1352 8796
4698 8797
7161 8798
926 8799
6151 8800
6079 8801
4202 8802
6890 8803
76 8804
3851 8805
7873 8806
4165 8807
5643 8808
7524 8809
4707 8810
7059 8811
1366 8812
519 8813
3755 8814
2983 8815
5385 8816
667 8817
6884 8818
1329 8819
2480 8820
8626 8821
6179 8822
1995 8823
8178 8824
8344 8825
6307 8826
5408 8827
796 8828
6195 8829
1818 8830
6270 8831
1477 8832
278 8833
3722 8834
6221 8835
6603 8836
1313 8837
1968 8838
7655 8839
3954 8840
2418 8841
5292 8842
92 8843
5373 8844
6097 8845
2454 8846
4416 8847
8841 8848
318 8849
6562 8850
6621 8851
1850 8852
948 8853
2020 8854
5602 8855
3412 8856
8410 8857
7102 8858
127 8859
2458 8860
4206 8861
2232 8862
7186 8863
4965 8864
8332 8865
5148 8866
1290 8867
4661 8868
8032 8869
4784 8870
4085 8871
3736 8872
4992 8873
7225 8874
3549 8875
544 8876
266 8877
7878 8878
7625 8879
5172 8880
2536 8881
6200 8882
1591 8883
15 8884
5814 8885
4257 8886
278 8887
7451 8888
4195 8889
8112 8890
1632 8891
3131 8892
6456 8893
2102 8894
6961 8895
4485 8896
4510 8897
2740 8898
3579 8899
7752 8900
8064 8901
4212 8902
1474 8903
8714 8904
3219 8905
3984 8906
4729 8907
4982 8908
544 8909
5182 8910
6817 8911
2590 8912
47 8913
4829 8914
2392 8915
1209 8916
5072 8917
1631 8918
6540 8919
436 8920
4162 8921
3896 8922
8242 8923
3620 8924
8873 8925
8163 8926
277 8927
5192 8928
827 8929
6328 8930
4837 8931
727 8932
6201 8933
1016 8934
2678 8935
8856 8936
3444 8937
4604 8938
6251 8939
2013 8940
3849 8941
3162 8942
7933 8943
5474 8944
2420 8945
598 8946
5680 8947
8301 8948
8276 8949
8224 8950
2699 8951
4266 8952
8498 8953
1507 8954
994 8955
6635 8956
6380 8957
1896 8958
6830 8959
8773 8960
3332 8961
2487 8962
8814 8963
2015 8964
7388 8965
317 8966
2601 8967
2523 8968
5720 8969
6084 8970
4194 8971
6527 8972
4284 8973
5812 8974
5889 8975
1331 8976
1544 8977
466 8978
3733 8979
4683 8980
3243 8981
4999 8982
8273 8983
6807 8984
2142 8985
7762 8986
8872 8987
281 8988
4262 8989
8769 8990
6680 8991
8123 8992
4896 8993
8442 8994
4262 8995
3323 8996
5656 8997
2618 8998
7075 8999
94 9000
3593 9001
4148 9002
1042 9003
8361 9004
5763 9005
8401 9006
5583 9007
7060 9008
5738 9009
334 9010
6427 9011
4487 9012
8390 9013
8939 9014
7399 9015
7122 9016
6454 9017
7368 9018
4561 9019
4392 9020
459 9021
8598 9022
6496 9023
1767 9024
1055 9025
8560 9026
1463 9027
2096 9028
8327 9029
1960 9030
3817 9031
251 9032
5206 9033
804 9034
8092 9035
8237 9036
3263 9037
7798 9038
1555 9039
3237 9040
7562 9041
8550 9042
5593 9043
2142 9044
7471 9045
4547 9046
7700 9047
2343 9048
6338 9049
6698 9050
2244 9051
7275 9052
1412 9053
5110 9054
7154 9055
6929 9056
5735 9057
7218 9058
416 9059
6595 9060
3677 9061
2771 9062
4926 9063
7188 9064
1908 9065
831 9066
144 9067
8067 9068
319 9069
527 9070
6624 9071
3345 9072
7343 9073
4149 9074
1485 9075
4168 9076
3426 9077
33 9078
3666 9079
8373 9080
5741 9081
3302 9082
4848 9083
7882 9084
8236 9085
5570 9086
6742 9087
7309 9088
970 9089
2400 9090
8427 9091
321 9092
7593 9093
3758 9094
38 9095
667 9096
7218 9097
4847 9098
9063 9099
4090 9100
7285 9101
6188 9102
7258 9103
1696 9104
4793 9105
8765 9106
8453 9107
7138 9108
791 9109
5623 9110
8748 9111
6430 9112
5228 9113
2124 9114
8210 9115
6472 9116
4767 9117
246 9118
2221 9119
5629 9120
4971 9121
2071 9122
4013 9123
7377 9124
4040 9125
3684 9126
6101 9127
733 9128
7974 9129
7250 9130
6112 9131
5463 9132
5422 9133
4042 9134
7145 9135
5544 9136
3521 9137
3517 9138
7458 9139
3876 9140
4045 9141
190 9142
7116 9143
4412 9144
529 9145
2853 9146
1370 9147
144 9148
8904 9149
1330 9150
169 9151
4776 9152
5402 9153
341 9154
229 9155
657 9156
4506 9157
5402 9158
410 9159
8809 9160
1987 9161
5022 9162
7333 9163
1259 9164
7887 9165
1922 9166
5276 9167
5512 9168
4175 9169
4893 9170
6178 9171
6980 9172
2668 9173
3227 9174
6072 9175
324 9176
8380 9177
6778 9178
7222 9179
7414 9180
5431 9181
433 9182
2119 9183
3992 9184
5998 9185
5564 9186
6187 9187
2865 9188
64 9189
2233 9190
990 9191
1154 9192
7082 9193
3272 9194
4036 9195
3642 9196
31 9197
666 9198
5770 9199
1493 9200
639 9201
7807 9202
8791 9203
3875 9204
8316 9205
4598 9206
5401 9207
5613 9208
237 9209
388 9210
2852 9211
1664 9212
4577 9213
1264 9214
1028 9215
2601 9216
6950 9217
4903 9218
8169 9219
4074 9220
4260 9221
8538 9222
2940 9223
1906 9224
3412 9225
2512 9226
4024 9227
7150 9228
412 9229
3083 9230
9051 9231
6185 9232
6382 9233
3433 9234
4693 9235
7780 9236
5268 9237
7260 9238
7961 9239
6409 9240
2884 9241
2487 9242
3523 9243
5632 9244
4100 9245
670 9246
3003 9247
3103 9248
7828 9249
668 9250
6631 9251
5164 9252
3581 9253
4258 9254
3609 9255
2925 9256
6858 9257
388 9258
5467 9259
4798 9260
346 9261
3626 9262
6487 9263
5034 9264
2833 9265
6730 9266
2157 9267
2876 9268
1089 9269
4020 9270
8317 9271
1400 9272
972 9273
8545 9274
6885 9275
4198 9276
5063 9277
6710 9278
371 9279
821 9280
3379 9281
5160 9282
2376 9283
1632 9284
8549 9285
8654 9286
3490 9287
8656 9288
5514 9289
5444 9290
1833 9291
6588 9292
4475 9293
1096 9294
2768 9295
8936 9296
5275 9297
2835 9298
7043 9299
3001 9300
5255 9301
2463 9302
695 9303
245 9304
1671 9305
1935 9306
6995 9307
8091 9308
6545 9309
1156 9310
3608 9311
1589 9312
3746 9313
3189 9314
7653 9315
9234 9316
658 9317
9184 9318
1731 9319
1522 9320
4088 9321
3120 9322
4549 9323
3181 9324
7061 9325
5329 9326
2775 9327
6019 9328
5558 9329
806 9330
1710 9331
2697 9332
8397 9333
902 9334
5905 9335
5563 9336
2798 9337
9106 9338
2786 9339
9091 9340
244 9341
2676 9342
593 9343
2702 9344
1089 9345
1235 9346
5162 9347
4589 9348
6757 9349
834 9350
4533 9351
1855 9352
2061 9353
1205 9354
2451 9355
5186 9356
185 9357
9018 9358
2099 9359
4909 9360
5823 9361
3665 9362
1220 9363
7707 9364
2852 9365
4621 9366
2726 9367
2433 9368
7753 9369
4921 9370
9248 9371
8952 9372
4510 9373
7597 9374
3812 9375
3538 9376
203 9377
263 9378
5226 9379
3590 9380
4860 9381
3849 9382
213 9383
1749 9384
5774 9385
8430 9386
5501 9387
7996 9388
5587 9389
5743 9390
1732 9391
4927 9392
7839 9393
6330 9394
3798 9395
7472 9396
6028 9397
6547 9398
230 9399
7545 9400
3686 9401
4368 9402
6102 9403
5421 9404
8405 9405
9089 9406
6384 9407
2495 9408
5316 9409
7088 9410
4018 9411
4422 9412
363 9413
579 9414
4203 9415
8451 9416
4811 9417
8305 9418
7641 9419
4101 9420
224 9421
5056 9422
7679 9423
6052 9424
6364 9425
3163 9426
3486 9427
5982 9428
9331 9429
7267 9430
5761 9431
7801 9432
1119 9433
7473 9434
3627 9435
5288 9436
2793 9437
820 9438
3785 9439
6964 9440
1256 9441
3257 9442
9323 9443
6733 9444
9102 9445
3381 9446
2543 9447
7478 9448
5342 9449
4072 9450
4294 9451
2282 9452
7368 9453
7758 9454
4635 9455
5551 9456
3094 9457
5439 9458
2201 9459
7068 9460
628 9461
7495 9462
3103 9463
1779 9464
8842 9465
7359 9466
2212 9467
3362 9468
7451 9469
1139 9470
3135 9471
1085 9472
1732 9473
375 9474
3287 9475
9071 9476
716 9477
7891 9478
8952 9479
9166 9480
7774 9481
1356 9482
6840 9483
1754 9484
9458 9485
2952 9486
118 9487
8362 9488
4045 9489
3566 9490
6833 9491
7883 9492
596 9493
9246 9494
5828 9495
328 9496
3910 9497
8499 9498
159 9499
5462 9500
4952 9501
7762 9502
5231 9503
7793 9504
9362 9505
8794 9506
8649 9507
6982 9508
1312 9509
476 9510
4880 9511
6982 9512
5628 9513
5590 9514
5258 9515
7043 9516
855 9517
8132 9518
6491 9519
8039 9520
2345 9521
5077 9522
6846 9523
5437 9524
449 9525
3833 9526
6818 9527
8977 9528
6 9529
8502 9530
9466 9531
4679 9532
2956 9533
4573 9534
3249 9535
5596 9536
5733 9537
860 9538
1080 9539
5732 9540
9082 9541
8730 9542
6701 9543
1164 9544
6058 9545
7205 9546
4299 9547
7701 9548
3253 9549
7384 9550
9504 9551
5870 9552
4698 9553
4739 9554
296 9555
3210 9556
952 9557
1008 9558
8704 9559
2466 9560
3961 9561
5009 9562
2928 9563
1680 9564
8250 9565
9088 9566
6772 9567
6769 9568
9118 9569
3340 9570
4464 9571
4228 9572
5807 9573
4717 9574
726 9575
2462 9576
8555 9577
8127 9578
8117 9579
2243 9580
2698 9581
7932 9582
6026 9583
725 9584
7022 9585
8769 9586
5556 9587
9359 9588
60 9589
6736 9590
3639 9591
6277 9592
2983 9593
8799 9594
1010 9595
7448 9596
3187 9597
3122 9598
401 9599
7060 9600
9514 9601
5646 9602
1066 9603
8098 9604
4880 9605
3945 9606
8076 9607
6287 9608
2992 9609
182 9610
5877 9611
5169 9612
5747 9613
7650 9614
2851 9615
9008 9616
1987 9617
3243 9618
1694 9619
9368 9620
5666 9621
9546 9622
1873 9623
2620 9624
4223 9625
1251 9626
628 9627
1412 9628
3241 9629
3539 9630
1398 9631
963 9632
7588 9633
1288 9634
4884 9635
6197 9636
2505 9637
2735 9638
5425 9639
7931 9640
6272 9641
5058 9642
7620 9643
3737 9644
9091 9645
3229 9646
4308 9647
1761 9648
3012 9649
7437 9650
7397 9651
7026 9652
2585 9653
4943 9654
5173 9655
3241 9656
4598 9657
4521 9658
1191 9659
1402 9660
1649 9661
7840 9662
1788 9663
9058 9664
7346 9665
4134 9666
6615 9667
8714 9668
6496 9669
430 9670
6169 9671
3271 9672
4288 9673
4035 9674
8388 9675
2689 9676
5350 9677
2102 9678
37 9679
4912 9680
7593 9681
179 9682
4631 9683
6016 9684
5853 9685
8296 9686
1575 9687
2060 9688
3458 9689
917 9690
5601 9691
2259 9692
3931 9693
6681 9694
7986 9695
521 9696
7116 9697
4410 9698
7461 9699
3515 9700
8302 9701
9156 9702
1711 9703
6196 9704
1531 9705
3483 9706
8203 9707
581 9708
3588 9709
1037 9710
3366 9711
6932 9712
5288 9713
1557 9714
663 9715
2956 9716
3152 9717
6221 9718
1845 9719
3805 9720
2563 9721
8360 9722
3588 9723
7710 9724
1688 9725
2063 9726
6881 9727
6937 9728
4713 9729
5913 9730
5445 9731
8707 9732
8031 9733
2215 9734
2301 9735
3254 9736
5873 9737
35 9738
5043 9739
6637 9740
9251 9741
1001 9742
1387 9743
1827 9744
4477 9745
8380 9746
2546 9747
8163 9748
1814 9749
1075 9750
3739 9751
9056 9752
4726 9753
5321 9754
3077 9755
6565 9756
6143 9757
5424 9758
6734 9759
3582 9760
9386 9761
8881 9762
1878 9763
5439 9764
9418 9765
410 9766
8761 9767
7129 9768
7766 9769
9707 9770
5227 9771
6682 9772
6243 9773
8997 9774
8623 9775
2597 9776
8651 9777
529 9778
8484 9779
8780 9780
7686 9781
301 9782
3908 9783
5341 9784
7783 9785
2336 9786
1842 9787
9058 9788
8461 9789
4464 9790
444 9791
2667 9792
5494 9793
856 9794
2794 9795
20 9796
6578 9797
923 9798
5257 9799
7910 9800
3184 9801
7871 9802
145 9803
6739 9804
9664 9805
3067 9806
3715 9807
2492 9808
3959 9809
6388 9810
2125 9811
6733 9812
6142 9813
1477 9814
8406 9815
5413 9816
8137 9817
6863 9818
7083 9819
5803 9820
2947 9821
2549 9822
2999 9823
8447 9824
5734 9825
4503 9826
7699 9827
9391 9828
9273 9829
3696 9830
5953 9831
5435 9832
4465 9833
3772 9834
2281 9835
5985 9836
543 9837
5020 9838
3934 9839
7429 9840
9099 9841
9751 9842
8001 9843
6109 9844
7886 9845
56 9846
2966 9847
920 9848
6782 9849
2553 9850
8047 9851
4670 9852
8677 9853
1686 9854
8594 9855
6960 9856
6434 9857
9318 9858
9391 9859
9519 9860
5410 9861
8762 9862
8011 9863
6874 9864
6977 9865
4947 9866
6210 9867
7753 9868
6235 9869
7672 9870
8659 9871
802 9872
9217 9873
7044 9874
27 9875
395 9876
7678 9877
8084 9878
7162 9879
2752 9880
6632 9881
3009 9882
313 9883
5594 9884
484 9885
4713 9886
9028 9887
246 9888
558 9889
7317 9890
1757 9891
2864 9892
3671 9893
8034 9894
9445 9895
9593 9896
8426 9897
4614 9898
7675 9899
9356 9900
4682 9901
4071 9902
8337 9903
4574 9904
2737 9905
4594 9906
8966 9907
5746 9908
2659 9909
7473 9910
9379 9911
8435 9912
5733 9913
8711 9914
2273 9915
5617 9916
9533 9917
5025 9918
6321 9919
4728 9920
4941 9921
7192 9922
1217 9923
9878 9924
7490 9925
6868 9926
8815 9927
2047 9928
1931 9929
7507 9930
7707 9931
7021 9932
5425 9933
7151 9934
1760 9935
5136 9936
851 9937
6825 9938
3599 9939
2128 9940
4520 9941
5425 9942
2956 9943
4150 9944
4588 9945
374 9946
7863 9947
2804 9948
53 9949
2043 9950
3486 9951
706 9952
7314 9953
2506 9954
7916 9955
5356 9956
9689 9957
596 9958
6107 9959
5688 9960
3803 9961
2274 9962
3587 9963
6677 9964
5244 9965
8902 9966
4083 9967
9010 9968
4200 9969
3954 9970
2543 9971
5376 9972
6844 9973
7769 9974
2906 9975
8040 9976
1300 9977
1401 9978
560 9979
5525 9980
2420 9981
5451 9982
9369 9983
571 9984
1905 9985
8525 9986
4192 9987
6854 9988
9078 9989
2830 9990
8393 9991
7531 9992
8210 9993
7724 9994
7330 9995
6032 9996
4317 9997
7683 9998
293 9999
8215 10000
