1 2
2 3
3 4
2 5
4 6
2 7
4 8
3 9
8 10
9 11
3 12
2 13
8 14
3 15
1 16
6 17
4 18
2 19
5 20
3 21
12 22
13 23
6 24
22 25
7 26
19 27
1 28
15 29
1 30
30 31
25 32
31 33
24 34
28 35
29 36
32 37
35 38
21 39
1 40
15 41
8 42
7 43
7 44
23 45
26 46
32 47
32 48
22 49
42 50
14 51
22 52
43 53
7 54
48 55
2 56
47 57
15 58
27 59
12 60
51 61
16 62
59 63
4 64
59 65
31 66
54 67
15 68
18 69
43 70
43 71
41 72
1 73
23 74
56 75
26 76
24 77
16 78
43 79
38 80
52 81
76 82
1 83
73 84
17 85
73 86
11 87
7 88
48 89
85 90
27 91
81 92
73 93
44 94
56 95
88 96
3 97
8 98
68 99
24 100
91 101
69 102
56 103
80 104
48 105
95 106
14 107
18 108
96 109
44 110
9 111
84 112
109 113
104 114
68 115
80 116
53 117
109 118
34 119
51 120
91 121
22 122
31 123
30 124
13 125
21 126
105 127
79 128
35 129
90 130
124 131
21 132
88 133
40 134
82 135
63 136
10 137
79 138
132 139
70 140
117 141
85 142
62 143
4 144
104 145
141 146
28 147
76 148
23 149
80 150
118 151
104 152
117 153
106 154
11 155
9 156
13 157
112 158
124 159
28 160
84 161
129 162
6 163
32 164
81 165
114 166
140 167
104 168
14 169
150 170
98 171
130 172
4 173
109 174
82 175
164 176
72 177
9 178
140 179
23 180
72 181
83 182
13 183
23 184
184 185
125 186
95 187
57 188
133 189
1 190
91 191
111 192
140 193
121 194
173 195
1 196
151 197
94 198
105 199
112 200
36 201
31 202
54 203
141 204
41 205
191 206
95 207
2 208
160 209
64 210
1 211
30 212
168 213
213 214
180 215
148 216
137 217
89 218
208 219
22 220
62 221
51 222
106 223
140 224
215 225
101 226
26 227
73 228
106 229
50 230
161 231
84 232
164 233
161 234
125 235
225 236
86 237
33 238
191 239
179 240
6 241
106 242
2 243
43 244
143 245
141 246
205 247
32 248
174 249
69 250
114 251
178 252
129 253
134 254
20 255
211 256
128 257
62 258
35 259
205 260
103 261
261 262
124 263
50 264
260 265
233 266
124 267
73 268
228 269
73 270
81 271
4 272
170 273
224 274
103 275
162 276
175 277
197 278
32 279
217 280
9 281
211 282
7 283
251 284
175 285
226 286
268 287
263 288
31 289
14 290
184 291
255 292
267 293
198 294
193 295
185 296
17 297
290 298
65 299
43 300
265 301
83 302
271 303
267 304
38 305
276 306
223 307
22 308
225 309
112 310
66 311
15 312
13 313
205 314
249 315
189 316
218 317
34 318
259 319
93 320
1 321
149 322
312 323
6 324
169 325
142 326
209 327
79 328
50 329
279 330
77 331
43 332
150 333
10 334
320 335
88 336
44 337
109 338
313 339
126 340
325 341
5 342
24 343
226 344
164 345
169 346
123 347
48 348
138 349
167 350
90 351
139 352
243 353
94 354
249 355
72 356
142 357
49 358
173 359
305 360
138 361
272 362
10 363
213 364
41 365
196 366
256 367
178 368
115 369
327 370
258 371
121 372
245 373
146 374
188 375
183 376
280 377
108 378
3 379
43 380
118 381
176 382
198 383
103 384
38 385
212 386
192 387
132 388
361 389
223 390
173 391
326 392
260 393
55 394
99 395
19 396
67 397
207 398
99 399
45 400
360 401
346 402
191 403
278 404
386 405
231 406
245 407
282 408
25 409
118 410
24 411
34 412
159 413
339 414
350 415
388 416
246 417
368 418
13 419
333 420
343 421
184 422
303 423
258 424
263 425
411 426
370 427
79 428
401 429
392 430
318 431
210 432
130 433
149 434
79 435
209 436
179 437
95 438
420 439
329 440
214 441
352 442
313 443
166 444
410 445
372 446
176 447
85 448
430 449
208 450
146 451
329 452
26 453
264 454
286 455
193 456
321 457
8 458
344 459
395 460
146 461
312 462
5 463
169 464
283 465
171 466
128 467
402 468
337 469
107 470
169 471
87 472
308 473
464 474
383 475
167 476
392 477
393 478
419 479
427 480
166 481
26 482
217 483
387 484
319 485
56 486
299 487
233 488
209 489
363 490
236 491
267 492
467 493
33 494
445 495
273 496
416 497
103 498
419 499
189 500
336 501
44 502
500 503
108 504
375 505
161 506
113 507
180 508
64 509
11 510
357 511
468 512
455 513
325 514
41 515
333 516
293 517
76 518
355 519
148 520
456 521
8 522
472 523
517 524
315 525
61 526
113 527
382 528
268 529
171 530
83 531
349 532
71 533
462 534
368 535
141 536
43 537
66 538
132 539
352 540
514 541
89 542
437 543
429 544
372 545
431 546
75 547
299 548
480 549
283 550
21 551
512 552
376 553
368 554
356 555
102 556
289 557
431 558
537 559
172 560
337 561
409 562
62 563
444 564
563 565
495 566
261 567
266 568
365 569
413 570
99 571
154 572
557 573
21 574
482 575
231 576
558 577
32 578
257 579
202 580
285 581
346 582
111 583
31 584
150 585
373 586
478 587
307 588
325 589
515 590
245 591
92 592
431 593
361 594
502 595
116 596
371 597
189 598
170 599
17 600
333 601
236 602
178 603
406 604
544 605
46 606
17 607
376 608
419 609
248 610
254 611
438 612
258 613
277 614
471 615
41 616
1 617
219 618
31 619
178 620
557 621
328 622
378 623
230 624
22 625
199 626
51 627
157 628
402 629
26 630
510 631
154 632
373 633
330 634
129 635
227 636
3 637
223 638
85 639
56 640
183 641
243 642
309 643
43 644
631 645
123 646
245 647
641 648
149 649
518 650
344 651
172 652
234 653
405 654
165 655
587 656
299 657
177 658
153 659
30 660
369 661
539 662
332 663
477 664
418 665
210 666
502 667
153 668
206 669
185 670
339 671
618 672
239 673
62 674
247 675
121 676
305 677
323 678
96 679
501 680
411 681
480 682
262 683
561 684
144 685
165 686
313 687
311 688
417 689
266 690
242 691
648 692
264 693
207 694
281 695
120 696
355 697
631 698
373 699
271 700
101 701
472 702
279 703
236 704
449 705
685 706
272 707
614 708
364 709
330 710
337 711
210 712
540 713
90 714
87 715
287 716
559 717
378 718
456 719
185 720
39 721
612 722
482 723
635 724
691 725
396 726
465 727
71 728
445 729
346 730
614 731
709 732
105 733
208 734
40 735
541 736
441 737
591 738
228 739
171 740
724 741
365 742
213 743
645 744
599 745
122 746
703 747
382 748
667 749
241 750
723 751
96 752
586 753
482 754
506 755
712 756
548 757
637 758
5 759
217 760
50 761
339 762
759 763
416 764
387 765
276 766
92 767
169 768
25 769
490 770
83 771
88 772
165 773
427 774
495 775
452 776
761 777
678 778
583 779
441 780
656 781
677 782
98 783
466 784
401 785
777 786
701 787
303 788
356 789
468 790
159 791
614 792
324 793
494 794
363 795
522 796
460 797
645 798
542 799
791 800
337 801
427 802
385 803
640 804
736 805
576 806
179 807
337 808
321 809
500 810
810 811
522 812
675 813
450 814
181 815
425 816
458 817
508 818
21 819
471 820
610 821
597 822
391 823
4 824
631 825
411 826
417 827
774 828
722 829
388 830
278 831
547 832
273 833
743 834
784 835
26 836
672 837
227 838
73 839
550 840
403 841
336 842
731 843
488 844
751 845
607 846
754 847
533 848
740 849
843 850
776 851
271 852
627 853
336 854
87 855
851 856
803 857
586 858
342 859
718 860
572 861
562 862
236 863
292 864
842 865
316 866
241 867
127 868
146 869
79 870
369 871
807 872
135 873
535 874
600 875
573 876
264 877
632 878
506 879
276 880
283 881
111 882
67 883
649 884
879 885
696 886
346 887
101 888
418 889
229 890
559 891
72 892
342 893
829 894
784 895
426 896
336 897
404 898
407 899
161 900
757 901
620 902
20 903
442 904
332 905
185 906
332 907
95 908
245 909
350 910
678 911
477 912
140 913
775 914
472 915
472 916
722 917
542 918
567 919
276 920
704 921
63 922
297 923
350 924
161 925
915 926
584 927
615 928
686 929
283 930
897 931
500 932
126 933
336 934
258 935
369 936
130 937
621 938
689 939
191 940
750 941
767 942
228 943
247 944
638 945
67 946
333 947
427 948
459 949
396 950
118 951
446 952
272 953
113 954
461 955
641 956
34 957
321 958
48 959
114 960
142 961
834 962
698 963
469 964
733 965
777 966
437 967
440 968
570 969
252 970
228 971
90 972
435 973
321 974
734 975
422 976
718 977
437 978
267 979
630 980
960 981
785 982
923 983
922 984
292 985
657 986
697 987
51 988
653 989
361 990
197 991
287 992
147 993
465 994
358 995
902 996
972 997
46 998
329 999
690 1000
681 1001
416 1002
650 1003
517 1004
696 1005
423 1006
655 1007
248 1008
966 1009
661 1010
801 1011
567 1012
547 1013
243 1014
809 1015
913 1016
353 1017
234 1018
187 1019
413 1020
906 1021
619 1022
181 1023
878 1024
21 1025
1003 1026
768 1027
482 1028
135 1029
955 1030
277 1031
84 1032
878 1033
868 1034
207 1035
12 1036
725 1037
904 1038
231 1039
629 1040
687 1041
941 1042
69 1043
449 1044
956 1045
711 1046
899 1047
926 1048
629 1049
36 1050
318 1051
951 1052
243 1053
141 1054
626 1055
85 1056
749 1057
46 1058
131 1059
181 1060
250 1061
267 1062
988 1063
434 1064
127 1065
955 1066
73 1067
266 1068
998 1069
490 1070
226 1071
199 1072
949 1073
677 1074
485 1075
929 1076
921 1077
438 1078
86 1079
281 1080
640 1081
265 1082
306 1083
889 1084
580 1085
483 1086
804 1087
465 1088
928 1089
57 1090
538 1091
1045 1092
433 1093
54 1094
711 1095
286 1096
455 1097
914 1098
111 1099
428 1100
286 1101
433 1102
1092 1103
50 1104
997 1105
360 1106
723 1107
466 1108
111 1109
171 1110
999 1111
685 1112
256 1113
275 1114
178 1115
208 1116
951 1117
478 1118
181 1119
310 1120
527 1121
780 1122
545 1123
528 1124
155 1125
1033 1126
620 1127
86 1128
522 1129
982 1130
276 1131
884 1132
607 1133
144 1134
293 1135
95 1136
600 1137
295 1138
97 1139
146 1140
300 1141
750 1142
358 1143
448 1144
1009 1145
635 1146
279 1147
134 1148
266 1149
658 1150
522 1151
451 1152
984 1153
294 1154
375 1155
97 1156
102 1157
52 1158
390 1159
407 1160
299 1161
744 1162
621 1163
1071 1164
913 1165
252 1166
1122 1167
668 1168
716 1169
173 1170
715 1171
572 1172
900 1173
10 1174
985 1175
277 1176
177 1177
231 1178
608 1179
184 1180
838 1181
804 1182
612 1183
1099 1184
868 1185
917 1186
506 1187
930 1188
1092 1189
712 1190
1047 1191
538 1192
702 1193
1125 1194
768 1195
905 1196
909 1197
328 1198
950 1199
399 1200
804 1201
354 1202
685 1203
414 1204
1067 1205
807 1206
874 1207
683 1208
968 1209
38 1210
198 1211
1102 1212
96 1213
567 1214
125 1215
270 1216
323 1217
1120 1218
436 1219
1189 1220
1123 1221
730 1222
304 1223
1215 1224
653 1225
39 1226
917 1227
861 1228
1000 1229
356 1230
250 1231
660 1232
1142 1233
337 1234
286 1235
225 1236
679 1237
1183 1238
61 1239
262 1240
864 1241
177 1242
400 1243
319 1244
109 1245
143 1246
414 1247
405 1248
507 1249
925 1250
971 1251
72 1252
686 1253
647 1254
589 1255
305 1256
1162 1257
972 1258
166 1259
937 1260
592 1261
840 1262
427 1263
39 1264
15 1265
559 1266
119 1267
322 1268
495 1269
839 1270
76 1271
1217 1272
966 1273
1011 1274
981 1275
254 1276
747 1277
400 1278
603 1279
279 1280
1210 1281
438 1282
937 1283
715 1284
1212 1285
886 1286
441 1287
879 1288
381 1289
875 1290
747 1291
1059 1292
246 1293
1043 1294
406 1295
502 1296
200 1297
761 1298
91 1299
1052 1300
540 1301
1127 1302
507 1303
754 1304
750 1305
551 1306
936 1307
17 1308
1050 1309
320 1310
534 1311
1307 1312
466 1313
515 1314
914 1315
880 1316
216 1317
805 1318
1161 1319
921 1320
546 1321
899 1322
458 1323
746 1324
988 1325
1107 1326
838 1327
1064 1328
971 1329
10 1330
1036 1331
530 1332
436 1333
708 1334
385 1335
622 1336
337 1337
357 1338
942 1339
178 1340
1032 1341
1198 1342
953 1343
385 1344
701 1345
386 1346
1325 1347
89 1348
888 1349
921 1350
497 1351
895 1352
672 1353
845 1354
226 1355
1232 1356
866 1357
316 1358
1144 1359
701 1360
426 1361
1103 1362
30 1363
841 1364
30 1365
1074 1366
1083 1367
963 1368
401 1369
204 1370
989 1371
446 1372
723 1373
247 1374
251 1375
1112 1376
195 1377
43 1378
126 1379
894 1380
153 1381
17 1382
831 1383
266 1384
1019 1385
363 1386
1285 1387
341 1388
20 1389
1091 1390
1198 1391
26 1392
1176 1393
340 1394
574 1395
1030 1396
499 1397
805 1398
53 1399
860 1400
246 1401
447 1402
1214 1403
643 1404
40 1405
527 1406
1251 1407
687 1408
1386 1409
1025 1410
186 1411
627 1412
1127 1413
462 1414
133 1415
623 1416
828 1417
57 1418
860 1419
1059 1420
380 1421
909 1422
1093 1423
113 1424
66 1425
929 1426
81 1427
1167 1428
653 1429
711 1430
967 1431
1226 1432
844 1433
707 1434
1079 1435
586 1436
1041 1437
1 1438
385 1439
1259 1440
72 1441
27 1442
931 1443
812 1444
1216 1445
91 1446
106 1447
39 1448
32 1449
274 1450
533 1451
669 1452
385 1453
802 1454
348 1455
1261 1456
422 1457
523 1458
359 1459
1274 1460
1204 1461
1112 1462
238 1463
962 1464
1281 1465
53 1466
83 1467
1052 1468
1190 1469
443 1470
1373 1471
441 1472
771 1473
1208 1474
172 1475
1165 1476
961 1477
1062 1478
1343 1479
435 1480
947 1481
1022 1482
341 1483
572 1484
1153 1485
324 1486
1464 1487
767 1488
332 1489
73 1490
1152 1491
137 1492
527 1493
1274 1494
729 1495
962 1496
850 1497
1142 1498
232 1499
89 1500
42 1501
1224 1502
83 1503
1188 1504
616 1505
1417 1506
747 1507
1467 1508
46 1509
756 1510
248 1511
187 1512
1372 1513
1459 1514
1153 1515
303 1516
1004 1517
687 1518
443 1519
697 1520
203 1521
1433 1522
608 1523
1079 1524
266 1525
684 1526
170 1527
870 1528
921 1529
1001 1530
862 1531
1080 1532
1190 1533
1174 1534
575 1535
844 1536
781 1537
1122 1538
480 1539
439 1540
1019 1541
978 1542
784 1543
1162 1544
1044 1545
513 1546
851 1547
1035 1548
1042 1549
421 1550
1415 1551
1307 1552
1000 1553
1402 1554
86 1555
1159 1556
270 1557
303 1558
1183 1559
746 1560
1091 1561
198 1562
1384 1563
888 1564
226 1565
1354 1566
825 1567
924 1568
337 1569
475 1570
1197 1571
1541 1572
543 1573
1174 1574
1359 1575
1530 1576
1178 1577
1224 1578
1376 1579
1270 1580
740 1581
1030 1582
23 1583
396 1584
1207 1585
1217 1586
1151 1587
569 1588
377 1589
1076 1590
1376 1591
198 1592
1375 1593
492 1594
74 1595
950 1596
953 1597
861 1598
1118 1599
565 1600
327 1601
652 1602
1369 1603
401 1604
1158 1605
1562 1606
922 1607
1431 1608
303 1609
825 1610
913 1611
939 1612
233 1613
1258 1614
1547 1615
887 1616
1413 1617
898 1618
1121 1619
1468 1620
367 1621
449 1622
1144 1623
1036 1624
705 1625
439 1626
1221 1627
1177 1628
1398 1629
484 1630
34 1631
916 1632
918 1633
654 1634
218 1635
1196 1636
430 1637
1525 1638
688 1639
332 1640
649 1641
1080 1642
324 1643
132 1644
179 1645
992 1646
200 1647
452 1648
320 1649
1134 1650
734 1651
832 1652
1609 1653
598 1654
30 1655
725 1656
1574 1657
1576 1658
432 1659
1352 1660
738 1661
1053 1662
1606 1663
913 1664
1523 1665
1024 1666
1107 1667
3 1668
535 1669
1589 1670
765 1671
656 1672
1029 1673
526 1674
507 1675
927 1676
593 1677
1647 1678
495 1679
1200 1680
818 1681
223 1682
312 1683
377 1684
505 1685
975 1686
1666 1687
1619 1688
1663 1689
797 1690
280 1691
938 1692
698 1693
965 1694
796 1695
1415 1696
75 1697
1196 1698
1577 1699
1078 1700
995 1701
512 1702
1637 1703
1027 1704
1605 1705
242 1706
136 1707
1659 1708
1705 1709
865 1710
633 1711
505 1712
982 1713
566 1714
1169 1715
744 1716
47 1717
1590 1718
1543 1719
1341 1720
611 1721
381 1722
692 1723
482 1724
923 1725
589 1726
924 1727
438 1728
1110 1729
396 1730
784 1731
901 1732
652 1733
1160 1734
1402 1735
632 1736
1481 1737
42 1738
1195 1739
568 1740
1382 1741
575 1742
968 1743
929 1744
892 1745
351 1746
167 1747
450 1748
1220 1749
1109 1750
831 1751
782 1752
135 1753
1750 1754
1029 1755
1242 1756
447 1757
1574 1758
203 1759
431 1760
88 1761
118 1762
1156 1763
529 1764
788 1765
1417 1766
718 1767
211 1768
421 1769
44 1770
488 1771
867 1772
118 1773
1586 1774
1563 1775
483 1776
1314 1777
23 1778
1032 1779
578 1780
790 1781
129 1782
31 1783
847 1784
1548 1785
219 1786
771 1787
667 1788
1043 1789
164 1790
614 1791
1301 1792
374 1793
209 1794
1446 1795
294 1796
98 1797
301 1798
404 1799
319 1800
75 1801
612 1802
1148 1803
220 1804
1489 1805
1185 1806
1281 1807
912 1808
5 1809
1203 1810
1591 1811
1684 1812
549 1813
1467 1814
1307 1815
115 1816
376 1817
22 1818
639 1819
1529 1820
686 1821
1189 1822
961 1823
235 1824
902 1825
591 1826
908 1827
1366 1828
1263 1829
177 1830
454 1831
956 1832
59 1833
739 1834
1003 1835
583 1836
943 1837
811 1838
796 1839
1575 1840
91 1841
635 1842
1490 1843
64 1844
112 1845
1598 1846
1662 1847
786 1848
1137 1849
951 1850
572 1851
1219 1852
1397 1853
1548 1854
436 1855
158 1856
1123 1857
623 1858
1293 1859
1165 1860
1094 1861
872 1862
113 1863
1023 1864
443 1865
654 1866
241 1867
1149 1868
108 1869
647 1870
1802 1871
17 1872
336 1873
1114 1874
1697 1875
1433 1876
1515 1877
165 1878
131 1879
544 1880
962 1881
1410 1882
355 1883
1355 1884
365 1885
114 1886
495 1887
555 1888
1547 1889
1206 1890
189 1891
1211 1892
62 1893
1237 1894
375 1895
1299 1896
1080 1897
428 1898
1765 1899
1612 1900
275 1901
974 1902
895 1903
1645 1904
1021 1905
576 1906
723 1907
724 1908
179 1909
1805 1910
829 1911
366 1912
1127 1913
416 1914
566 1915
1721 1916
1552 1917
65 1918
1368 1919
1010 1920
1798 1921
1226 1922
229 1923
873 1924
1308 1925
294 1926
1152 1927
1150 1928
654 1929
1431 1930
1604 1931
1699 1932
1614 1933
1231 1934
236 1935
1141 1936
650 1937
1034 1938
1787 1939
972 1940
1421 1941
1009 1942
1286 1943
1718 1944
1455 1945
618 1946
1022 1947
164 1948
800 1949
456 1950
1771 1951
670 1952
1651 1953
1949 1954
714 1955
1854 1956
973 1957
134 1958
1276 1959
1811 1960
1557 1961
1411 1962
1556 1963
168 1964
110 1965
1068 1966
1627 1967
1604 1968
1109 1969
1775 1970
308 1971
924 1972
1948 1973
388 1974
1730 1975
454 1976
1535 1977
1957 1978
639 1979
1361 1980
40 1981
16 1982
754 1983
392 1984
122 1985
1684 1986
1733 1987
1034 1988
53 1989
55 1990
933 1991
908 1992
207 1993
1346 1994
563 1995
986 1996
1007 1997
481 1998
598 1999
1272 2000
126 2001
879 2002
902 2003
949 2004
977 2005
687 2006
417 2007
979 2008
962 2009
864 2010
1206 2011
540 2012
74 2013
1926 2014
598 2015
1962 2016
140 2017
1278 2018
458 2019
928 2020
659 2021
919 2022
1808 2023
322 2024
1831 2025
810 2026
458 2027
1712 2028
984 2029
685 2030
942 2031
1097 2032
1291 2033
1933 2034
461 2035
1921 2036
373 2037
1535 2038
1009 2039
570 2040
1516 2041
966 2042
1109 2043
1485 2044
1909 2045
1863 2046
1502 2047
1077 2048
609 2049
653 2050
1649 2051
61 2052
1028 2053
387 2054
261 2055
1963 2056
463 2057
1892 2058
1257 2059
1718 2060
1938 2061
1999 2062
511 2063
726 2064
1057 2065
1202 2066
1205 2067
1330 2068
1260 2069
699 2070
1459 2071
646 2072
597 2073
944 2074
1153 2075
1693 2076
647 2077
1066 2078
457 2079
390 2080
1466 2081
1056 2082
581 2083
1341 2084
119 2085
1216 2086
248 2087
1805 2088
1666 2089
790 2090
1131 2091
445 2092
297 2093
1421 2094
143 2095
513 2096
1137 2097
810 2098
328 2099
762 2100
1261 2101
1285 2102
1961 2103
389 2104
1662 2105
1697 2106
149 2107
159 2108
871 2109
1426 2110
304 2111
286 2112
137 2113
1095 2114
1879 2115
143 2116
903 2117
508 2118
293 2119
950 2120
1178 2121
776 2122
2059 2123
173 2124
1797 2125
749 2126
390 2127
1184 2128
1837 2129
1849 2130
1664 2131
9 2132
1070 2133
1480 2134
1642 2135
1128 2136
1959 2137
2023 2138
1954 2139
1635 2140
2116 2141
516 2142
1222 2143
1615 2144
886 2145
27 2146
897 2147
1484 2148
1930 2149
691 2150
1182 2151
890 2152
709 2153
2004 2154
2151 2155
9 2156
238 2157
727 2158
999 2159
511 2160
1415 2161
1035 2162
874 2163
1353 2164
464 2165
1591 2166
1967 2167
1982 2168
1092 2169
983 2170
310 2171
847 2172
1900 2173
798 2174
831 2175
544 2176
1072 2177
1662 2178
1086 2179
1757 2180
862 2181
2005 2182
1233 2183
1948 2184
1372 2185
295 2186
900 2187
2096 2188
1102 2189
2146 2190
442 2191
1746 2192
1301 2193
438 2194
1039 2195
1845 2196
2179 2197
897 2198
1460 2199
452 2200
226 2201
1299 2202
1984 2203
790 2204
1992 2205
329 2206
1455 2207
1645 2208
668 2209
1638 2210
1345 2211
563 2212
1042 2213
1816 2214
2158 2215
1458 2216
2064 2217
659 2218
405 2219
971 2220
809 2221
1260 2222
954 2223
459 2224
86 2225
535 2226
1402 2227
991 2228
772 2229
1530 2230
1768 2231
2052 2232
678 2233
1703 2234
561 2235
2179 2236
1969 2237
1106 2238
2176 2239
732 2240
982 2241
384 2242
379 2243
1560 2244
1868 2245
1014 2246
1999 2247
1858 2248
1038 2249
2120 2250
993 2251
1442 2252
1360 2253
656 2254
991 2255
225 2256
1100 2257
1019 2258
296 2259
383 2260
581 2261
491 2262
1054 2263
1375 2264
1379 2265
418 2266
677 2267
96 2268
200 2269
554 2270
1249 2271
2172 2272
142 2273
2162 2274
595 2275
1309 2276
2152 2277
1438 2278
339 2279
877 2280
2107 2281
276 2282
172 2283
1127 2284
41 2285
525 2286
385 2287
1705 2288
437 2289
1434 2290
486 2291
908 2292
1571 2293
271 2294
1512 2295
394 2296
1671 2297
356 2298
1354 2299
851 2300
1336 2301
988 2302
305 2303
1309 2304
423 2305
189 2306
1631 2307
1493 2308
1356 2309
306 2310
986 2311
1177 2312
2008 2313
175 2314
2107 2315
2088 2316
850 2317
32 2318
1798 2319
797 2320
2222 2321
2312 2322
216 2323
102 2324
827 2325
1553 2326
129 2327
2232 2328
845 2329
1431 2330
1572 2331
2317 2332
139 2333
2083 2334
299 2335
2327 2336
1676 2337
802 2338
1651 2339
1517 2340
783 2341
656 2342
1065 2343
448 2344
2186 2345
663 2346
2255 2347
1804 2348
2318 2349
1284 2350
601 2351
1330 2352
313 2353
157 2354
2055 2355
1965 2356
1610 2357
1167 2358
1452 2359
1354 2360
940 2361
1129 2362
766 2363
2281 2364
2346 2365
795 2366
1076 2367
1572 2368
597 2369
594 2370
1582 2371
494 2372
140 2373
18 2374
501 2375
2331 2376
1565 2377
2230 2378
1986 2379
1425 2380
2253 2381
1828 2382
1671 2383
1323 2384
1539 2385
1569 2386
395 2387
1565 2388
1982 2389
1794 2390
1321 2391
1163 2392
1480 2393
54 2394
1756 2395
1654 2396
1179 2397
2395 2398
944 2399
202 2400
705 2401
1940 2402
1887 2403
2232 2404
2394 2405
1433 2406
145 2407
1700 2408
1319 2409
922 2410
1287 2411
229 2412
730 2413
189 2414
1598 2415
460 2416
167 2417
240 2418
919 2419
908 2420
1897 2421
2350 2422
953 2423
673 2424
2198 2425
1567 2426
1007 2427
1533 2428
68 2429
468 2430
1046 2431
1746 2432
137 2433
715 2434
1417 2435
364 2436
2370 2437
1615 2438
405 2439
261 2440
621 2441
2003 2442
1941 2443
1460 2444
1648 2445
1386 2446
1262 2447
2353 2448
1075 2449
150 2450
2143 2451
718 2452
507 2453
912 2454
505 2455
2332 2456
357 2457
812 2458
1872 2459
2189 2460
1139 2461
2382 2462
1697 2463
1168 2464
2199 2465
220 2466
2053 2467
174 2468
1198 2469
753 2470
344 2471
369 2472
1101 2473
148 2474
1911 2475
2379 2476
981 2477
1926 2478
158 2479
636 2480
1231 2481
308 2482
1109 2483
2053 2484
2275 2485
138 2486
1946 2487
1870 2488
2383 2489
166 2490
867 2491
48 2492
763 2493
910 2494
924 2495
24 2496
112 2497
1548 2498
820 2499
1070 2500
1650 2501
1896 2502
1849 2503
2117 2504
355 2505
1787 2506
1029 2507
1851 2508
1543 2509
463 2510
1035 2511
2244 2512
2071 2513
2148 2514
815 2515
455 2516
895 2517
423 2518
1791 2519
726 2520
1901 2521
470 2522
565 2523
1540 2524
484 2525
1136 2526
1562 2527
2464 2528
1324 2529
1835 2530
1426 2531
1045 2532
424 2533
2308 2534
15 2535
93 2536
544 2537
1096 2538
807 2539
1478 2540
2284 2541
2528 2542
202 2543
340 2544
2072 2545
2238 2546
305 2547
1945 2548
717 2549
1427 2550
2246 2551
1860 2552
1287 2553
1626 2554
2241 2555
2550 2556
2463 2557
1110 2558
2241 2559
1810 2560
195 2561
1577 2562
563 2563
2038 2564
1069 2565
1223 2566
967 2567
1911 2568
1837 2569
1020 2570
2524 2571
2487 2572
2058 2573
219 2574
1363 2575
2173 2576
390 2577
57 2578
28 2579
1492 2580
410 2581
1871 2582
1859 2583
1398 2584
2035 2585
2524 2586
2229 2587
2491 2588
35 2589
1044 2590
491 2591
744 2592
2 2593
472 2594
2112 2595
2348 2596
451 2597
644 2598
490 2599
815 2600
1618 2601
722 2602
2390 2603
380 2604
456 2605
1600 2606
1118 2607
2017 2608
1271 2609
1966 2610
1573 2611
249 2612
820 2613
1822 2614
540 2615
1129 2616
2410 2617
1302 2618
1790 2619
1566 2620
2339 2621
2021 2622
1835 2623
1218 2624
1930 2625
2158 2626
1734 2627
2341 2628
497 2629
2114 2630
2495 2631
1701 2632
1804 2633
2338 2634
580 2635
255 2636
2363 2637
1823 2638
2437 2639
790 2640
1084 2641
421 2642
1295 2643
978 2644
1702 2645
150 2646
800 2647
2374 2648
1695 2649
1394 2650
2353 2651
286 2652
1810 2653
2182 2654
137 2655
83 2656
2204 2657
752 2658
937 2659
1759 2660
1835 2661
891 2662
174 2663
861 2664
299 2665
638 2666
170 2667
914 2668
2518 2669
750 2670
1583 2671
1961 2672
967 2673
2256 2674
573 2675
789 2676
1942 2677
1814 2678
645 2679
1706 2680
1787 2681
1975 2682
481 2683
2375 2684
675 2685
2092 2686
2565 2687
463 2688
1835 2689
1822 2690
1766 2691
312 2692
286 2693
2238 2694
2570 2695
1681 2696
2232 2697
2087 2698
234 2699
2524 2700
349 2701
2172 2702
1980 2703
2359 2704
1797 2705
2031 2706
2679 2707
1810 2708
876 2709
1196 2710
263 2711
358 2712
626 2713
1373 2714
2332 2715
532 2716
925 2717
598 2718
1584 2719
1416 2720
643 2721
48 2722
2271 2723
2014 2724
310 2725
1161 2726
1492 2727
2667 2728
1966 2729
2286 2730
205 2731
1582 2732
1931 2733
914 2734
1792 2735
1208 2736
2697 2737
269 2738
1306 2739
1652 2740
2420 2741
1099 2742
2233 2743
2704 2744
2327 2745
1745 2746
1895 2747
2693 2748
2078 2749
2716 2750
1720 2751
1145 2752
167 2753
67 2754
963 2755
1762 2756
1516 2757
892 2758
2138 2759
1753 2760
122 2761
1027 2762
2294 2763
2247 2764
388 2765
2610 2766
2694 2767
31 2768
657 2769
2437 2770
807 2771
447 2772
358 2773
709 2774
2425 2775
761 2776
2508 2777
2597 2778
2309 2779
336 2780
1902 2781
1309 2782
1943 2783
1599 2784
1676 2785
1677 2786
1458 2787
322 2788
901 2789
893 2790
1533 2791
1779 2792
961 2793
163 2794
2343 2795
856 2796
1217 2797
2293 2798
461 2799
1135 2800
1314 2801
1213 2802
889 2803
1504 2804
2101 2805
19 2806
2661 2807
349 2808
87 2809
2612 2810
337 2811
2673 2812
2604 2813
144 2814
2522 2815
1320 2816
779 2817
1505 2818
1964 2819
1258 2820
1863 2821
252 2822
1968 2823
687 2824
679 2825
3 2826
2320 2827
434 2828
2624 2829
658 2830
2392 2831
919 2832
1474 2833
2712 2834
1619 2835
2332 2836
263 2837
2268 2838
2659 2839
154 2840
784 2841
754 2842
2083 2843
2075 2844
2028 2845
1155 2846
765 2847
366 2848
2002 2849
449 2850
911 2851
239 2852
1135 2853
439 2854
706 2855
62 2856
1917 2857
1723 2858
2017 2859
695 2860
510 2861
669 2862
193 2863
279 2864
2565 2865
2540 2866
1919 2867
1364 2868
1774 2869
747 2870
990 2871
2619 2872
1116 2873
2487 2874
2329 2875
1283 2876
281 2877
2749 2878
1860 2879
600 2880
1233 2881
172 2882
804 2883
89 2884
1014 2885
1332 2886
1567 2887
2140 2888
2523 2889
1128 2890
1650 2891
128 2892
2449 2893
1795 2894
1614 2895
2025 2896
1945 2897
2205 2898
2409 2899
24 2900
1668 2901
2788 2902
2341 2903
1858 2904
1044 2905
934 2906
1619 2907
2342 2908
2316 2909
2407 2910
971 2911
1586 2912
740 2913
667 2914
2664 2915
9 2916
141 2917
2479 2918
2814 2919
2237 2920
2422 2921
2804 2922
1776 2923
532 2924
2406 2925
1205 2926
1492 2927
1866 2928
1012 2929
2412 2930
1401 2931
2291 2932
786 2933
565 2934
1354 2935
858 2936
1306 2937
584 2938
2433 2939
1922 2940
1046 2941
1136 2942
838 2943
2676 2944
1854 2945
1651 2946
1049 2947
2575 2948
1603 2949
327 2950
94 2951
1092 2952
1323 2953
1167 2954
2582 2955
183 2956
299 2957
1145 2958
2082 2959
1581 2960
2557 2961
1279 2962
1619 2963
1075 2964
354 2965
124 2966
2518 2967
1088 2968
1719 2969
2641 2970
2415 2971
2966 2972
1940 2973
1205 2974
666 2975
13 2976
2492 2977
1496 2978
1529 2979
1245 2980
1822 2981
2370 2982
1696 2983
415 2984
955 2985
2731 2986
134 2987
1042 2988
2022 2989
634 2990
2130 2991
2097 2992
1274 2993
2044 2994
473 2995
2847 2996
2695 2997
348 2998
2227 2999
468 3000
254 3001
2567 3002
1296 3003
2747 3004
1274 3005
753 3006
1974 3007
879 3008
1980 3009
110 3010
546 3011
2509 3012
443 3013
2664 3014
2253 3015
717 3016
1652 3017
369 3018
2933 3019
1142 3020
38 3021
799 3022
1537 3023
951 3024
1228 3025
1948 3026
1839 3027
273 3028
56 3029
993 3030
1701 3031
1257 3032
143 3033
1345 3034
1811 3035
922 3036
1785 3037
760 3038
494 3039
1747 3040
2362 3041
2115 3042
395 3043
1930 3044
2680 3045
1286 3046
1624 3047
1811 3048
564 3049
1476 3050
2833 3051
973 3052
3007 3053
2143 3054
1060 3055
357 3056
2569 3057
1651 3058
1012 3059
233 3060
742 3061
1228 3062
1597 3063
508 3064
898 3065
689 3066
2963 3067
2551 3068
2121 3069
368 3070
3017 3071
1554 3072
119 3073
2125 3074
2551 3075
849 3076
853 3077
1573 3078
926 3079
1673 3080
1444 3081
2795 3082
1216 3083
1830 3084
2585 3085
539 3086
111 3087
1885 3088
2762 3089
809 3090
1211 3091
2594 3092
2966 3093
2818 3094
1025 3095
196 3096
127 3097
2670 3098
1695 3099
2556 3100
925 3101
2964 3102
227 3103
2879 3104
1998 3105
2742 3106
2863 3107
324 3108
2007 3109
1103 3110
1347 3111
1059 3112
785 3113
2007 3114
2859 3115
2250 3116
2633 3117
1420 3118
790 3119
46 3120
1526 3121
1661 3122
2103 3123
3093 3124
152 3125
207 3126
2271 3127
2816 3128
1612 3129
3007 3130
2840 3131
646 3132
624 3133
2786 3134
2233 3135
1295 3136
170 3137
2498 3138
1080 3139
1158 3140
432 3141
3029 3142
2510 3143
1689 3144
1882 3145
2067 3146
1817 3147
1188 3148
1443 3149
1802 3150
1935 3151
2909 3152
2653 3153
1081 3154
182 3155
2556 3156
1607 3157
1043 3158
2583 3159
3020 3160
1101 3161
100 3162
789 3163
1327 3164
2601 3165
2120 3166
2295 3167
2852 3168
1508 3169
2862 3170
516 3171
1232 3172
1226 3173
2122 3174
1982 3175
2079 3176
485 3177
2230 3178
2526 3179
1907 3180
1620 3181
2031 3182
2178 3183
290 3184
2803 3185
213 3186
1336 3187
58 3188
294 3189
543 3190
2581 3191
1118 3192
2999 3193
769 3194
559 3195
3010 3196
1909 3197
362 3198
1049 3199
3078 3200
2750 3201
2978 3202
527 3203
849 3204
1310 3205
560 3206
2661 3207
1486 3208
1618 3209
1611 3210
99 3211
1955 3212
2854 3213
3203 3214
2398 3215
1552 3216
140 3217
1884 3218
2996 3219
3084 3220
1772 3221
2420 3222
771 3223
362 3224
3130 3225
982 3226
1176 3227
2429 3228
924 3229
1256 3230
3111 3231
2021 3232
1496 3233
951 3234
2853 3235
233 3236
3071 3237
3000 3238
504 3239
275 3240
856 3241
2639 3242
2913 3243
152 3244
173 3245
1399 3246
1087 3247
2848 3248
506 3249
1575 3250
2244 3251
952 3252
1712 3253
419 3254
754 3255
654 3256
1262 3257
253 3258
3107 3259
2090 3260
1400 3261
1352 3262
1972 3263
2002 3264
1579 3265
514 3266
499 3267
205 3268
1804 3269
2758 3270
1158 3271
1337 3272
2809 3273
3001 3274
665 3275
936 3276
404 3277
1993 3278
2481 3279
2296 3280
879 3281
2111 3282
2549 3283
276 3284
2558 3285
395 3286
851 3287
3282 3288
1593 3289
1575 3290
3016 3291
1307 3292
2458 3293
1601 3294
1738 3295
159 3296
336 3297
2168 3298
658 3299
33 3300
3287 3301
1795 3302
1678 3303
117 3304
1660 3305
1382 3306
150 3307
1373 3308
2115 3309
2592 3310
1226 3311
970 3312
55 3313
1914 3314
426 3315
1124 3316
2590 3317
2741 3318
107 3319
281 3320
464 3321
1977 3322
1079 3323
531 3324
2341 3325
2365 3326
2381 3327
701 3328
1569 3329
2558 3330
635 3331
1068 3332
67 3333
492 3334
322 3335
597 3336
3296 3337
1833 3338
997 3339
1757 3340
2501 3341
964 3342
656 3343
216 3344
389 3345
3028 3346
3217 3347
3244 3348
200 3349
1954 3350
1174 3351
3315 3352
2997 3353
2884 3354
143 3355
2010 3356
2212 3357
650 3358
270 3359
3015 3360
1103 3361
2246 3362
1283 3363
2893 3364
895 3365
558 3366
126 3367
1171 3368
13 3369
1875 3370
2973 3371
1888 3372
452 3373
1937 3374
443 3375
2571 3376
2556 3377
902 3378
692 3379
1006 3380
1201 3381
1098 3382
663 3383
1757 3384
878 3385
624 3386
1063 3387
523 3388
652 3389
2258 3390
1347 3391
2157 3392
5 3393
2406 3394
2277 3395
905 3396
1579 3397
2321 3398
1577 3399
1956 3400
2403 3401
795 3402
1259 3403
2138 3404
2147 3405
1497 3406
236 3407
1730 3408
2593 3409
820 3410
458 3411
541 3412
712 3413
3188 3414
173 3415
1939 3416
616 3417
3280 3418
2097 3419
2015 3420
581 3421
1890 3422
3315 3423
841 3424
233 3425
2016 3426
1827 3427
2998 3428
617 3429
3173 3430
3208 3431
1788 3432
719 3433
2173 3434
1936 3435
3004 3436
1828 3437
2398 3438
2081 3439
2143 3440
2706 3441
147 3442
3035 3443
3380 3444
3241 3445
2551 3446
1694 3447
2520 3448
97 3449
3139 3450
1146 3451
2361 3452
1586 3453
576 3454
12 3455
1427 3456
2273 3457
3013 3458
11 3459
513 3460
2103 3461
1418 3462
2080 3463
933 3464
2901 3465
3009 3466
1965 3467
672 3468
1615 3469
1323 3470
2738 3471
2398 3472
1718 3473
2488 3474
2696 3475
139 3476
1565 3477
2182 3478
1562 3479
3296 3480
303 3481
1313 3482
1548 3483
117 3484
2482 3485
1697 3486
793 3487
2045 3488
2168 3489
967 3490
2155 3491
2462 3492
3267 3493
950 3494
2952 3495
1916 3496
2137 3497
2529 3498
1440 3499
2215 3500
2821 3501
1390 3502
2350 3503
714 3504
2886 3505
1046 3506
2306 3507
66 3508
3303 3509
1875 3510
2392 3511
684 3512
2401 3513
3353 3514
2115 3515
1143 3516
179 3517
3266 3518
904 3519
3297 3520
280 3521
239 3522
2900 3523
245 3524
941 3525
359 3526
2102 3527
1308 3528
1145 3529
1827 3530
1733 3531
592 3532
1597 3533
1014 3534
1292 3535
2230 3536
3362 3537
1392 3538
664 3539
981 3540
1232 3541
833 3542
1959 3543
2268 3544
1369 3545
1024 3546
1935 3547
2465 3548
2333 3549
3158 3550
3309 3551
2254 3552
138 3553
3371 3554
2695 3555
2496 3556
2508 3557
3462 3558
1043 3559
1295 3560
3225 3561
410 3562
3169 3563
40 3564
186 3565
1621 3566
3072 3567
1574 3568
2105 3569
1369 3570
640 3571
1658 3572
3542 3573
1694 3574
1675 3575
2110 3576
1349 3577
1151 3578
1531 3579
1350 3580
61 3581
1249 3582
722 3583
1345 3584
1462 3585
721 3586
980 3587
2398 3588
23 3589
2042 3590
1881 3591
2204 3592
2976 3593
829 3594
2277 3595
2857 3596
1109 3597
1044 3598
1380 3599
649 3600
1315 3601
700 3602
842 3603
1421 3604
42 3605
3346 3606
1612 3607
3499 3608
1274 3609
216 3610
906 3611
1223 3612
1797 3613
1782 3614
1345 3615
2869 3616
1267 3617
1647 3618
1451 3619
884 3620
1770 3621
1318 3622
3558 3623
2005 3624
3589 3625
3328 3626
3286 3627
2116 3628
2976 3629
827 3630
1599 3631
632 3632
3440 3633
192 3634
3060 3635
1756 3636
1582 3637
688 3638
1095 3639
3471 3640
436 3641
1000 3642
489 3643
1937 3644
3325 3645
61 3646
3508 3647
632 3648
3628 3649
86 3650
1315 3651
1881 3652
1334 3653
1950 3654
3115 3655
2566 3656
675 3657
1253 3658
3294 3659
884 3660
2210 3661
3181 3662
3205 3663
3564 3664
1930 3665
823 3666
3321 3667
2846 3668
2297 3669
2829 3670
3491 3671
326 3672
212 3673
1923 3674
1519 3675
976 3676
710 3677
3358 3678
277 3679
1553 3680
1835 3681
2170 3682
1138 3683
1699 3684
1969 3685
2002 3686
2371 3687
3535 3688
951 3689
457 3690
3304 3691
2402 3692
2613 3693
3126 3694
2555 3695
2609 3696
296 3697
838 3698
1815 3699
2192 3700
2580 3701
1481 3702
2482 3703
264 3704
776 3705
663 3706
628 3707
3356 3708
2632 3709
3637 3710
1648 3711
1241 3712
1263 3713
611 3714
3099 3715
3226 3716
2084 3717
349 3718
1773 3719
2199 3720
241 3721
1192 3722
2773 3723
3603 3724
1641 3725
2855 3726
883 3727
1528 3728
1900 3729
3129 3730
1561 3731
479 3732
3461 3733
198 3734
2177 3735
3440 3736
2489 3737
1714 3738
387 3739
807 3740
3193 3741
1455 3742
3420 3743
650 3744
3526 3745
3510 3746
1326 3747
530 3748
2482 3749
3675 3750
1338 3751
1868 3752
968 3753
1024 3754
298 3755
3721 3756
1 3757
32 3758
2090 3759
977 3760
3471 3761
2194 3762
905 3763
1897 3764
2091 3765
2962 3766
3455 3767
2679 3768
1471 3769
298 3770
548 3771
2099 3772
2817 3773
340 3774
1658 3775
3617 3776
1174 3777
2096 3778
2658 3779
3340 3780
543 3781
1075 3782
3219 3783
3233 3784
3662 3785
2284 3786
2503 3787
3751 3788
3560 3789
2940 3790
564 3791
2640 3792
900 3793
2488 3794
261 3795
1869 3796
206 3797
2069 3798
2085 3799
839 3800
2431 3801
3338 3802
840 3803
2066 3804
1270 3805
1328 3806
2642 3807
3448 3808
532 3809
3804 3810
1251 3811
3733 3812
3412 3813
506 3814
294 3815
2651 3816
3230 3817
84 3818
3198 3819
16 3820
2090 3821
3722 3822
2216 3823
3671 3824
1686 3825
1196 3826
2616 3827
1475 3828
2229 3829
928 3830
1856 3831
1359 3832
1610 3833
3346 3834
807 3835
874 3836
1412 3837
3369 3838
987 3839
3093 3840
2096 3841
2318 3842
2875 3843
192 3844
974 3845
3228 3846
1996 3847
187 3848
1131 3849
190 3850
3757 3851
2239 3852
625 3853
3130 3854
2704 3855
943 3856
2018 3857
318 3858
718 3859
2147 3860
461 3861
839 3862
1360 3863
3067 3864
3576 3865
3019 3866
3416 3867
69 3868
1969 3869
1950 3870
121 3871
1583 3872
2017 3873
180 3874
1664 3875
3172 3876
3755 3877
1702 3878
3828 3879
275 3880
2590 3881
10 3882
3357 3883
3843 3884
3433 3885
148 3886
3817 3887
308 3888
634 3889
238 3890
2809 3891
10 3892
1017 3893
1213 3894
621 3895
1934 3896
1214 3897
2114 3898
1171 3899
1544 3900
2121 3901
3139 3902
601 3903
165 3904
126 3905
3708 3906
232 3907
59 3908
3402 3909
3605 3910
3688 3911
1583 3912
815 3913
796 3914
796 3915
1167 3916
1210 3917
2374 3918
2583 3919
2844 3920
2469 3921
3589 3922
938 3923
1884 3924
3411 3925
753 3926
393 3927
178 3928
7 3929
2704 3930
2385 3931
1773 3932
2181 3933
2974 3934
527 3935
3726 3936
624 3937
777 3938
3311 3939
2880 3940
1543 3941
821 3942
2684 3943
2856 3944
1533 3945
2109 3946
2119 3947
1879 3948
1337 3949
3333 3950
1801 3951
2792 3952
126 3953
2697 3954
2716 3955
501 3956
642 3957
170 3958
3205 3959
280 3960
1884 3961
634 3962
1436 3963
3699 3964
2352 3965
611 3966
2489 3967
164 3968
1117 3969
283 3970
2974 3971
3733 3972
384 3973
591 3974
3401 3975
64 3976
2292 3977
1793 3978
35 3979
3755 3980
2319 3981
1503 3982
3868 3983
58 3984
74 3985
3258 3986
2298 3987
318 3988
470 3989
3511 3990
1022 3991
2197 3992
820 3993
3426 3994
3528 3995
2186 3996
1207 3997
3837 3998
1962 3999
257 4000
318 4001
2448 4002
1577 4003
3501 4004
3005 4005
168 4006
4001 4007
2800 4008
267 4009
3228 4010
624 4011
3190 4012
1645 4013
247 4014
3046 4015
1821 4016
3003 4017
1166 4018
299 4019
1594 4020
1173 4021
3460 4022
533 4023
3229 4024
1189 4025
715 4026
559 4027
5 4028
2289 4029
3437 4030
1935 4031
1609 4032
3186 4033
3998 4034
1607 4035
2403 4036
3906 4037
477 4038
2813 4039
3226 4040
3213 4041
3967 4042
2797 4043
1825 4044
318 4045
547 4046
3596 4047
1276 4048
516 4049
3647 4050
3722 4051
3565 4052
811 4053
2227 4054
1227 4055
2850 4056
3618 4057
822 4058
2844 4059
3466 4060
3914 4061
1943 4062
2159 4063
3162 4064
1697 4065
770 4066
869 4067
1957 4068
2021 4069
3792 4070
3043 4071
3774 4072
2424 4073
1145 4074
3826 4075
3505 4076
4006 4077
388 4078
3083 4079
3369 4080
566 4081
1449 4082
1925 4083
2263 4084
2828 4085
2843 4086
2854 4087
1720 4088
3004 4089
3177 4090
2438 4091
1850 4092
298 4093
807 4094
3730 4095
281 4096
922 4097
745 4098
1807 4099
1932 4100
2326 4101
1703 4102
1505 4103
3754 4104
2069 4105
1916 4106
310 4107
2393 4108
3488 4109
3113 4110
2303 4111
577 4112
771 4113
3674 4114
1562 4115
3608 4116
2973 4117
3313 4118
390 4119
1584 4120
1509 4121
3273 4122
3614 4123
3132 4124
731 4125
759 4126
622 4127
413 4128
2826 4129
2998 4130
39 4131
2316 4132
1940 4133
1172 4134
207 4135
1342 4136
491 4137
1696 4138
2304 4139
1751 4140
2477 4141
237 4142
1977 4143
508 4144
4124 4145
672 4146
2501 4147
3492 4148
1472 4149
2089 4150
1798 4151
1410 4152
2559 4153
2638 4154
989 4155
1307 4156
656 4157
3005 4158
3381 4159
718 4160
2076 4161
611 4162
3881 4163
180 4164
2050 4165
3941 4166
4016 4167
2994 4168
881 4169
943 4170
2250 4171
2599 4172
520 4173
3371 4174
2505 4175
479 4176
4140 4177
1554 4178
2842 4179
2718 4180
2674 4181
2633 4182
3856 4183
2877 4184
4091 4185
3485 4186
1188 4187
415 4188
2118 4189
3711 4190
2946 4191
3698 4192
622 4193
4123 4194
1371 4195
134 4196
3152 4197
2305 4198
3613 4199
3012 4200
761 4201
2295 4202
1279 4203
292 4204
702 4205
6 4206
2879 4207
846 4208
2893 4209
1904 4210
3680 4211
2276 4212
1342 4213
658 4214
645 4215
2887 4216
152 4217
2523 4218
2056 4219
3730 4220
2916 4221
3983 4222
2686 4223
47 4224
1143 4225
337 4226
4083 4227
4096 4228
1515 4229
3167 4230
290 4231
635 4232
705 4233
186 4234
3194 4235
2463 4236
1470 4237
1955 4238
3182 4239
2445 4240
4006 4241
1575 4242
3077 4243
805 4244
220 4245
1878 4246
2001 4247
1129 4248
2824 4249
1720 4250
1851 4251
3834 4252
331 4253
2566 4254
3585 4255
742 4256
1525 4257
3577 4258
2822 4259
1461 4260
571 4261
1829 4262
1847 4263
84 4264
3929 4265
4113 4266
3114 4267
2437 4268
2831 4269
1689 4270
3109 4271
2322 4272
1491 4273
2358 4274
1701 4275
1350 4276
888 4277
3230 4278
2844 4279
3070 4280
899 4281
1517 4282
1966 4283
3764 4284
556 4285
101 4286
4071 4287
29 4288
898 4289
3486 4290
1274 4291
2534 4292
2759 4293
1974 4294
60 4295
3351 4296
703 4297
2835 4298
1588 4299
758 4300
3252 4301
2396 4302
3833 4303
2050 4304
2725 4305
3840 4306
1965 4307
3408 4308
2779 4309
3108 4310
1137 4311
624 4312
279 4313
3833 4314
3954 4315
2510 4316
1484 4317
3801 4318
3074 4319
1447 4320
4274 4321
1541 4322
1134 4323
3544 4324
1188 4325
2841 4326
4226 4327
923 4328
1026 4329
2089 4330
3885 4331
3975 4332
2066 4333
301 4334
2412 4335
1870 4336
3386 4337
2026 4338
74 4339
3861 4340
3558 4341
610 4342
3694 4343
56 4344
815 4345
3917 4346
319 4347
2188 4348
1160 4349
760 4350
4263 4351
423 4352
916 4353
3365 4354
806 4355
2223 4356
2865 4357
2464 4358
2361 4359
3645 4360
623 4361
2191 4362
1829 4363
3177 4364
4023 4365
2698 4366
1059 4367
3340 4368
3395 4369
2237 4370
779 4371
512 4372
2634 4373
3150 4374
4112 4375
2988 4376
2642 4377
2482 4378
2234 4379
367 4380
3168 4381
2524 4382
1090 4383
823 4384
1253 4385
609 4386
110 4387
252 4388
2917 4389
492 4390
747 4391
1843 4392
1869 4393
1015 4394
3959 4395
1351 4396
1187 4397
2495 4398
874 4399
231 4400
2713 4401
1816 4402
426 4403
1258 4404
4222 4405
343 4406
4198 4407
1351 4408
149 4409
2269 4410
958 4411
3008 4412
1631 4413
3207 4414
396 4415
2834 4416
277 4417
1888 4418
3838 4419
3440 4420
1629 4421
3470 4422
1417 4423
1857 4424
2291 4425
3283 4426
1328 4427
2616 4428
4130 4429
4231 4430
2037 4431
946 4432
2767 4433
1519 4434
1376 4435
1953 4436
385 4437
2761 4438
389 4439
2416 4440
2129 4441
904 4442
4437 4443
2874 4444
1341 4445
716 4446
3630 4447
1089 4448
258 4449
1817 4450
3849 4451
413 4452
3220 4453
473 4454
3649 4455
3320 4456
1436 4457
2788 4458
2183 4459
2755 4460
3437 4461
2256 4462
2348 4463
162 4464
2061 4465
1457 4466
2630 4467
964 4468
3953 4469
481 4470
845 4471
3553 4472
2266 4473
3882 4474
685 4475
2675 4476
2562 4477
4044 4478
2699 4479
1448 4480
596 4481
780 4482
653 4483
764 4484
4136 4485
2272 4486
990 4487
135 4488
958 4489
3464 4490
4397 4491
1668 4492
2566 4493
1016 4494
2864 4495
4355 4496
4354 4497
887 4498
4073 4499
1834 4500
1491 4501
1661 4502
401 4503
3214 4504
2883 4505
4014 4506
2448 4507
3352 4508
4183 4509
3037 4510
4157 4511
35 4512
2681 4513
4314 4514
2061 4515
1179 4516
3019 4517
3457 4518
1284 4519
1901 4520
4088 4521
2545 4522
3542 4523
2026 4524
644 4525
256 4526
2463 4527
3515 4528
3474 4529
290 4530
4355 4531
299 4532
776 4533
1214 4534
2334 4535
4400 4536
564 4537
2840 4538
3850 4539
1122 4540
4343 4541
1280 4542
3660 4543
1133 4544
2825 4545
3980 4546
1485 4547
4519 4548
1392 4549
3245 4550
623 4551
1528 4552
649 4553
3184 4554
903 4555
2353 4556
879 4557
3923 4558
3781 4559
2122 4560
544 4561
3790 4562
2033 4563
4111 4564
364 4565
4033 4566
2010 4567
2009 4568
1476 4569
2797 4570
91 4571
305 4572
2742 4573
2801 4574
2616 4575
2227 4576
3692 4577
1087 4578
476 4579
1667 4580
1259 4581
350 4582
571 4583
76 4584
1332 4585
1559 4586
8 4587
2585 4588
1251 4589
3202 4590
130 4591
3474 4592
709 4593
2649 4594
1695 4595
2174 4596
3126 4597
209 4598
3646 4599
3243 4600
4435 4601
3995 4602
3185 4603
4464 4604
272 4605
4472 4606
2072 4607
2742 4608
2592 4609
3348 4610
2553 4611
3076 4612
3014 4613
2502 4614
4218 4615
3762 4616
1649 4617
309 4618
4484 4619
1901 4620
197 4621
1949 4622
4374 4623
110 4624
1810 4625
3027 4626
40 4627
791 4628
237 4629
4012 4630
1734 4631
1046 4632
1294 4633
36 4634
2047 4635
4381 4636
1663 4637
1982 4638
1840 4639
2222 4640
474 4641
1753 4642
3713 4643
2337 4644
2544 4645
2175 4646
1756 4647
1489 4648
927 4649
2503 4650
2430 4651
4287 4652
1418 4653
270 4654
4113 4655
37 4656
880 4657
2237 4658
1489 4659
1267 4660
4249 4661
1735 4662
3080 4663
1569 4664
3016 4665
2883 4666
1557 4667
3027 4668
2259 4669
437 4670
230 4671
692 4672
3384 4673
4399 4674
2058 4675
4201 4676
1823 4677
3684 4678
1058 4679
1020 4680
181 4681
994 4682
1784 4683
4124 4684
2964 4685
4514 4686
821 4687
3151 4688
2848 4689
923 4690
3263 4691
1064 4692
643 4693
2454 4694
1359 4695
3442 4696
932 4697
64 4698
1501 4699
2536 4700
2155 4701
806 4702
2250 4703
3088 4704
3625 4705
4147 4706
134 4707
1772 4708
4263 4709
4534 4710
1213 4711
1746 4712
1122 4713
3431 4714
1174 4715
4116 4716
2492 4717
3197 4718
4108 4719
3637 4720
4325 4721
2538 4722
920 4723
2899 4724
1593 4725
703 4726
2538 4727
4684 4728
3527 4729
4585 4730
1710 4731
4462 4732
2462 4733
1238 4734
4383 4735
1904 4736
4004 4737
2638 4738
669 4739
417 4740
3359 4741
2837 4742
2603 4743
738 4744
3423 4745
4501 4746
915 4747
1459 4748
2688 4749
742 4750
4159 4751
1396 4752
3120 4753
3155 4754
783 4755
1197 4756
4684 4757
4450 4758
1358 4759
2924 4760
1269 4761
2609 4762
310 4763
1999 4764
2485 4765
3340 4766
1149 4767
1775 4768
4273 4769
131 4770
1370 4771
4770 4772
661 4773
2765 4774
1364 4775
3117 4776
276 4777
1401 4778
4384 4779
22 4780
31 4781
2324 4782
149 4783
1689 4784
4649 4785
2398 4786
3697 4787
2006 4788
529 4789
3973 4790
4108 4791
2179 4792
1458 4793
966 4794
444 4795
1368 4796
2963 4797
749 4798
2936 4799
1650 4800
1964 4801
2581 4802
1366 4803
2240 4804
1122 4805
2362 4806
2071 4807
3081 4808
4436 4809
4336 4810
972 4811
2028 4812
2341 4813
2048 4814
4619 4815
199 4816
1247 4817
155 4818
4396 4819
3219 4820
3062 4821
863 4822
4799 4823
3230 4824
523 4825
4081 4826
1065 4827
2996 4828
2289 4829
833 4830
2251 4831
420 4832
4671 4833
3014 4834
4772 4835
835 4836
1903 4837
2645 4838
2563 4839
4004 4840
3373 4841
2211 4842
838 4843
2516 4844
3500 4845
801 4846
1761 4847
3856 4848
3345 4849
1657 4850
928 4851
2374 4852
4541 4853
1804 4854
562 4855
886 4856
512 4857
1953 4858
1 4859
2010 4860
461 4861
492 4862
4651 4863
402 4864
4274 4865
669 4866
1697 4867
2211 4868
2425 4869
2209 4870
1922 4871
2249 4872
4185 4873
2629 4874
627 4875
4233 4876
3855 4877
3818 4878
1506 4879
1333 4880
221 4881
2794 4882
3677 4883
4506 4884
1091 4885
3295 4886
1796 4887
3659 4888
2581 4889
2484 4890
4345 4891
2499 4892
1534 4893
4594 4894
688 4895
3195 4896
2152 4897
4407 4898
1014 4899
4109 4900
2637 4901
3060 4902
3827 4903
213 4904
4683 4905
3563 4906
4673 4907
2457 4908
2589 4909
3969 4910
2147 4911
2948 4912
2705 4913
2638 4914
57 4915
3598 4916
4467 4917
2707 4918
2155 4919
3448 4920
3161 4921
2539 4922
3470 4923
4799 4924
3218 4925
807 4926
696 4927
2817 4928
4554 4929
2181 4930
2145 4931
3594 4932
2516 4933
1581 4934
4434 4935
3883 4936
4907 4937
366 4938
3813 4939
1048 4940
2793 4941
1524 4942
4494 4943
4451 4944
727 4945
3459 4946
2338 4947
2519 4948
4777 4949
1529 4950
3730 4951
2436 4952
2553 4953
2795 4954
4551 4955
4577 4956
923 4957
2760 4958
3415 4959
1089 4960
4813 4961
3311 4962
3357 4963
39 4964
1290 4965
3001 4966
3102 4967
4057 4968
2056 4969
4763 4970
26 4971
1087 4972
88 4973
567 4974
3402 4975
2213 4976
578 4977
40 4978
3000 4979
860 4980
818 4981
2298 4982
3336 4983
343 4984
473 4985
4858 4986
544 4987
1143 4988
3614 4989
3355 4990
220 4991
578 4992
4076 4993
1669 4994
2400 4995
3441 4996
1858 4997
857 4998
2601 4999
2820 5000
1556 5001
4655 5002
1236 5003
3216 5004
3780 5005
3396 5006
560 5007
4713 5008
2341 5009
3512 5010
320 5011
2647 5012
1818 5013
2872 5014
1100 5015
2534 5016
3065 5017
231 5018
3475 5019
2823 5020
2452 5021
2891 5022
4650 5023
499 5024
2237 5025
3994 5026
490 5027
977 5028
1419 5029
3169 5030
746 5031
1944 5032
4019 5033
4906 5034
304 5035
1349 5036
1645 5037
2563 5038
4256 5039
3496 5040
3928 5041
4403 5042
2329 5043
2367 5044
2272 5045
657 5046
4058 5047
4092 5048
4577 5049
4220 5050
1447 5051
313 5052
1871 5053
4367 5054
1072 5055
150 5056
4392 5057
985 5058
2920 5059
1537 5060
885 5061
4931 5062
4928 5063
1932 5064
1779 5065
202 5066
1089 5067
3567 5068
596 5069
1052 5070
2451 5071
4005 5072
2620 5073
902 5074
672 5075
4372 5076
2758 5077
4613 5078
1443 5079
4117 5080
3085 5081
529 5082
4733 5083
2099 5084
1070 5085
3861 5086
4061 5087
1251 5088
3184 5089
2361 5090
846 5091
964 5092
965 5093
3723 5094
2963 5095
4319 5096
121 5097
3462 5098
3329 5099
1499 5100
4140 5101
1414 5102
4936 5103
1111 5104
4932 5105
125 5106
120 5107
2518 5108
4746 5109
4689 5110
4411 5111
246 5112
2419 5113
492 5114
2404 5115
2918 5116
3446 5117
4436 5118
483 5119
968 5120
534 5121
4464 5122
3501 5123
3235 5124
3313 5125
625 5126
4305 5127
3090 5128
273 5129
1313 5130
4297 5131
3765 5132
4307 5133
4788 5134
3517 5135
4427 5136
1853 5137
2057 5138
3902 5139
3264 5140
2160 5141
960 5142
145 5143
1314 5144
497 5145
2930 5146
2738 5147
1599 5148
3850 5149
5097 5150
3618 5151
1340 5152
859 5153
1000 5154
2350 5155
3464 5156
1290 5157
3190 5158
598 5159
1299 5160
4962 5161
553 5162
2546 5163
4907 5164
3130 5165
610 5166
3023 5167
4762 5168
2628 5169
2146 5170
652 5171
2356 5172
916 5173
3823 5174
3269 5175
201 5176
4633 5177
2510 5178
3841 5179
40 5180
2007 5181
1683 5182
3057 5183
2068 5184
124 5185
2200 5186
1431 5187
4573 5188
4935 5189
938 5190
5008 5191
4875 5192
1214 5193
3322 5194
4054 5195
891 5196
4797 5197
1277 5198
4799 5199
229 5200
1564 5201
3921 5202
2774 5203
8 5204
3138 5205
508 5206
2723 5207
2995 5208
269 5209
2119 5210
380 5211
3987 5212
5156 5213
1514 5214
321 5215
4808 5216
2374 5217
2902 5218
571 5219
1842 5220
4092 5221
2209 5222
1285 5223
4166 5224
4935 5225
868 5226
2028 5227
4984 5228
910 5229
5192 5230
275 5231
2010 5232
2536 5233
3681 5234
273 5235
5011 5236
4530 5237
3577 5238
447 5239
473 5240
2605 5241
2373 5242
329 5243
2314 5244
270 5245
909 5246
2612 5247
1146 5248
3980 5249
2267 5250
494 5251
562 5252
1880 5253
3129 5254
2025 5255
4842 5256
2955 5257
1579 5258
1312 5259
440 5260
4341 5261
4612 5262
4799 5263
3940 5264
3369 5265
3817 5266
4131 5267
4079 5268
2465 5269
745 5270
3873 5271
3886 5272
1215 5273
3988 5274
1054 5275
750 5276
5074 5277
740 5278
3136 5279
1837 5280
1922 5281
5075 5282
4108 5283
1461 5284
4940 5285
1051 5286
907 5287
3786 5288
4594 5289
3913 5290
1670 5291
4493 5292
4167 5293
582 5294
484 5295
834 5296
4760 5297
3342 5298
4266 5299
3662 5300
4232 5301
8 5302
948 5303
2017 5304
4398 5305
2205 5306
1016 5307
3934 5308
4214 5309
1651 5310
3719 5311
3723 5312
5023 5313
2671 5314
4521 5315
2503 5316
2899 5317
2271 5318
5055 5319
781 5320
2150 5321
3461 5322
4108 5323
2099 5324
1596 5325
4419 5326
2736 5327
1675 5328
2597 5329
2208 5330
4965 5331
3702 5332
1770 5333
4404 5334
850 5335
3180 5336
2094 5337
2978 5338
1963 5339
2768 5340
5281 5341
4230 5342
2436 5343
2990 5344
4987 5345
1976 5346
3161 5347
65 5348
1929 5349
3522 5350
2465 5351
4468 5352
1361 5353
3420 5354
1953 5355
4680 5356
1496 5357
2161 5358
5241 5359
1198 5360
4475 5361
4578 5362
965 5363
4467 5364
1790 5365
406 5366
3774 5367
636 5368
444 5369
5067 5370
3887 5371
4912 5372
4313 5373
387 5374
2801 5375
3294 5376
3810 5377
1626 5378
4932 5379
5378 5380
3606 5381
5259 5382
1425 5383
3043 5384
1210 5385
1420 5386
4904 5387
1132 5388
1744 5389
1063 5390
2798 5391
4229 5392
3184 5393
545 5394
926 5395
5311 5396
4281 5397
4264 5398
1264 5399
783 5400
353 5401
2380 5402
4645 5403
3567 5404
5125 5405
1742 5406
2169 5407
1823 5408
2539 5409
3878 5410
4373 5411
3715 5412
4556 5413
1201 5414
3074 5415
2845 5416
930 5417
1158 5418
3161 5419
3314 5420
2554 5421
1998 5422
1352 5423
4784 5424
4726 5425
5205 5426
1123 5427
2190 5428
4262 5429
2798 5430
4366 5431
4166 5432
804 5433
5325 5434
5314 5435
1121 5436
5357 5437
2061 5438
1128 5439
5295 5440
1668 5441
2949 5442
3497 5443
560 5444
558 5445
4957 5446
696 5447
187 5448
3787 5449
4236 5450
117 5451
619 5452
3653 5453
404 5454
5277 5455
2361 5456
2512 5457
85 5458
528 5459
1056 5460
3011 5461
2288 5462
3360 5463
2524 5464
3064 5465
4925 5466
2145 5467
20 5468
2888 5469
725 5470
3506 5471
587 5472
4716 5473
3502 5474
3404 5475
4181 5476
4741 5477
915 5478
1093 5479
3138 5480
3139 5481
1987 5482
2320 5483
4223 5484
2113 5485
3307 5486
272 5487
491 5488
2254 5489
3298 5490
3432 5491
1362 5492
5182 5493
2476 5494
3422 5495
3749 5496
4489 5497
1736 5498
5397 5499
1317 5500
3439 5501
3844 5502
3931 5503
3566 5504
1768 5505
3505 5506
3157 5507
5118 5508
3194 5509
1687 5510
485 5511
3481 5512
4326 5513
4701 5514
4748 5515
1964 5516
2603 5517
3112 5518
2891 5519
2077 5520
3567 5521
829 5522
314 5523
737 5524
1939 5525
5133 5526
3483 5527
500 5528
332 5529
4930 5530
4657 5531
2038 5532
3350 5533
2501 5534
4362 5535
2733 5536
5330 5537
1431 5538
2051 5539
3342 5540
1394 5541
806 5542
3995 5543
352 5544
2752 5545
2897 5546
1760 5547
4203 5548
3183 5549
1520 5550
3371 5551
3675 5552
1040 5553
5291 5554
3405 5555
2641 5556
5197 5557
2703 5558
1209 5559
3311 5560
1700 5561
987 5562
1644 5563
3563 5564
480 5565
2403 5566
1518 5567
4553 5568
3871 5569
4726 5570
248 5571
3466 5572
78 5573
2066 5574
4238 5575
3615 5576
3760 5577
1188 5578
5471 5579
5222 5580
4686 5581
1536 5582
427 5583
3105 5584
128 5585
2342 5586
4668 5587
5173 5588
5199 5589
611 5590
4253 5591
4861 5592
1795 5593
4912 5594
3446 5595
1006 5596
2929 5597
1784 5598
3317 5599
3718 5600
2797 5601
3352 5602
2562 5603
557 5604
3827 5605
1917 5606
4087 5607
2043 5608
4180 5609
4997 5610
4314 5611
691 5612
2196 5613
4718 5614
3532 5615
1908 5616
1729 5617
5181 5618
3445 5619
3067 5620
2743 5621
1765 5622
4191 5623
4731 5624
1485 5625
4876 5626
2342 5627
3978 5628
1263 5629
3761 5630
4114 5631
5550 5632
2585 5633
688 5634
3650 5635
3229 5636
521 5637
53 5638
5081 5639
3215 5640
3656 5641
3100 5642
3579 5643
4132 5644
5555 5645
4652 5646
1323 5647
2138 5648
95 5649
4863 5650
4131 5651
4231 5652
3600 5653
5486 5654
1925 5655
1111 5656
1448 5657
2942 5658
3478 5659
1941 5660
2892 5661
313 5662
4182 5663
4271 5664
4389 5665
3255 5666
5389 5667
5117 5668
2634 5669
3362 5670
1471 5671
2071 5672
4711 5673
4441 5674
2894 5675
3488 5676
496 5677
2095 5678
5631 5679
1371 5680
3833 5681
724 5682
39 5683
438 5684
2780 5685
4310 5686
2773 5687
122 5688
4659 5689
851 5690
3214 5691
2373 5692
182 5693
938 5694
1668 5695
3558 5696
1303 5697
2463 5698
2722 5699
1059 5700
4986 5701
3981 5702
957 5703
32 5704
4452 5705
4205 5706
5286 5707
1085 5708
5623 5709
2688 5710
2544 5711
4162 5712
4999 5713
5185 5714
4391 5715
4244 5716
5628 5717
185 5718
4933 5719
5092 5720
4648 5721
3281 5722
1705 5723
3636 5724
3770 5725
3008 5726
3620 5727
5465 5728
741 5729
5156 5730
4327 5731
1445 5732
3813 5733
1972 5734
5220 5735
938 5736
3222 5737
1835 5738
2658 5739
336 5740
5693 5741
5215 5742
3452 5743
5207 5744
5664 5745
2300 5746
1929 5747
2248 5748
136 5749
889 5750
1775 5751
3714 5752
1771 5753
3855 5754
2136 5755
158 5756
1395 5757
1072 5758
3921 5759
574 5760
3974 5761
5398 5762
1358 5763
1771 5764
3776 5765
2774 5766
1520 5767
181 5768
1530 5769
54 5770
166 5771
1548 5772
2877 5773
3109 5774
4473 5775
3241 5776
1454 5777
2836 5778
5019 5779
826 5780
2298 5781
4023 5782
5527 5783
3648 5784
147 5785
5720 5786
1707 5787
4127 5788
1456 5789
299 5790
3832 5791
4751 5792
4119 5793
1292 5794
1555 5795
3798 5796
4169 5797
359 5798
5542 5799
521 5800
2583 5801
4175 5802
2547 5803
2759 5804
321 5805
5514 5806
2672 5807
2487 5808
3136 5809
4110 5810
1696 5811
3822 5812
2784 5813
5359 5814
5207 5815
5007 5816
1392 5817
279 5818
3814 5819
4538 5820
716 5821
4594 5822
663 5823
473 5824
1553 5825
38 5826
1151 5827
2309 5828
1394 5829
95 5830
4484 5831
5528 5832
4078 5833
4691 5834
3298 5835
1360 5836
5576 5837
3494 5838
3986 5839
5322 5840
3807 5841
1599 5842
1039 5843
175 5844
5126 5845
2390 5846
5040 5847
82 5848
5782 5849
4005 5850
2879 5851
4262 5852
418 5853
5197 5854
3334 5855
3090 5856
287 5857
5842 5858
742 5859
2749 5860
5373 5861
4764 5862
1774 5863
1856 5864
3930 5865
4103 5866
2286 5867
4766 5868
4480 5869
4502 5870
3295 5871
2600 5872
1422 5873
1055 5874
4992 5875
1384 5876
2802 5877
3684 5878
2555 5879
409 5880
5643 5881
2031 5882
2508 5883
663 5884
417 5885
3999 5886
5874 5887
3025 5888
4894 5889
3321 5890
4139 5891
2194 5892
2325 5893
3270 5894
2061 5895
3111 5896
1553 5897
2138 5898
2509 5899
3346 5900
1289 5901
4542 5902
5744 5903
5207 5904
4170 5905
970 5906
4675 5907
4264 5908
229 5909
4397 5910
5835 5911
2953 5912
1796 5913
5093 5914
3688 5915
4313 5916
5214 5917
5593 5918
3511 5919
3784 5920
5162 5921
667 5922
1194 5923
1297 5924
1858 5925
1403 5926
4402 5927
4267 5928
3777 5929
2238 5930
4052 5931
4180 5932
5551 5933
2007 5934
527 5935
3096 5936
1119 5937
1072 5938
3018 5939
4092 5940
3325 5941
5143 5942
5374 5943
3921 5944
3486 5945
5256 5946
2057 5947
5821 5948
274 5949
5693 5950
3177 5951
34 5952
3593 5953
4965 5954
1952 5955
3893 5956
3967 5957
1509 5958
4471 5959
2959 5960
3328 5961
3795 5962
3449 5963
4266 5964
2586 5965
556 5966
786 5967
4525 5968
5938 5969
861 5970
5673 5971
360 5972
2082 5973
2267 5974
2925 5975
2149 5976
250 5977
1519 5978
662 5979
1262 5980
4015 5981
4530 5982
2437 5983
103 5984
1686 5985
169 5986
5703 5987
3069 5988
3873 5989
2202 5990
3325 5991
1280 5992
603 5993
4206 5994
478 5995
1297 5996
1914 5997
2203 5998
5053 5999
1647 6000
3411 6001
1615 6002
2857 6003
1968 6004
4493 6005
5668 6006
978 6007
2299 6008
566 6009
2316 6010
1789 6011
5082 6012
4450 6013
2934 6014
5829 6015
2377 6016
1806 6017
4383 6018
3774 6019
4766 6020
1655 6021
3183 6022
2142 6023
2642 6024
4886 6025
4798 6026
2718 6027
2050 6028
2408 6029
3178 6030
1952 6031
4972 6032
478 6033
2276 6034
2717 6035
1165 6036
2123 6037
5360 6038
168 6039
5713 6040
2397 6041
569 6042
4666 6043
2421 6044
4837 6045
4326 6046
2571 6047
2764 6048
2082 6049
1282 6050
2888 6051
4441 6052
5632 6053
998 6054
1098 6055
4414 6056
2261 6057
4825 6058
584 6059
4449 6060
5476 6061
4635 6062
4653 6063
1202 6064
3513 6065
4651 6066
1988 6067
1373 6068
3574 6069
712 6070
966 6071
3314 6072
5062 6073
3425 6074
560 6075
2876 6076
395 6077
324 6078
493 6079
5961 6080
735 6081
1961 6082
2039 6083
412 6084
1524 6085
3464 6086
3843 6087
5871 6088
159 6089
3602 6090
2576 6091
1388 6092
5155 6093
2516 6094
5498 6095
1949 6096
628 6097
1867 6098
3892 6099
1722 6100
3200 6101
3904 6102
4350 6103
4849 6104
5299 6105
4381 6106
2288 6107
2634 6108
5022 6109
2333 6110
1198 6111
12 6112
3 6113
1883 6114
1885 6115
389 6116
2363 6117
939 6118
1259 6119
1333 6120
4905 6121
4161 6122
297 6123
1039 6124
1962 6125
1352 6126
1899 6127
5411 6128
1454 6129
4173 6130
618 6131
634 6132
1709 6133
3208 6134
2558 6135
3509 6136
4427 6137
3687 6138
4252 6139
493 6140
634 6141
4246 6142
5190 6143
3767 6144
5098 6145
58 6146
2937 6147
3132 6148
557 6149
862 6150
1568 6151
605 6152
5522 6153
2189 6154
3581 6155
1537 6156
5498 6157
4605 6158
76 6159
5645 6160
5402 6161
1246 6162
210 6163
1454 6164
5228 6165
4860 6166
3970 6167
5220 6168
1101 6169
10 6170
2092 6171
18 6172
5067 6173
4709 6174
4510 6175
2665 6176
6031 6177
3104 6178
4576 6179
4224 6180
4573 6181
1735 6182
4949 6183
1754 6184
2533 6185
4061 6186
178 6187
5177 6188
5705 6189
448 6190
2540 6191
5803 6192
1501 6193
2468 6194
357 6195
4324 6196
3169 6197
5597 6198
5629 6199
2459 6200
5621 6201
4158 6202
461 6203
3087 6204
4000 6205
1066 6206
661 6207
2009 6208
4131 6209
2677 6210
4748 6211
3910 6212
5014 6213
2172 6214
4015 6215
4557 6216
2775 6217
2304 6218
424 6219
1875 6220
821 6221
4125 6222
4004 6223
654 6224
4029 6225
1144 6226
3678 6227
3583 6228
4694 6229
24 6230
596 6231
5836 6232
3500 6233
3235 6234
5464 6235
5994 6236
2408 6237
1513 6238
3509 6239
2821 6240
2340 6241
2684 6242
486 6243
1087 6244
514 6245
831 6246
2969 6247
792 6248
5121 6249
3767 6250
4194 6251
5397 6252
1232 6253
2572 6254
6225 6255
2825 6256
791 6257
2391 6258
1951 6259
247 6260
4096 6261
5051 6262
3537 6263
3450 6264
198 6265
5659 6266
3420 6267
950 6268
1142 6269
15 6270
5923 6271
2758 6272
682 6273
466 6274
6251 6275
5267 6276
3872 6277
5832 6278
2665 6279
5726 6280
2975 6281
1833 6282
2832 6283
64 6284
829 6285
5393 6286
534 6287
1012 6288
3339 6289
4193 6290
450 6291
1665 6292
422 6293
2644 6294
1743 6295
4423 6296
2266 6297
4006 6298
836 6299
1510 6300
5276 6301
5890 6302
593 6303
3302 6304
790 6305
4795 6306
2058 6307
2354 6308
5169 6309
5743 6310
4165 6311
4604 6312
1765 6313
1873 6314
2891 6315
5914 6316
5502 6317
4350 6318
211 6319
3605 6320
2454 6321
283 6322
133 6323
441 6324
5661 6325
1273 6326
1788 6327
463 6328
4281 6329
2184 6330
3311 6331
4238 6332
4881 6333
5870 6334
780 6335
3780 6336
3908 6337
2783 6338
1907 6339
1089 6340
3814 6341
5004 6342
3424 6343
1816 6344
4870 6345
2605 6346
239 6347
6293 6348
4742 6349
814 6350
1760 6351
2508 6352
1357 6353
5714 6354
5129 6355
781 6356
2975 6357
3822 6358
2612 6359
2617 6360
1296 6361
6070 6362
3223 6363
2901 6364
3274 6365
3452 6366
5537 6367
3799 6368
3603 6369
4826 6370
3382 6371
575 6372
935 6373
381 6374
1838 6375
5722 6376
6037 6377
6186 6378
1997 6379
2121 6380
4931 6381
5161 6382
2666 6383
4926 6384
1851 6385
3508 6386
6008 6387
1962 6388
2320 6389
896 6390
2585 6391
5224 6392
36 6393
588 6394
5096 6395
3986 6396
1021 6397
3094 6398
6263 6399
1242 6400
5568 6401
2931 6402
667 6403
4672 6404
2892 6405
4879 6406
3171 6407
2366 6408
4208 6409
859 6410
1934 6411
1221 6412
5662 6413
1472 6414
2739 6415
2254 6416
1496 6417
1887 6418
480 6419
5446 6420
5431 6421
2942 6422
857 6423
4015 6424
4762 6425
3285 6426
5918 6427
5912 6428
534 6429
3788 6430
4569 6431
605 6432
5737 6433
1709 6434
5361 6435
87 6436
6034 6437
1182 6438
2069 6439
1346 6440
1131 6441
1251 6442
906 6443
2259 6444
6196 6445
1436 6446
3692 6447
5455 6448
1877 6449
5436 6450
1547 6451
1049 6452
3870 6453
4295 6454
2271 6455
5275 6456
1098 6457
5796 6458
988 6459
2073 6460
2240 6461
3789 6462
317 6463
1399 6464
2251 6465
5276 6466
5728 6467
2413 6468
1902 6469
5822 6470
3440 6471
370 6472
4767 6473
3224 6474
853 6475
4770 6476
4257 6477
4399 6478
1777 6479
580 6480
1283 6481
5551 6482
2051 6483
187 6484
5470 6485
4950 6486
2402 6487
570 6488
2890 6489
5262 6490
2461 6491
5193 6492
3404 6493
2826 6494
6168 6495
4926 6496
227 6497
3142 6498
5987 6499
3225 6500
466 6501
5550 6502
2221 6503
4145 6504
2885 6505
77 6506
5241 6507
3078 6508
4877 6509
3712 6510
4115 6511
4433 6512
3258 6513
2576 6514
5813 6515
478 6516
5062 6517
6013 6518
391 6519
2336 6520
3991 6521
2839 6522
1013 6523
2181 6524
2973 6525
3758 6526
4677 6527
1408 6528
3322 6529
754 6530
5502 6531
859 6532
5000 6533
3891 6534
862 6535
3101 6536
668 6537
4560 6538
5337 6539
1472 6540
3322 6541
5229 6542
3831 6543
2173 6544
3286 6545
5108 6546
2636 6547
41 6548
4681 6549
6272 6550
5900 6551
154 6552
4282 6553
1114 6554
2535 6555
3211 6556
6468 6557
3803 6558
3766 6559
1491 6560
210 6561
5733 6562
6468 6563
5246 6564
3369 6565
4527 6566
1863 6567
1515 6568
6427 6569
1345 6570
6169 6571
6339 6572
3961 6573
314 6574
4831 6575
2111 6576
1290 6577
2095 6578
5817 6579
4879 6580
3051 6581
2286 6582
6426 6583
4161 6584
1770 6585
1206 6586
4789 6587
2103 6588
6064 6589
6291 6590
690 6591
4271 6592
1946 6593
3261 6594
4700 6595
4075 6596
1904 6597
918 6598
773 6599
431 6600
689 6601
3480 6602
4838 6603
3135 6604
4701 6605
3253 6606
2545 6607
1717 6608
3489 6609
3862 6610
2560 6611
1224 6612
2712 6613
3094 6614
4552 6615
4132 6616
2065 6617
2413 6618
1681 6619
4497 6620
743 6621
3041 6622
1186 6623
5028 6624
4102 6625
1977 6626
5955 6627
6283 6628
2026 6629
2869 6630
4436 6631
1864 6632
4084 6633
5969 6634
4677 6635
1510 6636
1377 6637
5293 6638
3207 6639
358 6640
4375 6641
6420 6642
4994 6643
854 6644
5946 6645
2259 6646
3676 6647
6316 6648
3516 6649
873 6650
794 6651
1039 6652
4658 6653
6133 6654
2950 6655
2276 6656
36 6657
5160 6658
3103 6659
1441 6660
3457 6661
3349 6662
4544 6663
6275 6664
490 6665
1859 6666
887 6667
3257 6668
2616 6669
4412 6670
5700 6671
6462 6672
3286 6673
959 6674
4441 6675
4279 6676
5743 6677
359 6678
5620 6679
1257 6680
5005 6681
1912 6682
1253 6683
5845 6684
5896 6685
2118 6686
3563 6687
4891 6688
2388 6689
5860 6690
2685 6691
5280 6692
3026 6693
2201 6694
245 6695
2368 6696
4545 6697
1134 6698
6072 6699
4834 6700
331 6701
3863 6702
4448 6703
4050 6704
4791 6705
2877 6706
2944 6707
73 6708
5627 6709
5897 6710
634 6711
6686 6712
499 6713
447 6714
2356 6715
687 6716
512 6717
695 6718
151 6719
4884 6720
4403 6721
4180 6722
6713 6723
1516 6724
2807 6725
1117 6726
3024 6727
5000 6728
2327 6729
1975 6730
6319 6731
2518 6732
2849 6733
3176 6734
3326 6735
1227 6736
2872 6737
6406 6738
3760 6739
2863 6740
5669 6741
652 6742
6155 6743
3912 6744
3662 6745
4481 6746
2683 6747
3362 6748
1619 6749
3303 6750
3934 6751
2696 6752
545 6753
5513 6754
4067 6755
4436 6756
6741 6757
5985 6758
1996 6759
5291 6760
4040 6761
59 6762
3120 6763
1276 6764
5471 6765
2058 6766
3666 6767
5470 6768
1508 6769
929 6770
3504 6771
1655 6772
5423 6773
2331 6774
1100 6775
4944 6776
2879 6777
6300 6778
1136 6779
5298 6780
1782 6781
6713 6782
5664 6783
6588 6784
6301 6785
1923 6786
738 6787
2491 6788
3450 6789
4248 6790
4293 6791
2429 6792
6234 6793
5158 6794
4462 6795
1836 6796
1793 6797
3957 6798
217 6799
1042 6800
1901 6801
4246 6802
596 6803
635 6804
4715 6805
3590 6806
526 6807
5036 6808
936 6809
2644 6810
1124 6811
562 6812
6736 6813
6690 6814
3946 6815
4731 6816
2260 6817
4603 6818
5956 6819
5598 6820
787 6821
245 6822
3163 6823
6267 6824
3958 6825
665 6826
2081 6827
2122 6828
1238 6829
1736 6830
2898 6831
1948 6832
5382 6833
5099 6834
537 6835
766 6836
5322 6837
1836 6838
2725 6839
2961 6840
3083 6841
2788 6842
701 6843
6464 6844
2749 6845
5316 6846
5488 6847
6366 6848
5242 6849
3019 6850
4578 6851
3387 6852
5428 6853
4349 6854
5896 6855
6736 6856
5485 6857
4214 6858
5893 6859
1398 6860
1062 6861
3382 6862
4317 6863
5791 6864
116 6865
6669 6866
5051 6867
5075 6868
5410 6869
6611 6870
547 6871
383 6872
653 6873
438 6874
4167 6875
1012 6876
4660 6877
3983 6878
3947 6879
1565 6880
5221 6881
5906 6882
505 6883
6371 6884
335 6885
4633 6886
3032 6887
2568 6888
1684 6889
4942 6890
6458 6891
3598 6892
3878 6893
2272 6894
6327 6895
1695 6896
5218 6897
1021 6898
2539 6899
6874 6900
2069 6901
78 6902
4043 6903
1230 6904
5267 6905
614 6906
5094 6907
2825 6908
3594 6909
343 6910
3924 6911
683 6912
6126 6913
6543 6914
3858 6915
5998 6916
3548 6917
4231 6918
876 6919
1535 6920
4384 6921
1424 6922
6834 6923
4930 6924
3066 6925
3955 6926
1445 6927
649 6928
5691 6929
2926 6930
3734 6931
5910 6932
1725 6933
6012 6934
1801 6935
4661 6936
2623 6937
5371 6938
3363 6939
4727 6940
2320 6941
1023 6942
5523 6943
1596 6944
6362 6945
228 6946
4456 6947
3415 6948
5124 6949
825 6950
3036 6951
159 6952
79 6953
2276 6954
3114 6955
3760 6956
2723 6957
4654 6958
3873 6959
6160 6960
4116 6961
3613 6962
3060 6963
4249 6964
5108 6965
811 6966
3505 6967
482 6968
3879 6969
4337 6970
1075 6971
3272 6972
1421 6973
6875 6974
1925 6975
3485 6976
4544 6977
5349 6978
60 6979
2962 6980
2864 6981
1249 6982
3848 6983
4513 6984
3570 6985
5958 6986
5405 6987
3780 6988
447 6989
4096 6990
2511 6991
6127 6992
3540 6993
4524 6994
6545 6995
1185 6996
3126 6997
4444 6998
5028 6999
5320 7000
4291 7001
6203 7002
3220 7003
3796 7004
3926 7005
1726 7006
3499 7007
6520 7008
3912 7009
4398 7010
1363 7011
4752 7012
441 7013
6410 7014
1885 7015
3680 7016
6957 7017
6266 7018
4915 7019
5392 7020
6104 7021
5101 7022
5672 7023
1952 7024
6471 7025
3310 7026
1763 7027
844 7028
2196 7029
2446 7030
4355 7031
3998 7032
874 7033
1624 7034
1578 7035
4977 7036
5564 7037
1999 7038
708 7039
3023 7040
5246 7041
394 7042
5713 7043
757 7044
6389 7045
2840 7046
6633 7047
6992 7048
4517 7049
206 7050
6661 7051
5729 7052
1782 7053
1664 7054
5884 7055
5349 7056
971 7057
3553 7058
1690 7059
83 7060
6045 7061
6554 7062
471 7063
5404 7064
2154 7065
4482 7066
4438 7067
474 7068
655 7069
4255 7070
6744 7071
1861 7072
5491 7073
6728 7074
6268 7075
2594 7076
474 7077
4270 7078
2720 7079
1300 7080
382 7081
3480 7082
1724 7083
6913 7084
97 7085
6039 7086
4239 7087
5780 7088
3766 7089
2458 7090
6278 7091
3296 7092
5416 7093
3164 7094
6303 7095
4111 7096
539 7097
4690 7098
6425 7099
4258 7100
737 7101
16 7102
1304 7103
4217 7104
2829 7105
5358 7106
3234 7107
677 7108
5127 7109
6192 7110
1123 7111
2734 7112
6646 7113
6343 7114
3418 7115
2533 7116
5242 7117
6011 7118
4623 7119
732 7120
3181 7121
6991 7122
2135 7123
4281 7124
350 7125
4897 7126
5654 7127
1979 7128
4165 7129
4416 7130
1806 7131
5020 7132
5514 7133
224 7134
6961 7135
2324 7136
3870 7137
4645 7138
5491 7139
4657 7140
3214 7141
3143 7142
4806 7143
7040 7144
2590 7145
4148 7146
5870 7147
1334 7148
6543 7149
1857 7150
5856 7151
2488 7152
5993 7153
6826 7154
4918 7155
6572 7156
4010 7157
551 7158
5309 7159
468 7160
5530 7161
3701 7162
5180 7163
4142 7164
6893 7165
4198 7166
4248 7167
2088 7168
4129 7169
2227 7170
4464 7171
898 7172
3854 7173
1559 7174
1406 7175
5106 7176
5468 7177
6571 7178
4104 7179
4887 7180
2729 7181
5159 7182
6661 7183
3300 7184
3340 7185
1403 7186
904 7187
6605 7188
7062 7189
310 7190
14 7191
1998 7192
4508 7193
2604 7194
6767 7195
2100 7196
3962 7197
2808 7198
1896 7199
3836 7200
5603 7201
3214 7202
1796 7203
2066 7204
2273 7205
844 7206
6808 7207
4177 7208
3285 7209
781 7210
5309 7211
2684 7212
3342 7213
6940 7214
5195 7215
5583 7216
2140 7217
4857 7218
5111 7219
1969 7220
3663 7221
6694 7222
3663 7223
4863 7224
3659 7225
5847 7226
3754 7227
5648 7228
5494 7229
6698 7230
3981 7231
6909 7232
6028 7233
542 7234
5846 7235
6313 7236
4089 7237
7060 7238
5778 7239
4144 7240
5045 7241
4931 7242
356 7243
5437 7244
5263 7245
1384 7246
3461 7247
3233 7248
2264 7249
626 7250
4842 7251
6269 7252
2996 7253
6835 7254
47 7255
155 7256
2969 7257
6120 7258
4521 7259
6284 7260
2561 7261
5736 7262
4679 7263
1235 7264
3324 7265
6433 7266
1997 7267
6425 7268
6342 7269
2948 7270
729 7271
4695 7272
575 7273
6933 7274
5472 7275
2339 7276
4908 7277
4480 7278
2396 7279
913 7280
2254 7281
1838 7282
2569 7283
4236 7284
519 7285
1326 7286
2994 7287
3594 7288
4773 7289
2134 7290
5252 7291
2070 7292
926 7293
431 7294
6677 7295
1856 7296
2055 7297
2719 7298
4927 7299
3679 7300
2277 7301
6441 7302
6104 7303
2991 7304
6502 7305
2050 7306
6684 7307
1711 7308
2795 7309
6464 7310
3316 7311
4370 7312
5454 7313
760 7314
5275 7315
6716 7316
6859 7317
3373 7318
4455 7319
5813 7320
1485 7321
3320 7322
4711 7323
4767 7324
6903 7325
7116 7326
1102 7327
3792 7328
3753 7329
5875 7330
4373 7331
4169 7332
6765 7333
1263 7334
1399 7335
3431 7336
6134 7337
5184 7338
6480 7339
4798 7340
5554 7341
7042 7342
1311 7343
4346 7344
6151 7345
5832 7346
6590 7347
6100 7348
4360 7349
4478 7350
516 7351
6892 7352
111 7353
3510 7354
6431 7355
6563 7356
2685 7357
3685 7358
5892 7359
5299 7360
430 7361
2375 7362
2428 7363
6886 7364
618 7365
4727 7366
3534 7367
5722 7368
2814 7369
4209 7370
1534 7371
978 7372
5805 7373
6096 7374
5578 7375
6391 7376
6231 7377
701 7378
6250 7379
2028 7380
5714 7381
5851 7382
5607 7383
1287 7384
6932 7385
838 7386
43 7387
5761 7388
2738 7389
1241 7390
2589 7391
6685 7392
2546 7393
2626 7394
3605 7395
6591 7396
3811 7397
4971 7398
5078 7399
913 7400
3834 7401
2715 7402
4447 7403
334 7404
6820 7405
2411 7406
5796 7407
2287 7408
6782 7409
5125 7410
7178 7411
3123 7412
2455 7413
1086 7414
4274 7415
699 7416
7110 7417
6841 7418
728 7419
3709 7420
537 7421
4571 7422
1323 7423
7181 7424
4155 7425
4314 7426
3863 7427
787 7428
2309 7429
1620 7430
6030 7431
5967 7432
336 7433
3765 7434
904 7435
6954 7436
2455 7437
1718 7438
1121 7439
1063 7440
569 7441
1200 7442
824 7443
2838 7444
919 7445
3242 7446
4964 7447
771 7448
4240 7449
1890 7450
7423 7451
144 7452
3328 7453
2832 7454
4322 7455
1134 7456
5533 7457
870 7458
1385 7459
7093 7460
93 7461
5982 7462
1061 7463
3378 7464
5567 7465
6792 7466
5917 7467
5063 7468
4798 7469
1631 7470
4760 7471
5806 7472
6370 7473
3495 7474
1823 7475
5134 7476
37 7477
2186 7478
2564 7479
3460 7480
4244 7481
6451 7482
1856 7483
4796 7484
4796 7485
7075 7486
31 7487
4467 7488
3614 7489
3468 7490
294 7491
1482 7492
4103 7493
2418 7494
7333 7495
3874 7496
406 7497
1129 7498
4626 7499
4360 7500
6537 7501
1683 7502
1133 7503
3820 7504
1357 7505
1024 7506
3882 7507
4841 7508
4839 7509
4336 7510
3700 7511
3215 7512
4828 7513
7203 7514
3665 7515
3655 7516
6321 7517
5881 7518
4710 7519
2803 7520
3819 7521
6569 7522
1805 7523
5094 7524
430 7525
6101 7526
5708 7527
1932 7528
3610 7529
2007 7530
4894 7531
4542 7532
3858 7533
947 7534
5937 7535
1318 7536
3579 7537
5846 7538
6851 7539
4275 7540
3869 7541
5675 7542
3750 7543
6172 7544
1313 7545
2931 7546
4980 7547
3171 7548
3392 7549
1218 7550
3685 7551
920 7552
1886 7553
4195 7554
941 7555
6203 7556
3078 7557
1147 7558
1952 7559
3402 7560
2227 7561
2273 7562
4228 7563
4039 7564
1731 7565
7323 7566
6291 7567
1567 7568
6102 7569
3938 7570
4553 7571
3375 7572
3589 7573
6594 7574
686 7575
4907 7576
980 7577
2850 7578
876 7579
4784 7580
1888 7581
2679 7582
5030 7583
2084 7584
599 7585
1068 7586
7048 7587
3223 7588
5813 7589
1701 7590
7177 7591
1006 7592
367 7593
522 7594
4576 7595
1547 7596
3277 7597
473 7598
5724 7599
1372 7600
6114 7601
5366 7602
6994 7603
656 7604
2301 7605
1328 7606
5038 7607
4962 7608
6614 7609
7292 7610
5659 7611
4355 7612
4787 7613
3702 7614
2620 7615
1711 7616
2096 7617
4547 7618
6396 7619
3302 7620
6958 7621
7109 7622
783 7623
4153 7624
22 7625
6804 7626
686 7627
170 7628
725 7629
1311 7630
5776 7631
153 7632
6474 7633
717 7634
2573 7635
2629 7636
945 7637
2441 7638
7583 7639
7129 7640
4307 7641
2861 7642
4014 7643
7116 7644
3442 7645
2325 7646
2269 7647
2308 7648
4826 7649
7017 7650
1317 7651
1302 7652
2981 7653
1819 7654
5326 7655
6652 7656
992 7657
470 7658
2800 7659
7219 7660
7125 7661
504 7662
4825 7663
5024 7664
2156 7665
1280 7666
7658 7667
3259 7668
4938 7669
3016 7670
4646 7671
2012 7672
5688 7673
5558 7674
5237 7675
6672 7676
5389 7677
1326 7678
2880 7679
7298 7680
498 7681
257 7682
1760 7683
6823 7684
7115 7685
3455 7686
7396 7687
2185 7688
7110 7689
4485 7690
2743 7691
7656 7692
5722 7693
3905 7694
7206 7695
2160 7696
3278 7697
4988 7698
5928 7699
4166 7700
5632 7701
1159 7702
389 7703
5928 7704
5810 7705
1621 7706
2867 7707
2803 7708
1418 7709
1935 7710
7591 7711
4699 7712
6961 7713
5077 7714
1231 7715
5944 7716
731 7717
3198 7718
783 7719
593 7720
5237 7721
7253 7722
1590 7723
4958 7724
5183 7725
5447 7726
1828 7727
585 7728
7186 7729
4131 7730
2548 7731
2172 7732
6267 7733
354 7734
6916 7735
5073 7736
3867 7737
6160 7738
1132 7739
7714 7740
2832 7741
7259 7742
2154 7743
1363 7744
5695 7745
1717 7746
5553 7747
6303 7748
6907 7749
6984 7750
5217 7751
931 7752
4945 7753
6982 7754
1040 7755
4257 7756
181 7757
990 7758
6025 7759
1926 7760
3840 7761
6698 7762
1955 7763
6846 7764
4156 7765
1670 7766
5617 7767
378 7768
2444 7769
2335 7770
2950 7771
3669 7772
2372 7773
3004 7774
2239 7775
2350 7776
5598 7777
310 7778
6068 7779
7488 7780
6268 7781
7771 7782
5182 7783
2135 7784
6550 7785
2603 7786
3190 7787
1659 7788
4008 7789
1088 7790
3849 7791
5392 7792
7150 7793
859 7794
4344 7795
6833 7796
6421 7797
3399 7798
890 7799
1984 7800
797 7801
3715 7802
6263 7803
7544 7804
6912 7805
791 7806
6223 7807
3596 7808
5870 7809
5843 7810
1549 7811
1396 7812
4310 7813
7345 7814
1410 7815
7590 7816
5933 7817
2280 7818
7355 7819
3946 7820
4678 7821
5234 7822
3195 7823
2821 7824
2782 7825
2696 7826
6733 7827
7575 7828
1816 7829
5000 7830
4024 7831
7824 7832
308 7833
4589 7834
4842 7835
2509 7836
5530 7837
5481 7838
1815 7839
1708 7840
1354 7841
4172 7842
3870 7843
2071 7844
603 7845
3322 7846
5883 7847
5450 7848
2440 7849
6632 7850
2624 7851
5706 7852
5160 7853
5035 7854
532 7855
4009 7856
3467 7857
4833 7858
3764 7859
3504 7860
6623 7861
3399 7862
5928 7863
1358 7864
2451 7865
417 7866
4264 7867
508 7868
6245 7869
4231 7870
1922 7871
373 7872
121 7873
2247 7874
199 7875
7432 7876
5770 7877
2063 7878
7836 7879
2007 7880
6821 7881
5507 7882
6772 7883
713 7884
547 7885
1172 7886
1351 7887
6457 7888
4999 7889
5486 7890
383 7891
6722 7892
7498 7893
784 7894
4090 7895
6575 7896
6143 7897
6135 7898
466 7899
1571 7900
3915 7901
3755 7902
5992 7903
210 7904
6243 7905
1852 7906
5875 7907
5993 7908
1970 7909
5196 7910
678 7911
2596 7912
3394 7913
2845 7914
252 7915
881 7916
2031 7917
5585 7918
5158 7919
1450 7920
911 7921
3787 7922
769 7923
6520 7924
3467 7925
4540 7926
5509 7927
1909 7928
3053 7929
2176 7930
3680 7931
2777 7932
3621 7933
7748 7934
707 7935
4081 7936
4787 7937
960 7938
339 7939
6490 7940
1176 7941
6648 7942
1051 7943
1956 7944
958 7945
1697 7946
7867 7947
3010 7948
1129 7949
6234 7950
2861 7951
2703 7952
1774 7953
7367 7954
5217 7955
3260 7956
6973 7957
2756 7958
298 7959
1802 7960
1205 7961
6802 7962
300 7963
3025 7964
929 7965
4367 7966
6950 7967
4225 7968
4528 7969
7006 7970
1518 7971
2497 7972
5751 7973
2887 7974
2177 7975
7 7976
3500 7977
151 7978
5909 7979
6338 7980
974 7981
2357 7982
4795 7983
4485 7984
5637 7985
4105 7986
2080 7987
6921 7988
916 7989
3213 7990
4309 7991
5461 7992
5276 7993
6943 7994
5997 7995
5273 7996
2795 7997
4646 7998
3914 7999
6910 8000
3231 8001
3398 8002
5412 8003
6848 8004
3093 8005
3388 8006
1216 8007
371 8008
5411 8009
6008 8010
7044 8011
7936 8012
2415 8013
7915 8014
4508 8015
231 8016
3407 8017
325 8018
152 8019
4324 8020
7349 8021
5370 8022
647 8023
3213 8024
4579 8025
6155 8026
3866 8027
3006 8028
557 8029
7402 8030
1182 8031
5760 8032
1699 8033
3086 8034
2773 8035
4627 8036
6676 8037
333 8038
4191 8039
2859 8040
3705 8041
5063 8042
2839 8043
6868 8044
25 8045
1767 8046
5021 8047
199 8048
1205 8049
520 8050
629 8051
4439 8052
3673 8053
771 8054
2353 8055
7182 8056
7537 8057
3579 8058
1770 8059
4249 8060
971 8061
264 8062
679 8063
5316 8064
4245 8065
2610 8066
913 8067
1419 8068
2234 8069
5529 8070
5803 8071
5901 8072
4801 8073
4427 8074
5655 8075
6268 8076
2677 8077
5806 8078
3081 8079
7493 8080
4242 8081
2318 8082
1143 8083
5343 8084
967 8085
1723 8086
1566 8087
6042 8088
121 8089
5996 8090
3253 8091
368 8092
3582 8093
4162 8094
6218 8095
247 8096
6499 8097
4880 8098
4811 8099
7523 8100
6472 8101
5027 8102
6275 8103
1551 8104
5687 8105
3639 8106
5124 8107
7600 8108
5461 8109
4188 8110
5893 8111
4205 8112
5843 8113
963 8114
939 8115
5094 8116
8020 8117
1044 8118
6053 8119
5090 8120
1056 8121
2234 8122
4236 8123
1890 8124
6189 8125
1958 8126
7745 8127
3261 8128
615 8129
6672 8130
2004 8131
3683 8132
3998 8133
3798 8134
3949 8135
3782 8136
5618 8137
3513 8138
3110 8139
4043 8140
748 8141
175 8142
1889 8143
995 8144
4368 8145
4750 8146
7544 8147
7384 8148
5297 8149
3633 8150
1596 8151
4649 8152
6230 8153
1698 8154
5278 8155
7492 8156
7425 8157
3234 8158
2526 8159
6749 8160
4796 8161
454 8162
2704 8163
3551 8164
1062 8165
378 8166
8062 8167
989 8168
3646 8169
2129 8170
7405 8171
1054 8172
668 8173
2407 8174
5236 8175
5371 8176
6625 8177
315 8178
6716 8179
7570 8180
4919 8181
7315 8182
4985 8183
2113 8184
3250 8185
5033 8186
798 8187
3342 8188
2619 8189
232 8190
6635 8191
5056 8192
2793 8193
2908 8194
2632 8195
3235 8196
7559 8197
172 8198
5739 8199
6350 8200
5636 8201
5877 8202
3953 8203
2921 8204
2776 8205
6379 8206
5372 8207
3127 8208
6616 8209
646 8210
7080 8211
3068 8212
5092 8213
5254 8214
1912 8215
4184 8216
7366 8217
1473 8218
2578 8219
6792 8220
4056 8221
1010 8222
7881 8223
82 8224
6259 8225
7656 8226
2213 8227
59 8228
3262 8229
7111 8230
6903 8231
8010 8232
5635 8233
4984 8234
5742 8235
4941 8236
2400 8237
7444 8238
2723 8239
7751 8240
4818 8241
2337 8242
5359 8243
4853 8244
152 8245
3023 8246
5545 8247
5993 8248
6773 8249
1499 8250
5334 8251
5995 8252
6610 8253
7884 8254
3945 8255
8058 8256
7363 8257
5696 8258
32 8259
7490 8260
4425 8261
820 8262
521 8263
6035 8264
3388 8265
113 8266
355 8267
7347 8268
3045 8269
5407 8270
1692 8271
5489 8272
7320 8273
5703 8274
4809 8275
2374 8276
3965 8277
5816 8278
5271 8279
5416 8280
1930 8281
6136 8282
7662 8283
3615 8284
7314 8285
7166 8286
7108 8287
3633 8288
207 8289
2776 8290
562 8291
3232 8292
5538 8293
7560 8294
5506 8295
6880 8296
415 8297
1599 8298
3314 8299
1717 8300
641 8301
7626 8302
4748 8303
3825 8304
6681 8305
6238 8306
5717 8307
6099 8308
5779 8309
2139 8310
7585 8311
2895 8312
12 8313
3678 8314
6950 8315
1640 8316
2416 8317
2642 8318
768 8319
458 8320
4520 8321
6461 8322
326 8323
6815 8324
2639 8325
8222 8326
1426 8327
3664 8328
1882 8329
6287 8330
2970 8331
2197 8332
8054 8333
7146 8334
4791 8335
7959 8336
4379 8337
7054 8338
2272 8339
5523 8340
6243 8341
5925 8342
597 8343
7037 8344
976 8345
500 8346
6329 8347
526 8348
3044 8349
4942 8350
4050 8351
7530 8352
7338 8353
1724 8354
7625 8355
8021 8356
3766 8357
8002 8358
6841 8359
3568 8360
5205 8361
2388 8362
5016 8363
983 8364
8009 8365
3810 8366
5876 8367
775 8368
1028 8369
451 8370
3018 8371
4603 8372
703 8373
3464 8374
5114 8375
7545 8376
2742 8377
5960 8378
2729 8379
2390 8380
6030 8381
689 8382
577 8383
8301 8384
277 8385
4665 8386
3594 8387
1940 8388
3949 8389
7220 8390
3899 8391
667 8392
3313 8393
4976 8394
458 8395
6710 8396
2572 8397
2696 8398
705 8399
3376 8400
5237 8401
3272 8402
4826 8403
7311 8404
2821 8405
6685 8406
2147 8407
3364 8408
3066 8409
4687 8410
3649 8411
7563 8412
4572 8413
2621 8414
6602 8415
7451 8416
3638 8417
5473 8418
8213 8419
1478 8420
790 8421
970 8422
1993 8423
839 8424
4444 8425
304 8426
3484 8427
1056 8428
1909 8429
1712 8430
5695 8431
5459 8432
3201 8433
6351 8434
4697 8435
7554 8436
7413 8437
7173 8438
5614 8439
668 8440
6048 8441
2613 8442
2332 8443
3615 8444
2762 8445
5458 8446
1850 8447
7388 8448
6781 8449
7030 8450
4927 8451
6964 8452
3164 8453
8346 8454
3918 8455
7199 8456
1984 8457
6967 8458
5920 8459
3678 8460
4568 8461
2846 8462
5675 8463
3845 8464
539 8465
557 8466
3499 8467
5754 8468
4311 8469
1943 8470
2993 8471
3910 8472
3188 8473
3174 8474
7107 8475
2512 8476
5807 8477
1328 8478
3939 8479
3133 8480
7263 8481
762 8482
7996 8483
8272 8484
3142 8485
5590 8486
446 8487
1768 8488
4495 8489
7994 8490
2597 8491
5775 8492
8216 8493
2627 8494
6300 8495
2856 8496
6500 8497
1036 8498
625 8499
8259 8500
5861 8501
783 8502
5764 8503
4017 8504
5317 8505
4362 8506
4267 8507
3813 8508
4079 8509
7609 8510
2374 8511
5134 8512
4249 8513
2437 8514
8385 8515
3576 8516
375 8517
5447 8518
1205 8519
81 8520
5316 8521
6010 8522
4692 8523
6572 8524
5366 8525
6395 8526
993 8527
4131 8528
6785 8529
5899 8530
3828 8531
7961 8532
2868 8533
3576 8534
6364 8535
2089 8536
5023 8537
4719 8538
3532 8539
6324 8540
253 8541
339 8542
7671 8543
5503 8544
3343 8545
7689 8546
5354 8547
2044 8548
6997 8549
3243 8550
2975 8551
7559 8552
4440 8553
1309 8554
4566 8555
59 8556
6510 8557
1064 8558
5678 8559
5752 8560
2751 8561
851 8562
5372 8563
4621 8564
8030 8565
1301 8566
2598 8567
3603 8568
3037 8569
5317 8570
2278 8571
5489 8572
6720 8573
2025 8574
5259 8575
6749 8576
7123 8577
3378 8578
6664 8579
5946 8580
8203 8581
655 8582
1712 8583
1732 8584
1028 8585
458 8586
6962 8587
3867 8588
8120 8589
4310 8590
6776 8591
2792 8592
6196 8593
5452 8594
597 8595
1033 8596
4791 8597
2681 8598
1734 8599
6021 8600
7569 8601
2132 8602
3020 8603
3687 8604
5706 8605
2806 8606
6883 8607
6762 8608
5563 8609
5110 8610
8202 8611
4078 8612
8590 8613
8421 8614
1100 8615
3744 8616
8494 8617
1827 8618
6156 8619
1942 8620
7208 8621
3937 8622
4047 8623
3417 8624
7892 8625
5954 8626
3029 8627
5957 8628
5998 8629
5903 8630
3903 8631
2531 8632
3463 8633
7394 8634
2944 8635
6921 8636
1528 8637
7379 8638
6979 8639
7815 8640
5644 8641
6559 8642
4525 8643
1424 8644
8027 8645
4563 8646
4834 8647
2563 8648
952 8649
7169 8650
4309 8651
7925 8652
1030 8653
7875 8654
2367 8655
1980 8656
2248 8657
5132 8658
1781 8659
7143 8660
1312 8661
1741 8662
8639 8663
5671 8664
7577 8665
800 8666
3349 8667
89 8668
3717 8669
7099 8670
3267 8671
6911 8672
6984 8673
497 8674
1153 8675
8194 8676
8474 8677
1430 8678
2466 8679
7282 8680
7371 8681
2201 8682
6794 8683
8563 8684
1982 8685
655 8686
3754 8687
3452 8688
741 8689
8164 8690
2446 8691
2014 8692
3640 8693
3436 8694
2439 8695
1601 8696
820 8697
5492 8698
5384 8699
3242 8700
387 8701
2067 8702
1649 8703
1752 8704
4933 8705
3124 8706
8452 8707
2924 8708
6750 8709
7113 8710
7253 8711
5301 8712
552 8713
1482 8714
271 8715
6884 8716
1034 8717
3703 8718
2601 8719
6850 8720
1570 8721
1846 8722
1722 8723
2146 8724
4396 8725
6940 8726
8236 8727
1682 8728
6745 8729
1778 8730
6917 8731
8543 8732
6991 8733
1436 8734
7481 8735
7961 8736
4208 8737
6969 8738
5010 8739
6480 8740
3379 8741
8489 8742
4552 8743
5427 8744
2051 8745
3922 8746
5677 8747
4380 8748
3259 8749
2132 8750
3326 8751
4298 8752
1572 8753
7306 8754
3084 8755
5368 8756
1153 8757
8482 8758
5104 8759
5997 8760
983 8761
8511 8762
4684 8763
1700 8764
3191 8765
2649 8766
1882 8767
6322 8768
8399 8769
3937 8770
7341 8771
8581 8772
7614 8773
5720 8774
7794 8775
287 8776
2663 8777
829 8778
2490 8779
6954 8780
48 8781
4232 8782
6105 8783
3114 8784
7318 8785
6695 8786
2636 8787
6352 8788
7478 8789
4241 8790
5115 8791
4078 8792
6318 8793
7024 8794
6227 8795
3735 8796
4639 8797
4619 8798
8028 8799
5810 8800
4052 8801
3580 8802
106 8803
7898 8804
5786 8805
7438 8806
2291 8807
8034 8808
4494 8809
2749 8810
7181 8811
2555 8812
5788 8813
3297 8814
8457 8815
8597 8816
5782 8817
2845 8818
5176 8819
1926 8820
3369 8821
4832 8822
3594 8823
8642 8824
3591 8825
1519 8826
1018 8827
7585 8828
349 8829
1715 8830
5260 8831
3810 8832
6958 8833
7982 8834
2773 8835
7699 8836
8619 8837
3140 8838
4051 8839
3622 8840
4854 8841
4025 8842
2855 8843
2181 8844
3956 8845
6366 8846
1838 8847
4692 8848
2662 8849
8353 8850
6052 8851
7353 8852
8775 8853
3142 8854
4085 8855
2260 8856
7280 8857
4967 8858
586 8859
5168 8860
8255 8861
4655 8862
5350 8863
8455 8864
5729 8865
1352 8866
8427 8867
1897 8868
2360 8869
1531 8870
11 8871
732 8872
653 8873
1738 8874
7475 8875
5620 8876
7813 8877
6906 8878
4180 8879
7929 8880
8528 8881
3643 8882
4117 8883
6272 8884
5097 8885
6903 8886
3724 8887
7927 8888
2358 8889
6482 8890
3547 8891
7398 8892
7122 8893
8651 8894
7262 8895
7930 8896
8861 8897
1939 8898
5310 8899
5790 8900
4951 8901
532 8902
7385 8903
646 8904
7123 8905
4209 8906
5675 8907
3124 8908
7212 8909
611 8910
887 8911
3316 8912
5161 8913
6149 8914
2278 8915
1776 8916
563 8917
1806 8918
814 8919
6587 8920
1354 8921
80 8922
6187 8923
411 8924
3562 8925
3314 8926
3234 8927
7550 8928
6884 8929
3504 8930
1320 8931
6511 8932
446 8933
2868 8934
5539 8935
6766 8936
2743 8937
7417 8938
4302 8939
3778 8940
2825 8941
983 8942
6345 8943
5534 8944
5680 8945
897 8946
6896 8947
3355 8948
5766 8949
653 8950
6711 8951
2897 8952
8846 8953
4046 8954
1606 8955
6448 8956
4994 8957
4615 8958
1307 8959
3537 8960
2267 8961
7545 8962
55 8963
4715 8964
5702 8965
8426 8966
4772 8967
8583 8968
3152 8969
1246 8970
317 8971
7375 8972
2912 8973
2706 8974
4519 8975
4926 8976
126 8977
2268 8978
5260 8979
8372 8980
2177 8981
6519 8982
7716 8983
316 8984
8910 8985
2342 8986
4315 8987
1072 8988
2547 8989
4979 8990
8007 8991
4947 8992
4432 8993
6040 8994
1381 8995
7286 8996
5345 8997
2174 8998
2904 8999
6787 9000
2884 9001
3558 9002
3251 9003
5825 9004
2185 9005
2584 9006
1742 9007
3598 9008
5053 9009
2899 9010
4295 9011
1453 9012
6987 9013
5327 9014
7810 9015
6666 9016
1564 9017
2243 9018
6683 9019
3731 9020
2291 9021
8093 9022
3781 9023
1444 9024
6125 9025
8119 9026
1437 9027
1495 9028
5038 9029
7699 9030
6625 9031
3696 9032
7925 9033
8812 9034
8987 9035
8327 9036
7994 9037
4886 9038
6411 9039
3112 9040
4250 9041
411 9042
3274 9043
5246 9044
3647 9045
5129 9046
2941 9047
5336 9048
8649 9049
8232 9050
6047 9051
7508 9052
4612 9053
8258 9054
524 9055
8879 9056
4193 9057
3509 9058
6131 9059
3907 9060
7264 9061
7326 9062
2811 9063
3897 9064
4393 9065
2773 9066
6251 9067
3171 9068
7859 9069
4689 9070
1096 9071
6118 9072
5451 9073
2622 9074
6883 9075
8402 9076
7500 9077
3810 9078
7564 9079
7476 9080
6609 9081
5067 9082
8294 9083
5747 9084
4543 9085
1302 9086
2313 9087
4274 9088
8125 9089
8382 9090
5043 9091
6780 9092
5223 9093
6331 9094
8512 9095
865 9096
4191 9097
5113 9098
122 9099
6302 9100
3776 9101
4727 9102
6385 9103
2617 9104
8426 9105
1905 9106
659 9107
2670 9108
589 9109
9084 9110
8454 9111
3373 9112
3533 9113
8819 9114
7751 9115
335 9116
7406 9117
3924 9118
8076 9119
302 9120
8950 9121
2170 9122
3593 9123
8771 9124
720 9125
7774 9126
722 9127
8948 9128
1682 9129
7292 9130
6731 9131
2129 9132
5443 9133
845 9134
4562 9135
7858 9136
7865 9137
759 9138
2176 9139
8512 9140
5448 9141
2904 9142
3476 9143
4732 9144
5485 9145
935 9146
2686 9147
4370 9148
445 9149
597 9150
1488 9151
5448 9152
5214 9153
2782 9154
7623 9155
8724 9156
3776 9157
123 9158
3770 9159
5719 9160
5754 9161
4742 9162
197 9163
1994 9164
3145 9165
2006 9166
5515 9167
5575 9168
4415 9169
4648 9170
3492 9171
8256 9172
6696 9173
6746 9174
7165 9175
3864 9176
6272 9177
6511 9178
7820 9179
3008 9180
6225 9181
1291 9182
881 9183
7923 9184
315 9185
682 9186
1722 9187
2248 9188
14 9189
1308 9190
6431 9191
7801 9192
8168 9193
6607 9194
3415 9195
5823 9196
5867 9197
2922 9198
3044 9199
839 9200
1307 9201
6498 9202
7220 9203
3593 9204
3329 9205
627 9206
5250 9207
3018 9208
658 9209
3585 9210
6493 9211
1527 9212
4465 9213
2806 9214
2267 9215
7241 9216
3393 9217
7605 9218
874 9219
6171 9220
6023 9221
3628 9222
5826 9223
7699 9224
8205 9225
193 9226
3266 9227
4000 9228
8403 9229
7079 9230
1552 9231
6744 9232
7775 9233
6084 9234
8014 9235
4166 9236
1183 9237
7820 9238
5356 9239
9049 9240
1810 9241
5682 9242
3784 9243
7891 9244
1696 9245
2000 9246
4396 9247
2671 9248
2815 9249
5226 9250
651 9251
2980 9252
5398 9253
9150 9254
1164 9255
4821 9256
4771 9257
3196 9258
4795 9259
4482 9260
703 9261
3650 9262
1334 9263
5681 9264
6562 9265
6731 9266
2605 9267
6323 9268
3903 9269
5378 9270
5302 9271
965 9272
4577 9273
3317 9274
1316 9275
2540 9276
6168 9277
8171 9278
1297 9279
2144 9280
2236 9281
446 9282
7681 9283
8221 9284
2432 9285
8821 9286
764 9287
8762 9288
8145 9289
312 9290
7777 9291
3686 9292
2309 9293
4695 9294
387 9295
2809 9296
6039 9297
3253 9298
636 9299
7046 9300
9289 9301
2787 9302
1022 9303
6585 9304
2618 9305
6527 9306
6012 9307
9305 9308
7387 9309
877 9310
7287 9311
6033 9312
4567 9313
978 9314
8110 9315
6811 9316
8784 9317
6031 9318
5351 9319
5217 9320
8937 9321
9246 9322
2272 9323
8376 9324
1363 9325
4832 9326
1853 9327
8227 9328
8627 9329
891 9330
5241 9331
5965 9332
535 9333
4113 9334
6194 9335
5416 9336
7414 9337
2282 9338
2661 9339
4892 9340
4192 9341
3591 9342
5925 9343
4677 9344
3726 9345
1538 9346
311 9347
1706 9348
3759 9349
3486 9350
224 9351
2195 9352
9035 9353
7820 9354
4906 9355
3256 9356
5096 9357
3002 9358
4431 9359
2676 9360
594 9361
6438 9362
6935 9363
559 9364
8436 9365
1945 9366
81 9367
4571 9368
458 9369
4980 9370
1054 9371
2755 9372
412 9373
8564 9374
7613 9375
1397 9376
8111 9377
2484 9378
7587 9379
4898 9380
7267 9381
9189 9382
6358 9383
8167 9384
9277 9385
6501 9386
1777 9387
4820 9388
1286 9389
8449 9390
7436 9391
6733 9392
836 9393
4751 9394
3929 9395
8251 9396
396 9397
5102 9398
935 9399
2698 9400
7519 9401
7389 9402
4238 9403
8358 9404
6612 9405
3316 9406
5446 9407
752 9408
1757 9409
2704 9410
3868 9411
1535 9412
7042 9413
8454 9414
4083 9415
6981 9416
4236 9417
4780 9418
244 9419
1255 9420
2589 9421
5850 9422
604 9423
4533 9424
7103 9425
1210 9426
8944 9427
7354 9428
3125 9429
6510 9430
5457 9431
6040 9432
7298 9433
1500 9434
4628 9435
4553 9436
2846 9437
9171 9438
436 9439
1120 9440
7578 9441
2077 9442
5428 9443
426 9444
2026 9445
9040 9446
3866 9447
5250 9448
6659 9449
202 9450
8980 9451
6512 9452
4974 9453
6029 9454
2601 9455
8565 9456
2007 9457
4509 9458
420 9459
1973 9460
1528 9461
5779 9462
5009 9463
2277 9464
1145 9465
3227 9466
7832 9467
9396 9468
981 9469
6347 9470
7146 9471
6950 9472
6307 9473
6207 9474
4112 9475
5089 9476
7898 9477
7848 9478
8278 9479
1358 9480
8677 9481
1831 9482
9376 9483
1966 9484
7060 9485
3883 9486
5192 9487
9444 9488
9102 9489
3053 9490
6791 9491
1688 9492
2575 9493
4736 9494
3786 9495
632 9496
7769 9497
5003 9498
6926 9499
751 9500
4693 9501
7529 9502
9266 9503
7768 9504
8363 9505
4722 9506
3443 9507
1006 9508
9299 9509
4430 9510
6345 9511
6096 9512
618 9513
4931 9514
2091 9515
2143 9516
2312 9517
4554 9518
1079 9519
4575 9520
6649 9521
5 9522
9128 9523
3444 9524
9343 9525
3419 9526
9211 9527
3126 9528
6571 9529
2668 9530
7391 9531
9266 9532
8454 9533
5521 9534
5877 9535
6793 9536
1864 9537
5777 9538
4716 9539
8029 9540
1482 9541
5329 9542
3242 9543
923 9544
6284 9545
3839 9546
1944 9547
2553 9548
1577 9549
552 9550
1183 9551
8808 9552
7933 9553
6058 9554
2360 9555
6381 9556
9167 9557
6467 9558
529 9559
8129 9560
5339 9561
7777 9562
7393 9563
8517 9564
5846 9565
281 9566
2715 9567
8325 9568
1526 9569
2316 9570
8686 9571
5975 9572
5619 9573
8775 9574
84 9575
7555 9576
9298 9577
7011 9578
2941 9579
8118 9580
7137 9581
1662 9582
7022 9583
7650 9584
8771 9585
3447 9586
708 9587
6547 9588
5887 9589
3922 9590
2510 9591
3346 9592
2768 9593
847 9594
9486 9595
343 9596
3975 9597
2970 9598
7197 9599
4017 9600
2045 9601
181 9602
3404 9603
3961 9604
7928 9605
4909 9606
6054 9607
2029 9608
7892 9609
6501 9610
6013 9611
7442 9612
3596 9613
2851 9614
4664 9615
7819 9616
8531 9617
6007 9618
2872 9619
7602 9620
2541 9621
4977 9622
132 9623
2126 9624
5798 9625
8680 9626
8388 9627
6555 9628
5338 9629
800 9630
4907 9631
3818 9632
1962 9633
8642 9634
6407 9635
9356 9636
2049 9637
5977 9638
4664 9639
6158 9640
4577 9641
342 9642
6759 9643
6814 9644
8429 9645
4681 9646
3740 9647
4030 9648
2003 9649
428 9650
9119 9651
709 9652
5926 9653
7188 9654
1289 9655
7003 9656
2355 9657
8571 9658
6590 9659
9366 9660
8710 9661
8401 9662
6299 9663
1469 9664
5841 9665
4993 9666
3808 9667
8758 9668
5078 9669
8765 9670
9038 9671
6514 9672
8330 9673
8098 9674
9342 9675
2759 9676
3680 9677
7082 9678
7972 9679
9403 9680
9507 9681
4570 9682
8986 9683
7365 9684
6718 9685
2956 9686
8975 9687
7126 9688
5733 9689
9503 9690
6691 9691
8018 9692
1007 9693
145 9694
6279 9695
958 9696
2919 9697
9568 9698
9125 9699
7188 9700
8124 9701
6573 9702
883 9703
40 9704
7826 9705
6069 9706
7780 9707
3170 9708
3973 9709
3812 9710
2775 9711
8534 9712
391 9713
4069 9714
6475 9715
2171 9716
4308 9717
1487 9718
4010 9719
5906 9720
63 9721
2820 9722
3814 9723
7803 9724
1753 9725
9148 9726
4329 9727
8769 9728
7824 9729
1390 9730
1631 9731
6652 9732
6845 9733
2870 9734
6120 9735
4537 9736
6107 9737
2117 9738
5596 9739
7052 9740
5009 9741
5591 9742
6623 9743
3890 9744
8910 9745
4518 9746
7935 9747
8441 9748
3388 9749
772 9750
3211 9751
6976 9752
4353 9753
120 9754
8056 9755
3445 9756
3009 9757
8497 9758
474 9759
3475 9760
5901 9761
9701 9762
792 9763
9601 9764
4777 9765
6396 9766
8567 9767
6985 9768
2992 9769
5901 9770
7572 9771
9435 9772
5218 9773
3188 9774
7215 9775
5146 9776
9713 9777
8599 9778
7883 9779
1201 9780
896 9781
6853 9782
5838 9783
1974 9784
6547 9785
6678 9786
4509 9787
4540 9788
3440 9789
1604 9790
6243 9791
5891 9792
7502 9793
1490 9794
2512 9795
2776 9796
1746 9797
9406 9798
2378 9799
5141 9800
885 9801
1099 9802
7 9803
2005 9804
7274 9805
9597 9806
1028 9807
1507 9808
194 9809
6753 9810
5905 9811
3399 9812
3365 9813
5022 9814
9248 9815
2232 9816
131 9817
9664 9818
1581 9819
8155 9820
1885 9821
6156 9822
4562 9823
163 9824
5285 9825
7402 9826
2014 9827
4356 9828
561 9829
5304 9830
4272 9831
6533 9832
8361 9833
6302 9834
1982 9835
4599 9836
7815 9837
9453 9838
2682 9839
2870 9840
5030 9841
3070 9842
3 9843
5626 9844
2742 9845
8196 9846
8042 9847
1731 9848
7369 9849
501 9850
6241 9851
6688 9852
983 9853
1690 9854
1883 9855
6065 9856
5676 9857
4232 9858
6588 9859
4557 9860
347 9861
2875 9862
4717 9863
2313 9864
429 9865
9291 9866
3967 9867
7224 9868
7528 9869
5823 9870
7112 9871
234 9872
8080 9873
2224 9874
5991 9875
384 9876
2868 9877
5881 9878
4349 9879
4577 9880
6297 9881
9823 9882
1672 9883
2382 9884
315 9885
2668 9886
1474 9887
2770 9888
6358 9889
8638 9890
5469 9891
9592 9892
1010 9893
9705 9894
8938 9895
7335 9896
777 9897
5455 9898
6305 9899
5705 9900
1460 9901
5168 9902
6222 9903
9784 9904
1888 9905
8152 9906
2674 9907
6337 9908
8866 9909
5089 9910
194 9911
3920 9912
2994 9913
5788 9914
4709 9915
6944 9916
3120 9917
7003 9918
4718 9919
7077 9920
2379 9921
3762 9922
5781 9923
1063 9924
6933 9925
2542 9926
2560 9927
8201 9928
5085 9929
5570 9930
2173 9931
9752 9932
1462 9933
9443 9934
6249 9935
7646 9936
9565 9937
1421 9938
7407 9939
2207 9940
9464 9941
3948 9942
9575 9943
1668 9944
7610 9945
9090 9946
9094 9947
876 9948
4939 9949
4409 9950
5222 9951
2978 9952
4433 9953
2591 9954
6690 9955
6828 9956
4824 9957
2828 9958
4569 9959
2966 9960
4375 9961
5475 9962
1433 9963
6872 9964
8070 9965
7344 9966
4056 9967
533 9968
2812 9969
6879 9970
2779 9971
931 9972
485 9973
1624 9974
1520 9975
5961 9976
2783 9977
2169 9978
8181 9979
8428 9980
1170 9981
4399 9982
2416 9983
3002 9984
474 9985
9538 9986
3694 9987
4334 9988
1246 9989
3636 9990
5180 9991
5255 9992
4444 9993
5688 9994
4547 9995
5660 9996
3951 9997
7293 9998
45 9999
5397 10000
