1 2
2 3
3 4
1 5
2 6
1 7
5 8
6 9
7 10
7 11
6 12
4 13
1 14
14 15
14 16
9 17
6 18
1 19
4 20
11 21
9 22
4 23
18 24
2 25
4 26
10 27
20 28
6 29
4 30
26 31
15 32
14 33
22 34
13 35
32 36
30 37
10 38
8 39
22 40
15 41
15 42
39 43
39 44
44 45
28 46
37 47
30 48
36 49
32 50
25 51
10 52
10 53
50 54
14 55
5 56
4 57
29 58
46 59
8 60
4 61
6 62
16 63
53 64
28 65
32 66
29 67
62 68
11 69
66 70
40 71
11 72
18 73
29 74
39 75
34 76
51 77
26 78
29 79
35 80
9 81
43 82
29 83
16 84
77 85
41 86
1 87
7 88
43 89
69 90
90 91
66 92
85 93
62 94
60 95
60 96
84 97
71 98
69 99
34 100
92 101
74 102
41 103
1 104
95 105
7 106
16 107
41 108
107 109
71 110
34 111
22 112
32 113
103 114
38 115
31 116
89 117
17 118
49 119
102 120
119 121
41 122
97 123
8 124
40 125
93 126
35 127
99 128
107 129
84 130
3 131
103 132
54 133
13 134
95 135
101 136
99 137
84 138
81 139
92 140
54 141
129 142
71 143
75 144
40 145
32 146
5 147
123 148
53 149
89 150
139 151
15 152
9 153
114 154
143 155
69 156
16 157
120 158
37 159
124 160
82 161
147 162
59 163
152 164
15 165
123 166
155 167
96 168
64 169
23 170
159 171
111 172
33 173
148 174
137 175
139 176
22 177
85 178
32 179
169 180
86 181
67 182
171 183
178 184
69 185
10 186
141 187
83 188
50 189
57 190
174 191
157 192
153 193
64 194
99 195
188 196
9 197
160 198
190 199
135 200
179 201
17 202
197 203
191 204
97 205
35 206
118 207
122 208
61 209
185 210
122 211
89 212
28 213
211 214
147 215
53 216
120 217
215 218
53 219
2 220
51 221
94 222
162 223
46 224
67 225
69 226
24 227
48 228
139 229
139 230
92 231
140 232
186 233
120 234
6 235
182 236
112 237
130 238
177 239
5 240
227 241
240 242
90 243
35 244
177 245
94 246
173 247
41 248
31 249
203 250
180 251
62 252
148 253
221 254
126 255
81 256
101 257
129 258
232 259
147 260
216 261
254 262
211 263
19 264
210 265
18 266
234 267
209 268
180 269
4 270
30 271
230 272
111 273
127 274
53 275
106 276
220 277
18 278
60 279
264 280
34 281
204 282
184 283
77 284
49 285
8 286
126 287
173 288
201 289
164 290
203 291
48 292
162 293
291 294
200 295
48 296
174 297
134 298
269 299
210 300
198 301
118 302
263 303
185 304
70 305
199 306
187 307
292 308
297 309
257 310
86 311
16 312
80 313
165 314
311 315
21 316
181 317
78 318
113 319
226 320
68 321
116 322
288 323
284 324
270 325
67 326
239 327
87 328
95 329
320 330
274 331
149 332
78 333
124 334
119 335
176 336
21 337
35 338
7 339
262 340
99 341
304 342
209 343
27 344
72 345
320 346
308 347
7 348
303 349
266 350
55 351
145 352
285 353
109 354
281 355
61 356
210 357
244 358
21 359
258 360
126 361
340 362
26 363
236 364
347 365
238 366
148 367
362 368
13 369
254 370
48 371
116 372
70 373
127 374
66 375
347 376
248 377
256 378
98 379
38 380
62 381
377 382
223 383
104 384
339 385
368 386
67 387
136 388
239 389
138 390
154 391
52 392
244 393
322 394
251 395
310 396
135 397
200 398
197 399
294 400
324 401
107 402
129 403
213 404
209 405
389 406
125 407
130 408
117 409
154 410
172 411
181 412
284 413
265 414
272 415
10 416
4 417
417 418
260 419
87 420
135 421
230 422
318 423
171 424
193 425
305 426
2 427
266 428
327 429
259 430
396 431
386 432
329 433
367 434
430 435
130 436
218 437
30 438
84 439
370 440
387 441
309 442
334 443
209 444
388 445
65 446
355 447
245 448
151 449
137 450
175 451
313 452
421 453
224 454
143 455
375 456
222 457
56 458
375 459
134 460
303 461
58 462
140 463
100 464
454 465
201 466
176 467
285 468
415 469
411 470
169 471
344 472
43 473
170 474
389 475
109 476
51 477
40 478
350 479
307 480
79 481
202 482
75 483
147 484
66 485
76 486
72 487
226 488
421 489
205 490
18 491
470 492
303 493
378 494
389 495
361 496
277 497
274 498
363 499
419 500
91 501
281 502
94 503
362 504
474 505
477 506
255 507
398 508
496 509
447 510
502 511
114 512
432 513
329 514
100 515
9 516
494 517
136 518
237 519
394 520
30 521
15 522
323 523
61 524
50 525
202 526
222 527
279 528
336 529
373 530
367 531
191 532
82 533
8 534
356 535
35 536
404 537
191 538
530 539
508 540
209 541
515 542
122 543
409 544
178 545
137 546
388 547
215 548
355 549
106 550
355 551
106 552
320 553
303 554
399 555
90 556
181 557
379 558
485 559
202 560
160 561
458 562
237 563
549 564
368 565
235 566
429 567
372 568
387 569
182 570
436 571
568 572
190 573
121 574
292 575
22 576
7 577
524 578
355 579
436 580
350 581
4 582
74 583
366 584
459 585
135 586
396 587
125 588
329 589
361 590
304 591
357 592
52 593
39 594
390 595
323 596
322 597
386 598
108 599
116 600
404 601
282 602
512 603
23 604
339 605
364 606
473 607
569 608
608 609
551 610
331 611
51 612
246 613
113 614
4 615
615 616
361 617
553 618
324 619
160 620
21 621
577 622
582 623
125 624
478 625
204 626
420 627
155 628
190 629
403 630
26 631
91 632
485 633
458 634
584 635
494 636
267 637
555 638
580 639
311 640
416 641
215 642
340 643
161 644
330 645
138 646
120 647
81 648
72 649
35 650
280 651
72 652
342 653
157 654
155 655
254 656
542 657
90 658
159 659
127 660
49 661
343 662
208 663
263 664
145 665
567 666
596 667
156 668
600 669
93 670
582 671
355 672
26 673
648 674
378 675
622 676
345 677
354 678
194 679
396 680
420 681
560 682
681 683
357 684
446 685
675 686
322 687
371 688
251 689
467 690
59 691
65 692
357 693
659 694
401 695
143 696
553 697
130 698
63 699
475 700
583 701
372 702
356 703
542 704
331 705
154 706
461 707
543 708
16 709
571 710
348 711
241 712
126 713
519 714
290 715
211 716
461 717
300 718
500 719
88 720
142 721
573 722
404 723
535 724
127 725
625 726
672 727
30 728
54 729
513 730
242 731
8 732
125 733
690 734
304 735
690 736
676 737
353 738
251 739
304 740
667 741
443 742
339 743
718 744
361 745
707 746
53 747
572 748
709 749
357 750
720 751
63 752
209 753
11 754
615 755
468 756
662 757
354 758
668 759
41 760
83 761
705 762
654 763
405 764
53 765
595 766
460 767
305 768
571 769
192 770
694 771
157 772
244 773
473 774
618 775
5 776
632 777
651 778
99 779
522 780
80 781
746 782
504 783
380 784
353 785
782 786
40 787
544 788
175 789
240 790
195 791
371 792
552 793
626 794
360 795
699 796
602 797
57 798
715 799
682 800
647 801
506 802
684 803
590 804
45 805
62 806
514 807
24 808
268 809
640 810
173 811
660 812
467 813
735 814
160 815
469 816
553 817
556 818
637 819
691 820
433 821
57 822
659 823
367 824
512 825
438 826
617 827
209 828
645 829
499 830
552 831
535 832
179 833
279 834
300 835
641 836
478 837
270 838
409 839
813 840
744 841
67 842
446 843
714 844
268 845
458 846
491 847
76 848
424 849
117 850
85 851
640 852
693 853
259 854
337 855
74 856
296 857
657 858
495 859
848 860
152 861
600 862
446 863
643 864
323 865
343 866
139 867
401 868
768 869
375 870
409 871
37 872
807 873
51 874
760 875
436 876
249 877
834 878
123 879
750 880
231 881
467 882
561 883
36 884
170 885
479 886
25 887
517 888
702 889
3 890
53 891
876 892
783 893
428 894
802 895
607 896
206 897
190 898
179 899
680 900
306 901
750 902
146 903
53 904
112 905
33 906
499 907
542 908
424 909
309 910
390 911
685 912
51 913
450 914
147 915
510 916
916 917
40 918
618 919
898 920
911 921
100 922
846 923
754 924
285 925
14 926
855 927
664 928
578 929
806 930
366 931
220 932
775 933
219 934
109 935
924 936
22 937
520 938
346 939
107 940
453 941
245 942
295 943
713 944
38 945
869 946
356 947
156 948
618 949
707 950
562 951
693 952
679 953
118 954
366 955
31 956
405 957
545 958
284 959
529 960
894 961
405 962
278 963
626 964
568 965
565 966
599 967
936 968
782 969
373 970
913 971
612 972
448 973
831 974
39 975
923 976
864 977
273 978
206 979
864 980
536 981
469 982
76 983
320 984
104 985
868 986
147 987
34 988
898 989
609 990
103 991
733 992
211 993
108 994
870 995
45 996
580 997
397 998
538 999
222 1000
423 1001
746 1002
546 1003
925 1004
197 1005
599 1006
868 1007
330 1008
635 1009
716 1010
870 1011
819 1012
866 1013
974 1014
16 1015
593 1016
180 1017
133 1018
18 1019
602 1020
471 1021
116 1022
959 1023
305 1024
550 1025
128 1026
796 1027
167 1028
531 1029
770 1030
526 1031
64 1032
330 1033
229 1034
398 1035
948 1036
923 1037
449 1038
793 1039
735 1040
90 1041
783 1042
672 1043
54 1044
593 1045
545 1046
59 1047
524 1048
268 1049
824 1050
558 1051
876 1052
755 1053
516 1054
862 1055
555 1056
439 1057
733 1058
124 1059
380 1060
796 1061
27 1062
298 1063
716 1064
912 1065
45 1066
986 1067
36 1068
682 1069
173 1070
54 1071
821 1072
20 1073
80 1074
59 1075
960 1076
87 1077
593 1078
859 1079
1014 1080
631 1081
38 1082
867 1083
258 1084
202 1085
365 1086
880 1087
653 1088
859 1089
409 1090
434 1091
622 1092
57 1093
163 1094
606 1095
629 1096
885 1097
363 1098
802 1099
554 1100
775 1101
438 1102
1060 1103
366 1104
1058 1105
189 1106
851 1107
1105 1108
179 1109
194 1110
506 1111
809 1112
361 1113
985 1114
723 1115
338 1116
1111 1117
1081 1118
566 1119
436 1120
516 1121
443 1122
21 1123
298 1124
917 1125
330 1126
282 1127
53 1128
307 1129
1117 1130
209 1131
603 1132
431 1133
1119 1134
642 1135
970 1136
1085 1137
26 1138
1061 1139
510 1140
283 1141
593 1142
1026 1143
465 1144
901 1145
391 1146
638 1147
468 1148
350 1149
868 1150
327 1151
286 1152
301 1153
34 1154
1112 1155
375 1156
928 1157
307 1158
662 1159
629 1160
785 1161
135 1162
265 1163
720 1164
843 1165
1090 1166
763 1167
1013 1168
569 1169
135 1170
998 1171
426 1172
1126 1173
565 1174
273 1175
1113 1176
908 1177
913 1178
678 1179
702 1180
560 1181
834 1182
378 1183
50 1184
253 1185
718 1186
567 1187
1006 1188
823 1189
1180 1190
542 1191
10 1192
789 1193
460 1194
85 1195
612 1196
406 1197
1165 1198
396 1199
573 1200
774 1201
1039 1202
968 1203
638 1204
412 1205
73 1206
890 1207
837 1208
749 1209
304 1210
1197 1211
1111 1212
562 1213
721 1214
639 1215
517 1216
944 1217
269 1218
1144 1219
410 1220
1107 1221
1135 1222
169 1223
884 1224
784 1225
1188 1226
734 1227
520 1228
415 1229
603 1230
189 1231
670 1232
40 1233
965 1234
100 1235
184 1236
549 1237
950 1238
50 1239
388 1240
222 1241
52 1242
965 1243
336 1244
571 1245
978 1246
18 1247
1018 1248
1106 1249
619 1250
71 1251
522 1252
174 1253
1179 1254
726 1255
836 1256
1013 1257
1156 1258
298 1259
880 1260
891 1261
401 1262
1191 1263
837 1264
226 1265
645 1266
193 1267
960 1268
886 1269
679 1270
1013 1271
650 1272
1264 1273
78 1274
350 1275
617 1276
315 1277
1145 1278
211 1279
320 1280
1186 1281
698 1282
157 1283
1050 1284
901 1285
100 1286
158 1287
529 1288
482 1289
785 1290
1132 1291
577 1292
1133 1293
1195 1294
146 1295
140 1296
1231 1297
977 1298
1043 1299
320 1300
787 1301
1145 1302
1067 1303
1096 1304
1125 1305
721 1306
1033 1307
916 1308
249 1309
150 1310
910 1311
764 1312
652 1313
293 1314
507 1315
1102 1316
129 1317
802 1318
711 1319
1044 1320
328 1321
772 1322
886 1323
736 1324
1187 1325
466 1326
199 1327
654 1328
1314 1329
693 1330
700 1331
733 1332
1238 1333
293 1334
1275 1335
144 1336
708 1337
1185 1338
706 1339
1099 1340
98 1341
686 1342
1107 1343
876 1344
898 1345
716 1346
1164 1347
828 1348
1280 1349
436 1350
113 1351
889 1352
800 1353
428 1354
1088 1355
741 1356
856 1357
285 1358
651 1359
630 1360
1051 1361
1179 1362
1287 1363
151 1364
416 1365
131 1366
1170 1367
1296 1368
1191 1369
876 1370
885 1371
1129 1372
1098 1373
1283 1374
908 1375
698 1376
1019 1377
1299 1378
349 1379
921 1380
573 1381
810 1382
82 1383
1119 1384
1381 1385
322 1386
317 1387
1210 1388
688 1389
375 1390
738 1391
1378 1392
349 1393
826 1394
678 1395
398 1396
979 1397
200 1398
1033 1399
243 1400
869 1401
969 1402
1044 1403
899 1404
1222 1405
1403 1406
287 1407
382 1408
963 1409
383 1410
541 1411
217 1412
622 1413
875 1414
1299 1415
794 1416
880 1417
934 1418
1094 1419
1237 1420
1312 1421
188 1422
40 1423
121 1424
399 1425
609 1426
30 1427
536 1428
1281 1429
513 1430
757 1431
771 1432
124 1433
404 1434
505 1435
1184 1436
294 1437
982 1438
810 1439
1015 1440
466 1441
1408 1442
419 1443
116 1444
1131 1445
923 1446
1152 1447
651 1448
1226 1449
979 1450
613 1451
776 1452
1274 1453
605 1454
655 1455
464 1456
1415 1457
560 1458
1125 1459
1136 1460
782 1461
1117 1462
1220 1463
832 1464
778 1465
713 1466
917 1467
393 1468
1074 1469
925 1470
1305 1471
1019 1472
842 1473
177 1474
30 1475
1 1476
161 1477
475 1478
562 1479
960 1480
1025 1481
867 1482
929 1483
1300 1484
888 1485
570 1486
1136 1487
1477 1488
1293 1489
9 1490
723 1491
608 1492
734 1493
1247 1494
293 1495
539 1496
248 1497
1253 1498
806 1499
804 1500
1300 1501
941 1502
690 1503
1071 1504
852 1505
1222 1506
536 1507
969 1508
1207 1509
169 1510
633 1511
1097 1512
1334 1513
183 1514
1227 1515
810 1516
1197 1517
129 1518
1451 1519
788 1520
93 1521
1479 1522
343 1523
16 1524
287 1525
1353 1526
919 1527
133 1528
82 1529
1462 1530
1271 1531
312 1532
408 1533
1482 1534
1447 1535
1469 1536
653 1537
1381 1538
873 1539
987 1540
1309 1541
1415 1542
311 1543
564 1544
1044 1545
674 1546
1150 1547
546 1548
1505 1549
1217 1550
219 1551
1445 1552
337 1553
769 1554
726 1555
71 1556
1058 1557
233 1558
34 1559
1289 1560
510 1561
533 1562
35 1563
524 1564
905 1565
305 1566
552 1567
652 1568
299 1569
1238 1570
1271 1571
391 1572
1292 1573
653 1574
1565 1575
174 1576
497 1577
1249 1578
184 1579
872 1580
1283 1581
1140 1582
39 1583
163 1584
1503 1585
722 1586
1568 1587
106 1588
536 1589
591 1590
1026 1591
1194 1592
65 1593
529 1594
1559 1595
629 1596
127 1597
55 1598
712 1599
607 1600
1042 1601
1089 1602
311 1603
1520 1604
1501 1605
84 1606
152 1607
1303 1608
575 1609
610 1610
806 1611
1035 1612
55 1613
1592 1614
842 1615
933 1616
471 1617
253 1618
1553 1619
1279 1620
1284 1621
1399 1622
1389 1623
75 1624
899 1625
671 1626
1514 1627
238 1628
415 1629
1000 1630
1035 1631
1546 1632
589 1633
622 1634
926 1635
1468 1636
1137 1637
1180 1638
308 1639
639 1640
664 1641
469 1642
240 1643
1271 1644
151 1645
1627 1646
111 1647
643 1648
812 1649
440 1650
26 1651
1077 1652
68 1653
258 1654
1063 1655
169 1656
384 1657
1329 1658
1402 1659
1037 1660
243 1661
1077 1662
1360 1663
284 1664
1341 1665
69 1666
751 1667
259 1668
508 1669
1658 1670
5 1671
430 1672
57 1673
820 1674
1013 1675
1442 1676
1378 1677
1066 1678
318 1679
293 1680
640 1681
1541 1682
238 1683
532 1684
711 1685
1274 1686
1625 1687
1328 1688
495 1689
1507 1690
1485 1691
1186 1692
759 1693
1146 1694
1490 1695
642 1696
831 1697
775 1698
836 1699
1247 1700
1185 1701
1373 1702
413 1703
1228 1704
1066 1705
780 1706
92 1707
1322 1708
1440 1709
1671 1710
368 1711
1425 1712
1183 1713
138 1714
357 1715
529 1716
1224 1717
1687 1718
1277 1719
86 1720
305 1721
813 1722
1376 1723
1348 1724
120 1725
706 1726
712 1727
1112 1728
418 1729
39 1730
1023 1731
107 1732
1477 1733
730 1734
44 1735
1530 1736
49 1737
1144 1738
1651 1739
1696 1740
1212 1741
1301 1742
1559 1743
1272 1744
1157 1745
327 1746
1122 1747
1607 1748
706 1749
689 1750
631 1751
1522 1752
879 1753
1380 1754
503 1755
432 1756
204 1757
200 1758
1302 1759
497 1760
676 1761
1534 1762
234 1763
336 1764
813 1765
828 1766
854 1767
1018 1768
1288 1769
914 1770
1317 1771
1146 1772
363 1773
897 1774
1734 1775
466 1776
935 1777
1228 1778
846 1779
189 1780
1669 1781
789 1782
118 1783
640 1784
214 1785
730 1786
241 1787
1409 1788
996 1789
411 1790
121 1791
1362 1792
1033 1793
1376 1794
922 1795
1089 1796
834 1797
1353 1798
435 1799
1203 1800
214 1801
309 1802
174 1803
249 1804
1115 1805
72 1806
1020 1807
429 1808
439 1809
496 1810
1151 1811
367 1812
1402 1813
1792 1814
1368 1815
655 1816
1150 1817
885 1818
1290 1819
1274 1820
1541 1821
1686 1822
1496 1823
658 1824
575 1825
366 1826
845 1827
579 1828
120 1829
538 1830
1827 1831
905 1832
479 1833
139 1834
394 1835
733 1836
822 1837
14 1838
1672 1839
1632 1840
283 1841
1762 1842
687 1843
1710 1844
1408 1845
698 1846
1417 1847
671 1848
1247 1849
180 1850
1514 1851
1789 1852
1241 1853
949 1854
108 1855
742 1856
338 1857
1485 1858
1110 1859
285 1860
1597 1861
581 1862
1629 1863
298 1864
1500 1865
1180 1866
1780 1867
1569 1868
39 1869
864 1870
579 1871
206 1872
621 1873
94 1874
973 1875
609 1876
1550 1877
293 1878
1359 1879
1556 1880
269 1881
366 1882
369 1883
113 1884
1609 1885
792 1886
1669 1887
640 1888
642 1889
1841 1890
1184 1891
804 1892
724 1893
1197 1894
848 1895
1087 1896
1009 1897
1826 1898
1667 1899
1099 1900
1560 1901
744 1902
204 1903
1465 1904
60 1905
653 1906
1519 1907
1701 1908
1840 1909
1399 1910
394 1911
551 1912
224 1913
1091 1914
58 1915
935 1916
587 1917
1458 1918
1760 1919
1893 1920
157 1921
583 1922
929 1923
1845 1924
627 1925
1415 1926
1230 1927
512 1928
377 1929
1760 1930
630 1931
390 1932
1461 1933
483 1934
128 1935
1515 1936
640 1937
661 1938
155 1939
438 1940
1865 1941
987 1942
1215 1943
801 1944
275 1945
1245 1946
1487 1947
1241 1948
692 1949
1280 1950
164 1951
762 1952
1405 1953
726 1954
1410 1955
1891 1956
958 1957
718 1958
1547 1959
1882 1960
648 1961
1213 1962
350 1963
578 1964
336 1965
1609 1966
615 1967
370 1968
187 1969
1096 1970
1692 1971
1492 1972
114 1973
1860 1974
1480 1975
1518 1976
1454 1977
1468 1978
800 1979
1838 1980
1851 1981
941 1982
950 1983
495 1984
211 1985
866 1986
527 1987
1531 1988
1641 1989
301 1990
692 1991
1093 1992
583 1993
85 1994
1269 1995
1349 1996
1640 1997
1888 1998
111 1999
472 2000
1349 2001
874 2002
671 2003
125 2004
85 2005
1362 2006
541 2007
819 2008
1639 2009
194 2010
1792 2011
1273 2012
1157 2013
1519 2014
911 2015
1230 2016
931 2017
892 2018
1031 2019
416 2020
1388 2021
241 2022
1057 2023
1555 2024
195 2025
1312 2026
74 2027
772 2028
780 2029
1144 2030
1165 2031
1615 2032
1784 2033
1580 2034
106 2035
87 2036
1202 2037
852 2038
215 2039
1649 2040
974 2041
997 2042
16 2043
1992 2044
312 2045
931 2046
1844 2047
597 2048
919 2049
1868 2050
787 2051
340 2052
503 2053
96 2054
271 2055
531 2056
1510 2057
2007 2058
608 2059
1731 2060
1329 2061
463 2062
1014 2063
240 2064
1286 2065
1382 2066
550 2067
1624 2068
1424 2069
1583 2070
1059 2071
2037 2072
396 2073
1261 2074
837 2075
1029 2076
1033 2077
901 2078
768 2079
798 2080
1207 2081
308 2082
675 2083
1781 2084
501 2085
928 2086
1609 2087
748 2088
288 2089
1289 2090
716 2091
1128 2092
891 2093
72 2094
455 2095
1650 2096
1629 2097
671 2098
862 2099
1869 2100
55 2101
486 2102
1346 2103
553 2104
565 2105
1772 2106
756 2107
1878 2108
83 2109
1728 2110
1240 2111
1176 2112
186 2113
662 2114
85 2115
1768 2116
1100 2117
1446 2118
852 2119
672 2120
1168 2121
47 2122
978 2123
137 2124
30 2125
294 2126
621 2127
2064 2128
923 2129
1559 2130
1882 2131
908 2132
498 2133
809 2134
761 2135
132 2136
1392 2137
1765 2138
873 2139
22 2140
1756 2141
1607 2142
1996 2143
2040 2144
519 2145
1562 2146
1066 2147
1536 2148
1273 2149
1198 2150
937 2151
169 2152
569 2153
1157 2154
2040 2155
1422 2156
251 2157
2047 2158
1898 2159
643 2160
2021 2161
536 2162
162 2163
1191 2164
1514 2165
722 2166
1872 2167
1453 2168
1718 2169
1915 2170
183 2171
247 2172
1392 2173
685 2174
1978 2175
1590 2176
1143 2177
1870 2178
1819 2179
1843 2180
723 2181
213 2182
202 2183
37 2184
154 2185
1222 2186
104 2187
848 2188
518 2189
186 2190
2057 2191
1881 2192
63 2193
177 2194
1915 2195
2066 2196
1442 2197
1374 2198
1745 2199
264 2200
1798 2201
2076 2202
2110 2203
1392 2204
947 2205
707 2206
201 2207
2154 2208
1918 2209
289 2210
135 2211
2069 2212
2055 2213
1299 2214
384 2215
242 2216
1544 2217
2200 2218
1454 2219
1695 2220
806 2221
1325 2222
591 2223
1050 2224
1845 2225
1535 2226
495 2227
1473 2228
885 2229
1536 2230
1168 2231
1151 2232
1527 2233
429 2234
1859 2235
874 2236
161 2237
1894 2238
302 2239
422 2240
913 2241
1262 2242
283 2243
1061 2244
795 2245
11 2246
1711 2247
1910 2248
756 2249
2195 2250
1120 2251
702 2252
1851 2253
1600 2254
1125 2255
1659 2256
794 2257
387 2258
1721 2259
1092 2260
311 2261
189 2262
862 2263
1669 2264
1390 2265
694 2266
1337 2267
333 2268
2095 2269
1987 2270
633 2271
1315 2272
98 2273
1493 2274
1110 2275
1400 2276
178 2277
1371 2278
12 2279
295 2280
799 2281
640 2282
458 2283
1640 2284
865 2285
748 2286
1521 2287
1151 2288
147 2289
1618 2290
65 2291
487 2292
2185 2293
335 2294
1551 2295
683 2296
1794 2297
2102 2298
1349 2299
164 2300
2062 2301
1322 2302
445 2303
278 2304
422 2305
621 2306
88 2307
615 2308
1127 2309
1118 2310
1934 2311
1682 2312
2098 2313
2209 2314
903 2315
1909 2316
905 2317
264 2318
1569 2319
2263 2320
2315 2321
1 2322
1776 2323
1342 2324
785 2325
1797 2326
266 2327
271 2328
163 2329
1089 2330
1402 2331
949 2332
629 2333
1795 2334
1921 2335
556 2336
1250 2337
415 2338
1634 2339
151 2340
399 2341
2008 2342
720 2343
2067 2344
539 2345
1447 2346
2136 2347
255 2348
2038 2349
841 2350
1582 2351
1839 2352
613 2353
2242 2354
620 2355
1549 2356
1865 2357
2312 2358
885 2359
652 2360
702 2361
1485 2362
340 2363
1029 2364
1313 2365
934 2366
239 2367
2219 2368
599 2369
878 2370
1028 2371
546 2372
1059 2373
533 2374
795 2375
916 2376
464 2377
952 2378
622 2379
439 2380
717 2381
571 2382
17 2383
288 2384
807 2385
1519 2386
1217 2387
2133 2388
477 2389
477 2390
1970 2391
2181 2392
429 2393
1515 2394
1023 2395
2357 2396
2305 2397
790 2398
2334 2399
907 2400
2041 2401
445 2402
1872 2403
1659 2404
2231 2405
1927 2406
939 2407
1885 2408
607 2409
1565 2410
1427 2411
2271 2412
973 2413
642 2414
971 2415
1831 2416
1926 2417
1974 2418
2008 2419
485 2420
662 2421
628 2422
619 2423
15 2424
290 2425
1818 2426
1336 2427
2230 2428
2225 2429
503 2430
158 2431
2332 2432
444 2433
1575 2434
2148 2435
266 2436
2216 2437
1169 2438
937 2439
876 2440
575 2441
598 2442
864 2443
2042 2444
1014 2445
1271 2446
1982 2447
449 2448
1028 2449
2080 2450
710 2451
1350 2452
599 2453
1458 2454
2431 2455
1821 2456
1483 2457
1238 2458
472 2459
1907 2460
236 2461
515 2462
328 2463
400 2464
775 2465
2291 2466
892 2467
1078 2468
378 2469
1942 2470
437 2471
780 2472
100 2473
2102 2474
1809 2475
2466 2476
2025 2477
2384 2478
2199 2479
1003 2480
2069 2481
291 2482
2379 2483
898 2484
919 2485
183 2486
1730 2487
1133 2488
1282 2489
829 2490
1521 2491
1101 2492
2299 2493
2270 2494
961 2495
934 2496
695 2497
680 2498
1390 2499
1885 2500
986 2501
2019 2502
1871 2503
854 2504
242 2505
2411 2506
681 2507
204 2508
2029 2509
1037 2510
898 2511
1251 2512
1270 2513
1972 2514
243 2515
642 2516
2451 2517
1312 2518
730 2519
44 2520
498 2521
2480 2522
666 2523
1253 2524
883 2525
1137 2526
1768 2527
1126 2528
432 2529
791 2530
2509 2531
1353 2532
527 2533
1609 2534
655 2535
1038 2536
652 2537
1545 2538
2076 2539
1873 2540
381 2541
72 2542
1316 2543
327 2544
1816 2545
2355 2546
1189 2547
877 2548
2163 2549
1729 2550
1674 2551
183 2552
205 2553
722 2554
1258 2555
1963 2556
1887 2557
938 2558
968 2559
1940 2560
196 2561
277 2562
944 2563
2498 2564
1686 2565
2323 2566
375 2567
2011 2568
239 2569
1155 2570
1915 2571
1403 2572
1629 2573
1127 2574
303 2575
2256 2576
623 2577
1848 2578
2558 2579
385 2580
71 2581
123 2582
858 2583
185 2584
1024 2585
370 2586
987 2587
1202 2588
45 2589
549 2590
650 2591
1006 2592
2343 2593
2488 2594
806 2595
2189 2596
1846 2597
218 2598
931 2599
1750 2600
893 2601
475 2602
2114 2603
527 2604
679 2605
1045 2606
274 2607
1676 2608
2171 2609
2528 2610
2481 2611
786 2612
1332 2613
778 2614
704 2615
1277 2616
2211 2617
232 2618
1723 2619
2428 2620
250 2621
1569 2622
1140 2623
2408 2624
2571 2625
2205 2626
415 2627
1556 2628
703 2629
1649 2630
424 2631
1349 2632
557 2633
1299 2634
997 2635
1639 2636
469 2637
2464 2638
193 2639
1526 2640
795 2641
971 2642
2483 2643
1232 2644
681 2645
1561 2646
603 2647
446 2648
1550 2649
1726 2650
874 2651
374 2652
2401 2653
1237 2654
2108 2655
2633 2656
1021 2657
1291 2658
2142 2659
187 2660
2061 2661
1366 2662
182 2663
622 2664
1589 2665
601 2666
1147 2667
1947 2668
322 2669
1259 2670
2316 2671
1320 2672
184 2673
715 2674
1621 2675
107 2676
37 2677
277 2678
2585 2679
1763 2680
1326 2681
1753 2682
957 2683
598 2684
1006 2685
1609 2686
1632 2687
341 2688
1783 2689
678 2690
250 2691
1401 2692
1250 2693
1455 2694
2255 2695
2543 2696
687 2697
2154 2698
2581 2699
1943 2700
1221 2701
2544 2702
2361 2703
1725 2704
1784 2705
1558 2706
2353 2707
1826 2708
572 2709
1655 2710
891 2711
1168 2712
1995 2713
855 2714
1990 2715
1178 2716
150 2717
1182 2718
2043 2719
84 2720
1149 2721
1378 2722
1136 2723
177 2724
129 2725
265 2726
921 2727
2380 2728
1703 2729
1272 2730
1447 2731
1192 2732
1896 2733
1755 2734
1398 2735
136 2736
224 2737
696 2738
852 2739
636 2740
2387 2741
1291 2742
2370 2743
610 2744
2086 2745
2157 2746
2437 2747
1928 2748
1833 2749
2026 2750
1290 2751
684 2752
2381 2753
1960 2754
1846 2755
1682 2756
2282 2757
2456 2758
1955 2759
1671 2760
2738 2761
1468 2762
109 2763
1891 2764
891 2765
1279 2766
23 2767
160 2768
2489 2769
1693 2770
959 2771
2284 2772
431 2773
1836 2774
434 2775
668 2776
143 2777
1403 2778
563 2779
786 2780
2249 2781
1918 2782
1119 2783
1428 2784
2609 2785
1870 2786
848 2787
1560 2788
1922 2789
1542 2790
751 2791
2276 2792
862 2793
32 2794
1922 2795
2120 2796
441 2797
1230 2798
1770 2799
1682 2800
278 2801
397 2802
2581 2803
1115 2804
403 2805
2742 2806
1533 2807
2670 2808
2070 2809
1131 2810
677 2811
1897 2812
2059 2813
1968 2814
2450 2815
251 2816
1468 2817
223 2818
2751 2819
178 2820
1563 2821
1004 2822
383 2823
956 2824
360 2825
265 2826
3 2827
452 2828
751 2829
1160 2830
1812 2831
1480 2832
488 2833
389 2834
2247 2835
683 2836
2445 2837
851 2838
2724 2839
739 2840
1851 2841
259 2842
2677 2843
768 2844
713 2845
446 2846
325 2847
1226 2848
2738 2849
41 2850
996 2851
1738 2852
2178 2853
813 2854
811 2855
2670 2856
1750 2857
2611 2858
757 2859
2809 2860
390 2861
678 2862
2544 2863
2228 2864
1310 2865
1605 2866
635 2867
2807 2868
1381 2869
1056 2870
2543 2871
1467 2872
2284 2873
2614 2874
136 2875
1495 2876
2246 2877
2206 2878
1687 2879
376 2880
2404 2881
1133 2882
2200 2883
1481 2884
2532 2885
1260 2886
25 2887
580 2888
1027 2889
2412 2890
2311 2891
596 2892
1380 2893
1319 2894
1801 2895
1085 2896
2496 2897
1344 2898
1841 2899
1238 2900
2628 2901
1791 2902
840 2903
28 2904
1135 2905
1122 2906
667 2907
2308 2908
1172 2909
1250 2910
2859 2911
1162 2912
1726 2913
1737 2914
16 2915
1082 2916
2574 2917
1699 2918
1563 2919
2151 2920
642 2921
1163 2922
2835 2923
2045 2924
1964 2925
221 2926
642 2927
193 2928
1146 2929
2697 2930
2037 2931
1175 2932
1782 2933
2880 2934
1332 2935
238 2936
1181 2937
1168 2938
2595 2939
963 2940
1093 2941
2085 2942
467 2943
2610 2944
837 2945
2165 2946
809 2947
2926 2948
2090 2949
807 2950
799 2951
163 2952
1419 2953
308 2954
1180 2955
1543 2956
2673 2957
1338 2958
1117 2959
2718 2960
2775 2961
1661 2962
777 2963
2681 2964
1746 2965
2239 2966
140 2967
210 2968
802 2969
1700 2970
100 2971
2262 2972
2662 2973
268 2974
2044 2975
315 2976
1966 2977
693 2978
2612 2979
2978 2980
18 2981
558 2982
87 2983
351 2984
330 2985
1185 2986
808 2987
1812 2988
1322 2989
1493 2990
1693 2991
2390 2992
2461 2993
773 2994
1198 2995
1259 2996
1294 2997
9 2998
1372 2999
518 3000
680 3001
1351 3002
178 3003
2867 3004
1689 3005
1130 3006
2384 3007
1275 3008
7 3009
1886 3010
2437 3011
2643 3012
2120 3013
1410 3014
378 3015
2131 3016
332 3017
2241 3018
1005 3019
123 3020
2983 3021
1388 3022
1618 3023
2387 3024
1047 3025
1682 3026
638 3027
1133 3028
167 3029
1530 3030
976 3031
1044 3032
1862 3033
2610 3034
571 3035
1539 3036
831 3037
675 3038
673 3039
1526 3040
980 3041
1055 3042
1882 3043
1770 3044
2425 3045
1474 3046
1685 3047
925 3048
1183 3049
256 3050
421 3051
620 3052
2098 3053
2249 3054
1743 3055
1562 3056
1350 3057
1000 3058
561 3059
1573 3060
718 3061
3025 3062
2218 3063
2258 3064
1972 3065
1456 3066
1558 3067
2916 3068
2516 3069
440 3070
764 3071
1482 3072
1506 3073
1538 3074
2064 3075
290 3076
917 3077
1992 3078
772 3079
1420 3080
964 3081
1134 3082
1953 3083
800 3084
1493 3085
2312 3086
710 3087
1378 3088
1694 3089
2515 3090
1764 3091
1511 3092
1998 3093
2585 3094
2730 3095
1653 3096
1017 3097
1418 3098
2208 3099
239 3100
2042 3101
3042 3102
2151 3103
1950 3104
1641 3105
530 3106
2660 3107
1212 3108
264 3109
3073 3110
1304 3111
10 3112
2478 3113
1348 3114
365 3115
1301 3116
1078 3117
296 3118
2183 3119
665 3120
343 3121
2425 3122
3086 3123
1192 3124
2153 3125
1467 3126
1188 3127
2582 3128
1411 3129
631 3130
2175 3131
2023 3132
1992 3133
137 3134
121 3135
1595 3136
2874 3137
716 3138
252 3139
2572 3140
1893 3141
1357 3142
1141 3143
1031 3144
2564 3145
1034 3146
3141 3147
890 3148
2463 3149
2495 3150
443 3151
1432 3152
1481 3153
500 3154
148 3155
2760 3156
155 3157
1240 3158
2935 3159
1764 3160
3131 3161
630 3162
388 3163
1759 3164
2429 3165
352 3166
328 3167
2760 3168
2779 3169
51 3170
204 3171
2225 3172
2765 3173
1095 3174
425 3175
601 3176
1471 3177
1271 3178
552 3179
1182 3180
2718 3181
3023 3182
1680 3183
389 3184
1447 3185
1411 3186
562 3187
3171 3188
3048 3189
2803 3190
687 3191
3128 3192
236 3193
2714 3194
2144 3195
2771 3196
681 3197
1301 3198
906 3199
88 3200
3030 3201
2121 3202
2888 3203
1688 3204
2674 3205
1470 3206
1512 3207
2675 3208
2059 3209
941 3210
2362 3211
626 3212
858 3213
3091 3214
398 3215
941 3216
3102 3217
1796 3218
47 3219
3130 3220
976 3221
1556 3222
250 3223
1560 3224
622 3225
2251 3226
1749 3227
184 3228
334 3229
548 3230
1928 3231
2800 3232
1998 3233
821 3234
1083 3235
3000 3236
2673 3237
773 3238
2854 3239
645 3240
1143 3241
2191 3242
2140 3243
377 3244
1481 3245
1837 3246
2152 3247
438 3248
358 3249
1961 3250
2682 3251
890 3252
2748 3253
516 3254
1055 3255
1488 3256
2476 3257
3024 3258
3158 3259
809 3260
1467 3261
3217 3262
1931 3263
943 3264
1682 3265
2363 3266
1664 3267
2336 3268
2221 3269
2288 3270
637 3271
3057 3272
2729 3273
2355 3274
2420 3275
1514 3276
226 3277
1274 3278
2528 3279
1832 3280
3253 3281
699 3282
2478 3283
272 3284
1852 3285
2795 3286
2190 3287
216 3288
1953 3289
1996 3290
3174 3291
1781 3292
461 3293
557 3294
3016 3295
705 3296
1666 3297
2331 3298
3160 3299
2042 3300
2025 3301
2439 3302
2801 3303
1283 3304
645 3305
1181 3306
1668 3307
1968 3308
1377 3309
420 3310
2103 3311
1319 3312
2752 3313
2467 3314
1790 3315
379 3316
1579 3317
1237 3318
1678 3319
1653 3320
689 3321
1421 3322
2607 3323
3264 3324
2652 3325
2496 3326
3217 3327
718 3328
433 3329
1294 3330
2962 3331
1119 3332
1341 3333
2232 3334
839 3335
2412 3336
1912 3337
3096 3338
2047 3339
438 3340
1414 3341
2298 3342
1141 3343
2333 3344
2220 3345
1621 3346
1150 3347
2277 3348
2650 3349
1962 3350
1626 3351
2724 3352
2868 3353
1073 3354
462 3355
323 3356
2072 3357
3185 3358
3154 3359
1638 3360
2438 3361
897 3362
678 3363
2554 3364
1841 3365
673 3366
1793 3367
288 3368
1359 3369
79 3370
2285 3371
2853 3372
1486 3373
2679 3374
1783 3375
1734 3376
2548 3377
454 3378
1487 3379
3269 3380
516 3381
2489 3382
764 3383
1550 3384
375 3385
3162 3386
779 3387
1420 3388
693 3389
866 3390
2401 3391
254 3392
1936 3393
3227 3394
1607 3395
1634 3396
3296 3397
2386 3398
1622 3399
389 3400
736 3401
2414 3402
965 3403
1973 3404
1870 3405
831 3406
2521 3407
1622 3408
1865 3409
1749 3410
2186 3411
2134 3412
2413 3413
919 3414
932 3415
2412 3416
2398 3417
2546 3418
1171 3419
2583 3420
112 3421
3090 3422
262 3423
2607 3424
150 3425
3198 3426
2865 3427
3219 3428
1430 3429
1874 3430
2011 3431
474 3432
578 3433
2460 3434
1917 3435
1900 3436
2999 3437
1527 3438
474 3439
671 3440
618 3441
1403 3442
153 3443
138 3444
1995 3445
387 3446
1002 3447
382 3448
2598 3449
1582 3450
3135 3451
1246 3452
2769 3453
2795 3454
1587 3455
2213 3456
84 3457
187 3458
1276 3459
303 3460
107 3461
1211 3462
638 3463
3192 3464
555 3465
1337 3466
1810 3467
2078 3468
3267 3469
3003 3470
2001 3471
2068 3472
610 3473
3173 3474
1065 3475
1437 3476
2961 3477
1325 3478
880 3479
2943 3480
1461 3481
2693 3482
2324 3483
616 3484
3448 3485
858 3486
1460 3487
1715 3488
124 3489
3181 3490
1412 3491
2427 3492
3365 3493
1171 3494
1469 3495
483 3496
858 3497
716 3498
2543 3499
2896 3500
1018 3501
1036 3502
2290 3503
3190 3504
3262 3505
1621 3506
458 3507
69 3508
561 3509
2532 3510
2643 3511
2759 3512
703 3513
2993 3514
1992 3515
2828 3516
1958 3517
2894 3518
1978 3519
1219 3520
1776 3521
3489 3522
1788 3523
2667 3524
3244 3525
3492 3526
2365 3527
985 3528
957 3529
2373 3530
215 3531
207 3532
2379 3533
336 3534
2470 3535
1146 3536
2619 3537
1202 3538
2364 3539
1856 3540
432 3541
3209 3542
3029 3543
2270 3544
2631 3545
2516 3546
1441 3547
3234 3548
1229 3549
1640 3550
2778 3551
2892 3552
1473 3553
2452 3554
481 3555
3148 3556
1215 3557
1351 3558
773 3559
3100 3560
2193 3561
1060 3562
2647 3563
2619 3564
102 3565
3106 3566
1899 3567
2773 3568
3545 3569
83 3570
1612 3571
129 3572
2057 3573
985 3574
2556 3575
1788 3576
2299 3577
1437 3578
1418 3579
3180 3580
1040 3581
3454 3582
2640 3583
1013 3584
3361 3585
274 3586
1135 3587
2053 3588
1246 3589
1994 3590
655 3591
3326 3592
2946 3593
2939 3594
1447 3595
392 3596
3401 3597
1850 3598
746 3599
1937 3600
3140 3601
1891 3602
2128 3603
989 3604
3259 3605
2243 3606
2293 3607
3501 3608
369 3609
1323 3610
2534 3611
556 3612
3082 3613
230 3614
2303 3615
2824 3616
1742 3617
1978 3618
3465 3619
43 3620
1479 3621
2620 3622
2316 3623
1840 3624
2145 3625
3588 3626
2331 3627
84 3628
179 3629
1211 3630
1499 3631
2407 3632
3075 3633
2499 3634
2355 3635
402 3636
1193 3637
3384 3638
1403 3639
2286 3640
546 3641
433 3642
2825 3643
2322 3644
1668 3645
1066 3646
1407 3647
336 3648
191 3649
2277 3650
2369 3651
418 3652
1178 3653
1474 3654
2577 3655
2671 3656
879 3657
2265 3658
3195 3659
1561 3660
213 3661
3342 3662
2472 3663
798 3664
1019 3665
2586 3666
1942 3667
2202 3668
228 3669
2571 3670
3177 3671
3391 3672
2607 3673
1008 3674
279 3675
3019 3676
936 3677
425 3678
1639 3679
2715 3680
3519 3681
982 3682
3123 3683
3024 3684
2190 3685
697 3686
277 3687
3163 3688
2849 3689
2158 3690
1935 3691
2791 3692
3316 3693
68 3694
1178 3695
2846 3696
3598 3697
3537 3698
3470 3699
1119 3700
1565 3701
1631 3702
2815 3703
2833 3704
2185 3705
3568 3706
1462 3707
1766 3708
632 3709
626 3710
2393 3711
2806 3712
1549 3713
1316 3714
3301 3715
837 3716
1925 3717
493 3718
333 3719
1099 3720
750 3721
82 3722
458 3723
3016 3724
2916 3725
203 3726
1701 3727
1573 3728
2002 3729
2832 3730
2226 3731
2099 3732
1588 3733
81 3734
974 3735
641 3736
1340 3737
3681 3738
2427 3739
2872 3740
125 3741
3478 3742
2183 3743
2671 3744
2736 3745
1670 3746
923 3747
2835 3748
2128 3749
701 3750
2447 3751
349 3752
1249 3753
2700 3754
2696 3755
538 3756
3240 3757
3273 3758
3294 3759
3639 3760
1995 3761
3609 3762
3315 3763
1965 3764
2752 3765
1326 3766
2036 3767
1843 3768
626 3769
1750 3770
2547 3771
1409 3772
190 3773
1365 3774
2207 3775
835 3776
2564 3777
2764 3778
3522 3779
1309 3780
3133 3781
306 3782
1095 3783
386 3784
2118 3785
572 3786
3177 3787
651 3788
3714 3789
570 3790
3486 3791
148 3792
1720 3793
19 3794
3159 3795
746 3796
2863 3797
3640 3798
654 3799
784 3800
1054 3801
320 3802
3392 3803
2861 3804
1031 3805
1894 3806
1733 3807
100 3808
1129 3809
1946 3810
2980 3811
516 3812
2736 3813
2006 3814
1052 3815
3055 3816
3128 3817
1081 3818
3104 3819
3164 3820
1451 3821
1185 3822
3200 3823
2007 3824
3451 3825
717 3826
1495 3827
3730 3828
566 3829
1466 3830
3550 3831
1890 3832
3490 3833
3454 3834
2644 3835
625 3836
2905 3837
661 3838
3471 3839
2447 3840
2103 3841
2594 3842
2676 3843
1984 3844
63 3845
657 3846
82 3847
3317 3848
2271 3849
3632 3850
2813 3851
1002 3852
3072 3853
3239 3854
1875 3855
1630 3856
1295 3857
2250 3858
2931 3859
125 3860
3798 3861
2611 3862
3588 3863
2012 3864
1282 3865
991 3866
572 3867
976 3868
1392 3869
2761 3870
768 3871
2673 3872
302 3873
12 3874
676 3875
168 3876
1281 3877
2110 3878
38 3879
2142 3880
191 3881
1541 3882
1076 3883
1356 3884
500 3885
678 3886
3631 3887
701 3888
2384 3889
3384 3890
3770 3891
3536 3892
2396 3893
1989 3894
3598 3895
2902 3896
67 3897
3514 3898
2001 3899
2914 3900
765 3901
1726 3902
3600 3903
2723 3904
2648 3905
2345 3906
1278 3907
2040 3908
107 3909
2249 3910
783 3911
2562 3912
1826 3913
3904 3914
2209 3915
2810 3916
754 3917
3204 3918
3570 3919
3859 3920
1895 3921
1651 3922
542 3923
3711 3924
40 3925
590 3926
3295 3927
1229 3928
1193 3929
2189 3930
235 3931
3422 3932
1940 3933
1510 3934
61 3935
1290 3936
3029 3937
986 3938
2875 3939
729 3940
1603 3941
2393 3942
1977 3943
485 3944
1384 3945
1669 3946
2959 3947
1031 3948
416 3949
3600 3950
2677 3951
3303 3952
3234 3953
1579 3954
446 3955
1783 3956
3031 3957
2651 3958
1627 3959
2597 3960
1850 3961
1400 3962
2294 3963
2598 3964
1345 3965
2359 3966
1051 3967
2250 3968
1611 3969
1036 3970
1274 3971
3458 3972
3535 3973
168 3974
513 3975
1123 3976
2217 3977
2688 3978
2618 3979
372 3980
2249 3981
1477 3982
3632 3983
2898 3984
3600 3985
2832 3986
2824 3987
2568 3988
1516 3989
2905 3990
1803 3991
960 3992
432 3993
770 3994
2452 3995
3518 3996
836 3997
3353 3998
3331 3999
2930 4000
1875 4001
2866 4002
1769 4003
2171 4004
2443 4005
348 4006
158 4007
2019 4008
1878 4009
2333 4010
1703 4011
874 4012
2857 4013
281 4014
1050 4015
1016 4016
1739 4017
1450 4018
1589 4019
3392 4020
2372 4021
418 4022
961 4023
1754 4024
1013 4025
2345 4026
4008 4027
55 4028
3864 4029
3679 4030
1371 4031
1067 4032
902 4033
3122 4034
1702 4035
3664 4036
470 4037
1052 4038
4011 4039
2449 4040
3383 4041
2067 4042
3513 4043
3429 4044
3402 4045
3853 4046
1987 4047
2430 4048
461 4049
2330 4050
3018 4051
3004 4052
258 4053
1926 4054
2072 4055
2273 4056
2199 4057
1654 4058
497 4059
3139 4060
2983 4061
3539 4062
731 4063
3453 4064
3960 4065
124 4066
2515 4067
3769 4068
1495 4069
2731 4070
863 4071
2865 4072
3928 4073
1153 4074
419 4075
2639 4076
1217 4077
2516 4078
3959 4079
756 4080
2717 4081
1430 4082
1008 4083
3334 4084
884 4085
2085 4086
3516 4087
13 4088
2007 4089
1847 4090
3032 4091
793 4092
3812 4093
1806 4094
472 4095
3576 4096
2587 4097
3714 4098
2094 4099
2309 4100
2485 4101
53 4102
2683 4103
3439 4104
1269 4105
1274 4106
2618 4107
1314 4108
1324 4109
2358 4110
405 4111
2924 4112
2177 4113
1012 4114
2407 4115
36 4116
3563 4117
711 4118
2880 4119
1946 4120
140 4121
3550 4122
2357 4123
508 4124
2153 4125
3807 4126
1545 4127
2050 4128
3240 4129
1608 4130
1489 4131
1721 4132
3526 4133
1490 4134
1270 4135
3616 4136
3506 4137
4128 4138
3191 4139
1882 4140
2460 4141
614 4142
2097 4143
2291 4144
4022 4145
1359 4146
2779 4147
16 4148
2432 4149
3110 4150
1100 4151
1081 4152
2647 4153
2028 4154
1974 4155
560 4156
1666 4157
1134 4158
3360 4159
164 4160
524 4161
2894 4162
1896 4163
1506 4164
1946 4165
3662 4166
4160 4167
1311 4168
1906 4169
764 4170
2647 4171
3064 4172
2847 4173
2013 4174
703 4175
1159 4176
2078 4177
1305 4178
1389 4179
2027 4180
3972 4181
2890 4182
3157 4183
3381 4184
2957 4185
2883 4186
187 4187
1164 4188
2384 4189
4066 4190
1822 4191
741 4192
3721 4193
503 4194
1756 4195
2126 4196
3248 4197
4167 4198
400 4199
1625 4200
2708 4201
1927 4202
1920 4203
3026 4204
418 4205
1209 4206
2923 4207
4042 4208
1688 4209
1931 4210
3292 4211
2345 4212
3973 4213
1108 4214
4002 4215
3128 4216
2451 4217
952 4218
2088 4219
1287 4220
4129 4221
585 4222
289 4223
116 4224
3159 4225
1653 4226
1126 4227
75 4228
2694 4229
3581 4230
1722 4231
3972 4232
868 4233
602 4234
2471 4235
3009 4236
1007 4237
1859 4238
10 4239
3076 4240
3682 4241
3087 4242
834 4243
2669 4244
2661 4245
3136 4246
1786 4247
2069 4248
1333 4249
2349 4250
535 4251
3496 4252
1257 4253
462 4254
2005 4255
774 4256
3691 4257
500 4258
927 4259
985 4260
2782 4261
3682 4262
1070 4263
922 4264
186 4265
3174 4266
1020 4267
766 4268
324 4269
196 4270
2905 4271
1359 4272
1078 4273
3845 4274
3039 4275
2228 4276
3444 4277
332 4278
3111 4279
952 4280
1094 4281
2340 4282
8 4283
1380 4284
4019 4285
58 4286
1431 4287
3871 4288
371 4289
2262 4290
49 4291
1742 4292
1430 4293
4051 4294
3120 4295
3832 4296
1862 4297
1882 4298
551 4299
762 4300
1163 4301
537 4302
970 4303
2620 4304
1446 4305
1866 4306
1891 4307
2070 4308
1447 4309
464 4310
389 4311
823 4312
3347 4313
2270 4314
3991 4315
47 4316
1135 4317
4220 4318
2688 4319
2783 4320
2664 4321
1221 4322
2026 4323
774 4324
2125 4325
3315 4326
4224 4327
634 4328
1090 4329
2711 4330
1039 4331
2848 4332
2719 4333
3606 4334
1934 4335
1542 4336
1114 4337
3670 4338
3602 4339
3661 4340
3685 4341
1831 4342
2906 4343
2151 4344
3639 4345
3462 4346
262 4347
1855 4348
603 4349
226 4350
2927 4351
741 4352
2424 4353
2052 4354
1202 4355
3890 4356
954 4357
2201 4358
863 4359
3925 4360
4325 4361
1597 4362
3739 4363
381 4364
1955 4365
995 4366
1556 4367
437 4368
2543 4369
2731 4370
754 4371
3814 4372
964 4373
277 4374
3011 4375
2135 4376
2784 4377
710 4378
3804 4379
2964 4380
1924 4381
1726 4382
4032 4383
2323 4384
1095 4385
95 4386
2946 4387
91 4388
1617 4389
1290 4390
3671 4391
2043 4392
4046 4393
2481 4394
1375 4395
3711 4396
2701 4397
2738 4398
3011 4399
1546 4400
3027 4401
2058 4402
2295 4403
664 4404
939 4405
1794 4406
2582 4407
2286 4408
1152 4409
2860 4410
3266 4411
1962 4412
1957 4413
4112 4414
1784 4415
285 4416
3488 4417
3461 4418
4108 4419
3995 4420
3902 4421
2920 4422
575 4423
2841 4424
2407 4425
3653 4426
150 4427
2236 4428
2933 4429
2986 4430
3990 4431
3227 4432
3951 4433
3734 4434
3542 4435
3690 4436
734 4437
40 4438
3970 4439
2929 4440
3320 4441
1325 4442
502 4443
3215 4444
1128 4445
2439 4446
3416 4447
947 4448
1799 4449
3909 4450
339 4451
3490 4452
4382 4453
30 4454
450 4455
1378 4456
2240 4457
183 4458
1306 4459
1306 4460
1268 4461
2717 4462
4113 4463
899 4464
2814 4465
3266 4466
2432 4467
2596 4468
3040 4469
2248 4470
2096 4471
1454 4472
317 4473
221 4474
2664 4475
4213 4476
1476 4477
4133 4478
2499 4479
1592 4480
1407 4481
3759 4482
3602 4483
1890 4484
3488 4485
1355 4486
670 4487
3631 4488
490 4489
2245 4490
998 4491
672 4492
613 4493
1081 4494
3885 4495
3579 4496
4429 4497
481 4498
793 4499
1713 4500
96 4501
2817 4502
3347 4503
4173 4504
776 4505
2665 4506
2123 4507
2450 4508
4242 4509
1711 4510
1631 4511
3778 4512
2452 4513
344 4514
4040 4515
2752 4516
3523 4517
3776 4518
238 4519
2090 4520
28 4521
3753 4522
2144 4523
3181 4524
362 4525
3270 4526
1520 4527
1136 4528
2327 4529
461 4530
4188 4531
3341 4532
2622 4533
1959 4534
964 4535
2128 4536
1767 4537
1786 4538
4333 4539
1050 4540
247 4541
2965 4542
3674 4543
2942 4544
537 4545
149 4546
54 4547
1314 4548
2376 4549
2687 4550
795 4551
3905 4552
204 4553
4113 4554
2697 4555
2675 4556
190 4557
163 4558
1059 4559
1215 4560
2564 4561
1231 4562
2070 4563
1601 4564
3861 4565
1513 4566
3436 4567
1404 4568
1790 4569
3717 4570
3468 4571
2480 4572
2588 4573
4518 4574
884 4575
4509 4576
24 4577
1769 4578
3686 4579
243 4580
1731 4581
4070 4582
3285 4583
2286 4584
2578 4585
3518 4586
3250 4587
2674 4588
1363 4589
3089 4590
1910 4591
1776 4592
2885 4593
569 4594
1778 4595
3107 4596
2154 4597
777 4598
3050 4599
475 4600
2029 4601
1170 4602
2648 4603
3907 4604
3225 4605
3595 4606
3473 4607
1238 4608
1428 4609
3239 4610
1804 4611
2745 4612
2082 4613
3187 4614
1324 4615
2463 4616
1716 4617
3171 4618
2023 4619
4058 4620
236 4621
671 4622
2255 4623
3376 4624
1050 4625
4502 4626
164 4627
3168 4628
1327 4629
485 4630
2805 4631
139 4632
407 4633
1726 4634
2994 4635
3082 4636
3724 4637
416 4638
3279 4639
3554 4640
396 4641
2003 4642
815 4643
2112 4644
1724 4645
442 4646
2331 4647
178 4648
4148 4649
2139 4650
1089 4651
2806 4652
4506 4653
2873 4654
2452 4655
4519 4656
1244 4657
3090 4658
1162 4659
1016 4660
3722 4661
3882 4662
3629 4663
2083 4664
3964 4665
3380 4666
25 4667
2381 4668
354 4669
3650 4670
886 4671
3553 4672
2335 4673
4524 4674
2259 4675
679 4676
4673 4677
175 4678
185 4679
1410 4680
1386 4681
3162 4682
423 4683
1370 4684
1321 4685
182 4686
2436 4687
1989 4688
4402 4689
3735 4690
4546 4691
3027 4692
238 4693
866 4694
3854 4695
334 4696
4683 4697
1644 4698
51 4699
4543 4700
50 4701
2538 4702
2130 4703
630 4704
1721 4705
2938 4706
1687 4707
589 4708
260 4709
1913 4710
33 4711
3568 4712
769 4713
2871 4714
800 4715
2272 4716
3020 4717
608 4718
1542 4719
2106 4720
584 4721
1594 4722
1680 4723
4190 4724
3080 4725
1289 4726
1723 4727
2780 4728
318 4729
1279 4730
2662 4731
2207 4732
2541 4733
2804 4734
3985 4735
3076 4736
745 4737
821 4738
1756 4739
2651 4740
4015 4741
2225 4742
1667 4743
2918 4744
177 4745
987 4746
2540 4747
1117 4748
4231 4749
2565 4750
4383 4751
704 4752
628 4753
2368 4754
1299 4755
750 4756
1571 4757
3820 4758
4618 4759
2594 4760
1877 4761
1269 4762
1859 4763
1830 4764
1270 4765
2455 4766
3714 4767
660 4768
2045 4769
432 4770
1876 4771
366 4772
2341 4773
1372 4774
524 4775
1507 4776
2448 4777
4363 4778
1556 4779
4387 4780
2223 4781
1228 4782
4527 4783
2287 4784
2525 4785
1352 4786
947 4787
3281 4788
1159 4789
2032 4790
1162 4791
2136 4792
3241 4793
4694 4794
317 4795
2400 4796
3750 4797
2018 4798
2597 4799
2128 4800
3594 4801
4041 4802
2617 4803
1818 4804
213 4805
3933 4806
4200 4807
3855 4808
1707 4809
1735 4810
4330 4811
1059 4812
3555 4813
184 4814
1802 4815
1926 4816
1876 4817
1202 4818
3672 4819
1081 4820
2155 4821
1883 4822
3827 4823
146 4824
561 4825
1041 4826
1363 4827
3807 4828
193 4829
1489 4830
903 4831
2233 4832
17 4833
4498 4834
970 4835
2505 4836
23 4837
823 4838
1819 4839
3341 4840
246 4841
2939 4842
4023 4843
1958 4844
1062 4845
1999 4846
3864 4847
3177 4848
673 4849
2883 4850
3463 4851
4150 4852
2345 4853
1727 4854
3843 4855
153 4856
1248 4857
4840 4858
3361 4859
4472 4860
2600 4861
3296 4862
146 4863
1004 4864
1340 4865
1116 4866
4374 4867
3003 4868
4857 4869
1514 4870
419 4871
642 4872
3259 4873
3717 4874
3271 4875
4832 4876
1921 4877
4268 4878
2825 4879
709 4880
2263 4881
1996 4882
3085 4883
1640 4884
4226 4885
2133 4886
1869 4887
2411 4888
3137 4889
1538 4890
3530 4891
1244 4892
3357 4893
1221 4894
2034 4895
3645 4896
1918 4897
119 4898
4658 4899
390 4900
775 4901
3728 4902
3444 4903
920 4904
3463 4905
4382 4906
3681 4907
4515 4908
2044 4909
142 4910
1213 4911
1580 4912
3283 4913
2339 4914
4241 4915
2591 4916
2911 4917
715 4918
1466 4919
737 4920
3864 4921
4322 4922
944 4923
2577 4924
4293 4925
639 4926
2195 4927
275 4928
3771 4929
4884 4930
836 4931
2655 4932
3254 4933
1273 4934
3668 4935
3613 4936
2140 4937
3933 4938
2211 4939
2557 4940
1035 4941
997 4942
48 4943
1444 4944
4030 4945
3302 4946
4084 4947
3485 4948
4193 4949
1347 4950
678 4951
2855 4952
4926 4953
4772 4954
1541 4955
2394 4956
4604 4957
4908 4958
1918 4959
2096 4960
4610 4961
2668 4962
507 4963
3945 4964
73 4965
1648 4966
490 4967
2880 4968
2347 4969
3780 4970
1131 4971
271 4972
4151 4973
4276 4974
427 4975
4220 4976
472 4977
826 4978
1357 4979
1255 4980
290 4981
958 4982
4641 4983
3841 4984
2029 4985
1304 4986
1335 4987
4247 4988
4313 4989
4202 4990
2036 4991
2938 4992
1361 4993
3705 4994
2613 4995
2718 4996
1829 4997
4327 4998
266 4999
3839 5000
3127 5001
2333 5002
4785 5003
1951 5004
4989 5005
2753 5006
2799 5007
299 5008
4729 5009
23 5010
1429 5011
1699 5012
54 5013
2062 5014
870 5015
4814 5016
1362 5017
1456 5018
928 5019
434 5020
3244 5021
2057 5022
2256 5023
2753 5024
1661 5025
3535 5026
2450 5027
4972 5028
1309 5029
3950 5030
1058 5031
4752 5032
3470 5033
1540 5034
4531 5035
1424 5036
3125 5037
2272 5038
2834 5039
3716 5040
2490 5041
1135 5042
4240 5043
1432 5044
4358 5045
1471 5046
2472 5047
1870 5048
3640 5049
130 5050
495 5051
1915 5052
3237 5053
4830 5054
1196 5055
3186 5056
1425 5057
1086 5058
346 5059
2044 5060
4914 5061
2611 5062
2609 5063
4846 5064
1921 5065
3465 5066
1208 5067
4623 5068
4648 5069
1233 5070
2956 5071
3966 5072
795 5073
4773 5074
2288 5075
598 5076
3335 5077
4544 5078
2341 5079
988 5080
690 5081
1085 5082
209 5083
1481 5084
4739 5085
2674 5086
3016 5087
2348 5088
1498 5089
4342 5090
3244 5091
2190 5092
3101 5093
4902 5094
301 5095
4413 5096
449 5097
651 5098
2613 5099
1939 5100
1131 5101
3197 5102
3022 5103
3563 5104
448 5105
4450 5106
2299 5107
1819 5108
2149 5109
2983 5110
3082 5111
483 5112
4895 5113
4105 5114
1969 5115
200 5116
1571 5117
252 5118
2213 5119
659 5120
2511 5121
2924 5122
433 5123
3180 5124
3602 5125
253 5126
3304 5127
3621 5128
3661 5129
802 5130
660 5131
4749 5132
4471 5133
2410 5134
4369 5135
1607 5136
1879 5137
3590 5138
1498 5139
724 5140
3202 5141
1535 5142
2081 5143
1660 5144
343 5145
3606 5146
4387 5147
2526 5148
4452 5149
583 5150
2787 5151
4418 5152
4246 5153
4677 5154
2246 5155
158 5156
1855 5157
3495 5158
1813 5159
4893 5160
610 5161
270 5162
1411 5163
472 5164
3754 5165
1819 5166
1807 5167
2015 5168
2795 5169
2262 5170
3058 5171
679 5172
356 5173
3754 5174
4868 5175
3782 5176
183 5177
2442 5178
4288 5179
758 5180
2007 5181
56 5182
3135 5183
4690 5184
3181 5185
831 5186
1971 5187
2306 5188
2067 5189
4953 5190
2578 5191
849 5192
2385 5193
1583 5194
3460 5195
1356 5196
778 5197
2479 5198
4227 5199
4314 5200
374 5201
5155 5202
4221 5203
341 5204
2984 5205
4525 5206
4975 5207
467 5208
2275 5209
3014 5210
4738 5211
3406 5212
653 5213
2991 5214
3395 5215
2113 5216
4680 5217
3893 5218
828 5219
2921 5220
3240 5221
3716 5222
4597 5223
3965 5224
4011 5225
2794 5226
585 5227
1338 5228
4137 5229
1885 5230
4911 5231
531 5232
263 5233
861 5234
3125 5235
1301 5236
4731 5237
1843 5238
5109 5239
2076 5240
1971 5241
4256 5242
2163 5243
5229 5244
922 5245
2908 5246
2836 5247
1054 5248
1166 5249
3145 5250
3289 5251
4057 5252
3935 5253
3394 5254
631 5255
4660 5256
5011 5257
3411 5258
4521 5259
728 5260
4678 5261
3427 5262
4565 5263
1906 5264
2612 5265
162 5266
1490 5267
2171 5268
2856 5269
4825 5270
2359 5271
2680 5272
1512 5273
2909 5274
358 5275
265 5276
2375 5277
3834 5278
359 5279
2629 5280
1756 5281
4793 5282
4361 5283
3548 5284
3113 5285
4971 5286
3922 5287
2959 5288
2657 5289
3425 5290
2073 5291
5062 5292
238 5293
4557 5294
616 5295
923 5296
1220 5297
4209 5298
565 5299
1302 5300
1180 5301
429 5302
3433 5303
4692 5304
1654 5305
2208 5306
5278 5307
1719 5308
3092 5309
1550 5310
1051 5311
5189 5312
2138 5313
3976 5314
1562 5315
565 5316
2533 5317
2200 5318
2779 5319
2536 5320
5272 5321
1437 5322
1542 5323
619 5324
254 5325
1311 5326
216 5327
5162 5328
4392 5329
5046 5330
327 5331
321 5332
1811 5333
222 5334
2149 5335
320 5336
3442 5337
2981 5338
4919 5339
1771 5340
3132 5341
1863 5342
2953 5343
490 5344
1728 5345
1341 5346
3042 5347
1686 5348
2396 5349
4888 5350
4162 5351
4473 5352
1236 5353
2073 5354
3704 5355
3075 5356
1968 5357
3324 5358
5213 5359
2814 5360
41 5361
3209 5362
2457 5363
1490 5364
1213 5365
4457 5366
337 5367
1497 5368
1007 5369
73 5370
544 5371
167 5372
19 5373
2835 5374
3851 5375
4366 5376
785 5377
5235 5378
4411 5379
3369 5380
4749 5381
2772 5382
4494 5383
4584 5384
1092 5385
3270 5386
2149 5387
457 5388
1160 5389
4279 5390
4361 5391
3582 5392
5119 5393
5219 5394
3439 5395
4438 5396
4093 5397
4625 5398
1199 5399
4577 5400
3520 5401
4580 5402
749 5403
4798 5404
2221 5405
1528 5406
2571 5407
2734 5408
3519 5409
1375 5410
5023 5411
3434 5412
3037 5413
1737 5414
114 5415
3120 5416
5203 5417
773 5418
760 5419
2084 5420
2588 5421
1714 5422
172 5423
3078 5424
2994 5425
2942 5426
2621 5427
193 5428
5375 5429
1078 5430
5323 5431
503 5432
1442 5433
4590 5434
2132 5435
4199 5436
3872 5437
4058 5438
412 5439
4021 5440
2174 5441
1589 5442
2125 5443
1875 5444
3590 5445
3544 5446
2454 5447
1656 5448
4518 5449
3076 5450
39 5451
2905 5452
5367 5453
4541 5454
716 5455
645 5456
2453 5457
3461 5458
1386 5459
4744 5460
1865 5461
5432 5462
2322 5463
218 5464
4223 5465
256 5466
674 5467
3996 5468
840 5469
2785 5470
3325 5471
1449 5472
4563 5473
1342 5474
3787 5475
2226 5476
5021 5477
2162 5478
3948 5479
3120 5480
1509 5481
575 5482
2427 5483
5106 5484
4995 5485
4935 5486
2855 5487
3525 5488
1547 5489
3279 5490
1619 5491
1914 5492
3943 5493
127 5494
5384 5495
538 5496
622 5497
4270 5498
2910 5499
3829 5500
4454 5501
4898 5502
832 5503
814 5504
5003 5505
5502 5506
1789 5507
3273 5508
5070 5509
1304 5510
393 5511
4576 5512
4910 5513
4389 5514
4956 5515
4851 5516
4062 5517
1223 5518
1370 5519
1088 5520
4773 5521
2270 5522
4623 5523
1027 5524
5409 5525
2634 5526
5369 5527
73 5528
245 5529
300 5530
1730 5531
2257 5532
4614 5533
2133 5534
1793 5535
2645 5536
616 5537
775 5538
2057 5539
4769 5540
363 5541
356 5542
1714 5543
325 5544
1907 5545
254 5546
3462 5547
2020 5548
2684 5549
1036 5550
2507 5551
2453 5552
1810 5553
1568 5554
5525 5555
4741 5556
4763 5557
5141 5558
3833 5559
4429 5560
4547 5561
3799 5562
3553 5563
477 5564
3042 5565
4679 5566
1428 5567
1935 5568
4187 5569
5463 5570
322 5571
522 5572
5127 5573
1793 5574
2105 5575
10 5576
1988 5577
3861 5578
2246 5579
5175 5580
5434 5581
1453 5582
3406 5583
3790 5584
3981 5585
4744 5586
1465 5587
3441 5588
3886 5589
3949 5590
2870 5591
658 5592
3503 5593
3696 5594
420 5595
3653 5596
1648 5597
3738 5598
4287 5599
4663 5600
3255 5601
1633 5602
2951 5603
3372 5604
4376 5605
3712 5606
4820 5607
2514 5608
1837 5609
379 5610
3532 5611
4102 5612
3491 5613
5457 5614
672 5615
813 5616
2460 5617
2289 5618
2057 5619
3256 5620
2146 5621
5340 5622
5282 5623
4379 5624
2484 5625
1700 5626
3868 5627
2606 5628
3720 5629
2344 5630
3489 5631
1559 5632
5285 5633
2476 5634
496 5635
1486 5636
962 5637
2892 5638
5002 5639
1185 5640
1064 5641
2665 5642
1538 5643
215 5644
3709 5645
2045 5646
5503 5647
4641 5648
4991 5649
1277 5650
3918 5651
825 5652
1308 5653
893 5654
532 5655
4836 5656
1179 5657
58 5658
389 5659
4899 5660
2206 5661
2320 5662
1050 5663
1160 5664
5507 5665
4645 5666
2391 5667
4030 5668
1493 5669
3632 5670
4649 5671
273 5672
3067 5673
2504 5674
1751 5675
876 5676
1058 5677
4634 5678
2869 5679
5183 5680
1169 5681
1620 5682
5680 5683
2331 5684
1293 5685
4488 5686
5330 5687
1300 5688
749 5689
4427 5690
1450 5691
3308 5692
1439 5693
5321 5694
4533 5695
3280 5696
5017 5697
120 5698
5585 5699
86 5700
4347 5701
3051 5702
2003 5703
4070 5704
4759 5705
903 5706
4228 5707
4774 5708
3900 5709
392 5710
648 5711
1419 5712
4720 5713
3305 5714
2037 5715
1282 5716
1946 5717
4114 5718
1582 5719
2004 5720
3621 5721
1451 5722
3675 5723
1465 5724
857 5725
4370 5726
5180 5727
4209 5728
814 5729
3916 5730
3130 5731
2420 5732
3962 5733
727 5734
3086 5735
5727 5736
2723 5737
1376 5738
4473 5739
4132 5740
5235 5741
4909 5742
474 5743
951 5744
1944 5745
2244 5746
2875 5747
1390 5748
3030 5749
1211 5750
746 5751
2007 5752
477 5753
3003 5754
4628 5755
1651 5756
3409 5757
347 5758
4429 5759
1709 5760
12 5761
5160 5762
2438 5763
4927 5764
2740 5765
3600 5766
3149 5767
535 5768
2295 5769
959 5770
4699 5771
1692 5772
24 5773
304 5774
3633 5775
2922 5776
5703 5777
238 5778
1690 5779
5632 5780
2362 5781
339 5782
5530 5783
1513 5784
86 5785
2380 5786
4149 5787
896 5788
1295 5789
4121 5790
2848 5791
2158 5792
3816 5793
1337 5794
2360 5795
3839 5796
1671 5797
1766 5798
2598 5799
4156 5800
2107 5801
2173 5802
2518 5803
4539 5804
4633 5805
5151 5806
1771 5807
1244 5808
786 5809
1818 5810
938 5811
773 5812
2530 5813
674 5814
3657 5815
575 5816
1450 5817
764 5818
1329 5819
675 5820
3806 5821
4949 5822
2351 5823
1253 5824
3671 5825
2832 5826
116 5827
5368 5828
4898 5829
2591 5830
25 5831
747 5832
2939 5833
5595 5834
4604 5835
4785 5836
3725 5837
5497 5838
3326 5839
5578 5840
5809 5841
2592 5842
1846 5843
1854 5844
2568 5845
3666 5846
4676 5847
1645 5848
4578 5849
1649 5850
4007 5851
5431 5852
3273 5853
3423 5854
5582 5855
4281 5856
3560 5857
4326 5858
3713 5859
831 5860
5518 5861
4797 5862
1338 5863
5526 5864
3382 5865
4903 5866
4272 5867
3802 5868
666 5869
5803 5870
3835 5871
361 5872
3164 5873
1102 5874
2404 5875
697 5876
4333 5877
2666 5878
5 5879
2602 5880
4638 5881
4410 5882
582 5883
5333 5884
3605 5885
1872 5886
4201 5887
5090 5888
5724 5889
82 5890
84 5891
3203 5892
4208 5893
4467 5894
2898 5895
4206 5896
3201 5897
2407 5898
5851 5899
3353 5900
3833 5901
3904 5902
4727 5903
3511 5904
3574 5905
61 5906
3462 5907
4719 5908
2739 5909
5405 5910
5591 5911
5134 5912
3838 5913
1666 5914
506 5915
5139 5916
1358 5917
4395 5918
3302 5919
19 5920
4832 5921
718 5922
1518 5923
4303 5924
5366 5925
3897 5926
2478 5927
3261 5928
662 5929
5445 5930
4463 5931
4940 5932
1518 5933
1164 5934
2590 5935
4303 5936
1282 5937
5756 5938
1581 5939
760 5940
5361 5941
4687 5942
2276 5943
2519 5944
4135 5945
3903 5946
4147 5947
5051 5948
1044 5949
728 5950
1077 5951
5047 5952
3204 5953
4791 5954
4855 5955
1419 5956
3535 5957
1942 5958
219 5959
3939 5960
1664 5961
4014 5962
3409 5963
2410 5964
851 5965
1340 5966
5681 5967
2285 5968
3731 5969
2531 5970
1189 5971
5655 5972
3000 5973
77 5974
3580 5975
3435 5976
550 5977
2782 5978
3960 5979
3695 5980
5079 5981
5133 5982
5180 5983
5311 5984
3498 5985
1929 5986
1479 5987
2184 5988
5553 5989
3172 5990
4817 5991
1648 5992
1054 5993
4605 5994
3296 5995
1310 5996
851 5997
2625 5998
1265 5999
1671 6000
2817 6001
5014 6002
4560 6003
4742 6004
5153 6005
1014 6006
3629 6007
3589 6008
463 6009
996 6010
4193 6011
5932 6012
720 6013
1017 6014
2546 6015
2965 6016
1884 6017
4959 6018
1947 6019
1108 6020
2672 6021
190 6022
5978 6023
1736 6024
2595 6025
334 6026
5566 6027
5222 6028
5178 6029
1031 6030
2423 6031
4926 6032
4228 6033
830 6034
4871 6035
4026 6036
213 6037
1722 6038
4727 6039
5843 6040
5614 6041
5077 6042
740 6043
4004 6044
1940 6045
2090 6046
1831 6047
1628 6048
3632 6049
1371 6050
4136 6051
4614 6052
4466 6053
1547 6054
1361 6055
4389 6056
5303 6057
6053 6058
815 6059
5027 6060
3345 6061
2475 6062
1505 6063
651 6064
2917 6065
5626 6066
1955 6067
5945 6068
5077 6069
4058 6070
5885 6071
1826 6072
236 6073
2859 6074
1158 6075
5392 6076
3524 6077
2932 6078
4317 6079
3693 6080
2193 6081
782 6082
5644 6083
2009 6084
3735 6085
4078 6086
4828 6087
2824 6088
4668 6089
5634 6090
4600 6091
4228 6092
4041 6093
443 6094
3675 6095
5342 6096
3809 6097
1463 6098
1121 6099
4139 6100
3669 6101
2118 6102
5870 6103
2784 6104
4660 6105
3122 6106
295 6107
2170 6108
604 6109
2933 6110
1388 6111
516 6112
1996 6113
6086 6114
2340 6115
4787 6116
705 6117
3112 6118
4342 6119
4163 6120
93 6121
1294 6122
2058 6123
829 6124
3167 6125
2199 6126
4728 6127
5971 6128
4342 6129
2246 6130
5970 6131
2917 6132
5296 6133
232 6134
2613 6135
5683 6136
443 6137
6035 6138
4872 6139
2103 6140
3570 6141
1663 6142
3058 6143
3760 6144
517 6145
1574 6146
4689 6147
1491 6148
5904 6149
3260 6150
2906 6151
5868 6152
3897 6153
4864 6154
2293 6155
4755 6156
4890 6157
5767 6158
1194 6159
662 6160
3357 6161
4184 6162
5874 6163
3842 6164
3300 6165
2936 6166
917 6167
5107 6168
5385 6169
162 6170
5612 6171
366 6172
4877 6173
2585 6174
1291 6175
1822 6176
5165 6177
6033 6178
3632 6179
5537 6180
3243 6181
2442 6182
5421 6183
2872 6184
116 6185
6105 6186
5480 6187
2341 6188
1425 6189
330 6190
1004 6191
1844 6192
4448 6193
5670 6194
1439 6195
2182 6196
364 6197
5690 6198
52 6199
5196 6200
5482 6201
3935 6202
572 6203
2735 6204
2559 6205
4471 6206
736 6207
5129 6208
5886 6209
2604 6210
485 6211
3607 6212
1932 6213
3596 6214
3718 6215
2923 6216
4094 6217
3332 6218
860 6219
29 6220
256 6221
3038 6222
5006 6223
4826 6224
2955 6225
1110 6226
889 6227
768 6228
5826 6229
2244 6230
398 6231
2363 6232
365 6233
3557 6234
5503 6235
2751 6236
3396 6237
1053 6238
108 6239
3764 6240
4168 6241
62 6242
3740 6243
3828 6244
5989 6245
2413 6246
2478 6247
5292 6248
2572 6249
952 6250
2894 6251
1404 6252
4971 6253
5245 6254
1514 6255
6136 6256
4236 6257
4626 6258
4578 6259
5759 6260
6072 6261
1395 6262
1741 6263
2455 6264
2268 6265
334 6266
3371 6267
2776 6268
3604 6269
186 6270
551 6271
4032 6272
1199 6273
5588 6274
4167 6275
3662 6276
5966 6277
3885 6278
69 6279
3991 6280
2461 6281
2371 6282
1007 6283
5000 6284
3349 6285
3636 6286
4276 6287
4320 6288
4540 6289
6047 6290
1494 6291
5260 6292
3460 6293
1979 6294
830 6295
1809 6296
4289 6297
1438 6298
3532 6299
4216 6300
4509 6301
2618 6302
2722 6303
1233 6304
2314 6305
4172 6306
410 6307
6142 6308
1481 6309
5861 6310
1761 6311
6193 6312
3139 6313
718 6314
4137 6315
2242 6316
3768 6317
4238 6318
3625 6319
2312 6320
5620 6321
4510 6322
1836 6323
893 6324
3318 6325
3625 6326
4211 6327
1659 6328
4836 6329
1079 6330
852 6331
2052 6332
2340 6333
4977 6334
2000 6335
2313 6336
5862 6337
1182 6338
230 6339
6273 6340
5741 6341
4238 6342
2347 6343
4077 6344
5789 6345
5171 6346
3704 6347
901 6348
1791 6349
44 6350
4034 6351
3095 6352
4327 6353
2313 6354
99 6355
546 6356
3956 6357
1187 6358
6013 6359
5268 6360
2849 6361
3560 6362
4899 6363
2067 6364
5549 6365
466 6366
5356 6367
4375 6368
1571 6369
3864 6370
985 6371
663 6372
1294 6373
5591 6374
5205 6375
4764 6376
4491 6377
4925 6378
4050 6379
5885 6380
3371 6381
5624 6382
835 6383
1809 6384
3978 6385
4996 6386
955 6387
5632 6388
5511 6389
2808 6390
1820 6391
5498 6392
4450 6393
3587 6394
6221 6395
1009 6396
2956 6397
2497 6398
3100 6399
846 6400
200 6401
5349 6402
4862 6403
2827 6404
1652 6405
523 6406
4597 6407
5078 6408
1162 6409
603 6410
1465 6411
963 6412
2477 6413
2490 6414
2824 6415
4688 6416
4967 6417
1694 6418
401 6419
6280 6420
5045 6421
106 6422
2155 6423
37 6424
2508 6425
6209 6426
3444 6427
4846 6428
5232 6429
2609 6430
736 6431
6221 6432
665 6433
2039 6434
4174 6435
1797 6436
1785 6437
2129 6438
2766 6439
3599 6440
1227 6441
2472 6442
3076 6443
4003 6444
570 6445
5202 6446
6329 6447
3144 6448
5393 6449
5344 6450
2558 6451
6015 6452
849 6453
4330 6454
1716 6455
5775 6456
4924 6457
1420 6458
1455 6459
3593 6460
1457 6461
3502 6462
1811 6463
4603 6464
5438 6465
639 6466
6196 6467
5814 6468
6243 6469
3989 6470
278 6471
2655 6472
210 6473
2260 6474
2222 6475
3905 6476
723 6477
4107 6478
4259 6479
6465 6480
5268 6481
5362 6482
6437 6483
3917 6484
1422 6485
2441 6486
2184 6487
1397 6488
6442 6489
5147 6490
3392 6491
971 6492
3308 6493
5825 6494
1464 6495
1129 6496
5126 6497
3484 6498
4896 6499
3739 6500
713 6501
6225 6502
1103 6503
4535 6504
1663 6505
2714 6506
3860 6507
3271 6508
162 6509
556 6510
4378 6511
1952 6512
2315 6513
4725 6514
3939 6515
2458 6516
5529 6517
1628 6518
421 6519
4852 6520
133 6521
4839 6522
1763 6523
5111 6524
638 6525
4424 6526
3030 6527
3733 6528
2816 6529
3847 6530
2104 6531
4581 6532
20 6533
5873 6534
266 6535
3032 6536
1253 6537
2818 6538
6360 6539
461 6540
6177 6541
3793 6542
4391 6543
5412 6544
285 6545
3946 6546
2055 6547
426 6548
571 6549
5772 6550
6088 6551
1451 6552
4626 6553
2707 6554
5887 6555
3645 6556
6469 6557
698 6558
3746 6559
1356 6560
1988 6561
2470 6562
1592 6563
5192 6564
5513 6565
5552 6566
3040 6567
4373 6568
5808 6569
1123 6570
1367 6571
4889 6572
2771 6573
6383 6574
2353 6575
4397 6576
66 6577
2101 6578
1824 6579
106 6580
399 6581
5904 6582
5171 6583
3596 6584
2399 6585
2073 6586
545 6587
1844 6588
6262 6589
2441 6590
4986 6591
5442 6592
3606 6593
5862 6594
5801 6595
1955 6596
3202 6597
2405 6598
4448 6599
5573 6600
1934 6601
1419 6602
5278 6603
4030 6604
4641 6605
3635 6606
349 6607
5263 6608
1931 6609
126 6610
4861 6611
6409 6612
5728 6613
2018 6614
6349 6615
5234 6616
6266 6617
4450 6618
1956 6619
586 6620
1304 6621
5250 6622
3063 6623
1620 6624
108 6625
4462 6626
5719 6627
1004 6628
3020 6629
2879 6630
5303 6631
4157 6632
150 6633
4922 6634
777 6635
5828 6636
1464 6637
4275 6638
851 6639
5202 6640
5704 6641
426 6642
640 6643
3169 6644
1305 6645
5462 6646
4478 6647
2654 6648
4355 6649
720 6650
2294 6651
4178 6652
3331 6653
1300 6654
4430 6655
1323 6656
4374 6657
6165 6658
4554 6659
6350 6660
2252 6661
4094 6662
3100 6663
5052 6664
1203 6665
3390 6666
3196 6667
2417 6668
2295 6669
2808 6670
1255 6671
4863 6672
1702 6673
6554 6674
2185 6675
2220 6676
3628 6677
4384 6678
5223 6679
5900 6680
5949 6681
5461 6682
5181 6683
4869 6684
3323 6685
133 6686
2379 6687
4168 6688
423 6689
1472 6690
1230 6691
4447 6692
2872 6693
508 6694
860 6695
6423 6696
1586 6697
4042 6698
6074 6699
264 6700
5907 6701
131 6702
2797 6703
5299 6704
6103 6705
5272 6706
2157 6707
1425 6708
1015 6709
1143 6710
3817 6711
35 6712
3842 6713
378 6714
3076 6715
5994 6716
5066 6717
898 6718
517 6719
3952 6720
3833 6721
4451 6722
4278 6723
2314 6724
1779 6725
2118 6726
1486 6727
6197 6728
4983 6729
2370 6730
700 6731
4419 6732
1813 6733
1845 6734
5204 6735
4397 6736
1972 6737
6380 6738
752 6739
4048 6740
2411 6741
690 6742
4617 6743
3349 6744
1240 6745
4777 6746
2825 6747
5578 6748
309 6749
2782 6750
4621 6751
5467 6752
2653 6753
1425 6754
1814 6755
492 6756
5829 6757
6443 6758
2004 6759
5133 6760
2178 6761
224 6762
6115 6763
3109 6764
4631 6765
748 6766
1816 6767
82 6768
3571 6769
3425 6770
4297 6771
5036 6772
5226 6773
2824 6774
2683 6775
1631 6776
5495 6777
6695 6778
6362 6779
754 6780
5564 6781
3149 6782
3644 6783
1276 6784
4401 6785
4739 6786
5770 6787
1241 6788
208 6789
4363 6790
2870 6791
2561 6792
172 6793
2003 6794
2292 6795
225 6796
6598 6797
2471 6798
3657 6799
6684 6800
1092 6801
2315 6802
6462 6803
5651 6804
4207 6805
1038 6806
5614 6807
661 6808
1139 6809
2975 6810
2699 6811
1143 6812
6164 6813
4473 6814
2686 6815
3164 6816
2096 6817
331 6818
6353 6819
6129 6820
716 6821
4792 6822
1170 6823
5069 6824
2458 6825
654 6826
2791 6827
1207 6828
1483 6829
6114 6830
2971 6831
6348 6832
427 6833
4498 6834
5505 6835
5152 6836
1603 6837
3434 6838
938 6839
5231 6840
6191 6841
253 6842
5034 6843
312 6844
5666 6845
167 6846
6272 6847
1501 6848
612 6849
4133 6850
2806 6851
1731 6852
5938 6853
6268 6854
5967 6855
1735 6856
4627 6857
6769 6858
713 6859
5252 6860
3789 6861
1371 6862
347 6863
1806 6864
1950 6865
2125 6866
2224 6867
3604 6868
5600 6869
2412 6870
4906 6871
3375 6872
577 6873
5800 6874
1792 6875
4354 6876
2264 6877
2187 6878
5924 6879
2219 6880
2145 6881
1985 6882
6599 6883
4983 6884
1870 6885
3952 6886
1615 6887
6097 6888
5934 6889
2909 6890
672 6891
6805 6892
4184 6893
1499 6894
1811 6895
313 6896
5969 6897
6245 6898
3081 6899
2001 6900
5314 6901
1771 6902
6783 6903
5286 6904
2096 6905
5190 6906
2174 6907
3609 6908
5355 6909
124 6910
256 6911
5422 6912
2361 6913
4241 6914
6830 6915
3167 6916
5826 6917
4415 6918
49 6919
2568 6920
5613 6921
1876 6922
176 6923
4675 6924
6446 6925
6215 6926
1730 6927
6749 6928
1127 6929
5663 6930
5668 6931
6409 6932
1305 6933
1458 6934
1889 6935
6451 6936
1209 6937
1606 6938
3522 6939
3572 6940
1424 6941
4219 6942
6546 6943
947 6944
5486 6945
1462 6946
5025 6947
6320 6948
5606 6949
6047 6950
5276 6951
1953 6952
80 6953
4072 6954
5963 6955
3930 6956
5466 6957
6721 6958
2569 6959
4807 6960
4728 6961
1761 6962
5325 6963
1290 6964
1541 6965
5167 6966
620 6967
1514 6968
6355 6969
6354 6970
3084 6971
6725 6972
5829 6973
5237 6974
557 6975
4504 6976
4051 6977
546 6978
6443 6979
6780 6980
4447 6981
2639 6982
950 6983
292 6984
2786 6985
6269 6986
1527 6987
6650 6988
2440 6989
6836 6990
1461 6991
4882 6992
3749 6993
1509 6994
5529 6995
5627 6996
5277 6997
6842 6998
58 6999
4334 7000
2451 7001
348 7002
2139 7003
4199 7004
4196 7005
4893 7006
927 7007
6135 7008
4289 7009
503 7010
850 7011
1624 7012
2125 7013
4816 7014
4928 7015
2591 7016
3098 7017
5404 7018
4764 7019
3811 7020
852 7021
6145 7022
2073 7023
4214 7024
6818 7025
6350 7026
2816 7027
3674 7028
85 7029
5950 7030
3115 7031
4732 7032
1859 7033
1265 7034
4645 7035
3750 7036
3485 7037
4509 7038
3091 7039
2230 7040
373 7041
1750 7042
5283 7043
2855 7044
1177 7045
2275 7046
6751 7047
3149 7048
114 7049
2484 7050
5648 7051
3938 7052
4349 7053
6856 7054
6565 7055
1930 7056
6698 7057
5948 7058
4236 7059
1842 7060
6465 7061
6903 7062
2827 7063
3792 7064
6087 7065
3597 7066
5157 7067
452 7068
6590 7069
4247 7070
7063 7071
6584 7072
6610 7073
56 7074
435 7075
4933 7076
4333 7077
2027 7078
3830 7079
1249 7080
6284 7081
5785 7082
6421 7083
5991 7084
1136 7085
201 7086
6670 7087
1763 7088
3194 7089
3655 7090
6220 7091
5366 7092
5540 7093
718 7094
5719 7095
1908 7096
5718 7097
490 7098
3661 7099
150 7100
1769 7101
6248 7102
1354 7103
3198 7104
2430 7105
6991 7106
4928 7107
1355 7108
5762 7109
6525 7110
6945 7111
3307 7112
6259 7113
910 7114
6316 7115
4676 7116
1281 7117
6120 7118
6223 7119
2431 7120
1024 7121
6276 7122
2916 7123
4241 7124
5465 7125
7056 7126
3688 7127
4768 7128
1771 7129
2247 7130
5216 7131
6576 7132
3265 7133
4084 7134
1692 7135
5815 7136
211 7137
2132 7138
5258 7139
2389 7140
4974 7141
2354 7142
4545 7143
2007 7144
911 7145
1547 7146
6178 7147
672 7148
4006 7149
3476 7150
1298 7151
4004 7152
7084 7153
3286 7154
883 7155
1131 7156
6017 7157
6876 7158
4621 7159
1237 7160
5862 7161
5331 7162
4159 7163
3728 7164
6917 7165
4637 7166
3126 7167
5597 7168
6815 7169
6122 7170
2399 7171
1912 7172
607 7173
4919 7174
5616 7175
2633 7176
6507 7177
2019 7178
459 7179
3677 7180
195 7181
4631 7182
5488 7183
6803 7184
6315 7185
5829 7186
6078 7187
3997 7188
39 7189
3784 7190
6287 7191
6638 7192
4731 7193
2590 7194
339 7195
5386 7196
1661 7197
4895 7198
5625 7199
5625 7200
2987 7201
4721 7202
5837 7203
3916 7204
1498 7205
134 7206
1525 7207
2415 7208
2388 7209
582 7210
1624 7211
3261 7212
6732 7213
1950 7214
6628 7215
3242 7216
326 7217
3679 7218
5299 7219
3934 7220
1733 7221
6709 7222
1062 7223
6925 7224
6043 7225
6667 7226
7180 7227
397 7228
1854 7229
1788 7230
4729 7231
3694 7232
3440 7233
4735 7234
3408 7235
2943 7236
2837 7237
7235 7238
5288 7239
3697 7240
3475 7241
3073 7242
816 7243
3683 7244
679 7245
2585 7246
6922 7247
4707 7248
6977 7249
5417 7250
2890 7251
817 7252
913 7253
1688 7254
7253 7255
4652 7256
4073 7257
1814 7258
7213 7259
5586 7260
7132 7261
750 7262
2833 7263
1085 7264
4755 7265
3730 7266
6109 7267
6061 7268
3581 7269
3919 7270
3144 7271
5149 7272
5854 7273
6427 7274
7209 7275
1115 7276
4877 7277
4469 7278
1504 7279
6025 7280
4594 7281
3241 7282
6591 7283
298 7284
1723 7285
6655 7286
1527 7287
2888 7288
5962 7289
1130 7290
2053 7291
1637 7292
1476 7293
1010 7294
2799 7295
508 7296
2942 7297
440 7298
770 7299
731 7300
203 7301
5106 7302
4654 7303
1521 7304
1328 7305
3419 7306
46 7307
5295 7308
3571 7309
3072 7310
2876 7311
1785 7312
6267 7313
3953 7314
86 7315
774 7316
6871 7317
306 7318
6514 7319
2995 7320
3911 7321
5998 7322
6481 7323
4463 7324
6880 7325
6453 7326
6308 7327
2757 7328
7316 7329
1571 7330
3357 7331
1375 7332
5522 7333
3099 7334
3068 7335
2237 7336
5420 7337
1116 7338
6302 7339
1372 7340
3421 7341
5273 7342
3915 7343
5820 7344
1604 7345
4717 7346
2376 7347
6622 7348
6812 7349
6412 7350
7129 7351
5245 7352
4998 7353
4502 7354
2686 7355
2083 7356
3496 7357
3219 7358
6950 7359
4140 7360
266 7361
657 7362
4765 7363
3890 7364
5182 7365
4954 7366
5495 7367
2853 7368
5734 7369
5666 7370
7170 7371
4825 7372
6057 7373
1434 7374
881 7375
6025 7376
1393 7377
1941 7378
895 7379
5370 7380
1998 7381
6740 7382
3997 7383
1415 7384
4303 7385
3798 7386
3635 7387
7231 7388
675 7389
4052 7390
6843 7391
2338 7392
1316 7393
1003 7394
1214 7395
1789 7396
5964 7397
583 7398
4815 7399
361 7400
5285 7401
485 7402
328 7403
3852 7404
3370 7405
856 7406
5778 7407
6011 7408
6840 7409
5917 7410
6401 7411
2705 7412
545 7413
1147 7414
7179 7415
5210 7416
5240 7417
4137 7418
358 7419
5342 7420
3813 7421
628 7422
5260 7423
3238 7424
301 7425
3555 7426
6478 7427
3841 7428
3632 7429
4803 7430
2173 7431
5921 7432
4059 7433
3004 7434
625 7435
3282 7436
6879 7437
3392 7438
2532 7439
6533 7440
3791 7441
1228 7442
230 7443
5603 7444
7264 7445
3262 7446
2077 7447
1776 7448
7426 7449
3952 7450
5955 7451
3789 7452
2987 7453
6844 7454
524 7455
5911 7456
6749 7457
6711 7458
7055 7459
5896 7460
4733 7461
4845 7462
5657 7463
4077 7464
3401 7465
2381 7466
394 7467
5362 7468
2023 7469
2922 7470
189 7471
4168 7472
3598 7473
6459 7474
5850 7475
7195 7476
922 7477
3519 7478
541 7479
7031 7480
5939 7481
2757 7482
43 7483
99 7484
6652 7485
5220 7486
4993 7487
6809 7488
6862 7489
170 7490
6443 7491
3936 7492
742 7493
977 7494
4620 7495
2892 7496
4702 7497
2816 7498
757 7499
1799 7500
4964 7501
6141 7502
5351 7503
7091 7504
6353 7505
5631 7506
1700 7507
6457 7508
3703 7509
1696 7510
7066 7511
6192 7512
1918 7513
178 7514
770 7515
843 7516
5392 7517
4243 7518
392 7519
721 7520
2292 7521
1788 7522
7150 7523
6509 7524
663 7525
6844 7526
4639 7527
3734 7528
1172 7529
870 7530
4572 7531
2071 7532
5512 7533
5467 7534
4796 7535
1459 7536
5503 7537
6691 7538
4893 7539
3439 7540
984 7541
6962 7542
1358 7543
5518 7544
6027 7545
1517 7546
2021 7547
1208 7548
3350 7549
7352 7550
3829 7551
4371 7552
3772 7553
4772 7554
4939 7555
5387 7556
3427 7557
6417 7558
6726 7559
896 7560
3407 7561
7109 7562
7038 7563
5921 7564
4893 7565
5229 7566
939 7567
4794 7568
6207 7569
2821 7570
6341 7571
1850 7572
884 7573
4413 7574
6942 7575
6898 7576
5930 7577
7424 7578
473 7579
73 7580
3791 7581
2818 7582
2370 7583
2016 7584
6624 7585
3620 7586
868 7587
1209 7588
4913 7589
6507 7590
5612 7591
2604 7592
408 7593
1017 7594
5448 7595
1326 7596
991 7597
5333 7598
5582 7599
2021 7600
1422 7601
3048 7602
4193 7603
6277 7604
1515 7605
1635 7606
3735 7607
5988 7608
367 7609
7489 7610
7040 7611
4389 7612
2962 7613
4695 7614
4110 7615
3790 7616
6727 7617
5404 7618
6461 7619
5043 7620
2190 7621
5328 7622
5427 7623
2200 7624
4624 7625
3711 7626
1926 7627
5862 7628
5733 7629
5625 7630
3861 7631
6218 7632
5987 7633
7279 7634
5722 7635
6360 7636
3437 7637
7393 7638
80 7639
144 7640
1545 7641
6190 7642
4574 7643
807 7644
4824 7645
4775 7646
6989 7647
6354 7648
3652 7649
2447 7650
6798 7651
550 7652
3170 7653
2994 7654
5937 7655
4525 7656
1365 7657
1490 7658
970 7659
5866 7660
204 7661
2491 7662
7249 7663
7104 7664
7440 7665
291 7666
3922 7667
2281 7668
1000 7669
4534 7670
5235 7671
3741 7672
7661 7673
4982 7674
213 7675
7090 7676
364 7677
6488 7678
988 7679
5522 7680
2924 7681
6702 7682
4471 7683
5417 7684
6449 7685
7037 7686
5692 7687
1265 7688
1055 7689
6705 7690
3884 7691
5323 7692
4611 7693
1606 7694
646 7695
4114 7696
1393 7697
1055 7698
7017 7699
211 7700
511 7701
7207 7702
5356 7703
6638 7704
5050 7705
3391 7706
1104 7707
2600 7708
1283 7709
4157 7710
2918 7711
3089 7712
6331 7713
3992 7714
5054 7715
3446 7716
2388 7717
456 7718
4150 7719
7574 7720
1306 7721
5517 7722
159 7723
3490 7724
443 7725
3804 7726
6006 7727
6242 7728
4187 7729
6084 7730
3524 7731
7646 7732
1355 7733
1411 7734
7205 7735
7506 7736
2929 7737
3376 7738
6756 7739
2487 7740
4634 7741
1018 7742
4249 7743
771 7744
581 7745
4875 7746
2142 7747
1159 7748
6190 7749
5273 7750
3654 7751
4187 7752
301 7753
1850 7754
762 7755
6869 7756
377 7757
3408 7758
2190 7759
1655 7760
4626 7761
3960 7762
7306 7763
5751 7764
3762 7765
1143 7766
5827 7767
4132 7768
5029 7769
1512 7770
4073 7771
7025 7772
3213 7773
1790 7774
4247 7775
877 7776
2080 7777
3029 7778
3118 7779
3815 7780
5858 7781
6984 7782
3515 7783
9 7784
3169 7785
5647 7786
4415 7787
1894 7788
4941 7789
1243 7790
7464 7791
6998 7792
1800 7793
7188 7794
1414 7795
4670 7796
4359 7797
729 7798
1980 7799
7571 7800
6192 7801
1455 7802
2084 7803
6157 7804
4657 7805
4608 7806
5083 7807
3931 7808
881 7809
1958 7810
3212 7811
5980 7812
6794 7813
5763 7814
2259 7815
5091 7816
1775 7817
959 7818
3858 7819
848 7820
2424 7821
1370 7822
3611 7823
5754 7824
2198 7825
5339 7826
6333 7827
4054 7828
6969 7829
5070 7830
6860 7831
2932 7832
3775 7833
2298 7834
4210 7835
7054 7836
5775 7837
5422 7838
4238 7839
5837 7840
7510 7841
1500 7842
1304 7843
6743 7844
2267 7845
1768 7846
2261 7847
1995 7848
492 7849
4015 7850
4737 7851
1763 7852
225 7853
120 7854
4954 7855
5947 7856
1992 7857
1781 7858
7489 7859
2904 7860
3039 7861
6177 7862
4417 7863
3393 7864
1688 7865
1391 7866
490 7867
5512 7868
6515 7869
954 7870
1188 7871
1499 7872
475 7873
308 7874
3657 7875
7723 7876
6906 7877
4473 7878
6959 7879
4194 7880
2108 7881
4221 7882
1510 7883
934 7884
4106 7885
5739 7886
2187 7887
1390 7888
7535 7889
320 7890
4959 7891
4397 7892
670 7893
7082 7894
1877 7895
7290 7896
310 7897
5708 7898
4535 7899
2271 7900
45 7901
2727 7902
2476 7903
260 7904
1261 7905
3270 7906
6378 7907
2078 7908
6275 7909
3181 7910
6732 7911
6684 7912
6062 7913
4344 7914
539 7915
4421 7916
915 7917
616 7918
4768 7919
7693 7920
4383 7921
7246 7922
7409 7923
498 7924
7918 7925
1096 7926
1663 7927
1255 7928
2610 7929
7254 7930
1199 7931
4301 7932
7635 7933
6068 7934
2596 7935
5564 7936
5130 7937
1615 7938
163 7939
4485 7940
7826 7941
4674 7942
3682 7943
1405 7944
4079 7945
4586 7946
6434 7947
4338 7948
306 7949
5423 7950
5753 7951
1039 7952
6228 7953
1326 7954
3890 7955
1414 7956
3925 7957
1568 7958
5893 7959
1848 7960
2648 7961
1410 7962
3139 7963
4551 7964
5491 7965
3965 7966
471 7967
3988 7968
777 7969
5339 7970
4899 7971
1259 7972
3961 7973
769 7974
1585 7975
7374 7976
2182 7977
1565 7978
5638 7979
28 7980
760 7981
791 7982
5741 7983
1053 7984
3081 7985
1276 7986
5385 7987
7290 7988
467 7989
7247 7990
4497 7991
6928 7992
4999 7993
6975 7994
306 7995
7356 7996
7078 7997
1446 7998
6224 7999
2594 8000
6447 8001
5630 8002
680 8003
5022 8004
2947 8005
3087 8006
184 8007
2597 8008
4200 8009
7807 8010
402 8011
2204 8012
1766 8013
3199 8014
7577 8015
1935 8016
7611 8017
4598 8018
157 8019
3193 8020
5029 8021
851 8022
6680 8023
4539 8024
3161 8025
1008 8026
3497 8027
6318 8028
5924 8029
1575 8030
617 8031
312 8032
5519 8033
3941 8034
2432 8035
3286 8036
1571 8037
5743 8038
3888 8039
5850 8040
7526 8041
3771 8042
7435 8043
6781 8044
2036 8045
7942 8046
5641 8047
2419 8048
3462 8049
6140 8050
2580 8051
5277 8052
6708 8053
3162 8054
5399 8055
1361 8056
3404 8057
2124 8058
1315 8059
812 8060
6194 8061
3352 8062
2414 8063
5121 8064
5139 8065
7813 8066
4334 8067
1991 8068
6213 8069
8050 8070
581 8071
8066 8072
5627 8073
6629 8074
993 8075
4412 8076
4043 8077
578 8078
812 8079
4998 8080
7834 8081
4794 8082
5980 8083
3467 8084
7179 8085
2741 8086
322 8087
6537 8088
5591 8089
7831 8090
2518 8091
6425 8092
5646 8093
4519 8094
1762 8095
2038 8096
7667 8097
7048 8098
4835 8099
2674 8100
1060 8101
6854 8102
1158 8103
646 8104
3818 8105
4676 8106
3316 8107
7594 8108
2641 8109
3204 8110
3642 8111
7129 8112
4785 8113
7989 8114
354 8115
167 8116
962 8117
4709 8118
917 8119
1229 8120
1951 8121
1946 8122
3702 8123
1710 8124
2057 8125
7602 8126
1114 8127
4519 8128
935 8129
2580 8130
4008 8131
877 8132
2410 8133
2014 8134
4521 8135
6669 8136
7537 8137
2968 8138
192 8139
7275 8140
6861 8141
7041 8142
1645 8143
5262 8144
1855 8145
4419 8146
2269 8147
2983 8148
7025 8149
6054 8150
5207 8151
50 8152
7124 8153
2185 8154
4306 8155
3102 8156
6622 8157
3472 8158
3202 8159
5295 8160
2587 8161
486 8162
244 8163
6500 8164
6309 8165
1384 8166
1605 8167
6312 8168
4389 8169
1369 8170
3752 8171
129 8172
3355 8173
4685 8174
155 8175
5830 8176
8144 8177
98 8178
2187 8179
3521 8180
444 8181
7967 8182
3754 8183
1374 8184
2110 8185
5169 8186
6107 8187
3350 8188
1237 8189
967 8190
6188 8191
6362 8192
6591 8193
3790 8194
6972 8195
8076 8196
7583 8197
5191 8198
2397 8199
1521 8200
1928 8201
8156 8202
6611 8203
6657 8204
6741 8205
6453 8206
5264 8207
7241 8208
5267 8209
1115 8210
6745 8211
3502 8212
7935 8213
1312 8214
6283 8215
5787 8216
5057 8217
6510 8218
7287 8219
6739 8220
7331 8221
7423 8222
593 8223
4332 8224
3836 8225
5850 8226
3908 8227
7827 8228
6930 8229
2634 8230
7979 8231
2954 8232
7558 8233
4105 8234
3472 8235
6727 8236
2108 8237
3617 8238
1474 8239
5326 8240
2609 8241
1091 8242
2659 8243
4163 8244
2283 8245
7943 8246
6807 8247
6865 8248
5172 8249
1485 8250
529 8251
6288 8252
920 8253
800 8254
1799 8255
2385 8256
5859 8257
5246 8258
4442 8259
2535 8260
4131 8261
2349 8262
1173 8263
3655 8264
2666 8265
1177 8266
253 8267
1620 8268
711 8269
5484 8270
6968 8271
8081 8272
8111 8273
5525 8274
6249 8275
2956 8276
8025 8277
6086 8278
1108 8279
4927 8280
5527 8281
2727 8282
7455 8283
1952 8284
1280 8285
3984 8286
2659 8287
6193 8288
299 8289
7740 8290
1978 8291
4215 8292
1958 8293
1255 8294
1074 8295
5410 8296
6130 8297
1178 8298
7292 8299
2252 8300
6525 8301
4014 8302
1912 8303
6036 8304
6471 8305
6425 8306
5810 8307
5947 8308
6244 8309
4445 8310
3951 8311
1834 8312
5254 8313
5099 8314
2953 8315
5740 8316
4699 8317
223 8318
2397 8319
910 8320
7794 8321
7927 8322
4514 8323
923 8324
7454 8325
542 8326
6452 8327
5581 8328
336 8329
1041 8330
4562 8331
6537 8332
5985 8333
934 8334
3603 8335
862 8336
7029 8337
4522 8338
701 8339
7299 8340
1549 8341
5648 8342
4355 8343
7910 8344
7896 8345
2480 8346
4243 8347
2546 8348
4222 8349
5744 8350
2077 8351
736 8352
4243 8353
2763 8354
5138 8355
3349 8356
7251 8357
661 8358
1378 8359
7406 8360
4890 8361
4859 8362
8009 8363
4513 8364
5775 8365
7112 8366
7767 8367
5842 8368
2451 8369
7923 8370
8054 8371
6657 8372
3625 8373
15 8374
4678 8375
7811 8376
3361 8377
2550 8378
6758 8379
7164 8380
6284 8381
1512 8382
7988 8383
7745 8384
3487 8385
2603 8386
5978 8387
175 8388
8195 8389
3201 8390
1654 8391
6435 8392
4910 8393
7614 8394
4763 8395
5216 8396
3125 8397
4284 8398
1428 8399
5159 8400
6507 8401
8019 8402
1115 8403
4692 8404
2866 8405
6223 8406
3412 8407
4331 8408
2932 8409
7486 8410
7321 8411
4835 8412
7327 8413
7445 8414
5081 8415
1642 8416
4980 8417
7716 8418
7767 8419
5237 8420
4322 8421
6815 8422
639 8423
1107 8424
5559 8425
5228 8426
4142 8427
5691 8428
1066 8429
6469 8430
1754 8431
2872 8432
7677 8433
1485 8434
1495 8435
6498 8436
5150 8437
7718 8438
1311 8439
4202 8440
8269 8441
1482 8442
5939 8443
2469 8444
5126 8445
5661 8446
2111 8447
4644 8448
3883 8449
3478 8450
4599 8451
4227 8452
1196 8453
7107 8454
5264 8455
8352 8456
6259 8457
8391 8458
7504 8459
7736 8460
7014 8461
8314 8462
5688 8463
75 8464
18 8465
4142 8466
973 8467
1523 8468
3065 8469
785 8470
8354 8471
6523 8472
5511 8473
7963 8474
6479 8475
6265 8476
4284 8477
7467 8478
7357 8479
2910 8480
8284 8481
6733 8482
275 8483
4824 8484
7505 8485
5628 8486
5593 8487
1234 8488
255 8489
1883 8490
6849 8491
7074 8492
4969 8493
2329 8494
920 8495
5337 8496
8375 8497
719 8498
6739 8499
4418 8500
3227 8501
8299 8502
3349 8503
6601 8504
4359 8505
5342 8506
620 8507
3192 8508
2190 8509
6818 8510
237 8511
3084 8512
3917 8513
307 8514
1497 8515
5071 8516
4380 8517
5369 8518
3886 8519
5973 8520
2441 8521
4115 8522
1534 8523
6228 8524
2329 8525
7635 8526
7752 8527
3999 8528
4399 8529
5588 8530
5967 8531
3546 8532
3742 8533
291 8534
7386 8535
6777 8536
4715 8537
5531 8538
7394 8539
309 8540
3233 8541
4888 8542
8436 8543
551 8544
4288 8545
8339 8546
1940 8547
1193 8548
3121 8549
6338 8550
8025 8551
4593 8552
4562 8553
2010 8554
2087 8555
8004 8556
4534 8557
5100 8558
109 8559
3519 8560
7847 8561
3572 8562
4169 8563
6563 8564
7191 8565
3364 8566
684 8567
8295 8568
3516 8569
7105 8570
8519 8571
2557 8572
1948 8573
7474 8574
3319 8575
1666 8576
8386 8577
2796 8578
178 8579
7377 8580
4927 8581
4857 8582
3016 8583
1133 8584
7466 8585
6839 8586
2417 8587
6996 8588
6414 8589
752 8590
3226 8591
2890 8592
8415 8593
1199 8594
5285 8595
6780 8596
7496 8597
5158 8598
455 8599
5078 8600
2882 8601
5681 8602
6397 8603
4033 8604
6600 8605
6509 8606
1685 8607
4038 8608
4968 8609
6928 8610
7581 8611
4962 8612
2523 8613
3466 8614
780 8615
5787 8616
4188 8617
5278 8618
5798 8619
4783 8620
1434 8621
4597 8622
720 8623
1942 8624
3935 8625
4870 8626
6247 8627
7656 8628
2598 8629
4126 8630
2572 8631
3392 8632
7687 8633
2981 8634
7752 8635
6567 8636
7501 8637
6641 8638
3218 8639
2312 8640
7372 8641
52 8642
1002 8643
3893 8644
4119 8645
3005 8646
179 8647
4002 8648
2823 8649
5305 8650
6236 8651
4408 8652
3318 8653
1764 8654
8448 8655
237 8656
5110 8657
5299 8658
7546 8659
2861 8660
4449 8661
5919 8662
622 8663
4585 8664
6091 8665
4437 8666
8452 8667
603 8668
172 8669
38 8670
3198 8671
630 8672
4967 8673
6041 8674
1587 8675
2596 8676
3794 8677
5700 8678
6845 8679
3501 8680
3710 8681
8195 8682
5015 8683
326 8684
7905 8685
2646 8686
7883 8687
4246 8688
3982 8689
376 8690
4709 8691
7915 8692
343 8693
5423 8694
8069 8695
4748 8696
2489 8697
367 8698
8174 8699
8187 8700
6998 8701
7340 8702
2620 8703
5750 8704
7481 8705
1515 8706
1565 8707
4749 8708
5094 8709
6047 8710
2412 8711
854 8712
1793 8713
3189 8714
6243 8715
4189 8716
3541 8717
2739 8718
5644 8719
3254 8720
797 8721
2949 8722
2129 8723
1966 8724
8147 8725
7020 8726
6358 8727
8309 8728
872 8729
4499 8730
6298 8731
1252 8732
8678 8733
7090 8734
1307 8735
7961 8736
4151 8737
2707 8738
2626 8739
8186 8740
3091 8741
5931 8742
2453 8743
1919 8744
6201 8745
8645 8746
4547 8747
3156 8748
3797 8749
2484 8750
3353 8751
4073 8752
6240 8753
4388 8754
697 8755
2556 8756
3714 8757
1867 8758
3717 8759
3555 8760
5739 8761
2368 8762
5819 8763
477 8764
7590 8765
5033 8766
4280 8767
3979 8768
510 8769
3052 8770
4762 8771
1936 8772
7220 8773
2623 8774
4374 8775
5130 8776
8619 8777
5349 8778
2769 8779
737 8780
1208 8781
580 8782
4897 8783
3872 8784
7336 8785
5577 8786
3697 8787
455 8788
6549 8789
7995 8790
7007 8791
4573 8792
4448 8793
7254 8794
2930 8795
5577 8796
1513 8797
3945 8798
1460 8799
572 8800
8299 8801
6434 8802
2858 8803
4046 8804
2395 8805
2778 8806
6810 8807
6036 8808
6623 8809
4146 8810
6802 8811
1484 8812
2772 8813
459 8814
8428 8815
8217 8816
364 8817
4063 8818
5793 8819
8714 8820
1156 8821
8820 8822
5777 8823
5092 8824
4695 8825
8637 8826
3581 8827
7842 8828
7863 8829
978 8830
3904 8831
759 8832
5496 8833
2132 8834
7973 8835
6448 8836
6146 8837
406 8838
4638 8839
1008 8840
3919 8841
8317 8842
4405 8843
403 8844
5476 8845
3715 8846
1201 8847
7471 8848
2959 8849
5561 8850
3348 8851
6777 8852
400 8853
6291 8854
8496 8855
7118 8856
8725 8857
5434 8858
6777 8859
5241 8860
5752 8861
1261 8862
888 8863
2972 8864
2135 8865
659 8866
8137 8867
1419 8868
1189 8869
58 8870
7898 8871
8588 8872
7282 8873
5508 8874
8049 8875
6428 8876
6263 8877
262 8878
3953 8879
7551 8880
2063 8881
8187 8882
4081 8883
6272 8884
1725 8885
5632 8886
5767 8887
6739 8888
2904 8889
2017 8890
1489 8891
515 8892
3667 8893
8180 8894
1191 8895
4180 8896
3712 8897
1975 8898
6924 8899
1191 8900
7910 8901
4007 8902
8560 8903
499 8904
512 8905
4954 8906
7331 8907
5038 8908
563 8909
6467 8910
4684 8911
323 8912
6276 8913
4158 8914
2843 8915
690 8916
332 8917
1945 8918
5736 8919
7380 8920
1229 8921
8262 8922
5594 8923
1557 8924
4712 8925
948 8926
1552 8927
5748 8928
5604 8929
8139 8930
8520 8931
6259 8932
7392 8933
563 8934
4986 8935
3760 8936
8261 8937
2676 8938
8549 8939
6790 8940
2641 8941
7389 8942
8830 8943
5474 8944
8279 8945
4091 8946
4638 8947
5548 8948
3120 8949
4260 8950
7982 8951
5784 8952
1733 8953
78 8954
6236 8955
8174 8956
1661 8957
5478 8958
6041 8959
669 8960
6118 8961
751 8962
8198 8963
637 8964
7064 8965
6921 8966
8775 8967
8772 8968
1801 8969
1988 8970
5928 8971
7234 8972
4718 8973
4401 8974
1909 8975
8194 8976
7925 8977
5405 8978
5153 8979
4724 8980
2864 8981
7918 8982
3342 8983
581 8984
1123 8985
826 8986
1358 8987
5221 8988
5967 8989
116 8990
4311 8991
226 8992
3563 8993
6120 8994
1044 8995
3499 8996
6183 8997
6150 8998
6281 8999
3485 9000
7618 9001
5112 9002
4973 9003
6996 9004
5057 9005
4056 9006
5333 9007
8055 9008
2034 9009
4848 9010
1724 9011
8316 9012
1546 9013
2905 9014
2864 9015
3232 9016
6808 9017
4291 9018
7654 9019
4233 9020
6153 9021
2684 9022
897 9023
4473 9024
7820 9025
1010 9026
7417 9027
7291 9028
6533 9029
8219 9030
2270 9031
8729 9032
8125 9033
1185 9034
6779 9035
5855 9036
137 9037
7113 9038
2588 9039
1913 9040
5825 9041
8932 9042
8330 9043
8718 9044
6782 9045
3134 9046
3789 9047
7909 9048
4886 9049
254 9050
824 9051
6436 9052
388 9053
4755 9054
3074 9055
6281 9056
2848 9057
5926 9058
3785 9059
4517 9060
4667 9061
8164 9062
4335 9063
5289 9064
8625 9065
1426 9066
5487 9067
5170 9068
6315 9069
7148 9070
1437 9071
2541 9072
1526 9073
1696 9074
5875 9075
4137 9076
1570 9077
900 9078
7523 9079
6873 9080
2165 9081
4207 9082
8860 9083
2875 9084
3111 9085
7957 9086
4367 9087
8775 9088
1000 9089
3322 9090
8024 9091
5589 9092
4715 9093
3568 9094
7719 9095
6009 9096
5359 9097
2606 9098
8753 9099
4800 9100
1867 9101
3643 9102
2522 9103
4141 9104
4272 9105
8842 9106
8939 9107
3581 9108
3485 9109
3151 9110
8122 9111
400 9112
7202 9113
3698 9114
3342 9115
2005 9116
7032 9117
5527 9118
677 9119
7618 9120
25 9121
2343 9122
2318 9123
8056 9124
3957 9125
297 9126
3806 9127
137 9128
7167 9129
4819 9130
5654 9131
8493 9132
7820 9133
2969 9134
6574 9135
3445 9136
2366 9137
352 9138
39 9139
639 9140
4675 9141
2840 9142
4899 9143
7093 9144
3592 9145
4160 9146
4193 9147
2019 9148
8271 9149
2328 9150
5763 9151
7814 9152
8404 9153
8654 9154
141 9155
2882 9156
209 9157
5199 9158
7629 9159
8490 9160
116 9161
5746 9162
8846 9163
5161 9164
5994 9165
3895 9166
7958 9167
147 9168
7474 9169
2219 9170
1656 9171
6186 9172
5442 9173
5106 9174
6587 9175
6618 9176
5492 9177
9061 9178
3816 9179
3192 9180
2991 9181
5630 9182
2424 9183
8446 9184
5548 9185
1791 9186
8930 9187
7069 9188
1179 9189
2789 9190
2364 9191
7864 9192
5037 9193
5299 9194
3721 9195
4431 9196
1628 9197
438 9198
3518 9199
1319 9200
3789 9201
6361 9202
4441 9203
6827 9204
6482 9205
5409 9206
3926 9207
1570 9208
1743 9209
4493 9210
8642 9211
8344 9212
8365 9213
4332 9214
7160 9215
3725 9216
3732 9217
2635 9218
6060 9219
2580 9220
1421 9221
5142 9222
4683 9223
6340 9224
6640 9225
8306 9226
6300 9227
6519 9228
1172 9229
4667 9230
2606 9231
3239 9232
1449 9233
8109 9234
226 9235
6432 9236
5868 9237
3495 9238
3910 9239
8376 9240
7338 9241
4960 9242
7329 9243
1253 9244
2663 9245
4347 9246
6383 9247
4584 9248
4825 9249
5978 9250
2753 9251
5648 9252
4281 9253
4452 9254
6051 9255
3793 9256
1245 9257
6496 9258
7065 9259
972 9260
7350 9261
4723 9262
7986 9263
4104 9264
2737 9265
9001 9266
4691 9267
6009 9268
5237 9269
9196 9270
7726 9271
4632 9272
7203 9273
5074 9274
5767 9275
7588 9276
2979 9277
9110 9278
2354 9279
7474 9280
4540 9281
5179 9282
9162 9283
5085 9284
2884 9285
4213 9286
8717 9287
3399 9288
7614 9289
6523 9290
8004 9291
5128 9292
5442 9293
7410 9294
2421 9295
582 9296
2576 9297
8594 9298
1882 9299
7855 9300
5361 9301
6595 9302
4022 9303
4354 9304
3523 9305
1115 9306
4989 9307
6701 9308
6473 9309
2419 9310
5917 9311
5766 9312
3349 9313
2486 9314
7943 9315
8779 9316
5107 9317
6057 9318
4803 9319
4257 9320
781 9321
8586 9322
2005 9323
4351 9324
2038 9325
1389 9326
7216 9327
3028 9328
6490 9329
3700 9330
1501 9331
1912 9332
3195 9333
7924 9334
2417 9335
1464 9336
2308 9337
637 9338
3852 9339
8797 9340
145 9341
6474 9342
3242 9343
8722 9344
6507 9345
3639 9346
5520 9347
5285 9348
9207 9349
537 9350
846 9351
1472 9352
7758 9353
1429 9354
6822 9355
1971 9356
3385 9357
819 9358
3413 9359
8223 9360
5874 9361
2442 9362
6177 9363
3013 9364
3499 9365
4829 9366
7876 9367
4385 9368
3516 9369
3795 9370
8940 9371
8188 9372
2139 9373
6914 9374
1026 9375
9308 9376
7530 9377
2253 9378
3304 9379
8097 9380
632 9381
629 9382
1062 9383
9238 9384
1232 9385
1600 9386
7418 9387
828 9388
7907 9389
9339 9390
7147 9391
1480 9392
3140 9393
2159 9394
1676 9395
1172 9396
5301 9397
8498 9398
7603 9399
6422 9400
8170 9401
7803 9402
365 9403
3018 9404
2302 9405
2666 9406
702 9407
725 9408
4310 9409
1145 9410
1243 9411
427 9412
4762 9413
3290 9414
6735 9415
9390 9416
1029 9417
1006 9418
1229 9419
7067 9420
899 9421
2322 9422
8463 9423
5106 9424
7156 9425
7915 9426
430 9427
558 9428
7967 9429
3291 9430
1511 9431
5951 9432
3701 9433
3 9434
3219 9435
5761 9436
6460 9437
789 9438
6066 9439
8299 9440
8104 9441
2271 9442
6137 9443
8850 9444
565 9445
6657 9446
6368 9447
4080 9448
8358 9449
3307 9450
8687 9451
9439 9452
2066 9453
953 9454
4408 9455
5641 9456
1068 9457
6758 9458
4558 9459
8674 9460
411 9461
3552 9462
3894 9463
8421 9464
7336 9465
5938 9466
5903 9467
2077 9468
7670 9469
2339 9470
1481 9471
980 9472
6370 9473
6081 9474
160 9475
264 9476
7655 9477
7888 9478
636 9479
2346 9480
1264 9481
2733 9482
7415 9483
9108 9484
1264 9485
8830 9486
3042 9487
5437 9488
4601 9489
2108 9490
2767 9491
1772 9492
3274 9493
5429 9494
3858 9495
8699 9496
8352 9497
7507 9498
2420 9499
2410 9500
3862 9501
811 9502
395 9503
8863 9504
7299 9505
8238 9506
2513 9507
182 9508
1499 9509
2294 9510
2368 9511
1151 9512
1417 9513
3191 9514
5203 9515
9246 9516
3685 9517
3219 9518
5224 9519
2099 9520
8863 9521
2052 9522
4311 9523
4081 9524
5474 9525
7737 9526
1162 9527
9019 9528
5098 9529
167 9530
7041 9531
2092 9532
7905 9533
7976 9534
110 9535
5516 9536
7542 9537
4895 9538
1265 9539
6689 9540
5137 9541
1158 9542
7221 9543
4735 9544
5176 9545
4218 9546
7820 9547
6293 9548
1580 9549
363 9550
7203 9551
5352 9552
4530 9553
7579 9554
6753 9555
9150 9556
1500 9557
844 9558
6697 9559
7920 9560
7831 9561
8036 9562
6624 9563
791 9564
8830 9565
2999 9566
894 9567
729 9568
618 9569
7133 9570
4441 9571
1699 9572
7033 9573
344 9574
5231 9575
755 9576
7938 9577
1190 9578
5468 9579
4683 9580
1889 9581
1197 9582
859 9583
3218 9584
2181 9585
1406 9586
7510 9587
7407 9588
7125 9589
5418 9590
3370 9591
8042 9592
3683 9593
1431 9594
4663 9595
6998 9596
7568 9597
5872 9598
349 9599
2237 9600
874 9601
4981 9602
8727 9603
3826 9604
6084 9605
172 9606
6542 9607
7289 9608
287 9609
816 9610
4980 9611
5906 9612
837 9613
6416 9614
8703 9615
9556 9616
5383 9617
5786 9618
6156 9619
1599 9620
3103 9621
6552 9622
7455 9623
1725 9624
9125 9625
9618 9626
3804 9627
3665 9628
9310 9629
4641 9630
7322 9631
5068 9632
2431 9633
7068 9634
5907 9635
7545 9636
2642 9637
5632 9638
7283 9639
1244 9640
8950 9641
1622 9642
8286 9643
8928 9644
1731 9645
2474 9646
1249 9647
4612 9648
1079 9649
950 9650
630 9651
5654 9652
8931 9653
3626 9654
3363 9655
751 9656
609 9657
8552 9658
1413 9659
7603 9660
5087 9661
5577 9662
6064 9663
2000 9664
1648 9665
507 9666
6947 9667
8971 9668
7769 9669
6605 9670
847 9671
9019 9672
2116 9673
94 9674
8256 9675
92 9676
4955 9677
2539 9678
3829 9679
3618 9680
847 9681
7335 9682
1047 9683
8734 9684
2076 9685
3334 9686
1299 9687
3790 9688
4308 9689
4759 9690
8458 9691
8609 9692
1884 9693
6225 9694
8472 9695
8774 9696
3314 9697
8397 9698
2486 9699
2602 9700
3709 9701
5272 9702
4392 9703
8065 9704
3819 9705
8567 9706
8094 9707
7582 9708
2498 9709
3034 9710
3940 9711
6451 9712
2094 9713
177 9714
5892 9715
1528 9716
7165 9717
9187 9718
8396 9719
4850 9720
7345 9721
1926 9722
1605 9723
3822 9724
1406 9725
9151 9726
362 9727
8442 9728
7259 9729
8526 9730
6935 9731
7401 9732
7605 9733
2920 9734
5616 9735
1742 9736
4678 9737
292 9738
2380 9739
8987 9740
8211 9741
9100 9742
116 9743
8624 9744
7199 9745
5143 9746
7163 9747
2064 9748
8500 9749
8055 9750
793 9751
5352 9752
1719 9753
9346 9754
516 9755
500 9756
206 9757
8091 9758
2740 9759
6816 9760
4103 9761
9459 9762
3467 9763
8978 9764
3147 9765
9104 9766
7519 9767
9312 9768
1182 9769
188 9770
9118 9771
2632 9772
898 9773
4195 9774
2728 9775
142 9776
6922 9777
297 9778
4139 9779
8782 9780
9427 9781
7117 9782
5947 9783
3702 9784
5452 9785
6617 9786
5722 9787
9512 9788
9748 9789
9033 9790
3024 9791
4375 9792
280 9793
1305 9794
3585 9795
458 9796
2274 9797
6242 9798
7391 9799
8120 9800
1870 9801
676 9802
1351 9803
8199 9804
64 9805
1294 9806
32 9807
330 9808
1831 9809
8290 9810
1663 9811
2705 9812
8971 9813
342 9814
2087 9815
5205 9816
7335 9817
3488 9818
4330 9819
7455 9820
4830 9821
4000 9822
2012 9823
4942 9824
7479 9825
7933 9826
8391 9827
7979 9828
1033 9829
7512 9830
7660 9831
461 9832
5028 9833
453 9834
6847 9835
5460 9836
526 9837
5970 9838
8895 9839
7316 9840
5057 9841
3109 9842
7472 9843
8831 9844
2021 9845
9380 9846
7305 9847
4949 9848
8854 9849
2729 9850
2374 9851
5024 9852
4277 9853
5317 9854
1010 9855
2978 9856
6626 9857
999 9858
7693 9859
5564 9860
9457 9861
9281 9862
6487 9863
5349 9864
6915 9865
94 9866
8974 9867
4324 9868
1276 9869
4693 9870
5567 9871
7779 9872
3065 9873
5717 9874
8479 9875
349 9876
8859 9877
7330 9878
119 9879
8974 9880
3016 9881
3777 9882
422 9883
1889 9884
6744 9885
3715 9886
4970 9887
4732 9888
938 9889
2184 9890
9808 9891
7952 9892
1160 9893
3517 9894
1253 9895
8522 9896
3285 9897
6143 9898
2116 9899
4072 9900
1506 9901
1125 9902
8162 9903
9420 9904
8219 9905
7726 9906
7011 9907
7711 9908
2797 9909
8916 9910
656 9911
2945 9912
8055 9913
2936 9914
7488 9915
4355 9916
6777 9917
2070 9918
6765 9919
9129 9920
7801 9921
501 9922
5878 9923
6445 9924
4342 9925
1216 9926
7429 9927
985 9928
4365 9929
2535 9930
5830 9931
5371 9932
4960 9933
3352 9934
656 9935
6220 9936
6167 9937
7767 9938
1770 9939
8550 9940
5441 9941
1731 9942
3492 9943
3718 9944
8146 9945
8265 9946
5856 9947
6179 9948
286 9949
6744 9950
592 9951
8931 9952
5150 9953
9037 9954
8577 9955
3394 9956
8772 9957
8803 9958
7047 9959
2352 9960
2247 9961
1213 9962
1409 9963
3305 9964
9346 9965
9027 9966
8338 9967
8333 9968
6898 9969
9781 9970
3266 9971
7125 9972
3979 9973
4016 9974
8388 9975
4807 9976
60 9977
9322 9978
6468 9979
5603 9980
3627 9981
7456 9982
1640 9983
9380 9984
7334 9985
9566 9986
3276 9987
3700 9988
6037 9989
3058 9990
1250 9991
4450 9992
1547 9993
1935 9994
8694 9995
1875 9996
9232 9997
5130 9998
9242 9999
54 10000
