1 2
2 3
3 4
4 5
1 6
1 7
2 8
6 9
3 10
2 11
11 12
2 13
6 14
8 15
1 16
8 17
3 18
12 19
18 20
13 21
15 22
17 23
8 24
5 25
7 26
1 27
20 28
16 29
15 30
24 31
10 32
2 33
19 34
14 35
5 36
19 37
12 38
12 39
39 40
18 41
2 42
10 43
28 44
13 45
35 46
44 47
47 48
31 49
37 50
5 51
14 52
47 53
16 54
9 55
12 56
32 57
8 58
25 59
20 60
4 61
29 62
6 63
10 64
4 65
36 66
23 67
28 68
15 69
54 70
58 71
42 72
59 73
30 74
33 75
23 76
37 77
53 78
36 79
33 80
71 81
8 82
31 83
14 84
68 85
81 86
52 87
40 88
20 89
36 90
58 91
65 92
85 93
11 94
20 95
94 96
73 97
57 98
3 99
28 100
66 101
2 102
54 103
20 104
2 105
31 106
22 107
78 108
97 109
95 110
15 111
67 112
19 113
15 114
20 115
102 116
82 117
26 118
92 119
34 120
104 121
40 122
106 123
41 124
80 125
120 126
108 127
98 128
113 129
44 130
24 131
57 132
71 133
62 134
57 135
84 136
2 137
50 138
98 139
65 140
96 141
121 142
17 143
17 144
118 145
75 146
22 147
86 148
142 149
41 150
144 151
75 152
1 153
62 154
92 155
137 156
13 157
58 158
119 159
22 160
94 161
80 162
135 163
56 164
158 165
165 166
104 167
101 168
91 169
96 170
51 171
118 172
124 173
142 174
98 175
49 176
165 177
24 178
32 179
121 180
102 181
1 182
29 183
79 184
96 185
57 186
18 187
20 188
161 189
183 190
18 191
53 192
138 193
87 194
144 195
1 196
55 197
96 198
74 199
95 200
146 201
137 202
7 203
76 204
132 205
48 206
56 207
53 208
190 209
161 210
21 211
90 212
35 213
8 214
72 215
65 216
181 217
30 218
194 219
198 220
29 221
184 222
6 223
68 224
115 225
106 226
73 227
80 228
228 229
199 230
80 231
52 232
7 233
4 234
214 235
64 236
217 237
37 238
50 239
215 240
226 241
202 242
121 243
188 244
148 245
240 246
127 247
159 248
168 249
22 250
117 251
112 252
11 253
199 254
13 255
184 256
94 257
254 258
184 259
76 260
49 261
197 262
48 263
217 264
26 265
105 266
47 267
146 268
61 269
133 270
253 271
137 272
54 273
149 274
188 275
70 276
100 277
11 278
274 279
14 280
39 281
162 282
242 283
187 284
28 285
196 286
219 287
185 288
25 289
212 290
244 291
96 292
186 293
137 294
177 295
70 296
153 297
275 298
47 299
86 300
7 301
107 302
126 303
295 304
12 305
240 306
120 307
111 308
147 309
90 310
258 311
195 312
248 313
150 314
103 315
13 316
154 317
295 318
15 319
114 320
156 321
253 322
163 323
49 324
39 325
111 326
149 327
196 328
87 329
323 330
133 331
253 332
76 333
56 334
187 335
282 336
120 337
82 338
68 339
198 340
282 341
101 342
256 343
272 344
85 345
323 346
126 347
166 348
166 349
174 350
68 351
294 352
276 353
284 354
21 355
88 356
169 357
107 358
26 359
62 360
244 361
192 362
95 363
285 364
350 365
102 366
128 367
130 368
123 369
369 370
181 371
182 372
219 373
94 374
371 375
99 376
198 377
81 378
340 379
271 380
224 381
121 382
19 383
186 384
126 385
274 386
117 387
133 388
40 389
24 390
38 391
366 392
165 393
265 394
325 395
391 396
243 397
392 398
370 399
158 400
38 401
14 402
222 403
74 404
392 405
398 406
189 407
62 408
21 409
223 410
302 411
329 412
354 413
143 414
139 415
404 416
19 417
83 418
210 419
334 420
368 421
362 422
258 423
98 424
323 425
351 426
221 427
210 428
77 429
109 430
279 431
329 432
358 433
26 434
265 435
228 436
373 437
225 438
350 439
133 440
240 441
34 442
284 443
413 444
339 445
9 446
92 447
213 448
23 449
90 450
449 451
221 452
298 453
200 454
89 455
207 456
444 457
375 458
287 459
129 460
354 461
210 462
143 463
368 464
436 465
269 466
126 467
396 468
11 469
46 470
165 471
294 472
472 473
189 474
105 475
136 476
420 477
463 478
457 479
286 480
110 481
272 482
392 483
11 484
231 485
323 486
57 487
64 488
362 489
204 490
94 491
155 492
461 493
255 494
99 495
462 496
137 497
497 498
340 499
60 500
378 501
220 502
463 503
378 504
478 505
278 506
134 507
245 508
503 509
372 510
114 511
141 512
283 513
343 514
278 515
311 516
212 517
365 518
383 519
385 520
156 521
139 522
412 523
428 524
313 525
333 526
100 527
313 528
265 529
440 530
437 531
157 532
435 533
124 534
469 535
440 536
466 537
507 538
188 539
529 540
484 541
83 542
137 543
210 544
196 545
356 546
331 547
512 548
405 549
279 550
263 551
107 552
242 553
341 554
69 555
44 556
552 557
70 558
518 559
207 560
193 561
402 562
345 563
342 564
333 565
112 566
334 567
162 568
103 569
102 570
251 571
534 572
172 573
526 574
554 575
450 576
273 577
402 578
7 579
550 580
387 581
364 582
258 583
391 584
445 585
28 586
227 587
60 588
255 589
549 590
187 591
250 592
88 593
415 594
352 595
98 596
123 597
90 598
53 599
87 600
549 601
319 602
546 603
24 604
420 605
246 606
349 607
444 608
418 609
141 610
442 611
523 612
421 613
169 614
213 615
203 616
530 617
516 618
498 619
431 620
543 621
611 622
576 623
90 624
403 625
366 626
477 627
459 628
531 629
283 630
138 631
483 632
81 633
403 634
180 635
229 636
437 637
308 638
116 639
233 640
25 641
145 642
475 643
119 644
164 645
255 646
436 647
301 648
64 649
115 650
197 651
386 652
524 653
634 654
290 655
485 656
528 657
421 658
195 659
428 660
252 661
164 662
352 663
467 664
265 665
332 666
181 667
59 668
438 669
527 670
529 671
507 672
173 673
301 674
127 675
369 676
403 677
527 678
3 679
637 680
418 681
479 682
372 683
654 684
362 685
45 686
302 687
390 688
213 689
554 690
25 691
200 692
177 693
395 694
497 695
674 696
439 697
617 698
56 699
444 700
180 701
589 702
78 703
620 704
85 705
469 706
59 707
112 708
82 709
54 710
394 711
654 712
590 713
390 714
407 715
329 716
97 717
583 718
711 719
82 720
162 721
45 722
412 723
71 724
658 725
709 726
430 727
716 728
117 729
174 730
115 731
247 732
478 733
446 734
525 735
567 736
477 737
671 738
93 739
368 740
424 741
625 742
461 743
243 744
502 745
584 746
467 747
491 748
679 749
563 750
546 751
587 752
442 753
438 754
275 755
259 756
315 757
195 758
511 759
714 760
217 761
18 762
88 763
159 764
501 765
288 766
197 767
186 768
431 769
207 770
166 771
270 772
74 773
107 774
539 775
89 776
249 777
213 778
519 779
428 780
40 781
582 782
32 783
172 784
671 785
88 786
286 787
528 788
434 789
221 790
265 791
437 792
75 793
160 794
661 795
278 796
198 797
548 798
547 799
151 800
760 801
659 802
180 803
741 804
227 805
698 806
774 807
137 808
196 809
199 810
105 811
451 812
767 813
139 814
127 815
357 816
151 817
399 818
304 819
783 820
139 821
760 822
303 823
43 824
102 825
449 826
209 827
772 828
655 829
735 830
575 831
301 832
782 833
233 834
150 835
803 836
401 837
749 838
736 839
482 840
675 841
552 842
677 843
757 844
315 845
70 846
273 847
44 848
70 849
785 850
25 851
2 852
199 853
835 854
621 855
515 856
719 857
152 858
88 859
375 860
848 861
288 862
360 863
508 864
315 865
195 866
535 867
7 868
628 869
777 870
258 871
246 872
785 873
310 874
451 875
64 876
430 877
324 878
519 879
262 880
457 881
703 882
494 883
102 884
31 885
822 886
486 887
353 888
44 889
818 890
40 891
209 892
174 893
846 894
95 895
633 896
242 897
42 898
436 899
617 900
487 901
20 902
532 903
225 904
254 905
867 906
402 907
239 908
691 909
327 910
400 911
104 912
22 913
407 914
396 915
855 916
138 917
807 918
404 919
594 920
677 921
305 922
465 923
261 924
819 925
509 926
566 927
532 928
913 929
269 930
530 931
357 932
449 933
291 934
678 935
50 936
582 937
636 938
351 939
644 940
898 941
691 942
172 943
78 944
164 945
463 946
808 947
3 948
158 949
834 950
245 951
639 952
324 953
614 954
662 955
268 956
611 957
666 958
295 959
167 960
597 961
798 962
527 963
102 964
239 965
271 966
775 967
919 968
246 969
607 970
253 971
297 972
793 973
674 974
461 975
634 976
753 977
518 978
775 979
424 980
520 981
689 982
43 983
606 984
289 985
168 986
908 987
728 988
447 989
274 990
441 991
405 992
244 993
396 994
154 995
13 996
742 997
558 998
886 999
799 1000
977 1001
8 1002
945 1003
302 1004
730 1005
711 1006
161 1007
16 1008
1005 1009
971 1010
113 1011
431 1012
754 1013
618 1014
429 1015
548 1016
598 1017
886 1018
531 1019
45 1020
431 1021
703 1022
273 1023
339 1024
87 1025
447 1026
284 1027
812 1028
154 1029
212 1030
495 1031
868 1032
159 1033
62 1034
966 1035
114 1036
952 1037
113 1038
456 1039
800 1040
158 1041
341 1042
50 1043
23 1044
936 1045
730 1046
738 1047
170 1048
1016 1049
739 1050
136 1051
408 1052
292 1053
862 1054
895 1055
790 1056
209 1057
885 1058
744 1059
310 1060
271 1061
161 1062
157 1063
543 1064
738 1065
245 1066
599 1067
392 1068
325 1069
180 1070
299 1071
905 1072
813 1073
570 1074
256 1075
3 1076
1042 1077
136 1078
92 1079
42 1080
867 1081
631 1082
176 1083
759 1084
135 1085
274 1086
1032 1087
516 1088
44 1089
598 1090
132 1091
784 1092
623 1093
1014 1094
701 1095
263 1096
324 1097
288 1098
971 1099
519 1100
546 1101
227 1102
129 1103
519 1104
801 1105
182 1106
492 1107
273 1108
691 1109
227 1110
824 1111
421 1112
90 1113
808 1114
812 1115
142 1116
313 1117
161 1118
323 1119
160 1120
49 1121
757 1122
584 1123
424 1124
471 1125
234 1126
405 1127
127 1128
982 1129
499 1130
554 1131
428 1132
265 1133
318 1134
722 1135
731 1136
1044 1137
1063 1138
126 1139
274 1140
63 1141
338 1142
612 1143
933 1144
534 1145
1123 1146
869 1147
2 1148
130 1149
1118 1150
1120 1151
1087 1152
852 1153
1138 1154
998 1155
6 1156
665 1157
1031 1158
340 1159
618 1160
1026 1161
511 1162
670 1163
440 1164
191 1165
1110 1166
467 1167
711 1168
46 1169
6 1170
1145 1171
1070 1172
223 1173
740 1174
926 1175
279 1176
525 1177
157 1178
553 1179
261 1180
47 1181
244 1182
692 1183
332 1184
120 1185
1146 1186
511 1187
834 1188
510 1189
845 1190
655 1191
651 1192
1043 1193
926 1194
655 1195
690 1196
450 1197
934 1198
353 1199
841 1200
811 1201
985 1202
977 1203
869 1204
912 1205
847 1206
1187 1207
94 1208
7 1209
1129 1210
913 1211
138 1212
432 1213
604 1214
323 1215
938 1216
1160 1217
802 1218
304 1219
579 1220
593 1221
646 1222
878 1223
60 1224
813 1225
1123 1226
1099 1227
1217 1228
911 1229
1170 1230
1197 1231
934 1232
880 1233
714 1234
194 1235
889 1236
112 1237
604 1238
1134 1239
335 1240
330 1241
99 1242
1208 1243
690 1244
386 1245
350 1246
975 1247
625 1248
1114 1249
1000 1250
1155 1251
1095 1252
227 1253
47 1254
172 1255
876 1256
1 1257
496 1258
560 1259
627 1260
679 1261
333 1262
663 1263
31 1264
509 1265
1194 1266
130 1267
490 1268
303 1269
172 1270
249 1271
23 1272
511 1273
1025 1274
246 1275
904 1276
1140 1277
934 1278
193 1279
924 1280
13 1281
779 1282
1018 1283
36 1284
211 1285
546 1286
541 1287
60 1288
640 1289
181 1290
540 1291
1120 1292
471 1293
314 1294
757 1295
222 1296
581 1297
1024 1298
858 1299
314 1300
1040 1301
639 1302
53 1303
751 1304
619 1305
465 1306
141 1307
251 1308
981 1309
93 1310
621 1311
656 1312
647 1313
75 1314
853 1315
1139 1316
993 1317
497 1318
270 1319
727 1320
554 1321
1226 1322
224 1323
908 1324
312 1325
235 1326
769 1327
590 1328
705 1329
287 1330
567 1331
1133 1332
526 1333
1293 1334
1318 1335
1104 1336
762 1337
920 1338
1001 1339
588 1340
1012 1341
871 1342
695 1343
1289 1344
528 1345
1152 1346
1006 1347
135 1348
988 1349
365 1350
565 1351
115 1352
1319 1353
446 1354
1341 1355
231 1356
216 1357
167 1358
1322 1359
684 1360
729 1361
972 1362
69 1363
36 1364
664 1365
999 1366
624 1367
271 1368
16 1369
473 1370
151 1371
762 1372
1060 1373
259 1374
426 1375
962 1376
345 1377
948 1378
1128 1379
1087 1380
219 1381
635 1382
1341 1383
50 1384
212 1385
300 1386
1174 1387
815 1388
1050 1389
745 1390
1166 1391
642 1392
1262 1393
810 1394
477 1395
1018 1396
363 1397
968 1398
608 1399
632 1400
376 1401
1220 1402
789 1403
599 1404
281 1405
1355 1406
923 1407
1117 1408
947 1409
649 1410
131 1411
196 1412
81 1413
1195 1414
1226 1415
366 1416
124 1417
1154 1418
166 1419
1271 1420
538 1421
1343 1422
41 1423
683 1424
750 1425
1328 1426
420 1427
37 1428
469 1429
1290 1430
370 1431
169 1432
1025 1433
914 1434
1318 1435
1079 1436
328 1437
1346 1438
1002 1439
116 1440
1240 1441
636 1442
576 1443
1295 1444
1080 1445
1433 1446
645 1447
251 1448
941 1449
1176 1450
1260 1451
1013 1452
706 1453
1039 1454
699 1455
1027 1456
1175 1457
1401 1458
701 1459
738 1460
1127 1461
160 1462
775 1463
20 1464
631 1465
1264 1466
1083 1467
381 1468
1383 1469
819 1470
627 1471
467 1472
307 1473
576 1474
366 1475
916 1476
1279 1477
314 1478
281 1479
206 1480
83 1481
224 1482
792 1483
352 1484
611 1485
408 1486
558 1487
312 1488
1253 1489
434 1490
349 1491
250 1492
936 1493
28 1494
1312 1495
661 1496
616 1497
1279 1498
860 1499
69 1500
669 1501
1390 1502
813 1503
1268 1504
1406 1505
1233 1506
762 1507
313 1508
513 1509
514 1510
432 1511
92 1512
845 1513
126 1514
352 1515
385 1516
598 1517
1357 1518
950 1519
703 1520
1347 1521
303 1522
437 1523
293 1524
1070 1525
1500 1526
1013 1527
538 1528
336 1529
699 1530
454 1531
65 1532
68 1533
588 1534
655 1535
814 1536
1529 1537
426 1538
1490 1539
512 1540
249 1541
1243 1542
1124 1543
356 1544
903 1545
124 1546
1228 1547
597 1548
40 1549
968 1550
1003 1551
423 1552
643 1553
1167 1554
272 1555
922 1556
195 1557
795 1558
1066 1559
243 1560
49 1561
842 1562
28 1563
501 1564
1438 1565
383 1566
368 1567
1223 1568
1227 1569
621 1570
63 1571
663 1572
937 1573
1068 1574
328 1575
952 1576
976 1577
698 1578
114 1579
290 1580
976 1581
767 1582
191 1583
827 1584
1094 1585
977 1586
1282 1587
610 1588
319 1589
839 1590
1066 1591
1161 1592
1548 1593
995 1594
1507 1595
289 1596
1015 1597
393 1598
375 1599
66 1600
1573 1601
443 1602
643 1603
1565 1604
560 1605
429 1606
598 1607
1357 1608
1213 1609
509 1610
472 1611
403 1612
1164 1613
1033 1614
1290 1615
472 1616
1216 1617
1318 1618
1427 1619
1604 1620
812 1621
1087 1622
469 1623
1183 1624
930 1625
286 1626
120 1627
1224 1628
486 1629
1143 1630
1293 1631
1492 1632
1565 1633
436 1634
858 1635
131 1636
1552 1637
26 1638
934 1639
789 1640
676 1641
655 1642
432 1643
688 1644
1169 1645
1613 1646
1383 1647
630 1648
961 1649
1548 1650
447 1651
937 1652
1498 1653
725 1654
32 1655
1231 1656
908 1657
1119 1658
1304 1659
75 1660
1101 1661
1428 1662
1348 1663
945 1664
1443 1665
342 1666
1458 1667
68 1668
538 1669
1272 1670
424 1671
1562 1672
934 1673
608 1674
1195 1675
189 1676
1489 1677
1458 1678
449 1679
1161 1680
318 1681
1173 1682
337 1683
1412 1684
1404 1685
363 1686
1314 1687
1430 1688
216 1689
1499 1690
838 1691
1081 1692
730 1693
1261 1694
263 1695
1694 1696
622 1697
152 1698
1530 1699
550 1700
306 1701
1396 1702
1015 1703
1579 1704
196 1705
572 1706
586 1707
789 1708
952 1709
1638 1710
1382 1711
565 1712
994 1713
1274 1714
1666 1715
668 1716
54 1717
1361 1718
588 1719
278 1720
1238 1721
364 1722
1261 1723
494 1724
1326 1725
1606 1726
283 1727
722 1728
1573 1729
1604 1730
1539 1731
70 1732
1385 1733
1270 1734
1112 1735
1106 1736
253 1737
1415 1738
449 1739
509 1740
373 1741
1331 1742
823 1743
656 1744
1580 1745
988 1746
1439 1747
1601 1748
1600 1749
852 1750
73 1751
1172 1752
956 1753
1051 1754
621 1755
1326 1756
687 1757
1573 1758
1029 1759
35 1760
1071 1761
435 1762
1001 1763
1504 1764
1602 1765
1674 1766
393 1767
206 1768
1729 1769
1260 1770
994 1771
249 1772
1622 1773
1334 1774
312 1775
777 1776
1648 1777
745 1778
502 1779
1625 1780
692 1781
849 1782
1280 1783
843 1784
1316 1785
1108 1786
81 1787
724 1788
1086 1789
1498 1790
137 1791
421 1792
1230 1793
1666 1794
1024 1795
1040 1796
60 1797
461 1798
908 1799
1036 1800
1083 1801
472 1802
810 1803
86 1804
1118 1805
277 1806
673 1807
1201 1808
86 1809
1580 1810
588 1811
807 1812
194 1813
155 1814
1131 1815
1384 1816
279 1817
1678 1818
518 1819
723 1820
788 1821
1019 1822
974 1823
580 1824
101 1825
997 1826
760 1827
951 1828
1334 1829
187 1830
846 1831
878 1832
233 1833
1135 1834
93 1835
1132 1836
746 1837
159 1838
1532 1839
675 1840
417 1841
754 1842
173 1843
836 1844
17 1845
149 1846
1173 1847
241 1848
1574 1849
957 1850
70 1851
1740 1852
1285 1853
1405 1854
1828 1855
230 1856
232 1857
1526 1858
278 1859
642 1860
1426 1861
1185 1862
1768 1863
1504 1864
1579 1865
1031 1866
1102 1867
1500 1868
1294 1869
448 1870
1232 1871
851 1872
583 1873
1688 1874
1425 1875
1679 1876
796 1877
1541 1878
944 1879
1366 1880
451 1881
1579 1882
1073 1883
1648 1884
70 1885
1018 1886
1568 1887
922 1888
490 1889
1873 1890
947 1891
570 1892
1216 1893
77 1894
1769 1895
579 1896
1392 1897
1588 1898
92 1899
879 1900
114 1901
1281 1902
591 1903
1044 1904
296 1905
130 1906
68 1907
312 1908
1649 1909
1368 1910
297 1911
1617 1912
1670 1913
684 1914
443 1915
1127 1916
570 1917
377 1918
1675 1919
1117 1920
279 1921
1218 1922
1453 1923
441 1924
573 1925
1275 1926
940 1927
257 1928
189 1929
570 1930
510 1931
482 1932
1188 1933
1157 1934
84 1935
419 1936
1223 1937
1581 1938
444 1939
1357 1940
1441 1941
399 1942
563 1943
443 1944
1467 1945
409 1946
852 1947
1336 1948
245 1949
506 1950
154 1951
1645 1952
655 1953
986 1954
569 1955
709 1956
903 1957
799 1958
144 1959
626 1960
21 1961
1334 1962
1358 1963
764 1964
7 1965
119 1966
1166 1967
1479 1968
1399 1969
1718 1970
1893 1971
918 1972
390 1973
121 1974
11 1975
784 1976
93 1977
1832 1978
594 1979
1366 1980
738 1981
1338 1982
1334 1983
1814 1984
806 1985
987 1986
1227 1987
154 1988
230 1989
352 1990
858 1991
640 1992
429 1993
392 1994
1913 1995
1977 1996
1989 1997
1715 1998
545 1999
1515 2000
321 2001
1170 2002
1964 2003
1870 2004
1225 2005
883 2006
34 2007
1432 2008
371 2009
1136 2010
1503 2011
379 2012
402 2013
644 2014
1650 2015
844 2016
144 2017
523 2018
70 2019
906 2020
1624 2021
1236 2022
948 2023
1611 2024
1535 2025
1672 2026
777 2027
1964 2028
1277 2029
1411 2030
1220 2031
885 2032
1550 2033
646 2034
1103 2035
1431 2036
1715 2037
364 2038
1449 2039
1166 2040
213 2041
1540 2042
692 2043
1203 2044
1710 2045
740 2046
61 2047
1186 2048
1970 2049
718 2050
1152 2051
1865 2052
223 2053
919 2054
365 2055
1814 2056
1275 2057
1311 2058
352 2059
1775 2060
875 2061
1499 2062
1453 2063
616 2064
322 2065
1651 2066
2027 2067
954 2068
234 2069
620 2070
1329 2071
559 2072
1998 2073
1152 2074
743 2075
120 2076
587 2077
1596 2078
1697 2079
1734 2080
538 2081
1479 2082
839 2083
724 2084
836 2085
933 2086
836 2087
891 2088
802 2089
1751 2090
2046 2091
288 2092
1461 2093
1449 2094
770 2095
392 2096
1167 2097
1988 2098
1899 2099
721 2100
851 2101
1208 2102
201 2103
1588 2104
2050 2105
1821 2106
143 2107
1223 2108
770 2109
1665 2110
1741 2111
1482 2112
10 2113
1998 2114
301 2115
1073 2116
750 2117
1560 2118
304 2119
1510 2120
1260 2121
986 2122
1477 2123
114 2124
589 2125
1885 2126
2089 2127
236 2128
388 2129
877 2130
1890 2131
1329 2132
1758 2133
1627 2134
1151 2135
1042 2136
397 2137
1865 2138
1825 2139
397 2140
1005 2141
859 2142
517 2143
1751 2144
656 2145
1495 2146
931 2147
1702 2148
1760 2149
270 2150
630 2151
1514 2152
908 2153
140 2154
351 2155
1393 2156
531 2157
161 2158
2093 2159
284 2160
1222 2161
443 2162
1490 2163
1195 2164
776 2165
2047 2166
921 2167
1389 2168
385 2169
1962 2170
1593 2171
2035 2172
665 2173
592 2174
917 2175
1917 2176
1929 2177
1661 2178
1226 2179
1326 2180
2081 2181
2048 2182
1429 2183
421 2184
1169 2185
1940 2186
1676 2187
1697 2188
1062 2189
1434 2190
1539 2191
1489 2192
83 2193
3 2194
2003 2195
42 2196
1946 2197
1051 2198
755 2199
297 2200
1574 2201
1694 2202
353 2203
1632 2204
2025 2205
1712 2206
1046 2207
2159 2208
1136 2209
2183 2210
27 2211
524 2212
869 2213
115 2214
476 2215
816 2216
2110 2217
292 2218
1453 2219
1971 2220
15 2221
208 2222
2040 2223
662 2224
324 2225
1145 2226
813 2227
845 2228
1437 2229
1469 2230
748 2231
856 2232
182 2233
360 2234
1802 2235
346 2236
1601 2237
2128 2238
466 2239
2121 2240
465 2241
951 2242
1756 2243
1689 2244
1707 2245
1754 2246
2105 2247
1189 2248
2124 2249
826 2250
2089 2251
1360 2252
668 2253
364 2254
1111 2255
1676 2256
824 2257
385 2258
2030 2259
1616 2260
1454 2261
1218 2262
2004 2263
350 2264
1499 2265
1940 2266
1817 2267
175 2268
1611 2269
232 2270
2258 2271
742 2272
1590 2273
633 2274
1411 2275
2093 2276
364 2277
2004 2278
1473 2279
1949 2280
454 2281
1176 2282
511 2283
205 2284
573 2285
904 2286
1965 2287
747 2288
155 2289
814 2290
1200 2291
1631 2292
1215 2293
2061 2294
1993 2295
1263 2296
2089 2297
279 2298
1354 2299
1999 2300
140 2301
1637 2302
9 2303
57 2304
1862 2305
1623 2306
1894 2307
635 2308
793 2309
73 2310
1438 2311
1937 2312
53 2313
1339 2314
2064 2315
1528 2316
346 2317
1691 2318
1769 2319
576 2320
730 2321
1176 2322
628 2323
744 2324
1443 2325
74 2326
1853 2327
1896 2328
275 2329
1272 2330
1635 2331
1109 2332
2279 2333
1836 2334
1340 2335
1566 2336
1363 2337
2222 2338
1 2339
1111 2340
1509 2341
323 2342
843 2343
1871 2344
1281 2345
1602 2346
620 2347
696 2348
1001 2349
1182 2350
1011 2351
2165 2352
552 2353
1412 2354
905 2355
923 2356
1894 2357
1818 2358
199 2359
80 2360
1824 2361
1532 2362
2098 2363
495 2364
1373 2365
770 2366
2151 2367
450 2368
120 2369
1702 2370
1569 2371
548 2372
1600 2373
1729 2374
983 2375
829 2376
13 2377
680 2378
377 2379
1649 2380
557 2381
592 2382
857 2383
1349 2384
1989 2385
175 2386
861 2387
2117 2388
2139 2389
454 2390
1203 2391
727 2392
475 2393
1100 2394
2187 2395
506 2396
1721 2397
47 2398
871 2399
584 2400
1804 2401
1099 2402
814 2403
1035 2404
1715 2405
1148 2406
2084 2407
211 2408
623 2409
2053 2410
2232 2411
1691 2412
830 2413
256 2414
1985 2415
2176 2416
1392 2417
352 2418
1680 2419
1971 2420
2219 2421
2195 2422
2375 2423
869 2424
106 2425
2058 2426
341 2427
2331 2428
630 2429
215 2430
605 2431
989 2432
14 2433
57 2434
1027 2435
424 2436
1104 2437
988 2438
1394 2439
19 2440
1756 2441
1527 2442
2061 2443
594 2444
1026 2445
637 2446
998 2447
1336 2448
1116 2449
1273 2450
1023 2451
140 2452
232 2453
340 2454
478 2455
72 2456
1759 2457
1374 2458
74 2459
531 2460
1976 2461
658 2462
2061 2463
1928 2464
1107 2465
1942 2466
2056 2467
1491 2468
697 2469
1823 2470
1916 2471
2181 2472
1223 2473
1620 2474
826 2475
260 2476
1990 2477
664 2478
1238 2479
2448 2480
638 2481
1308 2482
701 2483
2141 2484
1926 2485
342 2486
1383 2487
553 2488
1676 2489
2386 2490
1912 2491
509 2492
1276 2493
1638 2494
2302 2495
1316 2496
2241 2497
440 2498
870 2499
2492 2500
1686 2501
1279 2502
2006 2503
1042 2504
207 2505
2259 2506
228 2507
239 2508
93 2509
2131 2510
975 2511
30 2512
335 2513
1508 2514
603 2515
1232 2516
746 2517
2457 2518
1074 2519
1636 2520
1034 2521
474 2522
156 2523
1268 2524
2307 2525
1232 2526
1425 2527
772 2528
771 2529
790 2530
2044 2531
37 2532
406 2533
607 2534
1620 2535
2053 2536
2140 2537
1208 2538
1787 2539
1245 2540
2451 2541
418 2542
667 2543
819 2544
31 2545
1602 2546
1852 2547
946 2548
1099 2549
643 2550
1050 2551
2415 2552
2495 2553
774 2554
530 2555
2032 2556
998 2557
38 2558
1477 2559
720 2560
833 2561
920 2562
1170 2563
1533 2564
2250 2565
105 2566
2246 2567
890 2568
43 2569
117 2570
578 2571
1497 2572
183 2573
2069 2574
1599 2575
1751 2576
1304 2577
74 2578
1742 2579
196 2580
92 2581
1801 2582
1235 2583
1670 2584
875 2585
153 2586
1583 2587
755 2588
911 2589
151 2590
2185 2591
2056 2592
1838 2593
4 2594
1766 2595
2504 2596
2 2597
2070 2598
878 2599
1224 2600
2581 2601
614 2602
1827 2603
1074 2604
1556 2605
1878 2606
125 2607
1235 2608
2497 2609
1841 2610
1804 2611
2609 2612
1260 2613
687 2614
2436 2615
2133 2616
837 2617
1139 2618
90 2619
2350 2620
251 2621
1018 2622
1621 2623
1962 2624
1038 2625
2357 2626
1510 2627
882 2628
971 2629
528 2630
86 2631
746 2632
1743 2633
1275 2634
1059 2635
2556 2636
427 2637
1065 2638
755 2639
1336 2640
2397 2641
2620 2642
2219 2643
489 2644
327 2645
2256 2646
1635 2647
408 2648
133 2649
616 2650
699 2651
1554 2652
2522 2653
1603 2654
56 2655
1994 2656
29 2657
600 2658
2591 2659
779 2660
878 2661
443 2662
828 2663
2633 2664
2373 2665
1571 2666
2666 2667
1122 2668
2561 2669
2187 2670
2184 2671
407 2672
960 2673
1958 2674
1055 2675
1877 2676
1508 2677
767 2678
823 2679
166 2680
1328 2681
85 2682
2360 2683
2181 2684
1628 2685
828 2686
1574 2687
1606 2688
1577 2689
10 2690
988 2691
1985 2692
1207 2693
2239 2694
576 2695
1059 2696
52 2697
940 2698
1460 2699
1094 2700
1771 2701
1539 2702
1259 2703
2187 2704
2455 2705
1096 2706
1742 2707
240 2708
2154 2709
1506 2710
1902 2711
1127 2712
1100 2713
1490 2714
2032 2715
1178 2716
2437 2717
910 2718
609 2719
305 2720
2402 2721
1150 2722
929 2723
2016 2724
2472 2725
297 2726
1090 2727
1419 2728
1350 2729
1239 2730
2624 2731
321 2732
404 2733
1339 2734
1404 2735
2293 2736
1339 2737
403 2738
1065 2739
427 2740
2002 2741
2670 2742
274 2743
46 2744
2025 2745
834 2746
2216 2747
1636 2748
1304 2749
363 2750
1760 2751
565 2752
1912 2753
590 2754
1292 2755
1003 2756
1142 2757
725 2758
393 2759
2317 2760
987 2761
1112 2762
1500 2763
2198 2764
1487 2765
2282 2766
1471 2767
1411 2768
1301 2769
913 2770
1567 2771
2635 2772
1402 2773
2000 2774
223 2775
853 2776
1498 2777
2079 2778
74 2779
2318 2780
1476 2781
2196 2782
2454 2783
461 2784
1232 2785
844 2786
2644 2787
1014 2788
1988 2789
2728 2790
2472 2791
1596 2792
629 2793
1379 2794
2048 2795
1375 2796
950 2797
433 2798
1326 2799
278 2800
1422 2801
512 2802
588 2803
697 2804
2208 2805
1462 2806
1850 2807
1464 2808
2482 2809
470 2810
576 2811
1971 2812
110 2813
916 2814
2275 2815
28 2816
814 2817
1573 2818
2058 2819
1303 2820
1027 2821
2704 2822
518 2823
978 2824
2627 2825
1144 2826
1285 2827
1101 2828
2474 2829
848 2830
2121 2831
862 2832
397 2833
319 2834
183 2835
1846 2836
1702 2837
889 2838
1564 2839
852 2840
1437 2841
2586 2842
2134 2843
77 2844
2506 2845
503 2846
1465 2847
2245 2848
1144 2849
1784 2850
1343 2851
667 2852
1769 2853
2110 2854
2640 2855
2785 2856
1955 2857
484 2858
973 2859
2310 2860
1719 2861
1010 2862
367 2863
709 2864
2553 2865
365 2866
2407 2867
2581 2868
14 2869
1603 2870
1805 2871
489 2872
1921 2873
902 2874
1068 2875
2856 2876
2228 2877
1694 2878
2722 2879
1233 2880
2420 2881
760 2882
1841 2883
2289 2884
720 2885
823 2886
2862 2887
594 2888
2039 2889
201 2890
1712 2891
999 2892
81 2893
40 2894
1537 2895
1382 2896
305 2897
2463 2898
594 2899
272 2900
888 2901
838 2902
994 2903
95 2904
1206 2905
684 2906
2102 2907
1307 2908
1311 2909
2890 2910
1869 2911
1572 2912
1272 2913
439 2914
889 2915
870 2916
2122 2917
2869 2918
1074 2919
1334 2920
2350 2921
1255 2922
2865 2923
1808 2924
781 2925
2370 2926
2876 2927
1477 2928
1086 2929
428 2930
136 2931
691 2932
1222 2933
879 2934
1368 2935
777 2936
324 2937
911 2938
2728 2939
520 2940
2441 2941
81 2942
2326 2943
2417 2944
1960 2945
881 2946
2786 2947
1604 2948
2244 2949
2269 2950
723 2951
729 2952
2873 2953
1603 2954
1552 2955
197 2956
1655 2957
2040 2958
698 2959
1326 2960
2758 2961
2586 2962
597 2963
2756 2964
714 2965
1277 2966
204 2967
1355 2968
2541 2969
115 2970
182 2971
2687 2972
748 2973
1136 2974
115 2975
384 2976
826 2977
177 2978
634 2979
1624 2980
2265 2981
1249 2982
1479 2983
1546 2984
210 2985
1661 2986
1494 2987
1430 2988
1402 2989
2058 2990
1302 2991
170 2992
1248 2993
636 2994
479 2995
1646 2996
391 2997
956 2998
2207 2999
1772 3000
745 3001
627 3002
314 3003
1801 3004
1678 3005
2371 3006
1382 3007
818 3008
1527 3009
1491 3010
2237 3011
2384 3012
1650 3013
1709 3014
475 3015
717 3016
2628 3017
1957 3018
988 3019
1510 3020
70 3021
2625 3022
2351 3023
2109 3024
2292 3025
594 3026
2978 3027
1800 3028
2725 3029
1753 3030
1628 3031
2963 3032
1429 3033
15 3034
2370 3035
2080 3036
412 3037
2548 3038
985 3039
1023 3040
2585 3041
2685 3042
2879 3043
1598 3044
2815 3045
5 3046
740 3047
3001 3048
597 3049
2713 3050
2693 3051
332 3052
614 3053
1354 3054
1532 3055
1026 3056
424 3057
2917 3058
1401 3059
1615 3060
2112 3061
2868 3062
710 3063
2030 3064
531 3065
1172 3066
496 3067
2002 3068
2353 3069
1880 3070
3065 3071
2558 3072
217 3073
2873 3074
2011 3075
2293 3076
1702 3077
1114 3078
2240 3079
322 3080
1069 3081
2414 3082
3002 3083
2298 3084
417 3085
309 3086
708 3087
1769 3088
2353 3089
500 3090
1939 3091
758 3092
1055 3093
566 3094
1386 3095
491 3096
586 3097
2010 3098
1419 3099
1101 3100
33 3101
500 3102
50 3103
1259 3104
2938 3105
2135 3106
1072 3107
2541 3108
1129 3109
1194 3110
450 3111
989 3112
1130 3113
1263 3114
760 3115
3082 3116
147 3117
497 3118
2789 3119
2361 3120
438 3121
2898 3122
1684 3123
497 3124
3021 3125
1382 3126
1954 3127
2 3128
462 3129
1070 3130
3047 3131
108 3132
702 3133
1896 3134
2797 3135
653 3136
478 3137
2169 3138
2230 3139
920 3140
306 3141
3131 3142
1612 3143
1226 3144
1672 3145
2427 3146
1674 3147
1674 3148
3058 3149
871 3150
943 3151
1565 3152
2268 3153
3054 3154
1427 3155
2562 3156
2543 3157
851 3158
787 3159
2820 3160
2197 3161
2996 3162
91 3163
82 3164
2170 3165
1707 3166
865 3167
1768 3168
828 3169
245 3170
2230 3171
360 3172
169 3173
2355 3174
2593 3175
2503 3176
730 3177
1144 3178
2252 3179
2435 3180
2046 3181
2773 3182
873 3183
79 3184
603 3185
3085 3186
345 3187
1444 3188
2007 3189
2354 3190
228 3191
558 3192
434 3193
2574 3194
800 3195
1220 3196
2772 3197
890 3198
1187 3199
812 3200
414 3201
3171 3202
924 3203
1832 3204
1645 3205
75 3206
3017 3207
2504 3208
2763 3209
444 3210
2893 3211
1340 3212
3190 3213
2460 3214
1588 3215
2743 3216
1492 3217
3167 3218
73 3219
190 3220
345 3221
876 3222
3150 3223
465 3224
927 3225
1713 3226
542 3227
1683 3228
3034 3229
995 3230
749 3231
814 3232
2975 3233
656 3234
1301 3235
955 3236
479 3237
2000 3238
1144 3239
2672 3240
2116 3241
487 3242
2167 3243
344 3244
3111 3245
3238 3246
964 3247
1259 3248
58 3249
1430 3250
2443 3251
3184 3252
2403 3253
2261 3254
2940 3255
1773 3256
2127 3257
2496 3258
1468 3259
1197 3260
2279 3261
1612 3262
530 3263
1595 3264
2366 3265
2926 3266
164 3267
2620 3268
2307 3269
2797 3270
396 3271
1212 3272
2214 3273
1464 3274
2218 3275
2876 3276
586 3277
766 3278
1496 3279
3016 3280
2285 3281
2436 3282
1145 3283
1353 3284
1859 3285
652 3286
2990 3287
399 3288
2128 3289
2190 3290
364 3291
3093 3292
1400 3293
2453 3294
1295 3295
3046 3296
2211 3297
465 3298
2702 3299
2425 3300
46 3301
1694 3302
428 3303
785 3304
2873 3305
2854 3306
907 3307
851 3308
1823 3309
2850 3310
375 3311
2564 3312
3185 3313
19 3314
3222 3315
1982 3316
2698 3317
2868 3318
2143 3319
2111 3320
2209 3321
2804 3322
251 3323
686 3324
2540 3325
2667 3326
729 3327
592 3328
1756 3329
1222 3330
2059 3331
1315 3332
2766 3333
238 3334
3215 3335
748 3336
1363 3337
1554 3338
317 3339
3131 3340
1233 3341
1941 3342
841 3343
2299 3344
2246 3345
2682 3346
2346 3347
1311 3348
2128 3349
861 3350
205 3351
3110 3352
583 3353
1894 3354
1039 3355
1619 3356
665 3357
121 3358
245 3359
3009 3360
952 3361
3051 3362
1403 3363
1988 3364
3319 3365
1988 3366
903 3367
1618 3368
625 3369
829 3370
2795 3371
1604 3372
2419 3373
539 3374
3306 3375
1942 3376
2159 3377
2164 3378
1718 3379
554 3380
3102 3381
393 3382
2800 3383
2217 3384
35 3385
1757 3386
1913 3387
3049 3388
1438 3389
1856 3390
1651 3391
3074 3392
2658 3393
1870 3394
2196 3395
975 3396
984 3397
1618 3398
330 3399
2751 3400
1555 3401
711 3402
262 3403
2810 3404
1844 3405
2142 3406
430 3407
2044 3408
1522 3409
3177 3410
131 3411
1272 3412
2282 3413
1716 3414
2762 3415
2654 3416
2978 3417
496 3418
604 3419
2759 3420
744 3421
2926 3422
459 3423
174 3424
1829 3425
948 3426
1972 3427
180 3428
285 3429
1840 3430
1112 3431
2372 3432
2349 3433
3100 3434
2062 3435
2487 3436
3245 3437
2805 3438
1140 3439
2473 3440
1449 3441
800 3442
1139 3443
786 3444
375 3445
1471 3446
181 3447
2255 3448
1529 3449
1224 3450
1420 3451
1051 3452
2735 3453
208 3454
1742 3455
1137 3456
3188 3457
2630 3458
922 3459
1745 3460
2212 3461
2313 3462
1234 3463
2444 3464
3303 3465
454 3466
3260 3467
1217 3468
1279 3469
1063 3470
2804 3471
669 3472
1799 3473
631 3474
2548 3475
679 3476
3246 3477
2040 3478
931 3479
3173 3480
527 3481
463 3482
903 3483
1208 3484
303 3485
2410 3486
2912 3487
923 3488
2906 3489
1606 3490
1741 3491
1483 3492
2815 3493
2377 3494
1433 3495
1232 3496
1206 3497
38 3498
511 3499
976 3500
1872 3501
689 3502
2607 3503
1152 3504
1512 3505
2420 3506
2667 3507
2540 3508
3421 3509
3106 3510
2598 3511
1840 3512
1036 3513
1161 3514
1816 3515
586 3516
134 3517
3142 3518
2722 3519
2697 3520
2579 3521
2817 3522
2574 3523
583 3524
503 3525
427 3526
2096 3527
543 3528
683 3529
3109 3530
280 3531
252 3532
982 3533
2263 3534
1126 3535
3012 3536
1532 3537
3231 3538
2720 3539
8 3540
854 3541
108 3542
3331 3543
1738 3544
2931 3545
264 3546
1230 3547
1533 3548
1810 3549
1437 3550
2763 3551
1565 3552
807 3553
3285 3554
1026 3555
1027 3556
1202 3557
689 3558
488 3559
443 3560
3315 3561
430 3562
1857 3563
664 3564
2001 3565
2980 3566
2802 3567
306 3568
1788 3569
3151 3570
568 3571
191 3572
1909 3573
2629 3574
2491 3575
869 3576
1392 3577
1084 3578
2216 3579
1412 3580
2111 3581
1305 3582
3300 3583
2267 3584
450 3585
3202 3586
1971 3587
231 3588
2033 3589
1694 3590
2817 3591
22 3592
1061 3593
313 3594
1425 3595
2037 3596
2290 3597
260 3598
3200 3599
2323 3600
1009 3601
2025 3602
2767 3603
2396 3604
1585 3605
2221 3606
1434 3607
112 3608
3255 3609
363 3610
2361 3611
541 3612
1527 3613
3466 3614
916 3615
3215 3616
3430 3617
3405 3618
1784 3619
2972 3620
604 3621
2397 3622
757 3623
762 3624
1453 3625
2417 3626
2683 3627
1829 3628
633 3629
1136 3630
1902 3631
886 3632
2144 3633
1150 3634
535 3635
3362 3636
2231 3637
1997 3638
559 3639
271 3640
732 3641
430 3642
1339 3643
1865 3644
3019 3645
282 3646
3403 3647
1393 3648
3343 3649
2153 3650
2594 3651
3619 3652
3631 3653
789 3654
1051 3655
1752 3656
2809 3657
839 3658
542 3659
2073 3660
616 3661
2851 3662
2395 3663
636 3664
2455 3665
246 3666
2206 3667
2883 3668
62 3669
2441 3670
743 3671
1658 3672
686 3673
3184 3674
3560 3675
3488 3676
1148 3677
2105 3678
1767 3679
3504 3680
2289 3681
1357 3682
1707 3683
504 3684
3356 3685
997 3686
2016 3687
25 3688
1328 3689
167 3690
2297 3691
1522 3692
2301 3693
2150 3694
1184 3695
638 3696
970 3697
3171 3698
2681 3699
1933 3700
1383 3701
1122 3702
1649 3703
252 3704
995 3705
532 3706
1098 3707
526 3708
1326 3709
2877 3710
1257 3711
2566 3712
1772 3713
1801 3714
2185 3715
2760 3716
786 3717
1491 3718
435 3719
1662 3720
3465 3721
3131 3722
1629 3723
2851 3724
3554 3725
3057 3726
1461 3727
3506 3728
1716 3729
522 3730
3270 3731
3531 3732
136 3733
66 3734
494 3735
2436 3736
1678 3737
1436 3738
2602 3739
3594 3740
2540 3741
2182 3742
3712 3743
2566 3744
2821 3745
1120 3746
681 3747
612 3748
1800 3749
1749 3750
2700 3751
1711 3752
2337 3753
2853 3754
2881 3755
476 3756
1286 3757
3299 3758
3693 3759
3710 3760
889 3761
3183 3762
3055 3763
2631 3764
1937 3765
2037 3766
2970 3767
2789 3768
2418 3769
364 3770
1604 3771
250 3772
997 3773
2448 3774
1390 3775
1129 3776
2630 3777
1310 3778
3771 3779
2719 3780
3216 3781
1119 3782
419 3783
193 3784
1124 3785
2006 3786
165 3787
41 3788
3509 3789
3244 3790
26 3791
259 3792
2818 3793
3698 3794
1610 3795
242 3796
3512 3797
401 3798
3069 3799
1936 3800
3641 3801
2664 3802
908 3803
2648 3804
2348 3805
1838 3806
682 3807
3525 3808
2605 3809
1571 3810
1780 3811
2781 3812
2641 3813
3399 3814
3299 3815
2192 3816
2757 3817
3285 3818
52 3819
1779 3820
558 3821
2620 3822
3250 3823
1965 3824
2189 3825
1928 3826
568 3827
1772 3828
3455 3829
3824 3830
1263 3831
3823 3832
1423 3833
680 3834
351 3835
3516 3836
1943 3837
260 3838
82 3839
1258 3840
1247 3841
3288 3842
3726 3843
1376 3844
283 3845
910 3846
2327 3847
3374 3848
2966 3849
3382 3850
2127 3851
2879 3852
766 3853
1505 3854
812 3855
1167 3856
3618 3857
871 3858
2409 3859
1499 3860
3293 3861
56 3862
3634 3863
162 3864
2904 3865
3682 3866
2355 3867
3771 3868
999 3869
2638 3870
177 3871
3841 3872
2242 3873
2633 3874
2565 3875
1309 3876
2347 3877
1857 3878
2411 3879
2937 3880
2393 3881
1898 3882
3164 3883
1531 3884
3204 3885
168 3886
2435 3887
1956 3888
913 3889
3182 3890
3564 3891
806 3892
2580 3893
422 3894
701 3895
1512 3896
3055 3897
2689 3898
2216 3899
3109 3900
2099 3901
961 3902
169 3903
1741 3904
3422 3905
66 3906
515 3907
1087 3908
3280 3909
3373 3910
1386 3911
2110 3912
2235 3913
3383 3914
2496 3915
2152 3916
3527 3917
3051 3918
1458 3919
1056 3920
3759 3921
809 3922
1885 3923
1202 3924
3087 3925
596 3926
957 3927
1185 3928
3649 3929
1848 3930
709 3931
253 3932
2969 3933
1196 3934
1530 3935
2419 3936
1941 3937
2079 3938
237 3939
2249 3940
2523 3941
3743 3942
1926 3943
2333 3944
3646 3945
3074 3946
2050 3947
3322 3948
2060 3949
2729 3950
2311 3951
2680 3952
2440 3953
3160 3954
3878 3955
3598 3956
3731 3957
1465 3958
1801 3959
1022 3960
3061 3961
2453 3962
3656 3963
1673 3964
3597 3965
2375 3966
1813 3967
1604 3968
2128 3969
1987 3970
1979 3971
992 3972
1914 3973
2458 3974
463 3975
1602 3976
1174 3977
2238 3978
3754 3979
999 3980
737 3981
3099 3982
3308 3983
2650 3984
2305 3985
3278 3986
188 3987
1499 3988
2045 3989
2865 3990
1473 3991
1432 3992
1884 3993
219 3994
316 3995
3613 3996
779 3997
1705 3998
1603 3999
1679 4000
1289 4001
3056 4002
2341 4003
1225 4004
3047 4005
2617 4006
985 4007
632 4008
926 4009
1830 4010
2532 4011
2165 4012
2536 4013
2005 4014
458 4015
3693 4016
2752 4017
2719 4018
707 4019
26 4020
2591 4021
2122 4022
2702 4023
2001 4024
2953 4025
334 4026
3046 4027
2665 4028
1659 4029
2234 4030
1273 4031
448 4032
3233 4033
432 4034
1519 4035
1192 4036
889 4037
823 4038
2814 4039
1410 4040
3621 4041
1157 4042
1737 4043
3042 4044
3336 4045
304 4046
488 4047
3149 4048
845 4049
3601 4050
1186 4051
2899 4052
2453 4053
1840 4054
43 4055
2903 4056
1072 4057
3512 4058
276 4059
3247 4060
3800 4061
3383 4062
3635 4063
231 4064
3756 4065
2810 4066
3958 4067
3761 4068
947 4069
2479 4070
1101 4071
3558 4072
1311 4073
1322 4074
1981 4075
452 4076
2055 4077
2519 4078
2128 4079
4016 4080
4017 4081
2530 4082
2138 4083
3898 4084
1063 4085
3060 4086
3779 4087
3962 4088
339 4089
3441 4090
3723 4091
1857 4092
537 4093
202 4094
2069 4095
1315 4096
3927 4097
1501 4098
616 4099
3093 4100
1043 4101
1853 4102
3799 4103
3959 4104
153 4105
2772 4106
2739 4107
1860 4108
1111 4109
3443 4110
2870 4111
2417 4112
2005 4113
2511 4114
3807 4115
1393 4116
3656 4117
2137 4118
1330 4119
2831 4120
1464 4121
103 4122
3612 4123
2104 4124
2782 4125
1903 4126
3197 4127
102 4128
21 4129
994 4130
722 4131
2832 4132
2746 4133
775 4134
3547 4135
311 4136
3162 4137
2215 4138
2691 4139
2495 4140
1526 4141
2766 4142
2529 4143
1553 4144
1088 4145
1629 4146
1202 4147
4059 4148
386 4149
1328 4150
2030 4151
633 4152
2050 4153
69 4154
1891 4155
2476 4156
2241 4157
2175 4158
3453 4159
1661 4160
3839 4161
2503 4162
2991 4163
998 4164
3148 4165
3174 4166
1575 4167
4127 4168
2723 4169
991 4170
912 4171
3919 4172
222 4173
3549 4174
2109 4175
2451 4176
2018 4177
813 4178
1365 4179
827 4180
543 4181
2591 4182
546 4183
3521 4184
530 4185
1067 4186
3859 4187
3928 4188
93 4189
3952 4190
3249 4191
2185 4192
500 4193
377 4194
2593 4195
328 4196
3145 4197
1455 4198
745 4199
3627 4200
2227 4201
3209 4202
3588 4203
189 4204
2936 4205
3504 4206
653 4207
1909 4208
158 4209
3594 4210
570 4211
871 4212
1047 4213
1321 4214
1677 4215
768 4216
1529 4217
3104 4218
770 4219
487 4220
3679 4221
4187 4222
3789 4223
1525 4224
1084 4225
2165 4226
1539 4227
3659 4228
1001 4229
2199 4230
1006 4231
11 4232
2381 4233
1442 4234
3949 4235
815 4236
3685 4237
1673 4238
275 4239
1385 4240
3324 4241
3927 4242
4025 4243
1341 4244
2113 4245
121 4246
2150 4247
3970 4248
4156 4249
862 4250
2220 4251
2744 4252
36 4253
1950 4254
3120 4255
1152 4256
3467 4257
3586 4258
1512 4259
1924 4260
1809 4261
1827 4262
1895 4263
578 4264
3144 4265
737 4266
2577 4267
2787 4268
3377 4269
621 4270
946 4271
3514 4272
2005 4273
2117 4274
4270 4275
48 4276
4064 4277
3362 4278
2187 4279
1995 4280
108 4281
2763 4282
2377 4283
2020 4284
2508 4285
2567 4286
2753 4287
4037 4288
3792 4289
661 4290
1562 4291
91 4292
2223 4293
8 4294
3858 4295
1381 4296
2433 4297
1967 4298
2064 4299
523 4300
3510 4301
1096 4302
55 4303
193 4304
1777 4305
623 4306
147 4307
299 4308
3412 4309
1709 4310
2096 4311
1001 4312
53 4313
873 4314
4290 4315
2478 4316
3836 4317
2338 4318
235 4319
1805 4320
1239 4321
2749 4322
1407 4323
257 4324
3117 4325
2246 4326
2308 4327
1807 4328
442 4329
1196 4330
3460 4331
2752 4332
1135 4333
224 4334
602 4335
71 4336
2773 4337
1483 4338
774 4339
2512 4340
4208 4341
1173 4342
1388 4343
4337 4344
4049 4345
2689 4346
1792 4347
4201 4348
3455 4349
1833 4350
4100 4351
1551 4352
1325 4353
3459 4354
2834 4355
409 4356
1446 4357
2728 4358
2849 4359
835 4360
2809 4361
529 4362
947 4363
1757 4364
320 4365
3708 4366
1441 4367
1948 4368
2151 4369
2209 4370
1996 4371
2545 4372
130 4373
2960 4374
1517 4375
2989 4376
4269 4377
4088 4378
3209 4379
3490 4380
246 4381
443 4382
1156 4383
443 4384
2228 4385
347 4386
3439 4387
2705 4388
703 4389
2807 4390
3051 4391
4214 4392
4155 4393
242 4394
1056 4395
2456 4396
3193 4397
4005 4398
3902 4399
3446 4400
265 4401
4110 4402
1029 4403
264 4404
527 4405
1754 4406
3315 4407
1070 4408
2521 4409
3096 4410
199 4411
2395 4412
1776 4413
1880 4414
2253 4415
2466 4416
1713 4417
204 4418
2772 4419
3190 4420
565 4421
1823 4422
701 4423
3460 4424
3638 4425
2737 4426
3852 4427
1335 4428
3236 4429
3486 4430
3601 4431
1269 4432
875 4433
722 4434
3975 4435
4425 4436
75 4437
2796 4438
1812 4439
4063 4440
896 4441
1839 4442
2602 4443
1870 4444
2525 4445
2466 4446
2359 4447
4151 4448
2278 4449
1571 4450
1016 4451
3950 4452
2599 4453
1272 4454
3525 4455
2998 4456
1210 4457
19 4458
1938 4459
2907 4460
3721 4461
1644 4462
532 4463
4051 4464
3310 4465
3626 4466
2511 4467
1320 4468
1686 4469
4044 4470
723 4471
3061 4472
49 4473
3842 4474
3821 4475
1798 4476
4129 4477
3936 4478
2145 4479
74 4480
3001 4481
2798 4482
984 4483
2826 4484
4228 4485
3024 4486
490 4487
4072 4488
3221 4489
795 4490
3304 4491
2463 4492
1754 4493
413 4494
3154 4495
404 4496
2410 4497
555 4498
3613 4499
3632 4500
3942 4501
280 4502
1560 4503
2495 4504
1076 4505
3719 4506
3652 4507
4377 4508
3203 4509
3503 4510
4107 4511
3711 4512
4488 4513
2291 4514
2214 4515
3275 4516
3931 4517
1883 4518
3277 4519
426 4520
1896 4521
2782 4522
4464 4523
993 4524
3763 4525
2415 4526
3609 4527
3058 4528
561 4529
1077 4530
4320 4531
2718 4532
330 4533
693 4534
1158 4535
195 4536
1126 4537
1706 4538
470 4539
118 4540
878 4541
2372 4542
340 4543
3027 4544
4297 4545
1031 4546
2934 4547
1808 4548
2841 4549
2240 4550
804 4551
706 4552
3894 4553
4015 4554
3757 4555
1854 4556
3989 4557
2275 4558
2542 4559
3949 4560
3690 4561
3581 4562
3330 4563
3399 4564
3879 4565
328 4566
4323 4567
2732 4568
3006 4569
341 4570
1205 4571
4361 4572
3729 4573
4262 4574
3157 4575
594 4576
1627 4577
2840 4578
281 4579
114 4580
396 4581
1063 4582
140 4583
1802 4584
3644 4585
4007 4586
4509 4587
3405 4588
1845 4589
2652 4590
3335 4591
1952 4592
2688 4593
1213 4594
4149 4595
3616 4596
3140 4597
3234 4598
3901 4599
2303 4600
3149 4601
2158 4602
3752 4603
1596 4604
2463 4605
821 4606
1695 4607
4349 4608
3873 4609
850 4610
3981 4611
3942 4612
1010 4613
1820 4614
2472 4615
3763 4616
2286 4617
1504 4618
2337 4619
35 4620
748 4621
493 4622
3726 4623
2092 4624
111 4625
2898 4626
3617 4627
2163 4628
4578 4629
4512 4630
1578 4631
1848 4632
4310 4633
1800 4634
1637 4635
852 4636
4328 4637
3798 4638
2388 4639
1507 4640
535 4641
3661 4642
2043 4643
1692 4644
2682 4645
4538 4646
3622 4647
2948 4648
3045 4649
1914 4650
3100 4651
695 4652
3298 4653
332 4654
1460 4655
939 4656
76 4657
2675 4658
1340 4659
843 4660
2824 4661
3946 4662
2528 4663
3703 4664
2805 4665
4661 4666
327 4667
4006 4668
4248 4669
2419 4670
1236 4671
3536 4672
1859 4673
1279 4674
3881 4675
2066 4676
2326 4677
3290 4678
910 4679
1774 4680
1032 4681
4562 4682
3673 4683
4060 4684
3636 4685
479 4686
1699 4687
210 4688
4585 4689
2888 4690
2378 4691
1544 4692
658 4693
1236 4694
120 4695
449 4696
3731 4697
278 4698
2862 4699
1481 4700
4157 4701
2870 4702
3911 4703
4011 4704
2230 4705
2782 4706
325 4707
4701 4708
3120 4709
1685 4710
4177 4711
2116 4712
4052 4713
3883 4714
215 4715
281 4716
3117 4717
469 4718
2471 4719
3521 4720
2995 4721
1874 4722
892 4723
3196 4724
300 4725
3372 4726
2194 4727
4172 4728
1836 4729
4600 4730
1874 4731
86 4732
625 4733
87 4734
2926 4735
3845 4736
345 4737
2401 4738
3831 4739
3450 4740
2646 4741
2398 4742
407 4743
483 4744
2958 4745
3501 4746
442 4747
1187 4748
2220 4749
4172 4750
4182 4751
3490 4752
2087 4753
136 4754
3200 4755
2901 4756
423 4757
2946 4758
2005 4759
3827 4760
912 4761
460 4762
1842 4763
845 4764
2530 4765
3627 4766
2550 4767
1363 4768
1926 4769
281 4770
1372 4771
43 4772
476 4773
4034 4774
968 4775
3510 4776
3982 4777
510 4778
2040 4779
1135 4780
4437 4781
4620 4782
363 4783
4672 4784
531 4785
354 4786
4125 4787
4240 4788
2186 4789
3889 4790
1585 4791
4397 4792
708 4793
268 4794
1966 4795
2718 4796
4032 4797
3609 4798
2352 4799
4592 4800
862 4801
1318 4802
2159 4803
3548 4804
3451 4805
2041 4806
2338 4807
2484 4808
928 4809
4185 4810
687 4811
235 4812
4513 4813
3991 4814
376 4815
4711 4816
3408 4817
1775 4818
2589 4819
1712 4820
166 4821
3093 4822
2680 4823
3962 4824
462 4825
3449 4826
405 4827
4507 4828
3826 4829
2980 4830
584 4831
395 4832
4162 4833
3935 4834
3524 4835
642 4836
383 4837
823 4838
3292 4839
4376 4840
3251 4841
3741 4842
1773 4843
3318 4844
140 4845
1472 4846
1183 4847
2794 4848
3457 4849
18 4850
2200 4851
1697 4852
4293 4853
4794 4854
4471 4855
1868 4856
1277 4857
3624 4858
1741 4859
3793 4860
2481 4861
2308 4862
2396 4863
4372 4864
8 4865
4399 4866
4269 4867
4043 4868
708 4869
3394 4870
4861 4871
633 4872
4871 4873
1306 4874
1838 4875
337 4876
1554 4877
1761 4878
1087 4879
933 4880
3925 4881
1380 4882
2832 4883
1579 4884
3679 4885
2108 4886
2406 4887
1041 4888
3309 4889
4520 4890
2643 4891
2342 4892
3203 4893
93 4894
4136 4895
587 4896
3739 4897
3684 4898
1008 4899
2454 4900
1104 4901
381 4902
2856 4903
1950 4904
3927 4905
3278 4906
2110 4907
1958 4908
2129 4909
382 4910
517 4911
1984 4912
4881 4913
1510 4914
1835 4915
4108 4916
956 4917
1083 4918
939 4919
3622 4920
4824 4921
1948 4922
2607 4923
2320 4924
1169 4925
3304 4926
2148 4927
3161 4928
1155 4929
2667 4930
2381 4931
3187 4932
3667 4933
2846 4934
4489 4935
4418 4936
1099 4937
629 4938
433 4939
4844 4940
1880 4941
4396 4942
2264 4943
3396 4944
2442 4945
560 4946
1828 4947
1680 4948
4573 4949
3095 4950
2389 4951
2549 4952
2029 4953
4534 4954
1612 4955
2617 4956
1011 4957
1599 4958
4551 4959
3249 4960
4428 4961
4225 4962
2664 4963
772 4964
3906 4965
2127 4966
930 4967
3333 4968
2549 4969
1332 4970
1358 4971
2705 4972
1501 4973
240 4974
1689 4975
337 4976
962 4977
2742 4978
2439 4979
630 4980
311 4981
3928 4982
178 4983
3051 4984
4696 4985
4308 4986
4536 4987
4222 4988
3855 4989
353 4990
4247 4991
2580 4992
1887 4993
3824 4994
2145 4995
1578 4996
3265 4997
4530 4998
2880 4999
1952 5000
2411 5001
3854 5002
4829 5003
949 5004
4302 5005
2041 5006
1349 5007
1654 5008
601 5009
4911 5010
793 5011
3272 5012
3442 5013
3221 5014
2542 5015
571 5016
3374 5017
2076 5018
29 5019
2049 5020
4861 5021
32 5022
1936 5023
3729 5024
3577 5025
1127 5026
122 5027
1599 5028
2851 5029
2091 5030
1708 5031
985 5032
724 5033
1769 5034
367 5035
1830 5036
361 5037
3301 5038
4206 5039
285 5040
721 5041
5007 5042
2314 5043
4293 5044
1616 5045
4166 5046
3447 5047
3426 5048
2169 5049
4141 5050
1647 5051
984 5052
4898 5053
2583 5054
2115 5055
1968 5056
868 5057
4334 5058
2940 5059
1491 5060
1730 5061
2090 5062
708 5063
1869 5064
2941 5065
2093 5066
4888 5067
2624 5068
77 5069
4202 5070
4094 5071
4695 5072
5066 5073
1122 5074
2756 5075
2664 5076
1039 5077
1013 5078
2202 5079
3461 5080
2517 5081
4422 5082
2293 5083
1913 5084
340 5085
4086 5086
1406 5087
1125 5088
4993 5089
2034 5090
3810 5091
2826 5092
2045 5093
1212 5094
2393 5095
3366 5096
4641 5097
1135 5098
3424 5099
2610 5100
2554 5101
1430 5102
2956 5103
3039 5104
2715 5105
4789 5106
3957 5107
830 5108
2322 5109
4649 5110
3677 5111
1214 5112
2772 5113
3480 5114
3886 5115
827 5116
3794 5117
4713 5118
888 5119
495 5120
3467 5121
3956 5122
2864 5123
1558 5124
1423 5125
96 5126
1781 5127
3232 5128
2318 5129
27 5130
571 5131
1517 5132
4194 5133
4951 5134
3125 5135
4943 5136
2715 5137
4679 5138
1404 5139
2362 5140
312 5141
268 5142
391 5143
896 5144
1832 5145
2416 5146
1973 5147
4996 5148
2409 5149
3033 5150
1707 5151
2348 5152
1406 5153
3378 5154
5134 5155
4790 5156
749 5157
2305 5158
745 5159
2851 5160
2932 5161
1633 5162
1050 5163
2562 5164
4454 5165
2501 5166
2048 5167
3624 5168
87 5169
283 5170
4299 5171
1170 5172
3868 5173
4544 5174
45 5175
651 5176
1632 5177
4275 5178
2081 5179
2611 5180
4265 5181
4604 5182
786 5183
1260 5184
1565 5185
3507 5186
1835 5187
2801 5188
2467 5189
764 5190
4750 5191
4404 5192
3195 5193
4542 5194
1020 5195
4131 5196
1982 5197
1394 5198
2261 5199
4747 5200
3821 5201
457 5202
4874 5203
4089 5204
2344 5205
5056 5206
4885 5207
515 5208
379 5209
1174 5210
955 5211
5151 5212
4512 5213
3694 5214
42 5215
1374 5216
3317 5217
484 5218
2727 5219
4447 5220
3344 5221
4348 5222
3470 5223
2735 5224
3115 5225
3185 5226
4030 5227
1692 5228
827 5229
2749 5230
3718 5231
1697 5232
477 5233
1833 5234
787 5235
1992 5236
3142 5237
3770 5238
120 5239
812 5240
2607 5241
790 5242
310 5243
3374 5244
862 5245
4022 5246
2636 5247
5066 5248
5167 5249
2133 5250
3998 5251
4356 5252
3193 5253
4337 5254
4349 5255
1661 5256
541 5257
4062 5258
1098 5259
3538 5260
1473 5261
191 5262
3418 5263
2297 5264
2695 5265
5006 5266
2437 5267
550 5268
3716 5269
859 5270
1904 5271
4280 5272
4595 5273
3821 5274
3346 5275
134 5276
151 5277
1580 5278
2872 5279
3165 5280
727 5281
1866 5282
5176 5283
917 5284
505 5285
663 5286
575 5287
4184 5288
2548 5289
4239 5290
2383 5291
3835 5292
3500 5293
1600 5294
2313 5295
3934 5296
4886 5297
207 5298
3363 5299
2852 5300
4367 5301
4219 5302
3675 5303
1262 5304
3725 5305
743 5306
1186 5307
126 5308
314 5309
1072 5310
2873 5311
2050 5312
2159 5313
113 5314
3141 5315
2894 5316
3449 5317
4794 5318
4096 5319
4079 5320
1618 5321
1948 5322
2023 5323
2528 5324
1426 5325
3388 5326
1269 5327
853 5328
3906 5329
4229 5330
220 5331
4979 5332
1456 5333
4846 5334
2128 5335
2880 5336
5310 5337
4078 5338
187 5339
1409 5340
702 5341
4245 5342
2556 5343
5109 5344
3177 5345
2783 5346
3227 5347
1349 5348
4837 5349
1552 5350
1557 5351
4900 5352
577 5353
5078 5354
1417 5355
3495 5356
1075 5357
644 5358
4855 5359
1924 5360
1989 5361
3905 5362
677 5363
1426 5364
3361 5365
644 5366
433 5367
266 5368
3283 5369
4526 5370
2063 5371
3215 5372
2859 5373
231 5374
2446 5375
3634 5376
70 5377
2425 5378
3496 5379
1754 5380
4376 5381
8 5382
1535 5383
4 5384
4827 5385
2111 5386
3558 5387
2965 5388
3521 5389
3412 5390
4379 5391
3528 5392
5063 5393
1440 5394
2803 5395
4905 5396
5371 5397
1108 5398
2771 5399
1427 5400
2173 5401
791 5402
5201 5403
859 5404
4744 5405
2722 5406
563 5407
2449 5408
3701 5409
321 5410
2451 5411
1881 5412
5054 5413
2296 5414
3578 5415
5025 5416
3121 5417
3392 5418
2835 5419
5208 5420
2388 5421
2970 5422
3957 5423
1137 5424
1714 5425
1569 5426
3185 5427
797 5428
4013 5429
3843 5430
1993 5431
5371 5432
5013 5433
4055 5434
3590 5435
4378 5436
2361 5437
882 5438
2716 5439
890 5440
1766 5441
39 5442
26 5443
4246 5444
5348 5445
2966 5446
3449 5447
2657 5448
720 5449
3677 5450
4301 5451
3398 5452
3764 5453
3136 5454
635 5455
4643 5456
2824 5457
2138 5458
481 5459
1430 5460
2237 5461
4082 5462
3636 5463
3839 5464
4150 5465
3000 5466
2624 5467
591 5468
1758 5469
5437 5470
1826 5471
426 5472
5255 5473
4608 5474
3932 5475
4362 5476
2649 5477
3233 5478
3780 5479
5310 5480
20 5481
584 5482
2344 5483
2269 5484
4613 5485
842 5486
3685 5487
3243 5488
419 5489
3720 5490
814 5491
2776 5492
2177 5493
1238 5494
3807 5495
2752 5496
4245 5497
1396 5498
2360 5499
3884 5500
5448 5501
495 5502
5432 5503
4767 5504
829 5505
3834 5506
346 5507
4251 5508
3090 5509
4848 5510
3953 5511
562 5512
4181 5513
2272 5514
2853 5515
4320 5516
4163 5517
3348 5518
595 5519
887 5520
5279 5521
3621 5522
3387 5523
3873 5524
3511 5525
1292 5526
3067 5527
2259 5528
5159 5529
3876 5530
889 5531
2308 5532
4928 5533
3703 5534
5181 5535
4633 5536
600 5537
1557 5538
4650 5539
1661 5540
5522 5541
5303 5542
1542 5543
4730 5544
3472 5545
4582 5546
514 5547
3374 5548
500 5549
2121 5550
314 5551
2338 5552
4498 5553
3046 5554
3305 5555
3726 5556
4941 5557
153 5558
938 5559
347 5560
5092 5561
916 5562
3855 5563
2326 5564
4877 5565
1474 5566
1394 5567
3861 5568
2603 5569
1863 5570
4591 5571
519 5572
4304 5573
5327 5574
1607 5575
2970 5576
3154 5577
3619 5578
2048 5579
147 5580
869 5581
145 5582
1446 5583
1028 5584
912 5585
4320 5586
3950 5587
1748 5588
4636 5589
5437 5590
2749 5591
3454 5592
3323 5593
1888 5594
1835 5595
495 5596
5446 5597
1043 5598
3342 5599
3260 5600
51 5601
3792 5602
5100 5603
632 5604
3789 5605
2943 5606
2729 5607
49 5608
1343 5609
4988 5610
4037 5611
1413 5612
2520 5613
5021 5614
840 5615
3348 5616
2066 5617
900 5618
5204 5619
2393 5620
4527 5621
429 5622
981 5623
5499 5624
4532 5625
1395 5626
3458 5627
4519 5628
3265 5629
3191 5630
1536 5631
989 5632
2659 5633
277 5634
5478 5635
3401 5636
2123 5637
1422 5638
1422 5639
3838 5640
5338 5641
3772 5642
1168 5643
3018 5644
2184 5645
4722 5646
4226 5647
4757 5648
2685 5649
235 5650
4907 5651
4959 5652
1183 5653
4443 5654
3500 5655
2226 5656
186 5657
1912 5658
1837 5659
4104 5660
5375 5661
5630 5662
4311 5663
2313 5664
2783 5665
2595 5666
793 5667
453 5668
1693 5669
509 5670
5664 5671
4781 5672
672 5673
4765 5674
1127 5675
5674 5676
2419 5677
762 5678
1126 5679
517 5680
4618 5681
2586 5682
181 5683
4543 5684
4334 5685
5415 5686
2268 5687
1588 5688
2651 5689
5601 5690
5320 5691
2920 5692
1002 5693
2980 5694
3482 5695
2048 5696
329 5697
5612 5698
5371 5699
2331 5700
4524 5701
2853 5702
5054 5703
5652 5704
4736 5705
5410 5706
2014 5707
4117 5708
4819 5709
4752 5710
4018 5711
1067 5712
2972 5713
2554 5714
721 5715
761 5716
3729 5717
4849 5718
5094 5719
2745 5720
904 5721
1109 5722
803 5723
560 5724
2887 5725
4717 5726
2203 5727
2588 5728
617 5729
3053 5730
3745 5731
2555 5732
2820 5733
5275 5734
3897 5735
2222 5736
3731 5737
5076 5738
3423 5739
919 5740
1746 5741
3072 5742
3881 5743
780 5744
3302 5745
3554 5746
2561 5747
134 5748
3877 5749
3477 5750
4565 5751
4606 5752
599 5753
2436 5754
5070 5755
2332 5756
504 5757
4394 5758
5268 5759
4400 5760
4061 5761
5493 5762
3564 5763
4853 5764
4750 5765
826 5766
2793 5767
4946 5768
3388 5769
2856 5770
1503 5771
4249 5772
2486 5773
392 5774
2376 5775
2299 5776
2639 5777
3315 5778
4107 5779
4811 5780
5328 5781
4140 5782
51 5783
1687 5784
4306 5785
3968 5786
507 5787
4423 5788
46 5789
218 5790
5398 5791
1959 5792
2890 5793
4916 5794
4803 5795
4559 5796
3499 5797
936 5798
4865 5799
4947 5800
374 5801
759 5802
4613 5803
3585 5804
1206 5805
977 5806
3038 5807
4631 5808
4535 5809
4177 5810
5055 5811
4687 5812
1420 5813
786 5814
1832 5815
3481 5816
425 5817
785 5818
1832 5819
1168 5820
2059 5821
1468 5822
4202 5823
1319 5824
469 5825
461 5826
5233 5827
4600 5828
2497 5829
5032 5830
2773 5831
5610 5832
2632 5833
323 5834
493 5835
4672 5836
4086 5837
4528 5838
427 5839
4458 5840
4009 5841
2254 5842
3096 5843
4473 5844
931 5845
3671 5846
5554 5847
934 5848
2547 5849
1067 5850
1924 5851
2888 5852
5193 5853
80 5854
522 5855
3810 5856
4596 5857
2479 5858
4673 5859
1589 5860
227 5861
5615 5862
2011 5863
3171 5864
2649 5865
5855 5866
2671 5867
3572 5868
4298 5869
3069 5870
3669 5871
47 5872
1627 5873
2590 5874
4391 5875
3988 5876
4368 5877
391 5878
945 5879
1683 5880
5693 5881
3818 5882
4009 5883
2363 5884
5244 5885
3106 5886
778 5887
4148 5888
1440 5889
4920 5890
329 5891
3638 5892
5112 5893
2049 5894
2511 5895
4684 5896
3053 5897
2355 5898
2762 5899
4955 5900
2751 5901
5216 5902
486 5903
1299 5904
244 5905
1273 5906
5279 5907
2471 5908
1742 5909
4355 5910
913 5911
1574 5912
2232 5913
753 5914
3469 5915
3695 5916
448 5917
1042 5918
1369 5919
1557 5920
3576 5921
5691 5922
5563 5923
3708 5924
4232 5925
3055 5926
3845 5927
2875 5928
1428 5929
360 5930
2664 5931
5628 5932
2869 5933
3724 5934
5632 5935
4630 5936
3801 5937
3089 5938
260 5939
4906 5940
783 5941
5261 5942
5602 5943
5825 5944
555 5945
350 5946
225 5947
4515 5948
5805 5949
1295 5950
4434 5951
4990 5952
2334 5953
162 5954
5264 5955
3849 5956
1737 5957
2676 5958
110 5959
2838 5960
1278 5961
825 5962
1386 5963
1362 5964
3535 5965
533 5966
1718 5967
5826 5968
1553 5969
3020 5970
4132 5971
1801 5972
5098 5973
5829 5974
5274 5975
998 5976
3628 5977
3801 5978
5038 5979
4810 5980
3531 5981
5180 5982
2642 5983
2028 5984
109 5985
4793 5986
2612 5987
3767 5988
5378 5989
5776 5990
778 5991
4825 5992
3182 5993
3718 5994
463 5995
4963 5996
4306 5997
3604 5998
1885 5999
5454 6000
4293 6001
802 6002
5921 6003
4999 6004
5840 6005
1085 6006
963 6007
5615 6008
2995 6009
1467 6010
5299 6011
4402 6012
1764 6013
670 6014
704 6015
3188 6016
5460 6017
2827 6018
973 6019
1960 6020
4176 6021
2230 6022
4517 6023
2466 6024
4303 6025
5534 6026
4594 6027
5632 6028
639 6029
154 6030
3240 6031
494 6032
3573 6033
942 6034
3269 6035
3524 6036
3441 6037
5237 6038
4628 6039
4656 6040
2351 6041
4240 6042
3233 6043
5545 6044
1319 6045
4059 6046
3661 6047
2842 6048
5918 6049
4601 6050
2959 6051
2231 6052
598 6053
2131 6054
3984 6055
2 6056
3754 6057
5098 6058
5800 6059
4132 6060
3842 6061
1388 6062
1186 6063
4303 6064
2090 6065
64 6066
221 6067
4231 6068
3735 6069
2939 6070
656 6071
2603 6072
4151 6073
2937 6074
4881 6075
3381 6076
3937 6077
5373 6078
1895 6079
1500 6080
1867 6081
4354 6082
4172 6083
2428 6084
3608 6085
997 6086
904 6087
4607 6088
368 6089
6033 6090
1955 6091
1242 6092
4303 6093
142 6094
1118 6095
708 6096
1034 6097
4336 6098
5106 6099
5234 6100
6073 6101
3385 6102
3832 6103
5531 6104
2161 6105
2205 6106
4753 6107
6007 6108
2338 6109
5478 6110
5274 6111
1067 6112
5218 6113
5306 6114
2472 6115
6077 6116
6041 6117
3455 6118
2807 6119
1866 6120
5249 6121
2491 6122
1717 6123
4567 6124
2805 6125
5045 6126
5803 6127
5504 6128
5016 6129
5772 6130
6112 6131
4035 6132
5346 6133
4584 6134
3398 6135
5325 6136
835 6137
5705 6138
302 6139
2876 6140
3552 6141
1806 6142
1300 6143
4101 6144
4790 6145
1565 6146
733 6147
2560 6148
376 6149
2642 6150
321 6151
1924 6152
772 6153
343 6154
2212 6155
1243 6156
2205 6157
571 6158
5086 6159
76 6160
2028 6161
2408 6162
5375 6163
3775 6164
4037 6165
5243 6166
2356 6167
466 6168
3321 6169
3209 6170
3888 6171
685 6172
4625 6173
5444 6174
494 6175
1795 6176
2652 6177
1921 6178
1212 6179
4989 6180
419 6181
3291 6182
3557 6183
3577 6184
5700 6185
5016 6186
1246 6187
2875 6188
4633 6189
2034 6190
5714 6191
5201 6192
4900 6193
2378 6194
3555 6195
3622 6196
3225 6197
1775 6198
1468 6199
1518 6200
5043 6201
2112 6202
299 6203
4180 6204
848 6205
5461 6206
838 6207
4479 6208
3423 6209
3445 6210
4886 6211
5104 6212
5835 6213
5665 6214
6019 6215
5609 6216
4671 6217
4301 6218
67 6219
2834 6220
5974 6221
5454 6222
2918 6223
1997 6224
2388 6225
5268 6226
5824 6227
5554 6228
559 6229
2719 6230
4240 6231
983 6232
1545 6233
4401 6234
1044 6235
3324 6236
3625 6237
5489 6238
1413 6239
4020 6240
5597 6241
2045 6242
625 6243
3046 6244
5228 6245
5622 6246
5487 6247
4677 6248
3795 6249
2261 6250
5078 6251
1157 6252
3221 6253
2865 6254
379 6255
5306 6256
1152 6257
185 6258
2921 6259
1361 6260
2629 6261
5587 6262
2555 6263
3123 6264
4484 6265
3392 6266
4512 6267
3400 6268
528 6269
1263 6270
1251 6271
1940 6272
308 6273
4006 6274
5375 6275
3450 6276
1065 6277
1765 6278
2240 6279
5705 6280
5145 6281
2868 6282
3792 6283
2988 6284
2349 6285
3554 6286
438 6287
4819 6288
3035 6289
1263 6290
3561 6291
789 6292
3017 6293
5571 6294
2110 6295
2758 6296
3005 6297
3818 6298
377 6299
4482 6300
1342 6301
1456 6302
2351 6303
2322 6304
3687 6305
5759 6306
5467 6307
1767 6308
5910 6309
5777 6310
366 6311
3349 6312
2652 6313
4298 6314
4221 6315
1368 6316
135 6317
2193 6318
2544 6319
6267 6320
2338 6321
2539 6322
19 6323
2415 6324
3836 6325
317 6326
4953 6327
5896 6328
3835 6329
3339 6330
954 6331
766 6332
4360 6333
6326 6334
5989 6335
2045 6336
691 6337
4378 6338
6239 6339
914 6340
326 6341
2281 6342
1252 6343
4924 6344
4352 6345
1906 6346
5142 6347
5756 6348
318 6349
3440 6350
4060 6351
2166 6352
3426 6353
3331 6354
5013 6355
5820 6356
3345 6357
1423 6358
2231 6359
4364 6360
3921 6361
4206 6362
3525 6363
1146 6364
4852 6365
745 6366
3485 6367
1096 6368
1532 6369
6018 6370
5605 6371
5113 6372
4172 6373
2515 6374
1601 6375
513 6376
2631 6377
2752 6378
5982 6379
374 6380
4011 6381
4685 6382
5566 6383
5588 6384
5025 6385
4917 6386
2323 6387
2241 6388
1596 6389
2953 6390
4127 6391
4374 6392
2113 6393
5414 6394
1239 6395
1901 6396
2235 6397
3556 6398
3003 6399
3056 6400
1938 6401
2682 6402
3580 6403
574 6404
3009 6405
4969 6406
762 6407
1645 6408
5874 6409
202 6410
541 6411
2898 6412
1319 6413
154 6414
3514 6415
4638 6416
6157 6417
1960 6418
4931 6419
975 6420
796 6421
2091 6422
1142 6423
3204 6424
4671 6425
3767 6426
120 6427
1038 6428
2688 6429
4603 6430
545 6431
1182 6432
6177 6433
5715 6434
983 6435
3109 6436
5272 6437
5337 6438
245 6439
5448 6440
2574 6441
5836 6442
2493 6443
1120 6444
1048 6445
3062 6446
2688 6447
5672 6448
3720 6449
2145 6450
1624 6451
6203 6452
931 6453
581 6454
3078 6455
4205 6456
5469 6457
3860 6458
330 6459
3273 6460
4767 6461
6290 6462
4326 6463
4670 6464
2510 6465
5651 6466
918 6467
3291 6468
2899 6469
1233 6470
2551 6471
1214 6472
1524 6473
5547 6474
5751 6475
6444 6476
2790 6477
918 6478
6257 6479
241 6480
3802 6481
5140 6482
2079 6483
3480 6484
4502 6485
3055 6486
3045 6487
5580 6488
3007 6489
3925 6490
4501 6491
4465 6492
4778 6493
4721 6494
4825 6495
1153 6496
3610 6497
5621 6498
4534 6499
4776 6500
4118 6501
2380 6502
140 6503
3895 6504
1196 6505
1201 6506
3246 6507
6325 6508
839 6509
4805 6510
5097 6511
5165 6512
4159 6513
602 6514
673 6515
5631 6516
2788 6517
5904 6518
2047 6519
3650 6520
2923 6521
5948 6522
1580 6523
4811 6524
4174 6525
2262 6526
1206 6527
388 6528
3579 6529
4941 6530
5174 6531
6494 6532
2319 6533
34 6534
6235 6535
2169 6536
356 6537
3801 6538
3328 6539
1148 6540
2176 6541
2014 6542
3024 6543
6256 6544
3257 6545
5369 6546
5535 6547
3789 6548
1226 6549
1766 6550
679 6551
4995 6552
3273 6553
1131 6554
4610 6555
1738 6556
3627 6557
762 6558
2650 6559
4056 6560
2422 6561
4900 6562
1951 6563
5818 6564
2172 6565
6403 6566
2849 6567
5556 6568
3836 6569
6206 6570
2445 6571
4022 6572
1239 6573
2371 6574
5928 6575
6302 6576
4910 6577
1256 6578
2463 6579
5999 6580
5788 6581
2343 6582
3006 6583
5058 6584
1967 6585
5871 6586
125 6587
2198 6588
2214 6589
268 6590
4998 6591
3721 6592
3433 6593
3214 6594
2448 6595
1196 6596
3116 6597
4954 6598
2082 6599
6215 6600
4864 6601
2608 6602
488 6603
1689 6604
5002 6605
3021 6606
216 6607
2530 6608
6126 6609
5459 6610
5051 6611
2725 6612
2838 6613
2504 6614
897 6615
3334 6616
4086 6617
2698 6618
4839 6619
5024 6620
2822 6621
5403 6622
243 6623
3076 6624
2407 6625
3075 6626
6404 6627
4622 6628
3846 6629
5821 6630
2120 6631
3659 6632
1159 6633
4335 6634
4436 6635
5460 6636
3444 6637
167 6638
4294 6639
6105 6640
5628 6641
4129 6642
5235 6643
1848 6644
933 6645
198 6646
4489 6647
522 6648
374 6649
4361 6650
1757 6651
4216 6652
4755 6653
3838 6654
3552 6655
1516 6656
2836 6657
382 6658
2734 6659
640 6660
498 6661
5958 6662
138 6663
3615 6664
6438 6665
1240 6666
1643 6667
3972 6668
1644 6669
3945 6670
6618 6671
3682 6672
4081 6673
6582 6674
1592 6675
2960 6676
1806 6677
1423 6678
2259 6679
1771 6680
2422 6681
3947 6682
2256 6683
5276 6684
1455 6685
6418 6686
4064 6687
4659 6688
280 6689
3647 6690
6548 6691
6168 6692
2776 6693
6177 6694
1735 6695
6021 6696
2726 6697
2337 6698
2559 6699
6411 6700
1481 6701
2330 6702
4379 6703
4388 6704
4195 6705
4836 6706
2415 6707
1897 6708
1409 6709
5459 6710
46 6711
3863 6712
3893 6713
5949 6714
2801 6715
5608 6716
3167 6717
1856 6718
371 6719
5123 6720
4506 6721
3460 6722
2025 6723
3272 6724
209 6725
5599 6726
445 6727
2080 6728
5101 6729
30 6730
4156 6731
4654 6732
3947 6733
3731 6734
6713 6735
6033 6736
2649 6737
5438 6738
3499 6739
1144 6740
5370 6741
5810 6742
5886 6743
1374 6744
4693 6745
1972 6746
2161 6747
5031 6748
1675 6749
5644 6750
4422 6751
2232 6752
2479 6753
3372 6754
2767 6755
5976 6756
4059 6757
5961 6758
1204 6759
1299 6760
5942 6761
6678 6762
339 6763
4389 6764
224 6765
6759 6766
5516 6767
5588 6768
793 6769
4151 6770
4137 6771
3502 6772
1488 6773
6598 6774
3564 6775
1276 6776
562 6777
3555 6778
6769 6779
4895 6780
3379 6781
2666 6782
936 6783
3243 6784
4199 6785
2929 6786
2512 6787
2248 6788
3624 6789
1338 6790
1223 6791
5863 6792
4749 6793
6188 6794
3547 6795
4857 6796
1586 6797
5971 6798
6057 6799
631 6800
6701 6801
3569 6802
2636 6803
2047 6804
6039 6805
4574 6806
2562 6807
674 6808
497 6809
2076 6810
6624 6811
6136 6812
6391 6813
5993 6814
1952 6815
5666 6816
140 6817
6468 6818
1525 6819
4807 6820
463 6821
5 6822
3285 6823
4054 6824
5686 6825
5185 6826
6737 6827
3104 6828
5873 6829
4172 6830
4935 6831
456 6832
1644 6833
5030 6834
2360 6835
4743 6836
2056 6837
1038 6838
2487 6839
4622 6840
1313 6841
664 6842
4310 6843
2059 6844
4471 6845
6085 6846
2306 6847
6035 6848
4715 6849
6491 6850
1716 6851
2468 6852
6283 6853
6798 6854
4511 6855
2672 6856
6705 6857
1585 6858
177 6859
5226 6860
6279 6861
1849 6862
3582 6863
1454 6864
787 6865
870 6866
5253 6867
4805 6868
6308 6869
4452 6870
226 6871
5638 6872
284 6873
2449 6874
3386 6875
516 6876
605 6877
4506 6878
3315 6879
726 6880
6627 6881
6122 6882
484 6883
4610 6884
155 6885
932 6886
3623 6887
2472 6888
4763 6889
933 6890
1337 6891
1011 6892
4656 6893
1403 6894
6136 6895
6853 6896
3300 6897
1673 6898
5398 6899
559 6900
4425 6901
2843 6902
459 6903
1542 6904
1579 6905
5258 6906
3226 6907
6119 6908
1384 6909
2441 6910
2659 6911
3817 6912
6650 6913
6316 6914
3169 6915
2357 6916
3956 6917
1488 6918
4502 6919
5978 6920
5054 6921
5004 6922
3982 6923
4988 6924
1971 6925
5384 6926
4129 6927
1635 6928
5242 6929
2523 6930
2126 6931
3334 6932
2884 6933
3227 6934
6421 6935
3634 6936
5164 6937
4103 6938
4794 6939
6097 6940
2285 6941
1026 6942
5707 6943
474 6944
5323 6945
6236 6946
2839 6947
3895 6948
6823 6949
4379 6950
4613 6951
6865 6952
6797 6953
2129 6954
6478 6955
6362 6956
4279 6957
3106 6958
1277 6959
3549 6960
1630 6961
5103 6962
3049 6963
4414 6964
4608 6965
1913 6966
1171 6967
4340 6968
3524 6969
2025 6970
4537 6971
1342 6972
6527 6973
3075 6974
3775 6975
4279 6976
2086 6977
2710 6978
4601 6979
3482 6980
4926 6981
6202 6982
4984 6983
428 6984
2554 6985
6190 6986
4415 6987
5777 6988
2639 6989
1544 6990
1649 6991
1907 6992
3506 6993
3035 6994
239 6995
2825 6996
2146 6997
5524 6998
6975 6999
1690 7000
1427 7001
5758 7002
6939 7003
4940 7004
2520 7005
2772 7006
3709 7007
1962 7008
3123 7009
3870 7010
658 7011
6422 7012
1545 7013
4126 7014
4712 7015
338 7016
3928 7017
690 7018
3227 7019
5789 7020
3823 7021
4603 7022
3843 7023
4761 7024
3531 7025
2762 7026
5970 7027
6888 7028
1439 7029
3398 7030
3326 7031
5852 7032
203 7033
3055 7034
2005 7035
5442 7036
487 7037
4915 7038
3120 7039
6756 7040
3309 7041
4682 7042
2991 7043
2352 7044
704 7045
5233 7046
1257 7047
4864 7048
4993 7049
2728 7050
1312 7051
5484 7052
1716 7053
5265 7054
4673 7055
4616 7056
5258 7057
5579 7058
1715 7059
5186 7060
5505 7061
3362 7062
1931 7063
5459 7064
711 7065
663 7066
3836 7067
7010 7068
817 7069
1728 7070
799 7071
6876 7072
885 7073
5425 7074
4011 7075
3053 7076
867 7077
1792 7078
192 7079
5910 7080
2814 7081
1837 7082
1299 7083
6060 7084
3395 7085
2576 7086
4736 7087
6304 7088
5361 7089
2457 7090
991 7091
2834 7092
920 7093
3420 7094
2060 7095
5363 7096
5362 7097
1311 7098
5052 7099
2487 7100
6387 7101
4006 7102
4145 7103
5900 7104
1411 7105
3946 7106
3368 7107
6859 7108
3962 7109
4749 7110
1116 7111
7046 7112
391 7113
4879 7114
4378 7115
806 7116
4244 7117
5798 7118
6188 7119
609 7120
5351 7121
6479 7122
1399 7123
3861 7124
1943 7125
5594 7126
4827 7127
5727 7128
2924 7129
1227 7130
7083 7131
822 7132
6425 7133
1802 7134
5883 7135
391 7136
5319 7137
3827 7138
5601 7139
2308 7140
6623 7141
1726 7142
1318 7143
4640 7144
1660 7145
6045 7146
78 7147
2101 7148
3474 7149
2581 7150
2297 7151
853 7152
1242 7153
3119 7154
5750 7155
6841 7156
5502 7157
2056 7158
270 7159
4757 7160
5758 7161
428 7162
3121 7163
1066 7164
4897 7165
3235 7166
6281 7167
2742 7168
1228 7169
6574 7170
2586 7171
3337 7172
6858 7173
1473 7174
2173 7175
734 7176
5219 7177
5458 7178
6560 7179
2787 7180
7082 7181
3851 7182
4339 7183
3388 7184
3347 7185
6401 7186
207 7187
4398 7188
1048 7189
74 7190
5834 7191
3614 7192
3491 7193
5490 7194
4456 7195
2022 7196
3031 7197
870 7198
6256 7199
3121 7200
2563 7201
4520 7202
4156 7203
1602 7204
3832 7205
7180 7206
1852 7207
5784 7208
2216 7209
6803 7210
26 7211
2567 7212
3609 7213
3591 7214
1365 7215
6319 7216
7159 7217
6410 7218
4067 7219
3691 7220
1242 7221
5437 7222
5622 7223
2531 7224
3099 7225
393 7226
5074 7227
1916 7228
5912 7229
3235 7230
3702 7231
355 7232
7 7233
3996 7234
7013 7235
4859 7236
3093 7237
3476 7238
644 7239
5050 7240
885 7241
5057 7242
6776 7243
6697 7244
5749 7245
1459 7246
356 7247
480 7248
4648 7249
127 7250
276 7251
1912 7252
6365 7253
6454 7254
2832 7255
6859 7256
3609 7257
3228 7258
7195 7259
4849 7260
3588 7261
5143 7262
4244 7263
38 7264
4524 7265
4717 7266
1417 7267
6897 7268
1368 7269
7176 7270
5999 7271
6891 7272
144 7273
2608 7274
5013 7275
1756 7276
4099 7277
4726 7278
6482 7279
1488 7280
6422 7281
6603 7282
3989 7283
3122 7284
1479 7285
4846 7286
4575 7287
6831 7288
5322 7289
4878 7290
4147 7291
5821 7292
5126 7293
2579 7294
2320 7295
144 7296
741 7297
4175 7298
2571 7299
2320 7300
4537 7301
145 7302
5269 7303
3231 7304
4289 7305
499 7306
6900 7307
6683 7308
11 7309
6521 7310
4605 7311
1643 7312
5838 7313
4947 7314
1053 7315
6171 7316
6645 7317
2517 7318
3105 7319
347 7320
2080 7321
6161 7322
962 7323
1625 7324
6418 7325
141 7326
4695 7327
3020 7328
5946 7329
1443 7330
2988 7331
4435 7332
1372 7333
5243 7334
5756 7335
2890 7336
2469 7337
6698 7338
869 7339
1001 7340
2750 7341
2017 7342
3694 7343
5761 7344
1223 7345
5642 7346
2343 7347
272 7348
5580 7349
3254 7350
2640 7351
3126 7352
4749 7353
6703 7354
2716 7355
4779 7356
5139 7357
482 7358
5590 7359
899 7360
1749 7361
3943 7362
6629 7363
2406 7364
501 7365
2873 7366
4335 7367
619 7368
609 7369
3137 7370
3718 7371
3478 7372
6367 7373
3217 7374
1952 7375
5608 7376
6487 7377
4250 7378
3807 7379
4431 7380
302 7381
3054 7382
640 7383
4220 7384
2352 7385
2713 7386
1846 7387
7355 7388
4367 7389
4180 7390
3259 7391
5685 7392
1161 7393
3866 7394
6996 7395
734 7396
2688 7397
2788 7398
565 7399
2060 7400
3826 7401
2466 7402
2990 7403
527 7404
1334 7405
2807 7406
4395 7407
4492 7408
1344 7409
6340 7410
809 7411
7272 7412
3870 7413
6644 7414
5798 7415
5176 7416
4296 7417
6363 7418
5171 7419
5902 7420
2765 7421
5315 7422
2907 7423
3762 7424
6722 7425
5313 7426
5781 7427
2411 7428
55 7429
639 7430
5829 7431
496 7432
5375 7433
5675 7434
3069 7435
656 7436
7324 7437
3329 7438
5885 7439
4246 7440
1320 7441
6210 7442
1889 7443
7170 7444
5979 7445
1755 7446
6807 7447
4433 7448
2309 7449
6366 7450
5525 7451
6726 7452
5132 7453
5152 7454
5937 7455
797 7456
2538 7457
3347 7458
5178 7459
1791 7460
5857 7461
756 7462
792 7463
2103 7464
3955 7465
1724 7466
490 7467
6394 7468
3257 7469
3020 7470
7042 7471
1248 7472
1780 7473
3513 7474
1022 7475
7267 7476
4240 7477
3547 7478
6702 7479
4022 7480
3183 7481
4316 7482
4130 7483
1021 7484
7018 7485
2939 7486
3711 7487
2237 7488
254 7489
5380 7490
4243 7491
5871 7492
7189 7493
2749 7494
2366 7495
7022 7496
5899 7497
4428 7498
1961 7499
6885 7500
2989 7501
7182 7502
2923 7503
3083 7504
6843 7505
238 7506
7493 7507
3652 7508
4775 7509
2204 7510
1807 7511
3856 7512
2316 7513
573 7514
5176 7515
2838 7516
5644 7517
1553 7518
4450 7519
4860 7520
3688 7521
6357 7522
6296 7523
5194 7524
7132 7525
1082 7526
3315 7527
7501 7528
1133 7529
4287 7530
7406 7531
3082 7532
3789 7533
3537 7534
2700 7535
1085 7536
4490 7537
1104 7538
2081 7539
4621 7540
784 7541
1945 7542
3386 7543
2274 7544
885 7545
6521 7546
3994 7547
3796 7548
2097 7549
4716 7550
3827 7551
2465 7552
2923 7553
5204 7554
115 7555
5923 7556
6141 7557
3735 7558
5338 7559
3728 7560
6419 7561
5421 7562
3597 7563
6640 7564
6470 7565
7291 7566
5738 7567
2189 7568
1372 7569
6964 7570
765 7571
1615 7572
43 7573
6552 7574
480 7575
7066 7576
2369 7577
5171 7578
949 7579
4520 7580
1202 7581
7111 7582
7267 7583
263 7584
986 7585
138 7586
7550 7587
4782 7588
1942 7589
2699 7590
3266 7591
7553 7592
3190 7593
3718 7594
1107 7595
6446 7596
7520 7597
2695 7598
1450 7599
4903 7600
567 7601
4619 7602
2599 7603
1427 7604
5756 7605
4515 7606
2669 7607
103 7608
6004 7609
866 7610
6812 7611
7593 7612
3177 7613
3334 7614
1166 7615
3900 7616
7469 7617
5733 7618
3341 7619
762 7620
6105 7621
1322 7622
4032 7623
3469 7624
2718 7625
4961 7626
7109 7627
5748 7628
6768 7629
2706 7630
6002 7631
4489 7632
7520 7633
66 7634
2351 7635
1859 7636
1376 7637
6458 7638
1199 7639
3441 7640
3063 7641
6117 7642
2218 7643
2670 7644
1046 7645
5760 7646
1515 7647
796 7648
7582 7649
1670 7650
5126 7651
4999 7652
3033 7653
5838 7654
1112 7655
2145 7656
877 7657
5166 7658
4193 7659
5733 7660
2999 7661
7262 7662
7253 7663
6706 7664
6113 7665
352 7666
5264 7667
1623 7668
5893 7669
3687 7670
3594 7671
138 7672
7371 7673
5792 7674
4272 7675
582 7676
5896 7677
6832 7678
5538 7679
762 7680
6479 7681
4004 7682
6441 7683
7563 7684
2386 7685
5701 7686
3736 7687
7372 7688
3644 7689
5754 7690
2904 7691
4090 7692
3559 7693
2429 7694
3509 7695
3768 7696
2518 7697
5281 7698
4980 7699
4327 7700
7669 7701
1425 7702
5501 7703
6629 7704
5469 7705
4089 7706
3210 7707
5382 7708
3145 7709
2202 7710
6011 7711
3838 7712
6285 7713
6816 7714
5140 7715
6817 7716
3032 7717
3214 7718
1915 7719
5467 7720
4697 7721
2674 7722
7687 7723
1684 7724
4301 7725
4613 7726
4446 7727
2553 7728
1515 7729
145 7730
830 7731
836 7732
2184 7733
1190 7734
5752 7735
2242 7736
8 7737
713 7738
1499 7739
4116 7740
6346 7741
7500 7742
3321 7743
4096 7744
3376 7745
2554 7746
874 7747
6189 7748
3562 7749
3310 7750
4198 7751
562 7752
6134 7753
1228 7754
1355 7755
7749 7756
447 7757
3279 7758
7741 7759
7555 7760
7211 7761
761 7762
1870 7763
4654 7764
3465 7765
733 7766
3673 7767
4653 7768
5448 7769
462 7770
1275 7771
7194 7772
2626 7773
2291 7774
7002 7775
5621 7776
1039 7777
2385 7778
4293 7779
6627 7780
3015 7781
4417 7782
2241 7783
3374 7784
3184 7785
7660 7786
6189 7787
5078 7788
2074 7789
5571 7790
707 7791
1880 7792
4921 7793
2814 7794
7695 7795
1726 7796
6726 7797
7323 7798
341 7799
1095 7800
554 7801
6919 7802
2703 7803
1797 7804
775 7805
5744 7806
1506 7807
6812 7808
5572 7809
1390 7810
1004 7811
7367 7812
7100 7813
2777 7814
809 7815
2622 7816
460 7817
705 7818
5945 7819
1896 7820
4091 7821
6027 7822
3133 7823
4349 7824
3157 7825
1290 7826
2632 7827
5016 7828
2497 7829
6936 7830
6836 7831
6770 7832
680 7833
6280 7834
2611 7835
6914 7836
5166 7837
1813 7838
553 7839
3739 7840
1831 7841
445 7842
4279 7843
5807 7844
1402 7845
1734 7846
7637 7847
2503 7848
483 7849
865 7850
2745 7851
1060 7852
715 7853
4401 7854
4348 7855
4832 7856
4468 7857
2762 7858
6902 7859
7366 7860
3977 7861
2386 7862
1777 7863
6595 7864
1997 7865
272 7866
3412 7867
3415 7868
906 7869
3804 7870
3684 7871
3638 7872
6683 7873
5134 7874
999 7875
1650 7876
3604 7877
5558 7878
1147 7879
6870 7880
5989 7881
2411 7882
4925 7883
5397 7884
5759 7885
39 7886
6190 7887
6058 7888
63 7889
7463 7890
3955 7891
7761 7892
6281 7893
6854 7894
1607 7895
6809 7896
1502 7897
2046 7898
4508 7899
501 7900
5889 7901
5079 7902
7337 7903
2774 7904
835 7905
6164 7906
6325 7907
4901 7908
1603 7909
1955 7910
4248 7911
4449 7912
1637 7913
2190 7914
7374 7915
7150 7916
7019 7917
608 7918
2471 7919
6543 7920
4701 7921
6213 7922
3778 7923
6183 7924
1259 7925
6530 7926
4474 7927
2695 7928
4814 7929
1929 7930
895 7931
292 7932
2164 7933
2069 7934
5658 7935
2860 7936
4558 7937
931 7938
1897 7939
1743 7940
115 7941
4308 7942
553 7943
7329 7944
7252 7945
2767 7946
6608 7947
3823 7948
6041 7949
7919 7950
3012 7951
5878 7952
7416 7953
5573 7954
5647 7955
369 7956
1960 7957
3857 7958
2208 7959
6566 7960
4313 7961
5336 7962
7503 7963
412 7964
4280 7965
3288 7966
7133 7967
3961 7968
7458 7969
7814 7970
1804 7971
544 7972
764 7973
2282 7974
3647 7975
392 7976
5358 7977
6731 7978
7303 7979
5117 7980
5533 7981
5507 7982
935 7983
4673 7984
2129 7985
6798 7986
2347 7987
3122 7988
6043 7989
7754 7990
2811 7991
6418 7992
2646 7993
2094 7994
6344 7995
6652 7996
3297 7997
2808 7998
3999 7999
4982 8000
3016 8001
6566 8002
4176 8003
4835 8004
3710 8005
7905 8006
1896 8007
2280 8008
2391 8009
6075 8010
6431 8011
459 8012
4909 8013
2675 8014
2211 8015
3372 8016
5476 8017
719 8018
888 8019
3044 8020
6366 8021
6785 8022
851 8023
7635 8024
2388 8025
6401 8026
5590 8027
7581 8028
1779 8029
6527 8030
403 8031
2232 8032
163 8033
795 8034
6986 8035
2931 8036
7862 8037
2333 8038
3921 8039
6191 8040
6991 8041
4999 8042
934 8043
4825 8044
6707 8045
2557 8046
3998 8047
1071 8048
3325 8049
2083 8050
2424 8051
5968 8052
571 8053
75 8054
6297 8055
1857 8056
191 8057
2989 8058
1413 8059
230 8060
2 8061
5813 8062
4434 8063
4133 8064
5050 8065
6848 8066
658 8067
1744 8068
6664 8069
4038 8070
1405 8071
1239 8072
2232 8073
658 8074
7780 8075
1175 8076
2188 8077
5282 8078
6405 8079
5657 8080
2137 8081
5321 8082
2860 8083
3477 8084
1557 8085
3062 8086
6301 8087
3594 8088
5513 8089
7593 8090
1199 8091
6581 8092
6648 8093
177 8094
2535 8095
3785 8096
5435 8097
3201 8098
7179 8099
5449 8100
4287 8101
5229 8102
945 8103
2125 8104
3566 8105
5163 8106
7913 8107
1296 8108
7230 8109
5683 8110
362 8111
25 8112
6825 8113
6003 8114
4613 8115
4570 8116
2942 8117
3397 8118
4490 8119
7109 8120
605 8121
5625 8122
3394 8123
2011 8124
2792 8125
8030 8126
6992 8127
7677 8128
7656 8129
2022 8130
37 8131
3494 8132
4299 8133
1636 8134
2136 8135
2123 8136
2206 8137
1752 8138
8104 8139
4613 8140
3384 8141
6871 8142
4900 8143
6873 8144
7915 8145
2755 8146
1418 8147
3864 8148
4233 8149
111 8150
7377 8151
6562 8152
1194 8153
994 8154
5911 8155
662 8156
7454 8157
1665 8158
7389 8159
6927 8160
5485 8161
2742 8162
931 8163
679 8164
3405 8165
3206 8166
1234 8167
7264 8168
5608 8169
2907 8170
3573 8171
4634 8172
4431 8173
2608 8174
1751 8175
4469 8176
5229 8177
1364 8178
4295 8179
3451 8180
3286 8181
4465 8182
7667 8183
7230 8184
1503 8185
3103 8186
5911 8187
4936 8188
5015 8189
2028 8190
5873 8191
2883 8192
7628 8193
6813 8194
7390 8195
5188 8196
7704 8197
2904 8198
2672 8199
2329 8200
8115 8201
4967 8202
2505 8203
6185 8204
2003 8205
1237 8206
7500 8207
998 8208
3248 8209
3102 8210
2237 8211
4608 8212
2763 8213
6817 8214
2122 8215
5842 8216
5828 8217
7740 8218
5303 8219
1965 8220
6689 8221
6413 8222
2031 8223
4676 8224
4335 8225
1534 8226
3978 8227
5375 8228
5537 8229
2691 8230
6069 8231
2482 8232
8056 8233
1377 8234
4502 8235
7152 8236
8086 8237
1410 8238
6272 8239
2872 8240
4383 8241
7552 8242
6881 8243
7520 8244
874 8245
11 8246
7221 8247
7016 8248
7425 8249
7951 8250
7456 8251
5778 8252
8181 8253
7591 8254
5040 8255
1650 8256
5467 8257
3414 8258
1732 8259
5133 8260
3228 8261
2655 8262
7996 8263
2365 8264
1545 8265
7080 8266
7326 8267
6367 8268
74 8269
7324 8270
4512 8271
2173 8272
4950 8273
3774 8274
2149 8275
7124 8276
7289 8277
5330 8278
7734 8279
4303 8280
7182 8281
4235 8282
6276 8283
5951 8284
4547 8285
7184 8286
5481 8287
8113 8288
943 8289
5174 8290
5978 8291
5270 8292
8052 8293
5849 8294
5346 8295
2482 8296
2503 8297
6257 8298
5882 8299
7236 8300
7755 8301
1516 8302
1305 8303
2264 8304
7187 8305
768 8306
4817 8307
2531 8308
1982 8309
450 8310
3723 8311
363 8312
8194 8313
8256 8314
8155 8315
1654 8316
1160 8317
5505 8318
5030 8319
5894 8320
4269 8321
7446 8322
746 8323
5887 8324
5572 8325
558 8326
4718 8327
6958 8328
2976 8329
7466 8330
8267 8331
7670 8332
3658 8333
689 8334
6893 8335
6229 8336
6400 8337
723 8338
4937 8339
6221 8340
3308 8341
249 8342
2935 8343
5521 8344
1676 8345
4751 8346
123 8347
7740 8348
4852 8349
3687 8350
2130 8351
4916 8352
2423 8353
7881 8354
2567 8355
4182 8356
7433 8357
5902 8358
6909 8359
1211 8360
5319 8361
1314 8362
8010 8363
5227 8364
3889 8365
122 8366
4443 8367
1556 8368
4719 8369
7146 8370
4406 8371
1504 8372
4929 8373
1606 8374
917 8375
337 8376
1708 8377
4475 8378
1895 8379
1305 8380
8004 8381
744 8382
5832 8383
3802 8384
5479 8385
1288 8386
6776 8387
1133 8388
5287 8389
3399 8390
1070 8391
8018 8392
7348 8393
7181 8394
1548 8395
875 8396
1258 8397
6469 8398
6238 8399
6706 8400
6453 8401
4409 8402
6815 8403
6786 8404
4881 8405
1342 8406
4024 8407
7678 8408
6498 8409
5596 8410
1805 8411
135 8412
4747 8413
2940 8414
6673 8415
4891 8416
4983 8417
7459 8418
1694 8419
2007 8420
6055 8421
6319 8422
8242 8423
473 8424
5574 8425
8371 8426
2657 8427
6359 8428
722 8429
5252 8430
8090 8431
3751 8432
2742 8433
2284 8434
5979 8435
7718 8436
1142 8437
4991 8438
8038 8439
215 8440
7914 8441
2319 8442
6436 8443
3250 8444
6610 8445
1430 8446
394 8447
3893 8448
7194 8449
7229 8450
5941 8451
4525 8452
2835 8453
5922 8454
8046 8455
5368 8456
659 8457
8087 8458
264 8459
6201 8460
4944 8461
6380 8462
1204 8463
4691 8464
850 8465
313 8466
3765 8467
4244 8468
7243 8469
4207 8470
4814 8471
798 8472
2624 8473
5512 8474
5111 8475
2954 8476
7179 8477
6918 8478
5596 8479
6279 8480
6710 8481
3424 8482
3568 8483
5182 8484
2613 8485
5881 8486
3889 8487
5018 8488
3109 8489
530 8490
5222 8491
6954 8492
1647 8493
6911 8494
5975 8495
8329 8496
7973 8497
3780 8498
1377 8499
4674 8500
3702 8501
8203 8502
3302 8503
2992 8504
5194 8505
398 8506
3806 8507
6345 8508
4455 8509
4978 8510
5730 8511
1001 8512
5332 8513
2418 8514
290 8515
2806 8516
1422 8517
2836 8518
6229 8519
7950 8520
5018 8521
4616 8522
5539 8523
4622 8524
6553 8525
6363 8526
3170 8527
7455 8528
1512 8529
7295 8530
7394 8531
1562 8532
8362 8533
484 8534
5686 8535
508 8536
7529 8537
3270 8538
4660 8539
8020 8540
6178 8541
6883 8542
5689 8543
681 8544
2564 8545
4763 8546
7813 8547
6190 8548
4619 8549
4609 8550
1715 8551
2102 8552
2160 8553
7302 8554
2610 8555
5706 8556
4944 8557
5281 8558
561 8559
1569 8560
2782 8561
5399 8562
4222 8563
8434 8564
7476 8565
1961 8566
2950 8567
7123 8568
6519 8569
314 8570
550 8571
5122 8572
560 8573
4853 8574
4551 8575
4399 8576
8086 8577
1817 8578
2911 8579
5787 8580
8294 8581
8468 8582
3972 8583
7724 8584
4792 8585
3247 8586
7114 8587
6458 8588
7369 8589
6826 8590
2629 8591
3221 8592
8405 8593
1280 8594
6283 8595
4761 8596
5977 8597
2433 8598
7540 8599
953 8600
5881 8601
8241 8602
6992 8603
3709 8604
4389 8605
7541 8606
3020 8607
5437 8608
7911 8609
5179 8610
712 8611
1646 8612
7020 8613
8181 8614
1359 8615
3727 8616
5671 8617
7891 8618
4683 8619
4567 8620
2892 8621
988 8622
8559 8623
4798 8624
4162 8625
2181 8626
6615 8627
8355 8628
3542 8629
7996 8630
2581 8631
1723 8632
2999 8633
3304 8634
7054 8635
3831 8636
7261 8637
7049 8638
462 8639
7398 8640
4764 8641
1026 8642
5702 8643
2365 8644
5118 8645
1161 8646
1244 8647
967 8648
1018 8649
4049 8650
2598 8651
2858 8652
3780 8653
8405 8654
6246 8655
4374 8656
774 8657
3942 8658
3540 8659
687 8660
4611 8661
4327 8662
4995 8663
3416 8664
5369 8665
3318 8666
3598 8667
5584 8668
2209 8669
4509 8670
5994 8671
1321 8672
4940 8673
877 8674
694 8675
4313 8676
6479 8677
920 8678
838 8679
4862 8680
2372 8681
4681 8682
2436 8683
3300 8684
1633 8685
3421 8686
2192 8687
5031 8688
3615 8689
5797 8690
2269 8691
6011 8692
4774 8693
8233 8694
1067 8695
4471 8696
7489 8697
2372 8698
8684 8699
2861 8700
3487 8701
3764 8702
691 8703
2400 8704
1278 8705
5781 8706
801 8707
3311 8708
2199 8709
3435 8710
6883 8711
7402 8712
8533 8713
2153 8714
2374 8715
655 8716
7129 8717
6958 8718
3083 8719
444 8720
7658 8721
3761 8722
5379 8723
6297 8724
8228 8725
925 8726
5042 8727
4460 8728
6945 8729
1308 8730
1430 8731
2725 8732
1010 8733
2613 8734
3573 8735
6967 8736
3637 8737
3569 8738
5738 8739
8002 8740
1276 8741
3558 8742
3940 8743
676 8744
1250 8745
7845 8746
3498 8747
5849 8748
2993 8749
6148 8750
678 8751
7672 8752
4668 8753
8254 8754
3660 8755
3512 8756
7489 8757
2391 8758
4043 8759
762 8760
4531 8761
699 8762
4940 8763
4595 8764
1020 8765
852 8766
2159 8767
6874 8768
3656 8769
3508 8770
7203 8771
3427 8772
3920 8773
993 8774
7798 8775
4678 8776
1373 8777
7588 8778
5759 8779
91 8780
1890 8781
8486 8782
6165 8783
28 8784
5627 8785
1994 8786
108 8787
2136 8788
6382 8789
6690 8790
7834 8791
8055 8792
329 8793
5645 8794
1347 8795
87 8796
4995 8797
7935 8798
2544 8799
7804 8800
4822 8801
3362 8802
3957 8803
8774 8804
5354 8805
1423 8806
1264 8807
1290 8808
5444 8809
3087 8810
5735 8811
1961 8812
8363 8813
689 8814
2235 8815
7672 8816
1455 8817
1565 8818
5427 8819
5867 8820
8810 8821
190 8822
5373 8823
6944 8824
901 8825
6643 8826
1879 8827
5621 8828
5028 8829
2977 8830
4012 8831
4439 8832
48 8833
1921 8834
1331 8835
7012 8836
5628 8837
7289 8838
8415 8839
570 8840
7673 8841
1060 8842
7741 8843
1007 8844
5049 8845
4225 8846
1614 8847
4847 8848
6829 8849
340 8850
7052 8851
6043 8852
4359 8853
4509 8854
1602 8855
1838 8856
3735 8857
3341 8858
2684 8859
6656 8860
6550 8861
7501 8862
3201 8863
3998 8864
8218 8865
2069 8866
3391 8867
1765 8868
1163 8869
4110 8870
5851 8871
4832 8872
4822 8873
7273 8874
1644 8875
5655 8876
1590 8877
1705 8878
2780 8879
5657 8880
7848 8881
1685 8882
3996 8883
8587 8884
3462 8885
7044 8886
6350 8887
3119 8888
2713 8889
3468 8890
1144 8891
8614 8892
3361 8893
1217 8894
8422 8895
3644 8896
829 8897
5048 8898
5564 8899
4511 8900
4745 8901
5367 8902
4002 8903
1832 8904
1024 8905
511 8906
304 8907
8114 8908
4475 8909
8714 8910
2927 8911
3506 8912
5185 8913
3652 8914
590 8915
7524 8916
8592 8917
7780 8918
338 8919
1096 8920
2216 8921
1585 8922
5698 8923
2185 8924
2321 8925
3625 8926
8082 8927
3797 8928
5149 8929
5445 8930
3177 8931
2130 8932
1675 8933
2163 8934
8431 8935
8110 8936
7074 8937
7235 8938
3549 8939
2769 8940
8213 8941
2242 8942
6217 8943
4034 8944
939 8945
1823 8946
8593 8947
4648 8948
6001 8949
695 8950
1929 8951
4922 8952
6796 8953
8359 8954
6550 8955
1987 8956
1478 8957
8801 8958
1411 8959
1 8960
2632 8961
7096 8962
7095 8963
1159 8964
8008 8965
5208 8966
2649 8967
5029 8968
6410 8969
6922 8970
5931 8971
1796 8972
7671 8973
2840 8974
2716 8975
1261 8976
1218 8977
6269 8978
7265 8979
3193 8980
1525 8981
6128 8982
2097 8983
1046 8984
3339 8985
1387 8986
7291 8987
2439 8988
7142 8989
735 8990
1109 8991
2232 8992
6755 8993
5584 8994
7439 8995
2140 8996
3480 8997
5255 8998
1998 8999
1590 9000
2552 9001
6919 9002
2490 9003
3067 9004
8940 9005
6765 9006
4769 9007
5458 9008
1814 9009
3997 9010
1816 9011
4045 9012
243 9013
6547 9014
1124 9015
6862 9016
2429 9017
89 9018
2251 9019
3733 9020
8346 9021
9018 9022
2449 9023
8982 9024
6618 9025
5377 9026
211 9027
5377 9028
6724 9029
6900 9030
7800 9031
1803 9032
4332 9033
1517 9034
2405 9035
1102 9036
4691 9037
8502 9038
3345 9039
2074 9040
4697 9041
6423 9042
2480 9043
8144 9044
8330 9045
4522 9046
5662 9047
8718 9048
2434 9049
2513 9050
1118 9051
5113 9052
4099 9053
7649 9054
8734 9055
5188 9056
8515 9057
5194 9058
4907 9059
2136 9060
1451 9061
6081 9062
2176 9063
954 9064
6168 9065
803 9066
3785 9067
8772 9068
3557 9069
6282 9070
2849 9071
6039 9072
4792 9073
8834 9074
1821 9075
7738 9076
4921 9077
3691 9078
7817 9079
8595 9080
6079 9081
4672 9082
9023 9083
1113 9084
1835 9085
6548 9086
155 9087
3359 9088
4509 9089
8021 9090
581 9091
6021 9092
5044 9093
3295 9094
6736 9095
4559 9096
7409 9097
7722 9098
6142 9099
9055 9100
8425 9101
1812 9102
8383 9103
566 9104
7011 9105
5158 9106
6536 9107
7510 9108
2749 9109
7912 9110
3858 9111
3593 9112
691 9113
138 9114
5487 9115
5564 9116
539 9117
3990 9118
5483 9119
4130 9120
426 9121
7072 9122
8384 9123
1775 9124
5974 9125
9040 9126
6259 9127
5015 9128
891 9129
4282 9130
4792 9131
2254 9132
1194 9133
3419 9134
2032 9135
4385 9136
4050 9137
1181 9138
2009 9139
1009 9140
1557 9141
5544 9142
6413 9143
4820 9144
4270 9145
1696 9146
6527 9147
1482 9148
6333 9149
8598 9150
1456 9151
5693 9152
5622 9153
4515 9154
4509 9155
492 9156
4308 9157
4732 9158
4155 9159
4409 9160
7693 9161
3629 9162
2293 9163
3777 9164
4032 9165
8755 9166
3545 9167
8210 9168
6655 9169
5250 9170
4842 9171
838 9172
8493 9173
8566 9174
3304 9175
5325 9176
6341 9177
250 9178
3510 9179
7600 9180
7986 9181
4969 9182
6186 9183
2311 9184
8806 9185
3038 9186
5287 9187
3070 9188
643 9189
5796 9190
2290 9191
3507 9192
3071 9193
2743 9194
6895 9195
6045 9196
2449 9197
8027 9198
7534 9199
2924 9200
3953 9201
5527 9202
2150 9203
7285 9204
2171 9205
4604 9206
3973 9207
4608 9208
4244 9209
6484 9210
5712 9211
6779 9212
8332 9213
5797 9214
6195 9215
584 9216
877 9217
5171 9218
7791 9219
89 9220
4239 9221
8853 9222
2898 9223
1144 9224
292 9225
2882 9226
6989 9227
2181 9228
5293 9229
9208 9230
2915 9231
4165 9232
5001 9233
3290 9234
6818 9235
6708 9236
374 9237
8259 9238
2436 9239
7713 9240
8545 9241
2360 9242
5903 9243
5589 9244
6775 9245
6075 9246
5159 9247
3363 9248
4716 9249
5787 9250
7400 9251
6316 9252
6355 9253
1721 9254
695 9255
4435 9256
6213 9257
5838 9258
5388 9259
224 9260
8645 9261
7411 9262
1727 9263
9192 9264
4403 9265
7458 9266
2784 9267
2095 9268
4574 9269
5742 9270
4319 9271
3073 9272
2472 9273
782 9274
15 9275
1469 9276
6098 9277
8491 9278
1298 9279
9040 9280
9030 9281
1254 9282
68 9283
3794 9284
4222 9285
9005 9286
9109 9287
5186 9288
8051 9289
6171 9290
5062 9291
1549 9292
619 9293
5279 9294
312 9295
8744 9296
7671 9297
6533 9298
7230 9299
4684 9300
8889 9301
4013 9302
8941 9303
1936 9304
6909 9305
8822 9306
8400 9307
2830 9308
3690 9309
3495 9310
6380 9311
1996 9312
7761 9313
1726 9314
6546 9315
5993 9316
8600 9317
6298 9318
3587 9319
1031 9320
4315 9321
349 9322
4365 9323
8704 9324
4012 9325
6852 9326
7920 9327
8359 9328
9183 9329
4629 9330
3660 9331
9101 9332
5122 9333
1044 9334
1270 9335
4902 9336
5475 9337
146 9338
7751 9339
4621 9340
7921 9341
7464 9342
571 9343
8671 9344
8048 9345
4680 9346
3180 9347
1390 9348
1893 9349
8538 9350
8539 9351
5555 9352
2136 9353
2764 9354
2142 9355
7929 9356
9120 9357
441 9358
23 9359
917 9360
7440 9361
3256 9362
8590 9363
8315 9364
7113 9365
3444 9366
2994 9367
2161 9368
4179 9369
5859 9370
953 9371
2884 9372
3114 9373
2450 9374
1164 9375
9002 9376
4080 9377
5456 9378
5074 9379
3233 9380
6398 9381
6219 9382
5645 9383
8877 9384
5926 9385
4886 9386
3899 9387
5066 9388
8192 9389
6270 9390
2962 9391
8541 9392
5216 9393
3198 9394
8755 9395
1484 9396
6175 9397
8588 9398
8726 9399
5978 9400
501 9401
8673 9402
5464 9403
6587 9404
6990 9405
1942 9406
4508 9407
2718 9408
2245 9409
2753 9410
7339 9411
8836 9412
9123 9413
1859 9414
2042 9415
7201 9416
6507 9417
629 9418
5235 9419
4604 9420
2439 9421
684 9422
4282 9423
5509 9424
6696 9425
4073 9426
4444 9427
5635 9428
193 9429
5650 9430
4762 9431
7788 9432
7273 9433
8064 9434
7983 9435
6860 9436
6952 9437
1950 9438
6849 9439
6057 9440
2729 9441
7541 9442
282 9443
91 9444
6444 9445
1876 9446
1970 9447
4209 9448
6016 9449
4063 9450
2727 9451
9137 9452
1131 9453
6988 9454
742 9455
6944 9456
1946 9457
8938 9458
8304 9459
8561 9460
4834 9461
5192 9462
3073 9463
8764 9464
3295 9465
6970 9466
5700 9467
9109 9468
8139 9469
5476 9470
4107 9471
6795 9472
2537 9473
5273 9474
5671 9475
2243 9476
7630 9477
2273 9478
8315 9479
2207 9480
3389 9481
6893 9482
8088 9483
1158 9484
7704 9485
836 9486
2111 9487
9477 9488
6964 9489
8302 9490
6375 9491
4567 9492
6827 9493
8921 9494
794 9495
1949 9496
8408 9497
5464 9498
851 9499
8244 9500
5806 9501
2759 9502
3470 9503
5508 9504
6597 9505
9456 9506
3027 9507
8058 9508
3119 9509
9249 9510
1346 9511
32 9512
8987 9513
709 9514
1122 9515
6776 9516
5602 9517
976 9518
1420 9519
1647 9520
5814 9521
4029 9522
3392 9523
510 9524
6467 9525
8072 9526
4554 9527
8510 9528
4796 9529
5752 9530
2986 9531
7648 9532
8428 9533
3795 9534
2976 9535
5671 9536
8857 9537
7312 9538
8351 9539
8606 9540
7477 9541
2277 9542
1005 9543
4410 9544
3025 9545
9016 9546
8894 9547
2487 9548
5669 9549
3256 9550
9529 9551
53 9552
3895 9553
1223 9554
3560 9555
9306 9556
3245 9557
1864 9558
4110 9559
5610 9560
5848 9561
791 9562
649 9563
6638 9564
7849 9565
7939 9566
3397 9567
311 9568
6466 9569
7029 9570
4405 9571
9053 9572
2821 9573
1016 9574
4842 9575
1784 9576
3620 9577
1571 9578
5337 9579
740 9580
4628 9581
3323 9582
718 9583
895 9584
1018 9585
4041 9586
1124 9587
4188 9588
2019 9589
1030 9590
4947 9591
376 9592
2946 9593
2172 9594
6070 9595
7567 9596
3743 9597
7963 9598
3163 9599
2446 9600
5641 9601
2489 9602
9079 9603
8763 9604
4743 9605
2918 9606
9441 9607
3919 9608
3430 9609
6765 9610
8356 9611
2374 9612
1693 9613
3517 9614
8691 9615
5767 9616
8311 9617
4186 9618
1337 9619
7021 9620
561 9621
3836 9622
4456 9623
9519 9624
4914 9625
7957 9626
7453 9627
6636 9628
7840 9629
8269 9630
5909 9631
2588 9632
3172 9633
1548 9634
5480 9635
2649 9636
5024 9637
6102 9638
4579 9639
9311 9640
3449 9641
5869 9642
7742 9643
1616 9644
4962 9645
1239 9646
5178 9647
3819 9648
9167 9649
9588 9650
2587 9651
3327 9652
7253 9653
2675 9654
6231 9655
1519 9656
8871 9657
7969 9658
4491 9659
1215 9660
8878 9661
9249 9662
2451 9663
8738 9664
7711 9665
4130 9666
8483 9667
9345 9668
6146 9669
227 9670
2439 9671
2219 9672
8969 9673
7369 9674
3011 9675
4088 9676
3571 9677
1730 9678
4274 9679
438 9680
8780 9681
5768 9682
152 9683
7024 9684
1605 9685
1019 9686
6851 9687
6658 9688
2876 9689
4837 9690
5704 9691
2294 9692
3700 9693
8717 9694
5155 9695
5641 9696
1824 9697
3028 9698
1541 9699
9116 9700
6641 9701
5768 9702
116 9703
4195 9704
7278 9705
1883 9706
1957 9707
1873 9708
9289 9709
8430 9710
469 9711
7256 9712
234 9713
7047 9714
5074 9715
5356 9716
6276 9717
1 9718
749 9719
1557 9720
4281 9721
7244 9722
5052 9723
1445 9724
3040 9725
2661 9726
1761 9727
6301 9728
3669 9729
6305 9730
591 9731
9595 9732
9571 9733
7087 9734
2636 9735
7202 9736
2660 9737
8191 9738
9674 9739
4547 9740
7827 9741
9280 9742
4572 9743
8200 9744
794 9745
661 9746
2965 9747
1649 9748
5593 9749
1041 9750
9526 9751
8628 9752
7931 9753
3460 9754
7020 9755
8959 9756
534 9757
3834 9758
9065 9759
8632 9760
6395 9761
1389 9762
8649 9763
375 9764
3976 9765
3377 9766
7437 9767
9391 9768
8358 9769
7024 9770
3812 9771
4635 9772
6293 9773
2534 9774
6005 9775
3102 9776
3478 9777
8980 9778
1465 9779
2484 9780
8881 9781
8764 9782
4583 9783
299 9784
5987 9785
7938 9786
8615 9787
3432 9788
891 9789
7266 9790
1982 9791
3291 9792
1887 9793
2035 9794
7449 9795
3139 9796
4383 9797
3299 9798
1720 9799
5290 9800
6452 9801
4434 9802
2479 9803
7271 9804
6020 9805
3404 9806
8907 9807
6740 9808
1683 9809
751 9810
182 9811
7041 9812
9457 9813
7106 9814
1973 9815
1321 9816
193 9817
3040 9818
3509 9819
3444 9820
2305 9821
1404 9822
3616 9823
4597 9824
4861 9825
4907 9826
2163 9827
6213 9828
9196 9829
8867 9830
1466 9831
5814 9832
58 9833
9479 9834
4749 9835
9655 9836
8810 9837
8007 9838
272 9839
326 9840
2976 9841
217 9842
2206 9843
368 9844
7067 9845
7995 9846
5290 9847
4600 9848
3837 9849
7987 9850
669 9851
8601 9852
7583 9853
4821 9854
7310 9855
4561 9856
6525 9857
3801 9858
4703 9859
7921 9860
3356 9861
4666 9862
5214 9863
6879 9864
4156 9865
5375 9866
6031 9867
292 9868
70 9869
6917 9870
719 9871
259 9872
7737 9873
1735 9874
6459 9875
6092 9876
5332 9877
7788 9878
2962 9879
2203 9880
913 9881
3706 9882
9188 9883
970 9884
7664 9885
923 9886
8121 9887
8066 9888
7570 9889
7580 9890
233 9891
9388 9892
2316 9893
7300 9894
9061 9895
1226 9896
6126 9897
3768 9898
5083 9899
3249 9900
6241 9901
5469 9902
7814 9903
8723 9904
6483 9905
8013 9906
9376 9907
8475 9908
3213 9909
9152 9910
3054 9911
6422 9912
6397 9913
2737 9914
6729 9915
4174 9916
1095 9917
5632 9918
302 9919
3495 9920
4768 9921
8869 9922
7473 9923
6045 9924
2124 9925
2428 9926
7894 9927
7445 9928
1313 9929
3844 9930
7552 9931
2152 9932
623 9933
4094 9934
9809 9935
4742 9936
9075 9937
5752 9938
938 9939
6937 9940
7656 9941
6848 9942
8828 9943
4253 9944
7308 9945
1936 9946
884 9947
9803 9948
7091 9949
7876 9950
7113 9951
4927 9952
9220 9953
1781 9954
4831 9955
716 9956
9768 9957
878 9958
1152 9959
851 9960
2564 9961
8872 9962
7726 9963
7449 9964
5140 9965
3470 9966
1476 9967
638 9968
4291 9969
891 9970
3787 9971
5696 9972
5683 9973
8952 9974
6099 9975
8484 9976
7453 9977
180 9978
7308 9979
3308 9980
9196 9981
4757 9982
1956 9983
5391 9984
1791 9985
2557 9986
3908 9987
1926 9988
4934 9989
9323 9990
9424 9991
3167 9992
8881 9993
8052 9994
6684 9995
3760 9996
3688 9997
5093 9998
297 9999
4874 10000
