1 2
2 3
2 4
1 5
1 6
6 7
1 8
1 9
5 10
4 11
9 12
3 13
7 14
3 15
14 16
1 17
9 18
14 19
1 20
5 21
16 22
5 23
7 24
13 25
22 26
7 27
19 28
14 29
21 30
2 31
30 32
25 33
8 34
26 35
19 36
2 37
28 38
12 39
13 40
1 41
15 42
8 43
39 44
13 45
27 46
3 47
43 48
21 49
3 50
29 51
38 52
24 53
34 54
43 55
31 56
22 57
9 58
36 59
32 60
44 61
17 62
21 63
51 64
58 65
20 66
43 67
56 68
3 69
44 70
67 71
58 72
11 73
68 74
42 75
14 76
42 77
52 78
72 79
13 80
39 81
1 82
75 83
20 84
53 85
71 86
10 87
36 88
57 89
44 90
48 91
6 92
92 93
59 94
80 95
47 96
62 97
85 98
20 99
51 100
53 101
38 102
70 103
64 104
69 105
84 106
80 107
54 108
103 109
17 110
50 111
20 112
65 113
76 114
7 115
35 116
110 117
60 118
9 119
84 120
17 121
83 122
99 123
20 124
48 125
84 126
102 127
20 128
105 129
41 130
125 131
80 132
21 133
39 134
66 135
133 136
57 137
137 138
10 139
36 140
132 141
140 142
28 143
4 144
83 145
18 146
77 147
68 148
37 149
109 150
13 151
84 152
33 153
11 154
36 155
90 156
133 157
33 158
40 159
114 160
10 161
78 162
24 163
151 164
88 165
4 166
105 167
36 168
148 169
84 170
153 171
90 172
121 173
18 174
19 175
140 176
135 177
65 178
63 179
28 180
142 181
57 182
169 183
82 184
101 185
112 186
138 187
130 188
14 189
78 190
42 191
66 192
191 193
185 194
132 195
80 196
158 197
41 198
42 199
158 200
150 201
136 202
56 203
98 204
198 205
130 206
15 207
28 208
196 209
109 210
153 211
107 212
40 213
99 214
81 215
80 216
139 217
34 218
172 219
183 220
99 221
83 222
5 223
20 224
104 225
147 226
38 227
183 228
32 229
159 230
226 231
2 232
175 233
84 234
36 235
125 236
42 237
52 238
159 239
100 240
84 241
14 242
154 243
173 244
174 245
62 246
207 247
102 248
55 249
233 250
27 251
81 252
11 253
44 254
180 255
202 256
203 257
205 258
226 259
105 260
10 261
232 262
5 263
116 264
12 265
165 266
125 267
170 268
182 269
67 270
196 271
126 272
194 273
221 274
112 275
168 276
47 277
187 278
271 279
109 280
46 281
123 282
205 283
169 284
7 285
102 286
95 287
60 288
155 289
243 290
26 291
242 292
235 293
126 294
152 295
208 296
107 297
118 298
202 299
76 300
43 301
88 302
20 303
30 304
210 305
201 306
192 307
79 308
65 309
243 310
284 311
97 312
262 313
56 314
51 315
90 316
119 317
305 318
104 319
44 320
145 321
3 322
229 323
149 324
158 325
78 326
212 327
193 328
118 329
21 330
59 331
161 332
42 333
308 334
304 335
284 336
45 337
75 338
10 339
90 340
17 341
67 342
88 343
290 344
51 345
76 346
132 347
331 348
243 349
149 350
42 351
107 352
22 353
255 354
274 355
14 356
343 357
50 358
313 359
299 360
137 361
346 362
227 363
187 364
76 365
229 366
62 367
278 368
164 369
40 370
43 371
26 372
286 373
186 374
55 375
344 376
281 377
141 378
222 379
116 380
208 381
1 382
45 383
324 384
306 385
191 386
342 387
244 388
373 389
93 390
182 391
121 392
144 393
1 394
363 395
175 396
268 397
183 398
276 399
337 400
324 401
232 402
112 403
155 404
267 405
369 406
50 407
364 408
126 409
49 410
283 411
148 412
144 413
150 414
391 415
220 416
236 417
202 418
384 419
79 420
368 421
75 422
319 423
412 424
179 425
231 426
103 427
307 428
100 429
277 430
29 431
157 432
10 433
193 434
406 435
330 436
240 437
60 438
414 439
35 440
360 441
311 442
365 443
276 444
325 445
184 446
43 447
16 448
358 449
298 450
325 451
273 452
434 453
127 454
413 455
21 456
288 457
257 458
255 459
416 460
266 461
377 462
314 463
37 464
249 465
379 466
1 467
153 468
148 469
3 470
160 471
381 472
247 473
358 474
291 475
132 476
316 477
34 478
345 479
467 480
455 481
73 482
87 483
358 484
164 485
296 486
255 487
76 488
305 489
160 490
346 491
252 492
235 493
263 494
179 495
87 496
484 497
310 498
340 499
9 500
120 501
93 502
213 503
306 504
450 505
44 506
504 507
93 508
228 509
184 510
380 511
356 512
127 513
379 514
34 515
348 516
423 517
340 518
84 519
168 520
8 521
147 522
454 523
516 524
157 525
254 526
190 527
125 528
53 529
519 530
7 531
190 532
400 533
493 534
27 535
142 536
286 537
275 538
152 539
362 540
128 541
227 542
288 543
332 544
334 545
474 546
531 547
465 548
56 549
523 550
108 551
316 552
155 553
148 554
273 555
475 556
148 557
210 558
425 559
474 560
399 561
509 562
231 563
31 564
531 565
400 566
262 567
68 568
188 569
229 570
105 571
310 572
97 573
46 574
551 575
21 576
94 577
563 578
280 579
26 580
188 581
518 582
367 583
522 584
44 585
387 586
542 587
527 588
191 589
579 590
418 591
476 592
566 593
258 594
216 595
373 596
586 597
526 598
355 599
110 600
376 601
383 602
270 603
483 604
246 605
346 606
378 607
420 608
50 609
564 610
233 611
153 612
419 613
390 614
554 615
315 616
401 617
7 618
3 619
3 620
220 621
159 622
443 623
31 624
120 625
330 626
522 627
25 628
442 629
538 630
514 631
491 632
560 633
485 634
618 635
444 636
628 637
251 638
254 639
274 640
207 641
91 642
609 643
19 644
321 645
569 646
244 647
387 648
529 649
534 650
141 651
273 652
478 653
554 654
596 655
205 656
654 657
147 658
346 659
539 660
391 661
219 662
443 663
104 664
576 665
137 666
260 667
631 668
544 669
624 670
71 671
10 672
314 673
122 674
401 675
583 676
92 677
376 678
286 679
514 680
230 681
55 682
502 683
364 684
576 685
303 686
30 687
447 688
505 689
408 690
492 691
545 692
5 693
632 694
615 695
18 696
232 697
662 698
435 699
87 700
621 701
699 702
448 703
386 704
19 705
188 706
479 707
187 708
308 709
583 710
635 711
498 712
177 713
426 714
102 715
316 716
632 717
438 718
172 719
302 720
416 721
53 722
610 723
639 724
266 725
480 726
689 727
252 728
96 729
295 730
643 731
145 732
337 733
385 734
730 735
188 736
353 737
491 738
692 739
408 740
300 741
223 742
367 743
539 744
242 745
194 746
24 747
657 748
128 749
62 750
220 751
153 752
427 753
449 754
350 755
679 756
333 757
328 758
500 759
23 760
15 761
22 762
52 763
377 764
493 765
351 766
166 767
223 768
632 769
667 770
203 771
404 772
118 773
347 774
34 775
387 776
204 777
664 778
190 779
207 780
570 781
755 782
341 783
53 784
366 785
773 786
393 787
38 788
100 789
774 790
460 791
358 792
476 793
247 794
256 795
108 796
258 797
189 798
480 799
238 800
578 801
121 802
714 803
384 804
512 805
390 806
87 807
200 808
260 809
320 810
483 811
700 812
559 813
221 814
377 815
502 816
725 817
737 818
207 819
807 820
321 821
61 822
96 823
481 824
389 825
353 826
797 827
537 828
142 829
664 830
652 831
825 832
421 833
309 834
417 835
519 836
733 837
69 838
374 839
665 840
715 841
220 842
808 843
397 844
156 845
731 846
40 847
708 848
200 849
257 850
528 851
505 852
679 853
623 854
136 855
328 856
656 857
319 858
218 859
494 860
474 861
290 862
676 863
37 864
595 865
231 866
253 867
153 868
551 869
98 870
209 871
297 872
500 873
8 874
156 875
233 876
725 877
793 878
88 879
70 880
779 881
358 882
340 883
440 884
342 885
619 886
612 887
667 888
519 889
197 890
8 891
98 892
773 893
154 894
755 895
555 896
72 897
238 898
217 899
814 900
261 901
457 902
178 903
75 904
45 905
154 906
394 907
484 908
266 909
73 910
267 911
362 912
605 913
204 914
93 915
162 916
60 917
917 918
123 919
233 920
811 921
654 922
772 923
237 924
783 925
863 926
368 927
642 928
599 929
746 930
36 931
758 932
31 933
712 934
525 935
422 936
325 937
447 938
701 939
295 940
633 941
844 942
641 943
131 944
708 945
67 946
634 947
723 948
882 949
76 950
909 951
131 952
228 953
3 954
763 955
639 956
732 957
429 958
299 959
535 960
660 961
782 962
471 963
209 964
865 965
941 966
341 967
602 968
146 969
106 970
162 971
556 972
572 973
906 974
562 975
891 976
234 977
874 978
958 979
719 980
495 981
675 982
386 983
517 984
92 985
22 986
676 987
416 988
601 989
746 990
964 991
328 992
898 993
258 994
337 995
276 996
321 997
992 998
213 999
178 1000
933 1001
761 1002
508 1003
70 1004
634 1005
949 1006
123 1007
165 1008
415 1009
847 1010
187 1011
372 1012
810 1013
739 1014
213 1015
473 1016
768 1017
878 1018
837 1019
1001 1020
441 1021
137 1022
22 1023
619 1024
29 1025
160 1026
168 1027
175 1028
486 1029
37 1030
226 1031
338 1032
712 1033
474 1034
73 1035
115 1036
634 1037
680 1038
532 1039
586 1040
1021 1041
402 1042
932 1043
514 1044
646 1045
695 1046
891 1047
501 1048
973 1049
281 1050
556 1051
863 1052
718 1053
15 1054
592 1055
752 1056
94 1057
502 1058
82 1059
282 1060
698 1061
864 1062
383 1063
152 1064
72 1065
579 1066
5 1067
752 1068
495 1069
82 1070
867 1071
458 1072
389 1073
364 1074
816 1075
128 1076
160 1077
346 1078
562 1079
1071 1080
1047 1081
943 1082
848 1083
205 1084
792 1085
9 1086
836 1087
770 1088
809 1089
982 1090
372 1091
817 1092
617 1093
304 1094
564 1095
279 1096
863 1097
484 1098
59 1099
1019 1100
486 1101
362 1102
97 1103
645 1104
607 1105
805 1106
542 1107
900 1108
996 1109
600 1110
774 1111
657 1112
235 1113
216 1114
712 1115
376 1116
902 1117
694 1118
508 1119
909 1120
837 1121
506 1122
557 1123
501 1124
373 1125
1087 1126
812 1127
816 1128
1108 1129
294 1130
816 1131
172 1132
481 1133
485 1134
460 1135
985 1136
636 1137
50 1138
1073 1139
631 1140
610 1141
651 1142
709 1143
180 1144
571 1145
128 1146
1045 1147
865 1148
549 1149
420 1150
862 1151
997 1152
669 1153
271 1154
563 1155
467 1156
575 1157
1046 1158
138 1159
1058 1160
52 1161
775 1162
219 1163
600 1164
143 1165
42 1166
42 1167
254 1168
123 1169
850 1170
235 1171
582 1172
912 1173
11 1174
976 1175
471 1176
29 1177
429 1178
1062 1179
414 1180
298 1181
1028 1182
1086 1183
678 1184
831 1185
70 1186
217 1187
641 1188
866 1189
284 1190
1100 1191
44 1192
645 1193
969 1194
264 1195
24 1196
879 1197
626 1198
345 1199
617 1200
221 1201
50 1202
188 1203
1081 1204
360 1205
3 1206
826 1207
542 1208
807 1209
343 1210
836 1211
419 1212
206 1213
405 1214
475 1215
172 1216
842 1217
436 1218
593 1219
777 1220
10 1221
728 1222
1189 1223
55 1224
1116 1225
721 1226
258 1227
976 1228
949 1229
1106 1230
625 1231
473 1232
560 1233
659 1234
427 1235
1185 1236
589 1237
150 1238
1105 1239
1075 1240
886 1241
608 1242
689 1243
410 1244
586 1245
750 1246
1112 1247
44 1248
423 1249
1022 1250
1095 1251
230 1252
588 1253
1101 1254
856 1255
92 1256
757 1257
608 1258
703 1259
162 1260
119 1261
331 1262
473 1263
1097 1264
255 1265
33 1266
835 1267
938 1268
656 1269
239 1270
833 1271
837 1272
1104 1273
1126 1274
746 1275
753 1276
124 1277
394 1278
1049 1279
1101 1280
907 1281
668 1282
1196 1283
663 1284
908 1285
456 1286
308 1287
1033 1288
1122 1289
482 1290
296 1291
1089 1292
549 1293
655 1294
428 1295
505 1296
246 1297
580 1298
868 1299
618 1300
61 1301
1035 1302
772 1303
27 1304
856 1305
1134 1306
1109 1307
445 1308
127 1309
816 1310
435 1311
879 1312
763 1313
273 1314
485 1315
1177 1316
1072 1317
217 1318
202 1319
278 1320
419 1321
1160 1322
504 1323
518 1324
1229 1325
56 1326
647 1327
1081 1328
888 1329
323 1330
509 1331
573 1332
567 1333
375 1334
120 1335
1275 1336
1325 1337
426 1338
1331 1339
22 1340
1041 1341
1253 1342
266 1343
245 1344
172 1345
468 1346
228 1347
860 1348
1264 1349
158 1350
392 1351
407 1352
374 1353
1064 1354
735 1355
1288 1356
758 1357
258 1358
466 1359
828 1360
1306 1361
504 1362
425 1363
1349 1364
1166 1365
377 1366
1073 1367
580 1368
635 1369
269 1370
1089 1371
828 1372
1273 1373
1257 1374
135 1375
443 1376
215 1377
995 1378
514 1379
622 1380
764 1381
779 1382
554 1383
934 1384
47 1385
829 1386
1267 1387
1190 1388
1026 1389
1379 1390
31 1391
72 1392
713 1393
1002 1394
755 1395
1193 1396
1020 1397
147 1398
347 1399
640 1400
16 1401
246 1402
1276 1403
1040 1404
377 1405
444 1406
1326 1407
1335 1408
836 1409
837 1410
633 1411
1036 1412
30 1413
781 1414
294 1415
457 1416
809 1417
159 1418
203 1419
1308 1420
229 1421
549 1422
1337 1423
538 1424
856 1425
190 1426
518 1427
1241 1428
658 1429
1297 1430
201 1431
1124 1432
1368 1433
1039 1434
568 1435
759 1436
1070 1437
968 1438
106 1439
1182 1440
965 1441
303 1442
146 1443
832 1444
957 1445
646 1446
717 1447
455 1448
458 1449
344 1450
630 1451
485 1452
268 1453
313 1454
1152 1455
1368 1456
769 1457
1245 1458
179 1459
1199 1460
749 1461
193 1462
917 1463
1245 1464
783 1465
225 1466
1385 1467
1381 1468
356 1469
1073 1470
572 1471
18 1472
1149 1473
421 1474
966 1475
1239 1476
874 1477
571 1478
1430 1479
162 1480
1396 1481
600 1482
480 1483
1138 1484
617 1485
1304 1486
642 1487
262 1488
414 1489
973 1490
1403 1491
1089 1492
501 1493
140 1494
1411 1495
841 1496
511 1497
821 1498
283 1499
576 1500
1264 1501
726 1502
973 1503
983 1504
609 1505
177 1506
43 1507
264 1508
134 1509
740 1510
811 1511
426 1512
1004 1513
164 1514
1281 1515
865 1516
742 1517
179 1518
493 1519
167 1520
1001 1521
1470 1522
92 1523
276 1524
447 1525
908 1526
123 1527
662 1528
629 1529
476 1530
281 1531
1462 1532
28 1533
1435 1534
1033 1535
702 1536
995 1537
299 1538
961 1539
1224 1540
13 1541
223 1542
1010 1543
1334 1544
341 1545
708 1546
618 1547
1156 1548
354 1549
466 1550
574 1551
553 1552
939 1553
1401 1554
922 1555
673 1556
8 1557
1226 1558
472 1559
1393 1560
1039 1561
879 1562
1017 1563
309 1564
1336 1565
1119 1566
639 1567
1046 1568
737 1569
1150 1570
129 1571
61 1572
408 1573
1517 1574
710 1575
879 1576
180 1577
1031 1578
166 1579
1083 1580
68 1581
285 1582
1425 1583
266 1584
1549 1585
875 1586
441 1587
1320 1588
1199 1589
207 1590
727 1591
179 1592
1369 1593
1551 1594
27 1595
1275 1596
1404 1597
1155 1598
118 1599
1347 1600
201 1601
771 1602
613 1603
1436 1604
408 1605
274 1606
1108 1607
7 1608
738 1609
932 1610
874 1611
1092 1612
571 1613
1090 1614
151 1615
631 1616
1515 1617
1539 1618
694 1619
147 1620
974 1621
995 1622
987 1623
80 1624
1260 1625
280 1626
1312 1627
567 1628
1405 1629
1346 1630
1629 1631
667 1632
330 1633
1315 1634
310 1635
730 1636
975 1637
268 1638
1056 1639
1534 1640
1426 1641
550 1642
980 1643
1558 1644
720 1645
1259 1646
453 1647
664 1648
324 1649
983 1650
714 1651
1638 1652
946 1653
977 1654
592 1655
563 1656
979 1657
1021 1658
525 1659
1233 1660
165 1661
548 1662
139 1663
1166 1664
1134 1665
1414 1666
1513 1667
285 1668
1049 1669
900 1670
1471 1671
693 1672
693 1673
1292 1674
1472 1675
1141 1676
428 1677
581 1678
358 1679
881 1680
78 1681
921 1682
531 1683
1110 1684
1374 1685
1489 1686
186 1687
652 1688
1151 1689
234 1690
1667 1691
89 1692
1154 1693
765 1694
1062 1695
1297 1696
1373 1697
651 1698
1511 1699
1311 1700
664 1701
636 1702
1507 1703
262 1704
1563 1705
1394 1706
199 1707
1295 1708
1303 1709
1621 1710
492 1711
1668 1712
1306 1713
1668 1714
942 1715
1575 1716
250 1717
1612 1718
122 1719
880 1720
1037 1721
1568 1722
587 1723
1341 1724
653 1725
1395 1726
1001 1727
526 1728
1525 1729
1718 1730
852 1731
484 1732
823 1733
959 1734
1199 1735
1567 1736
25 1737
720 1738
556 1739
390 1740
195 1741
1207 1742
1267 1743
1137 1744
1545 1745
1521 1746
202 1747
900 1748
603 1749
818 1750
554 1751
290 1752
350 1753
1093 1754
512 1755
1467 1756
1500 1757
523 1758
1312 1759
1636 1760
1619 1761
658 1762
460 1763
404 1764
275 1765
765 1766
561 1767
1417 1768
1329 1769
92 1770
341 1771
135 1772
1115 1773
460 1774
1030 1775
1459 1776
1526 1777
672 1778
134 1779
1700 1780
1655 1781
1240 1782
223 1783
1622 1784
299 1785
50 1786
653 1787
872 1788
177 1789
614 1790
1653 1791
1173 1792
1007 1793
463 1794
932 1795
155 1796
618 1797
1423 1798
124 1799
505 1800
269 1801
820 1802
1309 1803
195 1804
21 1805
693 1806
1058 1807
645 1808
1738 1809
258 1810
550 1811
1646 1812
1732 1813
1182 1814
169 1815
1042 1816
1050 1817
1422 1818
1281 1819
140 1820
449 1821
1170 1822
792 1823
537 1824
1406 1825
968 1826
210 1827
1311 1828
209 1829
1456 1830
1214 1831
1124 1832
906 1833
1019 1834
1218 1835
328 1836
182 1837
684 1838
994 1839
781 1840
1392 1841
34 1842
939 1843
992 1844
1134 1845
435 1846
761 1847
243 1848
1735 1849
827 1850
166 1851
968 1852
1097 1853
869 1854
10 1855
1693 1856
928 1857
298 1858
452 1859
824 1860
332 1861
1246 1862
1691 1863
1547 1864
394 1865
192 1866
1237 1867
1028 1868
697 1869
987 1870
1173 1871
1650 1872
606 1873
307 1874
1677 1875
683 1876
654 1877
872 1878
513 1879
119 1880
312 1881
1868 1882
1205 1883
8 1884
909 1885
1526 1886
395 1887
1044 1888
1791 1889
1659 1890
1648 1891
88 1892
292 1893
462 1894
1749 1895
57 1896
2 1897
810 1898
30 1899
418 1900
922 1901
919 1902
1539 1903
1507 1904
1747 1905
44 1906
162 1907
631 1908
685 1909
1130 1910
1758 1911
856 1912
568 1913
680 1914
1372 1915
1722 1916
543 1917
892 1918
639 1919
812 1920
1094 1921
1097 1922
1090 1923
587 1924
274 1925
398 1926
1004 1927
1166 1928
1117 1929
1708 1930
473 1931
209 1932
21 1933
666 1934
600 1935
1382 1936
1673 1937
58 1938
819 1939
1210 1940
1357 1941
484 1942
510 1943
344 1944
85 1945
1925 1946
1449 1947
1672 1948
61 1949
862 1950
1941 1951
1422 1952
1456 1953
1883 1954
527 1955
1328 1956
1638 1957
1032 1958
588 1959
952 1960
284 1961
917 1962
1951 1963
139 1964
1121 1965
1267 1966
838 1967
724 1968
1244 1969
1916 1970
1851 1971
704 1972
1940 1973
92 1974
422 1975
1183 1976
386 1977
1624 1978
475 1979
90 1980
1905 1981
1778 1982
1450 1983
920 1984
504 1985
1645 1986
1897 1987
945 1988
212 1989
1539 1990
1162 1991
1131 1992
1297 1993
489 1994
1337 1995
1372 1996
1178 1997
871 1998
187 1999
666 2000
219 2001
262 2002
1215 2003
592 2004
191 2005
907 2006
947 2007
1064 2008
578 2009
1222 2010
415 2011
220 2012
904 2013
65 2014
622 2015
1447 2016
894 2017
1633 2018
1560 2019
29 2020
1390 2021
298 2022
1785 2023
1250 2024
883 2025
1717 2026
749 2027
708 2028
1808 2029
418 2030
1559 2031
1515 2032
1506 2033
1017 2034
54 2035
544 2036
1278 2037
1561 2038
1456 2039
1967 2040
274 2041
827 2042
1502 2043
1025 2044
1604 2045
612 2046
715 2047
717 2048
1546 2049
1470 2050
1069 2051
1105 2052
525 2053
1061 2054
1956 2055
911 2056
1637 2057
764 2058
1900 2059
878 2060
2049 2061
954 2062
141 2063
918 2064
91 2065
992 2066
607 2067
1430 2068
577 2069
365 2070
1845 2071
845 2072
656 2073
373 2074
1295 2075
1101 2076
1096 2077
913 2078
1698 2079
1326 2080
1002 2081
865 2082
1525 2083
485 2084
843 2085
1784 2086
1694 2087
1159 2088
227 2089
1254 2090
1947 2091
258 2092
1123 2093
113 2094
1786 2095
1438 2096
2006 2097
1684 2098
721 2099
1785 2100
692 2101
1119 2102
1220 2103
82 2104
58 2105
1638 2106
92 2107
200 2108
1975 2109
124 2110
1384 2111
88 2112
1100 2113
1901 2114
1613 2115
1434 2116
757 2117
650 2118
1839 2119
139 2120
1825 2121
1884 2122
1125 2123
1250 2124
325 2125
2079 2126
249 2127
274 2128
1937 2129
418 2130
2055 2131
1154 2132
789 2133
465 2134
1830 2135
1757 2136
488 2137
1089 2138
1910 2139
1457 2140
2006 2141
65 2142
1242 2143
1206 2144
1195 2145
1505 2146
2039 2147
214 2148
67 2149
498 2150
1607 2151
1645 2152
1861 2153
1705 2154
520 2155
1227 2156
1376 2157
1874 2158
1383 2159
902 2160
1013 2161
1253 2162
555 2163
1709 2164
9 2165
1559 2166
1289 2167
2145 2168
596 2169
654 2170
751 2171
1698 2172
1761 2173
1849 2174
1513 2175
457 2176
2089 2177
151 2178
247 2179
1261 2180
1002 2181
1387 2182
71 2183
2172 2184
910 2185
806 2186
1943 2187
1075 2188
1881 2189
337 2190
1572 2191
327 2192
1009 2193
1912 2194
642 2195
132 2196
109 2197
783 2198
1332 2199
1479 2200
2019 2201
448 2202
77 2203
1094 2204
814 2205
1625 2206
1172 2207
1683 2208
2009 2209
1749 2210
368 2211
1910 2212
1213 2213
2109 2214
1367 2215
2189 2216
623 2217
1700 2218
1760 2219
2119 2220
108 2221
575 2222
475 2223
479 2224
774 2225
308 2226
899 2227
1168 2228
1074 2229
351 2230
856 2231
967 2232
1942 2233
417 2234
1096 2235
834 2236
415 2237
1447 2238
1696 2239
353 2240
1506 2241
1906 2242
1476 2243
699 2244
1846 2245
435 2246
1265 2247
1144 2248
1133 2249
1653 2250
2161 2251
1011 2252
445 2253
595 2254
1152 2255
2040 2256
1922 2257
1018 2258
1744 2259
927 2260
490 2261
1040 2262
1173 2263
932 2264
34 2265
1329 2266
1572 2267
74 2268
1116 2269
2119 2270
2222 2271
165 2272
929 2273
1040 2274
1253 2275
464 2276
140 2277
1460 2278
1850 2279
1537 2280
508 2281
186 2282
651 2283
182 2284
1457 2285
2145 2286
1688 2287
1871 2288
253 2289
1275 2290
1890 2291
816 2292
1158 2293
956 2294
780 2295
2203 2296
1414 2297
646 2298
2098 2299
942 2300
79 2301
155 2302
1748 2303
1822 2304
32 2305
989 2306
29 2307
104 2308
670 2309
588 2310
980 2311
1193 2312
1264 2313
223 2314
1524 2315
1211 2316
748 2317
1294 2318
1737 2319
346 2320
297 2321
711 2322
81 2323
391 2324
1048 2325
1203 2326
1381 2327
657 2328
2236 2329
2109 2330
339 2331
2231 2332
2192 2333
500 2334
1278 2335
1107 2336
116 2337
520 2338
1641 2339
1399 2340
185 2341
1518 2342
139 2343
1053 2344
441 2345
1054 2346
1635 2347
178 2348
1098 2349
1802 2350
527 2351
2038 2352
1561 2353
1524 2354
1845 2355
2139 2356
1130 2357
1402 2358
1488 2359
1218 2360
960 2361
3 2362
1212 2363
796 2364
612 2365
823 2366
1201 2367
1552 2368
1929 2369
399 2370
299 2371
1121 2372
1627 2373
1019 2374
2140 2375
65 2376
1724 2377
898 2378
1439 2379
1784 2380
291 2381
554 2382
597 2383
1127 2384
877 2385
1573 2386
1445 2387
1029 2388
146 2389
2158 2390
1003 2391
633 2392
1689 2393
550 2394
1105 2395
2362 2396
243 2397
664 2398
2132 2399
2016 2400
325 2401
626 2402
1892 2403
1905 2404
1323 2405
206 2406
901 2407
634 2408
1502 2409
1285 2410
2059 2411
1092 2412
551 2413
1044 2414
708 2415
479 2416
1978 2417
1431 2418
1005 2419
315 2420
1081 2421
879 2422
484 2423
849 2424
1763 2425
1025 2426
856 2427
1540 2428
2183 2429
1913 2430
243 2431
825 2432
369 2433
384 2434
1444 2435
953 2436
785 2437
380 2438
2200 2439
560 2440
2358 2441
1496 2442
7 2443
786 2444
1538 2445
2308 2446
1901 2447
338 2448
1852 2449
1359 2450
1541 2451
1999 2452
1616 2453
776 2454
840 2455
2418 2456
1466 2457
1845 2458
248 2459
793 2460
2100 2461
1500 2462
2191 2463
1476 2464
2322 2465
933 2466
458 2467
2131 2468
1334 2469
915 2470
750 2471
484 2472
2261 2473
1942 2474
589 2475
2114 2476
639 2477
1966 2478
982 2479
1629 2480
1679 2481
795 2482
1507 2483
1169 2484
930 2485
1557 2486
534 2487
498 2488
75 2489
1815 2490
610 2491
63 2492
2475 2493
2208 2494
346 2495
828 2496
1141 2497
274 2498
1844 2499
122 2500
2357 2501
1991 2502
1890 2503
296 2504
1648 2505
1300 2506
705 2507
587 2508
2328 2509
2417 2510
1643 2511
106 2512
1249 2513
1819 2514
1097 2515
390 2516
1915 2517
1224 2518
113 2519
1749 2520
1434 2521
425 2522
874 2523
777 2524
87 2525
1357 2526
704 2527
138 2528
1846 2529
788 2530
387 2531
2530 2532
1373 2533
1711 2534
167 2535
1107 2536
2061 2537
1365 2538
1278 2539
2515 2540
1771 2541
1713 2542
230 2543
751 2544
1861 2545
2086 2546
429 2547
583 2548
916 2549
2396 2550
1377 2551
2063 2552
2268 2553
390 2554
1872 2555
98 2556
2430 2557
440 2558
1142 2559
2548 2560
1481 2561
1209 2562
2545 2563
1992 2564
682 2565
2398 2566
110 2567
439 2568
998 2569
1316 2570
132 2571
2312 2572
599 2573
1075 2574
457 2575
1753 2576
733 2577
2437 2578
5 2579
1890 2580
2254 2581
2188 2582
1701 2583
2497 2584
1286 2585
1882 2586
1495 2587
2239 2588
1199 2589
2028 2590
50 2591
2186 2592
1153 2593
253 2594
2446 2595
126 2596
1561 2597
1317 2598
1372 2599
244 2600
389 2601
1680 2602
1370 2603
1847 2604
1289 2605
2085 2606
2502 2607
2362 2608
2306 2609
1113 2610
1154 2611
362 2612
490 2613
1693 2614
865 2615
2055 2616
424 2617
1153 2618
1226 2619
1183 2620
98 2621
190 2622
2404 2623
1930 2624
117 2625
1887 2626
571 2627
2467 2628
1191 2629
1808 2630
2438 2631
2321 2632
1435 2633
2104 2634
256 2635
2082 2636
186 2637
722 2638
1357 2639
2192 2640
501 2641
26 2642
2228 2643
2549 2644
468 2645
1501 2646
2196 2647
971 2648
447 2649
2439 2650
2236 2651
1971 2652
331 2653
921 2654
510 2655
410 2656
110 2657
1123 2658
484 2659
186 2660
2246 2661
1193 2662
2402 2663
1133 2664
1470 2665
610 2666
596 2667
2240 2668
2306 2669
1535 2670
2562 2671
154 2672
1995 2673
1313 2674
857 2675
1645 2676
2367 2677
2378 2678
2504 2679
1092 2680
1553 2681
429 2682
1561 2683
1531 2684
2581 2685
1965 2686
1361 2687
56 2688
294 2689
1736 2690
768 2691
1357 2692
150 2693
2501 2694
516 2695
221 2696
856 2697
996 2698
2471 2699
2314 2700
1911 2701
1098 2702
2219 2703
1854 2704
2031 2705
1812 2706
2472 2707
1841 2708
1483 2709
1539 2710
71 2711
2224 2712
1141 2713
1185 2714
2661 2715
2081 2716
361 2717
1876 2718
2334 2719
1302 2720
269 2721
2574 2722
691 2723
864 2724
1084 2725
579 2726
2357 2727
1875 2728
47 2729
1139 2730
1730 2731
2134 2732
1636 2733
433 2734
2590 2735
615 2736
2635 2737
1266 2738
745 2739
513 2740
2527 2741
1472 2742
770 2743
1341 2744
1832 2745
1468 2746
1365 2747
2724 2748
2568 2749
1931 2750
1719 2751
2691 2752
2542 2753
297 2754
1201 2755
515 2756
13 2757
1788 2758
879 2759
2107 2760
1831 2761
2647 2762
1255 2763
962 2764
554 2765
432 2766
2544 2767
2542 2768
2126 2769
2582 2770
2133 2771
2084 2772
2758 2773
593 2774
180 2775
1275 2776
1240 2777
371 2778
1183 2779
1528 2780
1683 2781
2047 2782
939 2783
342 2784
111 2785
435 2786
2279 2787
245 2788
2066 2789
2402 2790
2069 2791
2671 2792
714 2793
1917 2794
544 2795
95 2796
957 2797
174 2798
565 2799
1968 2800
1503 2801
2795 2802
808 2803
1646 2804
1320 2805
276 2806
2187 2807
405 2808
2344 2809
1153 2810
1765 2811
1204 2812
2467 2813
145 2814
364 2815
1440 2816
1705 2817
912 2818
1587 2819
1632 2820
1974 2821
1870 2822
1971 2823
149 2824
1210 2825
191 2826
1246 2827
2754 2828
523 2829
1941 2830
2650 2831
2490 2832
2573 2833
2565 2834
501 2835
1247 2836
209 2837
1993 2838
412 2839
652 2840
1804 2841
639 2842
2043 2843
641 2844
2726 2845
2226 2846
274 2847
921 2848
2309 2849
2530 2850
1826 2851
450 2852
1271 2853
1537 2854
598 2855
2837 2856
470 2857
1746 2858
1258 2859
2512 2860
2425 2861
1757 2862
1797 2863
1235 2864
1344 2865
155 2866
2664 2867
1799 2868
2351 2869
1089 2870
2113 2871
2006 2872
1941 2873
2136 2874
1550 2875
2169 2876
926 2877
523 2878
2758 2879
1907 2880
2068 2881
2293 2882
1591 2883
1708 2884
1536 2885
2089 2886
1746 2887
1503 2888
2129 2889
623 2890
1488 2891
2295 2892
1811 2893
2269 2894
1103 2895
564 2896
2526 2897
2784 2898
2233 2899
656 2900
1913 2901
2326 2902
1776 2903
1246 2904
413 2905
588 2906
2477 2907
2651 2908
1472 2909
2159 2910
1291 2911
1878 2912
1956 2913
1479 2914
2295 2915
319 2916
2510 2917
132 2918
1111 2919
2542 2920
2894 2921
229 2922
1151 2923
1499 2924
778 2925
2133 2926
1438 2927
113 2928
961 2929
1568 2930
1508 2931
2413 2932
2357 2933
2875 2934
881 2935
1813 2936
1227 2937
349 2938
977 2939
1702 2940
2414 2941
1315 2942
727 2943
2802 2944
2926 2945
2789 2946
1951 2947
1768 2948
2305 2949
1132 2950
1332 2951
1576 2952
439 2953
2591 2954
2818 2955
1159 2956
2338 2957
2449 2958
914 2959
1771 2960
401 2961
1273 2962
58 2963
470 2964
1153 2965
2045 2966
1000 2967
631 2968
576 2969
2246 2970
2869 2971
2516 2972
1875 2973
916 2974
2083 2975
1290 2976
2818 2977
330 2978
663 2979
2754 2980
1313 2981
1341 2982
637 2983
837 2984
237 2985
1868 2986
1240 2987
1923 2988
1939 2989
992 2990
2898 2991
1029 2992
1616 2993
2843 2994
545 2995
1765 2996
2357 2997
750 2998
1802 2999
1065 3000
247 3001
2051 3002
265 3003
2066 3004
2263 3005
2915 3006
728 3007
2747 3008
2375 3009
1161 3010
2087 3011
2649 3012
808 3013
1661 3014
1604 3015
1708 3016
2141 3017
2160 3018
2748 3019
2301 3020
2088 3021
367 3022
2613 3023
1878 3024
3016 3025
960 3026
1208 3027
1451 3028
1482 3029
876 3030
2308 3031
2307 3032
2851 3033
2457 3034
998 3035
2638 3036
872 3037
1372 3038
1284 3039
2487 3040
1072 3041
1184 3042
1670 3043
884 3044
2156 3045
156 3046
865 3047
1925 3048
1027 3049
2062 3050
500 3051
2262 3052
1645 3053
1081 3054
1531 3055
579 3056
1692 3057
1427 3058
1638 3059
1707 3060
538 3061
666 3062
2749 3063
62 3064
153 3065
2520 3066
911 3067
548 3068
221 3069
2150 3070
2439 3071
379 3072
1153 3073
142 3074
2163 3075
2124 3076
2976 3077
985 3078
903 3079
296 3080
2212 3081
1166 3082
668 3083
2097 3084
838 3085
2825 3086
2579 3087
1017 3088
2466 3089
773 3090
2007 3091
2843 3092
1532 3093
617 3094
700 3095
2060 3096
1758 3097
1663 3098
678 3099
2965 3100
633 3101
2345 3102
2361 3103
530 3104
2698 3105
1540 3106
873 3107
2646 3108
2684 3109
865 3110
2802 3111
2163 3112
459 3113
1438 3114
2575 3115
2905 3116
2074 3117
471 3118
5 3119
1086 3120
3081 3121
317 3122
3075 3123
702 3124
793 3125
1405 3126
611 3127
1636 3128
691 3129
533 3130
3121 3131
892 3132
1304 3133
2430 3134
203 3135
995 3136
125 3137
1110 3138
1224 3139
1776 3140
1829 3141
26 3142
89 3143
714 3144
462 3145
1952 3146
151 3147
2730 3148
3012 3149
180 3150
1726 3151
1776 3152
2346 3153
935 3154
540 3155
2977 3156
905 3157
2385 3158
694 3159
3055 3160
913 3161
2588 3162
2974 3163
1312 3164
2736 3165
1620 3166
201 3167
423 3168
696 3169
637 3170
47 3171
891 3172
2280 3173
2010 3174
860 3175
2085 3176
2367 3177
2907 3178
1499 3179
2760 3180
910 3181
890 3182
2133 3183
876 3184
39 3185
432 3186
2301 3187
3054 3188
1515 3189
155 3190
1118 3191
2860 3192
828 3193
885 3194
79 3195
1114 3196
1424 3197
2825 3198
1324 3199
1196 3200
862 3201
1522 3202
1718 3203
315 3204
2236 3205
51 3206
2365 3207
2183 3208
42 3209
2807 3210
2255 3211
574 3212
2578 3213
941 3214
1553 3215
2206 3216
2112 3217
1934 3218
1493 3219
2583 3220
2221 3221
539 3222
565 3223
897 3224
845 3225
596 3226
2257 3227
902 3228
2310 3229
814 3230
36 3231
1591 3232
194 3233
1091 3234
1563 3235
1658 3236
3223 3237
1028 3238
2106 3239
2147 3240
630 3241
992 3242
41 3243
2752 3244
1342 3245
946 3246
560 3247
34 3248
2996 3249
1032 3250
846 3251
1638 3252
2285 3253
659 3254
842 3255
1182 3256
365 3257
366 3258
3039 3259
2732 3260
2095 3261
1532 3262
34 3263
1020 3264
1334 3265
2089 3266
484 3267
331 3268
789 3269
3144 3270
1683 3271
149 3272
3160 3273
428 3274
1735 3275
1160 3276
2015 3277
727 3278
2766 3279
2069 3280
1734 3281
1963 3282
2237 3283
775 3284
2041 3285
1461 3286
3076 3287
2068 3288
824 3289
1171 3290
1146 3291
263 3292
2713 3293
818 3294
2662 3295
2218 3296
1619 3297
1383 3298
3029 3299
1014 3300
2222 3301
1617 3302
2012 3303
2247 3304
2775 3305
43 3306
2288 3307
805 3308
619 3309
1730 3310
1606 3311
3231 3312
261 3313
3048 3314
2523 3315
2142 3316
496 3317
1652 3318
1140 3319
3191 3320
2157 3321
2600 3322
627 3323
1387 3324
918 3325
117 3326
2581 3327
201 3328
793 3329
2195 3330
2069 3331
2005 3332
3329 3333
1626 3334
2478 3335
443 3336
1602 3337
2854 3338
82 3339
2760 3340
1009 3341
748 3342
1969 3343
104 3344
1151 3345
2722 3346
2635 3347
1967 3348
664 3349
1290 3350
1266 3351
1491 3352
346 3353
1109 3354
2207 3355
1643 3356
2055 3357
2745 3358
1759 3359
3140 3360
2962 3361
3090 3362
2936 3363
189 3364
83 3365
2996 3366
2649 3367
2935 3368
1683 3369
1277 3370
2998 3371
279 3372
711 3373
1208 3374
225 3375
2383 3376
1949 3377
2465 3378
294 3379
3196 3380
1396 3381
3142 3382
1431 3383
1697 3384
892 3385
1246 3386
1586 3387
1818 3388
2245 3389
1277 3390
1099 3391
2266 3392
459 3393
1488 3394
1657 3395
875 3396
922 3397
2294 3398
1647 3399
1434 3400
2553 3401
1511 3402
588 3403
138 3404
342 3405
1339 3406
739 3407
1775 3408
3282 3409
2589 3410
1615 3411
73 3412
2774 3413
1825 3414
2512 3415
2131 3416
1772 3417
1704 3418
276 3419
3082 3420
624 3421
1200 3422
44 3423
2651 3424
217 3425
1162 3426
1188 3427
181 3428
1401 3429
2840 3430
3240 3431
1305 3432
1717 3433
984 3434
2708 3435
424 3436
1252 3437
1197 3438
3427 3439
2301 3440
845 3441
457 3442
21 3443
2001 3444
2294 3445
655 3446
1737 3447
2394 3448
505 3449
2027 3450
963 3451
1758 3452
510 3453
2038 3454
917 3455
1119 3456
2579 3457
1253 3458
31 3459
2118 3460
872 3461
656 3462
941 3463
2491 3464
2198 3465
373 3466
1946 3467
1759 3468
3110 3469
3414 3470
239 3471
274 3472
2268 3473
153 3474
1366 3475
2476 3476
369 3477
1570 3478
2885 3479
18 3480
2095 3481
1589 3482
1044 3483
3113 3484
1397 3485
1285 3486
695 3487
2250 3488
2588 3489
433 3490
162 3491
3110 3492
2163 3493
2725 3494
3318 3495
1992 3496
697 3497
1076 3498
1881 3499
1312 3500
497 3501
473 3502
94 3503
3029 3504
1959 3505
831 3506
2583 3507
1802 3508
1304 3509
757 3510
1050 3511
2220 3512
1463 3513
2134 3514
710 3515
2352 3516
545 3517
64 3518
200 3519
2026 3520
1977 3521
1344 3522
231 3523
2176 3524
3017 3525
2703 3526
2882 3527
328 3528
2291 3529
3222 3530
3271 3531
3158 3532
1731 3533
1995 3534
1074 3535
2959 3536
265 3537
643 3538
1348 3539
2176 3540
261 3541
1227 3542
166 3543
3031 3544
1667 3545
2907 3546
3050 3547
4 3548
3099 3549
1430 3550
349 3551
2197 3552
3492 3553
1333 3554
36 3555
278 3556
1330 3557
893 3558
2685 3559
2267 3560
1152 3561
2164 3562
1700 3563
587 3564
226 3565
2220 3566
3238 3567
1578 3568
2208 3569
2233 3570
648 3571
3426 3572
436 3573
2609 3574
2230 3575
1512 3576
352 3577
2826 3578
214 3579
552 3580
1535 3581
2417 3582
873 3583
2860 3584
2693 3585
785 3586
3006 3587
2750 3588
3098 3589
2835 3590
434 3591
3034 3592
1932 3593
2757 3594
156 3595
474 3596
1947 3597
2480 3598
2191 3599
2417 3600
613 3601
3598 3602
1599 3603
1745 3604
1257 3605
1847 3606
1697 3607
1573 3608
1112 3609
3321 3610
3175 3611
3295 3612
941 3613
2434 3614
2643 3615
797 3616
2094 3617
2542 3618
3585 3619
2630 3620
527 3621
387 3622
2085 3623
765 3624
3060 3625
2607 3626
1168 3627
348 3628
825 3629
2082 3630
360 3631
3487 3632
1433 3633
1359 3634
2711 3635
944 3636
2940 3637
840 3638
2371 3639
2647 3640
2402 3641
449 3642
1600 3643
3562 3644
832 3645
2203 3646
867 3647
3430 3648
1089 3649
3453 3650
1727 3651
3417 3652
3018 3653
982 3654
1183 3655
1821 3656
575 3657
606 3658
2541 3659
1588 3660
160 3661
601 3662
629 3663
2945 3664
359 3665
1459 3666
3447 3667
2930 3668
743 3669
1003 3670
2012 3671
2836 3672
151 3673
646 3674
3134 3675
1827 3676
1381 3677
3081 3678
166 3679
1844 3680
1175 3681
615 3682
2207 3683
1509 3684
228 3685
3388 3686
2676 3687
442 3688
2321 3689
2923 3690
1275 3691
1513 3692
3682 3693
3552 3694
589 3695
3182 3696
2690 3697
950 3698
558 3699
2793 3700
3588 3701
289 3702
486 3703
2000 3704
2359 3705
1254 3706
2990 3707
2868 3708
2562 3709
2565 3710
3627 3711
246 3712
2284 3713
1707 3714
2557 3715
1353 3716
1092 3717
3509 3718
1715 3719
1298 3720
1876 3721
1792 3722
1519 3723
2135 3724
1235 3725
3151 3726
3195 3727
3512 3728
411 3729
1283 3730
1397 3731
872 3732
1780 3733
3040 3734
1987 3735
624 3736
113 3737
1097 3738
392 3739
1928 3740
561 3741
2302 3742
3160 3743
1923 3744
441 3745
310 3746
3107 3747
3005 3748
2288 3749
1974 3750
1712 3751
1 3752
3000 3753
788 3754
3683 3755
3402 3756
2052 3757
496 3758
2044 3759
1848 3760
2882 3761
970 3762
2008 3763
3221 3764
3037 3765
2378 3766
326 3767
1512 3768
562 3769
1938 3770
3165 3771
2170 3772
87 3773
2090 3774
355 3775
3144 3776
1254 3777
2173 3778
2132 3779
1606 3780
1280 3781
3428 3782
1729 3783
995 3784
1959 3785
2918 3786
2911 3787
232 3788
1554 3789
3360 3790
1123 3791
3766 3792
713 3793
1804 3794
2358 3795
2551 3796
3532 3797
1867 3798
1987 3799
2094 3800
994 3801
412 3802
945 3803
840 3804
726 3805
2741 3806
2287 3807
3068 3808
976 3809
910 3810
1573 3811
1771 3812
3772 3813
1140 3814
2238 3815
3422 3816
2530 3817
146 3818
999 3819
2237 3820
1601 3821
1406 3822
1858 3823
310 3824
1852 3825
779 3826
1896 3827
2509 3828
1058 3829
696 3830
1069 3831
187 3832
2596 3833
1527 3834
1988 3835
406 3836
2134 3837
3775 3838
1369 3839
1423 3840
27 3841
1833 3842
2563 3843
2574 3844
2002 3845
1922 3846
2658 3847
2913 3848
1415 3849
2648 3850
1599 3851
3667 3852
153 3853
462 3854
1970 3855
3808 3856
3519 3857
1420 3858
1164 3859
372 3860
2082 3861
3311 3862
2656 3863
730 3864
2279 3865
425 3866
536 3867
1962 3868
3547 3869
985 3870
1948 3871
3022 3872
2242 3873
88 3874
77 3875
429 3876
2444 3877
1735 3878
569 3879
1860 3880
913 3881
1069 3882
2917 3883
2432 3884
703 3885
445 3886
1958 3887
2878 3888
1257 3889
2853 3890
3562 3891
2015 3892
963 3893
3817 3894
2428 3895
1897 3896
1051 3897
2989 3898
2322 3899
3138 3900
2674 3901
995 3902
2306 3903
2782 3904
2948 3905
848 3906
3808 3907
2213 3908
743 3909
2636 3910
3661 3911
1256 3912
778 3913
1557 3914
2764 3915
886 3916
2810 3917
3073 3918
2673 3919
2204 3920
2028 3921
756 3922
1567 3923
478 3924
626 3925
1966 3926
3596 3927
2374 3928
2938 3929
3199 3930
2976 3931
503 3932
1452 3933
1166 3934
1996 3935
2781 3936
676 3937
3729 3938
1560 3939
1611 3940
3444 3941
1807 3942
2972 3943
3567 3944
2361 3945
2479 3946
2834 3947
3591 3948
1606 3949
2349 3950
3513 3951
2283 3952
2637 3953
3090 3954
1508 3955
1611 3956
2586 3957
3614 3958
980 3959
254 3960
1579 3961
3275 3962
1231 3963
2191 3964
1236 3965
1450 3966
1486 3967
2610 3968
1098 3969
1807 3970
3295 3971
813 3972
3391 3973
2499 3974
1059 3975
1538 3976
290 3977
3604 3978
2895 3979
2975 3980
342 3981
442 3982
2434 3983
69 3984
3511 3985
275 3986
1910 3987
1123 3988
3777 3989
771 3990
3515 3991
3908 3992
3554 3993
3749 3994
1884 3995
3252 3996
3200 3997
483 3998
532 3999
1629 4000
2089 4001
3277 4002
3103 4003
1875 4004
1903 4005
1998 4006
2351 4007
1575 4008
603 4009
2300 4010
253 4011
2606 4012
2060 4013
2691 4014
2138 4015
387 4016
957 4017
1496 4018
2180 4019
3149 4020
72 4021
2173 4022
3328 4023
1374 4024
3663 4025
243 4026
225 4027
374 4028
680 4029
1563 4030
1557 4031
2761 4032
3012 4033
3786 4034
1425 4035
1562 4036
3793 4037
1739 4038
504 4039
2915 4040
3342 4041
1376 4042
1450 4043
3312 4044
2674 4045
2540 4046
34 4047
3223 4048
38 4049
105 4050
1210 4051
3554 4052
2431 4053
278 4054
1918 4055
1328 4056
1084 4057
1279 4058
2973 4059
300 4060
2699 4061
1507 4062
2656 4063
1922 4064
1073 4065
1413 4066
1002 4067
802 4068
1416 4069
3069 4070
449 4071
1713 4072
87 4073
309 4074
3425 4075
1923 4076
152 4077
2490 4078
2462 4079
3861 4080
2153 4081
1302 4082
3310 4083
2539 4084
92 4085
1661 4086
123 4087
4056 4088
1804 4089
1460 4090
633 4091
1151 4092
3012 4093
2868 4094
1633 4095
2994 4096
388 4097
744 4098
1419 4099
3455 4100
1443 4101
1444 4102
1505 4103
2090 4104
321 4105
2574 4106
3292 4107
1436 4108
3317 4109
2322 4110
4039 4111
3196 4112
3674 4113
2044 4114
1950 4115
2732 4116
803 4117
3269 4118
716 4119
2560 4120
3315 4121
2763 4122
3811 4123
1481 4124
3833 4125
2139 4126
820 4127
1693 4128
287 4129
1610 4130
3723 4131
592 4132
1914 4133
2127 4134
2811 4135
2672 4136
2987 4137
460 4138
580 4139
78 4140
3729 4141
2988 4142
3994 4143
2344 4144
748 4145
1229 4146
1663 4147
3540 4148
2092 4149
1104 4150
793 4151
4078 4152
3466 4153
1844 4154
2074 4155
1250 4156
2741 4157
1934 4158
723 4159
3506 4160
1611 4161
474 4162
3620 4163
1925 4164
3032 4165
568 4166
23 4167
3970 4168
300 4169
2519 4170
3211 4171
3956 4172
3644 4173
3161 4174
3270 4175
3745 4176
4117 4177
3417 4178
3247 4179
2949 4180
397 4181
2220 4182
2824 4183
3606 4184
946 4185
1849 4186
1590 4187
2826 4188
3719 4189
509 4190
113 4191
687 4192
1764 4193
2325 4194
3483 4195
3713 4196
1028 4197
1945 4198
1643 4199
2845 4200
786 4201
707 4202
2699 4203
2257 4204
232 4205
431 4206
632 4207
2298 4208
3567 4209
668 4210
4058 4211
2972 4212
406 4213
2224 4214
3059 4215
2854 4216
2016 4217
1368 4218
3405 4219
2142 4220
2134 4221
907 4222
1354 4223
292 4224
1066 4225
3569 4226
1352 4227
3337 4228
3225 4229
324 4230
899 4231
345 4232
3309 4233
4160 4234
232 4235
2222 4236
2012 4237
964 4238
2287 4239
3697 4240
239 4241
673 4242
1582 4243
1692 4244
1381 4245
586 4246
561 4247
1720 4248
1112 4249
2360 4250
115 4251
3665 4252
397 4253
1625 4254
1021 4255
2783 4256
2528 4257
2883 4258
2666 4259
168 4260
1583 4261
3274 4262
1771 4263
42 4264
728 4265
2689 4266
2072 4267
1203 4268
720 4269
845 4270
553 4271
1376 4272
2137 4273
3414 4274
1780 4275
2952 4276
3380 4277
759 4278
586 4279
1553 4280
3363 4281
334 4282
2637 4283
1814 4284
2029 4285
2791 4286
2172 4287
3747 4288
3161 4289
788 4290
3134 4291
1515 4292
2820 4293
1718 4294
3015 4295
1200 4296
1353 4297
2472 4298
1339 4299
786 4300
3516 4301
164 4302
3325 4303
3606 4304
1843 4305
2971 4306
774 4307
3045 4308
847 4309
1617 4310
2471 4311
3687 4312
171 4313
145 4314
954 4315
603 4316
3153 4317
1857 4318
2213 4319
401 4320
772 4321
1276 4322
3469 4323
2327 4324
3520 4325
2715 4326
718 4327
180 4328
2569 4329
4001 4330
1165 4331
747 4332
1147 4333
2697 4334
3195 4335
1633 4336
2869 4337
2156 4338
1205 4339
638 4340
1188 4341
1331 4342
2902 4343
4001 4344
3068 4345
859 4346
4316 4347
948 4348
3055 4349
3837 4350
2260 4351
1355 4352
3001 4353
1410 4354
3653 4355
2510 4356
1443 4357
1255 4358
751 4359
1012 4360
3716 4361
725 4362
2055 4363
2133 4364
3773 4365
4021 4366
2336 4367
2918 4368
654 4369
2871 4370
2334 4371
1137 4372
582 4373
2461 4374
101 4375
2357 4376
1099 4377
423 4378
4191 4379
3464 4380
2126 4381
2017 4382
2913 4383
4370 4384
771 4385
2957 4386
1252 4387
4109 4388
2686 4389
658 4390
3555 4391
178 4392
3918 4393
2964 4394
2459 4395
1432 4396
4134 4397
1610 4398
4334 4399
373 4400
3025 4401
3850 4402
3199 4403
1672 4404
870 4405
768 4406
2781 4407
1800 4408
2342 4409
1856 4410
3355 4411
1949 4412
1957 4413
2813 4414
1949 4415
2629 4416
1319 4417
792 4418
117 4419
1016 4420
1559 4421
1398 4422
230 4423
2415 4424
3090 4425
1134 4426
2099 4427
368 4428
2308 4429
2181 4430
3802 4431
997 4432
1356 4433
2811 4434
1208 4435
3594 4436
78 4437
3241 4438
1045 4439
1375 4440
4101 4441
1331 4442
1737 4443
3974 4444
3471 4445
4334 4446
3911 4447
4240 4448
1155 4449
2868 4450
952 4451
3596 4452
771 4453
3771 4454
4043 4455
3630 4456
3198 4457
4082 4458
1302 4459
3260 4460
3881 4461
1607 4462
281 4463
1131 4464
1602 4465
2426 4466
4102 4467
4004 4468
1230 4469
1508 4470
1079 4471
3669 4472
550 4473
1246 4474
2636 4475
187 4476
3752 4477
3567 4478
3111 4479
234 4480
1270 4481
3777 4482
2572 4483
178 4484
1963 4485
3306 4486
1769 4487
2708 4488
4170 4489
1075 4490
2850 4491
2736 4492
2251 4493
1551 4494
2507 4495
898 4496
2257 4497
4086 4498
562 4499
3287 4500
407 4501
3894 4502
3703 4503
2113 4504
500 4505
1787 4506
4332 4507
144 4508
1699 4509
3596 4510
3530 4511
3271 4512
2319 4513
60 4514
4020 4515
843 4516
3832 4517
2834 4518
655 4519
2338 4520
72 4521
224 4522
3555 4523
3624 4524
4211 4525
4063 4526
1157 4527
328 4528
1322 4529
3188 4530
655 4531
1522 4532
1898 4533
666 4534
3558 4535
2759 4536
4395 4537
3926 4538
1558 4539
1343 4540
3516 4541
586 4542
717 4543
2716 4544
4118 4545
1589 4546
2004 4547
291 4548
127 4549
2124 4550
4078 4551
4526 4552
3736 4553
1661 4554
3682 4555
3997 4556
4045 4557
850 4558
492 4559
622 4560
3195 4561
4418 4562
4121 4563
2710 4564
3101 4565
129 4566
3657 4567
114 4568
2625 4569
3570 4570
2255 4571
1640 4572
3373 4573
1638 4574
2359 4575
943 4576
2460 4577
3969 4578
3843 4579
2117 4580
1337 4581
604 4582
1829 4583
1289 4584
3376 4585
1455 4586
783 4587
3646 4588
3026 4589
531 4590
2073 4591
2709 4592
2726 4593
412 4594
3361 4595
2875 4596
2604 4597
2172 4598
3549 4599
3362 4600
1351 4601
4327 4602
4035 4603
1686 4604
3319 4605
3576 4606
477 4607
2746 4608
93 4609
1206 4610
2985 4611
3857 4612
2319 4613
3015 4614
273 4615
2908 4616
2528 4617
238 4618
655 4619
2069 4620
2472 4621
4042 4622
2075 4623
3601 4624
3499 4625
4525 4626
1504 4627
478 4628
1492 4629
2277 4630
2588 4631
2580 4632
721 4633
1682 4634
729 4635
505 4636
1831 4637
2419 4638
1309 4639
1209 4640
1569 4641
3226 4642
2514 4643
3424 4644
4585 4645
2125 4646
2317 4647
3569 4648
4215 4649
1543 4650
2429 4651
1681 4652
1850 4653
1384 4654
1858 4655
4054 4656
4320 4657
1672 4658
900 4659
4147 4660
495 4661
3025 4662
1442 4663
3304 4664
2806 4665
1806 4666
3373 4667
1705 4668
2535 4669
3694 4670
4485 4671
1293 4672
3351 4673
3226 4674
2203 4675
1900 4676
996 4677
4219 4678
3262 4679
538 4680
1875 4681
2217 4682
4576 4683
524 4684
942 4685
3729 4686
2420 4687
3976 4688
2724 4689
4254 4690
1269 4691
3909 4692
355 4693
1212 4694
3403 4695
3508 4696
1950 4697
3658 4698
4017 4699
1587 4700
4444 4701
3990 4702
4581 4703
2640 4704
1091 4705
3472 4706
3587 4707
1149 4708
3696 4709
2549 4710
2375 4711
4040 4712
4257 4713
4148 4714
2662 4715
4225 4716
279 4717
1390 4718
866 4719
4691 4720
2444 4721
3418 4722
2282 4723
2833 4724
4339 4725
2465 4726
3624 4727
943 4728
868 4729
738 4730
4349 4731
491 4732
1553 4733
3182 4734
3775 4735
3970 4736
2914 4737
3152 4738
1489 4739
1573 4740
1252 4741
4137 4742
3442 4743
153 4744
3897 4745
1843 4746
1536 4747
1842 4748
75 4749
114 4750
3109 4751
1145 4752
3481 4753
935 4754
1754 4755
2751 4756
4111 4757
2190 4758
3232 4759
742 4760
2969 4761
118 4762
3181 4763
2274 4764
681 4765
1036 4766
2060 4767
1628 4768
4499 4769
1840 4770
3807 4771
1209 4772
4030 4773
4224 4774
2117 4775
2943 4776
576 4777
1375 4778
3075 4779
1559 4780
2119 4781
1047 4782
2384 4783
2037 4784
1411 4785
2911 4786
3316 4787
78 4788
4488 4789
2475 4790
1094 4791
2775 4792
2610 4793
2544 4794
4749 4795
561 4796
1061 4797
436 4798
4540 4799
2082 4800
1275 4801
2025 4802
2269 4803
4684 4804
1115 4805
3124 4806
2262 4807
3217 4808
1455 4809
1748 4810
1704 4811
4732 4812
372 4813
4504 4814
1721 4815
1274 4816
3125 4817
2695 4818
4318 4819
4769 4820
3035 4821
4475 4822
475 4823
3494 4824
624 4825
288 4826
1034 4827
3877 4828
1538 4829
2559 4830
3984 4831
907 4832
1505 4833
1027 4834
1796 4835
553 4836
116 4837
1203 4838
3285 4839
1840 4840
594 4841
4216 4842
3380 4843
3334 4844
219 4845
599 4846
4728 4847
4205 4848
3285 4849
3153 4850
4594 4851
4572 4852
521 4853
1093 4854
3910 4855
2978 4856
100 4857
3514 4858
3517 4859
1027 4860
1330 4861
1076 4862
801 4863
1258 4864
3254 4865
392 4866
2019 4867
1164 4868
4424 4869
3031 4870
2037 4871
1688 4872
1448 4873
4598 4874
4436 4875
4869 4876
4278 4877
592 4878
2608 4879
2498 4880
3378 4881
3129 4882
4168 4883
1925 4884
3787 4885
1996 4886
1866 4887
1234 4888
4358 4889
3013 4890
692 4891
4544 4892
126 4893
53 4894
2101 4895
244 4896
163 4897
2340 4898
2574 4899
1840 4900
4765 4901
323 4902
2936 4903
69 4904
2732 4905
1423 4906
3800 4907
1532 4908
4525 4909
2522 4910
748 4911
2446 4912
1194 4913
2049 4914
1902 4915
734 4916
4542 4917
4463 4918
2076 4919
3932 4920
1269 4921
2135 4922
1290 4923
632 4924
2183 4925
29 4926
4354 4927
1812 4928
1229 4929
720 4930
2407 4931
2071 4932
2530 4933
576 4934
361 4935
732 4936
2557 4937
1259 4938
1893 4939
121 4940
1318 4941
1948 4942
4261 4943
3172 4944
126 4945
3497 4946
2264 4947
4302 4948
2744 4949
4520 4950
1181 4951
3440 4952
517 4953
1714 4954
3634 4955
1026 4956
2974 4957
3695 4958
3910 4959
3021 4960
3753 4961
4193 4962
4134 4963
681 4964
763 4965
3727 4966
2114 4967
23 4968
2568 4969
2319 4970
1715 4971
2472 4972
3671 4973
2823 4974
4013 4975
28 4976
493 4977
343 4978
1025 4979
1685 4980
2783 4981
3750 4982
4876 4983
3354 4984
1664 4985
3220 4986
518 4987
3179 4988
2912 4989
346 4990
2155 4991
2464 4992
3892 4993
1903 4994
1262 4995
1827 4996
591 4997
2324 4998
2725 4999
4980 5000
505 5001
2195 5002
4183 5003
3154 5004
1509 5005
3677 5006
3717 5007
1538 5008
2507 5009
1304 5010
3752 5011
757 5012
4423 5013
3097 5014
4119 5015
2910 5016
4534 5017
2196 5018
2922 5019
4308 5020
3010 5021
3558 5022
3896 5023
4579 5024
3742 5025
1890 5026
4800 5027
2948 5028
2159 5029
3498 5030
4608 5031
2673 5032
4754 5033
2523 5034
3692 5035
1669 5036
3173 5037
269 5038
241 5039
2704 5040
4353 5041
1964 5042
3206 5043
2342 5044
3532 5045
1963 5046
1470 5047
300 5048
1501 5049
2680 5050
4684 5051
1130 5052
3894 5053
319 5054
1478 5055
4318 5056
348 5057
491 5058
3224 5059
356 5060
4593 5061
1288 5062
2267 5063
3705 5064
1512 5065
4782 5066
14 5067
1817 5068
3326 5069
3459 5070
2171 5071
337 5072
846 5073
3589 5074
649 5075
3743 5076
3717 5077
3016 5078
4776 5079
4627 5080
1620 5081
816 5082
2826 5083
4517 5084
3682 5085
920 5086
123 5087
4581 5088
1430 5089
1993 5090
1008 5091
571 5092
21 5093
3926 5094
2990 5095
3497 5096
2113 5097
4309 5098
3640 5099
2720 5100
2097 5101
1392 5102
2304 5103
89 5104
1117 5105
4286 5106
5076 5107
1485 5108
4060 5109
2489 5110
2293 5111
4780 5112
4882 5113
3723 5114
4377 5115
2654 5116
4933 5117
172 5118
2907 5119
851 5120
2386 5121
4169 5122
1091 5123
2175 5124
1393 5125
2763 5126
4533 5127
775 5128
153 5129
575 5130
4801 5131
4863 5132
702 5133
450 5134
2512 5135
1740 5136
1743 5137
1118 5138
861 5139
2264 5140
2992 5141
2693 5142
531 5143
3529 5144
2573 5145
4331 5146
2665 5147
297 5148
90 5149
728 5150
646 5151
3259 5152
93 5153
604 5154
4069 5155
3593 5156
319 5157
1283 5158
4284 5159
4122 5160
5073 5161
2329 5162
3468 5163
3034 5164
619 5165
4875 5166
5010 5167
4692 5168
3911 5169
4441 5170
3555 5171
5048 5172
2880 5173
2994 5174
5046 5175
1897 5176
3058 5177
1500 5178
4294 5179
3965 5180
4490 5181
1489 5182
1050 5183
2279 5184
2489 5185
203 5186
868 5187
3113 5188
4398 5189
4724 5190
1860 5191
514 5192
58 5193
4508 5194
1454 5195
4614 5196
1988 5197
4171 5198
2816 5199
2819 5200
1393 5201
4133 5202
4324 5203
1526 5204
3423 5205
1201 5206
276 5207
1670 5208
1326 5209
3857 5210
896 5211
947 5212
3672 5213
1789 5214
1361 5215
3968 5216
4876 5217
1398 5218
3639 5219
1300 5220
1352 5221
2174 5222
1421 5223
3800 5224
2204 5225
2988 5226
3067 5227
3831 5228
1474 5229
925 5230
3584 5231
1754 5232
464 5233
1787 5234
1059 5235
4723 5236
4417 5237
3781 5238
4184 5239
3672 5240
4577 5241
722 5242
3907 5243
1411 5244
3896 5245
1563 5246
1598 5247
4469 5248
3892 5249
4537 5250
4494 5251
1014 5252
3105 5253
3966 5254
3803 5255
3982 5256
4895 5257
1130 5258
1094 5259
3285 5260
1186 5261
4260 5262
1938 5263
2075 5264
786 5265
860 5266
251 5267
248 5268
3504 5269
4723 5270
2642 5271
1486 5272
4986 5273
1813 5274
3497 5275
646 5276
3473 5277
2051 5278
1577 5279
1941 5280
503 5281
4374 5282
4988 5283
4779 5284
3450 5285
3076 5286
227 5287
3855 5288
5030 5289
1054 5290
3210 5291
1108 5292
4377 5293
1103 5294
4009 5295
5175 5296
1370 5297
4505 5298
1148 5299
1045 5300
3315 5301
4226 5302
5063 5303
874 5304
3649 5305
1933 5306
4750 5307
1056 5308
1252 5309
1604 5310
1279 5311
2864 5312
4494 5313
2902 5314
2688 5315
2158 5316
4504 5317
5231 5318
1045 5319
5227 5320
4805 5321
4737 5322
4630 5323
5263 5324
3120 5325
5116 5326
4581 5327
1176 5328
602 5329
4183 5330
4717 5331
2286 5332
891 5333
1601 5334
1909 5335
2700 5336
4239 5337
3527 5338
5205 5339
5250 5340
1845 5341
1293 5342
1819 5343
3540 5344
4633 5345
3398 5346
2720 5347
129 5348
4159 5349
2887 5350
2932 5351
1378 5352
2503 5353
1000 5354
2407 5355
511 5356
4079 5357
2300 5358
3622 5359
556 5360
157 5361
1258 5362
4978 5363
5147 5364
3274 5365
439 5366
4673 5367
4027 5368
2694 5369
5009 5370
4823 5371
384 5372
1021 5373
869 5374
533 5375
4728 5376
1853 5377
3818 5378
4348 5379
2016 5380
4178 5381
3458 5382
3685 5383
372 5384
4113 5385
4428 5386
881 5387
317 5388
5117 5389
327 5390
215 5391
108 5392
3979 5393
3126 5394
616 5395
4734 5396
4250 5397
1090 5398
3816 5399
2924 5400
203 5401
4334 5402
210 5403
12 5404
4331 5405
2081 5406
3356 5407
1880 5408
118 5409
3549 5410
771 5411
541 5412
222 5413
3239 5414
3643 5415
1761 5416
100 5417
1439 5418
182 5419
1744 5420
1268 5421
1221 5422
4683 5423
1973 5424
5175 5425
1017 5426
2087 5427
5413 5428
643 5429
5073 5430
4320 5431
5192 5432
3669 5433
3034 5434
4113 5435
248 5436
5223 5437
3161 5438
1295 5439
1240 5440
665 5441
1841 5442
5137 5443
5097 5444
816 5445
855 5446
3933 5447
504 5448
4625 5449
4151 5450
3694 5451
3108 5452
319 5453
1078 5454
2984 5455
267 5456
577 5457
493 5458
652 5459
2995 5460
867 5461
1914 5462
4691 5463
4741 5464
1134 5465
4834 5466
2533 5467
1668 5468
5176 5469
2729 5470
1342 5471
5198 5472
4893 5473
981 5474
261 5475
2321 5476
2798 5477
4850 5478
3979 5479
2335 5480
3549 5481
5189 5482
5196 5483
1504 5484
2396 5485
3474 5486
1132 5487
14 5488
883 5489
1469 5490
4865 5491
5106 5492
1902 5493
228 5494
5207 5495
4300 5496
5155 5497
3197 5498
2188 5499
4971 5500
2906 5501
601 5502
3958 5503
1102 5504
3317 5505
2924 5506
5180 5507
1603 5508
4687 5509
4195 5510
2780 5511
3766 5512
5298 5513
2513 5514
3652 5515
3000 5516
3564 5517
5094 5518
358 5519
591 5520
451 5521
4775 5522
1925 5523
3982 5524
3629 5525
2912 5526
2760 5527
3479 5528
4461 5529
2026 5530
415 5531
1933 5532
1841 5533
3592 5534
920 5535
3727 5536
3062 5537
2504 5538
2324 5539
4358 5540
975 5541
1029 5542
4998 5543
5367 5544
3650 5545
1593 5546
3805 5547
4664 5548
2453 5549
3234 5550
3689 5551
756 5552
4131 5553
650 5554
2702 5555
3491 5556
3710 5557
3688 5558
204 5559
1005 5560
1918 5561
4209 5562
961 5563
2372 5564
2023 5565
5547 5566
1567 5567
3804 5568
2507 5569
1901 5570
3441 5571
3852 5572
1754 5573
813 5574
5003 5575
2178 5576
2765 5577
2664 5578
5324 5579
3468 5580
314 5581
1531 5582
3279 5583
2831 5584
5374 5585
5237 5586
5065 5587
593 5588
877 5589
3263 5590
2402 5591
1740 5592
4822 5593
1802 5594
1589 5595
586 5596
582 5597
5173 5598
986 5599
4741 5600
3293 5601
4197 5602
372 5603
914 5604
1111 5605
953 5606
1000 5607
1844 5608
4656 5609
2300 5610
4732 5611
4584 5612
5256 5613
377 5614
2467 5615
4249 5616
4248 5617
3041 5618
3651 5619
3653 5620
3694 5621
1068 5622
1889 5623
1542 5624
3934 5625
4305 5626
4969 5627
3773 5628
4170 5629
1055 5630
2881 5631
2830 5632
2841 5633
1949 5634
4171 5635
2772 5636
1059 5637
2486 5638
3201 5639
4116 5640
4559 5641
2399 5642
5456 5643
1006 5644
1031 5645
1874 5646
940 5647
3641 5648
3453 5649
3153 5650
5194 5651
3594 5652
2693 5653
154 5654
1444 5655
201 5656
1011 5657
3862 5658
2654 5659
944 5660
864 5661
1685 5662
1846 5663
1950 5664
5529 5665
3149 5666
5652 5667
4216 5668
5101 5669
4188 5670
4094 5671
5671 5672
1904 5673
3831 5674
2629 5675
3754 5676
1214 5677
4714 5678
3938 5679
2819 5680
5132 5681
5088 5682
2134 5683
5317 5684
1253 5685
5669 5686
3295 5687
799 5688
5066 5689
504 5690
5107 5691
1848 5692
5237 5693
4488 5694
5026 5695
384 5696
2374 5697
3546 5698
4841 5699
217 5700
1116 5701
1067 5702
2743 5703
5392 5704
55 5705
2126 5706
3794 5707
3441 5708
4407 5709
2071 5710
248 5711
1551 5712
4114 5713
2127 5714
1687 5715
1133 5716
2383 5717
2766 5718
1542 5719
2497 5720
1852 5721
1751 5722
1541 5723
1282 5724
5641 5725
4901 5726
4276 5727
3512 5728
2451 5729
1289 5730
1363 5731
4977 5732
1613 5733
5040 5734
1131 5735
4233 5736
4029 5737
3390 5738
2118 5739
1700 5740
2504 5741
78 5742
1840 5743
3771 5744
780 5745
1073 5746
715 5747
1338 5748
905 5749
1579 5750
1916 5751
1017 5752
320 5753
2822 5754
81 5755
4190 5756
4402 5757
1487 5758
1806 5759
1500 5760
1789 5761
2603 5762
3518 5763
3448 5764
1159 5765
721 5766
4040 5767
1495 5768
1806 5769
1016 5770
4458 5771
779 5772
3781 5773
4457 5774
187 5775
647 5776
2631 5777
5731 5778
2631 5779
326 5780
154 5781
3341 5782
2621 5783
352 5784
5067 5785
2499 5786
3457 5787
1855 5788
2650 5789
4998 5790
2568 5791
2311 5792
3621 5793
1284 5794
3424 5795
2523 5796
2236 5797
2326 5798
695 5799
2313 5800
3039 5801
778 5802
4401 5803
3195 5804
4734 5805
1041 5806
3548 5807
2288 5808
2075 5809
2312 5810
711 5811
1979 5812
4845 5813
2398 5814
4021 5815
2979 5816
4988 5817
1167 5818
3311 5819
280 5820
5684 5821
741 5822
2016 5823
3035 5824
3209 5825
1259 5826
1957 5827
3250 5828
4914 5829
2852 5830
393 5831
1027 5832
271 5833
3612 5834
4627 5835
549 5836
273 5837
1381 5838
5339 5839
5366 5840
3018 5841
4573 5842
1856 5843
2328 5844
3114 5845
4456 5846
181 5847
2805 5848
1724 5849
416 5850
2694 5851
689 5852
1766 5853
1629 5854
3735 5855
1638 5856
4293 5857
197 5858
4431 5859
3671 5860
5333 5861
535 5862
3368 5863
1404 5864
409 5865
863 5866
2712 5867
523 5868
5848 5869
4886 5870
2123 5871
1945 5872
1864 5873
5505 5874
588 5875
3495 5876
1205 5877
4299 5878
1207 5879
5651 5880
2529 5881
2289 5882
5501 5883
2740 5884
3163 5885
2968 5886
5609 5887
974 5888
1982 5889
3729 5890
3447 5891
5447 5892
3732 5893
4506 5894
481 5895
1353 5896
4430 5897
1804 5898
2350 5899
4853 5900
2344 5901
4806 5902
4461 5903
152 5904
180 5905
4665 5906
4603 5907
5210 5908
5454 5909
1194 5910
1730 5911
1381 5912
1259 5913
2630 5914
5440 5915
106 5916
5331 5917
3902 5918
1457 5919
5348 5920
1080 5921
3536 5922
3201 5923
1264 5924
1334 5925
4498 5926
5888 5927
733 5928
1779 5929
4884 5930
1418 5931
3245 5932
5766 5933
4113 5934
4214 5935
2801 5936
1907 5937
1949 5938
1153 5939
4151 5940
783 5941
2159 5942
5898 5943
2171 5944
2419 5945
835 5946
4926 5947
853 5948
1449 5949
2175 5950
2045 5951
1606 5952
4764 5953
3640 5954
891 5955
5735 5956
4140 5957
2884 5958
391 5959
4541 5960
5780 5961
3922 5962
2475 5963
1641 5964
497 5965
10 5966
3130 5967
310 5968
2559 5969
3079 5970
3567 5971
1606 5972
3325 5973
2168 5974
2752 5975
4712 5976
1125 5977
4376 5978
5528 5979
3231 5980
4241 5981
5888 5982
2002 5983
3681 5984
2880 5985
853 5986
2618 5987
781 5988
3734 5989
5013 5990
3221 5991
96 5992
4274 5993
2820 5994
5322 5995
258 5996
3936 5997
3360 5998
3117 5999
2002 6000
1362 6001
4006 6002
4956 6003
5918 6004
5007 6005
2169 6006
3406 6007
3578 6008
4038 6009
157 6010
2927 6011
137 6012
4729 6013
1366 6014
1617 6015
1590 6016
1674 6017
2870 6018
2073 6019
1472 6020
1705 6021
4201 6022
1070 6023
380 6024
3029 6025
513 6026
2148 6027
1413 6028
2342 6029
2239 6030
224 6031
3434 6032
5155 6033
3835 6034
3953 6035
5961 6036
1393 6037
3517 6038
1685 6039
4511 6040
4369 6041
2758 6042
3044 6043
2616 6044
2841 6045
4192 6046
2871 6047
4173 6048
2991 6049
4889 6050
5394 6051
710 6052
4680 6053
2824 6054
5363 6055
751 6056
5945 6057
3936 6058
5499 6059
3429 6060
1062 6061
4563 6062
5072 6063
5929 6064
1177 6065
2053 6066
1136 6067
128 6068
4156 6069
3700 6070
4384 6071
4568 6072
5185 6073
4363 6074
4355 6075
4508 6076
4086 6077
5207 6078
1231 6079
2364 6080
2075 6081
4270 6082
4828 6083
5644 6084
2961 6085
5620 6086
5168 6087
4002 6088
5947 6089
5531 6090
3359 6091
4842 6092
4795 6093
787 6094
1636 6095
435 6096
4763 6097
3353 6098
4156 6099
3974 6100
2917 6101
354 6102
1458 6103
2735 6104
2687 6105
1660 6106
2826 6107
54 6108
5642 6109
5282 6110
599 6111
4390 6112
3033 6113
4167 6114
1139 6115
2337 6116
4765 6117
817 6118
4460 6119
1314 6120
4145 6121
2958 6122
1958 6123
5675 6124
2413 6125
4698 6126
2200 6127
4610 6128
1568 6129
5962 6130
4131 6131
230 6132
5521 6133
608 6134
4245 6135
642 6136
1752 6137
161 6138
6079 6139
2616 6140
4971 6141
1781 6142
1341 6143
237 6144
2433 6145
2640 6146
1386 6147
2422 6148
1615 6149
2521 6150
1 6151
2706 6152
3878 6153
4712 6154
3039 6155
1964 6156
1769 6157
3017 6158
3430 6159
4395 6160
1691 6161
794 6162
5803 6163
3830 6164
3674 6165
4569 6166
2054 6167
2647 6168
1514 6169
2579 6170
2695 6171
2082 6172
394 6173
2571 6174
3383 6175
4548 6176
4859 6177
5678 6178
4829 6179
1343 6180
5205 6181
4568 6182
1695 6183
2118 6184
613 6185
92 6186
895 6187
2935 6188
4145 6189
3766 6190
2418 6191
5358 6192
2013 6193
4006 6194
4313 6195
3013 6196
3779 6197
4688 6198
1967 6199
1272 6200
3764 6201
1564 6202
2638 6203
3818 6204
2068 6205
3406 6206
950 6207
2501 6208
2443 6209
1185 6210
5888 6211
3687 6212
4138 6213
5761 6214
2801 6215
2261 6216
1418 6217
2134 6218
3857 6219
2036 6220
5671 6221
5393 6222
4846 6223
3827 6224
1299 6225
6139 6226
6222 6227
3520 6228
174 6229
737 6230
4718 6231
3946 6232
863 6233
1755 6234
4210 6235
1712 6236
4301 6237
5908 6238
2573 6239
1877 6240
6145 6241
2233 6242
6124 6243
585 6244
3042 6245
2408 6246
6240 6247
2614 6248
3283 6249
5474 6250
3453 6251
3023 6252
622 6253
5721 6254
5606 6255
5066 6256
1923 6257
619 6258
5938 6259
5136 6260
4965 6261
2903 6262
2220 6263
4572 6264
5022 6265
1449 6266
1260 6267
1591 6268
435 6269
5078 6270
6039 6271
3241 6272
2804 6273
1645 6274
5181 6275
5344 6276
2483 6277
1563 6278
2535 6279
28 6280
351 6281
733 6282
5924 6283
2723 6284
4970 6285
3432 6286
5609 6287
2105 6288
5349 6289
4063 6290
720 6291
3010 6292
634 6293
2586 6294
4137 6295
4714 6296
1498 6297
1325 6298
2486 6299
5768 6300
426 6301
3103 6302
4157 6303
1901 6304
3331 6305
254 6306
883 6307
4576 6308
4807 6309
6000 6310
4693 6311
982 6312
852 6313
932 6314
3849 6315
5134 6316
5044 6317
4805 6318
1211 6319
4635 6320
5705 6321
2938 6322
1651 6323
4601 6324
4523 6325
2575 6326
4294 6327
140 6328
878 6329
1255 6330
175 6331
3715 6332
3240 6333
1119 6334
4920 6335
23 6336
576 6337
6096 6338
2587 6339
855 6340
5125 6341
4323 6342
1913 6343
4515 6344
3832 6345
5712 6346
3330 6347
6170 6348
3878 6349
4201 6350
5748 6351
5007 6352
1600 6353
5332 6354
5649 6355
2709 6356
5584 6357
2492 6358
1917 6359
5513 6360
6041 6361
4040 6362
3677 6363
6161 6364
722 6365
4107 6366
899 6367
2568 6368
3196 6369
1131 6370
917 6371
1785 6372
4960 6373
1153 6374
4383 6375
972 6376
394 6377
3827 6378
4053 6379
1993 6380
3427 6381
1616 6382
2736 6383
4176 6384
1321 6385
4353 6386
1706 6387
5773 6388
936 6389
6295 6390
4670 6391
3214 6392
2777 6393
779 6394
1670 6395
1483 6396
2545 6397
1486 6398
4375 6399
1861 6400
570 6401
306 6402
3264 6403
1729 6404
5789 6405
2898 6406
2030 6407
6023 6408
4629 6409
355 6410
3622 6411
1409 6412
3535 6413
5566 6414
1417 6415
4554 6416
4468 6417
5688 6418
234 6419
3986 6420
5780 6421
104 6422
6091 6423
3725 6424
2239 6425
3286 6426
1550 6427
574 6428
1883 6429
4386 6430
3604 6431
693 6432
3628 6433
3799 6434
4265 6435
3720 6436
4679 6437
4607 6438
2065 6439
3059 6440
2509 6441
4843 6442
4773 6443
3818 6444
2974 6445
1807 6446
3918 6447
6123 6448
3784 6449
2748 6450
5610 6451
3485 6452
6301 6453
4359 6454
2936 6455
2865 6456
3471 6457
1407 6458
2706 6459
2503 6460
593 6461
5232 6462
2610 6463
3822 6464
414 6465
519 6466
3078 6467
2402 6468
1838 6469
5946 6470
3467 6471
409 6472
4235 6473
699 6474
1283 6475
3270 6476
4709 6477
699 6478
3471 6479
848 6480
2374 6481
2793 6482
4396 6483
687 6484
454 6485
2309 6486
6302 6487
1155 6488
4934 6489
1848 6490
5267 6491
2401 6492
1294 6493
3728 6494
5350 6495
6102 6496
1339 6497
1119 6498
666 6499
6035 6500
1516 6501
4201 6502
4972 6503
989 6504
2195 6505
5495 6506
968 6507
4705 6508
6358 6509
2022 6510
1703 6511
5729 6512
5513 6513
5093 6514
1504 6515
6011 6516
5974 6517
4607 6518
464 6519
5015 6520
4592 6521
2061 6522
1460 6523
3087 6524
3708 6525
4131 6526
2742 6527
5123 6528
3382 6529
2336 6530
5754 6531
2733 6532
4661 6533
3784 6534
5099 6535
4922 6536
3700 6537
6208 6538
4064 6539
305 6540
4430 6541
3965 6542
3370 6543
1863 6544
609 6545
898 6546
2953 6547
436 6548
1676 6549
56 6550
4127 6551
721 6552
2020 6553
3599 6554
3031 6555
3669 6556
361 6557
3385 6558
5358 6559
4793 6560
1643 6561
199 6562
5709 6563
3465 6564
5388 6565
2793 6566
4220 6567
330 6568
612 6569
1104 6570
3147 6571
24 6572
3990 6573
1950 6574
2561 6575
6342 6576
3804 6577
2630 6578
4806 6579
5826 6580
3326 6581
5607 6582
4475 6583
285 6584
5772 6585
2068 6586
1238 6587
4903 6588
2647 6589
371 6590
1393 6591
334 6592
5356 6593
6422 6594
5887 6595
3445 6596
211 6597
1993 6598
915 6599
4081 6600
5138 6601
4564 6602
1897 6603
3748 6604
1053 6605
14 6606
4327 6607
5676 6608
5555 6609
5702 6610
4221 6611
5409 6612
5983 6613
3905 6614
3690 6615
4325 6616
207 6617
2493 6618
4852 6619
2338 6620
3091 6621
4945 6622
5340 6623
1331 6624
2667 6625
5124 6626
2815 6627
4761 6628
2997 6629
4215 6630
3221 6631
1306 6632
6415 6633
3262 6634
5652 6635
884 6636
662 6637
40 6638
6602 6639
5397 6640
3042 6641
3636 6642
601 6643
2121 6644
2392 6645
5569 6646
2870 6647
136 6648
2332 6649
6136 6650
4024 6651
3584 6652
4572 6653
3760 6654
2331 6655
3692 6656
4633 6657
6238 6658
4291 6659
530 6660
489 6661
3152 6662
6626 6663
6433 6664
498 6665
5923 6666
2808 6667
2098 6668
5176 6669
2223 6670
5233 6671
5958 6672
1919 6673
2069 6674
1001 6675
615 6676
2363 6677
1633 6678
6121 6679
2340 6680
3618 6681
4310 6682
2276 6683
270 6684
4777 6685
6139 6686
947 6687
4327 6688
3053 6689
1994 6690
6377 6691
2049 6692
5577 6693
5135 6694
4116 6695
6588 6696
1361 6697
4319 6698
2127 6699
1337 6700
4034 6701
5775 6702
3041 6703
1801 6704
3456 6705
6649 6706
6583 6707
6378 6708
1934 6709
3650 6710
2035 6711
4053 6712
6534 6713
1000 6714
6439 6715
1516 6716
1424 6717
4641 6718
1028 6719
4202 6720
3162 6721
5514 6722
2643 6723
3500 6724
2634 6725
5141 6726
737 6727
6695 6728
5106 6729
657 6730
2704 6731
557 6732
4565 6733
1499 6734
4509 6735
5830 6736
6281 6737
6574 6738
6654 6739
1842 6740
6660 6741
5651 6742
2847 6743
3446 6744
6467 6745
5604 6746
2792 6747
6497 6748
3565 6749
6533 6750
340 6751
232 6752
1906 6753
4824 6754
3023 6755
4437 6756
3083 6757
1650 6758
4613 6759
6244 6760
5812 6761
3722 6762
4432 6763
814 6764
2349 6765
3724 6766
3054 6767
6454 6768
4388 6769
3779 6770
1468 6771
6410 6772
1364 6773
937 6774
6760 6775
4663 6776
6653 6777
3200 6778
4930 6779
5293 6780
5155 6781
480 6782
5703 6783
1406 6784
3083 6785
34 6786
5423 6787
1511 6788
3256 6789
2799 6790
761 6791
2368 6792
6045 6793
5278 6794
3924 6795
6664 6796
1785 6797
3105 6798
5217 6799
1241 6800
1028 6801
1759 6802
5336 6803
4000 6804
1138 6805
4067 6806
3431 6807
4996 6808
5920 6809
5556 6810
5524 6811
1224 6812
1008 6813
4433 6814
947 6815
808 6816
5170 6817
3158 6818
2794 6819
4742 6820
6238 6821
4414 6822
5798 6823
6746 6824
317 6825
2145 6826
6328 6827
1395 6828
1757 6829
4220 6830
6300 6831
309 6832
1845 6833
1914 6834
5283 6835
1834 6836
1666 6837
5101 6838
5702 6839
2335 6840
1867 6841
5354 6842
1769 6843
1372 6844
1211 6845
2934 6846
5514 6847
637 6848
3736 6849
2203 6850
3360 6851
4787 6852
1433 6853
1388 6854
3352 6855
2353 6856
37 6857
2818 6858
1343 6859
5987 6860
4442 6861
2801 6862
2933 6863
2628 6864
5110 6865
4994 6866
2218 6867
1825 6868
1917 6869
3335 6870
1907 6871
887 6872
4050 6873
4408 6874
1260 6875
2890 6876
925 6877
2788 6878
1661 6879
4703 6880
2057 6881
4094 6882
3108 6883
1117 6884
5174 6885
360 6886
3236 6887
397 6888
521 6889
3868 6890
6223 6891
4316 6892
6150 6893
5571 6894
6476 6895
4221 6896
5806 6897
3411 6898
5821 6899
5091 6900
4632 6901
6494 6902
4527 6903
2148 6904
2524 6905
4598 6906
6227 6907
409 6908
1721 6909
825 6910
3398 6911
3261 6912
6330 6913
1045 6914
4165 6915
3024 6916
6883 6917
2030 6918
3631 6919
3752 6920
3278 6921
2413 6922
3309 6923
2765 6924
1762 6925
6646 6926
892 6927
2159 6928
848 6929
420 6930
3541 6931
2524 6932
1808 6933
4995 6934
4395 6935
3109 6936
501 6937
2128 6938
6855 6939
5216 6940
5367 6941
4997 6942
1580 6943
6665 6944
5545 6945
4372 6946
1183 6947
4392 6948
2873 6949
4455 6950
5085 6951
4694 6952
2333 6953
5525 6954
1858 6955
6116 6956
827 6957
2776 6958
5168 6959
1775 6960
5743 6961
5249 6962
4972 6963
6337 6964
326 6965
257 6966
671 6967
1906 6968
5295 6969
3085 6970
1698 6971
3085 6972
4869 6973
5059 6974
5008 6975
3380 6976
1544 6977
839 6978
1117 6979
2136 6980
6160 6981
5819 6982
1564 6983
3956 6984
5540 6985
5919 6986
6720 6987
6602 6988
6553 6989
902 6990
2684 6991
3029 6992
5158 6993
4100 6994
4319 6995
4484 6996
5271 6997
3885 6998
6412 6999
3317 7000
3483 7001
4819 7002
4331 7003
5495 7004
2049 7005
1892 7006
120 7007
164 7008
879 7009
5917 7010
6595 7011
3492 7012
275 7013
1212 7014
9 7015
6754 7016
2278 7017
5286 7018
2585 7019
3870 7020
6545 7021
2907 7022
6818 7023
2784 7024
542 7025
4915 7026
1248 7027
2146 7028
3276 7029
2999 7030
6813 7031
565 7032
5624 7033
64 7034
2899 7035
6141 7036
271 7037
4501 7038
1041 7039
565 7040
4940 7041
4335 7042
6245 7043
594 7044
5706 7045
5511 7046
2465 7047
351 7048
349 7049
3732 7050
4703 7051
5813 7052
1987 7053
1449 7054
5278 7055
876 7056
6528 7057
2050 7058
6987 7059
3547 7060
2300 7061
4516 7062
3448 7063
774 7064
6864 7065
2483 7066
5071 7067
6926 7068
5243 7069
5259 7070
3767 7071
1910 7072
1915 7073
2551 7074
2264 7075
6598 7076
6413 7077
4595 7078
1974 7079
2027 7080
5456 7081
7030 7082
5703 7083
4063 7084
1557 7085
5790 7086
5808 7087
4176 7088
2570 7089
6535 7090
3141 7091
4103 7092
558 7093
1976 7094
1461 7095
3409 7096
4256 7097
1446 7098
3636 7099
121 7100
5631 7101
4539 7102
1381 7103
1034 7104
7068 7105
5575 7106
2875 7107
1288 7108
4347 7109
3449 7110
1234 7111
5245 7112
462 7113
616 7114
5174 7115
2090 7116
1282 7117
4200 7118
4795 7119
1535 7120
1586 7121
868 7122
1556 7123
22 7124
5135 7125
1662 7126
1213 7127
628 7128
6873 7129
6539 7130
2004 7131
3567 7132
6208 7133
578 7134
4755 7135
2566 7136
6347 7137
6894 7138
2815 7139
4054 7140
6766 7141
6610 7142
5527 7143
3944 7144
3517 7145
6613 7146
459 7147
5789 7148
6237 7149
5745 7150
2429 7151
4551 7152
1657 7153
6314 7154
325 7155
3335 7156
4027 7157
78 7158
5160 7159
3843 7160
177 7161
1648 7162
1923 7163
6375 7164
2624 7165
2338 7166
1057 7167
2505 7168
3291 7169
6658 7170
5797 7171
4272 7172
2411 7173
6156 7174
5136 7175
4543 7176
1738 7177
5503 7178
5109 7179
3740 7180
6411 7181
2537 7182
2619 7183
2979 7184
4146 7185
1104 7186
2232 7187
4159 7188
5152 7189
6969 7190
4324 7191
2442 7192
243 7193
3831 7194
4886 7195
979 7196
1558 7197
7190 7198
1865 7199
320 7200
6111 7201
5931 7202
714 7203
1005 7204
670 7205
2087 7206
5127 7207
1628 7208
5452 7209
4017 7210
2425 7211
5635 7212
1300 7213
2760 7214
2166 7215
3471 7216
6089 7217
3024 7218
5632 7219
270 7220
5053 7221
3459 7222
1971 7223
3430 7224
6854 7225
3290 7226
2427 7227
4258 7228
2603 7229
4178 7230
7065 7231
227 7232
182 7233
7061 7234
5385 7235
3738 7236
71 7237
3484 7238
5995 7239
7106 7240
1611 7241
2062 7242
680 7243
6419 7244
6923 7245
2288 7246
1201 7247
3043 7248
2646 7249
7068 7250
5471 7251
1057 7252
6151 7253
6807 7254
246 7255
1536 7256
5369 7257
3213 7258
4775 7259
6780 7260
3907 7261
632 7262
4982 7263
7087 7264
2020 7265
4562 7266
5455 7267
6953 7268
3621 7269
30 7270
6128 7271
3715 7272
4175 7273
3280 7274
2138 7275
4498 7276
3863 7277
2707 7278
189 7279
644 7280
5729 7281
4327 7282
5657 7283
3529 7284
2759 7285
4624 7286
5152 7287
4057 7288
1019 7289
1597 7290
5370 7291
1201 7292
1724 7293
4598 7294
1574 7295
6187 7296
3835 7297
3613 7298
5172 7299
1354 7300
7169 7301
6770 7302
1428 7303
1062 7304
2303 7305
5646 7306
467 7307
3512 7308
2916 7309
178 7310
2824 7311
2193 7312
6769 7313
2011 7314
606 7315
1201 7316
428 7317
6671 7318
5914 7319
402 7320
907 7321
1832 7322
3126 7323
5915 7324
1521 7325
6704 7326
4023 7327
5888 7328
3865 7329
2706 7330
4035 7331
671 7332
3528 7333
6348 7334
7156 7335
3004 7336
123 7337
2414 7338
3012 7339
1393 7340
4470 7341
3569 7342
4395 7343
5039 7344
6963 7345
4787 7346
6666 7347
4005 7348
5711 7349
2332 7350
4753 7351
4933 7352
882 7353
2707 7354
5519 7355
5594 7356
554 7357
1467 7358
85 7359
2875 7360
6691 7361
1424 7362
2569 7363
2469 7364
1178 7365
1431 7366
2445 7367
5295 7368
144 7369
3511 7370
4964 7371
1448 7372
6299 7373
7155 7374
5302 7375
3913 7376
2385 7377
5579 7378
5552 7379
3863 7380
1394 7381
476 7382
108 7383
6434 7384
894 7385
5918 7386
2700 7387
294 7388
5965 7389
1673 7390
5661 7391
4517 7392
2368 7393
3167 7394
3329 7395
7344 7396
3655 7397
6852 7398
2997 7399
2877 7400
1157 7401
1089 7402
3823 7403
3647 7404
3366 7405
6765 7406
1025 7407
687 7408
4470 7409
6077 7410
5688 7411
3222 7412
2859 7413
5773 7414
5874 7415
481 7416
4084 7417
3315 7418
3712 7419
6492 7420
3253 7421
4727 7422
1266 7423
519 7424
4932 7425
1655 7426
4954 7427
1362 7428
1919 7429
1655 7430
3881 7431
6290 7432
6212 7433
2223 7434
170 7435
2852 7436
812 7437
6129 7438
257 7439
3429 7440
6663 7441
112 7442
2955 7443
488 7444
6758 7445
7112 7446
1788 7447
693 7448
1061 7449
3082 7450
6284 7451
6976 7452
1303 7453
2003 7454
6147 7455
2017 7456
3640 7457
102 7458
6110 7459
6672 7460
1605 7461
7138 7462
1355 7463
5552 7464
4282 7465
2891 7466
2657 7467
3344 7468
6546 7469
3166 7470
838 7471
6407 7472
2509 7473
68 7474
363 7475
3554 7476
3163 7477
632 7478
7277 7479
5235 7480
6145 7481
1589 7482
5301 7483
4696 7484
3637 7485
1096 7486
5823 7487
6035 7488
4962 7489
151 7490
6912 7491
3198 7492
6657 7493
3669 7494
6005 7495
5294 7496
7000 7497
1477 7498
1544 7499
1914 7500
5401 7501
6804 7502
4310 7503
2694 7504
3382 7505
2365 7506
1192 7507
2861 7508
921 7509
4536 7510
3191 7511
1256 7512
3786 7513
1726 7514
5245 7515
6522 7516
3785 7517
1596 7518
1643 7519
545 7520
6765 7521
6062 7522
2355 7523
3881 7524
2589 7525
767 7526
6474 7527
4536 7528
1868 7529
6342 7530
4108 7531
990 7532
2530 7533
5096 7534
2707 7535
6012 7536
3055 7537
3737 7538
7535 7539
928 7540
1670 7541
2106 7542
5136 7543
883 7544
6499 7545
4148 7546
4373 7547
4987 7548
632 7549
2802 7550
5781 7551
5064 7552
4048 7553
1263 7554
3700 7555
1078 7556
5253 7557
5596 7558
5969 7559
1515 7560
6090 7561
6407 7562
2075 7563
5393 7564
6644 7565
6019 7566
5995 7567
1627 7568
6886 7569
5044 7570
6480 7571
2491 7572
4018 7573
1578 7574
5711 7575
3185 7576
3143 7577
7322 7578
6871 7579
7228 7580
2993 7581
2439 7582
1744 7583
5587 7584
2662 7585
1205 7586
2618 7587
5639 7588
5636 7589
5541 7590
96 7591
123 7592
1702 7593
4806 7594
7047 7595
1239 7596
4305 7597
6736 7598
3704 7599
6621 7600
3836 7601
6342 7602
3973 7603
3028 7604
5214 7605
3098 7606
6358 7607
921 7608
5472 7609
2667 7610
7242 7611
1048 7612
3963 7613
1727 7614
859 7615
2254 7616
7568 7617
253 7618
3391 7619
5458 7620
6571 7621
3518 7622
4148 7623
6671 7624
5031 7625
3630 7626
4525 7627
874 7628
5326 7629
5133 7630
3557 7631
7454 7632
3541 7633
1052 7634
7073 7635
3852 7636
6415 7637
4746 7638
3389 7639
7462 7640
6497 7641
6506 7642
976 7643
4594 7644
1818 7645
4565 7646
507 7647
754 7648
6528 7649
680 7650
3986 7651
1576 7652
279 7653
5032 7654
7477 7655
4797 7656
1407 7657
6400 7658
4792 7659
303 7660
6391 7661
3867 7662
3584 7663
2490 7664
4005 7665
2299 7666
6121 7667
4877 7668
751 7669
1725 7670
2964 7671
2051 7672
3957 7673
3798 7674
1421 7675
4092 7676
1184 7677
2174 7678
2779 7679
1138 7680
1349 7681
7285 7682
4408 7683
5041 7684
2958 7685
6247 7686
2680 7687
5621 7688
7073 7689
805 7690
936 7691
3070 7692
162 7693
6514 7694
6206 7695
269 7696
4459 7697
5835 7698
6033 7699
7625 7700
2599 7701
6889 7702
1870 7703
6623 7704
5788 7705
2126 7706
2123 7707
4795 7708
4285 7709
1037 7710
3669 7711
3789 7712
7172 7713
5960 7714
5407 7715
6999 7716
112 7717
6196 7718
1231 7719
1893 7720
2932 7721
483 7722
7397 7723
2343 7724
3789 7725
2895 7726
3835 7727
7284 7728
1377 7729
5049 7730
1603 7731
3069 7732
1914 7733
4860 7734
404 7735
7559 7736
2690 7737
4772 7738
1632 7739
1671 7740
5734 7741
5062 7742
5059 7743
3288 7744
2433 7745
796 7746
2877 7747
4486 7748
6930 7749
37 7750
950 7751
2446 7752
5735 7753
6413 7754
5952 7755
1433 7756
7687 7757
2172 7758
636 7759
6163 7760
1244 7761
4860 7762
1978 7763
4402 7764
4409 7765
4885 7766
6475 7767
3270 7768
1970 7769
2691 7770
3955 7771
911 7772
6908 7773
2301 7774
4267 7775
6154 7776
2560 7777
2740 7778
3190 7779
5361 7780
6178 7781
7183 7782
7272 7783
1673 7784
4217 7785
3408 7786
2047 7787
839 7788
5919 7789
2871 7790
6478 7791
514 7792
2989 7793
6365 7794
3461 7795
2488 7796
7585 7797
4063 7798
3189 7799
4576 7800
937 7801
851 7802
7237 7803
2052 7804
6127 7805
1087 7806
464 7807
7787 7808
3760 7809
6854 7810
6030 7811
4128 7812
7568 7813
13 7814
7114 7815
2350 7816
6898 7817
332 7818
6741 7819
1815 7820
3738 7821
5037 7822
5487 7823
6158 7824
1524 7825
5409 7826
1811 7827
6179 7828
3192 7829
3187 7830
7590 7831
4046 7832
6119 7833
5897 7834
3784 7835
4759 7836
1692 7837
1613 7838
1694 7839
4018 7840
444 7841
6112 7842
969 7843
3261 7844
7043 7845
3361 7846
532 7847
3050 7848
7488 7849
6813 7850
4702 7851
5504 7852
2159 7853
4272 7854
470 7855
7519 7856
741 7857
134 7858
3488 7859
2620 7860
4527 7861
822 7862
2502 7863
3504 7864
534 7865
4867 7866
469 7867
4627 7868
3034 7869
5534 7870
3592 7871
3861 7872
4438 7873
2671 7874
5594 7875
4893 7876
5313 7877
6567 7878
5747 7879
3561 7880
1239 7881
2705 7882
6513 7883
7325 7884
3122 7885
1651 7886
2112 7887
1711 7888
1624 7889
333 7890
1000 7891
1570 7892
3094 7893
4933 7894
4684 7895
4036 7896
4604 7897
6898 7898
4660 7899
999 7900
694 7901
2346 7902
2391 7903
1864 7904
3777 7905
3545 7906
2795 7907
7172 7908
2371 7909
2966 7910
4912 7911
7330 7912
3720 7913
5909 7914
3157 7915
6832 7916
1141 7917
7487 7918
7056 7919
5691 7920
3271 7921
6240 7922
7584 7923
3245 7924
7429 7925
5081 7926
1191 7927
1113 7928
2082 7929
3668 7930
4735 7931
4203 7932
7804 7933
6931 7934
7046 7935
3946 7936
7 7937
916 7938
5820 7939
904 7940
1596 7941
5470 7942
7667 7943
4481 7944
7587 7945
4523 7946
5152 7947
3513 7948
4508 7949
7291 7950
6216 7951
1273 7952
3578 7953
1949 7954
4250 7955
5541 7956
4623 7957
918 7958
5045 7959
217 7960
7012 7961
2821 7962
6368 7963
1579 7964
6993 7965
1931 7966
7531 7967
4929 7968
3177 7969
1831 7970
6507 7971
5989 7972
7895 7973
1240 7974
6318 7975
7950 7976
1824 7977
5929 7978
773 7979
7433 7980
3962 7981
3835 7982
5814 7983
2122 7984
1754 7985
2674 7986
1395 7987
1045 7988
517 7989
3147 7990
6028 7991
7190 7992
6241 7993
596 7994
6243 7995
2349 7996
7683 7997
7285 7998
94 7999
2818 8000
5814 8001
4170 8002
1786 8003
1440 8004
752 8005
5972 8006
3253 8007
464 8008
7028 8009
5133 8010
1395 8011
1242 8012
5969 8013
2401 8014
4012 8015
3086 8016
4299 8017
2139 8018
6921 8019
917 8020
392 8021
2436 8022
5043 8023
2011 8024
6471 8025
1917 8026
5006 8027
1763 8028
1879 8029
3606 8030
4310 8031
1634 8032
299 8033
5400 8034
5981 8035
1629 8036
6200 8037
836 8038
5201 8039
1525 8040
510 8041
4044 8042
2160 8043
1587 8044
5246 8045
6788 8046
7509 8047
4513 8048
6407 8049
6214 8050
1596 8051
6975 8052
5569 8053
6736 8054
7437 8055
845 8056
1927 8057
2100 8058
1436 8059
255 8060
2599 8061
4432 8062
1386 8063
4687 8064
570 8065
5314 8066
1704 8067
6753 8068
911 8069
6092 8070
1244 8071
470 8072
5327 8073
5565 8074
2837 8075
5310 8076
186 8077
5864 8078
4373 8079
4232 8080
1208 8081
76 8082
6085 8083
4433 8084
8050 8085
1234 8086
4489 8087
3042 8088
4479 8089
3236 8090
2667 8091
7270 8092
2234 8093
5512 8094
140 8095
3172 8096
7479 8097
3135 8098
1567 8099
5317 8100
4786 8101
1834 8102
3786 8103
2385 8104
2221 8105
2998 8106
2628 8107
5717 8108
7612 8109
6523 8110
3925 8111
1684 8112
6353 8113
635 8114
2938 8115
841 8116
3028 8117
4799 8118
6295 8119
3150 8120
7026 8121
1107 8122
2868 8123
25 8124
313 8125
1445 8126
3043 8127
5619 8128
1600 8129
7733 8130
7164 8131
1171 8132
1244 8133
6133 8134
6475 8135
2546 8136
5566 8137
4142 8138
7009 8139
4206 8140
1113 8141
4208 8142
1409 8143
1580 8144
753 8145
5844 8146
2931 8147
1566 8148
7094 8149
7090 8150
7757 8151
5294 8152
1619 8153
1275 8154
4044 8155
7052 8156
2109 8157
7144 8158
1550 8159
4471 8160
5460 8161
2739 8162
4054 8163
1711 8164
4369 8165
6988 8166
2449 8167
3626 8168
2032 8169
5361 8170
4575 8171
2022 8172
6450 8173
5365 8174
7413 8175
1659 8176
7946 8177
2867 8178
5135 8179
2370 8180
1369 8181
6500 8182
3919 8183
72 8184
2962 8185
2349 8186
6905 8187
5755 8188
6559 8189
2800 8190
6706 8191
6996 8192
2072 8193
7336 8194
5815 8195
574 8196
4455 8197
4920 8198
7681 8199
966 8200
807 8201
3460 8202
7877 8203
2053 8204
2840 8205
7109 8206
2141 8207
6064 8208
8143 8209
1519 8210
5412 8211
2540 8212
2685 8213
574 8214
6843 8215
4810 8216
4742 8217
3936 8218
7336 8219
4811 8220
7664 8221
2983 8222
193 8223
5053 8224
7367 8225
2120 8226
7575 8227
3393 8228
1589 8229
8016 8230
3169 8231
5724 8232
4389 8233
3787 8234
7151 8235
5348 8236
2669 8237
4958 8238
4523 8239
5235 8240
39 8241
5315 8242
2786 8243
8074 8244
3143 8245
872 8246
3441 8247
6534 8248
1330 8249
2300 8250
5924 8251
6843 8252
5274 8253
5388 8254
6786 8255
1678 8256
3232 8257
243 8258
4530 8259
3309 8260
2097 8261
4432 8262
5033 8263
7549 8264
1141 8265
4994 8266
2256 8267
2199 8268
7155 8269
2330 8270
6474 8271
6134 8272
3754 8273
373 8274
4454 8275
6991 8276
2588 8277
7456 8278
938 8279
7069 8280
4030 8281
4904 8282
1492 8283
5917 8284
6875 8285
7327 8286
7156 8287
6879 8288
571 8289
6957 8290
2835 8291
953 8292
3179 8293
7022 8294
2821 8295
4937 8296
4907 8297
2430 8298
6263 8299
72 8300
5725 8301
5827 8302
2439 8303
2910 8304
1304 8305
7860 8306
7933 8307
5971 8308
7272 8309
6830 8310
4984 8311
5216 8312
3423 8313
6536 8314
2012 8315
1052 8316
6907 8317
4450 8318
4176 8319
800 8320
3474 8321
61 8322
2050 8323
7821 8324
5115 8325
5251 8326
7647 8327
1764 8328
2568 8329
2039 8330
335 8331
7257 8332
333 8333
579 8334
4970 8335
8314 8336
3323 8337
5325 8338
6616 8339
5935 8340
8028 8341
2013 8342
1730 8343
1416 8344
2354 8345
6952 8346
6296 8347
4096 8348
1445 8349
1900 8350
3563 8351
4857 8352
6796 8353
1913 8354
622 8355
566 8356
6832 8357
5767 8358
8150 8359
7834 8360
3233 8361
6136 8362
7998 8363
4438 8364
1036 8365
2325 8366
6050 8367
140 8368
5907 8369
2040 8370
4251 8371
6563 8372
1936 8373
3209 8374
6253 8375
1476 8376
6819 8377
8312 8378
3057 8379
5378 8380
1055 8381
5901 8382
1699 8383
3501 8384
1831 8385
616 8386
7394 8387
5247 8388
3296 8389
6034 8390
5429 8391
187 8392
3116 8393
2631 8394
5780 8395
7893 8396
4286 8397
4823 8398
3924 8399
6025 8400
6525 8401
5935 8402
2295 8403
7573 8404
2316 8405
7954 8406
3271 8407
874 8408
1895 8409
8217 8410
7631 8411
4914 8412
1030 8413
2611 8414
7465 8415
3551 8416
7061 8417
5652 8418
4581 8419
5557 8420
5048 8421
5797 8422
6991 8423
1940 8424
3217 8425
7915 8426
8035 8427
7942 8428
7417 8429
5251 8430
4488 8431
3706 8432
699 8433
5225 8434
6873 8435
7149 8436
2785 8437
7652 8438
5359 8439
1095 8440
1766 8441
995 8442
7188 8443
1849 8444
2427 8445
104 8446
3235 8447
7118 8448
513 8449
5601 8450
8413 8451
2009 8452
2920 8453
426 8454
6755 8455
2970 8456
5016 8457
4220 8458
4902 8459
3284 8460
7652 8461
4962 8462
3914 8463
5187 8464
3042 8465
8352 8466
2063 8467
796 8468
7269 8469
3039 8470
3712 8471
4296 8472
2957 8473
7519 8474
625 8475
1450 8476
1007 8477
6104 8478
4732 8479
8096 8480
7235 8481
6168 8482
6275 8483
3138 8484
2241 8485
155 8486
7709 8487
155 8488
6419 8489
3964 8490
1526 8491
7338 8492
2783 8493
679 8494
296 8495
6070 8496
8201 8497
2531 8498
1906 8499
620 8500
821 8501
1892 8502
2242 8503
5540 8504
4073 8505
2098 8506
6570 8507
7924 8508
6967 8509
2396 8510
198 8511
6257 8512
3871 8513
2559 8514
6923 8515
1581 8516
2961 8517
5168 8518
3977 8519
3963 8520
1038 8521
5614 8522
4276 8523
2165 8524
7384 8525
352 8526
673 8527
2047 8528
202 8529
5246 8530
366 8531
2527 8532
95 8533
5782 8534
2767 8535
6612 8536
4438 8537
7430 8538
5945 8539
7542 8540
5417 8541
5678 8542
2793 8543
7079 8544
5616 8545
157 8546
1388 8547
6628 8548
8320 8549
712 8550
8151 8551
5396 8552
3969 8553
2016 8554
6040 8555
2829 8556
6384 8557
5648 8558
808 8559
6413 8560
2796 8561
1141 8562
1651 8563
8407 8564
3045 8565
8088 8566
5248 8567
3976 8568
2107 8569
4034 8570
2837 8571
696 8572
8184 8573
2331 8574
6569 8575
239 8576
7976 8577
1837 8578
506 8579
6323 8580
8181 8581
5023 8582
2823 8583
6005 8584
5751 8585
5300 8586
2073 8587
5232 8588
2796 8589
4638 8590
5538 8591
5979 8592
4617 8593
7871 8594
2442 8595
3948 8596
3344 8597
4833 8598
1849 8599
3853 8600
4093 8601
4924 8602
7910 8603
3539 8604
7435 8605
4465 8606
310 8607
3932 8608
4796 8609
691 8610
431 8611
6398 8612
2459 8613
3105 8614
6854 8615
7289 8616
4015 8617
1853 8618
4408 8619
4025 8620
873 8621
474 8622
6075 8623
1446 8624
6287 8625
972 8626
2394 8627
937 8628
5871 8629
4923 8630
6523 8631
4250 8632
6853 8633
7134 8634
1684 8635
2493 8636
6163 8637
5371 8638
4769 8639
524 8640
107 8641
6678 8642
1378 8643
394 8644
8351 8645
1447 8646
2620 8647
3554 8648
4527 8649
2073 8650
2762 8651
5755 8652
5500 8653
2816 8654
2645 8655
8524 8656
1287 8657
1965 8658
324 8659
6574 8660
3291 8661
1529 8662
8540 8663
1336 8664
647 8665
6656 8666
4490 8667
252 8668
2830 8669
8537 8670
8528 8671
6508 8672
1052 8673
5256 8674
2172 8675
598 8676
8410 8677
7341 8678
5052 8679
6286 8680
6078 8681
7981 8682
7389 8683
3818 8684
3456 8685
7797 8686
8291 8687
8421 8688
631 8689
751 8690
6218 8691
7239 8692
6310 8693
2478 8694
220 8695
1595 8696
510 8697
669 8698
274 8699
6286 8700
1595 8701
6202 8702
4807 8703
3962 8704
1562 8705
2290 8706
4411 8707
2660 8708
969 8709
2629 8710
5210 8711
2579 8712
1145 8713
2338 8714
1465 8715
5256 8716
747 8717
5431 8718
5834 8719
4715 8720
6557 8721
4768 8722
4736 8723
7918 8724
4280 8725
1805 8726
4834 8727
5569 8728
972 8729
2843 8730
8688 8731
2807 8732
7391 8733
8195 8734
637 8735
2401 8736
6232 8737
831 8738
3036 8739
2679 8740
5618 8741
3427 8742
8404 8743
5719 8744
6186 8745
7333 8746
8336 8747
662 8748
5002 8749
5791 8750
3935 8751
8389 8752
7276 8753
5558 8754
7719 8755
3448 8756
2197 8757
1485 8758
2423 8759
3149 8760
1606 8761
2422 8762
3636 8763
7144 8764
7026 8765
8657 8766
6585 8767
5063 8768
1528 8769
737 8770
1936 8771
5589 8772
2144 8773
5814 8774
5151 8775
5451 8776
3013 8777
935 8778
2933 8779
5006 8780
1404 8781
4762 8782
1185 8783
3103 8784
2085 8785
2113 8786
335 8787
949 8788
2036 8789
7685 8790
4818 8791
8738 8792
2223 8793
4218 8794
2418 8795
7281 8796
6727 8797
3667 8798
5450 8799
3018 8800
8624 8801
3179 8802
2585 8803
5167 8804
3233 8805
3714 8806
3202 8807
7060 8808
6359 8809
6704 8810
6917 8811
6882 8812
8132 8813
1183 8814
1833 8815
4641 8816
1619 8817
2519 8818
27 8819
5284 8820
798 8821
8479 8822
3155 8823
5627 8824
694 8825
3733 8826
8032 8827
6885 8828
1491 8829
3317 8830
7566 8831
8293 8832
6126 8833
7482 8834
809 8835
389 8836
1057 8837
7684 8838
5909 8839
8426 8840
7356 8841
8335 8842
5845 8843
713 8844
5758 8845
1962 8846
5029 8847
3358 8848
3745 8849
3414 8850
1234 8851
7624 8852
7427 8853
7041 8854
3046 8855
6807 8856
5512 8857
5578 8858
7795 8859
3352 8860
8651 8861
1405 8862
4450 8863
7028 8864
2646 8865
6042 8866
7079 8867
760 8868
5340 8869
3996 8870
2423 8871
6469 8872
3235 8873
7893 8874
2572 8875
6653 8876
3368 8877
5603 8878
5813 8879
8843 8880
8836 8881
8638 8882
5458 8883
619 8884
5417 8885
3382 8886
3330 8887
4879 8888
7464 8889
4260 8890
6053 8891
1157 8892
2161 8893
1930 8894
2196 8895
3254 8896
5093 8897
2334 8898
4884 8899
6801 8900
3559 8901
8069 8902
7262 8903
2074 8904
8760 8905
5790 8906
1403 8907
3435 8908
940 8909
8847 8910
3274 8911
2191 8912
5392 8913
8320 8914
3972 8915
8566 8916
6394 8917
7823 8918
4110 8919
6892 8920
6216 8921
4400 8922
3061 8923
3988 8924
4357 8925
5308 8926
5115 8927
8710 8928
4003 8929
387 8930
8059 8931
2940 8932
6918 8933
1008 8934
73 8935
842 8936
6422 8937
5075 8938
6702 8939
7890 8940
4680 8941
3550 8942
5143 8943
868 8944
6123 8945
5949 8946
2526 8947
522 8948
4754 8949
4363 8950
626 8951
5140 8952
4590 8953
4753 8954
7218 8955
2209 8956
3955 8957
631 8958
2638 8959
2403 8960
4796 8961
198 8962
1968 8963
231 8964
1438 8965
4251 8966
2632 8967
5475 8968
6697 8969
4307 8970
5125 8971
6371 8972
1139 8973
2974 8974
8390 8975
1639 8976
1312 8977
4751 8978
2139 8979
6025 8980
6765 8981
7909 8982
1554 8983
772 8984
2688 8985
914 8986
4929 8987
6935 8988
1367 8989
4469 8990
7254 8991
2048 8992
6661 8993
8807 8994
5361 8995
6923 8996
44 8997
7519 8998
3754 8999
3993 9000
1985 9001
2900 9002
6447 9003
2370 9004
3026 9005
5428 9006
7449 9007
8210 9008
3889 9009
3218 9010
5925 9011
2881 9012
8839 9013
5270 9014
8674 9015
4648 9016
8158 9017
6947 9018
7221 9019
2215 9020
1144 9021
887 9022
640 9023
3820 9024
4861 9025
5526 9026
6424 9027
5275 9028
3199 9029
8489 9030
5159 9031
8193 9032
795 9033
7584 9034
7833 9035
4405 9036
8627 9037
257 9038
8669 9039
7561 9040
3547 9041
1101 9042
6431 9043
6774 9044
3987 9045
1425 9046
2483 9047
6664 9048
2605 9049
5992 9050
160 9051
4750 9052
1483 9053
6795 9054
679 9055
7428 9056
7300 9057
8002 9058
8146 9059
4078 9060
8188 9061
6589 9062
2366 9063
7531 9064
4687 9065
4384 9066
5025 9067
3147 9068
3984 9069
4287 9070
1789 9071
6364 9072
2507 9073
8482 9074
7897 9075
4181 9076
489 9077
4806 9078
2133 9079
5491 9080
1312 9081
8720 9082
3109 9083
7509 9084
4788 9085
5590 9086
4072 9087
6660 9088
1377 9089
202 9090
2552 9091
7525 9092
523 9093
8839 9094
2333 9095
6029 9096
2859 9097
223 9098
3942 9099
2660 9100
3078 9101
1141 9102
4252 9103
8716 9104
1840 9105
6429 9106
4951 9107
6728 9108
5605 9109
8274 9110
9035 9111
9036 9112
9027 9113
2827 9114
8201 9115
1154 9116
7670 9117
8573 9118
5655 9119
2444 9120
6120 9121
299 9122
3123 9123
1185 9124
4035 9125
6035 9126
5571 9127
1094 9128
7961 9129
3209 9130
8131 9131
8910 9132
121 9133
7028 9134
2266 9135
4718 9136
6804 9137
4013 9138
7365 9139
4612 9140
8381 9141
8330 9142
7868 9143
7584 9144
5100 9145
506 9146
771 9147
7740 9148
4945 9149
843 9150
1256 9151
2464 9152
2260 9153
386 9154
9120 9155
7417 9156
2190 9157
3488 9158
8020 9159
3959 9160
5877 9161
656 9162
4084 9163
5003 9164
5649 9165
7741 9166
7101 9167
5715 9168
2216 9169
4298 9170
2756 9171
8517 9172
176 9173
5558 9174
604 9175
1530 9176
6971 9177
8241 9178
2439 9179
3075 9180
3542 9181
8645 9182
3292 9183
1506 9184
9061 9185
4658 9186
8518 9187
6065 9188
1286 9189
8559 9190
3792 9191
6437 9192
8644 9193
756 9194
2217 9195
2141 9196
5548 9197
8383 9198
7812 9199
7822 9200
7170 9201
3322 9202
7467 9203
7950 9204
2863 9205
3286 9206
2790 9207
4919 9208
117 9209
5348 9210
7466 9211
7881 9212
2416 9213
1190 9214
4848 9215
3086 9216
7381 9217
4253 9218
387 9219
6346 9220
3629 9221
4508 9222
5623 9223
3473 9224
5449 9225
6805 9226
3808 9227
4564 9228
5950 9229
3331 9230
6274 9231
2583 9232
1790 9233
6139 9234
6669 9235
3960 9236
4663 9237
690 9238
2533 9239
2957 9240
7092 9241
8393 9242
7086 9243
6913 9244
6005 9245
8350 9246
686 9247
5590 9248
7199 9249
4016 9250
8265 9251
8821 9252
9105 9253
4566 9254
7956 9255
7094 9256
3852 9257
2681 9258
7434 9259
2943 9260
6198 9261
4816 9262
9012 9263
8358 9264
8970 9265
4883 9266
7848 9267
3270 9268
2106 9269
5497 9270
4926 9271
41 9272
6444 9273
1926 9274
7440 9275
2902 9276
1862 9277
4534 9278
8503 9279
1954 9280
4756 9281
3394 9282
3263 9283
1779 9284
3819 9285
9185 9286
9031 9287
9218 9288
563 9289
5000 9290
8395 9291
2137 9292
6080 9293
5961 9294
1977 9295
3022 9296
4619 9297
553 9298
8226 9299
4747 9300
1695 9301
8364 9302
7739 9303
6212 9304
317 9305
8229 9306
3151 9307
8373 9308
1968 9309
2374 9310
4964 9311
8457 9312
8125 9313
1856 9314
754 9315
5300 9316
2577 9317
5467 9318
1718 9319
2803 9320
7897 9321
8510 9322
630 9323
7673 9324
1919 9325
2844 9326
8629 9327
1076 9328
3627 9329
1037 9330
1573 9331
5881 9332
2837 9333
3757 9334
6198 9335
2263 9336
3021 9337
8688 9338
1929 9339
3936 9340
6057 9341
4927 9342
6076 9343
8272 9344
4380 9345
9200 9346
8962 9347
2655 9348
8576 9349
3180 9350
5096 9351
8343 9352
7955 9353
5619 9354
6887 9355
1218 9356
5808 9357
2960 9358
3211 9359
4467 9360
6169 9361
741 9362
3718 9363
8145 9364
6487 9365
2616 9366
5856 9367
5143 9368
241 9369
6613 9370
1482 9371
9241 9372
6539 9373
7877 9374
9141 9375
4587 9376
5678 9377
2000 9378
5591 9379
4948 9380
3236 9381
272 9382
8433 9383
8269 9384
7904 9385
6582 9386
3504 9387
2405 9388
7066 9389
5884 9390
4275 9391
7608 9392
1772 9393
7964 9394
1193 9395
3833 9396
1534 9397
5837 9398
874 9399
3173 9400
5558 9401
6018 9402
1896 9403
7375 9404
7775 9405
9108 9406
7081 9407
9078 9408
7710 9409
7628 9410
27 9411
1821 9412
8467 9413
7870 9414
6347 9415
5130 9416
1117 9417
9117 9418
5392 9419
2056 9420
3021 9421
6140 9422
5466 9423
6211 9424
7345 9425
8038 9426
4985 9427
6122 9428
5600 9429
1652 9430
3512 9431
583 9432
1889 9433
9198 9434
5952 9435
7269 9436
8637 9437
9342 9438
5625 9439
3497 9440
7944 9441
5218 9442
5227 9443
3725 9444
2105 9445
2943 9446
5755 9447
3931 9448
3578 9449
4936 9450
667 9451
3118 9452
8679 9453
3065 9454
3508 9455
9118 9456
1095 9457
5444 9458
5556 9459
8680 9460
2812 9461
5642 9462
8253 9463
7184 9464
2813 9465
4063 9466
7803 9467
1266 9468
3151 9469
3574 9470
3924 9471
2494 9472
4345 9473
4050 9474
8654 9475
4019 9476
8094 9477
2067 9478
1549 9479
2483 9480
7515 9481
5026 9482
8051 9483
4235 9484
1177 9485
2849 9486
4368 9487
1319 9488
8428 9489
4541 9490
8370 9491
6336 9492
4452 9493
3167 9494
7109 9495
9198 9496
2464 9497
5330 9498
2802 9499
8674 9500
2241 9501
3885 9502
4773 9503
4950 9504
8086 9505
7202 9506
4939 9507
3064 9508
2233 9509
3375 9510
8397 9511
8006 9512
1347 9513
9163 9514
6390 9515
2769 9516
5802 9517
5443 9518
1729 9519
8160 9520
3784 9521
6481 9522
6108 9523
3212 9524
3189 9525
7826 9526
5760 9527
7200 9528
2571 9529
5288 9530
4728 9531
9288 9532
4703 9533
4412 9534
8341 9535
6224 9536
386 9537
6140 9538
7714 9539
8003 9540
5967 9541
7246 9542
5950 9543
8456 9544
3534 9545
3651 9546
1715 9547
7932 9548
6421 9549
1126 9550
8282 9551
7173 9552
7275 9553
5191 9554
3896 9555
376 9556
3479 9557
6721 9558
7414 9559
1950 9560
7282 9561
7763 9562
9108 9563
5671 9564
7582 9565
8298 9566
2099 9567
4051 9568
2224 9569
8737 9570
8532 9571
9320 9572
1112 9573
7018 9574
2981 9575
4961 9576
492 9577
4133 9578
5194 9579
3088 9580
3942 9581
3484 9582
2277 9583
5200 9584
876 9585
2206 9586
860 9587
6243 9588
5248 9589
4965 9590
5404 9591
3253 9592
1750 9593
7488 9594
9248 9595
8206 9596
2292 9597
7939 9598
5476 9599
2743 9600
1900 9601
4301 9602
8286 9603
7863 9604
9560 9605
6414 9606
7325 9607
895 9608
5213 9609
9067 9610
1128 9611
3575 9612
807 9613
8984 9614
3306 9615
2654 9616
7488 9617
2257 9618
1434 9619
3235 9620
7753 9621
8140 9622
9411 9623
3739 9624
2581 9625
1471 9626
1170 9627
4709 9628
7067 9629
7564 9630
3873 9631
4142 9632
168 9633
1440 9634
8467 9635
149 9636
7134 9637
7427 9638
2991 9639
8625 9640
177 9641
289 9642
7969 9643
8691 9644
6392 9645
1785 9646
4574 9647
4508 9648
6154 9649
8754 9650
4314 9651
2035 9652
6266 9653
4500 9654
2642 9655
8795 9656
9022 9657
164 9658
4770 9659
9407 9660
7915 9661
4741 9662
3775 9663
4353 9664
1622 9665
7987 9666
4896 9667
3315 9668
4334 9669
3572 9670
7938 9671
1239 9672
2795 9673
1347 9674
8908 9675
697 9676
66 9677
9603 9678
4661 9679
8152 9680
2894 9681
2858 9682
7787 9683
7924 9684
7197 9685
7442 9686
7797 9687
1868 9688
2100 9689
156 9690
977 9691
965 9692
7049 9693
4990 9694
6239 9695
373 9696
4178 9697
2670 9698
7000 9699
2739 9700
6593 9701
1053 9702
3424 9703
1619 9704
6622 9705
6372 9706
6383 9707
491 9708
8445 9709
5885 9710
4425 9711
9422 9712
8105 9713
8659 9714
6238 9715
6009 9716
9247 9717
9114 9718
289 9719
2010 9720
8417 9721
878 9722
410 9723
5756 9724
9393 9725
552 9726
5233 9727
7144 9728
8548 9729
245 9730
574 9731
8793 9732
6236 9733
1517 9734
3294 9735
7994 9736
3250 9737
8577 9738
4889 9739
303 9740
4939 9741
5607 9742
3178 9743
2076 9744
4504 9745
9613 9746
1001 9747
6945 9748
7521 9749
3548 9750
582 9751
6972 9752
2441 9753
7293 9754
4413 9755
9137 9756
2395 9757
7157 9758
1063 9759
6413 9760
215 9761
9645 9762
3700 9763
6903 9764
9159 9765
9438 9766
9119 9767
536 9768
8128 9769
883 9770
5747 9771
3478 9772
357 9773
2478 9774
3460 9775
7034 9776
2819 9777
2847 9778
2002 9779
9178 9780
3185 9781
7229 9782
273 9783
6612 9784
9333 9785
805 9786
6428 9787
3379 9788
4566 9789
4048 9790
4082 9791
3234 9792
6457 9793
9742 9794
210 9795
4695 9796
3271 9797
8437 9798
7288 9799
7227 9800
5721 9801
7982 9802
8104 9803
4550 9804
1559 9805
9779 9806
8175 9807
9302 9808
8758 9809
6625 9810
1814 9811
9280 9812
1030 9813
6863 9814
9207 9815
9626 9816
5396 9817
4920 9818
7003 9819
6937 9820
7761 9821
2695 9822
3574 9823
7546 9824
3130 9825
4527 9826
411 9827
5409 9828
8593 9829
5440 9830
6586 9831
8078 9832
4027 9833
1768 9834
2352 9835
4651 9836
5473 9837
6329 9838
9088 9839
1276 9840
2540 9841
8866 9842
9074 9843
5003 9844
7878 9845
1814 9846
2941 9847
5381 9848
706 9849
2346 9850
1821 9851
9650 9852
5456 9853
2595 9854
752 9855
9229 9856
8430 9857
8807 9858
6435 9859
5341 9860
7169 9861
6270 9862
6236 9863
3359 9864
4920 9865
1848 9866
7640 9867
197 9868
1389 9869
9588 9870
3015 9871
6150 9872
4877 9873
4395 9874
1271 9875
9732 9876
9420 9877
5377 9878
1128 9879
3485 9880
8459 9881
4722 9882
9302 9883
3459 9884
7751 9885
7984 9886
1124 9887
5874 9888
420 9889
5489 9890
4965 9891
1404 9892
9484 9893
2750 9894
8840 9895
3516 9896
6945 9897
9844 9898
3292 9899
1979 9900
5502 9901
1826 9902
1984 9903
6159 9904
6606 9905
328 9906
166 9907
3805 9908
7855 9909
8288 9910
3710 9911
7440 9912
1106 9913
3423 9914
838 9915
5907 9916
8916 9917
1300 9918
937 9919
5340 9920
9439 9921
2718 9922
8065 9923
9507 9924
9297 9925
7704 9926
7650 9927
5392 9928
9816 9929
754 9930
6522 9931
9803 9932
5842 9933
9380 9934
1007 9935
7123 9936
3862 9937
7782 9938
9296 9939
9521 9940
2355 9941
7265 9942
3708 9943
9027 9944
3646 9945
3164 9946
9169 9947
8801 9948
1348 9949
4269 9950
6977 9951
9672 9952
7391 9953
5256 9954
1509 9955
7666 9956
169 9957
129 9958
4576 9959
2301 9960
7570 9961
128 9962
8065 9963
4084 9964
8747 9965
5615 9966
5033 9967
3320 9968
669 9969
7450 9970
2747 9971
1651 9972
8763 9973
4084 9974
3503 9975
1085 9976
1958 9977
9379 9978
4640 9979
9360 9980
3405 9981
5054 9982
2468 9983
7492 9984
7436 9985
3494 9986
3321 9987
4101 9988
2884 9989
1005 9990
5505 9991
8048 9992
3784 9993
2024 9994
231 9995
5893 9996
5793 9997
1240 9998
6697 9999
4005 10000
