1 2
2 3
3 4
2 5
3 6
4 7
5 8
4 9
5 10
10 11
4 12
3 13
2 14
11 15
4 16
14 17
13 18
10 19
6 20
18 21
3 22
17 23
4 24
5 25
17 26
17 27
2 28
3 29
7 30
30 31
13 32
4 33
12 34
11 35
11 36
25 37
8 38
19 39
36 40
25 41
13 42
40 43
43 44
6 45
36 46
35 47
31 48
15 49
11 50
37 51
44 52
51 53
3 54
50 55
50 56
4 57
46 58
43 59
59 60
55 61
30 62
12 63
2 64
54 65
3 66
4 67
51 68
30 69
25 70
43 71
24 72
10 73
27 74
61 75
6 76
30 77
31 78
64 79
17 80
27 81
13 82
25 83
37 84
70 85
49 86
41 87
30 88
31 89
83 90
28 91
88 92
63 93
42 94
24 95
32 96
56 97
37 98
97 99
97 100
64 101
56 102
39 103
73 104
81 105
17 106
1 107
37 108
73 109
91 110
23 111
9 112
89 113
95 114
69 115
71 116
47 117
116 118
13 119
115 120
90 121
97 122
42 123
105 124
18 125
68 126
57 127
57 128
50 129
50 130
53 131
22 132
31 133
15 134
129 135
106 136
133 137
51 138
137 139
43 140
77 141
59 142
105 143
97 144
52 145
61 146
19 147
92 148
2 149
32 150
2 151
148 152
61 153
27 154
35 155
19 156
84 157
118 158
94 159
29 160
70 161
29 162
150 163
41 164
106 165
67 166
123 167
64 168
139 169
141 170
154 171
13 172
145 173
63 174
121 175
87 176
49 177
158 178
43 179
172 180
153 181
44 182
160 183
143 184
176 185
134 186
56 187
176 188
147 189
152 190
118 191
96 192
24 193
184 194
37 195
90 196
19 197
65 198
58 199
112 200
19 201
74 202
155 203
16 204
35 205
56 206
112 207
37 208
89 209
186 210
125 211
145 212
205 213
136 214
148 215
123 216
198 217
145 218
172 219
207 220
112 221
1 222
109 223
88 224
67 225
11 226
40 227
110 228
187 229
63 230
21 231
35 232
49 233
65 234
115 235
60 236
140 237
147 238
208 239
91 240
70 241
236 242
223 243
73 244
135 245
138 246
237 247
98 248
129 249
188 250
135 251
42 252
41 253
186 254
2 255
112 256
17 257
72 258
107 259
95 260
147 261
131 262
31 263
29 264
165 265
227 266
178 267
22 268
75 269
16 270
147 271
149 272
225 273
123 274
149 275
9 276
13 277
261 278
24 279
190 280
126 281
151 282
248 283
68 284
252 285
153 286
284 287
115 288
101 289
74 290
254 291
59 292
48 293
64 294
46 295
121 296
235 297
239 298
138 299
157 300
80 301
61 302
274 303
135 304
274 305
45 306
53 307
37 308
208 309
181 310
36 311
82 312
210 313
44 314
271 315
100 316
300 317
133 318
21 319
61 320
229 321
198 322
154 323
185 324
230 325
187 326
201 327
294 328
57 329
249 330
202 331
111 332
127 333
196 334
324 335
333 336
161 337
38 338
111 339
167 340
267 341
218 342
274 343
135 344
212 345
98 346
206 347
73 348
140 349
168 350
281 351
243 352
82 353
132 354
214 355
120 356
91 357
247 358
165 359
196 360
282 361
133 362
26 363
162 364
89 365
31 366
118 367
217 368
154 369
367 370
295 371
40 372
370 373
329 374
335 375
215 376
188 377
377 378
148 379
133 380
276 381
68 382
107 383
137 384
108 385
243 386
180 387
374 388
289 389
243 390
380 391
221 392
237 393
66 394
322 395
67 396
391 397
340 398
349 399
303 400
228 401
388 402
122 403
237 404
161 405
181 406
12 407
36 408
364 409
326 410
70 411
367 412
93 413
97 414
39 415
30 416
394 417
47 418
169 419
105 420
192 421
60 422
61 423
308 424
298 425
315 426
401 427
114 428
296 429
133 430
112 431
281 432
257 433
295 434
77 435
11 436
310 437
66 438
229 439
290 440
350 441
299 442
423 443
33 444
291 445
94 446
411 447
172 448
114 449
69 450
286 451
439 452
112 453
335 454
42 455
240 456
11 457
257 458
307 459
106 460
225 461
333 462
80 463
386 464
219 465
84 466
256 467
35 468
85 469
219 470
360 471
13 472
179 473
213 474
445 475
206 476
136 477
355 478
369 479
400 480
293 481
359 482
333 483
219 484
266 485
64 486
259 487
122 488
117 489
148 490
423 491
76 492
18 493
359 494
155 495
38 496
77 497
184 498
346 499
225 500
433 501
272 502
192 503
19 504
103 505
470 506
362 507
284 508
505 509
158 510
148 511
129 512
402 513
437 514
311 515
377 516
77 517
219 518
248 519
344 520
87 521
252 522
383 523
354 524
6 525
39 526
494 527
175 528
225 529
482 530
41 531
452 532
512 533
30 534
322 535
209 536
362 537
157 538
161 539
159 540
139 541
331 542
100 543
500 544
17 545
380 546
12 547
444 548
71 549
249 550
258 551
152 552
423 553
349 554
510 555
109 556
83 557
86 558
119 559
165 560
241 561
410 562
126 563
27 564
354 565
132 566
58 567
35 568
262 569
346 570
90 571
52 572
180 573
493 574
331 575
337 576
360 577
255 578
513 579
28 580
121 581
580 582
546 583
552 584
241 585
205 586
528 587
141 588
124 589
352 590
520 591
244 592
493 593
323 594
200 595
225 596
102 597
440 598
25 599
209 600
316 601
404 602
573 603
344 604
141 605
499 606
186 607
338 608
119 609
386 610
48 611
444 612
134 613
583 614
273 615
3 616
278 617
517 618
512 619
35 620
119 621
517 622
16 623
51 624
9 625
6 626
158 627
234 628
131 629
371 630
534 631
63 632
4 633
216 634
249 635
74 636
130 637
392 638
524 639
536 640
500 641
306 642
425 643
596 644
149 645
256 646
409 647
350 648
344 649
299 650
637 651
367 652
541 653
509 654
48 655
354 656
544 657
558 658
457 659
297 660
131 661
83 662
34 663
132 664
449 665
196 666
460 667
521 668
313 669
103 670
370 671
181 672
583 673
304 674
347 675
396 676
192 677
469 678
456 679
435 680
492 681
620 682
462 683
562 684
468 685
510 686
357 687
455 688
184 689
188 690
489 691
165 692
320 693
589 694
437 695
34 696
413 697
216 698
529 699
658 700
639 701
633 702
90 703
173 704
64 705
355 706
653 707
550 708
116 709
562 710
363 711
514 712
608 713
333 714
568 715
374 716
293 717
375 718
85 719
433 720
719 721
349 722
383 723
647 724
329 725
131 726
591 727
623 728
295 729
484 730
129 731
709 732
340 733
548 734
422 735
601 736
281 737
703 738
410 739
116 740
485 741
43 742
400 743
289 744
185 745
431 746
323 747
673 748
560 749
586 750
717 751
641 752
533 753
400 754
350 755
358 756
589 757
276 758
532 759
192 760
675 761
601 762
201 763
702 764
583 765
583 766
225 767
545 768
754 769
204 770
336 771
446 772
423 773
485 774
111 775
336 776
333 777
359 778
307 779
276 780
389 781
354 782
162 783
521 784
345 785
608 786
19 787
534 788
580 789
529 790
291 791
770 792
702 793
287 794
29 795
663 796
759 797
778 798
629 799
7 800
257 801
476 802
245 803
75 804
429 805
631 806
81 807
465 808
37 809
595 810
59 811
14 812
195 813
23 814
449 815
688 816
357 817
42 818
39 819
129 820
488 821
763 822
163 823
344 824
695 825
637 826
260 827
634 828
501 829
199 830
718 831
100 832
24 833
609 834
656 835
571 836
127 837
664 838
200 839
70 840
481 841
108 842
148 843
27 844
754 845
827 846
768 847
715 848
488 849
606 850
746 851
519 852
839 853
182 854
175 855
355 856
379 857
787 858
813 859
155 860
273 861
628 862
852 863
17 864
6 865
654 866
732 867
366 868
322 869
656 870
273 871
267 872
385 873
747 874
67 875
805 876
290 877
770 878
486 879
518 880
776 881
390 882
30 883
232 884
150 885
165 886
466 887
50 888
170 889
176 890
376 891
402 892
774 893
115 894
639 895
784 896
194 897
879 898
807 899
868 900
35 901
640 902
647 903
383 904
715 905
244 906
377 907
852 908
622 909
157 910
496 911
170 912
831 913
467 914
419 915
886 916
429 917
465 918
186 919
616 920
607 921
716 922
704 923
686 924
354 925
874 926
759 927
611 928
342 929
849 930
187 931
561 932
437 933
558 934
788 935
672 936
347 937
816 938
411 939
377 940
295 941
465 942
194 943
481 944
519 945
603 946
585 947
273 948
567 949
772 950
605 951
656 952
734 953
19 954
754 955
313 956
764 957
630 958
378 959
857 960
782 961
165 962
410 963
265 964
876 965
364 966
239 967
200 968
419 969
600 970
685 971
194 972
701 973
78 974
792 975
30 976
431 977
123 978
394 979
347 980
56 981
566 982
199 983
322 984
61 985
439 986
810 987
341 988
845 989
369 990
184 991
805 992
322 993
150 994
447 995
135 996
555 997
61 998
335 999
68 1000
816 1001
907 1002
524 1003
740 1004
340 1005
86 1006
569 1007
947 1008
43 1009
568 1010
164 1011
660 1012
304 1013
479 1014
307 1015
971 1016
160 1017
352 1018
278 1019
588 1020
716 1021
361 1022
61 1023
358 1024
553 1025
180 1026
692 1027
351 1028
111 1029
929 1030
331 1031
449 1032
588 1033
308 1034
345 1035
132 1036
376 1037
733 1038
925 1039
468 1040
837 1041
446 1042
210 1043
570 1044
486 1045
9 1046
329 1047
554 1048
143 1049
548 1050
271 1051
649 1052
835 1053
563 1054
292 1055
394 1056
621 1057
187 1058
720 1059
6 1060
755 1061
977 1062
575 1063
940 1064
245 1065
156 1066
213 1067
110 1068
524 1069
434 1070
863 1071
186 1072
298 1073
849 1074
292 1075
835 1076
273 1077
612 1078
53 1079
510 1080
811 1081
378 1082
748 1083
1004 1084
369 1085
66 1086
101 1087
755 1088
577 1089
976 1090
524 1091
566 1092
464 1093
375 1094
537 1095
307 1096
535 1097
393 1098
789 1099
198 1100
301 1101
667 1102
910 1103
21 1104
405 1105
290 1106
476 1107
447 1108
706 1109
578 1110
708 1111
559 1112
528 1113
248 1114
389 1115
117 1116
918 1117
1040 1118
760 1119
657 1120
1001 1121
604 1122
1009 1123
446 1124
681 1125
263 1126
920 1127
889 1128
693 1129
327 1130
436 1131
698 1132
109 1133
125 1134
977 1135
613 1136
54 1137
155 1138
997 1139
187 1140
578 1141
1045 1142
551 1143
104 1144
804 1145
1006 1146
139 1147
49 1148
28 1149
512 1150
555 1151
879 1152
1036 1153
726 1154
25 1155
503 1156
894 1157
262 1158
586 1159
802 1160
334 1161
534 1162
254 1163
163 1164
233 1165
588 1166
627 1167
943 1168
985 1169
58 1170
838 1171
1036 1172
309 1173
538 1174
999 1175
482 1176
1066 1177
1021 1178
598 1179
301 1180
1078 1181
712 1182
818 1183
790 1184
461 1185
1029 1186
934 1187
736 1188
1108 1189
854 1190
852 1191
482 1192
1132 1193
823 1194
351 1195
47 1196
919 1197
1015 1198
155 1199
987 1200
474 1201
165 1202
513 1203
1119 1204
114 1205
909 1206
755 1207
1024 1208
277 1209
1204 1210
5 1211
797 1212
1165 1213
868 1214
860 1215
713 1216
641 1217
668 1218
232 1219
183 1220
405 1221
740 1222
640 1223
1102 1224
890 1225
922 1226
693 1227
818 1228
1003 1229
930 1230
922 1231
723 1232
922 1233
400 1234
948 1235
247 1236
401 1237
1151 1238
948 1239
1040 1240
610 1241
16 1242
639 1243
1220 1244
631 1245
51 1246
104 1247
117 1248
1072 1249
621 1250
758 1251
890 1252
148 1253
838 1254
668 1255
769 1256
1033 1257
252 1258
649 1259
165 1260
600 1261
772 1262
281 1263
275 1264
395 1265
812 1266
1245 1267
702 1268
988 1269
1154 1270
996 1271
978 1272
689 1273
620 1274
1195 1275
1197 1276
152 1277
1089 1278
401 1279
117 1280
462 1281
765 1282
772 1283
88 1284
687 1285
24 1286
578 1287
550 1288
878 1289
835 1290
887 1291
912 1292
541 1293
389 1294
1058 1295
254 1296
1274 1297
32 1298
768 1299
342 1300
454 1301
237 1302
1146 1303
221 1304
124 1305
1168 1306
1007 1307
997 1308
153 1309
616 1310
1130 1311
1159 1312
659 1313
746 1314
1020 1315
457 1316
331 1317
132 1318
42 1319
1017 1320
1011 1321
485 1322
1035 1323
206 1324
279 1325
350 1326
1237 1327
728 1328
725 1329
1264 1330
78 1331
1159 1332
1104 1333
1124 1334
169 1335
818 1336
406 1337
1215 1338
854 1339
385 1340
138 1341
102 1342
608 1343
182 1344
864 1345
346 1346
883 1347
914 1348
203 1349
636 1350
545 1351
865 1352
949 1353
1003 1354
1246 1355
1082 1356
30 1357
405 1358
1078 1359
627 1360
450 1361
1251 1362
773 1363
265 1364
1270 1365
1027 1366
708 1367
863 1368
64 1369
960 1370
1173 1371
226 1372
486 1373
874 1374
969 1375
194 1376
422 1377
521 1378
1193 1379
257 1380
1087 1381
1043 1382
1030 1383
391 1384
1282 1385
672 1386
1349 1387
1222 1388
103 1389
454 1390
723 1391
881 1392
906 1393
1028 1394
971 1395
495 1396
756 1397
1309 1398
246 1399
62 1400
962 1401
309 1402
582 1403
617 1404
220 1405
359 1406
1197 1407
733 1408
626 1409
958 1410
1229 1411
273 1412
618 1413
149 1414
774 1415
442 1416
123 1417
1392 1418
869 1419
1247 1420
210 1421
919 1422
814 1423
408 1424
823 1425
1090 1426
1083 1427
934 1428
960 1429
1203 1430
1118 1431
1285 1432
479 1433
665 1434
1336 1435
1176 1436
105 1437
1396 1438
138 1439
1293 1440
522 1441
101 1442
1182 1443
1407 1444
940 1445
933 1446
285 1447
332 1448
1275 1449
286 1450
588 1451
1382 1452
1134 1453
66 1454
45 1455
384 1456
1374 1457
853 1458
13 1459
1387 1460
360 1461
895 1462
337 1463
343 1464
992 1465
1378 1466
265 1467
680 1468
1135 1469
1391 1470
592 1471
920 1472
427 1473
1006 1474
1347 1475
347 1476
206 1477
717 1478
18 1479
383 1480
873 1481
231 1482
1149 1483
181 1484
1371 1485
786 1486
356 1487
971 1488
491 1489
132 1490
906 1491
1259 1492
718 1493
898 1494
1299 1495
494 1496
187 1497
675 1498
1148 1499
1214 1500
280 1501
598 1502
477 1503
1001 1504
987 1505
1276 1506
1315 1507
868 1508
987 1509
781 1510
1318 1511
169 1512
714 1513
796 1514
49 1515
847 1516
616 1517
434 1518
1102 1519
988 1520
1469 1521
1103 1522
222 1523
792 1524
1049 1525
975 1526
364 1527
56 1528
1271 1529
1309 1530
1063 1531
15 1532
650 1533
980 1534
1288 1535
736 1536
386 1537
1196 1538
545 1539
1521 1540
1178 1541
414 1542
599 1543
228 1544
1070 1545
796 1546
980 1547
1105 1548
1190 1549
482 1550
754 1551
1533 1552
435 1553
9 1554
1545 1555
999 1556
438 1557
1210 1558
655 1559
326 1560
391 1561
844 1562
224 1563
742 1564
1137 1565
1148 1566
411 1567
898 1568
130 1569
632 1570
613 1571
749 1572
850 1573
249 1574
790 1575
1430 1576
1464 1577
11 1578
158 1579
352 1580
1234 1581
569 1582
1241 1583
1214 1584
738 1585
200 1586
1040 1587
478 1588
1410 1589
977 1590
459 1591
899 1592
275 1593
985 1594
1052 1595
220 1596
673 1597
980 1598
1056 1599
244 1600
283 1601
352 1602
909 1603
1140 1604
860 1605
438 1606
1189 1607
1338 1608
1108 1609
1551 1610
215 1611
594 1612
1204 1613
57 1614
1420 1615
454 1616
497 1617
1475 1618
766 1619
817 1620
404 1621
135 1622
1323 1623
585 1624
1479 1625
1336 1626
349 1627
1042 1628
1220 1629
1038 1630
1116 1631
938 1632
557 1633
765 1634
457 1635
242 1636
602 1637
768 1638
336 1639
1046 1640
1311 1641
1512 1642
1111 1643
751 1644
67 1645
1228 1646
1267 1647
221 1648
793 1649
660 1650
1533 1651
404 1652
626 1653
1629 1654
196 1655
1624 1656
71 1657
571 1658
520 1659
496 1660
632 1661
1435 1662
118 1663
545 1664
1519 1665
335 1666
1242 1667
39 1668
1486 1669
485 1670
1541 1671
795 1672
803 1673
182 1674
1144 1675
463 1676
968 1677
464 1678
905 1679
25 1680
1580 1681
1238 1682
797 1683
1641 1684
775 1685
1665 1686
864 1687
417 1688
272 1689
1036 1690
394 1691
61 1692
1547 1693
831 1694
533 1695
769 1696
1485 1697
9 1698
641 1699
1677 1700
929 1701
1111 1702
677 1703
1301 1704
714 1705
475 1706
629 1707
607 1708
1142 1709
16 1710
739 1711
310 1712
464 1713
1107 1714
1138 1715
918 1716
958 1717
637 1718
648 1719
746 1720
1054 1721
1603 1722
515 1723
593 1724
1049 1725
1535 1726
1661 1727
169 1728
955 1729
864 1730
1055 1731
1147 1732
965 1733
1054 1734
1504 1735
827 1736
1596 1737
571 1738
13 1739
1006 1740
940 1741
1739 1742
64 1743
1404 1744
1560 1745
1369 1746
1566 1747
39 1748
1555 1749
1087 1750
1134 1751
1444 1752
1250 1753
407 1754
712 1755
644 1756
190 1757
801 1758
530 1759
1182 1760
962 1761
491 1762
1342 1763
237 1764
356 1765
712 1766
488 1767
217 1768
595 1769
125 1770
1006 1771
685 1772
1260 1773
83 1774
1427 1775
1622 1776
1205 1777
75 1778
1727 1779
647 1780
1227 1781
1206 1782
443 1783
1477 1784
1306 1785
1139 1786
1528 1787
643 1788
1483 1789
1004 1790
429 1791
1785 1792
633 1793
1637 1794
1426 1795
1517 1796
56 1797
1342 1798
690 1799
972 1800
1505 1801
1025 1802
759 1803
322 1804
1361 1805
1131 1806
295 1807
453 1808
55 1809
431 1810
1385 1811
1659 1812
48 1813
10 1814
1400 1815
58 1816
1369 1817
1487 1818
698 1819
654 1820
1764 1821
1580 1822
1477 1823
1211 1824
1393 1825
499 1826
1320 1827
337 1828
806 1829
1055 1830
319 1831
113 1832
1241 1833
1247 1834
643 1835
60 1836
1756 1837
1093 1838
91 1839
1229 1840
993 1841
1304 1842
1410 1843
1682 1844
627 1845
1064 1846
956 1847
247 1848
136 1849
972 1850
1802 1851
1570 1852
1101 1853
708 1854
648 1855
328 1856
380 1857
554 1858
567 1859
1469 1860
440 1861
567 1862
1144 1863
685 1864
500 1865
633 1866
1325 1867
1751 1868
1741 1869
906 1870
176 1871
666 1872
624 1873
560 1874
1267 1875
532 1876
561 1877
990 1878
729 1879
60 1880
1149 1881
1187 1882
882 1883
1170 1884
1692 1885
636 1886
1719 1887
1031 1888
1320 1889
1491 1890
1610 1891
1612 1892
1298 1893
443 1894
238 1895
1460 1896
371 1897
1221 1898
1782 1899
1882 1900
721 1901
1110 1902
323 1903
1712 1904
817 1905
295 1906
674 1907
40 1908
314 1909
1438 1910
251 1911
1850 1912
524 1913
562 1914
546 1915
1454 1916
1005 1917
1884 1918
1288 1919
402 1920
1906 1921
888 1922
105 1923
1844 1924
636 1925
1229 1926
1580 1927
1296 1928
1159 1929
1564 1930
1835 1931
269 1932
1168 1933
1161 1934
1510 1935
753 1936
442 1937
1056 1938
870 1939
470 1940
1165 1941
486 1942
784 1943
604 1944
1634 1945
1146 1946
1019 1947
98 1948
869 1949
706 1950
1709 1951
1583 1952
619 1953
993 1954
163 1955
291 1956
720 1957
180 1958
664 1959
1375 1960
1440 1961
1102 1962
1271 1963
820 1964
1686 1965
835 1966
141 1967
1822 1968
604 1969
1697 1970
1083 1971
728 1972
581 1973
1590 1974
1318 1975
1761 1976
42 1977
1717 1978
1715 1979
1702 1980
1738 1981
246 1982
13 1983
361 1984
1411 1985
960 1986
1949 1987
64 1988
1209 1989
1341 1990
105 1991
1220 1992
1336 1993
543 1994
140 1995
323 1996
27 1997
761 1998
1351 1999
345 2000
1341 2001
845 2002
1991 2003
1537 2004
495 2005
212 2006
519 2007
959 2008
111 2009
630 2010
1499 2011
1465 2012
505 2013
214 2014
89 2015
201 2016
323 2017
1788 2018
1977 2019
1103 2020
1049 2021
735 2022
390 2023
1697 2024
150 2025
1932 2026
22 2027
1876 2028
1052 2029
494 2030
1928 2031
229 2032
96 2033
615 2034
988 2035
901 2036
998 2037
553 2038
1195 2039
1895 2040
191 2041
258 2042
349 2043
1901 2044
572 2045
416 2046
1273 2047
288 2048
778 2049
1079 2050
45 2051
618 2052
1298 2053
1506 2054
46 2055
26 2056
1915 2057
1161 2058
1043 2059
1528 2060
1846 2061
409 2062
2059 2063
759 2064
1640 2065
1083 2066
149 2067
96 2068
1280 2069
1190 2070
1802 2071
1789 2072
875 2073
1921 2074
476 2075
1787 2076
283 2077
271 2078
972 2079
264 2080
1289 2081
245 2082
430 2083
1491 2084
1585 2085
1660 2086
1936 2087
917 2088
874 2089
661 2090
146 2091
1205 2092
839 2093
1871 2094
544 2095
1398 2096
130 2097
1954 2098
869 2099
967 2100
1806 2101
964 2102
611 2103
1417 2104
1477 2105
2076 2106
767 2107
1526 2108
1472 2109
844 2110
239 2111
1051 2112
1871 2113
2012 2114
1522 2115
672 2116
1451 2117
378 2118
1221 2119
226 2120
1556 2121
1204 2122
1092 2123
2120 2124
731 2125
1318 2126
1420 2127
398 2128
1935 2129
1223 2130
1344 2131
1230 2132
1873 2133
2088 2134
254 2135
574 2136
1719 2137
466 2138
1159 2139
456 2140
1318 2141
967 2142
1283 2143
647 2144
1557 2145
2087 2146
1744 2147
2135 2148
1710 2149
1075 2150
1932 2151
116 2152
1259 2153
501 2154
828 2155
326 2156
264 2157
335 2158
1424 2159
1325 2160
341 2161
1614 2162
1492 2163
730 2164
2079 2165
1740 2166
2043 2167
1769 2168
1290 2169
1027 2170
220 2171
1178 2172
975 2173
292 2174
2042 2175
1362 2176
1201 2177
1536 2178
181 2179
1106 2180
921 2181
31 2182
189 2183
134 2184
994 2185
1038 2186
227 2187
1790 2188
153 2189
583 2190
645 2191
948 2192
1960 2193
298 2194
426 2195
477 2196
498 2197
1378 2198
1084 2199
11 2200
2093 2201
2162 2202
755 2203
143 2204
372 2205
897 2206
1474 2207
1757 2208
741 2209
1340 2210
2203 2211
639 2212
1147 2213
1708 2214
759 2215
325 2216
1207 2217
381 2218
2049 2219
1817 2220
2196 2221
998 2222
2143 2223
1074 2224
1503 2225
1265 2226
621 2227
1248 2228
1173 2229
21 2230
1202 2231
802 2232
2025 2233
878 2234
258 2235
309 2236
841 2237
2035 2238
998 2239
929 2240
425 2241
1067 2242
1368 2243
750 2244
471 2245
583 2246
1408 2247
824 2248
1387 2249
896 2250
2000 2251
2235 2252
1197 2253
135 2254
1387 2255
1764 2256
2085 2257
1514 2258
1039 2259
415 2260
2024 2261
401 2262
542 2263
183 2264
1671 2265
1209 2266
144 2267
1291 2268
37 2269
450 2270
1839 2271
435 2272
2095 2273
1205 2274
861 2275
1213 2276
2253 2277
2037 2278
10 2279
1094 2280
1238 2281
1993 2282
340 2283
2204 2284
1261 2285
310 2286
284 2287
1387 2288
1706 2289
1353 2290
1030 2291
986 2292
841 2293
1785 2294
1489 2295
1943 2296
636 2297
37 2298
1601 2299
962 2300
451 2301
2283 2302
2248 2303
1745 2304
1050 2305
134 2306
631 2307
114 2308
2012 2309
2089 2310
1408 2311
1461 2312
642 2313
446 2314
963 2315
2309 2316
1313 2317
1044 2318
2041 2319
206 2320
1554 2321
374 2322
1470 2323
42 2324
1657 2325
1348 2326
515 2327
433 2328
1731 2329
156 2330
2169 2331
700 2332
2078 2333
955 2334
447 2335
1090 2336
109 2337
404 2338
141 2339
2263 2340
1130 2341
671 2342
986 2343
334 2344
1482 2345
1648 2346
162 2347
2045 2348
970 2349
1323 2350
1792 2351
1427 2352
407 2353
2157 2354
2194 2355
1679 2356
787 2357
862 2358
1218 2359
450 2360
492 2361
2014 2362
814 2363
345 2364
1877 2365
991 2366
1514 2367
274 2368
1925 2369
1239 2370
1880 2371
656 2372
1034 2373
1249 2374
689 2375
2268 2376
348 2377
1439 2378
1387 2379
1752 2380
291 2381
958 2382
2203 2383
1874 2384
2179 2385
1713 2386
2070 2387
1132 2388
594 2389
1960 2390
263 2391
1662 2392
1740 2393
1485 2394
64 2395
2096 2396
2000 2397
989 2398
102 2399
352 2400
892 2401
370 2402
1194 2403
1584 2404
1022 2405
2133 2406
141 2407
2046 2408
266 2409
1439 2410
1368 2411
239 2412
1574 2413
1962 2414
1941 2415
1835 2416
240 2417
1069 2418
91 2419
1230 2420
237 2421
826 2422
2259 2423
1790 2424
14 2425
1377 2426
2167 2427
244 2428
2196 2429
1108 2430
109 2431
895 2432
939 2433
2206 2434
1913 2435
811 2436
1046 2437
211 2438
245 2439
999 2440
2268 2441
846 2442
247 2443
1844 2444
417 2445
505 2446
1711 2447
2299 2448
1581 2449
1318 2450
1516 2451
2333 2452
2176 2453
382 2454
132 2455
551 2456
1090 2457
2199 2458
2158 2459
365 2460
1747 2461
1227 2462
2248 2463
1160 2464
2028 2465
831 2466
1592 2467
1522 2468
593 2469
2224 2470
1891 2471
2389 2472
2366 2473
2042 2474
1145 2475
1465 2476
2014 2477
1518 2478
154 2479
2243 2480
1813 2481
2216 2482
2127 2483
1580 2484
2347 2485
2100 2486
2192 2487
1080 2488
1606 2489
1768 2490
50 2491
2275 2492
1978 2493
156 2494
885 2495
352 2496
2344 2497
283 2498
1268 2499
1311 2500
2458 2501
1200 2502
107 2503
1372 2504
1175 2505
417 2506
2114 2507
411 2508
2110 2509
1194 2510
1524 2511
1806 2512
1827 2513
1366 2514
2366 2515
2338 2516
2215 2517
1471 2518
1133 2519
1752 2520
2137 2521
1827 2522
1083 2523
1167 2524
264 2525
1209 2526
1304 2527
2354 2528
1110 2529
1897 2530
723 2531
2198 2532
1541 2533
422 2534
78 2535
2397 2536
2374 2537
907 2538
1568 2539
1451 2540
590 2541
55 2542
177 2543
2453 2544
1816 2545
965 2546
975 2547
427 2548
541 2549
2019 2550
1556 2551
1236 2552
1607 2553
2533 2554
1291 2555
308 2556
2434 2557
2188 2558
1873 2559
619 2560
2386 2561
2189 2562
316 2563
357 2564
276 2565
1347 2566
1723 2567
2533 2568
893 2569
2561 2570
942 2571
1824 2572
1194 2573
222 2574
1011 2575
308 2576
1395 2577
1063 2578
863 2579
1906 2580
421 2581
530 2582
578 2583
706 2584
978 2585
969 2586
1901 2587
2307 2588
1291 2589
1151 2590
2051 2591
1876 2592
2561 2593
42 2594
2341 2595
1310 2596
1509 2597
1469 2598
931 2599
393 2600
348 2601
2089 2602
361 2603
753 2604
2179 2605
2100 2606
2349 2607
717 2608
727 2609
1770 2610
1837 2611
974 2612
1276 2613
1110 2614
646 2615
1509 2616
2355 2617
33 2618
744 2619
59 2620
271 2621
677 2622
884 2623
1757 2624
1475 2625
1777 2626
2079 2627
702 2628
373 2629
2270 2630
1945 2631
2317 2632
2038 2633
1810 2634
304 2635
791 2636
2485 2637
2309 2638
1087 2639
2539 2640
2250 2641
784 2642
2517 2643
1456 2644
2167 2645
2599 2646
1190 2647
874 2648
1619 2649
1966 2650
980 2651
1571 2652
553 2653
1879 2654
2266 2655
305 2656
279 2657
2428 2658
2070 2659
198 2660
874 2661
1219 2662
1038 2663
1911 2664
1637 2665
1618 2666
796 2667
433 2668
2193 2669
646 2670
2646 2671
1818 2672
1555 2673
1871 2674
2580 2675
1645 2676
894 2677
263 2678
2290 2679
240 2680
2157 2681
2635 2682
173 2683
1450 2684
1850 2685
839 2686
1224 2687
1523 2688
1018 2689
312 2690
2373 2691
841 2692
869 2693
2230 2694
1127 2695
1432 2696
296 2697
1819 2698
1026 2699
1316 2700
441 2701
1022 2702
294 2703
2467 2704
685 2705
2109 2706
2698 2707
1524 2708
873 2709
2071 2710
401 2711
1184 2712
208 2713
1777 2714
846 2715
1617 2716
1096 2717
64 2718
168 2719
503 2720
754 2721
1712 2722
1119 2723
626 2724
1839 2725
2427 2726
2453 2727
2217 2728
2553 2729
2612 2730
2140 2731
892 2732
1575 2733
487 2734
1640 2735
944 2736
2371 2737
212 2738
376 2739
661 2740
1018 2741
1797 2742
2481 2743
445 2744
1684 2745
2131 2746
1712 2747
1757 2748
1220 2749
2145 2750
2175 2751
1714 2752
530 2753
1012 2754
2021 2755
1872 2756
659 2757
2756 2758
733 2759
531 2760
2213 2761
670 2762
326 2763
956 2764
150 2765
1240 2766
960 2767
2370 2768
809 2769
1096 2770
2300 2771
607 2772
512 2773
2182 2774
2315 2775
2092 2776
1987 2777
1008 2778
2291 2779
1408 2780
1413 2781
2611 2782
2276 2783
1061 2784
727 2785
740 2786
636 2787
2607 2788
1026 2789
1740 2790
2723 2791
2662 2792
210 2793
2673 2794
2392 2795
285 2796
369 2797
871 2798
196 2799
1669 2800
2286 2801
459 2802
290 2803
2403 2804
527 2805
739 2806
1864 2807
882 2808
820 2809
2792 2810
1077 2811
1135 2812
1240 2813
381 2814
2063 2815
452 2816
2027 2817
904 2818
184 2819
2322 2820
243 2821
1763 2822
1781 2823
473 2824
2266 2825
1363 2826
1326 2827
2186 2828
1975 2829
122 2830
1918 2831
2050 2832
872 2833
2572 2834
1582 2835
2420 2836
2011 2837
1110 2838
368 2839
2068 2840
2226 2841
980 2842
1365 2843
2499 2844
281 2845
2210 2846
1315 2847
552 2848
2101 2849
1320 2850
1719 2851
641 2852
306 2853
2443 2854
184 2855
316 2856
387 2857
2379 2858
1964 2859
1776 2860
2679 2861
131 2862
21 2863
1802 2864
2717 2865
1309 2866
132 2867
2478 2868
1844 2869
1599 2870
2144 2871
2355 2872
342 2873
1562 2874
2343 2875
758 2876
2453 2877
792 2878
2386 2879
1258 2880
260 2881
2352 2882
1212 2883
62 2884
2198 2885
51 2886
1452 2887
907 2888
606 2889
373 2890
1822 2891
741 2892
2879 2893
501 2894
1196 2895
1891 2896
1309 2897
2837 2898
2708 2899
146 2900
977 2901
2527 2902
1362 2903
2518 2904
808 2905
365 2906
358 2907
2725 2908
212 2909
1667 2910
446 2911
859 2912
667 2913
1034 2914
1242 2915
712 2916
361 2917
223 2918
250 2919
1676 2920
1083 2921
404 2922
177 2923
2020 2924
455 2925
156 2926
2572 2927
2479 2928
2766 2929
1138 2930
132 2931
2188 2932
1528 2933
128 2934
1474 2935
1505 2936
1019 2937
1929 2938
2681 2939
931 2940
2535 2941
1131 2942
643 2943
1643 2944
1538 2945
356 2946
2428 2947
1225 2948
2061 2949
2340 2950
927 2951
2358 2952
448 2953
319 2954
1963 2955
1287 2956
2719 2957
1670 2958
1887 2959
1493 2960
2254 2961
1261 2962
515 2963
2531 2964
2404 2965
360 2966
1803 2967
2644 2968
1746 2969
600 2970
1862 2971
2762 2972
1708 2973
2511 2974
2031 2975
1953 2976
1614 2977
2801 2978
1904 2979
608 2980
329 2981
2458 2982
745 2983
2772 2984
2399 2985
767 2986
421 2987
1088 2988
566 2989
582 2990
96 2991
1822 2992
1221 2993
2708 2994
2129 2995
66 2996
1407 2997
1202 2998
2412 2999
1899 3000
2601 3001
1904 3002
1103 3003
1097 3004
2084 3005
1363 3006
1922 3007
1420 3008
863 3009
2018 3010
277 3011
1811 3012
1295 3013
1084 3014
90 3015
2037 3016
1401 3017
2100 3018
2506 3019
362 3020
2914 3021
3015 3022
3001 3023
1424 3024
2471 3025
2645 3026
1 3027
2771 3028
534 3029
1295 3030
210 3031
132 3032
1045 3033
2979 3034
1015 3035
366 3036
1280 3037
1859 3038
869 3039
2534 3040
868 3041
1218 3042
1054 3043
1840 3044
2715 3045
3017 3046
2955 3047
257 3048
1094 3049
2768 3050
470 3051
88 3052
1698 3053
1613 3054
2856 3055
2340 3056
1754 3057
1651 3058
864 3059
2369 3060
2522 3061
2869 3062
2012 3063
2718 3064
1559 3065
508 3066
1538 3067
1528 3068
1678 3069
2329 3070
272 3071
2068 3072
866 3073
2961 3074
183 3075
1079 3076
1570 3077
2176 3078
1806 3079
1974 3080
537 3081
2887 3082
473 3083
2989 3084
2452 3085
1962 3086
1962 3087
1193 3088
140 3089
2851 3090
1301 3091
2923 3092
2152 3093
2530 3094
2946 3095
2127 3096
1777 3097
2940 3098
2410 3099
2105 3100
968 3101
2997 3102
2528 3103
283 3104
2274 3105
1318 3106
1473 3107
2587 3108
169 3109
1703 3110
86 3111
1412 3112
2877 3113
1192 3114
2203 3115
1195 3116
1996 3117
2650 3118
2996 3119
770 3120
2573 3121
2442 3122
1822 3123
2340 3124
636 3125
1220 3126
2435 3127
1322 3128
2462 3129
1896 3130
2049 3131
2308 3132
2630 3133
792 3134
2826 3135
199 3136
971 3137
2913 3138
2862 3139
1204 3140
1000 3141
2135 3142
475 3143
2595 3144
1293 3145
479 3146
386 3147
1293 3148
1991 3149
791 3150
2769 3151
2300 3152
1589 3153
2363 3154
1796 3155
539 3156
1088 3157
2000 3158
343 3159
1980 3160
2473 3161
60 3162
948 3163
2420 3164
2683 3165
2366 3166
26 3167
405 3168
3022 3169
1269 3170
55 3171
2133 3172
1360 3173
313 3174
275 3175
2661 3176
822 3177
2980 3178
2072 3179
2770 3180
1225 3181
1805 3182
2108 3183
2697 3184
843 3185
1291 3186
2597 3187
3013 3188
2166 3189
577 3190
1532 3191
1724 3192
1196 3193
2548 3194
2023 3195
381 3196
1977 3197
2774 3198
2573 3199
1901 3200
1343 3201
943 3202
431 3203
1004 3204
1575 3205
2179 3206
2312 3207
2003 3208
423 3209
2874 3210
826 3211
1559 3212
2147 3213
2573 3214
1471 3215
683 3216
1911 3217
1407 3218
1248 3219
1337 3220
2614 3221
2274 3222
1897 3223
2901 3224
2670 3225
2040 3226
2850 3227
619 3228
664 3229
2282 3230
808 3231
965 3232
1507 3233
2459 3234
969 3235
105 3236
2564 3237
842 3238
1619 3239
192 3240
244 3241
1967 3242
2205 3243
2430 3244
743 3245
850 3246
1139 3247
1429 3248
1169 3249
511 3250
3062 3251
1999 3252
2516 3253
1375 3254
182 3255
1466 3256
1746 3257
310 3258
1806 3259
982 3260
403 3261
1659 3262
2876 3263
1016 3264
1020 3265
2201 3266
1392 3267
2438 3268
1065 3269
556 3270
1334 3271
1686 3272
2648 3273
1100 3274
483 3275
3059 3276
1466 3277
744 3278
2711 3279
2364 3280
320 3281
142 3282
3052 3283
70 3284
3018 3285
1323 3286
203 3287
1317 3288
2616 3289
647 3290
2082 3291
1630 3292
409 3293
2141 3294
370 3295
855 3296
1608 3297
485 3298
581 3299
2987 3300
979 3301
2788 3302
638 3303
887 3304
2561 3305
368 3306
721 3307
2952 3308
2779 3309
2679 3310
1786 3311
2556 3312
1113 3313
2299 3314
354 3315
2960 3316
1605 3317
2917 3318
244 3319
47 3320
1657 3321
3299 3322
3284 3323
317 3324
2822 3325
2041 3326
1724 3327
1746 3328
1538 3329
3015 3330
2944 3331
521 3332
3077 3333
3221 3334
1384 3335
690 3336
53 3337
748 3338
2769 3339
525 3340
2278 3341
811 3342
2684 3343
606 3344
823 3345
1657 3346
1173 3347
2435 3348
159 3349
3196 3350
1279 3351
3153 3352
2908 3353
3288 3354
2871 3355
2265 3356
2331 3357
106 3358
2180 3359
3294 3360
2867 3361
273 3362
2146 3363
1741 3364
1407 3365
665 3366
1531 3367
1860 3368
1207 3369
1596 3370
1430 3371
766 3372
2186 3373
2647 3374
143 3375
824 3376
2424 3377
1776 3378
33 3379
2419 3380
3080 3381
2240 3382
619 3383
477 3384
371 3385
1209 3386
1091 3387
2263 3388
2456 3389
1066 3390
3200 3391
3353 3392
3043 3393
1789 3394
1723 3395
2762 3396
2853 3397
375 3398
3032 3399
374 3400
421 3401
2021 3402
2482 3403
1930 3404
1840 3405
2622 3406
942 3407
223 3408
1900 3409
2103 3410
1278 3411
2246 3412
621 3413
2234 3414
2475 3415
217 3416
2790 3417
2335 3418
903 3419
1871 3420
153 3421
2484 3422
940 3423
2604 3424
2624 3425
1077 3426
602 3427
2455 3428
1471 3429
1090 3430
1474 3431
1797 3432
1822 3433
3061 3434
3260 3435
3308 3436
2527 3437
2346 3438
860 3439
1780 3440
2622 3441
1733 3442
3265 3443
3056 3444
3251 3445
3266 3446
415 3447
2291 3448
3354 3449
2001 3450
2494 3451
1324 3452
3176 3453
2049 3454
911 3455
2890 3456
788 3457
1746 3458
3360 3459
297 3460
2961 3461
2239 3462
509 3463
1873 3464
2073 3465
1959 3466
3405 3467
1727 3468
1975 3469
2792 3470
180 3471
1078 3472
776 3473
763 3474
3016 3475
3263 3476
1603 3477
3069 3478
2602 3479
3301 3480
1581 3481
940 3482
2385 3483
563 3484
1329 3485
2881 3486
2638 3487
3178 3488
1750 3489
2849 3490
1951 3491
3225 3492
443 3493
1039 3494
3425 3495
2219 3496
2643 3497
2377 3498
262 3499
919 3500
142 3501
162 3502
3017 3503
3151 3504
634 3505
1924 3506
766 3507
1784 3508
1391 3509
44 3510
2424 3511
1061 3512
1031 3513
2784 3514
541 3515
2005 3516
1204 3517
2580 3518
2356 3519
648 3520
2207 3521
1465 3522
329 3523
1790 3524
712 3525
921 3526
766 3527
653 3528
288 3529
1531 3530
2448 3531
2796 3532
380 3533
3397 3534
3162 3535
3089 3536
859 3537
984 3538
2638 3539
1371 3540
2852 3541
1706 3542
2647 3543
1120 3544
1886 3545
1344 3546
1217 3547
476 3548
1323 3549
2455 3550
2123 3551
3267 3552
2717 3553
245 3554
3545 3555
1845 3556
3280 3557
1843 3558
2816 3559
1444 3560
3029 3561
1226 3562
3263 3563
3390 3564
3225 3565
1866 3566
300 3567
841 3568
1675 3569
1149 3570
150 3571
1499 3572
1577 3573
608 3574
354 3575
719 3576
1360 3577
1480 3578
3459 3579
203 3580
2424 3581
2642 3582
1668 3583
2789 3584
690 3585
1034 3586
3189 3587
959 3588
339 3589
1720 3590
2154 3591
325 3592
519 3593
3578 3594
3084 3595
1104 3596
585 3597
1455 3598
1563 3599
1494 3600
2846 3601
2717 3602
878 3603
1676 3604
2654 3605
1503 3606
3316 3607
2924 3608
1726 3609
1200 3610
2336 3611
1693 3612
511 3613
1143 3614
18 3615
3247 3616
683 3617
2240 3618
2900 3619
3504 3620
401 3621
3546 3622
770 3623
776 3624
1160 3625
2912 3626
372 3627
1920 3628
323 3629
2042 3630
1592 3631
3000 3632
1847 3633
3519 3634
2614 3635
2973 3636
86 3637
3114 3638
1332 3639
3145 3640
559 3641
1451 3642
928 3643
1249 3644
3518 3645
21 3646
3421 3647
42 3648
3250 3649
348 3650
561 3651
1943 3652
2520 3653
657 3654
3220 3655
2973 3656
32 3657
1965 3658
1153 3659
1190 3660
2364 3661
2580 3662
1953 3663
165 3664
3307 3665
1605 3666
230 3667
3568 3668
1459 3669
3589 3670
1594 3671
2411 3672
2411 3673
3258 3674
1653 3675
3274 3676
2998 3677
3210 3678
2148 3679
156 3680
1922 3681
829 3682
707 3683
1556 3684
1373 3685
624 3686
3313 3687
2002 3688
3584 3689
1016 3690
2032 3691
75 3692
1301 3693
882 3694
696 3695
39 3696
2175 3697
1819 3698
1134 3699
1759 3700
3549 3701
3687 3702
2284 3703
3167 3704
941 3705
2660 3706
1037 3707
1160 3708
2918 3709
194 3710
536 3711
607 3712
3456 3713
3441 3714
3301 3715
2625 3716
2355 3717
278 3718
2257 3719
3163 3720
1990 3721
112 3722
1076 3723
2882 3724
1748 3725
765 3726
240 3727
2932 3728
2827 3729
2213 3730
2901 3731
97 3732
3113 3733
3183 3734
925 3735
570 3736
2123 3737
3508 3738
887 3739
2958 3740
1589 3741
1842 3742
1249 3743
2071 3744
1145 3745
1697 3746
3061 3747
1415 3748
1463 3749
905 3750
3499 3751
3062 3752
1570 3753
2771 3754
289 3755
2012 3756
2839 3757
3594 3758
2064 3759
3652 3760
3671 3761
85 3762
1687 3763
722 3764
2775 3765
1586 3766
819 3767
1508 3768
1530 3769
1434 3770
1087 3771
897 3772
1811 3773
2508 3774
2449 3775
618 3776
984 3777
2757 3778
344 3779
3516 3780
2061 3781
2063 3782
3421 3783
1991 3784
1413 3785
637 3786
3531 3787
1851 3788
974 3789
2888 3790
342 3791
2279 3792
261 3793
879 3794
2794 3795
283 3796
218 3797
2805 3798
381 3799
189 3800
1827 3801
1888 3802
1115 3803
329 3804
2956 3805
368 3806
180 3807
3643 3808
1340 3809
1126 3810
1563 3811
3120 3812
1575 3813
199 3814
2571 3815
1222 3816
2560 3817
2283 3818
1572 3819
1081 3820
3158 3821
1493 3822
2339 3823
3045 3824
2609 3825
2587 3826
560 3827
3744 3828
2278 3829
2587 3830
3409 3831
1601 3832
1094 3833
3118 3834
2339 3835
1044 3836
2770 3837
3068 3838
2433 3839
3564 3840
1906 3841
326 3842
735 3843
327 3844
3673 3845
673 3846
3757 3847
2485 3848
2385 3849
2250 3850
1589 3851
787 3852
3610 3853
1059 3854
2631 3855
1386 3856
2432 3857
3050 3858
685 3859
456 3860
3356 3861
2585 3862
2353 3863
3453 3864
2500 3865
1381 3866
3330 3867
739 3868
3281 3869
3330 3870
3629 3871
1703 3872
1438 3873
1613 3874
3731 3875
3568 3876
497 3877
3494 3878
2647 3879
2933 3880
2181 3881
2307 3882
2679 3883
848 3884
2734 3885
2915 3886
3803 3887
3095 3888
1872 3889
2354 3890
2199 3891
757 3892
55 3893
1704 3894
708 3895
1432 3896
1326 3897
2850 3898
1026 3899
166 3900
2589 3901
3683 3902
3686 3903
2330 3904
1915 3905
2380 3906
1574 3907
1827 3908
2022 3909
3467 3910
1635 3911
2873 3912
2645 3913
492 3914
2600 3915
210 3916
1832 3917
3808 3918
2303 3919
1236 3920
301 3921
2436 3922
1338 3923
368 3924
76 3925
1264 3926
2381 3927
1044 3928
1344 3929
2279 3930
3644 3931
916 3932
980 3933
2644 3934
1844 3935
3552 3936
3214 3937
817 3938
1209 3939
1191 3940
1492 3941
2695 3942
2246 3943
3929 3944
3674 3945
2726 3946
1897 3947
1072 3948
682 3949
233 3950
258 3951
2857 3952
768 3953
1746 3954
3161 3955
1482 3956
409 3957
2932 3958
3253 3959
885 3960
1430 3961
660 3962
1145 3963
781 3964
3200 3965
941 3966
941 3967
1853 3968
744 3969
2926 3970
2484 3971
1385 3972
2685 3973
2330 3974
65 3975
1961 3976
761 3977
367 3978
1433 3979
329 3980
3563 3981
260 3982
63 3983
1055 3984
2501 3985
1049 3986
2427 3987
323 3988
670 3989
3142 3990
1337 3991
3009 3992
796 3993
989 3994
1505 3995
1809 3996
2235 3997
403 3998
877 3999
153 4000
2174 4001
874 4002
37 4003
2892 4004
1236 4005
2294 4006
126 4007
1794 4008
2711 4009
3395 4010
1754 4011
272 4012
2293 4013
3810 4014
2260 4015
3034 4016
2321 4017
2340 4018
121 4019
3388 4020
3675 4021
2893 4022
2372 4023
1059 4024
3954 4025
2992 4026
1236 4027
2057 4028
2529 4029
3042 4030
2244 4031
3317 4032
3446 4033
344 4034
2100 4035
2056 4036
690 4037
2926 4038
3209 4039
1280 4040
2529 4041
1307 4042
3143 4043
2036 4044
2146 4045
2097 4046
1555 4047
2388 4048
3457 4049
14 4050
1031 4051
1623 4052
1224 4053
3747 4054
1185 4055
3900 4056
1940 4057
2754 4058
726 4059
3094 4060
1778 4061
2786 4062
522 4063
2889 4064
659 4065
2618 4066
3741 4067
3540 4068
3141 4069
3261 4070
2283 4071
3726 4072
1746 4073
3829 4074
930 4075
1725 4076
2145 4077
2897 4078
624 4079
2131 4080
3919 4081
92 4082
329 4083
3688 4084
932 4085
3481 4086
3615 4087
3695 4088
1244 4089
4054 4090
602 4091
3918 4092
3850 4093
3906 4094
1669 4095
11 4096
2026 4097
3785 4098
1647 4099
467 4100
1756 4101
2719 4102
1010 4103
3518 4104
3990 4105
3662 4106
3743 4107
2484 4108
2029 4109
1425 4110
1501 4111
587 4112
2819 4113
581 4114
1879 4115
2151 4116
3702 4117
1868 4118
1239 4119
1775 4120
1052 4121
3354 4122
1329 4123
2318 4124
1576 4125
3977 4126
959 4127
955 4128
2333 4129
3696 4130
2673 4131
3350 4132
365 4133
462 4134
294 4135
1734 4136
2051 4137
3646 4138
2702 4139
2965 4140
3998 4141
3716 4142
1293 4143
108 4144
3870 4145
541 4146
2796 4147
3517 4148
3244 4149
976 4150
308 4151
2765 4152
1758 4153
1959 4154
2421 4155
4095 4156
4058 4157
3997 4158
2899 4159
484 4160
286 4161
1962 4162
1834 4163
1874 4164
3413 4165
1939 4166
2287 4167
1217 4168
2502 4169
300 4170
2563 4171
4110 4172
941 4173
217 4174
1177 4175
4132 4176
657 4177
3196 4178
93 4179
1695 4180
449 4181
821 4182
2815 4183
1112 4184
262 4185
1623 4186
3732 4187
38 4188
473 4189
2608 4190
4005 4191
3574 4192
2781 4193
387 4194
789 4195
2811 4196
2132 4197
3866 4198
166 4199
3992 4200
3232 4201
1931 4202
2548 4203
1160 4204
102 4205
2660 4206
2225 4207
2530 4208
364 4209
3392 4210
329 4211
2177 4212
2341 4213
3347 4214
3863 4215
1282 4216
1756 4217
773 4218
426 4219
1461 4220
1961 4221
1652 4222
1989 4223
2731 4224
3088 4225
863 4226
1669 4227
2639 4228
4206 4229
3356 4230
358 4231
3906 4232
3991 4233
2468 4234
2015 4235
1985 4236
2699 4237
2067 4238
377 4239
3097 4240
4238 4241
1684 4242
649 4243
3882 4244
81 4245
955 4246
1777 4247
2305 4248
4044 4249
378 4250
529 4251
2486 4252
1287 4253
2531 4254
1718 4255
2517 4256
3796 4257
3001 4258
383 4259
1136 4260
1859 4261
2431 4262
698 4263
1639 4264
245 4265
2071 4266
2775 4267
3623 4268
2724 4269
398 4270
2186 4271
2730 4272
3769 4273
537 4274
2419 4275
847 4276
1210 4277
2031 4278
4019 4279
2327 4280
4229 4281
4127 4282
4186 4283
741 4284
991 4285
2624 4286
848 4287
1380 4288
1139 4289
908 4290
2401 4291
2758 4292
2423 4293
3794 4294
527 4295
3424 4296
536 4297
1411 4298
3090 4299
2203 4300
2812 4301
1887 4302
1480 4303
805 4304
3168 4305
928 4306
2426 4307
718 4308
2063 4309
3926 4310
1738 4311
1330 4312
2144 4313
1941 4314
1418 4315
2329 4316
2745 4317
1202 4318
1034 4319
1553 4320
307 4321
3001 4322
3223 4323
4199 4324
1869 4325
1178 4326
710 4327
51 4328
2382 4329
2166 4330
3815 4331
522 4332
293 4333
3096 4334
1162 4335
1187 4336
1117 4337
3049 4338
237 4339
541 4340
2417 4341
1970 4342
720 4343
3497 4344
595 4345
322 4346
3953 4347
1956 4348
2866 4349
1195 4350
1347 4351
2167 4352
677 4353
3439 4354
2751 4355
1809 4356
1985 4357
665 4358
1937 4359
1133 4360
1830 4361
2286 4362
3880 4363
2760 4364
3254 4365
367 4366
153 4367
3751 4368
3067 4369
3924 4370
1197 4371
3762 4372
3496 4373
2614 4374
2816 4375
3083 4376
2868 4377
2910 4378
944 4379
786 4380
3847 4381
287 4382
349 4383
3428 4384
1484 4385
2224 4386
802 4387
3608 4388
2510 4389
827 4390
2131 4391
815 4392
269 4393
3421 4394
1349 4395
1429 4396
4384 4397
1769 4398
1633 4399
2393 4400
3885 4401
2111 4402
3614 4403
3247 4404
1636 4405
2358 4406
4200 4407
1156 4408
2840 4409
132 4410
2659 4411
2136 4412
1472 4413
3180 4414
2830 4415
4099 4416
1334 4417
1137 4418
3028 4419
174 4420
269 4421
3597 4422
2178 4423
1759 4424
2046 4425
1167 4426
3668 4427
2185 4428
1485 4429
1855 4430
1022 4431
4416 4432
2960 4433
3355 4434
2303 4435
2596 4436
2160 4437
2362 4438
799 4439
265 4440
3917 4441
1059 4442
2966 4443
3657 4444
3797 4445
3239 4446
2996 4447
2982 4448
1540 4449
545 4450
3904 4451
4055 4452
2117 4453
868 4454
633 4455
1841 4456
3219 4457
279 4458
2824 4459
1025 4460
3840 4461
468 4462
4079 4463
3593 4464
53 4465
573 4466
1827 4467
1455 4468
1153 4469
1368 4470
4469 4471
3686 4472
752 4473
2400 4474
2537 4475
1795 4476
1399 4477
1784 4478
1108 4479
1431 4480
739 4481
3115 4482
271 4483
2063 4484
864 4485
3362 4486
1936 4487
3103 4488
2019 4489
2132 4490
1843 4491
363 4492
2587 4493
2035 4494
2235 4495
4346 4496
3786 4497
1203 4498
2573 4499
662 4500
3101 4501
4261 4502
2838 4503
3901 4504
3814 4505
3478 4506
3325 4507
2524 4508
2103 4509
1949 4510
3861 4511
3128 4512
3242 4513
150 4514
1440 4515
765 4516
1504 4517
669 4518
1729 4519
3192 4520
338 4521
683 4522
3380 4523
1326 4524
1089 4525
452 4526
244 4527
4345 4528
2057 4529
288 4530
3281 4531
4001 4532
238 4533
935 4534
3765 4535
1329 4536
4189 4537
2460 4538
3751 4539
15 4540
2087 4541
3559 4542
2460 4543
3763 4544
3435 4545
1025 4546
2022 4547
3994 4548
846 4549
4359 4550
144 4551
2003 4552
3657 4553
1590 4554
72 4555
2474 4556
1464 4557
3417 4558
2667 4559
2896 4560
3819 4561
3495 4562
3802 4563
3011 4564
887 4565
3888 4566
1853 4567
1051 4568
2874 4569
2198 4570
3007 4571
1290 4572
3401 4573
356 4574
3217 4575
1592 4576
2500 4577
4397 4578
1072 4579
4520 4580
2631 4581
4297 4582
526 4583
4265 4584
4398 4585
3001 4586
3307 4587
2496 4588
2401 4589
2776 4590
2983 4591
1035 4592
2101 4593
1360 4594
2717 4595
4346 4596
1003 4597
4008 4598
1280 4599
4249 4600
3619 4601
2849 4602
58 4603
4201 4604
441 4605
2715 4606
2655 4607
3404 4608
2059 4609
1607 4610
4037 4611
2958 4612
3826 4613
1304 4614
4556 4615
4041 4616
1007 4617
1392 4618
53 4619
365 4620
4485 4621
1492 4622
1249 4623
3596 4624
3315 4625
2208 4626
4224 4627
385 4628
1513 4629
1697 4630
4478 4631
3670 4632
3802 4633
1675 4634
2574 4635
452 4636
541 4637
995 4638
3400 4639
440 4640
2033 4641
2715 4642
354 4643
4124 4644
487 4645
3303 4646
2211 4647
3677 4648
1235 4649
178 4650
2846 4651
3516 4652
733 4653
1090 4654
2725 4655
1936 4656
188 4657
2254 4658
1419 4659
3443 4660
678 4661
473 4662
2338 4663
3435 4664
1310 4665
1829 4666
55 4667
751 4668
449 4669
4407 4670
4012 4671
1828 4672
2239 4673
469 4674
312 4675
3346 4676
1170 4677
2674 4678
886 4679
3508 4680
3758 4681
4171 4682
376 4683
92 4684
957 4685
535 4686
735 4687
908 4688
2141 4689
4272 4690
4115 4691
1522 4692
3212 4693
810 4694
4534 4695
4227 4696
4430 4697
3784 4698
3252 4699
1147 4700
1410 4701
2721 4702
733 4703
2518 4704
1327 4705
359 4706
4213 4707
3064 4708
2984 4709
461 4710
2456 4711
1240 4712
1345 4713
4323 4714
3494 4715
456 4716
4140 4717
3971 4718
3548 4719
1173 4720
1786 4721
2839 4722
735 4723
1826 4724
4086 4725
2555 4726
3731 4727
200 4728
1030 4729
3853 4730
3444 4731
3660 4732
1110 4733
4605 4734
2633 4735
4535 4736
585 4737
1975 4738
4211 4739
64 4740
1405 4741
2298 4742
1050 4743
1544 4744
579 4745
235 4746
4175 4747
746 4748
3862 4749
2034 4750
2217 4751
4352 4752
750 4753
4081 4754
4586 4755
817 4756
3507 4757
2446 4758
2317 4759
817 4760
49 4761
4616 4762
2340 4763
436 4764
4045 4765
2746 4766
309 4767
1407 4768
3009 4769
1367 4770
1941 4771
347 4772
4255 4773
2799 4774
1227 4775
843 4776
1785 4777
4276 4778
1981 4779
986 4780
2061 4781
4089 4782
3432 4783
3021 4784
2405 4785
2826 4786
1330 4787
571 4788
3399 4789
701 4790
1772 4791
828 4792
3662 4793
3034 4794
3557 4795
1280 4796
907 4797
2190 4798
793 4799
3596 4800
1643 4801
404 4802
4769 4803
881 4804
3516 4805
498 4806
4599 4807
2676 4808
3696 4809
1776 4810
1492 4811
3166 4812
3050 4813
665 4814
3391 4815
4410 4816
904 4817
2854 4818
2252 4819
1809 4820
1210 4821
82 4822
2564 4823
3075 4824
3351 4825
3517 4826
3540 4827
3264 4828
1628 4829
3904 4830
2932 4831
3542 4832
2582 4833
3748 4834
2293 4835
4652 4836
3831 4837
2317 4838
355 4839
2985 4840
1220 4841
2539 4842
909 4843
4739 4844
2110 4845
4311 4846
2344 4847
4023 4848
2543 4849
294 4850
1937 4851
3072 4852
1283 4853
813 4854
3524 4855
449 4856
4617 4857
3165 4858
551 4859
4440 4860
1084 4861
4145 4862
3784 4863
1996 4864
817 4865
3143 4866
3070 4867
414 4868
701 4869
1676 4870
970 4871
1329 4872
4544 4873
4244 4874
1680 4875
4649 4876
2241 4877
593 4878
293 4879
3432 4880
1545 4881
2547 4882
2600 4883
1601 4884
1836 4885
1519 4886
1323 4887
1849 4888
257 4889
3564 4890
2736 4891
4200 4892
4567 4893
2846 4894
4633 4895
3317 4896
1048 4897
2625 4898
3026 4899
4541 4900
2751 4901
1233 4902
1195 4903
4441 4904
3759 4905
2859 4906
2298 4907
622 4908
2379 4909
4862 4910
826 4911
578 4912
2629 4913
635 4914
496 4915
4895 4916
4458 4917
4458 4918
3891 4919
4736 4920
3377 4921
2174 4922
4426 4923
904 4924
4029 4925
2461 4926
2199 4927
1249 4928
2788 4929
1369 4930
217 4931
2043 4932
4881 4933
2160 4934
4462 4935
4561 4936
2317 4937
3230 4938
4795 4939
2114 4940
1446 4941
4490 4942
4834 4943
310 4944
221 4945
765 4946
4838 4947
3296 4948
4232 4949
4718 4950
4291 4951
3292 4952
3444 4953
8 4954
855 4955
2827 4956
3029 4957
3666 4958
4082 4959
4358 4960
2985 4961
1317 4962
2940 4963
4080 4964
772 4965
3533 4966
4403 4967
1379 4968
3581 4969
1479 4970
1234 4971
3824 4972
1457 4973
4750 4974
4817 4975
3128 4976
4538 4977
369 4978
3913 4979
1147 4980
3609 4981
1576 4982
2536 4983
2281 4984
344 4985
3614 4986
1506 4987
4432 4988
1658 4989
4615 4990
2828 4991
3529 4992
3025 4993
52 4994
3378 4995
1279 4996
2753 4997
4871 4998
4321 4999
998 5000
1862 5001
3875 5002
1065 5003
2736 5004
3255 5005
554 5006
1295 5007
1850 5008
2545 5009
776 5010
4126 5011
3542 5012
1146 5013
497 5014
175 5015
1613 5016
5009 5017
1443 5018
742 5019
2210 5020
3483 5021
3941 5022
3849 5023
4181 5024
3734 5025
601 5026
3951 5027
441 5028
4787 5029
3195 5030
161 5031
4443 5032
3060 5033
4143 5034
5015 5035
3220 5036
4485 5037
1825 5038
232 5039
53 5040
4967 5041
2242 5042
2624 5043
454 5044
4599 5045
698 5046
3382 5047
2902 5048
43 5049
114 5050
2949 5051
3286 5052
623 5053
2488 5054
842 5055
3834 5056
2298 5057
2823 5058
1005 5059
5036 5060
4642 5061
1044 5062
5044 5063
1845 5064
167 5065
4582 5066
2509 5067
1219 5068
742 5069
2186 5070
4864 5071
4087 5072
476 5073
4619 5074
3876 5075
2379 5076
4749 5077
2195 5078
1595 5079
2952 5080
2723 5081
3096 5082
2603 5083
283 5084
2970 5085
2516 5086
3811 5087
1788 5088
3937 5089
1608 5090
4713 5091
7 5092
3485 5093
4199 5094
3556 5095
4754 5096
1737 5097
4264 5098
1765 5099
1018 5100
1141 5101
5028 5102
2496 5103
3673 5104
3552 5105
1649 5106
1058 5107
3075 5108
2076 5109
1948 5110
4912 5111
1454 5112
1821 5113
1418 5114
294 5115
4777 5116
1883 5117
2157 5118
15 5119
2662 5120
695 5121
1239 5122
4070 5123
451 5124
260 5125
3842 5126
4193 5127
3340 5128
4894 5129
3761 5130
1812 5131
2800 5132
1366 5133
476 5134
3932 5135
3640 5136
1512 5137
4847 5138
2996 5139
4103 5140
4480 5141
1799 5142
1934 5143
4957 5144
668 5145
636 5146
2648 5147
2866 5148
233 5149
2174 5150
1979 5151
1170 5152
2485 5153
4169 5154
762 5155
2215 5156
4556 5157
4146 5158
1461 5159
3011 5160
3110 5161
1541 5162
2206 5163
86 5164
4696 5165
775 5166
2670 5167
1423 5168
2452 5169
3828 5170
616 5171
618 5172
755 5173
809 5174
3640 5175
196 5176
1292 5177
3034 5178
4889 5179
4628 5180
2673 5181
4159 5182
757 5183
2639 5184
4606 5185
4728 5186
1632 5187
739 5188
4892 5189
5013 5190
1435 5191
1081 5192
4819 5193
3587 5194
2344 5195
3296 5196
1846 5197
4739 5198
2616 5199
3201 5200
3723 5201
3266 5202
1811 5203
2169 5204
78 5205
3080 5206
378 5207
4381 5208
4805 5209
3642 5210
1695 5211
233 5212
3491 5213
468 5214
2475 5215
2709 5216
2506 5217
2768 5218
3141 5219
3102 5220
4541 5221
1928 5222
3261 5223
3777 5224
2383 5225
2285 5226
3220 5227
1780 5228
1770 5229
1389 5230
2388 5231
2884 5232
542 5233
4226 5234
497 5235
3886 5236
3217 5237
70 5238
1703 5239
229 5240
2135 5241
4702 5242
4601 5243
502 5244
4184 5245
4828 5246
2679 5247
1509 5248
4987 5249
3760 5250
3375 5251
3098 5252
2249 5253
3373 5254
3434 5255
2446 5256
3424 5257
1221 5258
3980 5259
4139 5260
862 5261
1294 5262
4274 5263
3874 5264
1609 5265
3174 5266
4570 5267
1928 5268
1221 5269
3763 5270
4949 5271
3980 5272
2086 5273
4345 5274
1325 5275
1800 5276
1784 5277
4299 5278
535 5279
4874 5280
2437 5281
712 5282
4412 5283
2891 5284
5073 5285
4840 5286
3347 5287
4335 5288
1516 5289
546 5290
4970 5291
2634 5292
1957 5293
1659 5294
929 5295
3915 5296
1575 5297
446 5298
4120 5299
3451 5300
965 5301
1490 5302
3548 5303
159 5304
4848 5305
4013 5306
159 5307
1111 5308
1141 5309
3066 5310
3205 5311
4869 5312
4968 5313
4519 5314
1046 5315
4670 5316
4236 5317
1654 5318
2469 5319
3279 5320
2616 5321
4329 5322
3129 5323
2428 5324
3742 5325
1002 5326
3892 5327
1332 5328
3953 5329
1389 5330
3449 5331
4497 5332
1958 5333
801 5334
450 5335
652 5336
3588 5337
2981 5338
1632 5339
3675 5340
3269 5341
4365 5342
3504 5343
1006 5344
4348 5345
2861 5346
4356 5347
888 5348
4669 5349
73 5350
4070 5351
5209 5352
32 5353
3028 5354
292 5355
4672 5356
2632 5357
5165 5358
3035 5359
1325 5360
4333 5361
3545 5362
2591 5363
4738 5364
3494 5365
3153 5366
1810 5367
4196 5368
2395 5369
504 5370
1716 5371
2559 5372
1628 5373
3216 5374
1864 5375
3125 5376
2454 5377
3912 5378
2504 5379
2021 5380
1339 5381
2428 5382
2282 5383
5342 5384
5273 5385
4581 5386
4505 5387
4340 5388
1378 5389
3859 5390
862 5391
1566 5392
1719 5393
1567 5394
769 5395
4691 5396
1826 5397
4181 5398
2154 5399
4790 5400
4608 5401
1072 5402
1680 5403
3674 5404
3781 5405
1951 5406
3908 5407
2555 5408
1640 5409
4480 5410
78 5411
939 5412
2601 5413
2192 5414
627 5415
2103 5416
3194 5417
5282 5418
3129 5419
877 5420
5207 5421
517 5422
4730 5423
2459 5424
1254 5425
5259 5426
580 5427
2228 5428
4984 5429
2403 5430
2395 5431
219 5432
1673 5433
3650 5434
4850 5435
376 5436
1158 5437
1620 5438
992 5439
689 5440
4837 5441
555 5442
2294 5443
391 5444
3178 5445
1544 5446
2385 5447
407 5448
4645 5449
3804 5450
34 5451
3057 5452
1798 5453
1856 5454
4580 5455
1269 5456
4744 5457
4755 5458
3841 5459
4689 5460
4938 5461
878 5462
5081 5463
4960 5464
2145 5465
2962 5466
461 5467
1527 5468
3601 5469
4938 5470
4998 5471
3377 5472
1808 5473
812 5474
2817 5475
3922 5476
4703 5477
4225 5478
3444 5479
3729 5480
2445 5481
4774 5482
3658 5483
4837 5484
3830 5485
3652 5486
2814 5487
137 5488
705 5489
4223 5490
2282 5491
476 5492
2748 5493
4570 5494
4360 5495
1134 5496
1742 5497
417 5498
5052 5499
3154 5500
1496 5501
4041 5502
1602 5503
3435 5504
4930 5505
1566 5506
3031 5507
2689 5508
5095 5509
2039 5510
4412 5511
4577 5512
996 5513
1389 5514
598 5515
3356 5516
4388 5517
3149 5518
2351 5519
972 5520
4359 5521
3213 5522
46 5523
2293 5524
979 5525
95 5526
4932 5527
2073 5528
1247 5529
1611 5530
4520 5531
1558 5532
3991 5533
654 5534
45 5535
4887 5536
182 5537
1713 5538
4859 5539
4744 5540
609 5541
619 5542
5005 5543
662 5544
2562 5545
162 5546
5484 5547
4676 5548
2988 5549
1475 5550
3557 5551
4095 5552
425 5553
229 5554
1975 5555
4805 5556
156 5557
3532 5558
650 5559
1751 5560
1335 5561
4508 5562
4526 5563
4418 5564
2548 5565
5040 5566
893 5567
4660 5568
3257 5569
2470 5570
3920 5571
681 5572
5327 5573
3552 5574
5153 5575
3134 5576
1424 5577
298 5578
3984 5579
289 5580
395 5581
2661 5582
2618 5583
3815 5584
3373 5585
5474 5586
3501 5587
4034 5588
986 5589
4177 5590
173 5591
1479 5592
2652 5593
2678 5594
2037 5595
2612 5596
1492 5597
4258 5598
2228 5599
4006 5600
3750 5601
1216 5602
5064 5603
1907 5604
4386 5605
1914 5606
3867 5607
397 5608
1276 5609
3242 5610
405 5611
3782 5612
2873 5613
942 5614
3308 5615
3245 5616
4668 5617
5565 5618
1366 5619
1015 5620
1877 5621
5194 5622
4541 5623
4365 5624
2616 5625
2018 5626
1085 5627
1130 5628
543 5629
3445 5630
5448 5631
3399 5632
575 5633
2373 5634
2464 5635
2327 5636
1204 5637
5241 5638
1268 5639
1400 5640
5153 5641
4744 5642
1344 5643
1199 5644
3339 5645
5112 5646
675 5647
3676 5648
871 5649
1820 5650
4146 5651
2341 5652
2959 5653
2942 5654
5635 5655
2657 5656
1920 5657
4887 5658
1231 5659
1456 5660
5358 5661
4306 5662
712 5663
1115 5664
4707 5665
4420 5666
1568 5667
4088 5668
1887 5669
5408 5670
5296 5671
3025 5672
2476 5673
4015 5674
636 5675
2601 5676
3811 5677
1421 5678
1795 5679
4769 5680
5281 5681
325 5682
5429 5683
4881 5684
180 5685
5170 5686
3766 5687
609 5688
4501 5689
4895 5690
3251 5691
2525 5692
988 5693
378 5694
4812 5695
1956 5696
4071 5697
1141 5698
1751 5699
3122 5700
1666 5701
5027 5702
3163 5703
1975 5704
4166 5705
322 5706
1222 5707
83 5708
2000 5709
1675 5710
230 5711
3765 5712
740 5713
1561 5714
1522 5715
2701 5716
2086 5717
1805 5718
2608 5719
1698 5720
4707 5721
2646 5722
4115 5723
1972 5724
2690 5725
3381 5726
858 5727
5090 5728
588 5729
5381 5730
5044 5731
4450 5732
3287 5733
2343 5734
223 5735
4206 5736
1615 5737
3851 5738
2437 5739
4472 5740
1824 5741
1231 5742
4067 5743
1154 5744
5665 5745
2007 5746
3364 5747
1428 5748
5112 5749
717 5750
1907 5751
1618 5752
4051 5753
3337 5754
1636 5755
4205 5756
5304 5757
317 5758
1659 5759
2990 5760
2472 5761
5217 5762
2355 5763
420 5764
3064 5765
5501 5766
3891 5767
2391 5768
2725 5769
2572 5770
328 5771
5416 5772
4914 5773
3334 5774
2070 5775
3091 5776
2448 5777
4612 5778
3961 5779
4619 5780
3904 5781
2255 5782
3768 5783
4895 5784
2712 5785
5685 5786
5243 5787
3741 5788
3177 5789
4738 5790
1971 5791
1779 5792
836 5793
4555 5794
3736 5795
2201 5796
5771 5797
2174 5798
5328 5799
227 5800
2783 5801
5470 5802
2454 5803
4559 5804
2545 5805
2294 5806
3218 5807
2256 5808
2074 5809
3973 5810
1813 5811
3650 5812
1469 5813
451 5814
4089 5815
1391 5816
1413 5817
1252 5818
5162 5819
1351 5820
4137 5821
5626 5822
4959 5823
4204 5824
61 5825
4028 5826
613 5827
4683 5828
3281 5829
3628 5830
3947 5831
4505 5832
5408 5833
8 5834
199 5835
1165 5836
3392 5837
36 5838
1051 5839
3838 5840
283 5841
617 5842
3870 5843
836 5844
1930 5845
3235 5846
1285 5847
3718 5848
4558 5849
1548 5850
1562 5851
2618 5852
1454 5853
3840 5854
2830 5855
2394 5856
1909 5857
1320 5858
5318 5859
3338 5860
5666 5861
2438 5862
1528 5863
4524 5864
35 5865
2526 5866
3919 5867
5111 5868
4650 5869
2554 5870
1228 5871
4880 5872
1795 5873
1878 5874
2806 5875
4254 5876
5849 5877
5209 5878
2473 5879
1451 5880
4928 5881
612 5882
712 5883
489 5884
4122 5885
31 5886
2744 5887
4528 5888
3488 5889
5726 5890
5426 5891
5576 5892
82 5893
3614 5894
4756 5895
4386 5896
1620 5897
1330 5898
1893 5899
3668 5900
2102 5901
477 5902
633 5903
5808 5904
437 5905
2171 5906
4375 5907
605 5908
20 5909
3832 5910
4610 5911
1033 5912
4266 5913
83 5914
1473 5915
5914 5916
1456 5917
5335 5918
4116 5919
1944 5920
932 5921
2557 5922
617 5923
1229 5924
4818 5925
2450 5926
1384 5927
3373 5928
1172 5929
3010 5930
5751 5931
3491 5932
4868 5933
4999 5934
5211 5935
4115 5936
4124 5937
2494 5938
1916 5939
5243 5940
3342 5941
1931 5942
291 5943
4643 5944
296 5945
3933 5946
531 5947
1903 5948
4506 5949
2408 5950
2634 5951
4052 5952
977 5953
5128 5954
5809 5955
3230 5956
5338 5957
5691 5958
3289 5959
1284 5960
3064 5961
3469 5962
726 5963
5321 5964
1437 5965
4881 5966
900 5967
1505 5968
3581 5969
4787 5970
5813 5971
966 5972
796 5973
2160 5974
5505 5975
5208 5976
299 5977
2728 5978
5693 5979
3665 5980
1476 5981
3890 5982
521 5983
226 5984
4665 5985
5489 5986
4913 5987
1739 5988
1271 5989
2869 5990
4516 5991
1585 5992
1867 5993
3962 5994
3441 5995
4577 5996
1152 5997
1589 5998
5660 5999
782 6000
1409 6001
4775 6002
3379 6003
2177 6004
2198 6005
5554 6006
3737 6007
4543 6008
3790 6009
454 6010
4408 6011
485 6012
964 6013
4205 6014
1086 6015
3518 6016
3608 6017
1883 6018
3509 6019
3694 6020
2156 6021
5067 6022
246 6023
5649 6024
574 6025
4522 6026
2326 6027
680 6028
4274 6029
3735 6030
1060 6031
3079 6032
4664 6033
224 6034
1154 6035
898 6036
427 6037
4129 6038
4547 6039
3121 6040
2801 6041
4287 6042
5883 6043
155 6044
607 6045
2970 6046
5695 6047
5695 6048
5092 6049
2003 6050
3651 6051
4049 6052
1945 6053
3134 6054
4350 6055
5224 6056
3427 6057
640 6058
3158 6059
3863 6060
3079 6061
4129 6062
647 6063
367 6064
4951 6065
1725 6066
720 6067
1321 6068
214 6069
5194 6070
2189 6071
5192 6072
5017 6073
4870 6074
6042 6075
5449 6076
3477 6077
2495 6078
2408 6079
889 6080
1089 6081
5843 6082
3306 6083
1870 6084
2243 6085
2090 6086
2533 6087
5629 6088
3908 6089
2962 6090
5840 6091
270 6092
138 6093
640 6094
3842 6095
2315 6096
1149 6097
2098 6098
5435 6099
3529 6100
193 6101
2319 6102
2945 6103
1214 6104
3216 6105
1781 6106
2038 6107
4840 6108
1793 6109
5853 6110
3497 6111
5673 6112
2370 6113
5655 6114
3264 6115
1387 6116
2763 6117
2524 6118
3891 6119
3931 6120
6069 6121
5824 6122
2246 6123
4915 6124
2413 6125
5398 6126
3889 6127
4990 6128
121 6129
1121 6130
3167 6131
3415 6132
5377 6133
5273 6134
1309 6135
4900 6136
2405 6137
3840 6138
3546 6139
5757 6140
5666 6141
5130 6142
2701 6143
1021 6144
1277 6145
1816 6146
5647 6147
1240 6148
301 6149
18 6150
260 6151
2314 6152
1913 6153
3645 6154
3023 6155
582 6156
1338 6157
3152 6158
5221 6159
5144 6160
5487 6161
1029 6162
5253 6163
303 6164
1571 6165
399 6166
5978 6167
1162 6168
1848 6169
5768 6170
3392 6171
4435 6172
1913 6173
4890 6174
3067 6175
6072 6176
1945 6177
3342 6178
757 6179
5218 6180
510 6181
6126 6182
2612 6183
3058 6184
2310 6185
3931 6186
4987 6187
2079 6188
4435 6189
2823 6190
2746 6191
5684 6192
4074 6193
5516 6194
3700 6195
5855 6196
1456 6197
521 6198
3483 6199
2082 6200
5365 6201
2906 6202
3371 6203
905 6204
1348 6205
4709 6206
28 6207
4358 6208
3265 6209
3742 6210
248 6211
58 6212
4037 6213
716 6214
203 6215
3892 6216
2505 6217
5053 6218
2851 6219
5886 6220
1464 6221
595 6222
3370 6223
1291 6224
4928 6225
2459 6226
2673 6227
268 6228
4611 6229
2488 6230
4740 6231
4701 6232
3959 6233
3344 6234
4163 6235
2323 6236
1412 6237
3963 6238
2817 6239
1847 6240
4421 6241
5423 6242
2391 6243
4236 6244
482 6245
2743 6246
3700 6247
4909 6248
2117 6249
3569 6250
2660 6251
355 6252
1246 6253
934 6254
4980 6255
2393 6256
3101 6257
3204 6258
1394 6259
2326 6260
682 6261
5317 6262
4029 6263
2163 6264
171 6265
943 6266
541 6267
2124 6268
946 6269
2950 6270
4677 6271
5008 6272
130 6273
3278 6274
5371 6275
2451 6276
3181 6277
914 6278
417 6279
446 6280
5171 6281
651 6282
4660 6283
5967 6284
4841 6285
970 6286
351 6287
910 6288
3764 6289
3944 6290
3854 6291
867 6292
3073 6293
3285 6294
1406 6295
6069 6296
590 6297
3315 6298
5895 6299
4654 6300
3510 6301
3613 6302
2166 6303
2200 6304
2856 6305
2573 6306
6153 6307
1819 6308
5274 6309
4513 6310
2198 6311
2148 6312
1526 6313
3071 6314
1617 6315
5131 6316
6016 6317
1708 6318
1816 6319
649 6320
5128 6321
2720 6322
4469 6323
4778 6324
317 6325
2735 6326
5184 6327
2178 6328
6182 6329
6219 6330
3286 6331
1546 6332
3562 6333
3651 6334
3911 6335
1580 6336
4290 6337
674 6338
4427 6339
6219 6340
4807 6341
2158 6342
5437 6343
2598 6344
6221 6345
844 6346
5816 6347
3426 6348
6101 6349
3616 6350
6331 6351
1449 6352
5779 6353
2803 6354
2182 6355
240 6356
117 6357
4198 6358
512 6359
1769 6360
2621 6361
612 6362
990 6363
1702 6364
6160 6365
5716 6366
443 6367
2481 6368
3984 6369
2784 6370
665 6371
4898 6372
2803 6373
530 6374
3003 6375
1626 6376
5467 6377
2457 6378
4041 6379
1214 6380
2388 6381
4515 6382
3066 6383
3778 6384
566 6385
582 6386
3790 6387
835 6388
6386 6389
1576 6390
1240 6391
5723 6392
4555 6393
1082 6394
1268 6395
106 6396
2624 6397
4278 6398
3387 6399
5049 6400
4071 6401
1630 6402
6350 6403
5482 6404
1165 6405
2850 6406
5023 6407
1558 6408
1419 6409
1251 6410
5284 6411
4564 6412
1312 6413
1385 6414
5715 6415
5108 6416
1469 6417
3816 6418
2519 6419
4036 6420
5108 6421
389 6422
4539 6423
5233 6424
1248 6425
75 6426
2852 6427
127 6428
2222 6429
1081 6430
2152 6431
2335 6432
1118 6433
2327 6434
1675 6435
2288 6436
4464 6437
5814 6438
235 6439
2077 6440
644 6441
2921 6442
4929 6443
5439 6444
3718 6445
5141 6446
2346 6447
6110 6448
546 6449
2148 6450
6110 6451
5258 6452
3602 6453
5098 6454
2461 6455
268 6456
6367 6457
3885 6458
290 6459
4623 6460
4379 6461
6361 6462
4491 6463
5849 6464
68 6465
4251 6466
3459 6467
424 6468
5502 6469
392 6470
3120 6471
2054 6472
965 6473
1172 6474
1730 6475
3609 6476
3050 6477
3979 6478
2832 6479
5194 6480
4610 6481
755 6482
1345 6483
906 6484
4323 6485
1521 6486
1144 6487
523 6488
1139 6489
4627 6490
2968 6491
3793 6492
4752 6493
5575 6494
330 6495
4016 6496
2953 6497
4261 6498
3207 6499
1100 6500
1609 6501
661 6502
5519 6503
5695 6504
2299 6505
4390 6506
2091 6507
5888 6508
3065 6509
6201 6510
4472 6511
3910 6512
2685 6513
3359 6514
2550 6515
3971 6516
5395 6517
9 6518
3019 6519
4967 6520
2120 6521
5317 6522
5751 6523
4786 6524
574 6525
1273 6526
5472 6527
5462 6528
1102 6529
91 6530
3650 6531
5337 6532
5684 6533
1194 6534
4173 6535
6086 6536
919 6537
4400 6538
4671 6539
3911 6540
4310 6541
5989 6542
2628 6543
4066 6544
2624 6545
131 6546
754 6547
4312 6548
5211 6549
2313 6550
4351 6551
5573 6552
1407 6553
5673 6554
6418 6555
1192 6556
1251 6557
3928 6558
5534 6559
5097 6560
2400 6561
6216 6562
963 6563
6316 6564
3686 6565
3962 6566
138 6567
4281 6568
4946 6569
6082 6570
6095 6571
2647 6572
1726 6573
4406 6574
2852 6575
489 6576
1167 6577
5294 6578
3293 6579
4966 6580
2996 6581
4814 6582
2570 6583
2012 6584
175 6585
6173 6586
3751 6587
1129 6588
293 6589
4820 6590
3809 6591
6114 6592
1609 6593
4468 6594
1998 6595
2557 6596
3041 6597
1180 6598
4222 6599
3195 6600
6244 6601
468 6602
1669 6603
2010 6604
241 6605
307 6606
3822 6607
2380 6608
2022 6609
1846 6610
1391 6611
4949 6612
3621 6613
3995 6614
1502 6615
4780 6616
6263 6617
2256 6618
4864 6619
5832 6620
3860 6621
5578 6622
1156 6623
1387 6624
4065 6625
3844 6626
2690 6627
1219 6628
4387 6629
2702 6630
624 6631
5411 6632
4236 6633
1643 6634
849 6635
4076 6636
2071 6637
178 6638
1194 6639
5865 6640
2588 6641
1820 6642
252 6643
5795 6644
5711 6645
2167 6646
3737 6647
6431 6648
4324 6649
6491 6650
1175 6651
1081 6652
5286 6653
3393 6654
5817 6655
4057 6656
6242 6657
5102 6658
370 6659
4375 6660
4574 6661
5670 6662
3264 6663
4439 6664
3877 6665
4495 6666
1687 6667
2398 6668
3607 6669
4362 6670
5556 6671
201 6672
4928 6673
1561 6674
405 6675
4275 6676
5076 6677
3429 6678
1896 6679
5317 6680
431 6681
6001 6682
6265 6683
78 6684
870 6685
3732 6686
2772 6687
5668 6688
4780 6689
3627 6690
4339 6691
4256 6692
4332 6693
3032 6694
4663 6695
5461 6696
1907 6697
677 6698
762 6699
2635 6700
2800 6701
4759 6702
4274 6703
4452 6704
1284 6705
2113 6706
5450 6707
2452 6708
6113 6709
1870 6710
917 6711
4331 6712
2633 6713
5355 6714
5704 6715
527 6716
2561 6717
699 6718
5317 6719
4168 6720
90 6721
2454 6722
1889 6723
3884 6724
5750 6725
2391 6726
1287 6727
2455 6728
352 6729
2012 6730
4151 6731
5802 6732
5271 6733
5703 6734
705 6735
4994 6736
1033 6737
6579 6738
2231 6739
5763 6740
2099 6741
3035 6742
126 6743
5330 6744
478 6745
2652 6746
3003 6747
6126 6748
5487 6749
359 6750
4404 6751
5977 6752
5775 6753
4249 6754
4008 6755
424 6756
3545 6757
2376 6758
5872 6759
813 6760
3774 6761
6349 6762
3742 6763
1792 6764
2757 6765
2392 6766
5729 6767
6529 6768
1431 6769
269 6770
5966 6771
3553 6772
1097 6773
4739 6774
4709 6775
979 6776
3136 6777
5967 6778
1063 6779
4255 6780
1729 6781
3530 6782
396 6783
2983 6784
1486 6785
6464 6786
2535 6787
5273 6788
4569 6789
6357 6790
1470 6791
4626 6792
2285 6793
3078 6794
3612 6795
268 6796
2184 6797
1623 6798
951 6799
3433 6800
1085 6801
3111 6802
766 6803
2476 6804
5342 6805
3221 6806
874 6807
3994 6808
3184 6809
3393 6810
4116 6811
4795 6812
2137 6813
2069 6814
342 6815
6131 6816
2435 6817
6686 6818
6277 6819
5322 6820
1628 6821
3860 6822
2047 6823
1021 6824
5309 6825
636 6826
6244 6827
121 6828
2287 6829
3363 6830
3703 6831
4182 6832
3401 6833
387 6834
2319 6835
3097 6836
5880 6837
619 6838
104 6839
4374 6840
4949 6841
4759 6842
212 6843
5919 6844
5823 6845
3404 6846
1195 6847
3223 6848
6009 6849
2832 6850
2734 6851
6387 6852
5889 6853
6288 6854
791 6855
3349 6856
3486 6857
2934 6858
2327 6859
1099 6860
2029 6861
66 6862
5175 6863
4948 6864
925 6865
4871 6866
6776 6867
3232 6868
3362 6869
1840 6870
1776 6871
1389 6872
4408 6873
2521 6874
3565 6875
3943 6876
2429 6877
1714 6878
6388 6879
2656 6880
1874 6881
4221 6882
214 6883
6883 6884
2287 6885
376 6886
1848 6887
1902 6888
4853 6889
4920 6890
5654 6891
3575 6892
3652 6893
2436 6894
349 6895
5377 6896
1335 6897
3369 6898
907 6899
322 6900
3417 6901
4098 6902
4829 6903
6386 6904
1688 6905
90 6906
6282 6907
4491 6908
2111 6909
1429 6910
1774 6911
2224 6912
5905 6913
5978 6914
1744 6915
5511 6916
6514 6917
1611 6918
2006 6919
2184 6920
3632 6921
1765 6922
4576 6923
1927 6924
4257 6925
1907 6926
1963 6927
5116 6928
6107 6929
1716 6930
4465 6931
1308 6932
1611 6933
3792 6934
4780 6935
2147 6936
2471 6937
5180 6938
4068 6939
5192 6940
176 6941
4206 6942
3621 6943
3248 6944
5506 6945
5362 6946
1001 6947
6650 6948
5281 6949
5194 6950
6162 6951
5185 6952
6011 6953
3725 6954
604 6955
2112 6956
6075 6957
4798 6958
1569 6959
126 6960
6064 6961
6492 6962
5266 6963
4362 6964
6132 6965
1009 6966
1725 6967
5554 6968
1451 6969
2859 6970
1438 6971
6103 6972
6482 6973
6133 6974
4292 6975
6033 6976
1312 6977
3434 6978
4414 6979
2336 6980
4123 6981
1848 6982
4209 6983
5575 6984
99 6985
5576 6986
5139 6987
2587 6988
1364 6989
1269 6990
6285 6991
1816 6992
4928 6993
3139 6994
4022 6995
6449 6996
3008 6997
4907 6998
6466 6999
2796 7000
3754 7001
5300 7002
19 7003
4664 7004
588 7005
849 7006
3846 7007
3044 7008
5547 7009
3873 7010
3273 7011
2439 7012
6345 7013
5903 7014
445 7015
4075 7016
1910 7017
5959 7018
863 7019
1265 7020
1493 7021
5764 7022
951 7023
5230 7024
1725 7025
1860 7026
1784 7027
4864 7028
2910 7029
5372 7030
6409 7031
1180 7032
5650 7033
1125 7034
3642 7035
2015 7036
5240 7037
6663 7038
5157 7039
3075 7040
4559 7041
245 7042
5606 7043
2757 7044
2394 7045
5476 7046
2708 7047
4826 7048
4219 7049
2057 7050
6936 7051
4848 7052
2992 7053
656 7054
6370 7055
2046 7056
6700 7057
3986 7058
1713 7059
926 7060
1452 7061
1040 7062
2835 7063
3175 7064
1680 7065
6771 7066
4733 7067
5665 7068
5834 7069
6064 7070
1915 7071
3583 7072
6478 7073
6980 7074
6513 7075
6571 7076
965 7077
5160 7078
5544 7079
886 7080
5129 7081
3596 7082
4185 7083
1998 7084
923 7085
3201 7086
699 7087
1891 7088
1787 7089
3884 7090
5847 7091
5319 7092
3749 7093
3969 7094
5529 7095
3178 7096
1261 7097
1081 7098
5917 7099
1619 7100
1284 7101
6546 7102
2059 7103
5721 7104
845 7105
5226 7106
496 7107
3945 7108
4282 7109
2234 7110
3161 7111
4125 7112
3447 7113
5139 7114
29 7115
3431 7116
3370 7117
7102 7118
2743 7119
3157 7120
1694 7121
1395 7122
1677 7123
485 7124
5355 7125
6007 7126
1071 7127
6297 7128
4504 7129
1125 7130
5629 7131
4094 7132
4630 7133
6993 7134
6772 7135
6370 7136
1767 7137
423 7138
5459 7139
4297 7140
6427 7141
2045 7142
751 7143
200 7144
2170 7145
1861 7146
5660 7147
853 7148
3446 7149
1724 7150
3978 7151
7139 7152
3684 7153
1147 7154
6809 7155
905 7156
1986 7157
3611 7158
911 7159
5431 7160
3614 7161
2869 7162
1137 7163
6246 7164
4177 7165
5547 7166
3412 7167
2098 7168
2206 7169
1518 7170
2176 7171
6824 7172
5343 7173
324 7174
4243 7175
3714 7176
1368 7177
1276 7178
5144 7179
5792 7180
6279 7181
1841 7182
6980 7183
2359 7184
546 7185
2352 7186
3536 7187
4715 7188
5910 7189
6910 7190
3352 7191
5291 7192
6373 7193
4900 7194
479 7195
666 7196
808 7197
897 7198
5345 7199
3074 7200
596 7201
2390 7202
1680 7203
4750 7204
2470 7205
3238 7206
5015 7207
4897 7208
4782 7209
67 7210
7063 7211
829 7212
1678 7213
6534 7214
452 7215
658 7216
5047 7217
2872 7218
2157 7219
6332 7220
6164 7221
1346 7222
6296 7223
1044 7224
1862 7225
6478 7226
1509 7227
2029 7228
524 7229
2765 7230
2858 7231
7177 7232
1190 7233
2067 7234
4306 7235
5093 7236
2756 7237
2016 7238
3381 7239
164 7240
4460 7241
1929 7242
6583 7243
5845 7244
3435 7245
4566 7246
6296 7247
6930 7248
143 7249
2369 7250
599 7251
141 7252
3540 7253
5957 7254
6126 7255
3945 7256
587 7257
6386 7258
5417 7259
4977 7260
6300 7261
2980 7262
6519 7263
752 7264
2227 7265
1865 7266
6790 7267
7043 7268
659 7269
497 7270
6358 7271
3167 7272
5804 7273
1423 7274
3039 7275
5120 7276
1487 7277
2946 7278
6009 7279
5720 7280
5201 7281
2916 7282
1035 7283
6048 7284
3736 7285
4306 7286
710 7287
6634 7288
75 7289
3966 7290
3135 7291
6522 7292
5671 7293
6142 7294
5259 7295
4612 7296
185 7297
3360 7298
3586 7299
6640 7300
1307 7301
70 7302
6412 7303
6356 7304
330 7305
2707 7306
4432 7307
517 7308
3485 7309
2435 7310
4754 7311
6120 7312
506 7313
5817 7314
6236 7315
5484 7316
2876 7317
590 7318
2048 7319
3529 7320
4904 7321
4493 7322
4495 7323
2918 7324
3041 7325
1991 7326
6558 7327
2935 7328
1324 7329
5868 7330
5431 7331
1948 7332
5303 7333
3445 7334
6715 7335
496 7336
1939 7337
3481 7338
1735 7339
6244 7340
2607 7341
1215 7342
2527 7343
1009 7344
1336 7345
1033 7346
666 7347
829 7348
2472 7349
2088 7350
1575 7351
798 7352
385 7353
2659 7354
839 7355
1522 7356
5091 7357
6027 7358
4200 7359
5181 7360
427 7361
4962 7362
5231 7363
5471 7364
1510 7365
3051 7366
4432 7367
564 7368
4829 7369
4242 7370
6878 7371
563 7372
417 7373
5915 7374
5967 7375
415 7376
3715 7377
895 7378
253 7379
6330 7380
4477 7381
3153 7382
3048 7383
439 7384
4464 7385
4499 7386
5136 7387
3592 7388
707 7389
4026 7390
6852 7391
5065 7392
5386 7393
4949 7394
4937 7395
94 7396
1238 7397
43 7398
5535 7399
5798 7400
2146 7401
6526 7402
3562 7403
3869 7404
4299 7405
1224 7406
5653 7407
4826 7408
3082 7409
4572 7410
3235 7411
551 7412
5590 7413
3409 7414
2602 7415
5271 7416
6571 7417
6965 7418
1733 7419
7360 7420
3705 7421
6447 7422
4196 7423
2079 7424
1438 7425
3547 7426
6069 7427
4460 7428
6508 7429
715 7430
602 7431
5057 7432
6312 7433
1898 7434
4255 7435
5646 7436
1612 7437
2185 7438
7135 7439
4215 7440
2465 7441
5348 7442
428 7443
6015 7444
1899 7445
1830 7446
4011 7447
3695 7448
2732 7449
1714 7450
6111 7451
7021 7452
3046 7453
632 7454
2237 7455
6668 7456
1008 7457
6167 7458
4201 7459
850 7460
6341 7461
4330 7462
33 7463
3229 7464
3644 7465
2323 7466
88 7467
4192 7468
7141 7469
2539 7470
3720 7471
4208 7472
2947 7473
2999 7474
5170 7475
6166 7476
1886 7477
2546 7478
7077 7479
1139 7480
5138 7481
2291 7482
969 7483
1035 7484
91 7485
358 7486
7131 7487
7413 7488
1729 7489
600 7490
2499 7491
1260 7492
4365 7493
674 7494
6245 7495
6101 7496
4478 7497
6542 7498
5342 7499
5148 7500
2789 7501
119 7502
6331 7503
3249 7504
211 7505
1620 7506
4446 7507
4701 7508
6809 7509
3677 7510
5291 7511
1496 7512
2854 7513
3723 7514
1131 7515
4414 7516
5955 7517
7438 7518
4603 7519
3711 7520
2839 7521
4176 7522
217 7523
4609 7524
4847 7525
6629 7526
4860 7527
6131 7528
2784 7529
4922 7530
2489 7531
5351 7532
6431 7533
7268 7534
3337 7535
4857 7536
2683 7537
3983 7538
1847 7539
369 7540
1703 7541
2338 7542
4158 7543
5952 7544
6841 7545
4057 7546
3204 7547
4994 7548
630 7549
3057 7550
535 7551
6977 7552
2970 7553
4761 7554
4772 7555
3681 7556
4708 7557
5722 7558
2828 7559
3097 7560
6167 7561
6736 7562
5710 7563
2488 7564
1067 7565
1937 7566
3193 7567
2679 7568
4384 7569
5928 7570
6373 7571
7541 7572
2520 7573
3613 7574
2919 7575
6264 7576
3006 7577
3696 7578
6913 7579
6401 7580
2782 7581
5260 7582
7048 7583
3142 7584
6010 7585
6583 7586
67 7587
5218 7588
6330 7589
5305 7590
4804 7591
5095 7592
4144 7593
3444 7594
3506 7595
6218 7596
4814 7597
7251 7598
2782 7599
2491 7600
387 7601
2883 7602
2628 7603
6896 7604
810 7605
1259 7606
4702 7607
4192 7608
4018 7609
3927 7610
2530 7611
738 7612
4440 7613
2756 7614
2384 7615
5103 7616
2220 7617
1082 7618
2093 7619
7603 7620
5740 7621
4952 7622
4846 7623
1843 7624
619 7625
5140 7626
2869 7627
7558 7628
2114 7629
4007 7630
5187 7631
6367 7632
6076 7633
4641 7634
2596 7635
6100 7636
3608 7637
4928 7638
5809 7639
593 7640
5210 7641
5765 7642
4273 7643
1913 7644
7574 7645
6293 7646
6906 7647
5681 7648
2237 7649
7646 7650
3864 7651
6733 7652
909 7653
3873 7654
1931 7655
2509 7656
5490 7657
6344 7658
398 7659
5287 7660
6897 7661
2130 7662
6873 7663
594 7664
3016 7665
3098 7666
1208 7667
2592 7668
2563 7669
1998 7670
6386 7671
1312 7672
2164 7673
3081 7674
3158 7675
5583 7676
122 7677
5712 7678
4799 7679
3634 7680
3552 7681
4634 7682
4303 7683
4432 7684
1340 7685
1489 7686
1949 7687
110 7688
5609 7689
2213 7690
6849 7691
770 7692
2735 7693
4358 7694
3763 7695
1346 7696
7635 7697
956 7698
676 7699
2149 7700
5391 7701
4231 7702
1733 7703
7365 7704
5729 7705
1330 7706
386 7707
592 7708
6604 7709
5161 7710
5212 7711
3753 7712
350 7713
763 7714
2331 7715
5287 7716
7115 7717
6463 7718
4716 7719
1682 7720
4093 7721
38 7722
5426 7723
1829 7724
2811 7725
6429 7726
1644 7727
5621 7728
1090 7729
4702 7730
3658 7731
1242 7732
6126 7733
5045 7734
6318 7735
2282 7736
5249 7737
682 7738
3879 7739
1775 7740
4937 7741
1890 7742
6273 7743
4167 7744
5515 7745
3204 7746
1558 7747
1937 7748
7286 7749
7296 7750
3356 7751
2804 7752
407 7753
589 7754
3071 7755
1065 7756
6196 7757
6424 7758
686 7759
3137 7760
7758 7761
4292 7762
5507 7763
1190 7764
1385 7765
7210 7766
1925 7767
5101 7768
4254 7769
1917 7770
4560 7771
2592 7772
5056 7773
276 7774
1783 7775
6292 7776
1768 7777
5803 7778
6281 7779
500 7780
169 7781
4911 7782
126 7783
7101 7784
6663 7785
7398 7786
300 7787
7551 7788
1459 7789
3356 7790
6781 7791
5651 7792
1812 7793
4370 7794
7102 7795
5298 7796
7031 7797
5331 7798
1377 7799
1899 7800
6885 7801
7681 7802
5311 7803
3044 7804
701 7805
3091 7806
2044 7807
974 7808
7487 7809
6792 7810
522 7811
4361 7812
5197 7813
3264 7814
3283 7815
805 7816
3469 7817
209 7818
6395 7819
7518 7820
6526 7821
3800 7822
3375 7823
2710 7824
1335 7825
4816 7826
2468 7827
6681 7828
3501 7829
1051 7830
2354 7831
5087 7832
5306 7833
1721 7834
3153 7835
457 7836
852 7837
5012 7838
6238 7839
3096 7840
7201 7841
5035 7842
2435 7843
3131 7844
1858 7845
7517 7846
4969 7847
2315 7848
6809 7849
5198 7850
3275 7851
1857 7852
3324 7853
4270 7854
5153 7855
1225 7856
7118 7857
5813 7858
5077 7859
3409 7860
2703 7861
2981 7862
2136 7863
3781 7864
6241 7865
2966 7866
118 7867
2514 7868
6488 7869
7420 7870
4209 7871
3108 7872
2586 7873
6569 7874
7703 7875
7819 7876
1077 7877
7740 7878
3188 7879
4590 7880
1648 7881
4834 7882
1429 7883
844 7884
55 7885
2492 7886
2973 7887
5862 7888
5424 7889
4334 7890
1594 7891
1385 7892
3800 7893
2391 7894
2951 7895
4207 7896
7005 7897
5973 7898
3924 7899
6596 7900
5938 7901
2899 7902
6826 7903
1693 7904
7136 7905
2759 7906
954 7907
2558 7908
3773 7909
6469 7910
1013 7911
198 7912
2155 7913
3302 7914
4159 7915
2275 7916
1479 7917
1543 7918
2882 7919
3144 7920
7681 7921
6114 7922
105 7923
6599 7924
5596 7925
7774 7926
3461 7927
978 7928
2355 7929
1027 7930
4476 7931
1948 7932
270 7933
6965 7934
593 7935
952 7936
6726 7937
1428 7938
2589 7939
7828 7940
5027 7941
6394 7942
3520 7943
1953 7944
6803 7945
1233 7946
2106 7947
1373 7948
3200 7949
5995 7950
172 7951
88 7952
5564 7953
5904 7954
6955 7955
2043 7956
5954 7957
6522 7958
3704 7959
6444 7960
6818 7961
2951 7962
5244 7963
4118 7964
522 7965
4324 7966
5312 7967
5258 7968
7306 7969
6921 7970
1002 7971
7801 7972
5378 7973
4617 7974
6389 7975
5269 7976
7464 7977
6337 7978
5576 7979
285 7980
3222 7981
6796 7982
157 7983
6433 7984
5482 7985
3737 7986
2871 7987
1591 7988
4364 7989
6301 7990
751 7991
2060 7992
7735 7993
6527 7994
5965 7995
2457 7996
4031 7997
3556 7998
3495 7999
6084 8000
6440 8001
7724 8002
657 8003
7039 8004
1327 8005
546 8006
1975 8007
1839 8008
7950 8009
2944 8010
7280 8011
5149 8012
1807 8013
3776 8014
7014 8015
1275 8016
4722 8017
1772 8018
5199 8019
942 8020
7782 8021
6179 8022
7396 8023
6654 8024
4669 8025
2567 8026
2631 8027
6113 8028
5668 8029
3210 8030
1690 8031
5873 8032
2694 8033
7003 8034
468 8035
7145 8036
3727 8037
3062 8038
7860 8039
5423 8040
229 8041
3463 8042
3 8043
3241 8044
6630 8045
6727 8046
1748 8047
4950 8048
3458 8049
5791 8050
948 8051
2784 8052
478 8053
6278 8054
425 8055
7857 8056
5594 8057
7933 8058
1374 8059
229 8060
7801 8061
7027 8062
2849 8063
5175 8064
477 8065
4465 8066
5045 8067
2893 8068
6998 8069
3341 8070
5503 8071
7686 8072
471 8073
2066 8074
8017 8075
1762 8076
7013 8077
3061 8078
5319 8079
3085 8080
3411 8081
3247 8082
1605 8083
934 8084
6593 8085
6041 8086
7676 8087
3242 8088
1044 8089
6013 8090
2211 8091
5598 8092
691 8093
7729 8094
7867 8095
4562 8096
5055 8097
2002 8098
3126 8099
1339 8100
6278 8101
1387 8102
126 8103
4806 8104
2305 8105
3203 8106
836 8107
1231 8108
7917 8109
3683 8110
2332 8111
7594 8112
6351 8113
3064 8114
6803 8115
4095 8116
7155 8117
2025 8118
6954 8119
4769 8120
5728 8121
5550 8122
1383 8123
5034 8124
3270 8125
1908 8126
2705 8127
433 8128
2020 8129
2414 8130
4079 8131
5154 8132
228 8133
1350 8134
4244 8135
6349 8136
7315 8137
790 8138
860 8139
7747 8140
2064 8141
4087 8142
2067 8143
3482 8144
6228 8145
4420 8146
6074 8147
4794 8148
645 8149
2825 8150
175 8151
4120 8152
6931 8153
2880 8154
5175 8155
4965 8156
6194 8157
4531 8158
2774 8159
4545 8160
6254 8161
3621 8162
3205 8163
6616 8164
6416 8165
3947 8166
6810 8167
3675 8168
7662 8169
2564 8170
1834 8171
494 8172
6827 8173
6256 8174
3608 8175
1875 8176
3351 8177
3564 8178
1040 8179
664 8180
1690 8181
3115 8182
3235 8183
1036 8184
1774 8185
1617 8186
7009 8187
4122 8188
2162 8189
7508 8190
5723 8191
2269 8192
8003 8193
591 8194
5854 8195
4893 8196
6027 8197
3539 8198
3465 8199
3011 8200
6520 8201
6431 8202
4427 8203
1353 8204
7888 8205
2300 8206
1295 8207
58 8208
2509 8209
5578 8210
7455 8211
2846 8212
5676 8213
1036 8214
4381 8215
3481 8216
216 8217
4559 8218
4480 8219
6294 8220
6862 8221
3154 8222
8043 8223
4538 8224
7542 8225
5196 8226
675 8227
5447 8228
388 8229
3528 8230
295 8231
3298 8232
6631 8233
2892 8234
4619 8235
3557 8236
2356 8237
2555 8238
3998 8239
4715 8240
7677 8241
811 8242
482 8243
3899 8244
1761 8245
2349 8246
7264 8247
7709 8248
3874 8249
1785 8250
2605 8251
4005 8252
793 8253
4751 8254
3551 8255
6537 8256
1952 8257
1668 8258
6952 8259
5870 8260
4308 8261
1554 8262
4589 8263
5838 8264
2835 8265
912 8266
3398 8267
3726 8268
1588 8269
344 8270
6834 8271
1242 8272
5021 8273
221 8274
4807 8275
288 8276
5584 8277
205 8278
6915 8279
7473 8280
4729 8281
3606 8282
5402 8283
2369 8284
807 8285
5085 8286
2647 8287
7918 8288
6030 8289
4990 8290
4478 8291
188 8292
5645 8293
1887 8294
4720 8295
2217 8296
6530 8297
1454 8298
6497 8299
5783 8300
5300 8301
5110 8302
4853 8303
5191 8304
8177 8305
3272 8306
3876 8307
75 8308
4470 8309
1469 8310
7927 8311
7281 8312
4985 8313
6580 8314
3055 8315
5363 8316
5901 8317
6673 8318
7860 8319
8129 8320
812 8321
538 8322
3926 8323
5293 8324
210 8325
4880 8326
5222 8327
2549 8328
7546 8329
4600 8330
7314 8331
278 8332
2951 8333
4719 8334
8028 8335
8127 8336
2306 8337
7139 8338
1316 8339
3013 8340
4329 8341
3534 8342
5647 8343
8201 8344
5890 8345
5289 8346
854 8347
6494 8348
5981 8349
1664 8350
5779 8351
1798 8352
5509 8353
2014 8354
5930 8355
3603 8356
7810 8357
2841 8358
6310 8359
7674 8360
4366 8361
6247 8362
212 8363
2985 8364
2264 8365
7799 8366
8169 8367
1778 8368
540 8369
715 8370
2014 8371
511 8372
3667 8373
89 8374
7372 8375
3268 8376
3770 8377
1148 8378
4116 8379
499 8380
5999 8381
2385 8382
7325 8383
4333 8384
3458 8385
6464 8386
2403 8387
4792 8388
2448 8389
4353 8390
7632 8391
4382 8392
7684 8393
6871 8394
4885 8395
4760 8396
5330 8397
6007 8398
7812 8399
3353 8400
704 8401
3774 8402
754 8403
4260 8404
2967 8405
4669 8406
3239 8407
4864 8408
7839 8409
5952 8410
3279 8411
1077 8412
1506 8413
138 8414
7538 8415
1150 8416
6930 8417
3555 8418
2482 8419
5450 8420
5787 8421
4879 8422
7642 8423
4028 8424
1894 8425
5044 8426
4528 8427
6714 8428
2288 8429
7204 8430
7728 8431
5990 8432
2800 8433
7401 8434
818 8435
7633 8436
7455 8437
7670 8438
7179 8439
3035 8440
8298 8441
6331 8442
4677 8443
8032 8444
5810 8445
1678 8446
1910 8447
687 8448
5450 8449
2001 8450
3330 8451
4986 8452
6473 8453
6907 8454
7273 8455
5064 8456
8358 8457
8054 8458
6816 8459
5240 8460
1532 8461
4299 8462
3762 8463
3570 8464
7615 8465
4979 8466
5219 8467
2419 8468
6629 8469
6237 8470
3937 8471
3366 8472
6013 8473
3590 8474
4001 8475
4620 8476
3085 8477
201 8478
7516 8479
6501 8480
8236 8481
577 8482
6580 8483
658 8484
499 8485
8038 8486
6579 8487
1909 8488
7734 8489
2594 8490
8274 8491
4493 8492
7617 8493
5190 8494
1412 8495
3316 8496
2747 8497
3009 8498
5842 8499
6078 8500
1588 8501
8272 8502
7951 8503
6922 8504
1603 8505
4704 8506
738 8507
5571 8508
1787 8509
5349 8510
6477 8511
6145 8512
6665 8513
5120 8514
5373 8515
6924 8516
6647 8517
5227 8518
2123 8519
5811 8520
1718 8521
2308 8522
8452 8523
3007 8524
2199 8525
238 8526
5385 8527
2166 8528
1516 8529
2590 8530
7818 8531
1283 8532
5153 8533
5321 8534
6527 8535
1947 8536
4078 8537
5184 8538
1787 8539
989 8540
4861 8541
3040 8542
4151 8543
2225 8544
4150 8545
6068 8546
2392 8547
1069 8548
8471 8549
5784 8550
3474 8551
1268 8552
5377 8553
5962 8554
5191 8555
1768 8556
4984 8557
161 8558
482 8559
5113 8560
1762 8561
6837 8562
8220 8563
3374 8564
2850 8565
4260 8566
3452 8567
7597 8568
4699 8569
4985 8570
6421 8571
2851 8572
3908 8573
4084 8574
1048 8575
5735 8576
8369 8577
4382 8578
236 8579
2663 8580
8501 8581
3984 8582
7321 8583
2395 8584
4048 8585
7504 8586
1957 8587
7189 8588
6517 8589
4798 8590
4968 8591
4058 8592
4748 8593
5505 8594
1018 8595
5938 8596
7618 8597
8522 8598
6340 8599
1624 8600
6496 8601
1435 8602
3568 8603
4333 8604
5940 8605
1193 8606
2294 8607
7942 8608
6544 8609
5189 8610
989 8611
3776 8612
3743 8613
7545 8614
8471 8615
4841 8616
5645 8617
2578 8618
261 8619
7705 8620
1328 8621
8481 8622
711 8623
5281 8624
4348 8625
1908 8626
2831 8627
3782 8628
1241 8629
3668 8630
8161 8631
8145 8632
2088 8633
6935 8634
5079 8635
1359 8636
4667 8637
5059 8638
2038 8639
336 8640
8395 8641
8045 8642
5609 8643
5938 8644
8456 8645
3093 8646
2989 8647
3390 8648
3165 8649
148 8650
309 8651
3024 8652
5312 8653
3726 8654
5330 8655
362 8656
6883 8657
5047 8658
4042 8659
1420 8660
5718 8661
7420 8662
4702 8663
4550 8664
1146 8665
3222 8666
1808 8667
5075 8668
5393 8669
2761 8670
6543 8671
4546 8672
5013 8673
3112 8674
6271 8675
8269 8676
3160 8677
3789 8678
7164 8679
926 8680
7816 8681
6484 8682
4569 8683
2378 8684
3111 8685
5130 8686
7644 8687
332 8688
8658 8689
4823 8690
2174 8691
308 8692
7556 8693
3990 8694
7952 8695
8231 8696
6780 8697
3612 8698
2740 8699
3804 8700
3410 8701
3815 8702
5405 8703
812 8704
1003 8705
1587 8706
8388 8707
413 8708
3031 8709
4810 8710
8610 8711
2426 8712
272 8713
3016 8714
7256 8715
52 8716
7394 8717
6245 8718
5684 8719
1194 8720
6229 8721
8115 8722
8017 8723
4533 8724
7547 8725
7072 8726
2910 8727
2001 8728
4055 8729
7041 8730
5111 8731
5824 8732
1967 8733
1352 8734
6498 8735
5990 8736
7085 8737
1377 8738
4439 8739
610 8740
7965 8741
4096 8742
2812 8743
3533 8744
7781 8745
1798 8746
2562 8747
7478 8748
3367 8749
4262 8750
6552 8751
8279 8752
2196 8753
7752 8754
1970 8755
844 8756
4639 8757
6254 8758
5773 8759
3871 8760
8152 8761
983 8762
3226 8763
5707 8764
7074 8765
6470 8766
2238 8767
3105 8768
3002 8769
6099 8770
1962 8771
218 8772
4137 8773
5220 8774
1317 8775
6053 8776
1877 8777
5624 8778
4380 8779
6007 8780
7374 8781
3571 8782
5523 8783
3890 8784
2656 8785
3176 8786
8044 8787
8424 8788
8586 8789
599 8790
3191 8791
5928 8792
7465 8793
7262 8794
279 8795
625 8796
880 8797
5252 8798
3624 8799
5143 8800
848 8801
2140 8802
6625 8803
4280 8804
2863 8805
8069 8806
3545 8807
3908 8808
1536 8809
7603 8810
50 8811
5334 8812
1526 8813
6447 8814
6174 8815
6136 8816
2013 8817
5751 8818
525 8819
5844 8820
2434 8821
2750 8822
145 8823
1738 8824
2519 8825
5860 8826
4621 8827
1044 8828
2670 8829
3698 8830
5138 8831
5112 8832
1839 8833
679 8834
1038 8835
2143 8836
5829 8837
4970 8838
962 8839
5447 8840
5998 8841
1836 8842
555 8843
5520 8844
8109 8845
3270 8846
4641 8847
2830 8848
2528 8849
5308 8850
3885 8851
8440 8852
8790 8853
616 8854
478 8855
806 8856
2906 8857
6246 8858
2205 8859
2876 8860
1700 8861
4629 8862
5190 8863
3678 8864
357 8865
3582 8866
8649 8867
1321 8868
7469 8869
8352 8870
2245 8871
3146 8872
5498 8873
6186 8874
8695 8875
4238 8876
5238 8877
792 8878
1613 8879
4894 8880
6417 8881
2028 8882
4872 8883
1143 8884
104 8885
6900 8886
718 8887
8116 8888
490 8889
8281 8890
8474 8891
5806 8892
6817 8893
3614 8894
3179 8895
7948 8896
6778 8897
1802 8898
5193 8899
8747 8900
4546 8901
8211 8902
6705 8903
6985 8904
5169 8905
724 8906
466 8907
1404 8908
1347 8909
1336 8910
7594 8911
72 8912
1463 8913
2489 8914
3811 8915
2412 8916
7970 8917
6318 8918
7551 8919
6174 8920
8803 8921
4763 8922
6535 8923
5936 8924
4731 8925
8824 8926
985 8927
5741 8928
6002 8929
2239 8930
6710 8931
6150 8932
3204 8933
1497 8934
585 8935
5150 8936
4113 8937
2535 8938
8783 8939
5713 8940
4560 8941
4823 8942
1686 8943
3381 8944
3715 8945
3455 8946
5173 8947
4341 8948
7323 8949
3549 8950
7741 8951
3468 8952
941 8953
5557 8954
2940 8955
7867 8956
7625 8957
128 8958
6925 8959
4226 8960
1887 8961
5442 8962
1332 8963
1833 8964
93 8965
527 8966
3262 8967
3896 8968
3105 8969
6254 8970
7829 8971
8342 8972
7380 8973
8720 8974
4998 8975
7344 8976
1804 8977
7354 8978
306 8979
8120 8980
5146 8981
440 8982
6849 8983
4227 8984
8873 8985
8087 8986
8742 8987
680 8988
6191 8989
7766 8990
5883 8991
2407 8992
8772 8993
7416 8994
2985 8995
3325 8996
4973 8997
1760 8998
8248 8999
6916 9000
6287 9001
970 9002
1406 9003
5911 9004
6962 9005
3824 9006
5097 9007
4795 9008
4021 9009
642 9010
683 9011
2693 9012
6928 9013
1161 9014
8861 9015
7679 9016
137 9017
8898 9018
811 9019
8405 9020
6646 9021
8888 9022
7384 9023
7675 9024
8569 9025
5225 9026
766 9027
1970 9028
5665 9029
137 9030
4730 9031
8638 9032
1741 9033
2383 9034
7957 9035
3823 9036
147 9037
5918 9038
765 9039
1670 9040
6700 9041
4159 9042
4521 9043
3749 9044
7931 9045
4523 9046
8706 9047
8194 9048
4474 9049
5957 9050
142 9051
2203 9052
707 9053
3559 9054
8210 9055
2352 9056
966 9057
4333 9058
8358 9059
4830 9060
4906 9061
5963 9062
5986 9063
8323 9064
1545 9065
1898 9066
6334 9067
6292 9068
1274 9069
7288 9070
4505 9071
8374 9072
2407 9073
5223 9074
740 9075
5809 9076
261 9077
8868 9078
6904 9079
5782 9080
7520 9081
8046 9082
6896 9083
6157 9084
7676 9085
3396 9086
3775 9087
9053 9088
1157 9089
8884 9090
6742 9091
1967 9092
7964 9093
4573 9094
1124 9095
3299 9096
4420 9097
1169 9098
4198 9099
2216 9100
2407 9101
6782 9102
5818 9103
7096 9104
5722 9105
8659 9106
6306 9107
7937 9108
5469 9109
2785 9110
550 9111
2012 9112
2726 9113
8381 9114
3552 9115
1046 9116
1297 9117
1945 9118
6655 9119
6006 9120
6820 9121
4534 9122
4785 9123
782 9124
1746 9125
2870 9126
5062 9127
5146 9128
3644 9129
3924 9130
715 9131
5514 9132
6072 9133
7218 9134
6628 9135
7858 9136
5595 9137
8715 9138
2849 9139
1434 9140
688 9141
2037 9142
257 9143
2801 9144
777 9145
9114 9146
5133 9147
5702 9148
5957 9149
3243 9150
8694 9151
4426 9152
7526 9153
2545 9154
1276 9155
3399 9156
2027 9157
3548 9158
2776 9159
8714 9160
8537 9161
7084 9162
4951 9163
166 9164
2475 9165
844 9166
7377 9167
7388 9168
5156 9169
7821 9170
4804 9171
4800 9172
2159 9173
3485 9174
5912 9175
5503 9176
164 9177
1475 9178
8350 9179
655 9180
4541 9181
7880 9182
5366 9183
5868 9184
6681 9185
4590 9186
8715 9187
4998 9188
7744 9189
8997 9190
5886 9191
3949 9192
1124 9193
6007 9194
3540 9195
8451 9196
6922 9197
6546 9198
926 9199
3812 9200
8104 9201
7293 9202
4392 9203
4744 9204
267 9205
2568 9206
2163 9207
7680 9208
6612 9209
4212 9210
7236 9211
7728 9212
4318 9213
5905 9214
8630 9215
7137 9216
6866 9217
9180 9218
6734 9219
3193 9220
7566 9221
4364 9222
4381 9223
5168 9224
8231 9225
8583 9226
3480 9227
444 9228
9127 9229
2419 9230
2293 9231
9018 9232
5986 9233
3211 9234
2018 9235
2510 9236
745 9237
4523 9238
2764 9239
8610 9240
3484 9241
1383 9242
8842 9243
4629 9244
2969 9245
990 9246
5511 9247
8500 9248
8585 9249
8570 9250
5809 9251
1566 9252
8942 9253
8813 9254
3816 9255
2877 9256
3534 9257
7735 9258
4072 9259
8727 9260
1922 9261
4138 9262
5624 9263
6028 9264
702 9265
8551 9266
1728 9267
2638 9268
7134 9269
1177 9270
7043 9271
6269 9272
8999 9273
3255 9274
4085 9275
5453 9276
7386 9277
2973 9278
3336 9279
6337 9280
2161 9281
4790 9282
3695 9283
5509 9284
672 9285
2924 9286
7840 9287
449 9288
1788 9289
1844 9290
3656 9291
1661 9292
2351 9293
6449 9294
5603 9295
3385 9296
6506 9297
3081 9298
2051 9299
330 9300
4499 9301
7270 9302
8748 9303
43 9304
8707 9305
4776 9306
3021 9307
2880 9308
2103 9309
3055 9310
52 9311
3885 9312
7670 9313
5103 9314
7803 9315
7692 9316
562 9317
7488 9318
5280 9319
7334 9320
773 9321
8474 9322
9167 9323
5655 9324
40 9325
5246 9326
4718 9327
831 9328
4150 9329
8710 9330
7149 9331
6775 9332
8694 9333
8397 9334
7321 9335
1839 9336
465 9337
6170 9338
8622 9339
8268 9340
2812 9341
1737 9342
5301 9343
6231 9344
6477 9345
241 9346
6456 9347
2863 9348
7638 9349
4267 9350
549 9351
228 9352
1944 9353
2395 9354
2211 9355
6529 9356
1138 9357
9208 9358
6581 9359
5950 9360
918 9361
6583 9362
547 9363
4205 9364
9092 9365
6443 9366
4658 9367
8031 9368
61 9369
1780 9370
4688 9371
5901 9372
673 9373
843 9374
5527 9375
2396 9376
6467 9377
409 9378
6048 9379
214 9380
5947 9381
7516 9382
8699 9383
2037 9384
801 9385
3794 9386
4547 9387
6943 9388
5232 9389
8095 9390
3814 9391
827 9392
2325 9393
2052 9394
8391 9395
993 9396
1760 9397
82 9398
2981 9399
6306 9400
5336 9401
2179 9402
649 9403
1721 9404
1175 9405
8401 9406
4083 9407
2006 9408
2655 9409
8713 9410
461 9411
8138 9412
5830 9413
3555 9414
4051 9415
3591 9416
857 9417
464 9418
6259 9419
9173 9420
4001 9421
8648 9422
5229 9423
3896 9424
4881 9425
3152 9426
7674 9427
5402 9428
7890 9429
6679 9430
6456 9431
647 9432
7238 9433
7499 9434
5837 9435
5273 9436
7092 9437
5670 9438
9005 9439
2452 9440
8936 9441
2823 9442
6959 9443
1920 9444
2195 9445
2668 9446
7400 9447
4202 9448
6643 9449
5620 9450
1434 9451
1717 9452
6622 9453
8104 9454
6010 9455
7503 9456
4373 9457
4249 9458
2135 9459
2267 9460
316 9461
7313 9462
8801 9463
6730 9464
7535 9465
8912 9466
6023 9467
8695 9468
5453 9469
4782 9470
4385 9471
9114 9472
4895 9473
7313 9474
2132 9475
7811 9476
5607 9477
7368 9478
3704 9479
458 9480
2368 9481
9263 9482
4312 9483
6668 9484
4687 9485
7447 9486
6946 9487
3080 9488
9012 9489
597 9490
9437 9491
2005 9492
8603 9493
433 9494
1274 9495
9441 9496
3625 9497
1486 9498
1893 9499
2554 9500
7480 9501
3329 9502
4087 9503
9155 9504
182 9505
4551 9506
7070 9507
113 9508
7625 9509
4140 9510
4849 9511
7917 9512
5573 9513
1787 9514
4499 9515
7791 9516
1725 9517
6961 9518
5986 9519
2235 9520
2453 9521
5273 9522
3678 9523
4494 9524
2702 9525
552 9526
8213 9527
9431 9528
5405 9529
4561 9530
2754 9531
3048 9532
956 9533
481 9534
234 9535
5609 9536
2159 9537
8664 9538
7128 9539
4162 9540
6783 9541
2322 9542
9455 9543
2801 9544
7791 9545
6704 9546
996 9547
232 9548
4863 9549
3083 9550
5777 9551
5026 9552
7399 9553
3840 9554
3816 9555
3364 9556
2128 9557
6835 9558
6551 9559
2547 9560
8701 9561
8271 9562
8579 9563
999 9564
5957 9565
2661 9566
2415 9567
7203 9568
9561 9569
7195 9570
6011 9571
2144 9572
3215 9573
7819 9574
3875 9575
5968 9576
8464 9577
2073 9578
4166 9579
6167 9580
7864 9581
3610 9582
8522 9583
1744 9584
2572 9585
4735 9586
8028 9587
4815 9588
766 9589
7718 9590
4906 9591
1434 9592
7521 9593
601 9594
6606 9595
911 9596
204 9597
9467 9598
8644 9599
1877 9600
6140 9601
1568 9602
923 9603
8485 9604
4329 9605
4894 9606
6684 9607
8660 9608
8331 9609
7256 9610
5290 9611
4619 9612
1038 9613
6651 9614
2016 9615
504 9616
7048 9617
4177 9618
8053 9619
8137 9620
3056 9621
7012 9622
5234 9623
3933 9624
7232 9625
2138 9626
5834 9627
8325 9628
365 9629
6281 9630
7725 9631
7206 9632
2923 9633
4148 9634
1070 9635
1612 9636
7753 9637
3759 9638
1644 9639
3731 9640
7940 9641
4058 9642
1010 9643
6832 9644
6327 9645
5813 9646
9640 9647
1931 9648
6952 9649
6334 9650
3473 9651
3970 9652
7110 9653
6584 9654
3087 9655
4043 9656
5137 9657
1617 9658
2942 9659
767 9660
6534 9661
1711 9662
1351 9663
6492 9664
9059 9665
7106 9666
6229 9667
7607 9668
7537 9669
1743 9670
7410 9671
6862 9672
2282 9673
5313 9674
5486 9675
8601 9676
9601 9677
8796 9678
7728 9679
8322 9680
9437 9681
5881 9682
2625 9683
5391 9684
5573 9685
4266 9686
545 9687
3012 9688
5835 9689
2491 9690
3248 9691
3637 9692
4747 9693
2673 9694
6409 9695
6845 9696
9236 9697
5262 9698
8574 9699
3085 9700
9699 9701
3512 9702
6732 9703
3365 9704
5836 9705
3636 9706
9220 9707
4360 9708
936 9709
6717 9710
652 9711
7935 9712
664 9713
6599 9714
4938 9715
9614 9716
5003 9717
9059 9718
6626 9719
8845 9720
7405 9721
4062 9722
5232 9723
2008 9724
7896 9725
6051 9726
1862 9727
1793 9728
538 9729
5199 9730
1286 9731
3253 9732
5296 9733
231 9734
4974 9735
6123 9736
3699 9737
9507 9738
7113 9739
4910 9740
9189 9741
6134 9742
755 9743
7366 9744
6211 9745
8695 9746
6625 9747
9141 9748
985 9749
3170 9750
7422 9751
8305 9752
4070 9753
87 9754
3429 9755
8768 9756
7030 9757
619 9758
2168 9759
7166 9760
4470 9761
6386 9762
9522 9763
9156 9764
1973 9765
8834 9766
1109 9767
7562 9768
262 9769
6095 9770
4722 9771
658 9772
1283 9773
5748 9774
5985 9775
3924 9776
1583 9777
9366 9778
2199 9779
2927 9780
3997 9781
832 9782
5778 9783
2095 9784
5403 9785
8881 9786
88 9787
461 9788
9387 9789
5578 9790
7238 9791
1659 9792
3722 9793
154 9794
5603 9795
2938 9796
7663 9797
4154 9798
5855 9799
6928 9800
4969 9801
4156 9802
5908 9803
1310 9804
1026 9805
4292 9806
2724 9807
1456 9808
6440 9809
4736 9810
3956 9811
3578 9812
1173 9813
8 9814
8248 9815
7200 9816
571 9817
4000 9818
8354 9819
658 9820
8406 9821
3852 9822
7754 9823
6978 9824
1034 9825
4403 9826
7718 9827
1848 9828
5792 9829
8478 9830
5517 9831
9019 9832
6179 9833
3058 9834
8173 9835
8526 9836
9122 9837
6335 9838
7018 9839
5463 9840
1882 9841
9708 9842
7844 9843
3364 9844
3733 9845
178 9846
9545 9847
1056 9848
4864 9849
4358 9850
577 9851
9056 9852
8075 9853
7246 9854
7416 9855
4733 9856
2070 9857
4054 9858
7372 9859
1114 9860
2840 9861
5718 9862
3031 9863
2661 9864
8962 9865
8465 9866
4876 9867
6981 9868
7705 9869
964 9870
3679 9871
3245 9872
8597 9873
1224 9874
801 9875
7211 9876
9640 9877
6084 9878
1466 9879
4920 9880
4043 9881
4317 9882
4839 9883
3494 9884
8746 9885
5745 9886
3361 9887
5180 9888
7396 9889
1990 9890
9525 9891
2603 9892
808 9893
16 9894
3920 9895
6526 9896
333 9897
7569 9898
9271 9899
7822 9900
7175 9901
4531 9902
895 9903
5462 9904
2055 9905
4188 9906
5074 9907
6302 9908
4465 9909
5227 9910
5231 9911
7335 9912
9415 9913
1738 9914
7766 9915
9807 9916
1445 9917
1967 9918
2580 9919
1892 9920
4888 9921
8551 9922
50 9923
6336 9924
146 9925
4258 9926
5494 9927
3663 9928
4727 9929
6185 9930
7190 9931
3361 9932
7416 9933
5826 9934
12 9935
5564 9936
3257 9937
420 9938
129 9939
8862 9940
1826 9941
9818 9942
1616 9943
5479 9944
8828 9945
6687 9946
8161 9947
1621 9948
1167 9949
1827 9950
3448 9951
8271 9952
7027 9953
5759 9954
6185 9955
8611 9956
8034 9957
1058 9958
9324 9959
9773 9960
9583 9961
895 9962
1136 9963
6752 9964
3574 9965
68 9966
1389 9967
9651 9968
3551 9969
177 9970
252 9971
6332 9972
94 9973
6625 9974
1556 9975
2081 9976
9552 9977
9909 9978
8046 9979
1005 9980
7334 9981
7387 9982
2013 9983
7653 9984
5942 9985
9837 9986
8000 9987
4777 9988
1518 9989
2855 9990
3490 9991
1031 9992
549 9993
159 9994
2418 9995
8303 9996
6730 9997
7252 9998
9019 9999
8776 10000
