1 2
1 3
3 4
4 5
5 6
6 7
5 8
8 9
1 10
5 11
6 12
1 13
1 14
8 15
12 16
7 17
16 18
1 19
15 20
17 21
9 22
6 23
18 24
8 25
20 26
22 27
5 28
19 29
20 30
16 31
27 32
21 33
16 34
25 35
20 36
1 37
2 38
9 39
22 40
2 41
39 42
21 43
27 44
18 45
18 46
36 47
44 48
41 49
42 50
22 51
9 52
52 53
44 54
43 55
51 56
30 57
7 58
20 59
45 60
9 61
19 62
25 63
30 64
30 65
31 66
22 67
3 68
41 69
44 70
36 71
53 72
58 73
38 74
74 75
59 76
61 77
24 78
49 79
31 80
76 81
5 82
66 83
27 84
51 85
46 86
45 87
63 88
85 89
31 90
81 91
21 92
28 93
11 94
6 95
89 96
88 97
22 98
92 99
49 100
25 101
18 102
56 103
56 104
87 105
20 106
83 107
40 108
78 109
56 110
12 111
77 112
62 113
53 114
40 115
5 116
57 117
80 118
15 119
71 120
55 121
62 122
46 123
66 124
97 125
98 126
48 127
36 128
27 129
127 130
44 131
60 132
54 133
115 134
118 135
4 136
120 137
20 138
29 139
21 140
51 141
49 142
76 143
138 144
93 145
54 146
139 147
29 148
13 149
11 150
68 151
128 152
86 153
150 154
77 155
8 156
82 157
108 158
67 159
44 160
65 161
11 162
147 163
50 164
63 165
160 166
121 167
75 168
168 169
63 170
98 171
2 172
51 173
98 174
163 175
146 176
83 177
163 178
108 179
167 180
48 181
19 182
137 183
137 184
10 185
124 186
34 187
62 188
87 189
56 190
177 191
130 192
85 193
67 194
10 195
22 196
93 197
116 198
119 199
89 200
178 201
61 202
18 203
47 204
193 205
18 206
133 207
66 208
173 209
2 210
198 211
146 212
172 213
120 214
149 215
44 216
150 217
143 218
114 219
173 220
107 221
199 222
17 223
25 224
183 225
71 226
166 227
188 228
116 229
22 230
28 231
113 232
150 233
106 234
115 235
176 236
66 237
108 238
210 239
179 240
201 241
222 242
39 243
214 244
41 245
75 246
148 247
194 248
59 249
50 250
121 251
155 252
238 253
27 254
217 255
217 256
214 257
56 258
176 259
3 260
53 261
56 262
116 263
74 264
127 265
231 266
176 267
10 268
146 269
218 270
204 271
114 272
215 273
12 274
215 275
179 276
31 277
32 278
165 279
250 280
231 281
103 282
271 283
114 284
40 285
252 286
36 287
178 288
183 289
166 290
122 291
181 292
118 293
58 294
292 295
256 296
23 297
218 298
57 299
113 300
52 301
159 302
6 303
9 304
281 305
10 306
122 307
1 308
5 309
84 310
85 311
73 312
119 313
218 314
281 315
228 316
86 317
132 318
69 319
146 320
233 321
88 322
201 323
289 324
316 325
135 326
183 327
88 328
156 329
244 330
93 331
78 332
249 333
185 334
172 335
191 336
107 337
33 338
294 339
33 340
57 341
73 342
115 343
178 344
227 345
232 346
50 347
21 348
12 349
198 350
177 351
313 352
146 353
330 354
77 355
173 356
259 357
171 358
178 359
134 360
108 361
157 362
113 363
146 364
171 365
362 366
105 367
16 368
12 369
296 370
165 371
245 372
22 373
124 374
186 375
234 376
366 377
314 378
341 379
283 380
140 381
303 382
318 383
163 384
60 385
20 386
289 387
365 388
168 389
101 390
284 391
157 392
143 393
317 394
301 395
363 396
271 397
301 398
225 399
344 400
48 401
297 402
357 403
24 404
145 405
7 406
133 407
194 408
187 409
83 410
112 411
176 412
408 413
406 414
129 415
278 416
270 417
347 418
311 419
219 420
92 421
359 422
385 423
128 424
267 425
287 426
282 427
241 428
21 429
225 430
357 431
427 432
208 433
18 434
259 435
92 436
428 437
308 438
127 439
435 440
223 441
350 442
211 443
163 444
392 445
319 446
247 447
14 448
408 449
70 450
121 451
412 452
96 453
30 454
195 455
236 456
306 457
283 458
261 459
302 460
410 461
310 462
78 463
238 464
392 465
353 466
44 467
72 468
296 469
335 470
27 471
331 472
378 473
18 474
285 475
359 476
136 477
47 478
210 479
319 480
19 481
137 482
354 483
131 484
85 485
480 486
45 487
193 488
411 489
192 490
7 491
14 492
145 493
266 494
239 495
316 496
397 497
402 498
158 499
106 500
202 501
106 502
9 503
269 504
98 505
401 506
469 507
407 508
418 509
234 510
64 511
38 512
335 513
392 514
335 515
451 516
77 517
293 518
68 519
26 520
368 521
427 522
115 523
16 524
216 525
308 526
362 527
386 528
26 529
370 530
12 531
261 532
395 533
318 534
530 535
199 536
304 537
495 538
230 539
100 540
42 541
341 542
91 543
338 544
505 545
485 546
172 547
291 548
160 549
240 550
360 551
383 552
487 553
136 554
396 555
440 556
7 557
279 558
557 559
139 560
20 561
16 562
93 563
544 564
463 565
14 566
548 567
565 568
449 569
442 570
79 571
85 572
137 573
86 574
381 575
556 576
341 577
172 578
77 579
256 580
7 581
32 582
504 583
449 584
543 585
466 586
288 587
173 588
310 589
195 590
78 591
291 592
486 593
114 594
376 595
511 596
541 597
79 598
227 599
36 600
156 601
551 602
426 603
75 604
204 605
438 606
71 607
351 608
572 609
530 610
412 611
114 612
466 613
408 614
581 615
104 616
573 617
85 618
45 619
317 620
563 621
332 622
89 623
28 624
472 625
457 626
383 627
187 628
269 629
50 630
457 631
414 632
173 633
371 634
604 635
292 636
593 637
193 638
574 639
524 640
270 641
572 642
401 643
121 644
471 645
167 646
614 647
110 648
303 649
215 650
25 651
631 652
611 653
254 654
617 655
350 656
441 657
30 658
373 659
91 660
592 661
340 662
292 663
104 664
289 665
638 666
219 667
15 668
41 669
513 670
358 671
608 672
390 673
32 674
556 675
151 676
260 677
490 678
247 679
579 680
143 681
482 682
595 683
408 684
309 685
107 686
192 687
536 688
125 689
277 690
267 691
59 692
678 693
533 694
407 695
476 696
65 697
667 698
276 699
212 700
300 701
383 702
327 703
485 704
431 705
681 706
528 707
448 708
618 709
501 710
159 711
378 712
346 713
696 714
577 715
592 716
553 717
327 718
403 719
655 720
327 721
711 722
360 723
90 724
441 725
421 726
594 727
144 728
191 729
639 730
658 731
714 732
216 733
687 734
446 735
310 736
291 737
58 738
516 739
632 740
578 741
190 742
159 743
518 744
708 745
115 746
352 747
430 748
30 749
650 750
369 751
521 752
475 753
558 754
209 755
87 756
299 757
481 758
460 759
31 760
253 761
460 762
565 763
190 764
518 765
469 766
381 767
217 768
92 769
403 770
598 771
497 772
700 773
544 774
418 775
411 776
35 777
453 778
372 779
756 780
89 781
358 782
103 783
526 784
406 785
399 786
602 787
303 788
472 789
631 790
47 791
191 792
558 793
370 794
188 795
62 796
618 797
345 798
171 799
97 800
98 801
259 802
523 803
640 804
151 805
161 806
763 807
724 808
516 809
87 810
510 811
153 812
105 813
275 814
671 815
775 816
143 817
676 818
2 819
643 820
426 821
87 822
90 823
646 824
735 825
538 826
770 827
134 828
828 829
320 830
181 831
448 832
815 833
736 834
572 835
632 836
411 837
409 838
206 839
802 840
412 841
61 842
302 843
433 844
303 845
167 846
225 847
744 848
482 849
451 850
384 851
116 852
374 853
388 854
378 855
1 856
856 857
335 858
147 859
413 860
44 861
232 862
753 863
613 864
358 865
313 866
351 867
841 868
130 869
721 870
862 871
66 872
490 873
150 874
772 875
628 876
189 877
223 878
400 879
424 880
796 881
164 882
757 883
759 884
298 885
62 886
424 887
839 888
503 889
515 890
558 891
792 892
193 893
209 894
843 895
749 896
673 897
667 898
458 899
213 900
750 901
105 902
230 903
488 904
450 905
732 906
465 907
370 908
644 909
514 910
279 911
267 912
529 913
830 914
593 915
628 916
352 917
90 918
384 919
174 920
807 921
872 922
666 923
219 924
424 925
53 926
356 927
491 928
856 929
743 930
500 931
343 932
325 933
608 934
715 935
694 936
314 937
86 938
720 939
758 940
202 941
790 942
475 943
553 944
932 945
358 946
901 947
242 948
805 949
238 950
445 951
712 952
518 953
285 954
783 955
874 956
165 957
172 958
816 959
419 960
578 961
490 962
918 963
380 964
278 965
907 966
950 967
312 968
882 969
225 970
16 971
112 972
265 973
50 974
793 975
577 976
826 977
60 978
760 979
84 980
716 981
525 982
727 983
688 984
212 985
188 986
608 987
785 988
502 989
232 990
267 991
705 992
860 993
666 994
920 995
789 996
744 997
102 998
891 999
851 1000
729 1001
700 1002
215 1003
740 1004
761 1005
968 1006
527 1007
817 1008
1001 1009
463 1010
486 1011
145 1012
274 1013
260 1014
271 1015
979 1016
244 1017
240 1018
442 1019
654 1020
686 1021
757 1022
163 1023
692 1024
815 1025
317 1026
703 1027
879 1028
705 1029
898 1030
254 1031
346 1032
602 1033
846 1034
527 1035
216 1036
980 1037
370 1038
933 1039
198 1040
391 1041
249 1042
162 1043
438 1044
984 1045
1019 1046
58 1047
859 1048
821 1049
947 1050
68 1051
1 1052
431 1053
923 1054
454 1055
833 1056
938 1057
670 1058
708 1059
823 1060
445 1061
1023 1062
133 1063
991 1064
786 1065
805 1066
750 1067
189 1068
240 1069
931 1070
212 1071
1 1072
95 1073
956 1074
923 1075
200 1076
899 1077
334 1078
412 1079
355 1080
582 1081
89 1082
930 1083
252 1084
773 1085
863 1086
403 1087
154 1088
436 1089
181 1090
504 1091
337 1092
387 1093
774 1094
112 1095
532 1096
58 1097
809 1098
534 1099
315 1100
755 1101
394 1102
581 1103
989 1104
17 1105
1105 1106
871 1107
967 1108
132 1109
980 1110
187 1111
345 1112
163 1113
137 1114
248 1115
729 1116
671 1117
520 1118
552 1119
706 1120
230 1121
306 1122
79 1123
1066 1124
641 1125
700 1126
177 1127
235 1128
152 1129
397 1130
548 1131
1049 1132
957 1133
428 1134
1102 1135
399 1136
416 1137
439 1138
471 1139
1090 1140
666 1141
1025 1142
686 1143
16 1144
913 1145
308 1146
290 1147
1051 1148
942 1149
839 1150
259 1151
648 1152
431 1153
12 1154
258 1155
841 1156
387 1157
138 1158
777 1159
1083 1160
690 1161
506 1162
963 1163
264 1164
264 1165
200 1166
962 1167
458 1168
202 1169
1021 1170
736 1171
330 1172
760 1173
1128 1174
277 1175
180 1176
253 1177
728 1178
600 1179
1081 1180
216 1181
805 1182
121 1183
169 1184
964 1185
878 1186
993 1187
449 1188
307 1189
764 1190
752 1191
341 1192
1127 1193
1159 1194
30 1195
613 1196
955 1197
186 1198
686 1199
488 1200
720 1201
930 1202
918 1203
958 1204
798 1205
358 1206
471 1207
445 1208
803 1209
994 1210
375 1211
1075 1212
550 1213
544 1214
509 1215
958 1216
205 1217
861 1218
779 1219
357 1220
698 1221
1034 1222
1147 1223
61 1224
513 1225
1 1226
197 1227
390 1228
35 1229
1221 1230
1106 1231
989 1232
78 1233
973 1234
1073 1235
600 1236
238 1237
147 1238
1172 1239
486 1240
650 1241
973 1242
304 1243
517 1244
762 1245
808 1246
1150 1247
854 1248
543 1249
875 1250
360 1251
566 1252
979 1253
464 1254
641 1255
503 1256
464 1257
955 1258
618 1259
525 1260
133 1261
218 1262
762 1263
38 1264
1214 1265
477 1266
801 1267
242 1268
429 1269
217 1270
7 1271
650 1272
1258 1273
124 1274
90 1275
584 1276
1235 1277
471 1278
1131 1279
1243 1280
610 1281
1199 1282
578 1283
130 1284
1113 1285
484 1286
1233 1287
152 1288
796 1289
499 1290
952 1291
820 1292
1112 1293
1240 1294
1075 1295
1161 1296
1188 1297
13 1298
1085 1299
268 1300
1241 1301
64 1302
1204 1303
1285 1304
1264 1305
461 1306
198 1307
274 1308
175 1309
1188 1310
920 1311
946 1312
462 1313
1172 1314
361 1315
294 1316
671 1317
657 1318
645 1319
28 1320
105 1321
1220 1322
219 1323
1041 1324
705 1325
801 1326
379 1327
532 1328
1123 1329
647 1330
729 1331
457 1332
551 1333
952 1334
445 1335
1290 1336
490 1337
198 1338
371 1339
317 1340
992 1341
134 1342
60 1343
308 1344
762 1345
880 1346
219 1347
592 1348
33 1349
209 1350
18 1351
1325 1352
1352 1353
166 1354
993 1355
936 1356
609 1357
1055 1358
1111 1359
760 1360
792 1361
1106 1362
812 1363
83 1364
163 1365
432 1366
782 1367
334 1368
689 1369
1160 1370
1191 1371
250 1372
1335 1373
871 1374
505 1375
184 1376
1314 1377
1049 1378
720 1379
1061 1380
195 1381
1265 1382
345 1383
862 1384
1204 1385
1109 1386
610 1387
1021 1388
28 1389
829 1390
756 1391
227 1392
47 1393
1378 1394
439 1395
915 1396
216 1397
573 1398
810 1399
1209 1400
397 1401
390 1402
407 1403
317 1404
179 1405
774 1406
35 1407
934 1408
357 1409
1306 1410
768 1411
951 1412
454 1413
900 1414
990 1415
472 1416
344 1417
762 1418
1207 1419
172 1420
790 1421
868 1422
1208 1423
476 1424
919 1425
1353 1426
122 1427
452 1428
1260 1429
1155 1430
702 1431
1328 1432
1218 1433
511 1434
584 1435
283 1436
355 1437
79 1438
802 1439
357 1440
300 1441
804 1442
959 1443
1223 1444
62 1445
132 1446
129 1447
1042 1448
34 1449
743 1450
917 1451
862 1452
1063 1453
516 1454
895 1455
315 1456
877 1457
4 1458
439 1459
1027 1460
1438 1461
1204 1462
711 1463
146 1464
1399 1465
326 1466
1082 1467
73 1468
1198 1469
722 1470
486 1471
1329 1472
743 1473
422 1474
1315 1475
741 1476
78 1477
1292 1478
268 1479
771 1480
1165 1481
245 1482
787 1483
1273 1484
1167 1485
917 1486
1171 1487
1212 1488
745 1489
869 1490
1140 1491
770 1492
1324 1493
1402 1494
66 1495
824 1496
1102 1497
353 1498
57 1499
667 1500
1180 1501
44 1502
406 1503
193 1504
913 1505
458 1506
215 1507
1276 1508
1180 1509
360 1510
1505 1511
88 1512
1151 1513
1282 1514
1215 1515
813 1516
940 1517
978 1518
384 1519
7 1520
483 1521
1432 1522
763 1523
1086 1524
731 1525
1167 1526
260 1527
1317 1528
1366 1529
446 1530
1469 1531
508 1532
735 1533
1142 1534
765 1535
1389 1536
986 1537
1157 1538
1384 1539
736 1540
182 1541
1295 1542
227 1543
221 1544
665 1545
11 1546
971 1547
11 1548
34 1549
306 1550
1134 1551
59 1552
1090 1553
648 1554
135 1555
357 1556
554 1557
399 1558
1002 1559
1358 1560
1207 1561
115 1562
259 1563
840 1564
283 1565
655 1566
479 1567
1313 1568
59 1569
355 1570
642 1571
1299 1572
958 1573
1042 1574
539 1575
1151 1576
1422 1577
1264 1578
837 1579
631 1580
492 1581
1239 1582
723 1583
1231 1584
1007 1585
72 1586
733 1587
117 1588
355 1589
229 1590
971 1591
262 1592
1572 1593
666 1594
440 1595
412 1596
867 1597
840 1598
1361 1599
10 1600
998 1601
1133 1602
75 1603
66 1604
404 1605
851 1606
1268 1607
715 1608
223 1609
1076 1610
520 1611
84 1612
1437 1613
1460 1614
794 1615
1328 1616
1089 1617
1465 1618
621 1619
1606 1620
1327 1621
1185 1622
629 1623
1489 1624
150 1625
1596 1626
375 1627
683 1628
1292 1629
486 1630
1499 1631
1607 1632
542 1633
1482 1634
1139 1635
586 1636
295 1637
587 1638
549 1639
128 1640
1019 1641
290 1642
210 1643
1072 1644
246 1645
1505 1646
1601 1647
728 1648
125 1649
185 1650
1266 1651
1303 1652
793 1653
669 1654
1038 1655
40 1656
545 1657
1020 1658
790 1659
1443 1660
1461 1661
937 1662
340 1663
416 1664
803 1665
433 1666
1327 1667
1369 1668
1222 1669
160 1670
767 1671
1299 1672
1362 1673
1633 1674
1012 1675
757 1676
707 1677
1093 1678
1219 1679
673 1680
1025 1681
404 1682
898 1683
1172 1684
735 1685
1414 1686
287 1687
1190 1688
1420 1689
1094 1690
1011 1691
567 1692
1689 1693
1311 1694
1670 1695
1515 1696
1165 1697
1608 1698
1535 1699
3 1700
1434 1701
122 1702
238 1703
1361 1704
259 1705
1504 1706
227 1707
533 1708
854 1709
120 1710
597 1711
826 1712
403 1713
1143 1714
581 1715
699 1716
58 1717
705 1718
197 1719
1523 1720
1292 1721
1056 1722
1100 1723
1164 1724
809 1725
1327 1726
1261 1727
1628 1728
746 1729
517 1730
1093 1731
1653 1732
569 1733
527 1734
260 1735
920 1736
996 1737
364 1738
1060 1739
597 1740
198 1741
1568 1742
1170 1743
1594 1744
1556 1745
328 1746
1100 1747
22 1748
290 1749
1112 1750
805 1751
797 1752
167 1753
584 1754
1110 1755
79 1756
23 1757
360 1758
84 1759
1485 1760
1497 1761
796 1762
687 1763
957 1764
868 1765
1371 1766
1497 1767
1589 1768
405 1769
540 1770
592 1771
142 1772
1687 1773
559 1774
1225 1775
1089 1776
875 1777
667 1778
35 1779
1428 1780
1589 1781
513 1782
505 1783
239 1784
330 1785
1197 1786
1483 1787
398 1788
1113 1789
1601 1790
1616 1791
1616 1792
1778 1793
1678 1794
439 1795
1211 1796
1160 1797
438 1798
714 1799
1065 1800
671 1801
1540 1802
1411 1803
659 1804
585 1805
135 1806
611 1807
1237 1808
1532 1809
64 1810
1164 1811
370 1812
383 1813
59 1814
1762 1815
741 1816
20 1817
895 1818
1406 1819
1728 1820
458 1821
935 1822
485 1823
731 1824
1716 1825
1323 1826
731 1827
1427 1828
909 1829
130 1830
203 1831
1562 1832
1129 1833
789 1834
1686 1835
1736 1836
1334 1837
381 1838
118 1839
518 1840
151 1841
585 1842
798 1843
254 1844
103 1845
1738 1846
275 1847
1502 1848
1226 1849
233 1850
461 1851
623 1852
639 1853
1079 1854
245 1855
454 1856
1019 1857
383 1858
1461 1859
908 1860
559 1861
192 1862
1573 1863
881 1864
868 1865
1495 1866
1450 1867
390 1868
924 1869
873 1870
783 1871
1764 1872
1814 1873
1441 1874
625 1875
1135 1876
555 1877
923 1878
1422 1879
593 1880
1021 1881
148 1882
390 1883
1580 1884
1857 1885
789 1886
117 1887
1372 1888
1704 1889
1597 1890
1787 1891
902 1892
1120 1893
1443 1894
817 1895
750 1896
798 1897
1852 1898
1245 1899
1422 1900
1447 1901
1740 1902
1511 1903
922 1904
1041 1905
679 1906
976 1907
1477 1908
958 1909
1097 1910
342 1911
734 1912
1723 1913
1762 1914
643 1915
702 1916
223 1917
1702 1918
250 1919
1852 1920
143 1921
1131 1922
1132 1923
826 1924
1091 1925
424 1926
1077 1927
1481 1928
1837 1929
1708 1930
977 1931
38 1932
1260 1933
1228 1934
1830 1935
1745 1936
1518 1937
1033 1938
1054 1939
802 1940
233 1941
1589 1942
674 1943
331 1944
1271 1945
994 1946
1151 1947
473 1948
1618 1949
366 1950
758 1951
1104 1952
1656 1953
1110 1954
1491 1955
907 1956
1419 1957
802 1958
1780 1959
183 1960
1095 1961
383 1962
1676 1963
1039 1964
1667 1965
1422 1966
614 1967
1635 1968
261 1969
775 1970
516 1971
492 1972
1708 1973
1408 1974
675 1975
1776 1976
794 1977
1672 1978
926 1979
1803 1980
83 1981
1793 1982
1734 1983
447 1984
919 1985
874 1986
1143 1987
637 1988
1768 1989
1819 1990
123 1991
1724 1992
1599 1993
657 1994
481 1995
1507 1996
1964 1997
786 1998
285 1999
1969 2000
444 2001
1916 2002
1302 2003
1646 2004
542 2005
1543 2006
228 2007
1082 2008
1659 2009
298 2010
1454 2011
1938 2012
865 2013
1963 2014
630 2015
2014 2016
495 2017
1224 2018
702 2019
482 2020
1338 2021
693 2022
1016 2023
141 2024
254 2025
584 2026
370 2027
167 2028
191 2029
1511 2030
1708 2031
703 2032
903 2033
659 2034
1085 2035
377 2036
1044 2037
1151 2038
571 2039
1355 2040
1509 2041
1364 2042
20 2043
461 2044
1579 2045
692 2046
1040 2047
562 2048
323 2049
733 2050
666 2051
401 2052
5 2053
1213 2054
1915 2055
456 2056
806 2057
1816 2058
1450 2059
71 2060
305 2061
250 2062
1689 2063
980 2064
1654 2065
1043 2066
2025 2067
699 2068
934 2069
1110 2070
590 2071
1698 2072
1457 2073
330 2074
1539 2075
1098 2076
91 2077
1002 2078
1078 2079
587 2080
1407 2081
1829 2082
1623 2083
1971 2084
271 2085
1854 2086
1188 2087
851 2088
1608 2089
1849 2090
930 2091
1429 2092
1966 2093
851 2094
816 2095
250 2096
481 2097
1597 2098
404 2099
930 2100
1489 2101
71 2102
1791 2103
982 2104
764 2105
1369 2106
1034 2107
1006 2108
198 2109
619 2110
1258 2111
505 2112
1061 2113
1519 2114
444 2115
1057 2116
1940 2117
624 2118
1299 2119
947 2120
162 2121
1530 2122
2116 2123
993 2124
1735 2125
1087 2126
1310 2127
1643 2128
2039 2129
258 2130
672 2131
1099 2132
1527 2133
1984 2134
2066 2135
1406 2136
783 2137
414 2138
360 2139
1951 2140
2123 2141
1434 2142
324 2143
1341 2144
957 2145
1396 2146
664 2147
573 2148
1966 2149
1911 2150
584 2151
1538 2152
1891 2153
1296 2154
325 2155
861 2156
812 2157
1717 2158
1637 2159
383 2160
1428 2161
257 2162
1864 2163
1735 2164
641 2165
496 2166
1226 2167
936 2168
1548 2169
1361 2170
649 2171
733 2172
235 2173
190 2174
647 2175
1029 2176
1911 2177
455 2178
1298 2179
1227 2180
692 2181
649 2182
56 2183
1267 2184
1753 2185
1755 2186
1113 2187
691 2188
1204 2189
1417 2190
1467 2191
1678 2192
1570 2193
1935 2194
1404 2195
1834 2196
1754 2197
890 2198
1771 2199
2075 2200
1901 2201
796 2202
1569 2203
1524 2204
190 2205
31 2206
869 2207
1468 2208
1637 2209
1858 2210
1868 2211
1804 2212
2065 2213
1482 2214
832 2215
1891 2216
1303 2217
1947 2218
2010 2219
802 2220
141 2221
683 2222
1839 2223
1910 2224
1725 2225
49 2226
2181 2227
440 2228
554 2229
2176 2230
1011 2231
733 2232
325 2233
920 2234
1302 2235
1805 2236
1518 2237
1726 2238
1149 2239
1623 2240
1123 2241
746 2242
1831 2243
542 2244
786 2245
611 2246
1939 2247
825 2248
2244 2249
760 2250
861 2251
1510 2252
2041 2253
1684 2254
1878 2255
465 2256
1669 2257
1378 2258
2020 2259
2239 2260
33 2261
1666 2262
386 2263
393 2264
678 2265
961 2266
571 2267
1281 2268
1512 2269
2062 2270
1683 2271
65 2272
2203 2273
664 2274
1743 2275
1081 2276
1069 2277
1363 2278
1425 2279
1917 2280
388 2281
1791 2282
1165 2283
538 2284
1447 2285
232 2286
2176 2287
1720 2288
2218 2289
1980 2290
986 2291
2151 2292
654 2293
1597 2294
487 2295
984 2296
698 2297
233 2298
1755 2299
465 2300
1468 2301
1849 2302
806 2303
805 2304
458 2305
247 2306
1634 2307
1837 2308
2156 2309
1549 2310
706 2311
1375 2312
1131 2313
348 2314
853 2315
1488 2316
1132 2317
337 2318
1701 2319
646 2320
291 2321
1316 2322
388 2323
2311 2324
97 2325
321 2326
701 2327
1849 2328
767 2329
839 2330
2178 2331
2092 2332
669 2333
1374 2334
234 2335
1212 2336
1671 2337
211 2338
1782 2339
1173 2340
653 2341
1232 2342
488 2343
1903 2344
32 2345
877 2346
1625 2347
413 2348
2049 2349
290 2350
1052 2351
182 2352
1488 2353
481 2354
2152 2355
1395 2356
1620 2357
132 2358
202 2359
861 2360
1108 2361
1181 2362
937 2363
346 2364
1919 2365
1256 2366
675 2367
738 2368
2013 2369
1007 2370
2148 2371
2039 2372
1739 2373
1185 2374
16 2375
277 2376
1050 2377
748 2378
132 2379
412 2380
1949 2381
1145 2382
1337 2383
80 2384
2241 2385
960 2386
1979 2387
777 2388
2316 2389
1566 2390
2189 2391
530 2392
997 2393
1031 2394
2300 2395
2378 2396
281 2397
1954 2398
1640 2399
1439 2400
1025 2401
531 2402
64 2403
1817 2404
2339 2405
8 2406
946 2407
1841 2408
890 2409
1175 2410
343 2411
1596 2412
1459 2413
248 2414
2077 2415
1094 2416
2391 2417
1189 2418
946 2419
232 2420
433 2421
1305 2422
1278 2423
1189 2424
1220 2425
1673 2426
942 2427
977 2428
849 2429
907 2430
190 2431
2161 2432
1671 2433
1860 2434
1399 2435
806 2436
1853 2437
1834 2438
1120 2439
1703 2440
1109 2441
1632 2442
806 2443
2336 2444
1675 2445
1278 2446
1937 2447
1754 2448
1382 2449
1824 2450
2436 2451
1469 2452
1475 2453
2319 2454
1981 2455
507 2456
85 2457
2241 2458
13 2459
977 2460
199 2461
715 2462
1846 2463
157 2464
2430 2465
948 2466
2023 2467
270 2468
1987 2469
1372 2470
66 2471
523 2472
1183 2473
2184 2474
812 2475
899 2476
2298 2477
1691 2478
1294 2479
797 2480
1621 2481
981 2482
1388 2483
2420 2484
404 2485
56 2486
474 2487
268 2488
2085 2489
1203 2490
1299 2491
64 2492
2395 2493
387 2494
2191 2495
769 2496
2065 2497
2328 2498
2318 2499
2490 2500
2413 2501
1617 2502
962 2503
2135 2504
373 2505
1171 2506
1920 2507
90 2508
262 2509
1819 2510
2382 2511
2307 2512
156 2513
1013 2514
1636 2515
2176 2516
1132 2517
672 2518
951 2519
2198 2520
907 2521
1095 2522
398 2523
1536 2524
658 2525
1971 2526
168 2527
2004 2528
2026 2529
1621 2530
1358 2531
1510 2532
372 2533
1628 2534
697 2535
866 2536
827 2537
1634 2538
1176 2539
1818 2540
1092 2541
514 2542
292 2543
904 2544
1606 2545
968 2546
142 2547
2259 2548
1417 2549
881 2550
719 2551
442 2552
1861 2553
2381 2554
952 2555
808 2556
2297 2557
2342 2558
1082 2559
1218 2560
1193 2561
464 2562
507 2563
665 2564
2047 2565
234 2566
391 2567
576 2568
2311 2569
1826 2570
1308 2571
2482 2572
2184 2573
2128 2574
1882 2575
703 2576
968 2577
1039 2578
2381 2579
2245 2580
124 2581
1294 2582
79 2583
813 2584
527 2585
2294 2586
2394 2587
2315 2588
659 2589
119 2590
1479 2591
746 2592
1784 2593
1893 2594
1442 2595
1486 2596
1406 2597
1995 2598
548 2599
283 2600
540 2601
2489 2602
2524 2603
1039 2604
1776 2605
2115 2606
1580 2607
1539 2608
1899 2609
1781 2610
1447 2611
2553 2612
1591 2613
455 2614
1899 2615
1840 2616
2098 2617
2344 2618
1421 2619
696 2620
637 2621
1750 2622
1987 2623
1305 2624
646 2625
2074 2626
1894 2627
1667 2628
765 2629
1825 2630
1998 2631
894 2632
2405 2633
2273 2634
1181 2635
1415 2636
2115 2637
563 2638
733 2639
1809 2640
505 2641
1973 2642
263 2643
889 2644
1890 2645
531 2646
1629 2647
871 2648
2200 2649
232 2650
1211 2651
1687 2652
267 2653
2175 2654
926 2655
640 2656
59 2657
2100 2658
1935 2659
399 2660
808 2661
440 2662
2117 2663
2283 2664
2265 2665
323 2666
1502 2667
1968 2668
2466 2669
570 2670
1580 2671
964 2672
1225 2673
1222 2674
1326 2675
1586 2676
821 2677
790 2678
253 2679
1944 2680
276 2681
434 2682
1275 2683
2144 2684
869 2685
2416 2686
1160 2687
636 2688
2440 2689
361 2690
361 2691
2489 2692
2489 2693
1327 2694
400 2695
1181 2696
1863 2697
922 2698
190 2699
2140 2700
1795 2701
570 2702
987 2703
1703 2704
984 2705
2071 2706
1221 2707
959 2708
231 2709
46 2710
836 2711
1763 2712
147 2713
26 2714
96 2715
571 2716
877 2717
716 2718
1677 2719
211 2720
1996 2721
247 2722
1529 2723
2620 2724
439 2725
638 2726
1166 2727
1812 2728
1489 2729
1599 2730
2397 2731
1805 2732
441 2733
1594 2734
2380 2735
2352 2736
1897 2737
1617 2738
1321 2739
1810 2740
29 2741
1959 2742
1108 2743
1716 2744
436 2745
1087 2746
2683 2747
1461 2748
633 2749
1463 2750
2060 2751
2112 2752
249 2753
665 2754
2749 2755
2456 2756
1352 2757
2676 2758
2067 2759
1065 2760
236 2761
1311 2762
873 2763
1736 2764
1960 2765
1929 2766
385 2767
1346 2768
2425 2769
648 2770
1240 2771
2277 2772
1699 2773
1829 2774
1233 2775
1653 2776
1359 2777
2652 2778
1821 2779
1427 2780
2696 2781
1377 2782
1175 2783
195 2784
1378 2785
1382 2786
1731 2787
777 2788
2532 2789
421 2790
503 2791
1898 2792
1558 2793
264 2794
1523 2795
2769 2796
2776 2797
826 2798
2795 2799
1724 2800
715 2801
1718 2802
2702 2803
2586 2804
461 2805
2217 2806
804 2807
1676 2808
1044 2809
648 2810
1810 2811
2364 2812
437 2813
2373 2814
2314 2815
12 2816
1206 2817
657 2818
845 2819
994 2820
2207 2821
2543 2822
864 2823
664 2824
2474 2825
973 2826
1660 2827
645 2828
1961 2829
2263 2830
2351 2831
367 2832
538 2833
2004 2834
1524 2835
439 2836
1419 2837
736 2838
2109 2839
1016 2840
371 2841
295 2842
779 2843
465 2844
2151 2845
2570 2846
1697 2847
1463 2848
1329 2849
2643 2850
1777 2851
280 2852
2043 2853
1724 2854
1312 2855
2171 2856
952 2857
441 2858
2218 2859
2798 2860
2303 2861
109 2862
987 2863
1660 2864
502 2865
35 2866
1296 2867
2712 2868
1915 2869
2553 2870
970 2871
2380 2872
381 2873
354 2874
1406 2875
749 2876
2727 2877
470 2878
331 2879
1276 2880
1485 2881
352 2882
311 2883
1797 2884
194 2885
2017 2886
1085 2887
773 2888
2767 2889
1969 2890
1496 2891
706 2892
1960 2893
2322 2894
669 2895
1350 2896
121 2897
1415 2898
1929 2899
2156 2900
138 2901
563 2902
451 2903
159 2904
568 2905
2776 2906
1990 2907
2646 2908
255 2909
291 2910
1495 2911
692 2912
2690 2913
1135 2914
1573 2915
2355 2916
2818 2917
1542 2918
1684 2919
910 2920
1463 2921
1270 2922
378 2923
2021 2924
2726 2925
746 2926
1069 2927
68 2928
2103 2929
1414 2930
1241 2931
1467 2932
1061 2933
1633 2934
1490 2935
2580 2936
2718 2937
1366 2938
1676 2939
807 2940
2151 2941
2555 2942
977 2943
1594 2944
316 2945
2810 2946
1468 2947
1135 2948
2512 2949
419 2950
243 2951
2044 2952
50 2953
1297 2954
2156 2955
1173 2956
1377 2957
1161 2958
1488 2959
2703 2960
1372 2961
1907 2962
2357 2963
1347 2964
196 2965
797 2966
2204 2967
2412 2968
913 2969
2193 2970
2034 2971
2464 2972
230 2973
1018 2974
2092 2975
2689 2976
2627 2977
2467 2978
284 2979
516 2980
385 2981
2365 2982
2756 2983
2184 2984
2439 2985
2162 2986
1501 2987
518 2988
1997 2989
1514 2990
795 2991
1141 2992
756 2993
76 2994
115 2995
2623 2996
1729 2997
614 2998
1109 2999
1388 3000
2484 3001
1404 3002
2497 3003
1247 3004
460 3005
1139 3006
2648 3007
1360 3008
1361 3009
2395 3010
936 3011
572 3012
1889 3013
634 3014
2919 3015
1879 3016
870 3017
2319 3018
415 3019
1534 3020
2796 3021
1769 3022
2016 3023
857 3024
2996 3025
1328 3026
1163 3027
2744 3028
1016 3029
1980 3030
262 3031
2519 3032
2690 3033
1165 3034
1410 3035
2055 3036
1990 3037
116 3038
1458 3039
816 3040
685 3041
2623 3042
2570 3043
259 3044
1574 3045
225 3046
91 3047
250 3048
294 3049
16 3050
1873 3051
93 3052
515 3053
2022 3054
2134 3055
1893 3056
1287 3057
2061 3058
378 3059
1973 3060
648 3061
755 3062
1358 3063
2712 3064
1456 3065
307 3066
1663 3067
1597 3068
1629 3069
1786 3070
1784 3071
1819 3072
1715 3073
224 3074
2347 3075
1926 3076
2240 3077
897 3078
833 3079
960 3080
235 3081
1319 3082
1755 3083
1828 3084
2142 3085
950 3086
1953 3087
1366 3088
3023 3089
1224 3090
2874 3091
501 3092
334 3093
2942 3094
91 3095
215 3096
2913 3097
2694 3098
970 3099
2227 3100
1984 3101
2155 3102
2647 3103
1256 3104
1748 3105
191 3106
2039 3107
3053 3108
1882 3109
1184 3110
1868 3111
1265 3112
2705 3113
491 3114
2235 3115
1070 3116
1741 3117
2053 3118
653 3119
874 3120
1339 3121
1240 3122
2437 3123
2948 3124
2521 3125
2972 3126
1463 3127
853 3128
539 3129
1696 3130
1086 3131
1861 3132
2579 3133
2141 3134
1019 3135
344 3136
926 3137
1358 3138
1755 3139
628 3140
1848 3141
1046 3142
1600 3143
1390 3144
549 3145
1459 3146
2133 3147
916 3148
1010 3149
1272 3150
1850 3151
2664 3152
2597 3153
624 3154
2425 3155
846 3156
637 3157
2218 3158
2404 3159
1987 3160
2875 3161
269 3162
2432 3163
2388 3164
1598 3165
928 3166
2375 3167
2608 3168
2945 3169
2320 3170
2365 3171
1783 3172
407 3173
1162 3174
5 3175
2974 3176
3080 3177
2654 3178
995 3179
2217 3180
888 3181
756 3182
2380 3183
265 3184
201 3185
1422 3186
3097 3187
1012 3188
2988 3189
2635 3190
1006 3191
2550 3192
1511 3193
341 3194
1548 3195
376 3196
1740 3197
3058 3198
3088 3199
783 3200
486 3201
1963 3202
2320 3203
174 3204
543 3205
1593 3206
292 3207
2730 3208
366 3209
1463 3210
2277 3211
2421 3212
969 3213
1996 3214
8 3215
999 3216
2225 3217
1773 3218
3052 3219
195 3220
2148 3221
15 3222
110 3223
879 3224
2855 3225
2229 3226
2429 3227
2078 3228
562 3229
440 3230
3206 3231
1292 3232
1207 3233
1317 3234
789 3235
3159 3236
305 3237
2762 3238
2600 3239
817 3240
16 3241
2350 3242
3007 3243
1406 3244
2080 3245
1974 3246
1060 3247
2786 3248
339 3249
829 3250
1881 3251
354 3252
753 3253
2384 3254
486 3255
1680 3256
2482 3257
978 3258
2543 3259
2388 3260
2608 3261
1990 3262
1399 3263
2345 3264
1367 3265
1234 3266
130 3267
2487 3268
764 3269
1896 3270
2769 3271
754 3272
565 3273
3239 3274
101 3275
1936 3276
75 3277
2205 3278
239 3279
1436 3280
213 3281
262 3282
2632 3283
3163 3284
40 3285
3087 3286
2224 3287
2423 3288
2358 3289
2603 3290
1176 3291
1738 3292
101 3293
2877 3294
2906 3295
2373 3296
1073 3297
1890 3298
1260 3299
313 3300
1272 3301
683 3302
2610 3303
380 3304
2905 3305
1020 3306
3256 3307
358 3308
1767 3309
625 3310
185 3311
1517 3312
1885 3313
81 3314
2069 3315
232 3316
2620 3317
1301 3318
1877 3319
1774 3320
2965 3321
1664 3322
1083 3323
271 3324
2825 3325
2129 3326
2034 3327
700 3328
1871 3329
436 3330
2014 3331
2217 3332
1756 3333
1870 3334
260 3335
890 3336
2703 3337
1746 3338
182 3339
2609 3340
1940 3341
482 3342
1742 3343
726 3344
1391 3345
2098 3346
687 3347
1756 3348
2380 3349
1852 3350
1242 3351
1264 3352
1409 3353
3216 3354
1097 3355
754 3356
3153 3357
2332 3358
2704 3359
2946 3360
1515 3361
3167 3362
1184 3363
967 3364
2821 3365
2822 3366
413 3367
1018 3368
1812 3369
424 3370
3228 3371
2508 3372
2080 3373
2097 3374
505 3375
2810 3376
2615 3377
685 3378
2178 3379
2724 3380
814 3381
1657 3382
2406 3383
974 3384
2014 3385
2539 3386
1965 3387
825 3388
1670 3389
2280 3390
689 3391
323 3392
3084 3393
205 3394
330 3395
2388 3396
968 3397
479 3398
2 3399
3204 3400
43 3401
2528 3402
208 3403
2449 3404
3039 3405
3383 3406
2791 3407
2124 3408
3377 3409
415 3410
1380 3411
2118 3412
3326 3413
2512 3414
663 3415
3206 3416
892 3417
2978 3418
2963 3419
1908 3420
3408 3421
1762 3422
1622 3423
709 3424
851 3425
128 3426
1953 3427
2034 3428
3344 3429
1734 3430
1761 3431
2555 3432
693 3433
2541 3434
428 3435
197 3436
2469 3437
852 3438
1762 3439
1243 3440
332 3441
2061 3442
2018 3443
1102 3444
961 3445
2880 3446
3283 3447
2678 3448
246 3449
2618 3450
1615 3451
517 3452
2831 3453
1755 3454
1564 3455
1253 3456
2635 3457
2985 3458
2562 3459
2023 3460
2345 3461
626 3462
367 3463
473 3464
675 3465
2634 3466
566 3467
96 3468
1463 3469
1995 3470
2418 3471
3076 3472
1704 3473
2424 3474
3289 3475
241 3476
806 3477
479 3478
25 3479
2254 3480
2976 3481
53 3482
2548 3483
3199 3484
3070 3485
1926 3486
2237 3487
2828 3488
1204 3489
696 3490
1741 3491
974 3492
2941 3493
1865 3494
3453 3495
2270 3496
1512 3497
857 3498
872 3499
1419 3500
1544 3501
1909 3502
2235 3503
3193 3504
3277 3505
789 3506
189 3507
1619 3508
3322 3509
1789 3510
117 3511
133 3512
32 3513
2104 3514
582 3515
3230 3516
1985 3517
1526 3518
3127 3519
2520 3520
3023 3521
2623 3522
747 3523
2502 3524
766 3525
3213 3526
2376 3527
3442 3528
2170 3529
2747 3530
3026 3531
1426 3532
1999 3533
3189 3534
2427 3535
2008 3536
3499 3537
119 3538
1929 3539
2080 3540
2130 3541
2637 3542
2603 3543
3237 3544
1934 3545
2020 3546
2147 3547
3028 3548
3503 3549
443 3550
1699 3551
2217 3552
2101 3553
713 3554
243 3555
804 3556
918 3557
50 3558
176 3559
1516 3560
1286 3561
2305 3562
18 3563
1334 3564
1358 3565
787 3566
2729 3567
209 3568
3298 3569
3332 3570
3319 3571
2036 3572
1457 3573
139 3574
2294 3575
2016 3576
250 3577
2536 3578
76 3579
1396 3580
2326 3581
791 3582
1055 3583
721 3584
1681 3585
2160 3586
3024 3587
1517 3588
2897 3589
1262 3590
413 3591
2038 3592
572 3593
699 3594
744 3595
621 3596
3378 3597
2814 3598
1981 3599
194 3600
1749 3601
2615 3602
2417 3603
1280 3604
1038 3605
1092 3606
984 3607
390 3608
780 3609
862 3610
2804 3611
2563 3612
709 3613
3200 3614
495 3615
2818 3616
393 3617
1838 3618
102 3619
434 3620
2286 3621
2182 3622
893 3623
5 3624
2787 3625
668 3626
1018 3627
86 3628
1856 3629
1289 3630
3011 3631
3323 3632
1864 3633
1320 3634
1520 3635
1589 3636
507 3637
2496 3638
3207 3639
1785 3640
2852 3641
1637 3642
2280 3643
2957 3644
1149 3645
2444 3646
1742 3647
2073 3648
1585 3649
1565 3650
54 3651
2625 3652
1014 3653
388 3654
2434 3655
2081 3656
2920 3657
445 3658
804 3659
2942 3660
2401 3661
103 3662
1370 3663
1101 3664
2752 3665
3399 3666
1664 3667
2979 3668
3576 3669
3242 3670
1996 3671
1174 3672
877 3673
2188 3674
2390 3675
588 3676
1665 3677
2284 3678
1094 3679
307 3680
29 3681
1079 3682
1901 3683
3294 3684
1204 3685
3256 3686
1700 3687
2794 3688
1148 3689
950 3690
197 3691
342 3692
750 3693
1235 3694
618 3695
346 3696
3292 3697
2814 3698
1032 3699
2220 3700
2071 3701
191 3702
543 3703
2355 3704
1006 3705
2499 3706
686 3707
949 3708
20 3709
1799 3710
1699 3711
2897 3712
1007 3713
3227 3714
3127 3715
3576 3716
1332 3717
290 3718
1036 3719
1477 3720
2884 3721
3263 3722
1223 3723
1114 3724
2755 3725
441 3726
3175 3727
3581 3728
2312 3729
2126 3730
3205 3731
3690 3732
3612 3733
58 3734
520 3735
2653 3736
3152 3737
2601 3738
3594 3739
2137 3740
2820 3741
593 3742
3024 3743
608 3744
2260 3745
435 3746
3588 3747
143 3748
510 3749
3231 3750
1644 3751
1161 3752
2436 3753
2442 3754
126 3755
242 3756
1871 3757
1725 3758
1960 3759
256 3760
2749 3761
1043 3762
294 3763
3228 3764
935 3765
1655 3766
2558 3767
969 3768
951 3769
3355 3770
378 3771
49 3772
3365 3773
3155 3774
2488 3775
717 3776
853 3777
1375 3778
1170 3779
2455 3780
783 3781
3707 3782
2311 3783
801 3784
1578 3785
2938 3786
104 3787
1758 3788
765 3789
2599 3790
3124 3791
3428 3792
2197 3793
998 3794
1938 3795
1812 3796
695 3797
1855 3798
3009 3799
677 3800
1491 3801
2140 3802
1552 3803
1895 3804
3339 3805
39 3806
3561 3807
2273 3808
3157 3809
1358 3810
1095 3811
1348 3812
1103 3813
2800 3814
1349 3815
1560 3816
1183 3817
2068 3818
2711 3819
2494 3820
1802 3821
3397 3822
2333 3823
2497 3824
2912 3825
2822 3826
1462 3827
2197 3828
3298 3829
3459 3830
509 3831
90 3832
3336 3833
1534 3834
1018 3835
619 3836
835 3837
1892 3838
1321 3839
2757 3840
3714 3841
2821 3842
1901 3843
1190 3844
23 3845
2030 3846
80 3847
3632 3848
1206 3849
2426 3850
1992 3851
812 3852
1973 3853
342 3854
838 3855
831 3856
636 3857
907 3858
3625 3859
2145 3860
2166 3861
1509 3862
227 3863
693 3864
3152 3865
1540 3866
910 3867
674 3868
3205 3869
2127 3870
3808 3871
3816 3872
2427 3873
2468 3874
3344 3875
1165 3876
1157 3877
1883 3878
266 3879
309 3880
2312 3881
3308 3882
2840 3883
2105 3884
1382 3885
1418 3886
989 3887
2688 3888
3070 3889
1718 3890
3426 3891
143 3892
2131 3893
2390 3894
61 3895
138 3896
2403 3897
1540 3898
470 3899
2763 3900
1281 3901
3731 3902
207 3903
1528 3904
1161 3905
2002 3906
3797 3907
3536 3908
3063 3909
838 3910
1645 3911
3003 3912
3303 3913
2058 3914
2748 3915
130 3916
16 3917
1284 3918
392 3919
3283 3920
2095 3921
2940 3922
1617 3923
3337 3924
2114 3925
908 3926
170 3927
2462 3928
174 3929
2178 3930
1128 3931
2224 3932
2742 3933
907 3934
2047 3935
2863 3936
657 3937
190 3938
2189 3939
3014 3940
1907 3941
3310 3942
2393 3943
2608 3944
1486 3945
3634 3946
1636 3947
2814 3948
2463 3949
2158 3950
743 3951
1010 3952
1128 3953
3566 3954
3078 3955
3145 3956
1318 3957
3942 3958
696 3959
502 3960
3410 3961
602 3962
1595 3963
1813 3964
2872 3965
933 3966
1123 3967
2961 3968
157 3969
3182 3970
1270 3971
2811 3972
1615 3973
1450 3974
1656 3975
3747 3976
472 3977
214 3978
93 3979
1115 3980
352 3981
3440 3982
2132 3983
1841 3984
3968 3985
1580 3986
276 3987
3677 3988
475 3989
2938 3990
2989 3991
3069 3992
3503 3993
3675 3994
2587 3995
1853 3996
3990 3997
2970 3998
1739 3999
479 4000
1754 4001
3805 4002
3801 4003
3140 4004
2145 4005
90 4006
1007 4007
2308 4008
2388 4009
2846 4010
3870 4011
225 4012
3086 4013
2316 4014
197 4015
2360 4016
2237 4017
777 4018
1681 4019
1387 4020
3749 4021
1106 4022
407 4023
1527 4024
2308 4025
1377 4026
3972 4027
1590 4028
851 4029
3503 4030
3710 4031
1640 4032
3510 4033
272 4034
1410 4035
3033 4036
2996 4037
1717 4038
2057 4039
3524 4040
3316 4041
2263 4042
234 4043
2235 4044
3234 4045
2286 4046
3279 4047
2988 4048
3305 4049
1831 4050
2827 4051
3875 4052
3034 4053
2725 4054
3544 4055
809 4056
1105 4057
1575 4058
3826 4059
3774 4060
2193 4061
2655 4062
1263 4063
945 4064
2863 4065
933 4066
1131 4067
2137 4068
379 4069
3322 4070
1604 4071
1443 4072
3469 4073
758 4074
580 4075
2718 4076
370 4077
3846 4078
1766 4079
2763 4080
3670 4081
811 4082
3147 4083
1943 4084
4030 4085
2326 4086
2446 4087
2144 4088
2757 4089
3865 4090
485 4091
1129 4092
389 4093
1055 4094
3173 4095
801 4096
1624 4097
4052 4098
3415 4099
1992 4100
875 4101
2802 4102
2524 4103
1593 4104
1426 4105
1938 4106
4034 4107
3789 4108
1945 4109
3428 4110
1250 4111
426 4112
1269 4113
1681 4114
2700 4115
3487 4116
2012 4117
3896 4118
3925 4119
3142 4120
1554 4121
888 4122
1905 4123
1270 4124
195 4125
4111 4126
1870 4127
3452 4128
361 4129
1303 4130
475 4131
3346 4132
4055 4133
1331 4134
3269 4135
1295 4136
358 4137
3577 4138
1835 4139
3236 4140
2850 4141
3273 4142
1611 4143
3552 4144
2813 4145
2833 4146
1378 4147
1678 4148
4075 4149
4060 4150
2655 4151
2366 4152
2918 4153
3252 4154
985 4155
1324 4156
329 4157
1687 4158
587 4159
2087 4160
1403 4161
4005 4162
2497 4163
3556 4164
4111 4165
1195 4166
1159 4167
2027 4168
3739 4169
2457 4170
3130 4171
649 4172
3842 4173
824 4174
2285 4175
3116 4176
781 4177
5 4178
3801 4179
3681 4180
1462 4181
1028 4182
3677 4183
3662 4184
3961 4185
1297 4186
842 4187
360 4188
1160 4189
3188 4190
523 4191
1841 4192
2843 4193
3939 4194
3545 4195
975 4196
1241 4197
3560 4198
794 4199
3385 4200
1230 4201
1996 4202
1518 4203
695 4204
3364 4205
646 4206
2715 4207
1267 4208
4156 4209
3883 4210
1740 4211
2574 4212
1547 4213
3624 4214
3335 4215
3731 4216
1569 4217
2007 4218
2281 4219
2658 4220
62 4221
11 4222
3305 4223
3064 4224
3973 4225
3898 4226
2458 4227
1704 4228
3299 4229
3984 4230
1885 4231
1823 4232
934 4233
3001 4234
467 4235
2426 4236
327 4237
2529 4238
3393 4239
3373 4240
3037 4241
3563 4242
2305 4243
1473 4244
2930 4245
3798 4246
1178 4247
1616 4248
556 4249
3619 4250
1372 4251
1247 4252
165 4253
420 4254
275 4255
2182 4256
687 4257
565 4258
4093 4259
12 4260
2742 4261
3774 4262
3485 4263
2729 4264
2265 4265
2103 4266
1181 4267
2803 4268
1782 4269
1552 4270
2930 4271
1733 4272
2209 4273
2482 4274
951 4275
1075 4276
1824 4277
3761 4278
3258 4279
474 4280
3229 4281
157 4282
3272 4283
3911 4284
2734 4285
419 4286
3915 4287
3481 4288
2185 4289
1728 4290
95 4291
2392 4292
521 4293
135 4294
3390 4295
165 4296
2747 4297
2364 4298
2153 4299
3926 4300
1458 4301
3134 4302
448 4303
2278 4304
991 4305
2615 4306
2288 4307
945 4308
942 4309
2760 4310
2451 4311
3273 4312
3657 4313
110 4314
585 4315
184 4316
3983 4317
861 4318
3129 4319
67 4320
1762 4321
2701 4322
1588 4323
261 4324
3076 4325
2462 4326
89 4327
4073 4328
2658 4329
3605 4330
1242 4331
2722 4332
2992 4333
3405 4334
3505 4335
2130 4336
417 4337
1236 4338
3825 4339
1461 4340
2679 4341
1203 4342
577 4343
882 4344
2892 4345
1653 4346
1106 4347
2698 4348
173 4349
2541 4350
3726 4351
2597 4352
2814 4353
891 4354
2520 4355
687 4356
363 4357
1809 4358
1205 4359
2937 4360
601 4361
3186 4362
344 4363
3704 4364
3836 4365
2210 4366
759 4367
1733 4368
4032 4369
3504 4370
370 4371
3715 4372
1505 4373
2967 4374
2482 4375
121 4376
3713 4377
1922 4378
941 4379
1052 4380
1793 4381
805 4382
1743 4383
2028 4384
1788 4385
2369 4386
3888 4387
1786 4388
901 4389
2760 4390
4233 4391
2114 4392
4268 4393
943 4394
3378 4395
4310 4396
3395 4397
1307 4398
2069 4399
3471 4400
121 4401
2551 4402
2516 4403
4393 4404
192 4405
2576 4406
1082 4407
2981 4408
612 4409
3722 4410
3349 4411
360 4412
2208 4413
3264 4414
2066 4415
534 4416
3793 4417
1811 4418
1506 4419
1046 4420
1513 4421
1694 4422
1804 4423
3223 4424
3223 4425
3928 4426
1992 4427
1823 4428
2676 4429
1602 4430
2310 4431
3402 4432
3139 4433
323 4434
2871 4435
1657 4436
1302 4437
4277 4438
4386 4439
2451 4440
2693 4441
2500 4442
2998 4443
1703 4444
1490 4445
2622 4446
3337 4447
3203 4448
541 4449
1247 4450
4230 4451
1664 4452
54 4453
1331 4454
2353 4455
3252 4456
3071 4457
4451 4458
2169 4459
1103 4460
119 4461
841 4462
352 4463
3206 4464
3210 4465
474 4466
2885 4467
1401 4468
598 4469
3066 4470
355 4471
3319 4472
1262 4473
1233 4474
3098 4475
709 4476
462 4477
3965 4478
1174 4479
1613 4480
4307 4481
3552 4482
4302 4483
1450 4484
927 4485
3545 4486
1892 4487
692 4488
2494 4489
130 4490
3645 4491
2754 4492
2784 4493
2337 4494
742 4495
2031 4496
3599 4497
4152 4498
2651 4499
1470 4500
1209 4501
4077 4502
4435 4503
3716 4504
319 4505
2352 4506
4113 4507
3802 4508
3646 4509
2765 4510
2844 4511
3168 4512
3592 4513
2910 4514
1477 4515
4045 4516
2726 4517
3886 4518
1786 4519
2419 4520
4148 4521
92 4522
895 4523
3602 4524
2098 4525
661 4526
537 4527
2078 4528
2702 4529
3610 4530
257 4531
2738 4532
2417 4533
3612 4534
2324 4535
334 4536
533 4537
4411 4538
3844 4539
3543 4540
1066 4541
2766 4542
3641 4543
2685 4544
3074 4545
1503 4546
2894 4547
3520 4548
2721 4549
1450 4550
907 4551
227 4552
3279 4553
899 4554
2158 4555
3251 4556
1049 4557
462 4558
1644 4559
2234 4560
1604 4561
4203 4562
2099 4563
2243 4564
1898 4565
3212 4566
3013 4567
2558 4568
2247 4569
2018 4570
2766 4571
4415 4572
4278 4573
2372 4574
2949 4575
208 4576
576 4577
2032 4578
1979 4579
3349 4580
4484 4581
787 4582
3932 4583
1655 4584
3398 4585
2402 4586
2383 4587
4515 4588
4216 4589
3887 4590
1661 4591
2977 4592
2477 4593
1916 4594
895 4595
407 4596
137 4597
651 4598
2770 4599
4373 4600
3453 4601
4098 4602
4154 4603
88 4604
923 4605
2286 4606
2088 4607
2232 4608
360 4609
3016 4610
3111 4611
3119 4612
850 4613
1018 4614
4335 4615
1926 4616
856 4617
3215 4618
2521 4619
495 4620
3733 4621
1081 4622
1221 4623
4155 4624
92 4625
2405 4626
4367 4627
2617 4628
944 4629
2995 4630
502 4631
1255 4632
4400 4633
2039 4634
3837 4635
995 4636
1667 4637
3296 4638
1859 4639
3695 4640
903 4641
1924 4642
1601 4643
571 4644
794 4645
3963 4646
2134 4647
925 4648
3291 4649
4608 4650
3240 4651
2259 4652
2243 4653
3145 4654
1095 4655
3123 4656
2523 4657
974 4658
4115 4659
1020 4660
1447 4661
2390 4662
3328 4663
2522 4664
2680 4665
3506 4666
2612 4667
800 4668
3380 4669
3689 4670
501 4671
3460 4672
2319 4673
3461 4674
1426 4675
2613 4676
2001 4677
2485 4678
1441 4679
2476 4680
2397 4681
1797 4682
830 4683
2751 4684
3767 4685
2124 4686
2610 4687
4067 4688
2119 4689
3192 4690
3562 4691
3796 4692
82 4693
1109 4694
2903 4695
3086 4696
4579 4697
2587 4698
643 4699
4566 4700
3048 4701
250 4702
4457 4703
343 4704
1703 4705
42 4706
1585 4707
2971 4708
4085 4709
2838 4710
1561 4711
1271 4712
2718 4713
1885 4714
1510 4715
3363 4716
4065 4717
397 4718
621 4719
1449 4720
3573 4721
3759 4722
4172 4723
1174 4724
1161 4725
3461 4726
3742 4727
1171 4728
3568 4729
974 4730
2567 4731
3253 4732
418 4733
3193 4734
3933 4735
4404 4736
411 4737
424 4738
362 4739
2840 4740
71 4741
353 4742
2333 4743
264 4744
4243 4745
733 4746
4109 4747
2200 4748
2541 4749
3452 4750
723 4751
1836 4752
1442 4753
3054 4754
2245 4755
2989 4756
409 4757
619 4758
4357 4759
1806 4760
2572 4761
2416 4762
865 4763
137 4764
1288 4765
140 4766
701 4767
459 4768
2485 4769
1072 4770
1820 4771
3408 4772
3935 4773
4688 4774
2318 4775
3425 4776
1707 4777
287 4778
2108 4779
4062 4780
1518 4781
2428 4782
4437 4783
3835 4784
2055 4785
1845 4786
4296 4787
3436 4788
1437 4789
63 4790
1226 4791
35 4792
2035 4793
3507 4794
2495 4795
287 4796
1150 4797
4425 4798
709 4799
1 4800
1015 4801
4484 4802
1318 4803
555 4804
3473 4805
1156 4806
113 4807
2838 4808
3434 4809
526 4810
1484 4811
2448 4812
3247 4813
3205 4814
3729 4815
522 4816
4110 4817
3592 4818
2933 4819
4220 4820
1571 4821
4220 4822
1153 4823
2911 4824
2031 4825
3277 4826
2720 4827
4149 4828
3079 4829
1762 4830
64 4831
1790 4832
3468 4833
2108 4834
590 4835
3443 4836
2221 4837
2635 4838
3933 4839
2852 4840
627 4841
3534 4842
3048 4843
3457 4844
3860 4845
2216 4846
1415 4847
4722 4848
2434 4849
272 4850
965 4851
2314 4852
4381 4853
3861 4854
4800 4855
2820 4856
204 4857
1388 4858
519 4859
2679 4860
366 4861
1606 4862
3491 4863
4487 4864
1213 4865
4739 4866
1754 4867
3701 4868
2445 4869
4344 4870
4113 4871
309 4872
1113 4873
1891 4874
81 4875
4055 4876
3272 4877
4611 4878
1850 4879
2776 4880
4613 4881
1138 4882
3919 4883
2367 4884
4541 4885
4392 4886
3891 4887
505 4888
2318 4889
1835 4890
4869 4891
3239 4892
2914 4893
2208 4894
2126 4895
900 4896
3850 4897
3419 4898
2656 4899
4068 4900
3758 4901
2153 4902
2293 4903
2972 4904
3209 4905
464 4906
169 4907
33 4908
929 4909
2805 4910
401 4911
4628 4912
2891 4913
2504 4914
1358 4915
3711 4916
2770 4917
375 4918
3626 4919
4661 4920
748 4921
1066 4922
2108 4923
3510 4924
3941 4925
3743 4926
979 4927
1866 4928
865 4929
4725 4930
4738 4931
1762 4932
2542 4933
88 4934
1749 4935
4768 4936
1617 4937
4937 4938
1318 4939
1748 4940
4269 4941
2272 4942
2160 4943
4293 4944
4050 4945
1742 4946
82 4947
3805 4948
1649 4949
3371 4950
2000 4951
3529 4952
2523 4953
4479 4954
3142 4955
2412 4956
2506 4957
2603 4958
1722 4959
2024 4960
2601 4961
2137 4962
1853 4963
462 4964
3126 4965
1488 4966
4594 4967
3373 4968
2326 4969
792 4970
2359 4971
981 4972
1397 4973
3447 4974
3800 4975
2239 4976
2583 4977
4742 4978
3067 4979
1939 4980
1708 4981
4428 4982
4805 4983
4769 4984
4198 4985
2205 4986
4749 4987
3578 4988
480 4989
2196 4990
1950 4991
2608 4992
1545 4993
1972 4994
4562 4995
2437 4996
1014 4997
4330 4998
3579 4999
4438 5000
3299 5001
2287 5002
1932 5003
3430 5004
3491 5005
1443 5006
866 5007
3649 5008
439 5009
808 5010
1022 5011
1191 5012
1508 5013
1407 5014
913 5015
3102 5016
3231 5017
806 5018
4112 5019
2214 5020
739 5021
405 5022
3198 5023
1549 5024
3462 5025
4218 5026
1436 5027
976 5028
4595 5029
1811 5030
2705 5031
2923 5032
1185 5033
564 5034
2695 5035
701 5036
3353 5037
3541 5038
729 5039
36 5040
5 5041
2716 5042
3536 5043
4598 5044
1910 5045
3845 5046
3986 5047
2285 5048
3076 5049
2213 5050
1362 5051
2851 5052
3062 5053
4507 5054
4883 5055
4118 5056
3525 5057
3998 5058
297 5059
4093 5060
4560 5061
280 5062
915 5063
2960 5064
4087 5065
5046 5066
3825 5067
329 5068
2818 5069
3709 5070
2185 5071
4145 5072
909 5073
1646 5074
1975 5075
711 5076
2269 5077
239 5078
3696 5079
3060 5080
1337 5081
2751 5082
3906 5083
4341 5084
3134 5085
3981 5086
1762 5087
4432 5088
3274 5089
4057 5090
4896 5091
2597 5092
2901 5093
764 5094
1653 5095
5018 5096
3457 5097
3044 5098
531 5099
3020 5100
1288 5101
1701 5102
1029 5103
4511 5104
606 5105
4958 5106
1974 5107
3538 5108
4653 5109
4899 5110
1239 5111
1362 5112
343 5113
3609 5114
474 5115
126 5116
4324 5117
1047 5118
4261 5119
3919 5120
2864 5121
1728 5122
3781 5123
4012 5124
2497 5125
1440 5126
4207 5127
3254 5128
4972 5129
3423 5130
1761 5131
3146 5132
609 5133
4282 5134
5094 5135
3266 5136
1910 5137
3934 5138
1266 5139
1394 5140
2106 5141
5066 5142
1569 5143
232 5144
4892 5145
806 5146
4041 5147
3257 5148
4034 5149
4132 5150
1546 5151
222 5152
1094 5153
2686 5154
2554 5155
387 5156
2263 5157
2006 5158
4493 5159
2431 5160
3439 5161
3758 5162
157 5163
2950 5164
4613 5165
1172 5166
5002 5167
2301 5168
4721 5169
1371 5170
2381 5171
805 5172
2223 5173
3178 5174
4921 5175
1554 5176
2727 5177
3453 5178
2592 5179
4131 5180
3951 5181
3720 5182
3310 5183
2203 5184
2011 5185
1959 5186
4342 5187
1862 5188
4741 5189
2163 5190
3720 5191
3547 5192
2234 5193
4826 5194
4587 5195
4064 5196
3101 5197
1581 5198
3901 5199
1240 5200
4353 5201
4356 5202
3130 5203
3764 5204
3996 5205
3024 5206
1752 5207
1860 5208
1319 5209
354 5210
4523 5211
2873 5212
295 5213
4091 5214
4119 5215
900 5216
1626 5217
1166 5218
2288 5219
4728 5220
4775 5221
571 5222
3230 5223
4448 5224
966 5225
2199 5226
1708 5227
4485 5228
3426 5229
167 5230
4635 5231
1602 5232
2112 5233
779 5234
3620 5235
3231 5236
2754 5237
4284 5238
4474 5239
3816 5240
2862 5241
1299 5242
3660 5243
3956 5244
3278 5245
3362 5246
322 5247
2778 5248
5155 5249
2411 5250
3170 5251
1270 5252
2633 5253
440 5254
2612 5255
2626 5256
3684 5257
2364 5258
1682 5259
1767 5260
2432 5261
2648 5262
4469 5263
2584 5264
465 5265
535 5266
3887 5267
2762 5268
2573 5269
3606 5270
5139 5271
2772 5272
2710 5273
249 5274
3655 5275
575 5276
2241 5277
4611 5278
3984 5279
3072 5280
2054 5281
4237 5282
4908 5283
1237 5284
3589 5285
5110 5286
4554 5287
2586 5288
1309 5289
2124 5290
3476 5291
2775 5292
4165 5293
2390 5294
2423 5295
149 5296
1874 5297
2651 5298
1196 5299
4908 5300
895 5301
2583 5302
1298 5303
4535 5304
971 5305
3586 5306
4799 5307
3842 5308
218 5309
2372 5310
3058 5311
1335 5312
2960 5313
4631 5314
4419 5315
3212 5316
3061 5317
4171 5318
1751 5319
1105 5320
2095 5321
2232 5322
3458 5323
3058 5324
4973 5325
1925 5326
4394 5327
4851 5328
2696 5329
4489 5330
3560 5331
4232 5332
1161 5333
969 5334
2100 5335
4045 5336
2619 5337
4455 5338
638 5339
2069 5340
1749 5341
2787 5342
1913 5343
4573 5344
4066 5345
5222 5346
3019 5347
1248 5348
3020 5349
3717 5350
2556 5351
3864 5352
1255 5353
4446 5354
1150 5355
2886 5356
2566 5357
794 5358
3320 5359
3980 5360
2507 5361
104 5362
1699 5363
2208 5364
2139 5365
756 5366
2121 5367
402 5368
3681 5369
3862 5370
68 5371
4708 5372
1816 5373
2204 5374
2369 5375
3544 5376
3080 5377
4961 5378
4584 5379
5022 5380
3023 5381
746 5382
3555 5383
1337 5384
23 5385
5026 5386
656 5387
4902 5388
1528 5389
4465 5390
954 5391
2844 5392
4542 5393
5371 5394
5152 5395
3520 5396
4903 5397
4337 5398
964 5399
4567 5400
3301 5401
974 5402
4411 5403
1983 5404
2909 5405
4425 5406
4798 5407
4442 5408
141 5409
4116 5410
3629 5411
5324 5412
3105 5413
1168 5414
3863 5415
407 5416
4901 5417
4326 5418
890 5419
371 5420
3570 5421
856 5422
3208 5423
1916 5424
4637 5425
4480 5426
3762 5427
5294 5428
5321 5429
5294 5430
1881 5431
3840 5432
3399 5433
5109 5434
1924 5435
4408 5436
1295 5437
1985 5438
3102 5439
380 5440
781 5441
2278 5442
3817 5443
5078 5444
1933 5445
1178 5446
2857 5447
3321 5448
4947 5449
1829 5450
1287 5451
4627 5452
4142 5453
4923 5454
30 5455
4629 5456
3979 5457
561 5458
4940 5459
4845 5460
2438 5461
2115 5462
3843 5463
2949 5464
1879 5465
134 5466
3128 5467
2134 5468
261 5469
4334 5470
5444 5471
1926 5472
4585 5473
4937 5474
1666 5475
3876 5476
2397 5477
5275 5478
3791 5479
4811 5480
3006 5481
168 5482
1189 5483
2792 5484
1294 5485
5162 5486
2176 5487
3698 5488
4436 5489
5015 5490
1508 5491
2198 5492
446 5493
3172 5494
5031 5495
762 5496
1045 5497
1215 5498
2463 5499
3354 5500
238 5501
376 5502
2006 5503
2530 5504
3683 5505
895 5506
4131 5507
840 5508
347 5509
1768 5510
3344 5511
1181 5512
1863 5513
5311 5514
4310 5515
4640 5516
4454 5517
568 5518
841 5519
4155 5520
4415 5521
1939 5522
2443 5523
4253 5524
2574 5525
3065 5526
4237 5527
1027 5528
1314 5529
1547 5530
3707 5531
4997 5532
1627 5533
1997 5534
2924 5535
4505 5536
5249 5537
1399 5538
5024 5539
3167 5540
2152 5541
3116 5542
3228 5543
3560 5544
2413 5545
2473 5546
5536 5547
1378 5548
3911 5549
3341 5550
67 5551
2381 5552
5096 5553
4071 5554
5044 5555
3454 5556
750 5557
206 5558
2276 5559
3884 5560
3668 5561
2885 5562
1515 5563
293 5564
4745 5565
659 5566
4809 5567
69 5568
3618 5569
350 5570
2201 5571
3520 5572
582 5573
3524 5574
3726 5575
4065 5576
3507 5577
2433 5578
1541 5579
1412 5580
779 5581
2625 5582
2499 5583
2956 5584
2216 5585
3020 5586
2415 5587
1782 5588
739 5589
1998 5590
477 5591
4365 5592
3141 5593
3589 5594
4200 5595
648 5596
4495 5597
1764 5598
2342 5599
3837 5600
4473 5601
678 5602
1573 5603
727 5604
1532 5605
165 5606
2188 5607
1550 5608
1292 5609
1751 5610
359 5611
1491 5612
2139 5613
1865 5614
1904 5615
3119 5616
971 5617
2657 5618
572 5619
166 5620
115 5621
1697 5622
663 5623
2632 5624
1264 5625
5205 5626
2455 5627
822 5628
1788 5629
1784 5630
4852 5631
2961 5632
4343 5633
2717 5634
1748 5635
1749 5636
813 5637
3722 5638
212 5639
1427 5640
4423 5641
4776 5642
3848 5643
2856 5644
2474 5645
5506 5646
1594 5647
2924 5648
5163 5649
3577 5650
4909 5651
4346 5652
1221 5653
1868 5654
2703 5655
4728 5656
4356 5657
2639 5658
1060 5659
4547 5660
1117 5661
1528 5662
927 5663
5479 5664
5046 5665
1268 5666
2551 5667
893 5668
5102 5669
4792 5670
783 5671
2683 5672
368 5673
3253 5674
855 5675
1810 5676
3931 5677
3768 5678
697 5679
2919 5680
688 5681
2155 5682
5193 5683
2400 5684
2958 5685
923 5686
288 5687
4025 5688
4675 5689
29 5690
4923 5691
2614 5692
1282 5693
1304 5694
352 5695
3265 5696
394 5697
4798 5698
2187 5699
5669 5700
2490 5701
5224 5702
4056 5703
2651 5704
1453 5705
2711 5706
2205 5707
1378 5708
1953 5709
5213 5710
5190 5711
2649 5712
2010 5713
4723 5714
1253 5715
2079 5716
5292 5717
1636 5718
193 5719
65 5720
5353 5721
5626 5722
4717 5723
2669 5724
523 5725
4688 5726
2280 5727
3777 5728
2586 5729
2271 5730
5517 5731
1520 5732
3050 5733
1447 5734
272 5735
4443 5736
5515 5737
4484 5738
1547 5739
3700 5740
4378 5741
4775 5742
3600 5743
864 5744
2585 5745
4152 5746
2569 5747
4781 5748
3603 5749
1381 5750
188 5751
4766 5752
2857 5753
3864 5754
5734 5755
2555 5756
1340 5757
4917 5758
5183 5759
5740 5760
3557 5761
75 5762
2137 5763
1194 5764
35 5765
5 5766
3183 5767
228 5768
1580 5769
5661 5770
1972 5771
3748 5772
456 5773
2274 5774
4643 5775
2447 5776
4139 5777
1701 5778
2465 5779
1356 5780
3759 5781
379 5782
3094 5783
4393 5784
1825 5785
69 5786
5062 5787
4576 5788
2248 5789
2275 5790
2965 5791
4778 5792
1475 5793
4108 5794
2396 5795
2464 5796
571 5797
1668 5798
1408 5799
5400 5800
298 5801
2987 5802
4628 5803
3563 5804
4123 5805
842 5806
1522 5807
5583 5808
4918 5809
4576 5810
4079 5811
3153 5812
197 5813
250 5814
4541 5815
3044 5816
4708 5817
891 5818
1651 5819
5584 5820
217 5821
2124 5822
291 5823
1932 5824
3258 5825
4046 5826
560 5827
5580 5828
4946 5829
1907 5830
5201 5831
1383 5832
3428 5833
712 5834
1683 5835
598 5836
4227 5837
2691 5838
679 5839
4022 5840
5178 5841
5740 5842
749 5843
5057 5844
287 5845
887 5846
4361 5847
3013 5848
2273 5849
625 5850
4397 5851
3648 5852
5139 5853
5178 5854
3213 5855
813 5856
4178 5857
1439 5858
2247 5859
642 5860
4442 5861
5402 5862
1012 5863
4155 5864
1964 5865
2426 5866
1706 5867
1456 5868
5596 5869
87 5870
4985 5871
3415 5872
234 5873
2571 5874
3459 5875
2479 5876
4699 5877
5558 5878
2976 5879
332 5880
1304 5881
3063 5882
3536 5883
2924 5884
1627 5885
4174 5886
4766 5887
5001 5888
1018 5889
420 5890
5504 5891
5757 5892
5557 5893
276 5894
2152 5895
2183 5896
2402 5897
5 5898
4727 5899
4101 5900
1251 5901
5548 5902
3476 5903
2925 5904
99 5905
3719 5906
1531 5907
3115 5908
89 5909
949 5910
198 5911
559 5912
1681 5913
4544 5914
5065 5915
470 5916
5449 5917
4647 5918
2312 5919
2419 5920
5781 5921
2825 5922
5336 5923
5754 5924
1249 5925
3110 5926
4362 5927
5170 5928
1020 5929
5347 5930
94 5931
1472 5932
1074 5933
5601 5934
3844 5935
4036 5936
3232 5937
763 5938
1060 5939
3743 5940
3662 5941
841 5942
1884 5943
5312 5944
1224 5945
4963 5946
2149 5947
4273 5948
4426 5949
4260 5950
2589 5951
2983 5952
3378 5953
3031 5954
178 5955
2413 5956
4016 5957
2645 5958
3110 5959
969 5960
2567 5961
4718 5962
2435 5963
1435 5964
3350 5965
230 5966
1222 5967
4741 5968
3846 5969
5807 5970
1374 5971
1892 5972
3603 5973
4955 5974
3709 5975
4711 5976
5907 5977
4778 5978
390 5979
4299 5980
3791 5981
2295 5982
3177 5983
2985 5984
251 5985
5899 5986
4596 5987
4441 5988
5485 5989
3513 5990
1572 5991
3524 5992
4060 5993
4753 5994
152 5995
238 5996
1157 5997
4667 5998
5470 5999
3619 6000
3414 6001
5949 6002
421 6003
2276 6004
3160 6005
3706 6006
5020 6007
1048 6008
2008 6009
4331 6010
1381 6011
1561 6012
4562 6013
1176 6014
668 6015
2034 6016
288 6017
4962 6018
5028 6019
3524 6020
400 6021
1967 6022
3066 6023
372 6024
92 6025
1352 6026
1877 6027
5826 6028
936 6029
1410 6030
3034 6031
1142 6032
522 6033
3236 6034
2038 6035
4391 6036
4908 6037
5861 6038
3130 6039
1952 6040
4769 6041
4870 6042
5921 6043
125 6044
3002 6045
579 6046
711 6047
1152 6048
5170 6049
2647 6050
1567 6051
1227 6052
5261 6053
5090 6054
618 6055
4472 6056
3337 6057
2788 6058
3111 6059
719 6060
3309 6061
3706 6062
3176 6063
648 6064
982 6065
2545 6066
674 6067
4986 6068
5292 6069
1812 6070
2223 6071
1214 6072
1176 6073
4781 6074
5557 6075
108 6076
1960 6077
1253 6078
3768 6079
5763 6080
3646 6081
4425 6082
3806 6083
3645 6084
5871 6085
795 6086
3035 6087
1638 6088
5721 6089
4389 6090
5000 6091
2528 6092
3457 6093
4250 6094
14 6095
1888 6096
4987 6097
5765 6098
2862 6099
2268 6100
2733 6101
6059 6102
2835 6103
2530 6104
6050 6105
2056 6106
4597 6107
1715 6108
2901 6109
5950 6110
478 6111
434 6112
1930 6113
2955 6114
5385 6115
2483 6116
1064 6117
3477 6118
2863 6119
5443 6120
4551 6121
69 6122
3252 6123
5792 6124
726 6125
3104 6126
527 6127
3449 6128
490 6129
199 6130
3525 6131
2662 6132
4805 6133
3926 6134
1472 6135
1396 6136
4090 6137
3318 6138
3434 6139
2732 6140
5105 6141
2431 6142
3197 6143
5299 6144
6074 6145
3641 6146
5431 6147
5481 6148
1072 6149
4821 6150
19 6151
2323 6152
3707 6153
608 6154
5295 6155
3145 6156
514 6157
5964 6158
942 6159
1977 6160
2366 6161
432 6162
1020 6163
2661 6164
2993 6165
2971 6166
4673 6167
618 6168
1342 6169
1555 6170
5944 6171
3330 6172
1849 6173
3450 6174
1522 6175
3593 6176
4860 6177
947 6178
1386 6179
3505 6180
2679 6181
2464 6182
5061 6183
2416 6184
1607 6185
922 6186
1121 6187
2916 6188
3619 6189
697 6190
4364 6191
1566 6192
4360 6193
2048 6194
3602 6195
136 6196
5188 6197
4887 6198
3446 6199
459 6200
4688 6201
343 6202
6121 6203
3905 6204
1360 6205
5197 6206
637 6207
4622 6208
4248 6209
1634 6210
618 6211
1561 6212
341 6213
4742 6214
4703 6215
857 6216
227 6217
4532 6218
5282 6219
4973 6220
1631 6221
521 6222
27 6223
5240 6224
2554 6225
2730 6226
4158 6227
4731 6228
5200 6229
2502 6230
1491 6231
5518 6232
4332 6233
3265 6234
5180 6235
3557 6236
3470 6237
4882 6238
3365 6239
1872 6240
5646 6241
5452 6242
1603 6243
3407 6244
5914 6245
5773 6246
3536 6247
1415 6248
153 6249
4450 6250
1931 6251
1295 6252
4305 6253
5941 6254
561 6255
3764 6256
3258 6257
4428 6258
2897 6259
4172 6260
3669 6261
2047 6262
2742 6263
2514 6264
810 6265
6256 6266
723 6267
5105 6268
3080 6269
4759 6270
5218 6271
4905 6272
3874 6273
4284 6274
6064 6275
83 6276
3596 6277
5011 6278
503 6279
866 6280
5890 6281
1839 6282
1078 6283
6197 6284
2818 6285
5300 6286
1037 6287
2765 6288
1924 6289
3869 6290
210 6291
964 6292
1163 6293
5407 6294
4572 6295
3865 6296
3682 6297
524 6298
2032 6299
5414 6300
5038 6301
824 6302
2223 6303
2837 6304
4055 6305
2382 6306
2929 6307
5375 6308
1896 6309
969 6310
2317 6311
3224 6312
1106 6313
3506 6314
1811 6315
2424 6316
2742 6317
1460 6318
6183 6319
4710 6320
5708 6321
5069 6322
377 6323
1731 6324
5903 6325
2130 6326
3777 6327
2206 6328
5949 6329
3533 6330
6103 6331
5924 6332
4279 6333
512 6334
2250 6335
2527 6336
5855 6337
5743 6338
4931 6339
1221 6340
3230 6341
255 6342
5020 6343
1536 6344
1022 6345
878 6346
5160 6347
2455 6348
2850 6349
2640 6350
2841 6351
3077 6352
4913 6353
5596 6354
1151 6355
3390 6356
3892 6357
115 6358
845 6359
4705 6360
1212 6361
1025 6362
2003 6363
4593 6364
3659 6365
3613 6366
2895 6367
693 6368
876 6369
1563 6370
3665 6371
2689 6372
6311 6373
544 6374
547 6375
2460 6376
6376 6377
929 6378
554 6379
956 6380
361 6381
509 6382
1708 6383
5827 6384
6289 6385
3767 6386
4469 6387
1593 6388
4355 6389
1894 6390
5703 6391
6061 6392
5964 6393
5048 6394
2313 6395
6323 6396
1923 6397
4228 6398
3053 6399
6076 6400
3459 6401
1241 6402
4799 6403
612 6404
1620 6405
2608 6406
4297 6407
4491 6408
638 6409
6125 6410
4841 6411
1356 6412
1303 6413
2779 6414
3328 6415
5269 6416
1278 6417
2612 6418
5393 6419
5041 6420
483 6421
5582 6422
1726 6423
4543 6424
690 6425
540 6426
3194 6427
3414 6428
1524 6429
1454 6430
2861 6431
5726 6432
1701 6433
2865 6434
6350 6435
4584 6436
4352 6437
4971 6438
4017 6439
3602 6440
4240 6441
1047 6442
2539 6443
4119 6444
3019 6445
5921 6446
2578 6447
3096 6448
5914 6449
2147 6450
2702 6451
5517 6452
5851 6453
4672 6454
511 6455
3971 6456
6129 6457
51 6458
4430 6459
3968 6460
1387 6461
4076 6462
2240 6463
3800 6464
120 6465
6305 6466
3476 6467
5288 6468
5893 6469
3084 6470
1908 6471
1727 6472
729 6473
1284 6474
5398 6475
2115 6476
654 6477
6216 6478
6253 6479
4471 6480
5104 6481
6132 6482
1025 6483
2678 6484
1465 6485
900 6486
3404 6487
5291 6488
1423 6489
2406 6490
1240 6491
3586 6492
1152 6493
3643 6494
5778 6495
1041 6496
2077 6497
5860 6498
5160 6499
3505 6500
5030 6501
1266 6502
5225 6503
1464 6504
2572 6505
3581 6506
4118 6507
1226 6508
2199 6509
6286 6510
5183 6511
4406 6512
4621 6513
1120 6514
4678 6515
529 6516
441 6517
4680 6518
5530 6519
3259 6520
1375 6521
2227 6522
1630 6523
649 6524
573 6525
385 6526
1872 6527
5050 6528
692 6529
4383 6530
4907 6531
1116 6532
4974 6533
356 6534
2692 6535
656 6536
246 6537
1859 6538
4150 6539
1337 6540
3204 6541
326 6542
4766 6543
1654 6544
3298 6545
1058 6546
902 6547
1169 6548
1729 6549
394 6550
1731 6551
617 6552
4391 6553
3720 6554
2770 6555
913 6556
1354 6557
1420 6558
1424 6559
1741 6560
4045 6561
5282 6562
1575 6563
1886 6564
2484 6565
2360 6566
5042 6567
4246 6568
457 6569
1740 6570
3269 6571
4163 6572
463 6573
940 6574
1864 6575
2177 6576
957 6577
5070 6578
3240 6579
2190 6580
5457 6581
5348 6582
5581 6583
3217 6584
306 6585
5817 6586
4961 6587
3688 6588
149 6589
4148 6590
1860 6591
2095 6592
4853 6593
1059 6594
4684 6595
1370 6596
6189 6597
3658 6598
2290 6599
5531 6600
6176 6601
197 6602
3125 6603
2945 6604
5666 6605
5949 6606
3205 6607
3777 6608
2818 6609
5789 6610
2033 6611
5738 6612
5309 6613
6602 6614
3694 6615
4529 6616
6371 6617
2284 6618
179 6619
1727 6620
5019 6621
404 6622
2841 6623
2187 6624
829 6625
3239 6626
471 6627
3326 6628
1231 6629
5724 6630
4494 6631
6482 6632
2768 6633
587 6634
2437 6635
2108 6636
581 6637
698 6638
3079 6639
2019 6640
4288 6641
2150 6642
3503 6643
4075 6644
1358 6645
4414 6646
3679 6647
5378 6648
4898 6649
6454 6650
6386 6651
2465 6652
5947 6653
6493 6654
5803 6655
6135 6656
5508 6657
5637 6658
6482 6659
904 6660
1539 6661
1832 6662
4718 6663
4218 6664
412 6665
4935 6666
3124 6667
1344 6668
5455 6669
2515 6670
5744 6671
1980 6672
5591 6673
4224 6674
5521 6675
3506 6676
1967 6677
4919 6678
804 6679
4586 6680
2962 6681
1486 6682
5806 6683
5693 6684
2596 6685
6101 6686
1451 6687
3128 6688
5365 6689
569 6690
1718 6691
4561 6692
4215 6693
3791 6694
6358 6695
5063 6696
2653 6697
795 6698
1196 6699
846 6700
3393 6701
3140 6702
4177 6703
1170 6704
5146 6705
5836 6706
6087 6707
457 6708
1854 6709
2062 6710
5151 6711
1653 6712
5012 6713
3943 6714
1076 6715
1286 6716
3401 6717
2445 6718
3676 6719
5931 6720
4020 6721
5838 6722
1122 6723
1954 6724
3401 6725
6411 6726
2588 6727
1400 6728
2863 6729
2042 6730
514 6731
1972 6732
3559 6733
3410 6734
1299 6735
1065 6736
5844 6737
844 6738
3000 6739
1221 6740
6310 6741
1838 6742
5594 6743
3329 6744
6670 6745
2724 6746
1364 6747
2693 6748
3611 6749
423 6750
4975 6751
4608 6752
1372 6753
367 6754
1459 6755
3871 6756
1422 6757
622 6758
6283 6759
5439 6760
5337 6761
4629 6762
2973 6763
4242 6764
6424 6765
5481 6766
3138 6767
670 6768
5423 6769
2962 6770
5144 6771
4040 6772
6107 6773
2443 6774
4882 6775
4297 6776
2785 6777
3670 6778
3696 6779
2435 6780
2214 6781
1047 6782
1620 6783
2920 6784
2143 6785
438 6786
6504 6787
5180 6788
5555 6789
5662 6790
2338 6791
3302 6792
3410 6793
537 6794
4624 6795
5519 6796
487 6797
5110 6798
70 6799
1284 6800
3068 6801
6602 6802
6101 6803
3142 6804
1399 6805
4761 6806
86 6807
5413 6808
6023 6809
677 6810
1228 6811
1751 6812
2326 6813
5608 6814
2521 6815
6312 6816
1228 6817
1669 6818
5858 6819
1176 6820
6470 6821
3181 6822
405 6823
5605 6824
5309 6825
5826 6826
4875 6827
2690 6828
3640 6829
5179 6830
44 6831
1593 6832
737 6833
6726 6834
3613 6835
118 6836
6317 6837
3645 6838
4294 6839
5996 6840
596 6841
5996 6842
5122 6843
690 6844
1293 6845
3689 6846
6266 6847
5126 6848
361 6849
650 6850
1745 6851
1695 6852
6063 6853
2456 6854
2206 6855
3157 6856
3349 6857
4974 6858
4781 6859
6180 6860
4649 6861
745 6862
3889 6863
722 6864
1694 6865
3347 6866
2724 6867
262 6868
908 6869
1283 6870
3089 6871
6267 6872
770 6873
5740 6874
2366 6875
4030 6876
6748 6877
545 6878
3763 6879
5647 6880
1229 6881
533 6882
4482 6883
470 6884
4450 6885
1679 6886
3917 6887
2164 6888
2925 6889
2658 6890
2804 6891
1306 6892
6874 6893
3160 6894
4309 6895
1302 6896
152 6897
476 6898
4890 6899
6849 6900
4672 6901
4328 6902
3889 6903
3105 6904
3781 6905
1642 6906
3365 6907
5145 6908
5389 6909
6147 6910
953 6911
4966 6912
4276 6913
779 6914
5605 6915
3234 6916
4753 6917
3248 6918
96 6919
1238 6920
4026 6921
4712 6922
2324 6923
6504 6924
5349 6925
4079 6926
5245 6927
4353 6928
3528 6929
5678 6930
630 6931
1654 6932
6860 6933
3158 6934
4938 6935
5036 6936
4198 6937
4650 6938
5312 6939
6572 6940
6368 6941
84 6942
5287 6943
5561 6944
3601 6945
2597 6946
6209 6947
1856 6948
6648 6949
538 6950
243 6951
5503 6952
4650 6953
6665 6954
324 6955
5470 6956
1287 6957
6901 6958
3139 6959
1013 6960
5965 6961
5503 6962
6914 6963
1833 6964
5467 6965
4636 6966
3648 6967
4824 6968
3006 6969
8 6970
3632 6971
4942 6972
4919 6973
1402 6974
566 6975
1062 6976
1667 6977
2148 6978
5766 6979
2282 6980
6436 6981
2167 6982
4192 6983
5919 6984
3289 6985
6709 6986
2849 6987
1866 6988
1514 6989
3171 6990
5093 6991
159 6992
6579 6993
4856 6994
897 6995
3740 6996
2566 6997
2740 6998
565 6999
3073 7000
3291 7001
1 7002
4501 7003
2723 7004
5845 7005
4159 7006
228 7007
4309 7008
3605 7009
2113 7010
3255 7011
2525 7012
4931 7013
6298 7014
1289 7015
2593 7016
6401 7017
3355 7018
2685 7019
51 7020
5630 7021
5791 7022
2837 7023
93 7024
5991 7025
3032 7026
3399 7027
1623 7028
29 7029
1250 7030
2596 7031
6073 7032
1852 7033
2435 7034
1468 7035
5488 7036
1084 7037
1960 7038
4360 7039
5207 7040
3365 7041
6824 7042
1872 7043
2791 7044
3319 7045
2229 7046
1183 7047
4973 7048
868 7049
5943 7050
4553 7051
2181 7052
3019 7053
6169 7054
2464 7055
2999 7056
1808 7057
1931 7058
4793 7059
6129 7060
415 7061
2560 7062
6552 7063
2378 7064
3968 7065
5809 7066
6118 7067
3595 7068
2022 7069
4581 7070
341 7071
2990 7072
6519 7073
3772 7074
929 7075
1291 7076
3295 7077
5102 7078
4763 7079
6957 7080
1533 7081
2648 7082
4496 7083
5057 7084
5627 7085
1954 7086
1108 7087
3783 7088
6969 7089
7004 7090
2980 7091
4981 7092
1143 7093
2487 7094
292 7095
3907 7096
4328 7097
6416 7098
6196 7099
1038 7100
4333 7101
202 7102
796 7103
3925 7104
6544 7105
5770 7106
5001 7107
4490 7108
246 7109
1142 7110
5230 7111
3843 7112
341 7113
4893 7114
4810 7115
6627 7116
931 7117
4695 7118
6725 7119
216 7120
4580 7121
5323 7122
4081 7123
3515 7124
602 7125
956 7126
5339 7127
6507 7128
3987 7129
18 7130
476 7131
4310 7132
2744 7133
707 7134
429 7135
6760 7136
6265 7137
3980 7138
1616 7139
180 7140
4109 7141
69 7142
599 7143
2230 7144
3051 7145
2967 7146
693 7147
2151 7148
2778 7149
6193 7150
6508 7151
2066 7152
5609 7153
3787 7154
1886 7155
16 7156
2648 7157
1594 7158
46 7159
6384 7160
5209 7161
1445 7162
1454 7163
4320 7164
4966 7165
1361 7166
1827 7167
2273 7168
2992 7169
2344 7170
2077 7171
3746 7172
1861 7173
2156 7174
1972 7175
2502 7176
5829 7177
100 7178
4644 7179
2123 7180
3471 7181
2235 7182
2714 7183
3540 7184
6474 7185
3285 7186
2882 7187
3288 7188
2420 7189
5393 7190
2376 7191
6059 7192
3288 7193
134 7194
4719 7195
5377 7196
336 7197
573 7198
2646 7199
3425 7200
6352 7201
2817 7202
5315 7203
4418 7204
1638 7205
6566 7206
6337 7207
760 7208
6693 7209
4813 7210
5778 7211
6950 7212
1876 7213
208 7214
1150 7215
1686 7216
2072 7217
230 7218
6243 7219
4344 7220
6817 7221
6626 7222
3049 7223
4450 7224
5036 7225
165 7226
25 7227
6348 7228
4998 7229
941 7230
110 7231
4705 7232
1838 7233
4623 7234
2659 7235
6382 7236
2752 7237
6018 7238
3331 7239
1718 7240
4919 7241
6956 7242
6245 7243
833 7244
5635 7245
5977 7246
5702 7247
4205 7248
5634 7249
3783 7250
3700 7251
2121 7252
7093 7253
6138 7254
4609 7255
5389 7256
328 7257
2059 7258
2822 7259
3397 7260
1956 7261
6028 7262
3794 7263
1307 7264
4681 7265
321 7266
2272 7267
3818 7268
2603 7269
6131 7270
2305 7271
4526 7272
756 7273
1470 7274
3509 7275
3152 7276
2540 7277
5008 7278
2574 7279
3762 7280
3413 7281
1490 7282
367 7283
5179 7284
6987 7285
5900 7286
176 7287
2925 7288
5706 7289
3896 7290
2007 7291
2489 7292
4657 7293
2162 7294
2032 7295
185 7296
6169 7297
457 7298
7141 7299
2082 7300
4214 7301
905 7302
2431 7303
4293 7304
635 7305
4124 7306
4015 7307
5040 7308
3125 7309
1608 7310
6687 7311
5982 7312
1171 7313
402 7314
1002 7315
510 7316
3799 7317
2753 7318
7143 7319
6683 7320
3632 7321
4283 7322
3319 7323
6889 7324
5621 7325
3713 7326
96 7327
4067 7328
4956 7329
6194 7330
3478 7331
4340 7332
566 7333
2472 7334
2653 7335
4640 7336
5875 7337
4134 7338
3546 7339
4261 7340
2747 7341
3662 7342
5847 7343
5346 7344
1185 7345
1084 7346
697 7347
5507 7348
181 7349
2812 7350
7324 7351
5932 7352
5006 7353
5085 7354
6159 7355
2970 7356
5856 7357
1107 7358
3684 7359
6861 7360
4100 7361
4701 7362
1721 7363
5754 7364
2434 7365
1962 7366
5334 7367
7041 7368
4843 7369
5862 7370
2451 7371
390 7372
288 7373
1754 7374
3680 7375
1316 7376
7065 7377
1001 7378
441 7379
7080 7380
274 7381
4093 7382
7379 7383
6396 7384
6297 7385
128 7386
3408 7387
2685 7388
2315 7389
2274 7390
1983 7391
3109 7392
3998 7393
6242 7394
2277 7395
7231 7396
1513 7397
3703 7398
2408 7399
3320 7400
2757 7401
7389 7402
6072 7403
5671 7404
1969 7405
5635 7406
2745 7407
4004 7408
6024 7409
4737 7410
7125 7411
4839 7412
2139 7413
4871 7414
2901 7415
1757 7416
4824 7417
569 7418
6096 7419
5665 7420
2991 7421
1931 7422
512 7423
2029 7424
1627 7425
2184 7426
2458 7427
6700 7428
437 7429
502 7430
4002 7431
517 7432
2582 7433
6467 7434
289 7435
4061 7436
5290 7437
3162 7438
2506 7439
6770 7440
5570 7441
5535 7442
863 7443
4525 7444
121 7445
2669 7446
6374 7447
5181 7448
4128 7449
1376 7450
4071 7451
398 7452
2083 7453
3480 7454
4650 7455
7105 7456
465 7457
1093 7458
3300 7459
547 7460
482 7461
6244 7462
1472 7463
3466 7464
2327 7465
309 7466
7302 7467
6756 7468
5460 7469
2886 7470
5073 7471
1437 7472
2361 7473
5180 7474
2314 7475
6447 7476
139 7477
5864 7478
713 7479
1795 7480
2346 7481
5476 7482
345 7483
4004 7484
1330 7485
1076 7486
6072 7487
7144 7488
118 7489
5788 7490
2666 7491
3884 7492
1735 7493
5114 7494
6005 7495
4564 7496
2255 7497
4934 7498
5590 7499
576 7500
6215 7501
2697 7502
3417 7503
3745 7504
5677 7505
5233 7506
6709 7507
2220 7508
5978 7509
2797 7510
3949 7511
1 7512
5413 7513
1947 7514
4445 7515
1350 7516
4409 7517
7404 7518
5867 7519
2420 7520
3902 7521
1219 7522
3789 7523
6997 7524
6760 7525
6562 7526
2394 7527
3235 7528
10 7529
3845 7530
6684 7531
2651 7532
5095 7533
847 7534
5805 7535
3194 7536
406 7537
6857 7538
200 7539
4192 7540
2359 7541
2630 7542
5531 7543
7347 7544
1657 7545
265 7546
3375 7547
5922 7548
2664 7549
3568 7550
2788 7551
862 7552
2735 7553
1253 7554
6793 7555
5354 7556
4170 7557
685 7558
2825 7559
7042 7560
5916 7561
5923 7562
6034 7563
3704 7564
4085 7565
4593 7566
1513 7567
7150 7568
7511 7569
3315 7570
5496 7571
1597 7572
3746 7573
6991 7574
3215 7575
6363 7576
2029 7577
3318 7578
5538 7579
1391 7580
7158 7581
5574 7582
2468 7583
1521 7584
1998 7585
1696 7586
2201 7587
4918 7588
6856 7589
4774 7590
6871 7591
4862 7592
5769 7593
396 7594
7576 7595
3686 7596
7482 7597
2202 7598
55 7599
7397 7600
1728 7601
6957 7602
32 7603
4086 7604
2460 7605
4929 7606
2589 7607
5989 7608
3445 7609
1198 7610
3250 7611
5594 7612
2148 7613
3586 7614
3209 7615
806 7616
3533 7617
6338 7618
5762 7619
6129 7620
4381 7621
3214 7622
1495 7623
1476 7624
3788 7625
6863 7626
1155 7627
91 7628
3881 7629
305 7630
1575 7631
642 7632
1597 7633
1716 7634
2366 7635
3590 7636
488 7637
1760 7638
7025 7639
6740 7640
2483 7641
6132 7642
7556 7643
7500 7644
1324 7645
5357 7646
325 7647
7230 7648
3948 7649
3392 7650
3245 7651
3936 7652
4036 7653
903 7654
3033 7655
1857 7656
2638 7657
397 7658
5158 7659
3535 7660
3520 7661
2381 7662
1167 7663
2153 7664
3621 7665
6108 7666
3911 7667
4838 7668
5535 7669
746 7670
730 7671
1582 7672
452 7673
1461 7674
5445 7675
279 7676
6650 7677
7541 7678
657 7679
1082 7680
4357 7681
5872 7682
3852 7683
3452 7684
1384 7685
2108 7686
5864 7687
5483 7688
6055 7689
3843 7690
7290 7691
7535 7692
4245 7693
4672 7694
6534 7695
6423 7696
186 7697
4746 7698
1979 7699
412 7700
5877 7701
7358 7702
2547 7703
6675 7704
2138 7705
3567 7706
6015 7707
5205 7708
2613 7709
7163 7710
7140 7711
555 7712
6426 7713
6177 7714
955 7715
6203 7716
3043 7717
6402 7718
1251 7719
6950 7720
4400 7721
3830 7722
2419 7723
2563 7724
6896 7725
4527 7726
4302 7727
4346 7728
2704 7729
1232 7730
3078 7731
2530 7732
3447 7733
6126 7734
4204 7735
6503 7736
729 7737
2773 7738
5384 7739
7273 7740
6284 7741
2193 7742
6136 7743
2405 7744
3473 7745
5368 7746
67 7747
583 7748
3004 7749
1123 7750
1451 7751
7444 7752
5606 7753
7731 7754
6053 7755
7663 7756
4527 7757
71 7758
6608 7759
3355 7760
5276 7761
6633 7762
3258 7763
7714 7764
5485 7765
7085 7766
3182 7767
3292 7768
7461 7769
7291 7770
5987 7771
3644 7772
1884 7773
2396 7774
3039 7775
3618 7776
4096 7777
4191 7778
5130 7779
5076 7780
5927 7781
1803 7782
3068 7783
3072 7784
1197 7785
2433 7786
3380 7787
5005 7788
4616 7789
5611 7790
2621 7791
1881 7792
5862 7793
2262 7794
1416 7795
1614 7796
4933 7797
7513 7798
1965 7799
1652 7800
3696 7801
5963 7802
827 7803
400 7804
6189 7805
6946 7806
3875 7807
2110 7808
6602 7809
7044 7810
6444 7811
1998 7812
3307 7813
5062 7814
6835 7815
347 7816
4947 7817
2005 7818
5808 7819
5732 7820
3904 7821
2193 7822
2832 7823
2291 7824
550 7825
2563 7826
5545 7827
6925 7828
6123 7829
2894 7830
4636 7831
3412 7832
4894 7833
3132 7834
2897 7835
1187 7836
7294 7837
7191 7838
3366 7839
1355 7840
7348 7841
6688 7842
2403 7843
4810 7844
112 7845
2821 7846
221 7847
1733 7848
4399 7849
2073 7850
4751 7851
1069 7852
6415 7853
7538 7854
4060 7855
949 7856
1013 7857
2092 7858
6280 7859
107 7860
6380 7861
2810 7862
7752 7863
4262 7864
1656 7865
51 7866
4147 7867
3537 7868
3788 7869
4228 7870
5268 7871
4924 7872
1347 7873
4093 7874
642 7875
6687 7876
5054 7877
6608 7878
3359 7879
1906 7880
6335 7881
2653 7882
6954 7883
4435 7884
2149 7885
6905 7886
6236 7887
4661 7888
6036 7889
1497 7890
5338 7891
4415 7892
3391 7893
7729 7894
6845 7895
5042 7896
4088 7897
400 7898
6245 7899
236 7900
6934 7901
5014 7902
3011 7903
4824 7904
4251 7905
6317 7906
432 7907
3085 7908
5673 7909
6176 7910
2440 7911
6824 7912
2795 7913
7860 7914
2974 7915
7530 7916
7344 7917
3281 7918
4231 7919
3001 7920
4820 7921
6989 7922
1724 7923
6196 7924
224 7925
1840 7926
5507 7927
7455 7928
7606 7929
3003 7930
1826 7931
50 7932
6345 7933
4949 7934
7698 7935
6992 7936
859 7937
1755 7938
4517 7939
1925 7940
7340 7941
5201 7942
2402 7943
2000 7944
5092 7945
2895 7946
1193 7947
3534 7948
5787 7949
499 7950
3429 7951
5135 7952
5717 7953
4555 7954
6172 7955
930 7956
6728 7957
7012 7958
502 7959
6718 7960
7210 7961
47 7962
2536 7963
3832 7964
6402 7965
4497 7966
3948 7967
6470 7968
6440 7969
6919 7970
5144 7971
5436 7972
4463 7973
1401 7974
4134 7975
5665 7976
1907 7977
2645 7978
6160 7979
1384 7980
2676 7981
2473 7982
7500 7983
4978 7984
266 7985
232 7986
771 7987
5467 7988
3222 7989
7130 7990
4165 7991
5075 7992
788 7993
3 7994
6882 7995
2001 7996
2451 7997
1211 7998
2129 7999
7322 8000
1225 8001
1486 8002
5966 8003
6138 8004
1532 8005
7247 8006
5740 8007
3259 8008
7340 8009
4890 8010
7983 8011
1554 8012
3307 8013
6407 8014
6427 8015
2841 8016
7118 8017
6471 8018
1843 8019
471 8020
740 8021
5674 8022
3253 8023
1814 8024
356 8025
1975 8026
4031 8027
968 8028
253 8029
710 8030
3610 8031
1003 8032
956 8033
1423 8034
2157 8035
7549 8036
5503 8037
4530 8038
5636 8039
4961 8040
2762 8041
5622 8042
4428 8043
3240 8044
7838 8045
1996 8046
6872 8047
7284 8048
5897 8049
1902 8050
3619 8051
33 8052
3439 8053
2855 8054
608 8055
7580 8056
5641 8057
2056 8058
5120 8059
1871 8060
7829 8061
3635 8062
3367 8063
3599 8064
8002 8065
2870 8066
7262 8067
7232 8068
1633 8069
3523 8070
2311 8071
2786 8072
3873 8073
7480 8074
4534 8075
6326 8076
1910 8077
1812 8078
2871 8079
2322 8080
4418 8081
3513 8082
1319 8083
4977 8084
7718 8085
5440 8086
5825 8087
5993 8088
2976 8089
2337 8090
1972 8091
3595 8092
3231 8093
7481 8094
2293 8095
3072 8096
1566 8097
4805 8098
810 8099
5834 8100
4743 8101
7120 8102
7834 8103
4250 8104
748 8105
7171 8106
6730 8107
363 8108
7746 8109
2703 8110
5591 8111
2801 8112
1023 8113
3378 8114
2680 8115
1083 8116
5443 8117
989 8118
1857 8119
1987 8120
7977 8121
4186 8122
7560 8123
1124 8124
3460 8125
7863 8126
7369 8127
200 8128
3110 8129
2951 8130
6645 8131
6503 8132
5397 8133
214 8134
2203 8135
5404 8136
6113 8137
2480 8138
4645 8139
6339 8140
5345 8141
4125 8142
3495 8143
4259 8144
6950 8145
6085 8146
3210 8147
3227 8148
4629 8149
1586 8150
538 8151
1347 8152
2320 8153
67 8154
6374 8155
2673 8156
4050 8157
6897 8158
2731 8159
4537 8160
1486 8161
4583 8162
2587 8163
4478 8164
7143 8165
7378 8166
5666 8167
3081 8168
5062 8169
3833 8170
2229 8171
7812 8172
2323 8173
1895 8174
5836 8175
3645 8176
4249 8177
154 8178
5835 8179
5479 8180
4573 8181
5921 8182
1298 8183
3050 8184
412 8185
718 8186
4773 8187
1996 8188
7242 8189
5852 8190
2118 8191
7 8192
693 8193
2892 8194
7046 8195
4309 8196
6839 8197
4252 8198
4225 8199
1830 8200
6058 8201
8102 8202
6656 8203
737 8204
348 8205
5219 8206
1679 8207
6928 8208
1983 8209
2297 8210
706 8211
2533 8212
727 8213
5025 8214
4454 8215
3133 8216
4537 8217
7780 8218
7360 8219
337 8220
6047 8221
1440 8222
6712 8223
1498 8224
215 8225
2605 8226
3402 8227
7680 8228
4575 8229
4506 8230
1225 8231
4149 8232
1020 8233
4925 8234
1230 8235
2779 8236
7815 8237
7294 8238
6033 8239
7091 8240
5197 8241
3215 8242
6816 8243
7485 8244
6058 8245
3627 8246
1442 8247
7228 8248
366 8249
5436 8250
3739 8251
2178 8252
1682 8253
2710 8254
3882 8255
5938 8256
3974 8257
4990 8258
2374 8259
1602 8260
5594 8261
3232 8262
7447 8263
7364 8264
36 8265
5007 8266
2250 8267
2940 8268
7876 8269
4607 8270
6128 8271
8210 8272
2158 8273
7230 8274
7857 8275
8202 8276
3777 8277
1532 8278
4682 8279
141 8280
4495 8281
6351 8282
5251 8283
3489 8284
3167 8285
8053 8286
1557 8287
1223 8288
6326 8289
6363 8290
5127 8291
3951 8292
1726 8293
5819 8294
4058 8295
3204 8296
5246 8297
7835 8298
7738 8299
2944 8300
969 8301
3057 8302
7682 8303
5340 8304
7927 8305
4902 8306
4548 8307
7465 8308
731 8309
6278 8310
3839 8311
2584 8312
6624 8313
4617 8314
3071 8315
5009 8316
2090 8317
4486 8318
1800 8319
210 8320
1788 8321
3846 8322
7186 8323
151 8324
3538 8325
7801 8326
1814 8327
5166 8328
6725 8329
4673 8330
6203 8331
979 8332
8238 8333
2296 8334
4087 8335
2182 8336
4368 8337
3350 8338
2479 8339
8054 8340
7749 8341
6656 8342
6624 8343
3090 8344
7358 8345
5173 8346
918 8347
4720 8348
2605 8349
7479 8350
3877 8351
2361 8352
7424 8353
5059 8354
3806 8355
498 8356
5051 8357
5072 8358
4270 8359
2778 8360
1079 8361
5314 8362
1937 8363
854 8364
3033 8365
7591 8366
2286 8367
2595 8368
4526 8369
3565 8370
4586 8371
6868 8372
2816 8373
2904 8374
715 8375
3821 8376
6138 8377
4560 8378
2461 8379
4578 8380
2828 8381
632 8382
5172 8383
178 8384
3133 8385
5820 8386
4487 8387
1688 8388
6918 8389
233 8390
4874 8391
2570 8392
7463 8393
1473 8394
7865 8395
1709 8396
965 8397
2073 8398
2894 8399
513 8400
3163 8401
4318 8402
3402 8403
2648 8404
37 8405
1037 8406
8095 8407
7208 8408
2392 8409
964 8410
3082 8411
7864 8412
7405 8413
2589 8414
2989 8415
7252 8416
5562 8417
693 8418
8136 8419
4916 8420
8118 8421
4499 8422
8227 8423
3248 8424
3213 8425
5229 8426
4528 8427
1559 8428
6584 8429
4287 8430
3318 8431
1957 8432
29 8433
1544 8434
7872 8435
4658 8436
2365 8437
6962 8438
2983 8439
5988 8440
4501 8441
4534 8442
7204 8443
2888 8444
3519 8445
4090 8446
4152 8447
7287 8448
1233 8449
5737 8450
4498 8451
8112 8452
3105 8453
6241 8454
708 8455
5548 8456
7760 8457
6118 8458
7741 8459
5070 8460
5595 8461
1314 8462
4287 8463
3153 8464
5146 8465
5822 8466
117 8467
5502 8468
3568 8469
4481 8470
3907 8471
2080 8472
6631 8473
5543 8474
7215 8475
2013 8476
909 8477
494 8478
2053 8479
4142 8480
7050 8481
2945 8482
1522 8483
6709 8484
6778 8485
5296 8486
6342 8487
4654 8488
876 8489
6244 8490
3102 8491
911 8492
2854 8493
7548 8494
6665 8495
624 8496
1197 8497
5417 8498
2354 8499
4 8500
6977 8501
8477 8502
4714 8503
2229 8504
2440 8505
1943 8506
5142 8507
1354 8508
2363 8509
6198 8510
4067 8511
2275 8512
4585 8513
2323 8514
2175 8515
6368 8516
292 8517
3349 8518
68 8519
5486 8520
4080 8521
5342 8522
7654 8523
3559 8524
305 8525
1185 8526
596 8527
1904 8528
4122 8529
2760 8530
4784 8531
44 8532
681 8533
2223 8534
7813 8535
5283 8536
6449 8537
4634 8538
6845 8539
7656 8540
5382 8541
3114 8542
136 8543
3215 8544
4767 8545
2460 8546
8079 8547
4320 8548
4641 8549
4589 8550
83 8551
3372 8552
3367 8553
2024 8554
3283 8555
1567 8556
4732 8557
6261 8558
6257 8559
7438 8560
898 8561
6932 8562
5440 8563
4876 8564
3847 8565
6547 8566
6914 8567
6090 8568
6518 8569
7654 8570
384 8571
3393 8572
4126 8573
6292 8574
6880 8575
6294 8576
1958 8577
2783 8578
6869 8579
2813 8580
1433 8581
6383 8582
1379 8583
5980 8584
3168 8585
5470 8586
6705 8587
6287 8588
4244 8589
1883 8590
7392 8591
5178 8592
5100 8593
2884 8594
3842 8595
3039 8596
147 8597
6052 8598
6295 8599
3649 8600
6195 8601
3002 8602
491 8603
2639 8604
5980 8605
2229 8606
4140 8607
712 8608
783 8609
5940 8610
7477 8611
7788 8612
70 8613
8552 8614
833 8615
6072 8616
996 8617
6509 8618
6401 8619
5467 8620
591 8621
4123 8622
8518 8623
453 8624
8088 8625
97 8626
5911 8627
5707 8628
8172 8629
3144 8630
3213 8631
8196 8632
7844 8633
1085 8634
3149 8635
4553 8636
2164 8637
6268 8638
6938 8639
3493 8640
6108 8641
844 8642
6652 8643
4956 8644
8016 8645
4607 8646
7620 8647
1794 8648
7963 8649
2631 8650
838 8651
5602 8652
7713 8653
2404 8654
7047 8655
7123 8656
5984 8657
5664 8658
4465 8659
307 8660
5741 8661
2349 8662
917 8663
1162 8664
504 8665
119 8666
5861 8667
2690 8668
2689 8669
7057 8670
2977 8671
7451 8672
4632 8673
1829 8674
3647 8675
8481 8676
4741 8677
15 8678
4730 8679
7545 8680
4336 8681
2573 8682
4200 8683
8158 8684
2409 8685
2078 8686
3356 8687
5383 8688
7996 8689
6363 8690
7802 8691
4413 8692
2256 8693
496 8694
5959 8695
7039 8696
683 8697
5161 8698
5780 8699
6202 8700
5115 8701
6476 8702
5960 8703
7100 8704
5529 8705
3735 8706
6791 8707
5647 8708
6912 8709
4369 8710
5138 8711
1355 8712
5228 8713
2504 8714
4937 8715
1536 8716
4041 8717
1488 8718
1702 8719
1540 8720
5096 8721
4466 8722
416 8723
6548 8724
2371 8725
3133 8726
3010 8727
1821 8728
6454 8729
518 8730
1956 8731
5482 8732
3104 8733
5476 8734
5589 8735
6593 8736
298 8737
1603 8738
6020 8739
309 8740
7203 8741
3423 8742
8409 8743
8467 8744
854 8745
8316 8746
7487 8747
1871 8748
3795 8749
7918 8750
8325 8751
4598 8752
2621 8753
3667 8754
2813 8755
4037 8756
3370 8757
6 8758
5844 8759
4760 8760
4036 8761
322 8762
4381 8763
7446 8764
5923 8765
3548 8766
6462 8767
5132 8768
7010 8769
2496 8770
3532 8771
7477 8772
2296 8773
5876 8774
7757 8775
7579 8776
6575 8777
2808 8778
3340 8779
4426 8780
8450 8781
4841 8782
8013 8783
5656 8784
941 8785
2900 8786
779 8787
309 8788
7100 8789
6395 8790
1323 8791
7037 8792
6190 8793
3530 8794
4957 8795
3919 8796
2067 8797
4393 8798
6237 8799
4134 8800
6787 8801
7645 8802
7886 8803
2844 8804
2688 8805
3166 8806
7334 8807
684 8808
4269 8809
578 8810
6439 8811
7502 8812
7240 8813
1354 8814
4778 8815
2966 8816
6607 8817
286 8818
1126 8819
3030 8820
6245 8821
4260 8822
6296 8823
5232 8824
3558 8825
4237 8826
3651 8827
2902 8828
1435 8829
333 8830
6769 8831
7427 8832
1112 8833
2072 8834
6253 8835
3152 8836
2043 8837
3310 8838
4587 8839
5672 8840
1556 8841
6100 8842
1630 8843
1778 8844
311 8845
1773 8846
6779 8847
8285 8848
7011 8849
6629 8850
4786 8851
2962 8852
553 8853
3515 8854
5214 8855
7518 8856
6979 8857
525 8858
1348 8859
499 8860
3263 8861
596 8862
7948 8863
8680 8864
2913 8865
5590 8866
1976 8867
3649 8868
6345 8869
6069 8870
4445 8871
5392 8872
3295 8873
1042 8874
4744 8875
5999 8876
7113 8877
8538 8878
875 8879
719 8880
1996 8881
2009 8882
8567 8883
4955 8884
3600 8885
5254 8886
1790 8887
4382 8888
8449 8889
1509 8890
7311 8891
5280 8892
6786 8893
54 8894
5305 8895
7945 8896
2186 8897
7490 8898
8103 8899
4490 8900
5225 8901
6804 8902
3628 8903
3693 8904
2599 8905
5882 8906
3378 8907
8088 8908
8172 8909
7581 8910
810 8911
7106 8912
1140 8913
8467 8914
5352 8915
1886 8916
3853 8917
4685 8918
1857 8919
4090 8920
8835 8921
3483 8922
4352 8923
5296 8924
2554 8925
1617 8926
3560 8927
6045 8928
3813 8929
4119 8930
5141 8931
4364 8932
6604 8933
2204 8934
535 8935
310 8936
2410 8937
3900 8938
5611 8939
436 8940
6527 8941
7822 8942
7072 8943
714 8944
5904 8945
8850 8946
4812 8947
5715 8948
6114 8949
983 8950
5862 8951
7507 8952
8449 8953
7671 8954
1716 8955
4648 8956
4246 8957
6876 8958
830 8959
5956 8960
1148 8961
6305 8962
1550 8963
6126 8964
7307 8965
4899 8966
3104 8967
8794 8968
8216 8969
3267 8970
5921 8971
8442 8972
8268 8973
6267 8974
678 8975
1838 8976
3545 8977
8564 8978
4610 8979
528 8980
6031 8981
5575 8982
4012 8983
5408 8984
941 8985
900 8986
7331 8987
6835 8988
2331 8989
6732 8990
843 8991
3747 8992
695 8993
213 8994
198 8995
3577 8996
5568 8997
6202 8998
5828 8999
1386 9000
5492 9001
1267 9002
1769 9003
7357 9004
8410 9005
4104 9006
7565 9007
81 9008
3543 9009
8163 9010
2468 9011
3764 9012
303 9013
8214 9014
7269 9015
5039 9016
515 9017
674 9018
5640 9019
5499 9020
8423 9021
5708 9022
3140 9023
1224 9024
5873 9025
4529 9026
523 9027
4439 9028
4381 9029
815 9030
102 9031
8468 9032
3414 9033
2441 9034
7272 9035
6683 9036
7094 9037
3907 9038
2088 9039
466 9040
6508 9041
4651 9042
8925 9043
1978 9044
4105 9045
3011 9046
496 9047
7636 9048
272 9049
6049 9050
999 9051
8066 9052
5003 9053
7258 9054
971 9055
2940 9056
2285 9057
1129 9058
854 9059
10 9060
7511 9061
7874 9062
5770 9063
3584 9064
8808 9065
2160 9066
1251 9067
3501 9068
8951 9069
5661 9070
2331 9071
8242 9072
5237 9073
5046 9074
4152 9075
1613 9076
1073 9077
5322 9078
2352 9079
5599 9080
2141 9081
5060 9082
6370 9083
2234 9084
524 9085
3860 9086
7278 9087
3351 9088
5449 9089
1119 9090
4931 9091
4676 9092
184 9093
7105 9094
2889 9095
6463 9096
5244 9097
3186 9098
4569 9099
604 9100
3615 9101
5572 9102
8109 9103
914 9104
4633 9105
2069 9106
7037 9107
7562 9108
737 9109
2193 9110
3494 9111
1922 9112
2360 9113
7724 9114
2167 9115
4906 9116
869 9117
5920 9118
5723 9119
4679 9120
2616 9121
1313 9122
6576 9123
47 9124
216 9125
8828 9126
7190 9127
4737 9128
7417 9129
1180 9130
5011 9131
1402 9132
4293 9133
376 9134
5623 9135
3811 9136
2136 9137
4839 9138
6892 9139
6041 9140
2828 9141
474 9142
123 9143
549 9144
3574 9145
8943 9146
6220 9147
8327 9148
7759 9149
2687 9150
2758 9151
1013 9152
2053 9153
5774 9154
6005 9155
6488 9156
9121 9157
601 9158
765 9159
5513 9160
5664 9161
1600 9162
6840 9163
9120 9164
3504 9165
6934 9166
3973 9167
6506 9168
421 9169
1129 9170
7756 9171
4501 9172
3407 9173
2057 9174
1182 9175
1110 9176
4525 9177
3917 9178
7376 9179
7144 9180
1875 9181
4818 9182
8581 9183
1199 9184
2126 9185
4023 9186
6891 9187
7056 9188
927 9189
5813 9190
3606 9191
6214 9192
4325 9193
3989 9194
7203 9195
667 9196
2880 9197
2292 9198
2081 9199
4003 9200
1870 9201
3076 9202
6564 9203
7956 9204
4803 9205
4242 9206
7270 9207
4186 9208
2754 9209
7239 9210
6581 9211
2803 9212
2772 9213
6889 9214
7762 9215
8571 9216
2369 9217
1760 9218
5177 9219
6074 9220
8651 9221
4058 9222
8498 9223
6748 9224
7854 9225
1033 9226
3586 9227
8950 9228
5825 9229
7648 9230
3392 9231
7826 9232
4770 9233
6533 9234
2215 9235
42 9236
7080 9237
7423 9238
5202 9239
1774 9240
19 9241
4119 9242
1229 9243
9058 9244
7736 9245
6772 9246
6806 9247
2132 9248
8128 9249
4180 9250
5043 9251
7468 9252
7006 9253
2137 9254
4704 9255
3152 9256
5065 9257
8607 9258
8409 9259
5779 9260
2742 9261
225 9262
6201 9263
1679 9264
5511 9265
4562 9266
7074 9267
2662 9268
4150 9269
3840 9270
3259 9271
6141 9272
7516 9273
989 9274
5960 9275
5311 9276
2340 9277
6122 9278
6566 9279
1612 9280
6825 9281
7970 9282
6465 9283
5539 9284
6710 9285
8367 9286
9009 9287
6598 9288
8763 9289
8612 9290
9029 9291
4736 9292
2558 9293
8079 9294
1862 9295
6915 9296
2844 9297
1456 9298
6518 9299
6931 9300
4410 9301
738 9302
2509 9303
1452 9304
2649 9305
2140 9306
4667 9307
4980 9308
8528 9309
5434 9310
7567 9311
1049 9312
7550 9313
4377 9314
920 9315
7545 9316
8293 9317
6277 9318
3534 9319
3784 9320
3921 9321
7419 9322
1984 9323
418 9324
5031 9325
2892 9326
4172 9327
1133 9328
4688 9329
2546 9330
3987 9331
7994 9332
1270 9333
385 9334
6506 9335
409 9336
3163 9337
2852 9338
4295 9339
4102 9340
1970 9341
7110 9342
9051 9343
6843 9344
4226 9345
145 9346
7190 9347
5492 9348
9142 9349
6244 9350
7734 9351
8858 9352
241 9353
3945 9354
4787 9355
5110 9356
6660 9357
2803 9358
6997 9359
415 9360
1349 9361
7489 9362
3609 9363
158 9364
5401 9365
1565 9366
3637 9367
6930 9368
4248 9369
9333 9370
7426 9371
5784 9372
7607 9373
7950 9374
4319 9375
2484 9376
5258 9377
639 9378
541 9379
7444 9380
5394 9381
2254 9382
6672 9383
755 9384
911 9385
2703 9386
4845 9387
4018 9388
2125 9389
2554 9390
1481 9391
3161 9392
1509 9393
128 9394
8802 9395
1305 9396
7874 9397
5237 9398
3122 9399
2564 9400
4852 9401
5159 9402
5129 9403
7865 9404
4404 9405
3028 9406
5747 9407
6835 9408
75 9409
4293 9410
9173 9411
3433 9412
4498 9413
4490 9414
7612 9415
1128 9416
3218 9417
9269 9418
3629 9419
8927 9420
9271 9421
1345 9422
5366 9423
6906 9424
3184 9425
6766 9426
699 9427
5961 9428
331 9429
1377 9430
1843 9431
428 9432
8773 9433
8148 9434
4470 9435
8006 9436
991 9437
4676 9438
3664 9439
7586 9440
933 9441
7779 9442
7794 9443
6546 9444
3055 9445
5150 9446
2799 9447
5622 9448
6872 9449
4591 9450
8260 9451
8351 9452
5453 9453
3289 9454
9435 9455
6957 9456
448 9457
8150 9458
4058 9459
4452 9460
1418 9461
8864 9462
9253 9463
8324 9464
5471 9465
2323 9466
2004 9467
2115 9468
7505 9469
96 9470
7929 9471
8516 9472
6878 9473
8687 9474
7534 9475
2092 9476
409 9477
7266 9478
3289 9479
1068 9480
8691 9481
6501 9482
5611 9483
3506 9484
2356 9485
3943 9486
4456 9487
6428 9488
5568 9489
9441 9490
4522 9491
3479 9492
4272 9493
7284 9494
8809 9495
4028 9496
6738 9497
211 9498
1517 9499
1479 9500
8885 9501
813 9502
3074 9503
7411 9504
2285 9505
4837 9506
2212 9507
1372 9508
6377 9509
2137 9510
3433 9511
8988 9512
8324 9513
7392 9514
4511 9515
6780 9516
9287 9517
8414 9518
2048 9519
3782 9520
8436 9521
7332 9522
811 9523
3436 9524
7348 9525
2031 9526
7949 9527
1048 9528
1326 9529
4933 9530
6396 9531
1348 9532
2143 9533
1365 9534
8510 9535
3548 9536
5697 9537
1673 9538
8784 9539
3862 9540
6112 9541
9371 9542
8814 9543
6022 9544
3501 9545
1373 9546
7326 9547
2191 9548
3535 9549
3954 9550
1043 9551
2412 9552
3681 9553
285 9554
1391 9555
1432 9556
2215 9557
7050 9558
6438 9559
8314 9560
930 9561
468 9562
165 9563
797 9564
5483 9565
1853 9566
5169 9567
5669 9568
5684 9569
2922 9570
5736 9571
8330 9572
2343 9573
1050 9574
4995 9575
3079 9576
3177 9577
3335 9578
3780 9579
6159 9580
8079 9581
9212 9582
6258 9583
8682 9584
8319 9585
7423 9586
5499 9587
8834 9588
2852 9589
8683 9590
7179 9591
2345 9592
8555 9593
243 9594
9372 9595
949 9596
6306 9597
641 9598
6121 9599
2940 9600
1374 9601
1386 9602
4279 9603
4385 9604
129 9605
8756 9606
7620 9607
4118 9608
7090 9609
283 9610
3486 9611
1519 9612
240 9613
448 9614
1356 9615
4511 9616
6990 9617
471 9618
2675 9619
2572 9620
5879 9621
342 9622
1839 9623
384 9624
2958 9625
3234 9626
787 9627
7832 9628
2319 9629
8130 9630
1192 9631
5201 9632
7579 9633
525 9634
8555 9635
987 9636
4072 9637
1893 9638
4902 9639
2434 9640
3447 9641
4865 9642
2568 9643
4901 9644
3690 9645
5612 9646
9518 9647
3764 9648
46 9649
1225 9650
5037 9651
3131 9652
9643 9653
9165 9654
6085 9655
3206 9656
9278 9657
6498 9658
7974 9659
5667 9660
9293 9661
4715 9662
6284 9663
492 9664
6795 9665
616 9666
4130 9667
9109 9668
9294 9669
4541 9670
3678 9671
2994 9672
7238 9673
1074 9674
8142 9675
1127 9676
1498 9677
4262 9678
7947 9679
4121 9680
7744 9681
9203 9682
7336 9683
8834 9684
7222 9685
6198 9686
8669 9687
7617 9688
1317 9689
2178 9690
2877 9691
9456 9692
1336 9693
2587 9694
309 9695
6399 9696
7457 9697
2597 9698
1362 9699
7817 9700
1210 9701
9204 9702
4671 9703
6220 9704
7282 9705
1400 9706
5461 9707
408 9708
6850 9709
5328 9710
6968 9711
4160 9712
8599 9713
4436 9714
998 9715
7105 9716
4548 9717
7902 9718
611 9719
3986 9720
9310 9721
3113 9722
3152 9723
7817 9724
6965 9725
3238 9726
1652 9727
669 9728
8178 9729
887 9730
3590 9731
1027 9732
4404 9733
4917 9734
1179 9735
5754 9736
8451 9737
819 9738
5192 9739
4340 9740
9503 9741
3957 9742
5283 9743
619 9744
4141 9745
6577 9746
3812 9747
4361 9748
8687 9749
9595 9750
5722 9751
2194 9752
3544 9753
5452 9754
4891 9755
1272 9756
2115 9757
1543 9758
5858 9759
2944 9760
2151 9761
779 9762
4708 9763
2000 9764
3205 9765
7111 9766
6082 9767
3382 9768
1804 9769
9728 9770
8095 9771
7107 9772
8695 9773
5921 9774
7582 9775
401 9776
1388 9777
9468 9778
5122 9779
1620 9780
4367 9781
8159 9782
3775 9783
6876 9784
2555 9785
6531 9786
4988 9787
155 9788
6568 9789
2869 9790
396 9791
9380 9792
9251 9793
8470 9794
3346 9795
1988 9796
247 9797
6618 9798
4698 9799
3431 9800
5562 9801
8702 9802
7687 9803
2346 9804
6267 9805
6578 9806
1287 9807
6885 9808
3253 9809
5277 9810
5887 9811
1104 9812
6660 9813
935 9814
8209 9815
7405 9816
1785 9817
435 9818
7224 9819
3323 9820
3647 9821
639 9822
7188 9823
2178 9824
6718 9825
6500 9826
8653 9827
3882 9828
5376 9829
2034 9830
2916 9831
8550 9832
6454 9833
4441 9834
7338 9835
8632 9836
3857 9837
3755 9838
4504 9839
7394 9840
3569 9841
94 9842
3262 9843
9384 9844
2771 9845
1236 9846
254 9847
9236 9848
5866 9849
9277 9850
6729 9851
9376 9852
6556 9853
6168 9854
8649 9855
4374 9856
3827 9857
6998 9858
8558 9859
7839 9860
2481 9861
1097 9862
1509 9863
328 9864
1144 9865
4809 9866
9165 9867
1116 9868
8253 9869
1177 9870
1121 9871
9533 9872
893 9873
4276 9874
8396 9875
7874 9876
2208 9877
4847 9878
9513 9879
4383 9880
5521 9881
5215 9882
7146 9883
6252 9884
3048 9885
983 9886
5671 9887
2019 9888
8159 9889
9492 9890
2121 9891
8359 9892
1275 9893
1990 9894
6317 9895
6950 9896
6441 9897
3742 9898
5047 9899
3829 9900
5519 9901
1711 9902
4892 9903
6413 9904
943 9905
1519 9906
3728 9907
9071 9908
8109 9909
2464 9910
2010 9911
7200 9912
5873 9913
9126 9914
8691 9915
7250 9916
5758 9917
2143 9918
4751 9919
8133 9920
6825 9921
3469 9922
9045 9923
988 9924
3825 9925
453 9926
4237 9927
8836 9928
1054 9929
3272 9930
3019 9931
7233 9932
1792 9933
5837 9934
5458 9935
6036 9936
6124 9937
9504 9938
6086 9939
2976 9940
9811 9941
412 9942
3038 9943
3679 9944
7192 9945
4015 9946
1237 9947
6915 9948
6593 9949
3019 9950
1844 9951
7077 9952
2080 9953
2651 9954
9178 9955
6767 9956
8499 9957
4950 9958
2626 9959
4114 9960
1526 9961
4607 9962
2229 9963
2181 9964
5529 9965
974 9966
3513 9967
3233 9968
171 9969
7111 9970
645 9971
2659 9972
8432 9973
4065 9974
117 9975
988 9976
4325 9977
4478 9978
5086 9979
3776 9980
7496 9981
4224 9982
9837 9983
2346 9984
6401 9985
959 9986
9103 9987
2388 9988
2498 9989
6504 9990
2289 9991
2874 9992
953 9993
3726 9994
4877 9995
7959 9996
8561 9997
2087 9998
8672 9999
1716 10000
