1 2
2 3
3 4
3 5
1 6
5 7
7 8
4 9
7 10
8 11
10 12
10 13
5 14
4 15
3 16
13 17
6 18
16 19
6 20
6 21
7 22
7 23
22 24
10 25
14 26
17 27
23 28
18 29
12 30
30 31
8 32
14 33
31 34
25 35
28 36
22 37
5 38
23 39
20 40
25 41
38 42
25 43
3 44
35 45
22 46
7 47
29 48
41 49
6 50
49 51
31 52
19 53
44 54
8 55
54 56
33 57
37 58
53 59
57 60
32 61
34 62
10 63
3 64
16 65
6 66
59 67
19 68
53 69
37 70
16 71
51 72
67 73
2 74
7 75
19 76
45 77
54 78
19 79
18 80
31 81
15 82
35 83
38 84
69 85
81 86
41 87
37 88
59 89
38 90
45 91
57 92
35 93
82 94
70 95
86 96
89 97
54 98
28 99
48 100
24 101
37 102
18 103
26 104
15 105
102 106
75 107
49 108
7 109
94 110
66 111
24 112
76 113
3 114
114 115
78 116
52 117
23 118
42 119
58 120
6 121
55 122
36 123
9 124
116 125
36 126
97 127
46 128
51 129
17 130
75 131
94 132
79 133
20 134
103 135
77 136
59 137
75 138
76 139
40 140
99 141
23 142
68 143
103 144
52 145
129 146
145 147
89 148
119 149
21 150
83 151
129 152
33 153
2 154
84 155
130 156
94 157
9 158
138 159
115 160
52 161
26 162
143 163
92 164
73 165
55 166
160 167
98 168
2 169
143 170
90 171
100 172
162 173
158 174
58 175
5 176
143 177
23 178
121 179
91 180
3 181
111 182
25 183
17 184
70 185
143 186
159 187
120 188
141 189
86 190
65 191
34 192
42 193
143 194
5 195
142 196
59 197
63 198
145 199
14 200
170 201
79 202
94 203
153 204
20 205
197 206
63 207
50 208
20 209
203 210
15 211
56 212
132 213
48 214
119 215
54 216
53 217
117 218
99 219
214 220
155 221
82 222
175 223
211 224
112 225
144 226
78 227
224 228
166 229
106 230
70 231
130 232
216 233
190 234
35 235
95 236
7 237
38 238
122 239
49 240
2 241
132 242
234 243
141 244
20 245
168 246
13 247
20 248
123 249
215 250
124 251
231 252
229 253
186 254
160 255
35 256
94 257
9 258
113 259
202 260
146 261
40 262
27 263
196 264
97 265
244 266
16 267
260 268
262 269
138 270
253 271
267 272
108 273
223 274
39 275
214 276
168 277
220 278
143 279
53 280
193 281
143 282
107 283
73 284
172 285
115 286
77 287
44 288
273 289
160 290
34 291
147 292
212 293
235 294
16 295
231 296
157 297
281 298
121 299
170 300
83 301
17 302
140 303
215 304
248 305
18 306
213 307
49 308
305 309
157 310
123 311
189 312
216 313
284 314
243 315
183 316
83 317
264 318
3 319
254 320
96 321
90 322
99 323
76 324
312 325
37 326
164 327
117 328
275 329
37 330
290 331
174 332
76 333
211 334
22 335
121 336
12 337
133 338
75 339
22 340
336 341
208 342
123 343
335 344
262 345
34 346
95 347
47 348
297 349
52 350
119 351
56 352
169 353
334 354
1 355
97 356
221 357
183 358
356 359
324 360
208 361
10 362
360 363
330 364
188 365
359 366
73 367
86 368
130 369
149 370
224 371
63 372
97 373
67 374
226 375
263 376
237 377
309 378
152 379
10 380
182 381
272 382
39 383
256 384
83 385
297 386
86 387
98 388
113 389
80 390
255 391
181 392
186 393
17 394
360 395
54 396
19 397
331 398
398 399
111 400
149 401
358 402
353 403
224 404
345 405
24 406
103 407
360 408
243 409
381 410
358 411
285 412
59 413
323 414
400 415
186 416
155 417
247 418
274 419
216 420
170 421
275 422
174 423
398 424
378 425
264 426
401 427
222 428
386 429
124 430
351 431
402 432
314 433
23 434
30 435
376 436
266 437
316 438
238 439
394 440
127 441
201 442
152 443
441 444
96 445
213 446
264 447
367 448
46 449
349 450
242 451
356 452
328 453
186 454
7 455
376 456
445 457
213 458
194 459
322 460
324 461
149 462
275 463
427 464
459 465
182 466
359 467
254 468
20 469
419 470
152 471
197 472
269 473
401 474
122 475
327 476
440 477
398 478
406 479
474 480
6 481
36 482
286 483
327 484
397 485
92 486
385 487
223 488
137 489
10 490
160 491
72 492
362 493
141 494
360 495
283 496
138 497
438 498
306 499
452 500
421 501
136 502
459 503
455 504
142 505
217 506
313 507
265 508
71 509
168 510
308 511
325 512
128 513
27 514
75 515
312 516
122 517
93 518
443 519
348 520
267 521
81 522
328 523
146 524
407 525
267 526
425 527
517 528
269 529
57 530
265 531
361 532
316 533
78 534
452 535
203 536
307 537
134 538
1 539
47 540
171 541
107 542
7 543
273 544
135 545
440 546
79 547
87 548
197 549
244 550
203 551
124 552
451 553
166 554
79 555
21 556
367 557
116 558
122 559
437 560
157 561
233 562
185 563
440 564
513 565
109 566
497 567
57 568
453 569
35 570
392 571
229 572
415 573
506 574
396 575
494 576
122 577
182 578
104 579
561 580
186 581
412 582
220 583
48 584
260 585
548 586
364 587
138 588
473 589
548 590
345 591
125 592
588 593
404 594
418 595
524 596
506 597
499 598
499 599
254 600
176 601
163 602
591 603
144 604
447 605
572 606
100 607
459 608
387 609
133 610
558 611
571 612
385 613
124 614
221 615
90 616
237 617
287 618
599 619
413 620
470 621
173 622
368 623
298 624
305 625
194 626
433 627
109 628
140 629
258 630
395 631
10 632
33 633
84 634
536 635
366 636
311 637
573 638
276 639
116 640
441 641
3 642
615 643
474 644
308 645
137 646
250 647
236 648
228 649
474 650
71 651
607 652
615 653
571 654
495 655
96 656
305 657
105 658
251 659
244 660
288 661
200 662
278 663
405 664
154 665
287 666
537 667
483 668
362 669
476 670
205 671
505 672
297 673
118 674
466 675
309 676
395 677
638 678
646 679
657 680
271 681
478 682
79 683
605 684
532 685
479 686
429 687
440 688
145 689
537 690
622 691
169 692
489 693
604 694
314 695
528 696
347 697
210 698
281 699
646 700
533 701
615 702
411 703
252 704
406 705
44 706
194 707
448 708
254 709
674 710
76 711
438 712
625 713
140 714
137 715
413 716
696 717
409 718
222 719
78 720
654 721
545 722
374 723
701 724
31 725
216 726
607 727
412 728
11 729
303 730
96 731
237 732
95 733
112 734
52 735
436 736
666 737
447 738
689 739
248 740
539 741
552 742
626 743
734 744
229 745
375 746
665 747
704 748
277 749
687 750
433 751
586 752
333 753
13 754
295 755
261 756
362 757
304 758
569 759
466 760
714 761
490 762
554 763
726 764
170 765
88 766
747 767
266 768
744 769
485 770
113 771
391 772
130 773
507 774
380 775
138 776
389 777
657 778
60 779
656 780
279 781
393 782
160 783
300 784
7 785
433 786
672 787
124 788
442 789
303 790
304 791
441 792
75 793
376 794
384 795
635 796
667 797
6 798
405 799
710 800
795 801
729 802
468 803
338 804
457 805
486 806
675 807
302 808
174 809
531 810
611 811
75 812
494 813
450 814
529 815
83 816
712 817
724 818
368 819
78 820
370 821
53 822
293 823
408 824
509 825
718 826
574 827
255 828
278 829
347 830
671 831
527 832
273 833
677 834
689 835
83 836
21 837
525 838
590 839
813 840
575 841
439 842
125 843
429 844
711 845
122 846
329 847
139 848
502 849
493 850
810 851
806 852
741 853
820 854
483 855
83 856
637 857
661 858
456 859
347 860
213 861
190 862
377 863
106 864
270 865
654 866
802 867
773 868
728 869
475 870
551 871
515 872
444 873
52 874
603 875
235 876
132 877
725 878
373 879
146 880
593 881
735 882
178 883
182 884
542 885
383 886
573 887
492 888
767 889
276 890
378 891
338 892
338 893
448 894
524 895
484 896
746 897
304 898
871 899
307 900
20 901
798 902
565 903
310 904
879 905
402 906
789 907
627 908
868 909
480 910
741 911
680 912
576 913
184 914
248 915
256 916
476 917
225 918
509 919
580 920
253 921
416 922
427 923
435 924
218 925
368 926
899 927
455 928
485 929
483 930
830 931
742 932
410 933
918 934
314 935
178 936
866 937
692 938
229 939
472 940
368 941
37 942
314 943
502 944
81 945
911 946
9 947
399 948
274 949
238 950
683 951
762 952
165 953
454 954
115 955
782 956
446 957
20 958
347 959
789 960
290 961
529 962
593 963
191 964
315 965
64 966
791 967
440 968
85 969
148 970
801 971
184 972
509 973
971 974
662 975
787 976
645 977
104 978
64 979
422 980
294 981
299 982
609 983
683 984
465 985
756 986
168 987
522 988
372 989
75 990
874 991
369 992
843 993
646 994
147 995
744 996
624 997
116 998
965 999
667 1000
453 1001
794 1002
22 1003
148 1004
775 1005
673 1006
981 1007
74 1008
864 1009
365 1010
731 1011
794 1012
57 1013
193 1014
288 1015
598 1016
488 1017
128 1018
1013 1019
841 1020
203 1021
191 1022
206 1023
17 1024
937 1025
468 1026
3 1027
771 1028
815 1029
101 1030
523 1031
886 1032
493 1033
685 1034
303 1035
684 1036
1004 1037
4 1038
895 1039
797 1040
226 1041
866 1042
730 1043
909 1044
393 1045
726 1046
684 1047
285 1048
294 1049
994 1050
1034 1051
392 1052
284 1053
398 1054
1046 1055
275 1056
844 1057
817 1058
607 1059
333 1060
45 1061
468 1062
722 1063
385 1064
549 1065
198 1066
712 1067
143 1068
289 1069
769 1070
1031 1071
573 1072
732 1073
96 1074
154 1075
22 1076
234 1077
184 1078
512 1079
833 1080
466 1081
447 1082
826 1083
610 1084
996 1085
901 1086
870 1087
404 1088
484 1089
279 1090
705 1091
402 1092
103 1093
900 1094
921 1095
332 1096
1034 1097
420 1098
686 1099
332 1100
1037 1101
281 1102
219 1103
139 1104
975 1105
709 1106
754 1107
892 1108
427 1109
40 1110
1015 1111
512 1112
1098 1113
919 1114
210 1115
447 1116
984 1117
624 1118
531 1119
222 1120
506 1121
545 1122
673 1123
102 1124
40 1125
984 1126
333 1127
4 1128
988 1129
662 1130
744 1131
231 1132
793 1133
1008 1134
981 1135
1080 1136
625 1137
252 1138
220 1139
812 1140
944 1141
694 1142
804 1143
1085 1144
135 1145
1070 1146
723 1147
302 1148
850 1149
388 1150
614 1151
50 1152
679 1153
30 1154
130 1155
972 1156
186 1157
265 1158
71 1159
196 1160
928 1161
462 1162
926 1163
23 1164
1067 1165
1124 1166
834 1167
1130 1168
1011 1169
616 1170
180 1171
856 1172
946 1173
1068 1174
288 1175
106 1176
1013 1177
616 1178
54 1179
600 1180
805 1181
291 1182
758 1183
855 1184
765 1185
740 1186
354 1187
1139 1188
1009 1189
430 1190
861 1191
945 1192
475 1193
308 1194
736 1195
192 1196
317 1197
417 1198
963 1199
249 1200
348 1201
326 1202
153 1203
1036 1204
586 1205
507 1206
794 1207
512 1208
642 1209
58 1210
493 1211
1178 1212
274 1213
748 1214
125 1215
426 1216
431 1217
69 1218
692 1219
300 1220
82 1221
553 1222
1151 1223
266 1224
959 1225
856 1226
239 1227
738 1228
460 1229
1177 1230
957 1231
368 1232
995 1233
973 1234
685 1235
988 1236
508 1237
1025 1238
1226 1239
2 1240
176 1241
1121 1242
1112 1243
867 1244
824 1245
151 1246
324 1247
883 1248
944 1249
1237 1250
1146 1251
1185 1252
35 1253
507 1254
1179 1255
484 1256
518 1257
1179 1258
403 1259
360 1260
938 1261
98 1262
1216 1263
1204 1264
1007 1265
477 1266
1082 1267
64 1268
822 1269
1030 1270
892 1271
877 1272
6 1273
1163 1274
111 1275
1010 1276
1062 1277
68 1278
1275 1279
52 1280
157 1281
882 1282
518 1283
949 1284
874 1285
977 1286
1006 1287
733 1288
68 1289
112 1290
704 1291
688 1292
724 1293
1078 1294
129 1295
483 1296
885 1297
493 1298
734 1299
1148 1300
772 1301
640 1302
839 1303
922 1304
487 1305
961 1306
330 1307
926 1308
1075 1309
428 1310
59 1311
67 1312
498 1313
759 1314
452 1315
11 1316
583 1317
415 1318
838 1319
692 1320
1256 1321
1310 1322
664 1323
395 1324
573 1325
139 1326
481 1327
885 1328
96 1329
695 1330
401 1331
358 1332
1233 1333
87 1334
350 1335
69 1336
870 1337
179 1338
664 1339
223 1340
1115 1341
410 1342
821 1343
1046 1344
426 1345
315 1346
1093 1347
1044 1348
726 1349
119 1350
1030 1351
249 1352
351 1353
668 1354
954 1355
1141 1356
1159 1357
1013 1358
29 1359
174 1360
979 1361
1336 1362
483 1363
454 1364
1195 1365
263 1366
569 1367
799 1368
1020 1369
390 1370
180 1371
744 1372
288 1373
1092 1374
1344 1375
346 1376
1017 1377
250 1378
95 1379
1267 1380
752 1381
553 1382
939 1383
435 1384
428 1385
1090 1386
533 1387
1057 1388
807 1389
835 1390
1028 1391
837 1392
1003 1393
113 1394
495 1395
852 1396
1237 1397
824 1398
1287 1399
326 1400
1065 1401
550 1402
680 1403
1389 1404
257 1405
951 1406
157 1407
807 1408
1334 1409
34 1410
1056 1411
707 1412
307 1413
120 1414
379 1415
273 1416
1194 1417
196 1418
86 1419
1386 1420
206 1421
549 1422
526 1423
1127 1424
853 1425
544 1426
691 1427
232 1428
1085 1429
1323 1430
392 1431
637 1432
73 1433
648 1434
674 1435
373 1436
1227 1437
839 1438
24 1439
904 1440
898 1441
719 1442
110 1443
175 1444
580 1445
508 1446
787 1447
835 1448
689 1449
1081 1450
1171 1451
550 1452
889 1453
617 1454
765 1455
36 1456
1362 1457
292 1458
339 1459
595 1460
1083 1461
535 1462
1039 1463
235 1464
989 1465
332 1466
845 1467
1115 1468
1411 1469
452 1470
762 1471
1393 1472
158 1473
958 1474
726 1475
778 1476
502 1477
883 1478
860 1479
488 1480
963 1481
1142 1482
1046 1483
52 1484
1359 1485
399 1486
436 1487
224 1488
927 1489
508 1490
613 1491
1309 1492
264 1493
1271 1494
1111 1495
303 1496
453 1497
362 1498
794 1499
542 1500
1007 1501
1083 1502
1288 1503
1123 1504
1085 1505
215 1506
443 1507
953 1508
1132 1509
1506 1510
534 1511
180 1512
916 1513
781 1514
963 1515
343 1516
227 1517
985 1518
702 1519
242 1520
24 1521
582 1522
951 1523
433 1524
856 1525
115 1526
542 1527
779 1528
957 1529
596 1530
257 1531
178 1532
831 1533
779 1534
155 1535
1082 1536
1346 1537
1383 1538
597 1539
1255 1540
618 1541
11 1542
1421 1543
1541 1544
1306 1545
919 1546
1017 1547
1471 1548
1213 1549
1472 1550
146 1551
417 1552
1176 1553
423 1554
478 1555
533 1556
531 1557
9 1558
14 1559
1351 1560
906 1561
315 1562
1223 1563
270 1564
367 1565
4 1566
489 1567
969 1568
649 1569
1398 1570
686 1571
829 1572
740 1573
1241 1574
1012 1575
352 1576
1467 1577
584 1578
1310 1579
669 1580
1436 1581
306 1582
1097 1583
236 1584
1560 1585
447 1586
328 1587
1399 1588
444 1589
822 1590
737 1591
285 1592
930 1593
856 1594
639 1595
343 1596
435 1597
1223 1598
911 1599
1342 1600
1256 1601
991 1602
1167 1603
9 1604
148 1605
1110 1606
206 1607
1070 1608
447 1609
967 1610
81 1611
127 1612
32 1613
1306 1614
134 1615
316 1616
996 1617
6 1618
770 1619
1068 1620
3 1621
878 1622
614 1623
21 1624
588 1625
744 1626
548 1627
1575 1628
1414 1629
1107 1630
1008 1631
30 1632
985 1633
1278 1634
915 1635
293 1636
183 1637
297 1638
1490 1639
757 1640
1252 1641
878 1642
1346 1643
1232 1644
1317 1645
591 1646
1461 1647
1215 1648
569 1649
1109 1650
827 1651
73 1652
439 1653
709 1654
1516 1655
946 1656
397 1657
100 1658
1171 1659
284 1660
890 1661
1296 1662
1350 1663
721 1664
1436 1665
484 1666
509 1667
423 1668
978 1669
323 1670
986 1671
332 1672
314 1673
1360 1674
271 1675
1010 1676
800 1677
431 1678
1287 1679
744 1680
1640 1681
125 1682
728 1683
22 1684
1226 1685
1600 1686
300 1687
1451 1688
1344 1689
1132 1690
1660 1691
110 1692
1569 1693
572 1694
55 1695
371 1696
1410 1697
1431 1698
526 1699
235 1700
494 1701
1425 1702
1101 1703
248 1704
732 1705
1227 1706
1480 1707
382 1708
846 1709
1702 1710
347 1711
1351 1712
1023 1713
544 1714
792 1715
706 1716
275 1717
909 1718
1574 1719
266 1720
88 1721
1601 1722
1148 1723
531 1724
162 1725
991 1726
632 1727
863 1728
1228 1729
594 1730
76 1731
300 1732
554 1733
319 1734
264 1735
1251 1736
1647 1737
1651 1738
1077 1739
189 1740
1425 1741
1556 1742
1541 1743
658 1744
1290 1745
1710 1746
220 1747
758 1748
1060 1749
446 1750
710 1751
530 1752
651 1753
1446 1754
1699 1755
325 1756
730 1757
1251 1758
7 1759
1436 1760
724 1761
1041 1762
1408 1763
1297 1764
1356 1765
689 1766
876 1767
1054 1768
1553 1769
1276 1770
1197 1771
1581 1772
904 1773
824 1774
1466 1775
722 1776
993 1777
1611 1778
1058 1779
33 1780
1681 1781
630 1782
1483 1783
1571 1784
29 1785
1329 1786
224 1787
1060 1788
641 1789
1335 1790
354 1791
1189 1792
622 1793
692 1794
293 1795
1510 1796
912 1797
633 1798
281 1799
701 1800
1019 1801
144 1802
783 1803
616 1804
647 1805
1268 1806
317 1807
594 1808
1083 1809
1063 1810
1554 1811
1211 1812
804 1813
394 1814
656 1815
659 1816
635 1817
1092 1818
807 1819
283 1820
404 1821
616 1822
346 1823
174 1824
1342 1825
1099 1826
1766 1827
444 1828
676 1829
1086 1830
1184 1831
963 1832
789 1833
190 1834
309 1835
658 1836
152 1837
271 1838
711 1839
330 1840
1137 1841
495 1842
526 1843
830 1844
1503 1845
629 1846
1801 1847
411 1848
1024 1849
1091 1850
1214 1851
1555 1852
24 1853
351 1854
388 1855
1027 1856
315 1857
1818 1858
1252 1859
783 1860
1432 1861
282 1862
1209 1863
596 1864
94 1865
810 1866
1768 1867
196 1868
376 1869
1496 1870
668 1871
1429 1872
1287 1873
541 1874
1618 1875
1654 1876
1113 1877
448 1878
709 1879
656 1880
1857 1881
1583 1882
958 1883
334 1884
844 1885
142 1886
832 1887
797 1888
828 1889
1419 1890
1781 1891
1439 1892
1885 1893
1867 1894
1707 1895
940 1896
912 1897
1183 1898
267 1899
1492 1900
1311 1901
1215 1902
949 1903
1282 1904
31 1905
321 1906
1879 1907
1518 1908
1457 1909
630 1910
1001 1911
907 1912
667 1913
1391 1914
314 1915
129 1916
79 1917
1393 1918
1491 1919
285 1920
796 1921
1818 1922
44 1923
1713 1924
1728 1925
693 1926
555 1927
254 1928
464 1929
55 1930
1792 1931
1312 1932
11 1933
1402 1934
94 1935
1085 1936
12 1937
989 1938
702 1939
831 1940
1668 1941
1095 1942
1775 1943
1509 1944
904 1945
986 1946
50 1947
972 1948
1644 1949
1739 1950
849 1951
365 1952
646 1953
82 1954
1465 1955
76 1956
758 1957
1678 1958
1473 1959
1551 1960
1933 1961
1344 1962
362 1963
1133 1964
791 1965
1266 1966
205 1967
320 1968
1417 1969
1608 1970
1635 1971
335 1972
1705 1973
842 1974
1298 1975
1773 1976
686 1977
1797 1978
927 1979
265 1980
736 1981
1859 1982
1049 1983
967 1984
974 1985
1317 1986
598 1987
130 1988
1095 1989
1841 1990
193 1991
1243 1992
1680 1993
201 1994
455 1995
1245 1996
439 1997
291 1998
1350 1999
554 2000
1021 2001
216 2002
211 2003
1621 2004
1564 2005
1970 2006
1624 2007
150 2008
194 2009
1982 2010
766 2011
1464 2012
32 2013
987 2014
412 2015
1328 2016
1047 2017
767 2018
551 2019
156 2020
1495 2021
683 2022
1466 2023
1843 2024
1973 2025
1758 2026
1184 2027
1735 2028
1376 2029
730 2030
43 2031
1396 2032
1269 2033
2003 2034
774 2035
1238 2036
397 2037
55 2038
1013 2039
954 2040
1892 2041
1230 2042
1920 2043
1814 2044
715 2045
598 2046
1088 2047
1294 2048
241 2049
1807 2050
1180 2051
49 2052
455 2053
893 2054
872 2055
447 2056
146 2057
1775 2058
392 2059
259 2060
1226 2061
629 2062
1525 2063
1394 2064
1144 2065
1078 2066
1128 2067
1264 2068
752 2069
1717 2070
210 2071
564 2072
443 2073
1574 2074
1905 2075
690 2076
899 2077
728 2078
192 2079
1849 2080
1758 2081
587 2082
1609 2083
1887 2084
1425 2085
30 2086
567 2087
1579 2088
1874 2089
1348 2090
1639 2091
1293 2092
1911 2093
975 2094
978 2095
739 2096
303 2097
684 2098
2071 2099
1617 2100
1648 2101
2061 2102
1132 2103
571 2104
1246 2105
472 2106
1136 2107
962 2108
1201 2109
1835 2110
80 2111
2032 2112
614 2113
1932 2114
598 2115
511 2116
1897 2117
1084 2118
1193 2119
1663 2120
912 2121
91 2122
1094 2123
893 2124
950 2125
485 2126
37 2127
1888 2128
2105 2129
816 2130
2004 2131
835 2132
59 2133
2111 2134
1697 2135
1743 2136
722 2137
1974 2138
575 2139
1771 2140
1191 2141
1091 2142
516 2143
465 2144
638 2145
915 2146
1400 2147
144 2148
27 2149
2014 2150
1652 2151
968 2152
207 2153
54 2154
872 2155
1087 2156
1721 2157
854 2158
412 2159
1202 2160
266 2161
1712 2162
1471 2163
221 2164
161 2165
1114 2166
794 2167
1690 2168
1116 2169
360 2170
1952 2171
606 2172
1389 2173
1274 2174
748 2175
539 2176
2060 2177
304 2178
67 2179
801 2180
1767 2181
1386 2182
1113 2183
2108 2184
483 2185
1148 2186
403 2187
389 2188
254 2189
287 2190
183 2191
156 2192
2042 2193
1431 2194
1084 2195
752 2196
2168 2197
2058 2198
771 2199
1921 2200
477 2201
1626 2202
959 2203
1175 2204
707 2205
1986 2206
400 2207
2013 2208
2051 2209
594 2210
1254 2211
1907 2212
435 2213
1400 2214
2173 2215
138 2216
2101 2217
391 2218
1042 2219
1925 2220
1460 2221
840 2222
158 2223
1060 2224
1463 2225
217 2226
1998 2227
1653 2228
1031 2229
1577 2230
1319 2231
2209 2232
583 2233
1623 2234
1923 2235
904 2236
702 2237
609 2238
515 2239
1640 2240
237 2241
172 2242
232 2243
575 2244
557 2245
2049 2246
1863 2247
119 2248
792 2249
662 2250
1467 2251
1538 2252
475 2253
364 2254
933 2255
1398 2256
882 2257
55 2258
428 2259
1622 2260
1361 2261
1422 2262
647 2263
494 2264
1178 2265
920 2266
1366 2267
552 2268
283 2269
1348 2270
425 2271
1359 2272
416 2273
1982 2274
1307 2275
213 2276
1958 2277
1064 2278
440 2279
829 2280
44 2281
1002 2282
720 2283
894 2284
213 2285
1389 2286
1803 2287
1897 2288
1480 2289
1849 2290
1426 2291
1556 2292
125 2293
70 2294
812 2295
843 2296
531 2297
434 2298
2217 2299
1947 2300
445 2301
1833 2302
163 2303
256 2304
601 2305
1155 2306
2221 2307
2207 2308
1664 2309
950 2310
920 2311
1066 2312
1162 2313
48 2314
884 2315
1970 2316
2192 2317
2235 2318
1346 2319
475 2320
308 2321
329 2322
1595 2323
12 2324
1601 2325
845 2326
98 2327
1535 2328
470 2329
1974 2330
333 2331
37 2332
1114 2333
1919 2334
605 2335
802 2336
1553 2337
1432 2338
999 2339
48 2340
1357 2341
94 2342
1763 2343
1516 2344
1300 2345
1551 2346
1518 2347
1761 2348
2186 2349
949 2350
1230 2351
1224 2352
1732 2353
1669 2354
406 2355
889 2356
650 2357
1862 2358
2252 2359
1930 2360
87 2361
943 2362
813 2363
1258 2364
75 2365
1635 2366
760 2367
365 2368
1979 2369
446 2370
2246 2371
1578 2372
1696 2373
1334 2374
595 2375
2152 2376
1968 2377
1947 2378
660 2379
2323 2380
1206 2381
23 2382
2375 2383
180 2384
87 2385
1486 2386
756 2387
1469 2388
1771 2389
726 2390
1506 2391
2060 2392
231 2393
227 2394
1564 2395
1374 2396
1961 2397
996 2398
2128 2399
1845 2400
1386 2401
1426 2402
510 2403
1071 2404
1220 2405
2372 2406
1105 2407
1043 2408
74 2409
201 2410
1977 2411
770 2412
952 2413
285 2414
1934 2415
1217 2416
1274 2417
1588 2418
1659 2419
1359 2420
809 2421
595 2422
1034 2423
767 2424
442 2425
1004 2426
838 2427
2308 2428
1935 2429
1393 2430
669 2431
380 2432
1383 2433
909 2434
226 2435
576 2436
2193 2437
1629 2438
870 2439
302 2440
1280 2441
644 2442
511 2443
845 2444
862 2445
1876 2446
1238 2447
1493 2448
1521 2449
1766 2450
242 2451
597 2452
1173 2453
2062 2454
2024 2455
418 2456
495 2457
2283 2458
109 2459
1574 2460
2230 2461
1185 2462
1463 2463
2082 2464
1241 2465
1932 2466
987 2467
95 2468
1902 2469
1692 2470
2182 2471
2145 2472
1143 2473
587 2474
2337 2475
1069 2476
214 2477
2328 2478
541 2479
550 2480
559 2481
346 2482
644 2483
225 2484
260 2485
730 2486
1095 2487
345 2488
1826 2489
1586 2490
761 2491
855 2492
1060 2493
1125 2494
1142 2495
2325 2496
1830 2497
1024 2498
2343 2499
831 2500
2038 2501
1909 2502
1745 2503
1225 2504
1135 2505
1796 2506
1237 2507
1089 2508
1627 2509
1184 2510
912 2511
1783 2512
1426 2513
1045 2514
1688 2515
823 2516
745 2517
2284 2518
835 2519
404 2520
968 2521
73 2522
875 2523
488 2524
114 2525
136 2526
187 2527
1359 2528
1457 2529
135 2530
604 2531
1129 2532
2383 2533
1975 2534
2443 2535
1119 2536
1503 2537
301 2538
1409 2539
1846 2540
293 2541
1600 2542
2298 2543
1194 2544
443 2545
135 2546
229 2547
554 2548
79 2549
636 2550
2359 2551
76 2552
1404 2553
389 2554
2352 2555
2171 2556
65 2557
973 2558
1644 2559
2377 2560
1006 2561
1389 2562
1287 2563
1599 2564
2485 2565
1558 2566
402 2567
2361 2568
386 2569
1516 2570
1899 2571
1080 2572
775 2573
1680 2574
692 2575
1188 2576
383 2577
1654 2578
813 2579
177 2580
2197 2581
1286 2582
502 2583
1257 2584
451 2585
589 2586
1999 2587
1229 2588
1793 2589
635 2590
1885 2591
956 2592
1812 2593
1193 2594
969 2595
262 2596
655 2597
400 2598
1466 2599
1629 2600
1432 2601
915 2602
454 2603
1537 2604
1645 2605
1273 2606
1221 2607
244 2608
2513 2609
2114 2610
1310 2611
878 2612
1925 2613
806 2614
2496 2615
1599 2616
1341 2617
2597 2618
396 2619
293 2620
1127 2621
561 2622
1991 2623
2562 2624
784 2625
1773 2626
2110 2627
1664 2628
433 2629
1209 2630
2516 2631
66 2632
1812 2633
2354 2634
1017 2635
1399 2636
957 2637
1119 2638
1645 2639
1460 2640
699 2641
266 2642
44 2643
1343 2644
2191 2645
786 2646
990 2647
1017 2648
1549 2649
2120 2650
249 2651
1405 2652
1658 2653
721 2654
1463 2655
945 2656
57 2657
1635 2658
649 2659
1745 2660
709 2661
2497 2662
1782 2663
1942 2664
1044 2665
702 2666
667 2667
2421 2668
1801 2669
855 2670
2175 2671
43 2672
1825 2673
1437 2674
250 2675
471 2676
1258 2677
94 2678
1874 2679
809 2680
815 2681
1724 2682
2211 2683
1906 2684
2675 2685
845 2686
200 2687
1785 2688
1458 2689
1655 2690
1055 2691
774 2692
2105 2693
2111 2694
608 2695
70 2696
429 2697
246 2698
2443 2699
1891 2700
816 2701
2238 2702
1119 2703
2324 2704
211 2705
706 2706
13 2707
784 2708
2656 2709
1840 2710
2146 2711
543 2712
337 2713
615 2714
960 2715
2603 2716
246 2717
639 2718
980 2719
575 2720
2439 2721
183 2722
1212 2723
2103 2724
1591 2725
2019 2726
1424 2727
2270 2728
1557 2729
547 2730
1086 2731
1536 2732
1684 2733
2470 2734
517 2735
1704 2736
1283 2737
1827 2738
1563 2739
1028 2740
721 2741
104 2742
2685 2743
418 2744
1572 2745
1060 2746
279 2747
1810 2748
867 2749
542 2750
1175 2751
1420 2752
740 2753
1032 2754
2390 2755
1614 2756
2752 2757
1463 2758
2213 2759
1602 2760
1768 2761
1103 2762
1200 2763
2013 2764
2418 2765
925 2766
2348 2767
1456 2768
1892 2769
2301 2770
1960 2771
2742 2772
1798 2773
287 2774
867 2775
2054 2776
1885 2777
961 2778
2425 2779
1038 2780
1390 2781
908 2782
1129 2783
2167 2784
2467 2785
355 2786
1390 2787
435 2788
2494 2789
1074 2790
514 2791
910 2792
1349 2793
2052 2794
2628 2795
20 2796
571 2797
2608 2798
881 2799
791 2800
1440 2801
1944 2802
1186 2803
51 2804
343 2805
1240 2806
170 2807
1098 2808
2627 2809
1689 2810
2551 2811
2255 2812
949 2813
335 2814
1437 2815
2575 2816
64 2817
1463 2818
540 2819
179 2820
1922 2821
2517 2822
902 2823
305 2824
2385 2825
41 2826
1747 2827
636 2828
1283 2829
805 2830
582 2831
994 2832
65 2833
998 2834
1692 2835
1732 2836
2347 2837
825 2838
747 2839
1771 2840
340 2841
107 2842
2328 2843
152 2844
141 2845
978 2846
1881 2847
2499 2848
2412 2849
1419 2850
461 2851
1304 2852
863 2853
1796 2854
2338 2855
2720 2856
2269 2857
2783 2858
1909 2859
2555 2860
2294 2861
2125 2862
2527 2863
1594 2864
1928 2865
1594 2866
1306 2867
1350 2868
529 2869
153 2870
2735 2871
1655 2872
2659 2873
1437 2874
2430 2875
830 2876
657 2877
51 2878
622 2879
224 2880
210 2881
1523 2882
257 2883
889 2884
2442 2885
918 2886
472 2887
1806 2888
1334 2889
1219 2890
1781 2891
839 2892
1660 2893
2623 2894
339 2895
986 2896
1287 2897
533 2898
1789 2899
495 2900
689 2901
1583 2902
244 2903
2527 2904
454 2905
180 2906
1449 2907
2012 2908
1308 2909
2851 2910
1131 2911
1408 2912
1589 2913
1927 2914
903 2915
2610 2916
1301 2917
2135 2918
927 2919
1513 2920
498 2921
1194 2922
2852 2923
2525 2924
872 2925
15 2926
2321 2927
2681 2928
1043 2929
1066 2930
2284 2931
664 2932
1708 2933
1902 2934
198 2935
861 2936
1809 2937
2621 2938
2752 2939
266 2940
1840 2941
169 2942
361 2943
169 2944
848 2945
133 2946
1050 2947
2573 2948
2556 2949
371 2950
428 2951
1321 2952
1911 2953
143 2954
2629 2955
1511 2956
584 2957
339 2958
1804 2959
2079 2960
1162 2961
1745 2962
2885 2963
635 2964
1513 2965
1971 2966
2329 2967
1776 2968
1157 2969
1956 2970
2252 2971
1087 2972
550 2973
2236 2974
232 2975
1562 2976
2715 2977
1880 2978
1166 2979
957 2980
1091 2981
1225 2982
1775 2983
311 2984
490 2985
2812 2986
2158 2987
1428 2988
2097 2989
2031 2990
906 2991
1588 2992
1679 2993
302 2994
2441 2995
2837 2996
1338 2997
340 2998
917 2999
615 3000
2810 3001
2599 3002
2557 3003
1176 3004
1936 3005
2077 3006
2433 3007
1945 3008
2089 3009
1925 3010
937 3011
550 3012
1389 3013
224 3014
1426 3015
1807 3016
2023 3017
2977 3018
1497 3019
2656 3020
2599 3021
1425 3022
898 3023
2305 3024
1101 3025
1044 3026
1112 3027
2972 3028
2010 3029
804 3030
1943 3031
12 3032
12 3033
1327 3034
1723 3035
1428 3036
2625 3037
356 3038
2820 3039
836 3040
2262 3041
2976 3042
835 3043
1091 3044
1308 3045
1325 3046
533 3047
1991 3048
1101 3049
323 3050
2233 3051
2465 3052
863 3053
292 3054
1472 3055
643 3056
2031 3057
1303 3058
1011 3059
2713 3060
2686 3061
152 3062
779 3063
428 3064
463 3065
244 3066
3064 3067
1358 3068
583 3069
2994 3070
826 3071
2167 3072
2820 3073
2441 3074
2554 3075
2233 3076
1646 3077
1417 3078
2589 3079
1720 3080
2147 3081
1915 3082
661 3083
654 3084
1356 3085
1039 3086
1651 3087
1607 3088
1857 3089
2028 3090
2634 3091
2470 3092
1836 3093
1201 3094
1164 3095
2141 3096
265 3097
31 3098
115 3099
318 3100
1143 3101
2197 3102
2238 3103
2119 3104
2446 3105
423 3106
222 3107
2592 3108
2313 3109
197 3110
401 3111
1486 3112
157 3113
821 3114
1994 3115
2601 3116
1323 3117
369 3118
2799 3119
1425 3120
1310 3121
1267 3122
2489 3123
191 3124
1620 3125
75 3126
1537 3127
646 3128
3079 3129
777 3130
1525 3131
1111 3132
2831 3133
2062 3134
1479 3135
263 3136
1574 3137
2912 3138
1165 3139
1579 3140
174 3141
2473 3142
2605 3143
1472 3144
61 3145
566 3146
1039 3147
1910 3148
589 3149
279 3150
1767 3151
506 3152
1600 3153
3112 3154
3056 3155
1019 3156
2383 3157
3028 3158
1369 3159
2036 3160
2428 3161
2828 3162
3117 3163
571 3164
2954 3165
2100 3166
1978 3167
345 3168
208 3169
92 3170
558 3171
432 3172
2458 3173
131 3174
168 3175
1775 3176
888 3177
2637 3178
377 3179
2899 3180
773 3181
371 3182
489 3183
2918 3184
3160 3185
2118 3186
2871 3187
997 3188
1776 3189
1312 3190
2218 3191
779 3192
287 3193
2138 3194
375 3195
681 3196
2405 3197
761 3198
1201 3199
2013 3200
1455 3201
1967 3202
2564 3203
1809 3204
2911 3205
1853 3206
1452 3207
2958 3208
885 3209
1315 3210
967 3211
1777 3212
202 3213
2193 3214
1056 3215
998 3216
476 3217
998 3218
1359 3219
1087 3220
1327 3221
2411 3222
1647 3223
650 3224
2001 3225
123 3226
528 3227
1570 3228
2191 3229
1412 3230
1333 3231
307 3232
25 3233
2135 3234
907 3235
2355 3236
197 3237
1025 3238
80 3239
1508 3240
1510 3241
1806 3242
81 3243
2512 3244
532 3245
2144 3246
2837 3247
2667 3248
2969 3249
236 3250
2479 3251
25 3252
1166 3253
2601 3254
198 3255
1532 3256
741 3257
3204 3258
3055 3259
2870 3260
1856 3261
1084 3262
3193 3263
3040 3264
2461 3265
646 3266
2908 3267
483 3268
2944 3269
437 3270
651 3271
2110 3272
660 3273
257 3274
1036 3275
1152 3276
2980 3277
714 3278
1191 3279
3198 3280
381 3281
1217 3282
2269 3283
855 3284
474 3285
3068 3286
2754 3287
85 3288
506 3289
2495 3290
2156 3291
2958 3292
698 3293
1357 3294
2740 3295
2090 3296
800 3297
1870 3298
661 3299
225 3300
2198 3301
2881 3302
1530 3303
871 3304
121 3305
3044 3306
2428 3307
1064 3308
2829 3309
2494 3310
1511 3311
3163 3312
66 3313
803 3314
619 3315
966 3316
197 3317
2112 3318
2996 3319
1144 3320
2249 3321
1778 3322
2112 3323
2434 3324
3317 3325
1948 3326
2673 3327
1973 3328
3319 3329
1962 3330
385 3331
1628 3332
2862 3333
1143 3334
2039 3335
1115 3336
1902 3337
730 3338
337 3339
906 3340
492 3341
592 3342
2739 3343
1577 3344
3082 3345
2502 3346
2131 3347
2323 3348
2725 3349
1337 3350
1437 3351
11 3352
92 3353
1776 3354
2463 3355
610 3356
1552 3357
2417 3358
1380 3359
1412 3360
2357 3361
1820 3362
2688 3363
951 3364
1431 3365
2061 3366
821 3367
663 3368
1599 3369
2127 3370
830 3371
25 3372
3351 3373
624 3374
312 3375
3336 3376
1621 3377
1826 3378
2058 3379
407 3380
2916 3381
1133 3382
2340 3383
2923 3384
1245 3385
2757 3386
2206 3387
817 3388
1856 3389
127 3390
2484 3391
48 3392
3173 3393
672 3394
2764 3395
1544 3396
2870 3397
231 3398
2502 3399
108 3400
1439 3401
845 3402
2391 3403
1615 3404
1422 3405
169 3406
3296 3407
1281 3408
1366 3409
2179 3410
903 3411
647 3412
558 3413
1384 3414
721 3415
215 3416
2983 3417
1811 3418
1240 3419
2185 3420
563 3421
1533 3422
1501 3423
2204 3424
2057 3425
3129 3426
672 3427
2981 3428
2000 3429
2440 3430
918 3431
915 3432
967 3433
1216 3434
1071 3435
759 3436
2553 3437
2785 3438
2608 3439
2883 3440
949 3441
142 3442
2926 3443
501 3444
2865 3445
1434 3446
210 3447
1098 3448
658 3449
622 3450
331 3451
487 3452
1882 3453
2135 3454
21 3455
164 3456
1952 3457
88 3458
1928 3459
3131 3460
2655 3461
2745 3462
3004 3463
824 3464
2822 3465
1111 3466
1113 3467
387 3468
2798 3469
916 3470
1651 3471
1604 3472
2023 3473
1398 3474
1637 3475
2976 3476
1883 3477
2394 3478
1346 3479
2268 3480
3165 3481
1032 3482
1913 3483
2071 3484
847 3485
2615 3486
3142 3487
1679 3488
131 3489
762 3490
478 3491
498 3492
3321 3493
2368 3494
79 3495
2606 3496
273 3497
1962 3498
292 3499
212 3500
492 3501
2733 3502
682 3503
2346 3504
1011 3505
423 3506
1406 3507
3209 3508
1359 3509
2058 3510
2510 3511
3345 3512
366 3513
236 3514
2776 3515
1929 3516
3035 3517
2790 3518
1941 3519
2416 3520
2915 3521
1123 3522
2599 3523
2806 3524
1791 3525
1303 3526
1896 3527
2562 3528
96 3529
2683 3530
971 3531
2464 3532
2557 3533
1363 3534
1791 3535
2985 3536
544 3537
48 3538
2082 3539
1206 3540
2201 3541
1291 3542
1294 3543
2465 3544
1740 3545
1561 3546
1500 3547
1937 3548
2179 3549
257 3550
972 3551
1496 3552
1821 3553
3229 3554
2145 3555
1627 3556
1587 3557
1317 3558
2993 3559
1418 3560
2092 3561
592 3562
278 3563
2602 3564
1503 3565
1261 3566
2460 3567
1577 3568
1367 3569
3137 3570
2894 3571
1638 3572
1443 3573
2825 3574
2640 3575
1091 3576
1413 3577
3361 3578
715 3579
516 3580
1694 3581
248 3582
1182 3583
3406 3584
2020 3585
2893 3586
128 3587
2877 3588
267 3589
2010 3590
297 3591
2954 3592
539 3593
3025 3594
987 3595
1120 3596
1856 3597
2586 3598
963 3599
2945 3600
412 3601
3144 3602
3353 3603
1744 3604
526 3605
2611 3606
199 3607
2215 3608
3135 3609
1730 3610
1964 3611
1295 3612
2494 3613
2671 3614
3140 3615
181 3616
1387 3617
1379 3618
1636 3619
1729 3620
2138 3621
109 3622
1991 3623
3513 3624
3346 3625
1091 3626
186 3627
535 3628
277 3629
205 3630
895 3631
3234 3632
2806 3633
3307 3634
1142 3635
2958 3636
2111 3637
1588 3638
1236 3639
1008 3640
3614 3641
1733 3642
2208 3643
1603 3644
3505 3645
1057 3646
997 3647
3472 3648
2409 3649
1903 3650
2047 3651
2926 3652
3266 3653
883 3654
1994 3655
2103 3656
3621 3657
3393 3658
3536 3659
286 3660
3284 3661
239 3662
614 3663
897 3664
1261 3665
93 3666
1076 3667
2380 3668
2953 3669
1633 3670
856 3671
938 3672
1666 3673
3502 3674
3498 3675
1460 3676
3236 3677
2290 3678
328 3679
327 3680
3000 3681
1222 3682
2777 3683
839 3684
3372 3685
1050 3686
947 3687
3374 3688
2786 3689
110 3690
1329 3691
560 3692
830 3693
978 3694
2151 3695
160 3696
2426 3697
971 3698
1537 3699
1273 3700
31 3701
2446 3702
66 3703
2931 3704
757 3705
153 3706
611 3707
3157 3708
67 3709
2372 3710
77 3711
2377 3712
258 3713
1478 3714
119 3715
1582 3716
143 3717
2909 3718
587 3719
2619 3720
263 3721
2197 3722
1414 3723
1551 3724
304 3725
648 3726
2499 3727
2448 3728
1738 3729
2562 3730
1574 3731
1783 3732
2099 3733
1509 3734
1464 3735
1591 3736
3354 3737
2535 3738
2529 3739
1487 3740
2717 3741
1045 3742
948 3743
2160 3744
715 3745
3596 3746
3237 3747
3195 3748
1604 3749
169 3750
2285 3751
2237 3752
678 3753
1614 3754
22 3755
1213 3756
3228 3757
542 3758
3368 3759
2855 3760
2264 3761
1132 3762
1145 3763
997 3764
2636 3765
161 3766
2348 3767
1004 3768
257 3769
3713 3770
3214 3771
1127 3772
2684 3773
3552 3774
565 3775
383 3776
1965 3777
460 3778
2007 3779
423 3780
2184 3781
1634 3782
2906 3783
1252 3784
893 3785
3535 3786
2249 3787
957 3788
1288 3789
1289 3790
1634 3791
2074 3792
385 3793
2180 3794
437 3795
2575 3796
223 3797
935 3798
1654 3799
390 3800
3174 3801
2494 3802
3008 3803
2813 3804
2906 3805
558 3806
3551 3807
1611 3808
2383 3809
2252 3810
3133 3811
2052 3812
602 3813
3312 3814
2201 3815
366 3816
1789 3817
3055 3818
3149 3819
362 3820
1294 3821
1180 3822
1286 3823
3180 3824
3166 3825
1088 3826
789 3827
3443 3828
349 3829
3752 3830
886 3831
2679 3832
1730 3833
1623 3834
38 3835
1661 3836
42 3837
1365 3838
95 3839
3089 3840
2976 3841
3689 3842
2113 3843
954 3844
3469 3845
658 3846
607 3847
480 3848
469 3849
1706 3850
870 3851
1291 3852
2819 3853
2244 3854
213 3855
2931 3856
802 3857
3253 3858
1564 3859
333 3860
2874 3861
2765 3862
3678 3863
1388 3864
3356 3865
589 3866
1908 3867
3254 3868
231 3869
2619 3870
566 3871
502 3872
2420 3873
2268 3874
1186 3875
2056 3876
3561 3877
2075 3878
2601 3879
2923 3880
1276 3881
2369 3882
686 3883
183 3884
2609 3885
3334 3886
3645 3887
1087 3888
2507 3889
1674 3890
3288 3891
3523 3892
321 3893
2609 3894
2245 3895
2053 3896
2274 3897
746 3898
57 3899
2389 3900
68 3901
416 3902
1006 3903
3714 3904
1857 3905
484 3906
3478 3907
486 3908
1400 3909
3200 3910
1967 3911
1995 3912
3708 3913
3463 3914
141 3915
1888 3916
1640 3917
3178 3918
2562 3919
2237 3920
3799 3921
2535 3922
2875 3923
1333 3924
3166 3925
3343 3926
2436 3927
3581 3928
3196 3929
1815 3930
954 3931
65 3932
3217 3933
3759 3934
2443 3935
1932 3936
362 3937
1334 3938
3432 3939
2499 3940
508 3941
2996 3942
1213 3943
3440 3944
2184 3945
1138 3946
1822 3947
605 3948
3231 3949
2351 3950
341 3951
1818 3952
2123 3953
2662 3954
3472 3955
2490 3956
3344 3957
264 3958
181 3959
548 3960
492 3961
234 3962
2784 3963
465 3964
3878 3965
273 3966
3091 3967
466 3968
3044 3969
652 3970
3075 3971
2981 3972
3716 3973
1419 3974
1860 3975
2453 3976
283 3977
1534 3978
3260 3979
3422 3980
1674 3981
2047 3982
1486 3983
1259 3984
564 3985
1275 3986
530 3987
1562 3988
3157 3989
3720 3990
2245 3991
749 3992
3158 3993
178 3994
2092 3995
347 3996
3758 3997
1516 3998
1691 3999
2143 4000
259 4001
1928 4002
3930 4003
2527 4004
3812 4005
3472 4006
2180 4007
2255 4008
697 4009
839 4010
2692 4011
2321 4012
3860 4013
2012 4014
394 4015
235 4016
574 4017
2228 4018
1671 4019
343 4020
404 4021
712 4022
3768 4023
3848 4024
66 4025
2437 4026
491 4027
2488 4028
1046 4029
1371 4030
3880 4031
2223 4032
2814 4033
1723 4034
41 4035
689 4036
3087 4037
926 4038
1107 4039
317 4040
1306 4041
664 4042
3894 4043
1859 4044
1406 4045
3404 4046
1082 4047
3029 4048
3674 4049
3838 4050
2686 4051
2888 4052
1457 4053
1601 4054
1782 4055
3220 4056
2683 4057
2975 4058
3852 4059
528 4060
2325 4061
1782 4062
3165 4063
260 4064
2150 4065
2730 4066
226 4067
813 4068
169 4069
3064 4070
2020 4071
1417 4072
497 4073
1853 4074
4064 4075
1989 4076
799 4077
2267 4078
3183 4079
3873 4080
469 4081
1782 4082
3030 4083
2092 4084
666 4085
651 4086
1903 4087
3310 4088
682 4089
2916 4090
2142 4091
655 4092
666 4093
2551 4094
1898 4095
1630 4096
3066 4097
3473 4098
2617 4099
3937 4100
2474 4101
2235 4102
1389 4103
2381 4104
1866 4105
98 4106
757 4107
911 4108
1200 4109
3871 4110
1226 4111
654 4112
1524 4113
486 4114
180 4115
514 4116
3460 4117
2790 4118
400 4119
1738 4120
1813 4121
1048 4122
961 4123
889 4124
181 4125
2618 4126
3588 4127
2705 4128
2941 4129
3150 4130
2901 4131
1912 4132
4117 4133
303 4134
1736 4135
3099 4136
614 4137
25 4138
2713 4139
4059 4140
2143 4141
2735 4142
385 4143
2902 4144
1519 4145
4034 4146
1091 4147
83 4148
3506 4149
2734 4150
1856 4151
3112 4152
2856 4153
2849 4154
1116 4155
1338 4156
3674 4157
2374 4158
2902 4159
3765 4160
1783 4161
872 4162
1439 4163
2778 4164
1722 4165
4013 4166
1083 4167
1391 4168
2540 4169
84 4170
489 4171
37 4172
3554 4173
324 4174
1670 4175
2044 4176
594 4177
3039 4178
1796 4179
2212 4180
2695 4181
1463 4182
863 4183
1258 4184
1184 4185
2216 4186
2753 4187
2464 4188
1875 4189
766 4190
2135 4191
122 4192
2412 4193
3518 4194
3232 4195
113 4196
3928 4197
1964 4198
3158 4199
3276 4200
3544 4201
2394 4202
1267 4203
1180 4204
171 4205
3044 4206
4152 4207
913 4208
3241 4209
1138 4210
4202 4211
2488 4212
1999 4213
1929 4214
1336 4215
1081 4216
3366 4217
1091 4218
2179 4219
2609 4220
65 4221
1763 4222
3458 4223
2655 4224
1545 4225
297 4226
3379 4227
3164 4228
2896 4229
1543 4230
2737 4231
988 4232
2503 4233
3149 4234
1317 4235
3998 4236
2907 4237
1532 4238
1665 4239
963 4240
206 4241
2261 4242
2459 4243
3080 4244
199 4245
1760 4246
2562 4247
2241 4248
2154 4249
3960 4250
3507 4251
3945 4252
843 4253
80 4254
4 4255
1585 4256
312 4257
3681 4258
2255 4259
1367 4260
3319 4261
2356 4262
638 4263
1850 4264
1926 4265
1963 4266
566 4267
2874 4268
2216 4269
3458 4270
218 4271
2873 4272
1273 4273
3855 4274
4157 4275
1568 4276
2622 4277
1592 4278
1789 4279
537 4280
3505 4281
528 4282
2956 4283
500 4284
3975 4285
32 4286
445 4287
707 4288
72 4289
1304 4290
1226 4291
1436 4292
3564 4293
2018 4294
159 4295
3691 4296
2635 4297
1716 4298
1823 4299
2407 4300
4139 4301
3100 4302
125 4303
886 4304
527 4305
1990 4306
3322 4307
1352 4308
2334 4309
904 4310
3440 4311
962 4312
1850 4313
1152 4314
3093 4315
3878 4316
199 4317
4288 4318
3356 4319
327 4320
872 4321
3752 4322
643 4323
3395 4324
3851 4325
3563 4326
933 4327
2177 4328
1458 4329
3059 4330
3586 4331
1941 4332
3087 4333
4210 4334
2124 4335
2330 4336
1865 4337
1309 4338
2774 4339
2263 4340
2122 4341
4307 4342
616 4343
2119 4344
36 4345
2305 4346
4134 4347
1828 4348
226 4349
3666 4350
1996 4351
1267 4352
2864 4353
3230 4354
3158 4355
18 4356
2004 4357
3432 4358
1515 4359
3273 4360
2055 4361
3511 4362
1111 4363
2569 4364
1035 4365
857 4366
4318 4367
90 4368
2675 4369
2317 4370
3210 4371
481 4372
2079 4373
3757 4374
2746 4375
2251 4376
1776 4377
439 4378
2545 4379
3058 4380
1217 4381
785 4382
2819 4383
2329 4384
2322 4385
3834 4386
1461 4387
1832 4388
2623 4389
2778 4390
4141 4391
2650 4392
756 4393
3350 4394
3318 4395
2357 4396
3556 4397
1814 4398
2357 4399
1099 4400
1196 4401
1519 4402
155 4403
3630 4404
3777 4405
1358 4406
1254 4407
1779 4408
1749 4409
881 4410
680 4411
4083 4412
3890 4413
3899 4414
3215 4415
3847 4416
1315 4417
4108 4418
545 4419
3072 4420
3182 4421
2039 4422
2762 4423
3500 4424
3112 4425
4094 4426
420 4427
667 4428
368 4429
739 4430
4239 4431
3895 4432
3045 4433
4317 4434
1725 4435
1786 4436
3943 4437
1551 4438
3760 4439
4245 4440
1437 4441
2232 4442
4161 4443
2812 4444
1165 4445
4258 4446
1169 4447
3985 4448
3556 4449
1144 4450
1732 4451
463 4452
2187 4453
2694 4454
1892 4455
2796 4456
2161 4457
2510 4458
1562 4459
4282 4460
3908 4461
3897 4462
2701 4463
1191 4464
799 4465
3090 4466
224 4467
2194 4468
2721 4469
3591 4470
4330 4471
674 4472
503 4473
2284 4474
3602 4475
301 4476
4415 4477
595 4478
1078 4479
1833 4480
932 4481
3374 4482
4429 4483
555 4484
2132 4485
2955 4486
2838 4487
1204 4488
3639 4489
3580 4490
2314 4491
2133 4492
1207 4493
1464 4494
2955 4495
427 4496
2915 4497
564 4498
2591 4499
2146 4500
142 4501
203 4502
1454 4503
486 4504
2906 4505
2632 4506
2290 4507
3930 4508
381 4509
1751 4510
389 4511
2204 4512
1779 4513
1704 4514
2397 4515
287 4516
1483 4517
1752 4518
3955 4519
879 4520
3386 4521
1944 4522
1077 4523
2309 4524
1762 4525
3227 4526
1444 4527
3922 4528
2090 4529
3460 4530
358 4531
1707 4532
4488 4533
2412 4534
522 4535
1484 4536
4399 4537
2308 4538
25 4539
1957 4540
2155 4541
3821 4542
3375 4543
2520 4544
3898 4545
1872 4546
4334 4547
4279 4548
827 4549
3880 4550
3286 4551
3780 4552
1447 4553
816 4554
3877 4555
2357 4556
837 4557
3554 4558
2830 4559
802 4560
3463 4561
290 4562
2372 4563
1836 4564
874 4565
1909 4566
870 4567
1800 4568
3047 4569
2083 4570
2893 4571
2277 4572
3192 4573
521 4574
3673 4575
3539 4576
410 4577
2114 4578
4446 4579
1503 4580
3564 4581
1122 4582
1555 4583
2320 4584
334 4585
1850 4586
3597 4587
6 4588
1425 4589
2586 4590
121 4591
172 4592
2418 4593
4230 4594
977 4595
1128 4596
4132 4597
39 4598
3876 4599
141 4600
1761 4601
1249 4602
4158 4603
3032 4604
3478 4605
2840 4606
2966 4607
2801 4608
1118 4609
1561 4610
293 4611
2269 4612
520 4613
334 4614
3358 4615
2339 4616
3675 4617
2323 4618
2400 4619
646 4620
2806 4621
2768 4622
3171 4623
3584 4624
707 4625
1118 4626
721 4627
3561 4628
2617 4629
3731 4630
4168 4631
3001 4632
4398 4633
2043 4634
1136 4635
1027 4636
4427 4637
2367 4638
4533 4639
3313 4640
4131 4641
3911 4642
4486 4643
2170 4644
1026 4645
2062 4646
1953 4647
1654 4648
3038 4649
1876 4650
3229 4651
2558 4652
3321 4653
517 4654
3471 4655
403 4656
3314 4657
2505 4658
1697 4659
1569 4660
3835 4661
1769 4662
1910 4663
1273 4664
2268 4665
2627 4666
607 4667
4280 4668
2950 4669
4226 4670
4246 4671
2852 4672
604 4673
787 4674
3996 4675
2063 4676
1966 4677
46 4678
1445 4679
4270 4680
2426 4681
3368 4682
2711 4683
2523 4684
448 4685
448 4686
1349 4687
352 4688
218 4689
71 4690
2571 4691
1343 4692
233 4693
1416 4694
1474 4695
3566 4696
999 4697
675 4698
4174 4699
2811 4700
1905 4701
1586 4702
4496 4703
2596 4704
699 4705
1904 4706
2231 4707
1754 4708
4338 4709
4500 4710
2761 4711
256 4712
3422 4713
2687 4714
3923 4715
2942 4716
2799 4717
631 4718
4414 4719
4272 4720
726 4721
3764 4722
427 4723
4160 4724
2239 4725
2009 4726
4692 4727
3774 4728
3136 4729
4692 4730
4393 4731
2813 4732
1983 4733
181 4734
3969 4735
2011 4736
2047 4737
3058 4738
801 4739
3921 4740
410 4741
4718 4742
4414 4743
1794 4744
3050 4745
2874 4746
4542 4747
951 4748
2025 4749
2442 4750
3495 4751
1864 4752
244 4753
13 4754
4626 4755
1890 4756
135 4757
748 4758
2929 4759
3944 4760
3926 4761
1218 4762
3130 4763
2631 4764
4338 4765
4026 4766
4734 4767
318 4768
1288 4769
3432 4770
2628 4771
2855 4772
4541 4773
4229 4774
4239 4775
4497 4776
3694 4777
1533 4778
1535 4779
793 4780
1642 4781
2050 4782
4411 4783
1921 4784
972 4785
679 4786
38 4787
416 4788
3434 4789
2210 4790
1325 4791
656 4792
3407 4793
2413 4794
3823 4795
2650 4796
3800 4797
2916 4798
3622 4799
3038 4800
1536 4801
1958 4802
741 4803
701 4804
2079 4805
4215 4806
977 4807
3556 4808
2 4809
2985 4810
4310 4811
843 4812
1327 4813
1420 4814
77 4815
4790 4816
1689 4817
354 4818
4642 4819
758 4820
2401 4821
946 4822
3493 4823
620 4824
2723 4825
3656 4826
1672 4827
4702 4828
3258 4829
4414 4830
4212 4831
3493 4832
736 4833
2287 4834
388 4835
2012 4836
2917 4837
558 4838
878 4839
4745 4840
2021 4841
158 4842
972 4843
2320 4844
1282 4845
3024 4846
3957 4847
2526 4848
449 4849
4842 4850
2621 4851
4135 4852
1878 4853
726 4854
2878 4855
3516 4856
2962 4857
1919 4858
2555 4859
981 4860
3508 4861
2842 4862
4856 4863
2407 4864
577 4865
4111 4866
3197 4867
446 4868
973 4869
4599 4870
3615 4871
3287 4872
1833 4873
3221 4874
2001 4875
3680 4876
4837 4877
1587 4878
736 4879
3798 4880
4538 4881
1321 4882
1893 4883
691 4884
739 4885
1959 4886
2510 4887
412 4888
2859 4889
4270 4890
2276 4891
4371 4892
4436 4893
1006 4894
4063 4895
4178 4896
1126 4897
909 4898
2335 4899
3989 4900
23 4901
2250 4902
3848 4903
3246 4904
2632 4905
4227 4906
1447 4907
1887 4908
3848 4909
1276 4910
1981 4911
3589 4912
4490 4913
3125 4914
3514 4915
1992 4916
692 4917
2719 4918
4749 4919
2601 4920
276 4921
1080 4922
2405 4923
414 4924
952 4925
2547 4926
859 4927
2435 4928
1861 4929
4769 4930
964 4931
1259 4932
1120 4933
4438 4934
2396 4935
4004 4936
1845 4937
4336 4938
1739 4939
2168 4940
2174 4941
4048 4942
2194 4943
1864 4944
2170 4945
2491 4946
4116 4947
212 4948
3907 4949
246 4950
198 4951
1303 4952
1056 4953
4941 4954
1447 4955
4333 4956
547 4957
573 4958
2726 4959
4423 4960
4240 4961
2657 4962
4197 4963
138 4964
3685 4965
4674 4966
3638 4967
2466 4968
2452 4969
1757 4970
4961 4971
24 4972
12 4973
1866 4974
3262 4975
3480 4976
3201 4977
3268 4978
1952 4979
1149 4980
4650 4981
3474 4982
649 4983
886 4984
4263 4985
4724 4986
2672 4987
3950 4988
4661 4989
838 4990
2771 4991
798 4992
2467 4993
2304 4994
1489 4995
2906 4996
2309 4997
2033 4998
186 4999
2174 5000
2959 5001
1432 5002
4167 5003
1497 5004
3405 5005
4636 5006
3622 5007
4191 5008
1708 5009
3118 5010
4920 5011
1870 5012
4998 5013
4256 5014
416 5015
3003 5016
2711 5017
2062 5018
3082 5019
4916 5020
4060 5021
1819 5022
4103 5023
497 5024
4922 5025
4400 5026
2624 5027
2855 5028
1724 5029
2794 5030
336 5031
920 5032
2650 5033
675 5034
2670 5035
2753 5036
4325 5037
3766 5038
1185 5039
4769 5040
1369 5041
2974 5042
2600 5043
4450 5044
597 5045
2194 5046
2791 5047
2933 5048
3847 5049
2469 5050
1444 5051
4015 5052
339 5053
4258 5054
193 5055
2600 5056
49 5057
1687 5058
3335 5059
2751 5060
47 5061
709 5062
2774 5063
958 5064
4459 5065
3769 5066
1796 5067
1794 5068
554 5069
2809 5070
4898 5071
285 5072
1387 5073
1709 5074
463 5075
4765 5076
1950 5077
4436 5078
978 5079
3014 5080
2624 5081
3320 5082
3844 5083
1234 5084
4981 5085
1567 5086
2646 5087
1102 5088
3855 5089
4636 5090
4223 5091
4470 5092
816 5093
1062 5094
3056 5095
3481 5096
1065 5097
2975 5098
306 5099
2905 5100
1586 5101
425 5102
2304 5103
4615 5104
3432 5105
1508 5106
472 5107
4735 5108
2254 5109
4593 5110
4105 5111
3312 5112
4900 5113
3932 5114
1632 5115
16 5116
4258 5117
5028 5118
2211 5119
4055 5120
2964 5121
4599 5122
3233 5123
663 5124
1931 5125
2227 5126
385 5127
2245 5128
3861 5129
4098 5130
2002 5131
3734 5132
459 5133
215 5134
3465 5135
4030 5136
4436 5137
4265 5138
4410 5139
3871 5140
2483 5141
1525 5142
163 5143
2289 5144
4260 5145
3685 5146
1206 5147
4603 5148
4178 5149
1272 5150
867 5151
132 5152
2417 5153
396 5154
1713 5155
3891 5156
4591 5157
61 5158
603 5159
3145 5160
2440 5161
2991 5162
811 5163
960 5164
3970 5165
964 5166
1677 5167
1600 5168
3314 5169
935 5170
3061 5171
2860 5172
2514 5173
4167 5174
665 5175
4117 5176
4513 5177
408 5178
1558 5179
1788 5180
4820 5181
2622 5182
714 5183
1149 5184
3690 5185
2651 5186
4282 5187
1264 5188
3846 5189
4940 5190
3756 5191
4425 5192
3714 5193
1792 5194
5175 5195
1883 5196
3954 5197
2769 5198
4621 5199
2892 5200
5087 5201
243 5202
3026 5203
2027 5204
733 5205
4569 5206
3638 5207
3132 5208
1141 5209
4337 5210
3185 5211
5169 5212
793 5213
5039 5214
3400 5215
1798 5216
320 5217
5022 5218
1967 5219
2885 5220
116 5221
53 5222
1524 5223
678 5224
3760 5225
2144 5226
2706 5227
3125 5228
3008 5229
5220 5230
3988 5231
1738 5232
4374 5233
395 5234
4727 5235
1151 5236
3014 5237
3570 5238
4220 5239
1816 5240
4187 5241
579 5242
3467 5243
2014 5244
3957 5245
3172 5246
2533 5247
2176 5248
675 5249
3638 5250
1524 5251
4382 5252
4405 5253
3899 5254
3460 5255
1259 5256
3024 5257
5247 5258
1710 5259
1893 5260
5205 5261
3647 5262
1892 5263
2288 5264
4557 5265
821 5266
2383 5267
3696 5268
2758 5269
4450 5270
3358 5271
992 5272
1142 5273
4866 5274
3415 5275
4407 5276
5034 5277
2901 5278
3581 5279
4713 5280
1236 5281
908 5282
2758 5283
852 5284
467 5285
4029 5286
3452 5287
4012 5288
1990 5289
2393 5290
2296 5291
329 5292
2585 5293
3884 5294
3826 5295
3406 5296
444 5297
3153 5298
434 5299
1845 5300
4345 5301
3577 5302
66 5303
1134 5304
2298 5305
921 5306
2629 5307
2936 5308
982 5309
5292 5310
4528 5311
2169 5312
4314 5313
5153 5314
2576 5315
3585 5316
4120 5317
3703 5318
1223 5319
4803 5320
624 5321
1419 5322
4661 5323
1049 5324
4660 5325
585 5326
1705 5327
4409 5328
4343 5329
1507 5330
475 5331
2444 5332
169 5333
5086 5334
543 5335
78 5336
2817 5337
569 5338
3493 5339
3773 5340
4780 5341
39 5342
3196 5343
1507 5344
1957 5345
1822 5346
3209 5347
5053 5348
1369 5349
3188 5350
2990 5351
3064 5352
5069 5353
1843 5354
1427 5355
175 5356
1564 5357
4552 5358
2053 5359
275 5360
4317 5361
4096 5362
4738 5363
2357 5364
4315 5365
938 5366
1645 5367
42 5368
772 5369
1154 5370
3869 5371
2714 5372
3384 5373
1611 5374
69 5375
3660 5376
3180 5377
1826 5378
2228 5379
1897 5380
4704 5381
1848 5382
2582 5383
879 5384
3004 5385
1058 5386
3528 5387
953 5388
4390 5389
129 5390
2901 5391
1412 5392
1606 5393
3 5394
3837 5395
1722 5396
472 5397
23 5398
55 5399
1692 5400
1406 5401
660 5402
5109 5403
896 5404
172 5405
1371 5406
2493 5407
4984 5408
2900 5409
1284 5410
1969 5411
1605 5412
2402 5413
5349 5414
4985 5415
2346 5416
3350 5417
2801 5418
4535 5419
426 5420
378 5421
61 5422
666 5423
4846 5424
1695 5425
3289 5426
2104 5427
664 5428
3941 5429
2926 5430
4403 5431
1688 5432
3317 5433
3923 5434
1803 5435
4422 5436
2706 5437
3671 5438
392 5439
3011 5440
1563 5441
3360 5442
5406 5443
876 5444
4816 5445
3731 5446
1909 5447
3153 5448
405 5449
958 5450
2089 5451
133 5452
3200 5453
66 5454
2771 5455
432 5456
3553 5457
1327 5458
4955 5459
3779 5460
2972 5461
4594 5462
4962 5463
2283 5464
1032 5465
2345 5466
3683 5467
442 5468
2432 5469
5025 5470
3948 5471
5197 5472
1057 5473
1187 5474
2179 5475
1914 5476
124 5477
2061 5478
1210 5479
408 5480
1735 5481
5256 5482
3751 5483
1670 5484
1928 5485
1569 5486
4192 5487
2022 5488
2809 5489
5217 5490
4283 5491
2854 5492
2683 5493
4136 5494
2937 5495
3896 5496
4993 5497
2023 5498
633 5499
4709 5500
4037 5501
3505 5502
1308 5503
2025 5504
2173 5505
2324 5506
102 5507
1182 5508
3239 5509
3634 5510
759 5511
4612 5512
362 5513
2239 5514
3769 5515
4893 5516
3586 5517
1462 5518
540 5519
2395 5520
1981 5521
1367 5522
1670 5523
3625 5524
1162 5525
1470 5526
3198 5527
5194 5528
4419 5529
4547 5530
2868 5531
4138 5532
1254 5533
1129 5534
3913 5535
564 5536
204 5537
4718 5538
179 5539
3922 5540
4588 5541
283 5542
1906 5543
5194 5544
5138 5545
4229 5546
414 5547
719 5548
1106 5549
2263 5550
3492 5551
3263 5552
2637 5553
4519 5554
4965 5555
1148 5556
894 5557
1213 5558
2011 5559
3394 5560
460 5561
1702 5562
2125 5563
803 5564
224 5565
2489 5566
2320 5567
1599 5568
593 5569
689 5570
162 5571
4513 5572
2599 5573
3324 5574
1313 5575
91 5576
2842 5577
607 5578
5142 5579
2881 5580
4579 5581
4309 5582
61 5583
5118 5584
4350 5585
164 5586
5560 5587
4395 5588
939 5589
1724 5590
1504 5591
3317 5592
1914 5593
780 5594
393 5595
1155 5596
1092 5597
4976 5598
1360 5599
2210 5600
3285 5601
5519 5602
3660 5603
235 5604
2607 5605
1668 5606
2386 5607
1369 5608
983 5609
3641 5610
2487 5611
2732 5612
2841 5613
2291 5614
4708 5615
3244 5616
5262 5617
3011 5618
195 5619
347 5620
5343 5621
1038 5622
2012 5623
3483 5624
206 5625
5513 5626
1144 5627
1147 5628
2936 5629
1723 5630
734 5631
2923 5632
2363 5633
2369 5634
4710 5635
4872 5636
1847 5637
2022 5638
2878 5639
1672 5640
5381 5641
2425 5642
2784 5643
3596 5644
4105 5645
388 5646
662 5647
4004 5648
4177 5649
3064 5650
3109 5651
4276 5652
1640 5653
2622 5654
303 5655
588 5656
3168 5657
5502 5658
5237 5659
1085 5660
3011 5661
1240 5662
4173 5663
5045 5664
4055 5665
4985 5666
4283 5667
5182 5668
4723 5669
4814 5670
3574 5671
1951 5672
5609 5673
5123 5674
3584 5675
2915 5676
2013 5677
2959 5678
4778 5679
1543 5680
3140 5681
5033 5682
703 5683
3434 5684
1351 5685
2504 5686
2111 5687
3125 5688
4601 5689
2078 5690
2451 5691
2492 5692
4837 5693
2193 5694
648 5695
4645 5696
688 5697
2409 5698
4198 5699
2310 5700
3909 5701
740 5702
3706 5703
357 5704
3653 5705
2862 5706
4375 5707
725 5708
4366 5709
3336 5710
1081 5711
4970 5712
1512 5713
4119 5714
1317 5715
4161 5716
5447 5717
4025 5718
4617 5719
3467 5720
1331 5721
3238 5722
3206 5723
3376 5724
5205 5725
623 5726
3036 5727
4005 5728
2092 5729
3943 5730
4167 5731
3421 5732
2841 5733
3316 5734
120 5735
4093 5736
1778 5737
834 5738
5496 5739
4382 5740
3518 5741
5300 5742
3425 5743
758 5744
3711 5745
4190 5746
3496 5747
4126 5748
3844 5749
4728 5750
1397 5751
4366 5752
1420 5753
126 5754
513 5755
1178 5756
211 5757
2045 5758
3404 5759
445 5760
3331 5761
5475 5762
337 5763
323 5764
497 5765
70 5766
3397 5767
732 5768
1549 5769
5175 5770
1795 5771
1860 5772
3342 5773
5255 5774
5409 5775
3310 5776
2936 5777
1264 5778
4903 5779
3518 5780
4632 5781
1882 5782
598 5783
4475 5784
5386 5785
2725 5786
1408 5787
2697 5788
32 5789
3032 5790
4247 5791
2339 5792
4642 5793
5548 5794
3640 5795
4917 5796
2490 5797
335 5798
2219 5799
942 5800
3587 5801
988 5802
5305 5803
2026 5804
132 5805
5573 5806
3063 5807
917 5808
5001 5809
5271 5810
2733 5811
8 5812
2428 5813
3654 5814
3736 5815
5552 5816
2097 5817
2945 5818
2735 5819
2252 5820
2088 5821
89 5822
3405 5823
5581 5824
3924 5825
2120 5826
5712 5827
3618 5828
4279 5829
5126 5830
3316 5831
2816 5832
65 5833
4335 5834
3002 5835
5539 5836
5194 5837
2029 5838
2855 5839
4071 5840
2094 5841
998 5842
2029 5843
4322 5844
200 5845
2644 5846
21 5847
3973 5848
3316 5849
1032 5850
5316 5851
4586 5852
5434 5853
5591 5854
698 5855
3429 5856
4765 5857
5283 5858
3083 5859
785 5860
3022 5861
78 5862
3215 5863
3581 5864
4665 5865
2522 5866
29 5867
5533 5868
4843 5869
538 5870
5481 5871
3634 5872
2204 5873
179 5874
3378 5875
4652 5876
3052 5877
2129 5878
3738 5879
2142 5880
3979 5881
1273 5882
5649 5883
865 5884
2955 5885
3423 5886
5214 5887
972 5888
3178 5889
5284 5890
2184 5891
5041 5892
5586 5893
5082 5894
3756 5895
1084 5896
557 5897
4466 5898
5150 5899
3557 5900
541 5901
4089 5902
2463 5903
212 5904
4383 5905
4456 5906
1774 5907
1635 5908
2427 5909
3446 5910
3417 5911
2643 5912
2345 5913
1177 5914
297 5915
1038 5916
2487 5917
5076 5918
179 5919
5790 5920
4526 5921
577 5922
828 5923
5902 5924
3756 5925
3248 5926
3661 5927
3892 5928
68 5929
4142 5930
1613 5931
4836 5932
1740 5933
1518 5934
567 5935
4500 5936
3302 5937
5879 5938
4145 5939
5472 5940
2421 5941
2969 5942
4619 5943
4746 5944
1638 5945
2051 5946
2307 5947
282 5948
1191 5949
4618 5950
454 5951
399 5952
5770 5953
1525 5954
285 5955
448 5956
1372 5957
3668 5958
1873 5959
5866 5960
86 5961
959 5962
468 5963
5859 5964
3713 5965
847 5966
2177 5967
3387 5968
551 5969
2015 5970
585 5971
2570 5972
3204 5973
915 5974
5409 5975
4220 5976
1101 5977
2435 5978
2354 5979
2529 5980
4992 5981
928 5982
4254 5983
4718 5984
4123 5985
4648 5986
309 5987
4869 5988
5380 5989
4618 5990
4875 5991
2225 5992
55 5993
5064 5994
3685 5995
4015 5996
5337 5997
5250 5998
5960 5999
4908 6000
2464 6001
1058 6002
5778 6003
5343 6004
1107 6005
4969 6006
936 6007
2062 6008
1966 6009
2237 6010
5790 6011
3464 6012
3562 6013
5102 6014
1449 6015
2328 6016
2846 6017
505 6018
1143 6019
4464 6020
5330 6021
2821 6022
3738 6023
739 6024
1112 6025
5643 6026
3836 6027
5039 6028
1320 6029
139 6030
4243 6031
2093 6032
3198 6033
1283 6034
5442 6035
593 6036
4177 6037
1856 6038
3534 6039
6006 6040
2603 6041
4574 6042
2435 6043
5042 6044
4013 6045
1260 6046
2166 6047
2241 6048
2149 6049
4727 6050
2564 6051
1427 6052
2370 6053
1935 6054
5010 6055
4206 6056
4113 6057
2677 6058
5224 6059
213 6060
2908 6061
4643 6062
1028 6063
1747 6064
65 6065
2484 6066
1606 6067
1110 6068
1828 6069
1616 6070
3410 6071
1081 6072
4821 6073
4079 6074
975 6075
1166 6076
1087 6077
3235 6078
3995 6079
3501 6080
5225 6081
5096 6082
3262 6083
1135 6084
1224 6085
5875 6086
2069 6087
3971 6088
3975 6089
2865 6090
1025 6091
5307 6092
2573 6093
1387 6094
1450 6095
1704 6096
4092 6097
4733 6098
4047 6099
801 6100
2650 6101
3080 6102
3909 6103
1723 6104
4541 6105
1076 6106
54 6107
1527 6108
1762 6109
3823 6110
2158 6111
3677 6112
3690 6113
4914 6114
5538 6115
2913 6116
3219 6117
1840 6118
4944 6119
5377 6120
4417 6121
4046 6122
4932 6123
5006 6124
1280 6125
5491 6126
170 6127
2206 6128
3665 6129
4468 6130
4527 6131
5948 6132
5831 6133
2185 6134
2578 6135
6121 6136
4640 6137
2202 6138
1764 6139
3269 6140
3139 6141
1091 6142
3121 6143
4560 6144
1973 6145
1692 6146
5887 6147
4027 6148
79 6149
1007 6150
1558 6151
2944 6152
4900 6153
5245 6154
4889 6155
797 6156
2520 6157
619 6158
1927 6159
2718 6160
3956 6161
3128 6162
3967 6163
1373 6164
1176 6165
2106 6166
2333 6167
3794 6168
4744 6169
3553 6170
1330 6171
3558 6172
5250 6173
3368 6174
2409 6175
3168 6176
4179 6177
2818 6178
89 6179
4801 6180
4656 6181
3907 6182
3702 6183
5989 6184
1022 6185
374 6186
585 6187
4218 6188
3442 6189
4740 6190
787 6191
1080 6192
3751 6193
496 6194
650 6195
2199 6196
5284 6197
2756 6198
42 6199
5258 6200
3581 6201
337 6202
2029 6203
1066 6204
5956 6205
3360 6206
5634 6207
5685 6208
4513 6209
2918 6210
5525 6211
1356 6212
3220 6213
6020 6214
4606 6215
2171 6216
3028 6217
2455 6218
2376 6219
1787 6220
2664 6221
1979 6222
1243 6223
2310 6224
401 6225
6155 6226
2944 6227
2121 6228
2001 6229
3619 6230
4879 6231
2497 6232
1632 6233
1961 6234
6218 6235
4660 6236
1306 6237
6036 6238
336 6239
941 6240
810 6241
2331 6242
6053 6243
3911 6244
5230 6245
5277 6246
2828 6247
1378 6248
4225 6249
6126 6250
1426 6251
141 6252
3794 6253
2244 6254
1381 6255
1538 6256
1329 6257
2979 6258
3272 6259
3829 6260
3887 6261
5956 6262
4574 6263
2558 6264
4353 6265
47 6266
511 6267
3291 6268
2278 6269
492 6270
3181 6271
3167 6272
5747 6273
1662 6274
4336 6275
3357 6276
3706 6277
6131 6278
4267 6279
3902 6280
4929 6281
488 6282
4028 6283
1817 6284
3045 6285
5375 6286
2660 6287
4163 6288
1905 6289
5909 6290
2036 6291
2370 6292
3774 6293
4730 6294
165 6295
3218 6296
2869 6297
992 6298
2724 6299
6223 6300
3073 6301
404 6302
3685 6303
6096 6304
2758 6305
1923 6306
3074 6307
817 6308
2505 6309
4890 6310
3892 6311
3694 6312
4681 6313
872 6314
3316 6315
2976 6316
545 6317
3348 6318
2633 6319
1216 6320
6127 6321
3428 6322
4380 6323
3301 6324
6152 6325
6072 6326
3781 6327
1284 6328
5718 6329
866 6330
6055 6331
2113 6332
6296 6333
3977 6334
2535 6335
2605 6336
3552 6337
5403 6338
5672 6339
2322 6340
155 6341
3759 6342
5973 6343
5628 6344
3827 6345
2783 6346
2921 6347
3001 6348
5862 6349
5770 6350
3067 6351
682 6352
2319 6353
3882 6354
5805 6355
895 6356
4164 6357
68 6358
555 6359
6288 6360
3920 6361
3892 6362
5266 6363
6069 6364
1301 6365
5930 6366
4075 6367
2570 6368
2259 6369
5708 6370
5190 6371
3027 6372
26 6373
1852 6374
5640 6375
1639 6376
3449 6377
4049 6378
3123 6379
6110 6380
4616 6381
1586 6382
1812 6383
2673 6384
2602 6385
862 6386
2579 6387
4147 6388
4078 6389
6034 6390
3600 6391
6249 6392
4679 6393
3077 6394
1193 6395
6377 6396
4996 6397
1390 6398
3134 6399
5559 6400
362 6401
3808 6402
5248 6403
6000 6404
4177 6405
4985 6406
181 6407
6197 6408
3822 6409
4618 6410
5545 6411
2918 6412
55 6413
2485 6414
721 6415
3456 6416
1561 6417
6252 6418
5326 6419
2209 6420
5770 6421
5347 6422
504 6423
1129 6424
225 6425
5038 6426
5511 6427
4743 6428
4160 6429
1355 6430
2946 6431
5231 6432
2639 6433
1734 6434
1994 6435
6421 6436
3797 6437
2168 6438
460 6439
2917 6440
4468 6441
1614 6442
1135 6443
3979 6444
2584 6445
1224 6446
1026 6447
3884 6448
29 6449
1143 6450
685 6451
3062 6452
5689 6453
3862 6454
5985 6455
4312 6456
1162 6457
5988 6458
5140 6459
1638 6460
1788 6461
4792 6462
484 6463
4389 6464
6234 6465
2877 6466
2816 6467
1615 6468
3595 6469
2916 6470
5832 6471
643 6472
1825 6473
3450 6474
4980 6475
3488 6476
1657 6477
1213 6478
1685 6479
4750 6480
4619 6481
5760 6482
4080 6483
5649 6484
1887 6485
5110 6486
4046 6487
923 6488
2428 6489
1012 6490
1495 6491
4909 6492
3547 6493
2439 6494
2672 6495
3577 6496
5029 6497
4336 6498
185 6499
4793 6500
3275 6501
1491 6502
4463 6503
5942 6504
5319 6505
3083 6506
645 6507
2981 6508
4114 6509
422 6510
5705 6511
6283 6512
5709 6513
3077 6514
1700 6515
3536 6516
1485 6517
3176 6518
3037 6519
550 6520
2039 6521
4104 6522
5324 6523
3713 6524
2320 6525
4587 6526
3334 6527
2484 6528
6084 6529
2165 6530
5271 6531
3450 6532
6044 6533
6448 6534
2900 6535
2549 6536
1233 6537
2450 6538
918 6539
1600 6540
1364 6541
4150 6542
6188 6543
4557 6544
985 6545
3258 6546
249 6547
515 6548
1369 6549
6093 6550
1939 6551
3875 6552
3991 6553
6023 6554
2483 6555
3432 6556
1633 6557
1118 6558
4854 6559
4340 6560
5174 6561
4977 6562
474 6563
1372 6564
1549 6565
684 6566
170 6567
1919 6568
132 6569
3613 6570
4286 6571
6537 6572
2815 6573
6366 6574
5815 6575
5019 6576
259 6577
107 6578
185 6579
5278 6580
3704 6581
1028 6582
115 6583
633 6584
2297 6585
3315 6586
2821 6587
3323 6588
428 6589
5247 6590
4964 6591
3529 6592
6492 6593
88 6594
2904 6595
2447 6596
4870 6597
1085 6598
3841 6599
4924 6600
3929 6601
2383 6602
3760 6603
4910 6604
4783 6605
821 6606
3393 6607
3307 6608
2575 6609
1074 6610
525 6611
2001 6612
6454 6613
1444 6614
70 6615
5321 6616
2148 6617
5752 6618
5398 6619
1574 6620
2995 6621
2339 6622
6178 6623
1916 6624
1055 6625
3595 6626
5023 6627
984 6628
4858 6629
5731 6630
5053 6631
4914 6632
1673 6633
618 6634
4462 6635
1595 6636
1764 6637
5648 6638
1385 6639
5714 6640
2319 6641
3362 6642
4165 6643
4551 6644
105 6645
5127 6646
1241 6647
1778 6648
2146 6649
18 6650
364 6651
6308 6652
2498 6653
1676 6654
2077 6655
6198 6656
6436 6657
4067 6658
5268 6659
4846 6660
1043 6661
118 6662
3487 6663
242 6664
254 6665
655 6666
6493 6667
5117 6668
4964 6669
5456 6670
5206 6671
6236 6672
1199 6673
6566 6674
2542 6675
2626 6676
838 6677
3331 6678
1566 6679
1802 6680
2709 6681
5757 6682
6207 6683
6042 6684
1035 6685
776 6686
393 6687
6116 6688
5823 6689
1149 6690
2463 6691
2235 6692
1121 6693
4198 6694
4568 6695
5107 6696
2473 6697
1316 6698
6107 6699
1412 6700
5707 6701
183 6702
4239 6703
306 6704
899 6705
707 6706
3297 6707
4956 6708
4946 6709
2465 6710
5047 6711
3828 6712
1781 6713
1345 6714
771 6715
1560 6716
3035 6717
4660 6718
2597 6719
2185 6720
1634 6721
4375 6722
4129 6723
1492 6724
2212 6725
4825 6726
4512 6727
189 6728
472 6729
6512 6730
864 6731
6583 6732
6411 6733
5487 6734
1908 6735
1632 6736
5595 6737
2794 6738
1008 6739
165 6740
2401 6741
643 6742
597 6743
5474 6744
4423 6745
6725 6746
5842 6747
3368 6748
1256 6749
4209 6750
10 6751
2749 6752
2102 6753
2990 6754
3002 6755
3527 6756
2601 6757
4328 6758
756 6759
3868 6760
5960 6761
2630 6762
6716 6763
1992 6764
2672 6765
6193 6766
2204 6767
2680 6768
3586 6769
1892 6770
842 6771
4200 6772
365 6773
3050 6774
1941 6775
721 6776
5047 6777
1964 6778
6455 6779
5882 6780
3496 6781
3704 6782
4380 6783
3810 6784
5507 6785
5665 6786
3789 6787
3111 6788
419 6789
5070 6790
4900 6791
2698 6792
6556 6793
6409 6794
3568 6795
2273 6796
4382 6797
4870 6798
3366 6799
2380 6800
6371 6801
2472 6802
456 6803
1882 6804
1180 6805
1758 6806
6277 6807
1367 6808
560 6809
829 6810
1529 6811
717 6812
4619 6813
1913 6814
5380 6815
4830 6816
4717 6817
6364 6818
657 6819
3070 6820
6346 6821
5077 6822
5776 6823
3424 6824
4292 6825
6721 6826
6278 6827
5144 6828
5576 6829
4562 6830
4684 6831
115 6832
4017 6833
3178 6834
2143 6835
324 6836
6076 6837
4957 6838
2535 6839
3492 6840
2719 6841
1927 6842
1693 6843
2180 6844
917 6845
585 6846
467 6847
1012 6848
1614 6849
6640 6850
299 6851
6531 6852
917 6853
2304 6854
631 6855
5033 6856
5604 6857
3418 6858
3148 6859
99 6860
3498 6861
5034 6862
2669 6863
2731 6864
5447 6865
6553 6866
3897 6867
6731 6868
5384 6869
3614 6870
4011 6871
4152 6872
4369 6873
3960 6874
5484 6875
10 6876
2949 6877
4992 6878
5828 6879
4332 6880
2750 6881
4814 6882
5271 6883
2991 6884
4594 6885
1498 6886
5182 6887
3921 6888
1125 6889
652 6890
3152 6891
3217 6892
4295 6893
3676 6894
304 6895
3271 6896
4633 6897
4159 6898
314 6899
3139 6900
2706 6901
214 6902
240 6903
2068 6904
2142 6905
2739 6906
1491 6907
6228 6908
2757 6909
1223 6910
2731 6911
59 6912
2305 6913
3083 6914
4524 6915
4686 6916
1807 6917
2937 6918
1753 6919
5196 6920
1139 6921
2126 6922
2553 6923
3359 6924
944 6925
445 6926
760 6927
2752 6928
1235 6929
2016 6930
3674 6931
4167 6932
623 6933
3020 6934
3419 6935
2382 6936
1268 6937
3772 6938
4532 6939
5263 6940
833 6941
1310 6942
6148 6943
3152 6944
4594 6945
396 6946
5920 6947
2289 6948
1554 6949
6368 6950
6482 6951
1553 6952
2713 6953
3526 6954
1730 6955
2718 6956
4268 6957
111 6958
6445 6959
1153 6960
1951 6961
4208 6962
1259 6963
2561 6964
4644 6965
1213 6966
2097 6967
2906 6968
2562 6969
1249 6970
3528 6971
4381 6972
6281 6973
3380 6974
407 6975
6877 6976
714 6977
6377 6978
2664 6979
5475 6980
609 6981
2097 6982
5773 6983
5900 6984
5562 6985
5033 6986
4261 6987
3152 6988
3476 6989
324 6990
3682 6991
6914 6992
2226 6993
3739 6994
3378 6995
6954 6996
850 6997
1268 6998
6769 6999
6596 7000
3059 7001
2321 7002
4686 7003
6067 7004
2455 7005
1753 7006
3302 7007
4789 7008
482 7009
3072 7010
4719 7011
4321 7012
6712 7013
5769 7014
6043 7015
1841 7016
6971 7017
6556 7018
6071 7019
3549 7020
2306 7021
1581 7022
2221 7023
1734 7024
1464 7025
2064 7026
3678 7027
357 7028
2261 7029
6051 7030
830 7031
4147 7032
5909 7033
6665 7034
320 7035
3026 7036
1970 7037
6734 7038
6443 7039
5046 7040
268 7041
2034 7042
1147 7043
4625 7044
5717 7045
695 7046
5613 7047
4814 7048
1963 7049
1011 7050
6627 7051
1742 7052
4905 7053
6360 7054
5904 7055
4271 7056
602 7057
3485 7058
3889 7059
6105 7060
6922 7061
6523 7062
2599 7063
2452 7064
6702 7065
4298 7066
423 7067
3678 7068
1739 7069
4039 7070
4852 7071
6990 7072
1578 7073
2592 7074
5164 7075
6726 7076
5419 7077
2368 7078
2307 7079
2139 7080
1109 7081
5516 7082
3018 7083
6189 7084
2914 7085
3535 7086
2528 7087
976 7088
5419 7089
3880 7090
853 7091
2248 7092
3441 7093
4828 7094
3408 7095
38 7096
297 7097
1984 7098
4727 7099
298 7100
673 7101
5828 7102
1602 7103
1223 7104
4766 7105
4228 7106
3579 7107
5657 7108
2566 7109
3715 7110
4985 7111
3504 7112
4916 7113
6836 7114
1916 7115
5761 7116
6245 7117
6381 7118
6584 7119
2378 7120
3763 7121
4656 7122
5711 7123
6836 7124
436 7125
1119 7126
4749 7127
1055 7128
576 7129
491 7130
4156 7131
2020 7132
6929 7133
4475 7134
3401 7135
902 7136
3538 7137
1133 7138
1321 7139
4869 7140
2003 7141
6544 7142
6754 7143
799 7144
5354 7145
5302 7146
1910 7147
7036 7148
6291 7149
1130 7150
4669 7151
6934 7152
1576 7153
6932 7154
5752 7155
5662 7156
2577 7157
1168 7158
5050 7159
1570 7160
4077 7161
1123 7162
2061 7163
489 7164
1072 7165
2125 7166
3019 7167
4180 7168
6113 7169
3852 7170
5623 7171
4712 7172
4335 7173
3858 7174
2973 7175
3982 7176
292 7177
4799 7178
3738 7179
5004 7180
7180 7181
4119 7182
2097 7183
281 7184
3274 7185
5558 7186
6477 7187
2618 7188
1463 7189
4846 7190
3841 7191
2618 7192
6057 7193
4371 7194
4925 7195
2971 7196
6518 7197
418 7198
2249 7199
839 7200
6341 7201
2457 7202
4021 7203
3569 7204
4764 7205
1842 7206
3541 7207
1165 7208
1461 7209
6598 7210
3278 7211
6690 7212
1051 7213
2244 7214
2943 7215
5022 7216
6216 7217
1326 7218
4008 7219
5570 7220
1168 7221
1899 7222
6185 7223
6367 7224
3950 7225
642 7226
2771 7227
5238 7228
4460 7229
5995 7230
3797 7231
410 7232
2805 7233
4757 7234
1804 7235
5610 7236
3435 7237
397 7238
6874 7239
1008 7240
4037 7241
4472 7242
6439 7243
1789 7244
4369 7245
2114 7246
6466 7247
5348 7248
2594 7249
1141 7250
945 7251
4738 7252
3565 7253
1801 7254
1226 7255
3673 7256
2669 7257
3479 7258
4869 7259
5767 7260
2161 7261
2269 7262
3131 7263
4015 7264
6471 7265
2323 7266
4611 7267
1166 7268
4746 7269
2232 7270
2698 7271
71 7272
5405 7273
5054 7274
6971 7275
1858 7276
2642 7277
7162 7278
1221 7279
1696 7280
141 7281
665 7282
3082 7283
6736 7284
523 7285
3960 7286
6799 7287
343 7288
28 7289
2635 7290
2047 7291
5042 7292
2856 7293
4384 7294
4671 7295
3957 7296
5009 7297
5858 7298
5394 7299
4967 7300
2562 7301
2488 7302
3146 7303
302 7304
6127 7305
642 7306
4153 7307
5139 7308
3984 7309
4012 7310
1676 7311
4454 7312
4766 7313
10 7314
1806 7315
3180 7316
2994 7317
3328 7318
916 7319
4436 7320
1522 7321
3788 7322
6126 7323
4220 7324
5090 7325
4619 7326
5617 7327
1783 7328
6927 7329
3165 7330
5878 7331
1848 7332
5406 7333
7236 7334
4593 7335
2255 7336
839 7337
1466 7338
3104 7339
2698 7340
461 7341
7053 7342
3343 7343
4396 7344
2151 7345
3742 7346
7124 7347
1944 7348
1577 7349
2688 7350
3896 7351
6844 7352
526 7353
2267 7354
3423 7355
152 7356
252 7357
5880 7358
2114 7359
1024 7360
846 7361
665 7362
6942 7363
1231 7364
3562 7365
6571 7366
4337 7367
3838 7368
836 7369
2263 7370
3321 7371
4207 7372
498 7373
1409 7374
2178 7375
2166 7376
5583 7377
5868 7378
3672 7379
4547 7380
6282 7381
687 7382
1951 7383
3707 7384
2031 7385
6007 7386
1989 7387
4832 7388
3724 7389
4302 7390
4553 7391
7263 7392
3796 7393
700 7394
4939 7395
1697 7396
3186 7397
2537 7398
5568 7399
7376 7400
1241 7401
1792 7402
6985 7403
187 7404
1 7405
3174 7406
3149 7407
1205 7408
3578 7409
3046 7410
2742 7411
1944 7412
1479 7413
5747 7414
6950 7415
1305 7416
5455 7417
5667 7418
4514 7419
6814 7420
4743 7421
6455 7422
6566 7423
5885 7424
4975 7425
4717 7426
4651 7427
6243 7428
5627 7429
6744 7430
6806 7431
4259 7432
7052 7433
5115 7434
2860 7435
331 7436
6723 7437
6665 7438
4876 7439
4689 7440
5763 7441
3738 7442
1646 7443
5474 7444
6726 7445
3026 7446
1253 7447
7253 7448
1161 7449
657 7450
1666 7451
3844 7452
3193 7453
1130 7454
6167 7455
5816 7456
264 7457
2940 7458
5700 7459
5214 7460
3892 7461
253 7462
5098 7463
5815 7464
5727 7465
4298 7466
3188 7467
1841 7468
2984 7469
1655 7470
3085 7471
807 7472
4690 7473
7180 7474
7182 7475
5473 7476
3546 7477
1855 7478
3536 7479
910 7480
6905 7481
2147 7482
1325 7483
6582 7484
5896 7485
1057 7486
24 7487
5794 7488
934 7489
1524 7490
4089 7491
2800 7492
3715 7493
6282 7494
265 7495
5701 7496
2710 7497
3849 7498
6372 7499
3710 7500
5459 7501
2659 7502
1886 7503
6085 7504
76 7505
2753 7506
1985 7507
6390 7508
4555 7509
7446 7510
2458 7511
1775 7512
7154 7513
4169 7514
5081 7515
7081 7516
4100 7517
4175 7518
2146 7519
5041 7520
6561 7521
133 7522
1426 7523
1665 7524
5199 7525
2071 7526
5408 7527
2525 7528
5047 7529
1956 7530
4324 7531
5846 7532
5056 7533
3509 7534
6000 7535
7108 7536
6445 7537
1401 7538
1419 7539
5035 7540
977 7541
5207 7542
3146 7543
6907 7544
5039 7545
5242 7546
3437 7547
5327 7548
855 7549
3918 7550
4821 7551
5777 7552
4837 7553
2678 7554
3652 7555
852 7556
6448 7557
6047 7558
3571 7559
442 7560
457 7561
571 7562
3848 7563
900 7564
2579 7565
7126 7566
3419 7567
5915 7568
1207 7569
5119 7570
4544 7571
5539 7572
2749 7573
7488 7574
1617 7575
7323 7576
972 7577
1230 7578
1134 7579
6985 7580
7188 7581
7352 7582
4783 7583
3832 7584
4150 7585
1022 7586
3535 7587
1161 7588
6736 7589
3509 7590
7140 7591
815 7592
4399 7593
2207 7594
6293 7595
3823 7596
53 7597
3419 7598
5376 7599
6980 7600
4066 7601
3679 7602
4643 7603
3047 7604
4967 7605
6607 7606
3437 7607
375 7608
2303 7609
1230 7610
1633 7611
478 7612
6581 7613
7262 7614
6085 7615
3508 7616
5110 7617
2640 7618
356 7619
7212 7620
5680 7621
4958 7622
5460 7623
3241 7624
6303 7625
1631 7626
1869 7627
1715 7628
652 7629
6929 7630
348 7631
6956 7632
343 7633
2664 7634
2819 7635
537 7636
5396 7637
1916 7638
6428 7639
901 7640
4896 7641
3270 7642
3465 7643
2350 7644
7104 7645
1315 7646
1031 7647
5071 7648
2993 7649
1421 7650
6374 7651
2309 7652
4360 7653
650 7654
1585 7655
223 7656
2917 7657
1316 7658
2358 7659
1468 7660
443 7661
6730 7662
3047 7663
6007 7664
3388 7665
2558 7666
4852 7667
3755 7668
2053 7669
2131 7670
3213 7671
7003 7672
7333 7673
1182 7674
4994 7675
5823 7676
5345 7677
1696 7678
5697 7679
655 7680
6110 7681
6392 7682
4357 7683
243 7684
2967 7685
2037 7686
7136 7687
2432 7688
4180 7689
7613 7690
5199 7691
3328 7692
3726 7693
7534 7694
7528 7695
7301 7696
7651 7697
798 7698
4890 7699
946 7700
2037 7701
1679 7702
6622 7703
3699 7704
5246 7705
5207 7706
3455 7707
2387 7708
1002 7709
3978 7710
3682 7711
2067 7712
724 7713
4688 7714
514 7715
3982 7716
5382 7717
1382 7718
1144 7719
2642 7720
2261 7721
3611 7722
3613 7723
2618 7724
4525 7725
5672 7726
1650 7727
4334 7728
6686 7729
117 7730
696 7731
6121 7732
599 7733
2431 7734
5874 7735
3890 7736
4398 7737
7200 7738
4254 7739
778 7740
576 7741
5311 7742
3041 7743
1372 7744
7493 7745
6680 7746
2493 7747
2530 7748
4846 7749
2866 7750
4957 7751
4913 7752
4872 7753
5448 7754
4250 7755
4330 7756
5234 7757
3113 7758
2070 7759
2286 7760
3204 7761
363 7762
4168 7763
972 7764
4650 7765
3171 7766
2426 7767
5132 7768
5182 7769
1305 7770
174 7771
6805 7772
3706 7773
997 7774
1078 7775
3478 7776
538 7777
7070 7778
4660 7779
1024 7780
3568 7781
5344 7782
3095 7783
3417 7784
1865 7785
5117 7786
5563 7787
4428 7788
2556 7789
7437 7790
3732 7791
1315 7792
5530 7793
3165 7794
5202 7795
6696 7796
2833 7797
4706 7798
2677 7799
4616 7800
1684 7801
156 7802
2482 7803
5603 7804
3375 7805
5212 7806
4110 7807
990 7808
4343 7809
2626 7810
2468 7811
2930 7812
6452 7813
7575 7814
7632 7815
1354 7816
6588 7817
5176 7818
2693 7819
6783 7820
5812 7821
830 7822
887 7823
5283 7824
1599 7825
2990 7826
3556 7827
7213 7828
6912 7829
3224 7830
3678 7831
2435 7832
5153 7833
3019 7834
2260 7835
5745 7836
1841 7837
2017 7838
5523 7839
1176 7840
247 7841
960 7842
2289 7843
5516 7844
5943 7845
3671 7846
2396 7847
1661 7848
6895 7849
4492 7850
7019 7851
2026 7852
7773 7853
4703 7854
3292 7855
5202 7856
4640 7857
1964 7858
1308 7859
752 7860
6377 7861
7474 7862
3634 7863
6605 7864
7113 7865
1713 7866
7719 7867
7293 7868
940 7869
5041 7870
4336 7871
3713 7872
2548 7873
4406 7874
4297 7875
7834 7876
4147 7877
5459 7878
2838 7879
7556 7880
5038 7881
1195 7882
261 7883
5617 7884
2847 7885
3101 7886
781 7887
2856 7888
5878 7889
3535 7890
2622 7891
5418 7892
1588 7893
1199 7894
3901 7895
1175 7896
1117 7897
1604 7898
3767 7899
3109 7900
6842 7901
3094 7902
365 7903
1129 7904
1122 7905
3704 7906
2518 7907
3421 7908
51 7909
4514 7910
6263 7911
5239 7912
6304 7913
3991 7914
7159 7915
131 7916
4284 7917
7035 7918
3185 7919
2367 7920
350 7921
5565 7922
1892 7923
2694 7924
3083 7925
2240 7926
4920 7927
7548 7928
3615 7929
420 7930
1778 7931
738 7932
5665 7933
7878 7934
6836 7935
102 7936
2105 7937
1391 7938
4392 7939
3377 7940
2097 7941
4343 7942
482 7943
223 7944
949 7945
5057 7946
6347 7947
7743 7948
7222 7949
1415 7950
4324 7951
903 7952
7022 7953
7794 7954
2867 7955
4445 7956
6584 7957
4916 7958
7864 7959
435 7960
5999 7961
7893 7962
5904 7963
1886 7964
6870 7965
4835 7966
5464 7967
1528 7968
7660 7969
864 7970
4225 7971
7803 7972
2272 7973
6606 7974
2983 7975
4336 7976
4709 7977
328 7978
4766 7979
4455 7980
1539 7981
7552 7982
731 7983
4007 7984
7575 7985
6056 7986
5247 7987
7419 7988
3620 7989
7350 7990
2698 7991
7584 7992
7349 7993
4042 7994
3933 7995
2642 7996
7973 7997
5052 7998
4064 7999
2448 8000
2419 8001
2076 8002
7227 8003
1347 8004
6753 8005
6786 8006
4718 8007
2365 8008
4565 8009
1455 8010
2347 8011
7343 8012
5546 8013
4846 8014
7241 8015
7640 8016
4471 8017
7173 8018
5083 8019
1588 8020
5096 8021
7148 8022
4662 8023
287 8024
2048 8025
5766 8026
7291 8027
3532 8028
6388 8029
2377 8030
6253 8031
290 8032
6395 8033
7535 8034
6317 8035
1792 8036
6998 8037
1825 8038
2592 8039
3670 8040
7522 8041
2567 8042
2514 8043
3644 8044
3803 8045
3373 8046
3629 8047
4255 8048
3567 8049
5204 8050
4383 8051
3104 8052
6133 8053
5864 8054
2093 8055
3824 8056
7432 8057
6287 8058
2108 8059
7840 8060
4021 8061
7839 8062
3323 8063
70 8064
908 8065
7789 8066
1840 8067
97 8068
3374 8069
7856 8070
1416 8071
5382 8072
2766 8073
5988 8074
6928 8075
7379 8076
4929 8077
7116 8078
2232 8079
778 8080
4541 8081
6288 8082
973 8083
5650 8084
6266 8085
6060 8086
3288 8087
6886 8088
2059 8089
7965 8090
2879 8091
4213 8092
7962 8093
6929 8094
4353 8095
587 8096
4637 8097
3419 8098
4887 8099
2850 8100
7280 8101
7537 8102
4588 8103
7217 8104
3466 8105
1550 8106
5822 8107
7828 8108
6847 8109
2218 8110
822 8111
726 8112
1040 8113
4100 8114
5152 8115
1089 8116
5657 8117
3159 8118
1776 8119
2996 8120
805 8121
1063 8122
5177 8123
2047 8124
7340 8125
3765 8126
6226 8127
6401 8128
2393 8129
5691 8130
3202 8131
7602 8132
7302 8133
3535 8134
4426 8135
7821 8136
4323 8137
5759 8138
3012 8139
2853 8140
138 8141
7287 8142
2797 8143
3465 8144
873 8145
5873 8146
3759 8147
5810 8148
1982 8149
1999 8150
231 8151
4969 8152
3483 8153
6947 8154
1364 8155
1589 8156
2056 8157
5763 8158
7717 8159
7303 8160
4798 8161
2966 8162
2676 8163
4340 8164
7872 8165
5293 8166
2046 8167
7609 8168
7773 8169
1247 8170
3077 8171
3471 8172
4182 8173
7459 8174
5950 8175
4015 8176
6239 8177
763 8178
6515 8179
1437 8180
7479 8181
7795 8182
5457 8183
1276 8184
8044 8185
2085 8186
2088 8187
5126 8188
6766 8189
3830 8190
2978 8191
5646 8192
3698 8193
1964 8194
688 8195
1181 8196
4224 8197
7433 8198
6354 8199
4094 8200
2548 8201
5790 8202
1533 8203
4264 8204
1396 8205
4524 8206
2204 8207
3676 8208
1670 8209
4557 8210
2584 8211
1462 8212
5706 8213
6623 8214
2957 8215
7636 8216
3883 8217
4061 8218
3645 8219
883 8220
2016 8221
2459 8222
7777 8223
3462 8224
8157 8225
4401 8226
2217 8227
3939 8228
3962 8229
7319 8230
4196 8231
2283 8232
1700 8233
4182 8234
5066 8235
7423 8236
923 8237
6082 8238
113 8239
1499 8240
4339 8241
925 8242
187 8243
2625 8244
3138 8245
2392 8246
6983 8247
6851 8248
2467 8249
911 8250
2949 8251
8177 8252
7304 8253
8091 8254
5208 8255
5756 8256
1893 8257
72 8258
7958 8259
1191 8260
6709 8261
6864 8262
7762 8263
2093 8264
3658 8265
4235 8266
1352 8267
6655 8268
2663 8269
2131 8270
3612 8271
1867 8272
2716 8273
4979 8274
5043 8275
6891 8276
8187 8277
6673 8278
11 8279
1489 8280
2586 8281
5492 8282
8193 8283
6228 8284
2448 8285
3037 8286
4923 8287
593 8288
4789 8289
7476 8290
1410 8291
5789 8292
6721 8293
198 8294
2885 8295
6181 8296
64 8297
357 8298
655 8299
4495 8300
4412 8301
241 8302
204 8303
7391 8304
5983 8305
5460 8306
4028 8307
5900 8308
3036 8309
4091 8310
4483 8311
7261 8312
5469 8313
6185 8314
3370 8315
6972 8316
6555 8317
4694 8318
757 8319
6754 8320
525 8321
678 8322
3620 8323
3035 8324
8196 8325
69 8326
7632 8327
3130 8328
4286 8329
895 8330
3644 8331
6682 8332
166 8333
4232 8334
7270 8335
7397 8336
7748 8337
730 8338
7152 8339
7715 8340
1981 8341
60 8342
5015 8343
4826 8344
3606 8345
5487 8346
1506 8347
1699 8348
4125 8349
7970 8350
891 8351
4458 8352
8194 8353
1828 8354
7484 8355
285 8356
1260 8357
5962 8358
397 8359
2388 8360
1421 8361
3327 8362
2902 8363
7944 8364
7597 8365
3003 8366
6876 8367
6679 8368
7985 8369
3239 8370
7532 8371
7740 8372
960 8373
3243 8374
6172 8375
6062 8376
5215 8377
4294 8378
7684 8379
8050 8380
5010 8381
7047 8382
1618 8383
6983 8384
1720 8385
2455 8386
1204 8387
8193 8388
1625 8389
3037 8390
6588 8391
4385 8392
7868 8393
5384 8394
1894 8395
4091 8396
1006 8397
8293 8398
3562 8399
4964 8400
8346 8401
5251 8402
3331 8403
7757 8404
7261 8405
3427 8406
5704 8407
3378 8408
212 8409
4046 8410
3020 8411
7714 8412
4382 8413
1468 8414
1244 8415
1749 8416
7849 8417
4570 8418
3299 8419
5339 8420
586 8421
3110 8422
6596 8423
3899 8424
8277 8425
4857 8426
4270 8427
2375 8428
3763 8429
3214 8430
7752 8431
5569 8432
3967 8433
2121 8434
6943 8435
1047 8436
5052 8437
5492 8438
5898 8439
4395 8440
7090 8441
4415 8442
5049 8443
1707 8444
853 8445
3263 8446
1613 8447
2386 8448
3320 8449
4217 8450
2587 8451
6819 8452
6809 8453
4469 8454
6551 8455
2573 8456
1569 8457
1731 8458
4128 8459
5636 8460
245 8461
6537 8462
5226 8463
2944 8464
7086 8465
5864 8466
3476 8467
7118 8468
1176 8469
6127 8470
26 8471
5101 8472
3273 8473
6955 8474
5376 8475
6709 8476
6400 8477
5889 8478
928 8479
4663 8480
1542 8481
4209 8482
5414 8483
6159 8484
997 8485
7373 8486
1626 8487
5813 8488
2541 8489
2686 8490
2275 8491
3230 8492
2443 8493
2700 8494
5822 8495
3238 8496
2282 8497
1104 8498
3675 8499
3660 8500
3828 8501
4248 8502
2168 8503
2226 8504
4766 8505
5781 8506
8106 8507
3551 8508
8123 8509
638 8510
6603 8511
7460 8512
7211 8513
2069 8514
3844 8515
3016 8516
5498 8517
6313 8518
4964 8519
789 8520
3756 8521
4489 8522
1701 8523
769 8524
5246 8525
4060 8526
3993 8527
3263 8528
827 8529
5863 8530
1758 8531
6181 8532
540 8533
7705 8534
7967 8535
8273 8536
1191 8537
585 8538
7042 8539
7926 8540
5276 8541
2677 8542
3424 8543
4122 8544
1953 8545
3783 8546
6640 8547
5813 8548
211 8549
4562 8550
1863 8551
3437 8552
7865 8553
2016 8554
8339 8555
4420 8556
7305 8557
4171 8558
3896 8559
5841 8560
5667 8561
3703 8562
8433 8563
1398 8564
6906 8565
6472 8566
3273 8567
7129 8568
7763 8569
7331 8570
8033 8571
5472 8572
6709 8573
2553 8574
1648 8575
7006 8576
172 8577
4214 8578
1379 8579
5265 8580
7190 8581
829 8582
2886 8583
5206 8584
6082 8585
4378 8586
7176 8587
7844 8588
2294 8589
4286 8590
8003 8591
5254 8592
1954 8593
7955 8594
6596 8595
8560 8596
6192 8597
5980 8598
1538 8599
754 8600
6828 8601
4837 8602
6561 8603
475 8604
666 8605
6575 8606
1452 8607
2513 8608
7605 8609
1145 8610
3735 8611
7710 8612
162 8613
3841 8614
1262 8615
127 8616
1731 8617
3221 8618
7338 8619
5716 8620
177 8621
1482 8622
5636 8623
857 8624
4543 8625
7602 8626
1515 8627
7854 8628
6040 8629
6655 8630
3829 8631
4394 8632
1494 8633
6178 8634
3748 8635
5123 8636
2294 8637
7320 8638
407 8639
2076 8640
4409 8641
81 8642
1085 8643
7625 8644
142 8645
7196 8646
8103 8647
5804 8648
1490 8649
5297 8650
6234 8651
1840 8652
5535 8653
7754 8654
1940 8655
2175 8656
6824 8657
4754 8658
3976 8659
1762 8660
7906 8661
3385 8662
4513 8663
4600 8664
5561 8665
2268 8666
3660 8667
7772 8668
7724 8669
2348 8670
4177 8671
3854 8672
4178 8673
4144 8674
6111 8675
4475 8676
1059 8677
5160 8678
810 8679
6973 8680
7128 8681
5194 8682
141 8683
8278 8684
327 8685
5980 8686
6236 8687
1419 8688
1310 8689
3085 8690
6755 8691
3877 8692
5780 8693
2184 8694
8424 8695
5312 8696
5485 8697
7012 8698
165 8699
6806 8700
2531 8701
1645 8702
1682 8703
5319 8704
470 8705
6903 8706
3112 8707
2489 8708
4200 8709
6729 8710
5509 8711
1023 8712
2416 8713
1392 8714
4208 8715
2792 8716
6004 8717
579 8718
7020 8719
444 8720
8191 8721
2590 8722
3811 8723
3809 8724
5002 8725
6749 8726
7867 8727
7973 8728
444 8729
1070 8730
1971 8731
7579 8732
2283 8733
8271 8734
7485 8735
3161 8736
5096 8737
7681 8738
511 8739
7314 8740
1802 8741
6815 8742
2228 8743
7874 8744
2767 8745
5761 8746
281 8747
6629 8748
6620 8749
173 8750
5822 8751
1854 8752
1885 8753
4583 8754
3637 8755
4579 8756
7830 8757
2102 8758
7733 8759
85 8760
6398 8761
6567 8762
2052 8763
5127 8764
6418 8765
3626 8766
1446 8767
4222 8768
8062 8769
922 8770
3825 8771
7942 8772
688 8773
7812 8774
5746 8775
2395 8776
8383 8777
534 8778
5006 8779
3417 8780
1349 8781
7544 8782
783 8783
6676 8784
4722 8785
6453 8786
6484 8787
4714 8788
4211 8789
11 8790
5605 8791
4724 8792
3577 8793
7114 8794
392 8795
295 8796
901 8797
2900 8798
860 8799
6585 8800
7757 8801
5895 8802
3444 8803
6844 8804
1146 8805
4684 8806
4715 8807
8294 8808
6157 8809
2013 8810
2652 8811
5491 8812
8593 8813
1126 8814
4828 8815
2957 8816
424 8817
8219 8818
3331 8819
6873 8820
5967 8821
1972 8822
2819 8823
1074 8824
1135 8825
4295 8826
6067 8827
2994 8828
2686 8829
8509 8830
2584 8831
8319 8832
6976 8833
868 8834
5154 8835
4695 8836
4228 8837
7988 8838
4856 8839
814 8840
2584 8841
747 8842
3744 8843
5567 8844
1225 8845
6581 8846
7610 8847
7901 8848
6662 8849
2184 8850
6361 8851
4209 8852
1147 8853
1883 8854
3712 8855
3480 8856
1996 8857
5056 8858
1411 8859
4010 8860
3086 8861
1832 8862
4067 8863
1756 8864
7906 8865
7286 8866
1896 8867
3348 8868
6228 8869
8349 8870
6790 8871
5103 8872
7596 8873
6698 8874
7228 8875
6903 8876
2777 8877
3666 8878
3623 8879
921 8880
3605 8881
8262 8882
4145 8883
914 8884
2371 8885
6580 8886
5561 8887
8034 8888
1692 8889
1810 8890
218 8891
1683 8892
4296 8893
8567 8894
8084 8895
7786 8896
4102 8897
5146 8898
2527 8899
3154 8900
5073 8901
2362 8902
3427 8903
7159 8904
2882 8905
3111 8906
7648 8907
1290 8908
7104 8909
1314 8910
8632 8911
3581 8912
434 8913
4308 8914
3448 8915
1298 8916
3384 8917
5608 8918
2911 8919
6315 8920
6620 8921
4541 8922
4318 8923
8238 8924
2395 8925
1256 8926
4842 8927
4287 8928
977 8929
7997 8930
6031 8931
8455 8932
2829 8933
1682 8934
7588 8935
7688 8936
28 8937
2568 8938
4368 8939
709 8940
5004 8941
8194 8942
4910 8943
1662 8944
8382 8945
1790 8946
6329 8947
1326 8948
4208 8949
8357 8950
7095 8951
5194 8952
7504 8953
8583 8954
1121 8955
2654 8956
4623 8957
4446 8958
8164 8959
2229 8960
355 8961
6981 8962
2391 8963
695 8964
1724 8965
7534 8966
1693 8967
8454 8968
37 8969
8357 8970
3234 8971
5527 8972
3074 8973
924 8974
2673 8975
5562 8976
1715 8977
2708 8978
2470 8979
2038 8980
2781 8981
1469 8982
7786 8983
5110 8984
3450 8985
3554 8986
2560 8987
3405 8988
1236 8989
2947 8990
3957 8991
5354 8992
3691 8993
2645 8994
1238 8995
2211 8996
916 8997
1729 8998
6982 8999
8669 9000
804 9001
6069 9002
3017 9003
1271 9004
6931 9005
8215 9006
3334 9007
5763 9008
2067 9009
3367 9010
7816 9011
6253 9012
8826 9013
3319 9014
3250 9015
2829 9016
3245 9017
8935 9018
7031 9019
887 9020
4844 9021
176 9022
4252 9023
7012 9024
8571 9025
3672 9026
3442 9027
8143 9028
4738 9029
7692 9030
4086 9031
768 9032
1839 9033
234 9034
8396 9035
5428 9036
3823 9037
6273 9038
2867 9039
2822 9040
385 9041
4154 9042
604 9043
3054 9044
1694 9045
7240 9046
2969 9047
1975 9048
9044 9049
4834 9050
901 9051
728 9052
7108 9053
5750 9054
6400 9055
1222 9056
8611 9057
6279 9058
1484 9059
6226 9060
196 9061
7360 9062
4931 9063
2074 9064
3805 9065
3456 9066
6704 9067
4459 9068
934 9069
7622 9070
4928 9071
953 9072
8704 9073
299 9074
1806 9075
8957 9076
3119 9077
7625 9078
7262 9079
528 9080
4288 9081
660 9082
1867 9083
995 9084
8737 9085
333 9086
7284 9087
2220 9088
7183 9089
2548 9090
3943 9091
3760 9092
4822 9093
7125 9094
1550 9095
2071 9096
8342 9097
119 9098
3259 9099
8155 9100
6610 9101
6796 9102
951 9103
9051 9104
2948 9105
3750 9106
6706 9107
7027 9108
5758 9109
2582 9110
5907 9111
7624 9112
1892 9113
211 9114
9050 9115
2557 9116
3595 9117
4539 9118
8422 9119
3384 9120
2678 9121
7602 9122
155 9123
347 9124
1277 9125
3122 9126
2345 9127
7868 9128
4561 9129
7987 9130
2765 9131
5208 9132
5716 9133
1333 9134
166 9135
8378 9136
7101 9137
1381 9138
4174 9139
4671 9140
7667 9141
1526 9142
3412 9143
8185 9144
8012 9145
3546 9146
8823 9147
2911 9148
4717 9149
1334 9150
3013 9151
8926 9152
9147 9153
7974 9154
7219 9155
8259 9156
4707 9157
6230 9158
3644 9159
8626 9160
1196 9161
8515 9162
3965 9163
5062 9164
2115 9165
827 9166
3844 9167
7526 9168
8544 9169
5422 9170
7395 9171
1681 9172
2762 9173
2861 9174
5509 9175
6854 9176
4408 9177
6909 9178
3383 9179
6891 9180
3742 9181
2493 9182
4162 9183
4768 9184
3102 9185
8810 9186
7114 9187
3419 9188
1661 9189
6993 9190
8450 9191
8889 9192
1909 9193
9147 9194
2844 9195
3789 9196
795 9197
3501 9198
1309 9199
4813 9200
2830 9201
5879 9202
3918 9203
5651 9204
3881 9205
7706 9206
8202 9207
3990 9208
4961 9209
4639 9210
5274 9211
8000 9212
8501 9213
1835 9214
6612 9215
6128 9216
2353 9217
2021 9218
2584 9219
7062 9220
5021 9221
64 9222
2628 9223
2226 9224
4776 9225
5120 9226
5587 9227
8531 9228
1430 9229
2083 9230
4466 9231
4567 9232
762 9233
1928 9234
1217 9235
9182 9236
1962 9237
2692 9238
3030 9239
8369 9240
5446 9241
5693 9242
8353 9243
1699 9244
1319 9245
547 9246
709 9247
9100 9248
7834 9249
3358 9250
1688 9251
6208 9252
8765 9253
8175 9254
1151 9255
3633 9256
6044 9257
5885 9258
5780 9259
7993 9260
3119 9261
9120 9262
3932 9263
8574 9264
2521 9265
4859 9266
4015 9267
6226 9268
3736 9269
5641 9270
7005 9271
7390 9272
1860 9273
5787 9274
4536 9275
3804 9276
5831 9277
8935 9278
6205 9279
6296 9280
8082 9281
1583 9282
3100 9283
6019 9284
4993 9285
722 9286
7364 9287
4957 9288
6466 9289
1749 9290
2007 9291
987 9292
7139 9293
9003 9294
1813 9295
5696 9296
3129 9297
1480 9298
7566 9299
4688 9300
5073 9301
5760 9302
4221 9303
5296 9304
6673 9305
5840 9306
4328 9307
6497 9308
8135 9309
1747 9310
232 9311
6846 9312
8078 9313
6886 9314
2088 9315
6490 9316
574 9317
3573 9318
8940 9319
2154 9320
581 9321
4515 9322
8725 9323
594 9324
744 9325
4404 9326
3454 9327
4188 9328
4155 9329
152 9330
6709 9331
704 9332
4974 9333
1388 9334
1280 9335
646 9336
3875 9337
514 9338
6239 9339
3034 9340
5690 9341
2828 9342
363 9343
8399 9344
8804 9345
971 9346
939 9347
4424 9348
4341 9349
2653 9350
7479 9351
1151 9352
4168 9353
2396 9354
4902 9355
7255 9356
856 9357
8124 9358
7942 9359
7534 9360
7037 9361
2514 9362
3802 9363
7688 9364
5083 9365
4631 9366
881 9367
8951 9368
3592 9369
6682 9370
9160 9371
2360 9372
8281 9373
312 9374
4392 9375
6965 9376
3930 9377
790 9378
5136 9379
8331 9380
2734 9381
6857 9382
6945 9383
2847 9384
8765 9385
3028 9386
2719 9387
8722 9388
9030 9389
1085 9390
5595 9391
4614 9392
2509 9393
3211 9394
235 9395
5138 9396
6573 9397
1005 9398
1693 9399
156 9400
2597 9401
5960 9402
8399 9403
4814 9404
5893 9405
197 9406
1267 9407
2509 9408
2831 9409
2936 9410
4421 9411
5886 9412
3886 9413
33 9414
328 9415
486 9416
8357 9417
1919 9418
6833 9419
8995 9420
3615 9421
564 9422
6645 9423
7944 9424
1199 9425
6078 9426
7665 9427
1887 9428
5346 9429
6339 9430
5798 9431
5166 9432
9016 9433
4490 9434
2497 9435
4133 9436
4576 9437
1359 9438
1587 9439
2350 9440
7000 9441
4632 9442
1095 9443
5413 9444
2402 9445
3145 9446
43 9447
6899 9448
543 9449
8333 9450
8398 9451
8350 9452
5889 9453
4368 9454
3058 9455
6008 9456
5519 9457
7859 9458
1401 9459
6975 9460
736 9461
7375 9462
2771 9463
4852 9464
3879 9465
3922 9466
6282 9467
3553 9468
1710 9469
9291 9470
6458 9471
1936 9472
8695 9473
3879 9474
1625 9475
8022 9476
5406 9477
3582 9478
2175 9479
8757 9480
8651 9481
7264 9482
3123 9483
635 9484
6818 9485
1183 9486
999 9487
7809 9488
3691 9489
8891 9490
8940 9491
8457 9492
5313 9493
4091 9494
7472 9495
5364 9496
150 9497
5357 9498
738 9499
3218 9500
3435 9501
1964 9502
2401 9503
1085 9504
3926 9505
6278 9506
1262 9507
8714 9508
6418 9509
3013 9510
5424 9511
4143 9512
9355 9513
5823 9514
6657 9515
3279 9516
1262 9517
3169 9518
4301 9519
7513 9520
4691 9521
9487 9522
5379 9523
8628 9524
7385 9525
419 9526
6442 9527
8594 9528
1652 9529
4439 9530
2703 9531
6643 9532
2691 9533
8602 9534
6542 9535
4709 9536
4155 9537
430 9538
6595 9539
902 9540
2626 9541
2908 9542
7031 9543
1584 9544
6104 9545
4257 9546
8680 9547
929 9548
8650 9549
6086 9550
2881 9551
2145 9552
8168 9553
9011 9554
2183 9555
7042 9556
494 9557
2945 9558
6617 9559
5727 9560
5270 9561
982 9562
2358 9563
7916 9564
3721 9565
4110 9566
6514 9567
8925 9568
527 9569
8367 9570
1179 9571
5147 9572
2033 9573
3005 9574
5748 9575
6041 9576
5304 9577
1394 9578
1930 9579
5951 9580
3971 9581
4350 9582
1564 9583
4133 9584
1012 9585
7119 9586
4155 9587
3758 9588
5122 9589
6548 9590
6017 9591
4264 9592
8849 9593
2793 9594
9562 9595
1243 9596
5415 9597
5058 9598
9486 9599
9599 9600
9108 9601
5310 9602
9594 9603
2631 9604
7519 9605
4274 9606
820 9607
9026 9608
1613 9609
1995 9610
2878 9611
8724 9612
8529 9613
737 9614
1920 9615
9083 9616
5970 9617
1356 9618
1531 9619
7831 9620
8509 9621
8336 9622
29 9623
4364 9624
6353 9625
5756 9626
3234 9627
833 9628
1659 9629
5777 9630
7395 9631
1350 9632
2106 9633
2814 9634
335 9635
5209 9636
1736 9637
4608 9638
644 9639
3528 9640
7460 9641
510 9642
2749 9643
5806 9644
3373 9645
1463 9646
8485 9647
6455 9648
8422 9649
3980 9650
2017 9651
8284 9652
49 9653
6511 9654
7380 9655
8916 9656
1562 9657
4229 9658
9129 9659
1022 9660
4450 9661
1564 9662
6731 9663
1765 9664
657 9665
1406 9666
1384 9667
7765 9668
5950 9669
5293 9670
5125 9671
5903 9672
348 9673
5474 9674
8649 9675
9548 9676
4934 9677
8893 9678
4586 9679
8810 9680
6979 9681
6757 9682
9103 9683
5141 9684
447 9685
1490 9686
3956 9687
4911 9688
215 9689
2607 9690
2809 9691
5134 9692
3167 9693
8047 9694
7778 9695
4219 9696
5778 9697
8820 9698
5250 9699
1086 9700
2186 9701
5015 9702
1184 9703
1594 9704
7593 9705
6305 9706
7204 9707
6701 9708
8720 9709
2286 9710
2411 9711
7511 9712
6270 9713
9501 9714
6332 9715
429 9716
2976 9717
7635 9718
342 9719
5125 9720
2453 9721
4660 9722
771 9723
3438 9724
9649 9725
9374 9726
8056 9727
2531 9728
6704 9729
8184 9730
1697 9731
6317 9732
9500 9733
4335 9734
153 9735
3797 9736
6469 9737
8233 9738
753 9739
6832 9740
9332 9741
7511 9742
2044 9743
417 9744
2574 9745
8394 9746
6321 9747
5536 9748
9096 9749
2979 9750
7697 9751
1188 9752
2100 9753
1683 9754
6739 9755
7028 9756
7849 9757
6522 9758
6111 9759
781 9760
91 9761
815 9762
2263 9763
915 9764
4664 9765
4381 9766
9081 9767
2840 9768
4165 9769
6470 9770
8243 9771
465 9772
8211 9773
7433 9774
2673 9775
9035 9776
9602 9777
5162 9778
2717 9779
6269 9780
7247 9781
4100 9782
1639 9783
4303 9784
1385 9785
3502 9786
6004 9787
2705 9788
3610 9789
6847 9790
2558 9791
6130 9792
7855 9793
1187 9794
2888 9795
6536 9796
8609 9797
8015 9798
3112 9799
800 9800
6987 9801
1131 9802
9553 9803
5011 9804
807 9805
6604 9806
6156 9807
5076 9808
9261 9809
3273 9810
4214 9811
2452 9812
753 9813
87 9814
3972 9815
7780 9816
696 9817
2824 9818
4976 9819
5375 9820
2430 9821
3351 9822
7058 9823
6057 9824
8809 9825
1923 9826
7651 9827
9711 9828
1128 9829
31 9830
9067 9831
4778 9832
9709 9833
5178 9834
5122 9835
2211 9836
8285 9837
6809 9838
6062 9839
6068 9840
3921 9841
703 9842
6944 9843
5630 9844
385 9845
6739 9846
383 9847
2120 9848
9286 9849
3958 9850
2033 9851
5802 9852
1128 9853
6242 9854
8165 9855
5318 9856
8308 9857
5132 9858
4601 9859
2250 9860
2150 9861
638 9862
4640 9863
4599 9864
1200 9865
7496 9866
7733 9867
5554 9868
4548 9869
7904 9870
8200 9871
3063 9872
2930 9873
6220 9874
3379 9875
4865 9876
7473 9877
5958 9878
7202 9879
9588 9880
470 9881
7138 9882
4252 9883
6942 9884
4741 9885
6877 9886
594 9887
8731 9888
6000 9889
6943 9890
4795 9891
978 9892
9728 9893
3480 9894
4846 9895
3152 9896
3760 9897
6159 9898
1338 9899
9861 9900
6174 9901
6430 9902
6266 9903
679 9904
567 9905
8879 9906
7969 9907
5962 9908
3794 9909
416 9910
7571 9911
3312 9912
4534 9913
7380 9914
6967 9915
2304 9916
835 9917
9661 9918
248 9919
9244 9920
4886 9921
5824 9922
8611 9923
9784 9924
397 9925
9798 9926
3581 9927
387 9928
7042 9929
8583 9930
9068 9931
7622 9932
4721 9933
7707 9934
1603 9935
584 9936
766 9937
4146 9938
2548 9939
2780 9940
1886 9941
1579 9942
4656 9943
4942 9944
4352 9945
1572 9946
5435 9947
7704 9948
8880 9949
3839 9950
9336 9951
1801 9952
1022 9953
3707 9954
5538 9955
1505 9956
9113 9957
5447 9958
506 9959
3599 9960
323 9961
7961 9962
5547 9963
1159 9964
6973 9965
123 9966
5717 9967
925 9968
8201 9969
6050 9970
9422 9971
765 9972
366 9973
5629 9974
2414 9975
65 9976
6053 9977
1905 9978
1068 9979
8544 9980
6169 9981
9904 9982
8341 9983
4203 9984
71 9985
1372 9986
9722 9987
6231 9988
7330 9989
658 9990
8526 9991
9271 9992
8426 9993
584 9994
574 9995
8937 9996
6191 9997
5587 9998
348 9999
8865 10000
