1 2
2 3
1 4
2 5
4 6
5 7
3 8
7 9
5 10
7 11
5 12
2 13
4 14
4 15
12 16
8 17
7 18
13 19
13 20
6 21
2 22
15 23
4 24
12 25
18 26
15 27
24 28
20 29
27 30
21 31
30 32
16 33
28 34
9 35
33 36
1 37
6 38
34 39
8 40
26 41
28 42
42 43
20 44
43 45
17 46
24 47
1 48
16 49
33 50
32 51
43 52
6 53
33 54
8 55
27 56
28 57
28 58
50 59
43 60
29 61
4 62
41 63
24 64
10 65
24 66
53 67
22 68
49 69
3 70
51 71
43 72
32 73
20 74
63 75
45 76
68 77
1 78
63 79
42 80
76 81
15 82
67 83
53 84
65 85
85 86
55 87
85 88
47 89
70 90
77 91
44 92
12 93
12 94
6 95
2 96
35 97
76 98
25 99
30 100
20 101
93 102
14 103
41 104
44 105
81 106
80 107
37 108
32 109
79 110
28 111
48 112
5 113
110 114
9 115
98 116
78 117
48 118
87 119
71 120
42 121
102 122
66 123
2 124
42 125
102 126
25 127
68 128
127 129
122 130
59 131
16 132
68 133
131 134
45 135
42 136
25 137
15 138
122 139
84 140
101 141
68 142
72 143
88 144
62 145
29 146
138 147
76 148
124 149
86 150
50 151
76 152
72 153
45 154
45 155
130 156
22 157
141 158
141 159
113 160
149 161
98 162
151 163
137 164
96 165
158 166
147 167
2 168
59 169
74 170
148 171
107 172
2 173
10 174
168 175
110 176
70 177
140 178
48 179
16 180
164 181
118 182
73 183
147 184
55 185
39 186
122 187
45 188
148 189
10 190
77 191
91 192
176 193
110 194
191 195
67 196
42 197
95 198
177 199
176 200
138 201
153 202
198 203
43 204
27 205
41 206
186 207
20 208
148 209
97 210
106 211
130 212
98 213
108 214
90 215
99 216
140 217
120 218
138 219
106 220
85 221
181 222
23 223
216 224
19 225
126 226
34 227
67 228
21 229
150 230
202 231
67 232
166 233
98 234
177 235
66 236
213 237
60 238
157 239
141 240
191 241
32 242
183 243
182 244
46 245
33 246
100 247
119 248
66 249
159 250
109 251
142 252
149 253
122 254
1 255
114 256
137 257
67 258
231 259
136 260
238 261
147 262
106 263
123 264
176 265
163 266
229 267
56 268
106 269
94 270
165 271
8 272
52 273
183 274
158 275
7 276
259 277
158 278
75 279
90 280
47 281
44 282
165 283
162 284
242 285
180 286
103 287
121 288
44 289
228 290
254 291
286 292
165 293
249 294
34 295
130 296
17 297
81 298
296 299
200 300
94 301
115 302
278 303
102 304
82 305
123 306
238 307
167 308
15 309
288 310
15 311
87 312
214 313
33 314
203 315
91 316
90 317
304 318
19 319
152 320
272 321
163 322
20 323
165 324
264 325
250 326
249 327
169 328
159 329
259 330
39 331
152 332
256 333
46 334
63 335
17 336
55 337
251 338
134 339
320 340
262 341
103 342
290 343
167 344
295 345
198 346
79 347
69 348
59 349
253 350
307 351
152 352
294 353
91 354
246 355
239 356
14 357
203 358
127 359
121 360
28 361
183 362
335 363
232 364
46 365
229 366
158 367
278 368
75 369
39 370
367 371
178 372
24 373
242 374
31 375
18 376
141 377
119 378
316 379
279 380
350 381
234 382
238 383
113 384
34 385
294 386
64 387
12 388
286 389
240 390
167 391
135 392
354 393
254 394
370 395
107 396
343 397
273 398
282 399
288 400
393 401
276 402
13 403
70 404
207 405
257 406
88 407
302 408
341 409
160 410
52 411
371 412
319 413
212 414
338 415
125 416
47 417
387 418
228 419
178 420
48 421
169 422
346 423
320 424
278 425
339 426
110 427
243 428
141 429
52 430
336 431
85 432
252 433
54 434
375 435
361 436
176 437
315 438
192 439
90 440
134 441
249 442
254 443
45 444
351 445
169 446
136 447
388 448
29 449
93 450
363 451
81 452
150 453
202 454
410 455
326 456
174 457
34 458
426 459
280 460
195 461
67 462
295 463
39 464
376 465
442 466
163 467
97 468
276 469
150 470
413 471
50 472
239 473
445 474
109 475
390 476
55 477
321 478
296 479
264 480
56 481
226 482
110 483
113 484
467 485
110 486
155 487
288 488
78 489
14 490
414 491
14 492
365 493
178 494
80 495
55 496
431 497
165 498
163 499
118 500
145 501
319 502
156 503
407 504
483 505
466 506
113 507
2 508
385 509
38 510
396 511
478 512
421 513
106 514
32 515
427 516
419 517
227 518
159 519
275 520
94 521
461 522
361 523
400 524
188 525
121 526
127 527
187 528
437 529
276 530
314 531
326 532
418 533
494 534
44 535
245 536
453 537
523 538
173 539
152 540
420 541
352 542
212 543
3 544
360 545
411 546
484 547
479 548
79 549
117 550
454 551
129 552
458 553
12 554
84 555
143 556
383 557
183 558
195 559
352 560
326 561
525 562
55 563
62 564
190 565
235 566
516 567
388 568
108 569
4 570
283 571
438 572
465 573
244 574
187 575
363 576
557 577
125 578
364 579
191 580
340 581
105 582
87 583
5 584
513 585
107 586
43 587
393 588
563 589
407 590
470 591
256 592
387 593
112 594
219 595
305 596
504 597
308 598
28 599
309 600
192 601
177 602
201 603
124 604
456 605
484 606
498 607
152 608
209 609
494 610
544 611
87 612
444 613
19 614
559 615
483 616
209 617
251 618
53 619
278 620
61 621
264 622
529 623
89 624
287 625
468 626
148 627
178 628
291 629
79 630
307 631
268 632
355 633
601 634
575 635
422 636
520 637
50 638
565 639
107 640
233 641
341 642
118 643
181 644
138 645
228 646
572 647
122 648
339 649
74 650
178 651
262 652
211 653
93 654
332 655
23 656
378 657
598 658
124 659
559 660
413 661
142 662
93 663
41 664
214 665
205 666
186 667
641 668
590 669
623 670
181 671
259 672
372 673
561 674
624 675
295 676
321 677
450 678
655 679
184 680
666 681
587 682
164 683
548 684
635 685
346 686
412 687
592 688
301 689
101 690
442 691
166 692
480 693
311 694
177 695
140 696
683 697
289 698
524 699
603 700
266 701
306 702
481 703
353 704
85 705
442 706
298 707
563 708
265 709
696 710
630 711
138 712
63 713
443 714
105 715
111 716
187 717
228 718
580 719
467 720
318 721
577 722
318 723
486 724
438 725
704 726
119 727
662 728
388 729
346 730
243 731
597 732
322 733
441 734
509 735
181 736
590 737
685 738
53 739
723 740
447 741
724 742
680 743
94 744
587 745
730 746
702 747
307 748
459 749
100 750
284 751
204 752
355 753
735 754
417 755
742 756
39 757
40 758
744 759
212 760
641 761
9 762
230 763
757 764
77 765
182 766
75 767
565 768
714 769
89 770
676 771
353 772
740 773
474 774
71 775
40 776
699 777
144 778
282 779
356 780
347 781
695 782
743 783
279 784
304 785
49 786
689 787
393 788
640 789
491 790
44 791
43 792
302 793
502 794
651 795
652 796
288 797
583 798
496 799
593 800
207 801
276 802
255 803
57 804
251 805
274 806
797 807
634 808
542 809
111 810
451 811
100 812
797 813
501 814
370 815
272 816
476 817
224 818
208 819
707 820
505 821
219 822
467 823
660 824
210 825
217 826
466 827
69 828
152 829
785 830
176 831
478 832
88 833
441 834
218 835
625 836
794 837
209 838
625 839
267 840
81 841
826 842
571 843
46 844
343 845
195 846
316 847
827 848
227 849
667 850
400 851
804 852
353 853
729 854
66 855
815 856
57 857
783 858
733 859
58 860
803 861
596 862
536 863
646 864
193 865
128 866
291 867
545 868
553 869
764 870
231 871
294 872
794 873
578 874
108 875
210 876
173 877
783 878
337 879
50 880
498 881
553 882
738 883
470 884
99 885
241 886
3 887
469 888
257 889
569 890
513 891
672 892
336 893
641 894
330 895
630 896
388 897
155 898
854 899
742 900
504 901
348 902
389 903
335 904
899 905
279 906
540 907
764 908
609 909
349 910
408 911
571 912
575 913
11 914
638 915
619 916
313 917
681 918
455 919
342 920
181 921
295 922
652 923
33 924
683 925
728 926
479 927
598 928
550 929
461 930
823 931
99 932
549 933
799 934
150 935
11 936
864 937
263 938
567 939
521 940
655 941
629 942
762 943
292 944
773 945
910 946
139 947
918 948
65 949
350 950
741 951
641 952
904 953
481 954
30 955
144 956
548 957
530 958
498 959
732 960
134 961
476 962
25 963
331 964
46 965
894 966
135 967
708 968
332 969
224 970
344 971
785 972
17 973
430 974
278 975
366 976
753 977
313 978
658 979
976 980
612 981
334 982
2 983
515 984
805 985
110 986
215 987
807 988
147 989
542 990
32 991
386 992
147 993
74 994
730 995
386 996
198 997
478 998
191 999
350 1000
