1 2
1 3
2 4
2 5
5 6
4 7
5 8
7 9
3 10
9 11
6 12
8 13
6 14
14 15
5 16
11 17
2 18
18 19
12 20
12 21
20 22
18 23
9 24
12 25
21 26
9 27
10 28
20 29
19 30
9 31
28 32
1 33
20 34
5 35
16 36
19 37
4 38
8 39
18 40
13 41
12 42
6 43
20 44
19 45
29 46
22 47
25 48
23 49
48 50
8 51
25 52
10 53
29 54
35 55
49 56
16 57
4 58
10 59
7 60
57 61
36 62
43 63
53 64
33 65
45 66
39 67
64 68
52 69
17 70
13 71
11 72
38 73
10 74
45 75
1 76
48 77
33 78
43 79
24 80
80 81
10 82
37 83
6 84
27 85
81 86
11 87
85 88
87 89
12 90
30 91
35 92
32 93
27 94
80 95
32 96
13 97
28 98
84 99
1 100
81 101
35 102
40 103
6 104
81 105
8 106
44 107
17 108
47 109
46 110
59 111
59 112
110 113
14 114
61 115
88 116
101 117
104 118
28 119
49 120
30 121
46 122
56 123
91 124
37 125
94 126
22 127
49 128
79 129
107 130
75 131
131 132
115 133
77 134
133 135
62 136
29 137
129 138
83 139
96 140
32 141
136 142
14 143
11 144
5 145
104 146
69 147
13 148
5 149
106 150
36 151
32 152
89 153
40 154
131 155
129 156
84 157
58 158
37 159
89 160
36 161
155 162
21 163
26 164
6 165
35 166
25 167
79 168
81 169
91 170
135 171
97 172
108 173
69 174
75 175
127 176
101 177
19 178
86 179
168 180
172 181
7 182
27 183
82 184
79 185
149 186
165 187
164 188
171 189
90 190
4 191
8 192
140 193
74 194
79 195
148 196
56 197
13 198
158 199
88 200
137 201
194 202
34 203
76 204
133 205
134 206
35 207
5 208
85 209
109 210
133 211
167 212
18 213
21 214
111 215
19 216
205 217
9 218
207 219
71 220
104 221
66 222
116 223
165 224
117 225
202 226
80 227
215 228
197 229
214 230
201 231
135 232
79 233
83 234
68 235
139 236
59 237
183 238
87 239
119 240
33 241
124 242
185 243
223 244
155 245
144 246
54 247
222 248
163 249
97 250
72 251
213 252
206 253
190 254
121 255
23 256
24 257
94 258
252 259
84 260
71 261
39 262
31 263
110 264
162 265
53 266
156 267
123 268
53 269
176 270
119 271
182 272
124 273
93 274
186 275
263 276
118 277
204 278
23 279
92 280
238 281
215 282
115 283
153 284
207 285
90 286
90 287
42 288
158 289
271 290
243 291
161 292
63 293
16 294
229 295
123 296
136 297
268 298
111 299
228 300
96 301
128 302
136 303
94 304
202 305
202 306
92 307
131 308
302 309
174 310
19 311
102 312
256 313
183 314
104 315
295 316
274 317
284 318
35 319
11 320
110 321
271 322
228 323
70 324
109 325
248 326
269 327
108 328
280 329
107 330
130 331
85 332
203 333
130 334
309 335
151 336
98 337
192 338
224 339
115 340
23 341
324 342
161 343
123 344
219 345
206 346
192 347
303 348
201 349
68 350
76 351
97 352
292 353
252 354
126 355
94 356
29 357
3 358
206 359
205 360
64 361
38 362
151 363
327 364
285 365
41 366
320 367
8 368
29 369
300 370
337 371
19 372
7 373
211 374
351 375
173 376
353 377
289 378
160 379
319 380
9 381
236 382
81 383
362 384
70 385
13 386
114 387
329 388
88 389
206 390
210 391
348 392
385 393
233 394
167 395
369 396
73 397
294 398
74 399
76 400
277 401
98 402
360 403
246 404
240 405
381 406
318 407
175 408
290 409
87 410
13 411
400 412
363 413
62 414
381 415
226 416
239 417
23 418
72 419
234 420
141 421
81 422
357 423
83 424
42 425
275 426
25 427
40 428
117 429
260 430
44 431
173 432
60 433
181 434
407 435
115 436
320 437
123 438
174 439
281 440
420 441
170 442
108 443
379 444
184 445
317 446
285 447
215 448
448 449
175 450
169 451
288 452
35 453
173 454
448 455
437 456
447 457
449 458
415 459
152 460
122 461
249 462
394 463
397 464
362 465
443 466
342 467
154 468
90 469
277 470
432 471
158 472
220 473
40 474
438 475
317 476
126 477
394 478
264 479
412 480
41 481
448 482
417 483
235 484
362 485
448 486
445 487
117 488
274 489
474 490
463 491
358 492
217 493
364 494
246 495
72 496
111 497
331 498
62 499
180 500
451 501
202 502
110 503
362 504
198 505
469 506
258 507
27 508
492 509
193 510
5 511
274 512
363 513
138 514
401 515
45 516
191 517
151 518
114 519
386 520
174 521
92 522
373 523
517 524
36 525
73 526
42 527
474 528
197 529
381 530
253 531
201 532
213 533
13 534
457 535
439 536
173 537
13 538
318 539
342 540
510 541
317 542
248 543
425 544
421 545
476 546
93 547
106 548
137 549
433 550
203 551
156 552
356 553
62 554
215 555
461 556
460 557
22 558
27 559
194 560
86 561
482 562
369 563
104 564
516 565
269 566
331 567
131 568
189 569
388 570
296 571
44 572
550 573
30 574
483 575
337 576
105 577
3 578
387 579
570 580
181 581
478 582
101 583
11 584
581 585
372 586
133 587
131 588
331 589
374 590
271 591
161 592
23 593
357 594
560 595
438 596
130 597
88 598
175 599
553 600
541 601
235 602
598 603
439 604
153 605
324 606
459 607
85 608
398 609
143 610
167 611
237 612
198 613
271 614
497 615
339 616
534 617
545 618
76 619
407 620
238 621
107 622
560 623
545 624
99 625
348 626
253 627
577 628
134 629
53 630
579 631
585 632
324 633
494 634
282 635
240 636
565 637
426 638
594 639
551 640
72 641
300 642
540 643
219 644
74 645
431 646
115 647
200 648
568 649
377 650
532 651
188 652
31 653
407 654
598 655
157 656
522 657
621 658
365 659
84 660
474 661
485 662
254 663
317 664
278 665
496 666
161 667
26 668
618 669
74 670
238 671
468 672
500 673
420 674
84 675
402 676
218 677
547 678
240 679
355 680
515 681
20 682
561 683
14 684
388 685
675 686
292 687
526 688
401 689
348 690
398 691
72 692
689 693
566 694
471 695
313 696
669 697
473 698
422 699
490 700
296 701
79 702
656 703
474 704
219 705
66 706
221 707
271 708
451 709
6 710
641 711
491 712
237 713
618 714
332 715
328 716
444 717
61 718
297 719
673 720
88 721
412 722
126 723
133 724
411 725
700 726
442 727
264 728
525 729
134 730
671 731
145 732
360 733
456 734
680 735
465 736
385 737
72 738
383 739
529 740
207 741
564 742
360 743
540 744
742 745
42 746
244 747
564 748
586 749
605 750
561 751
452 752
248 753
698 754
705 755
392 756
364 757
156 758
555 759
403 760
527 761
191 762
512 763
697 764
432 765
79 766
657 767
229 768
291 769
701 770
78 771
301 772
533 773
390 774
38 775
588 776
411 777
751 778
175 779
499 780
348 781
415 782
46 783
578 784
44 785
609 786
494 787
206 788
503 789
128 790
370 791
701 792
476 793
63 794
408 795
476 796
30 797
435 798
91 799
691 800
748 801
780 802
356 803
76 804
274 805
735 806
62 807
637 808
231 809
325 810
538 811
275 812
56 813
745 814
750 815
429 816
650 817
657 818
281 819
180 820
575 821
339 822
799 823
195 824
770 825
10 826
63 827
205 828
131 829
434 830
300 831
515 832
520 833
112 834
293 835
312 836
582 837
119 838
679 839
20 840
545 841
363 842
794 843
420 844
33 845
104 846
734 847
241 848
60 849
524 850
228 851
625 852
708 853
359 854
596 855
818 856
470 857
460 858
841 859
239 860
368 861
118 862
4 863
190 864
329 865
300 866
250 867
694 868
226 869
555 870
508 871
279 872
678 873
833 874
703 875
369 876
542 877
486 878
513 879
620 880
370 881
733 882
672 883
301 884
336 885
23 886
779 887
692 888
426 889
808 890
317 891
621 892
112 893
786 894
327 895
668 896
251 897
464 898
800 899
187 900
541 901
272 902
900 903
232 904
607 905
718 906
409 907
74 908
148 909
635 910
756 911
456 912
333 913
726 914
808 915
494 916
138 917
472 918
266 919
730 920
910 921
838 922
279 923
527 924
372 925
674 926
167 927
161 928
778 929
63 930
892 931
866 932
219 933
888 934
672 935
50 936
933 937
483 938
358 939
141 940
629 941
360 942
129 943
400 944
453 945
887 946
835 947
751 948
150 949
651 950
412 951
447 952
436 953
912 954
474 955
371 956
292 957
676 958
243 959
575 960
147 961
879 962
472 963
252 964
161 965
161 966
452 967
261 968
160 969
331 970
197 971
136 972
417 973
186 974
579 975
398 976
103 977
124 978
774 979
181 980
835 981
465 982
105 983
702 984
867 985
965 986
316 987
296 988
11 989
128 990
396 991
242 992
712 993
839 994
193 995
508 996
826 997
375 998
5 999
271 1000
