1 2
1 3
1 4
1 5
3 6
3 7
7 8
6 9
8 10
5 11
5 12
3 13
9 14
2 15
2 16
6 17
8 18
1 19
4 20
7 21
21 22
3 23
12 24
13 25
15 26
9 27
27 28
5 29
22 30
9 31
4 32
24 33
5 34
23 35
11 36
33 37
3 38
10 39
30 40
33 41
10 42
30 43
12 44
37 45
42 46
7 47
10 48
37 49
14 50
5 51
24 52
20 53
24 54
14 55
53 56
17 57
7 58
16 59
19 60
15 61
22 62
59 63
8 64
19 65
33 66
52 67
62 68
28 69
66 70
11 71
42 72
4 73
55 74
18 75
50 76
76 77
62 78
36 79
72 80
29 81
72 82
49 83
20 84
80 85
19 86
63 87
68 88
63 89
54 90
71 91
68 92
32 93
70 94
9 95
67 96
37 97
61 98
64 99
68 100
5 101
29 102
44 103
76 104
82 105
89 106
28 107
44 108
54 109
54 110
76 111
64 112
7 113
64 114
94 115
58 116
96 117
13 118
10 119
61 120
104 121
17 122
35 123
46 124
65 125
38 126
101 127
57 128
38 129
47 130
35 131
111 132
7 133
31 134
46 135
30 136
43 137
13 138
14 139
45 140
138 141
111 142
27 143
113 144
119 145
58 146
110 147
29 148
6 149
3 150
88 151
45 152
62 153
139 154
85 155
10 156
76 157
3 158
125 159
92 160
48 161
24 162
93 163
127 164
101 165
54 166
137 167
130 168
146 169
164 170
40 171
126 172
26 173
141 174
20 175
42 176
131 177
100 178
130 179
120 180
111 181
181 182
58 183
37 184
166 185
165 186
25 187
62 188
12 189
21 190
144 191
77 192
171 193
55 194
83 195
9 196
181 197
116 198
31 199
97 200
24 201
147 202
72 203
31 204
23 205
35 206
6 207
202 208
77 209
184 210
154 211
40 212
27 213
31 214
71 215
182 216
110 217
206 218
21 219
148 220
114 221
162 222
146 223
6 224
218 225
155 226
12 227
37 228
20 229
198 230
177 231
225 232
50 233
169 234
190 235
163 236
114 237
124 238
43 239
19 240
114 241
208 242
82 243
52 244
171 245
142 246
87 247
31 248
174 249
99 250
154 251
71 252
156 253
68 254
168 255
48 256
90 257
152 258
205 259
16 260
80 261
170 262
129 263
45 264
133 265
71 266
114 267
170 268
6 269
105 270
21 271
126 272
59 273
193 274
224 275
159 276
259 277
202 278
182 279
79 280
181 281
159 282
119 283
58 284
102 285
241 286
60 287
224 288
123 289
194 290
146 291
278 292
290 293
165 294
116 295
221 296
32 297
181 298
280 299
246 300
31 301
223 302
90 303
181 304
227 305
87 306
246 307
53 308
50 309
21 310
212 311
155 312
92 313
31 314
44 315
132 316
43 317
29 318
232 319
235 320
56 321
256 322
166 323
123 324
110 325
126 326
190 327
148 328
274 329
27 330
76 331
117 332
329 333
173 334
179 335
29 336
164 337
73 338
148 339
60 340
281 341
253 342
227 343
56 344
256 345
114 346
129 347
117 348
27 349
158 350
210 351
161 352
64 353
147 354
74 355
155 356
34 357
201 358
65 359
277 360
339 361
263 362
338 363
287 364
268 365
347 366
260 367
201 368
94 369
310 370
254 371
146 372
331 373
295 374
281 375
59 376
271 377
64 378
185 379
28 380
196 381
331 382
172 383
327 384
198 385
212 386
230 387
89 388
242 389
388 390
248 391
356 392
324 393
265 394
374 395
313 396
12 397
9 398
240 399
77 400
73 401
216 402
257 403
1 404
32 405
10 406
216 407
18 408
234 409
257 410
157 411
228 412
297 413
237 414
98 415
142 416
385 417
81 418
295 419
99 420
330 421
115 422
45 423
69 424
221 425
107 426
300 427
327 428
257 429
43 430
58 431
70 432
207 433
134 434
44 435
397 436
166 437
259 438
197 439
124 440
243 441
98 442
276 443
258 444
181 445
349 446
107 447
36 448
22 449
124 450
393 451
334 452
253 453
161 454
360 455
90 456
220 457
52 458
425 459
243 460
376 461
126 462
439 463
259 464
378 465
36 466
334 467
28 468
126 469
323 470
28 471
332 472
18 473
124 474
380 475
189 476
392 477
290 478
49 479
47 480
411 481
113 482
40 483
285 484
94 485
194 486
349 487
193 488
5 489
436 490
289 491
334 492
316 493
145 494
452 495
324 496
155 497
256 498
462 499
269 500
306 501
348 502
406 503
6 504
170 505
65 506
266 507
413 508
328 509
286 510
113 511
249 512
256 513
137 514
126 515
135 516
382 517
357 518
306 519
314 520
370 521
272 522
401 523
218 524
183 525
270 526
521 527
229 528
205 529
4 530
234 531
103 532
102 533
502 534
414 535
296 536
198 537
486 538
338 539
76 540
310 541
442 542
336 543
131 544
28 545
29 546
521 547
258 548
83 549
385 550
381 551
457 552
52 553
415 554
528 555
155 556
278 557
269 558
382 559
261 560
6 561
267 562
406 563
139 564
369 565
91 566
98 567
542 568
300 569
59 570
45 571
254 572
106 573
407 574
326 575
182 576
480 577
271 578
31 579
339 580
373 581
227 582
37 583
176 584
206 585
254 586
572 587
397 588
493 589
285 590
532 591
321 592
27 593
385 594
108 595
321 596
152 597
440 598
397 599
519 600
116 601
162 602
6 603
489 604
36 605
452 606
441 607
31 608
351 609
455 610
590 611
406 612
500 613
255 614
351 615
28 616
51 617
115 618
213 619
34 620
141 621
410 622
8 623
66 624
137 625
578 626
439 627
141 628
302 629
605 630
554 631
341 632
163 633
355 634
194 635
214 636
369 637
384 638
582 639
628 640
37 641
150 642
287 643
598 644
231 645
284 646
52 647
170 648
645 649
556 650
305 651
90 652
345 653
246 654
432 655
147 656
591 657
491 658
310 659
612 660
24 661
321 662
58 663
56 664
580 665
62 666
139 667
284 668
99 669
423 670
665 671
534 672
193 673
453 674
86 675
473 676
147 677
416 678
480 679
162 680
310 681
218 682
622 683
101 684
577 685
555 686
41 687
22 688
175 689
15 690
96 691
25 692
203 693
378 694
263 695
602 696
670 697
682 698
101 699
389 700
92 701
535 702
583 703
348 704
39 705
234 706
312 707
78 708
184 709
559 710
18 711
417 712
546 713
179 714
60 715
179 716
515 717
438 718
606 719
134 720
3 721
469 722
276 723
78 724
12 725
190 726
42 727
98 728
528 729
41 730
70 731
713 732
511 733
62 734
614 735
373 736
598 737
635 738
293 739
60 740
134 741
410 742
233 743
42 744
226 745
701 746
521 747
255 748
101 749
747 750
129 751
434 752
391 753
358 754
687 755
682 756
545 757
715 758
299 759
142 760
163 761
639 762
376 763
272 764
319 765
287 766
604 767
6 768
271 769
328 770
334 771
682 772
479 773
61 774
671 775
775 776
406 777
403 778
712 779
629 780
580 781
644 782
742 783
613 784
577 785
511 786
429 787
618 788
200 789
151 790
648 791
665 792
496 793
630 794
331 795
98 796
9 797
254 798
200 799
691 800
49 801
722 802
575 803
90 804
637 805
722 806
244 807
693 808
332 809
401 810
779 811
690 812
141 813
356 814
220 815
792 816
564 817
78 818
718 819
487 820
663 821
716 822
410 823
274 824
210 825
47 826
434 827
291 828
353 829
640 830
698 831
551 832
206 833
303 834
132 835
37 836
488 837
33 838
703 839
519 840
805 841
592 842
130 843
245 844
712 845
321 846
424 847
50 848
808 849
226 850
625 851
285 852
466 853
675 854
529 855
43 856
423 857
365 858
327 859
121 860
190 861
769 862
693 863
832 864
235 865
743 866
88 867
302 868
333 869
51 870
140 871
619 872
559 873
462 874
13 875
414 876
229 877
306 878
660 879
190 880
93 881
116 882
299 883
459 884
457 885
133 886
364 887
483 888
356 889
198 890
794 891
608 892
467 893
390 894
150 895
303 896
632 897
666 898
504 899
346 900
519 901
877 902
373 903
487 904
10 905
130 906
266 907
883 908
667 909
375 910
43 911
370 912
814 913
6 914
196 915
98 916
24 917
897 918
415 919
797 920
640 921
845 922
805 923
193 924
465 925
472 926
516 927
79 928
166 929
825 930
688 931
908 932
262 933
834 934
658 935
352 936
307 937
676 938
84 939
724 940
393 941
81 942
395 943
283 944
257 945
753 946
77 947
885 948
829 949
694 950
602 951
838 952
223 953
252 954
740 955
302 956
376 957
238 958
911 959
333 960
775 961
766 962
728 963
950 964
863 965
602 966
350 967
407 968
25 969
169 970
124 971
480 972
700 973
64 974
225 975
273 976
649 977
173 978
152 979
751 980
113 981
417 982
313 983
181 984
619 985
434 986
595 987
395 988
966 989
385 990
510 991
242 992
768 993
670 994
913 995
890 996
183 997
500 998
875 999
137 1000
