1 2
2 3
2 4
3 5
5 6
1 7
3 8
5 9
6 10
9 11
8 12
3 13
2 14
4 15
15 16
12 17
4 18
7 19
19 20
18 21
10 22
15 23
18 24
20 25
21 26
25 27
21 28
12 29
20 30
10 31
7 32
13 33
16 34
26 35
4 36
34 37
7 38
20 39
19 40
20 41
40 42
5 43
39 44
44 45
3 46
27 47
32 48
25 49
11 50
45 51
35 52
9 53
20 54
31 55
31 56
26 57
14 58
15 59
47 60
28 61
44 62
22 63
10 64
5 65
37 66
34 67
63 68
34 69
29 70
2 71
62 72
18 73
22 74
2 75
54 76
36 77
49 78
59 79
60 80
3 81
2 82
2 83
7 84
69 85
57 86
61 87
15 88
86 89
79 90
23 91
16 92
30 93
52 94
80 95
70 96
79 97
18 98
93 99
2 100
48 101
63 102
98 103
78 104
100 105
12 106
99 107
47 108
11 109
105 110
23 111
23 112
89 113
75 114
8 115
56 116
104 117
95 118
52 119
95 120
98 121
29 122
49 123
65 124
67 125
75 126
54 127
53 128
19 129
114 130
49 131
72 132
27 133
58 134
41 135
83 136
125 137
123 138
62 139
53 140
82 141
114 142
90 143
3 144
63 145
38 146
98 147
76 148
67 149
99 150
26 151
112 152
111 153
9 154
105 155
92 156
134 157
117 158
89 159
15 160
158 161
51 162
107 163
35 164
52 165
61 166
70 167
103 168
148 169
128 170
121 171
140 172
86 173
156 174
37 175
80 176
111 177
84 178
11 179
175 180
13 181
107 182
11 183
137 184
30 185
149 186
123 187
1 188
14 189
148 190
149 191
87 192
179 193
188 194
34 195
30 196
66 197
80 198
71 199
36 200
141 201
117 202
175 203
103 204
111 205
176 206
67 207
70 208
36 209
50 210
34 211
100 212
202 213
199 214
146 215
27 216
120 217
146 218
20 219
30 220
24 221
200 222
126 223
155 224
10 225
23 226
132 227
101 228
207 229
147 230
124 231
107 232
223 233
3 234
67 235
24 236
74 237
147 238
17 239
119 240
41 241
196 242
233 243
51 244
7 245
200 246
115 247
164 248
198 249
153 250
51 251
49 252
136 253
9 254
188 255
8 256
51 257
223 258
64 259
219 260
32 261
214 262
203 263
79 264
22 265
245 266
22 267
51 268
119 269
124 270
169 271
157 272
160 273
27 274
38 275
82 276
71 277
6 278
105 279
228 280
183 281
156 282
95 283
246 284
142 285
229 286
203 287
25 288
17 289
111 290
224 291
137 292
282 293
281 294
189 295
131 296
241 297
30 298
58 299
99 300
280 301
15 302
247 303
35 304
161 305
170 306
51 307
154 308
190 309
120 310
270 311
241 312
29 313
229 314
260 315
205 316
42 317
32 318
266 319
16 320
151 321
158 322
278 323
165 324
319 325
83 326
322 327
203 328
205 329
247 330
136 331
258 332
61 333
203 334
190 335
105 336
190 337
108 338
298 339
160 340
105 341
250 342
297 343
273 344
236 345
142 346
344 347
200 348
201 349
215 350
3 351
164 352
301 353
9 354
178 355
109 356
93 357
296 358
317 359
156 360
193 361
224 362
189 363
287 364
235 365
151 366
354 367
30 368
211 369
295 370
347 371
311 372
339 373
87 374
209 375
180 376
47 377
94 378
49 379
217 380
257 381
349 382
124 383
352 384
248 385
255 386
12 387
6 388
162 389
330 390
352 391
270 392
175 393
264 394
88 395
85 396
49 397
255 398
238 399
341 400
269 401
376 402
259 403
274 404
105 405
332 406
248 407
364 408
59 409
322 410
112 411
401 412
338 413
135 414
179 415
271 416
187 417
61 418
119 419
256 420
176 421
150 422
108 423
84 424
73 425
418 426
426 427
343 428
13 429
305 430
166 431
91 432
109 433
337 434
20 435
280 436
331 437
162 438
232 439
273 440
310 441
268 442
416 443
77 444
166 445
206 446
255 447
148 448
249 449
273 450
262 451
20 452
346 453
279 454
147 455
446 456
263 457
445 458
169 459
401 460
210 461
27 462
290 463
227 464
438 465
216 466
199 467
34 468
465 469
189 470
241 471
89 472
260 473
473 474
344 475
56 476
450 477
345 478
96 479
240 480
215 481
260 482
381 483
300 484
432 485
62 486
116 487
8 488
363 489
428 490
327 491
485 492
164 493
18 494
221 495
338 496
105 497
273 498
372 499
229 500
477 501
499 502
186 503
53 504
186 505
266 506
361 507
418 508
81 509
400 510
240 511
121 512
127 513
424 514
136 515
127 516
334 517
168 518
178 519
67 520
124 521
144 522
114 523
44 524
267 525
58 526
174 527
428 528
301 529
470 530
485 531
89 532
499 533
153 534
233 535
314 536
373 537
354 538
406 539
411 540
468 541
49 542
69 543
435 544
449 545
484 546
459 547
319 548
255 549
381 550
238 551
354 552
482 553
553 554
99 555
336 556
440 557
99 558
165 559
232 560
23 561
328 562
423 563
409 564
272 565
561 566
8 567
122 568
489 569
539 570
164 571
15 572
476 573
378 574
326 575
491 576
102 577
227 578
222 579
54 580
201 581
419 582
256 583
432 584
320 585
95 586
232 587
114 588
250 589
266 590
455 591
395 592
204 593
542 594
150 595
74 596
441 597
298 598
163 599
369 600
269 601
436 602
209 603
218 604
158 605
409 606
53 607
11 608
526 609
504 610
52 611
111 612
164 613
37 614
175 615
63 616
45 617
543 618
506 619
172 620
389 621
264 622
280 623
87 624
10 625
343 626
25 627
509 628
537 629
137 630
580 631
620 632
33 633
24 634
47 635
111 636
361 637
267 638
290 639
212 640
217 641
176 642
298 643
327 644
585 645
588 646
310 647
38 648
552 649
179 650
62 651
107 652
382 653
360 654
362 655
616 656
601 657
80 658
80 659
87 660
222 661
109 662
77 663
589 664
463 665
284 666
172 667
353 668
29 669
489 670
244 671
262 672
149 673
653 674
43 675
540 676
584 677
669 678
205 679
393 680
114 681
535 682
558 683
74 684
283 685
410 686
122 687
272 688
251 689
555 690
438 691
590 692
99 693
545 694
581 695
660 696
540 697
251 698
92 699
176 700
453 701
384 702
509 703
115 704
113 705
198 706
512 707
294 708
41 709
546 710
275 711
212 712
481 713
123 714
377 715
2 716
182 717
707 718
9 719
141 720
608 721
514 722
167 723
440 724
410 725
355 726
317 727
720 728
167 729
322 730
583 731
82 732
88 733
650 734
587 735
538 736
348 737
11 738
565 739
47 740
24 741
530 742
592 743
401 744
34 745
149 746
658 747
227 748
423 749
666 750
391 751
483 752
627 753
108 754
216 755
67 756
723 757
753 758
175 759
348 760
431 761
330 762
312 763
559 764
96 765
607 766
239 767
732 768
659 769
512 770
119 771
385 772
187 773
136 774
504 775
708 776
336 777
382 778
198 779
439 780
78 781
298 782
221 783
103 784
102 785
701 786
10 787
133 788
614 789
208 790
622 791
454 792
291 793
642 794
437 795
476 796
491 797
259 798
274 799
345 800
53 801
614 802
196 803
618 804
34 805
448 806
530 807
433 808
258 809
62 810
450 811
258 812
45 813
175 814
330 815
521 816
638 817
338 818
286 819
82 820
634 821
720 822
815 823
354 824
517 825
414 826
620 827
391 828
186 829
740 830
514 831
281 832
380 833
375 834
660 835
185 836
784 837
407 838
795 839
188 840
87 841
214 842
751 843
441 844
153 845
783 846
743 847
76 848
804 849
268 850
414 851
448 852
209 853
642 854
794 855
654 856
471 857
269 858
833 859
267 860
699 861
437 862
135 863
522 864
677 865
141 866
679 867
26 868
174 869
811 870
115 871
156 872
244 873
482 874
282 875
48 876
360 877
691 878
603 879
121 880
398 881
371 882
669 883
131 884
831 885
402 886
463 887
734 888
109 889
132 890
565 891
213 892
63 893
689 894
708 895
707 896
639 897
413 898
535 899
366 900
406 901
313 902
524 903
461 904
535 905
406 906
603 907
450 908
294 909
40 910
873 911
132 912
628 913
447 914
241 915
635 916
752 917
728 918
551 919
467 920
771 921
793 922
240 923
921 924
755 925
719 926
110 927
581 928
444 929
911 930
87 931
140 932
25 933
373 934
581 935
104 936
80 937
318 938
651 939
712 940
481 941
94 942
252 943
617 944
610 945
280 946
659 947
327 948
364 949
743 950
145 951
470 952
790 953
449 954
925 955
625 956
291 957
895 958
522 959
831 960
143 961
693 962
810 963
508 964
625 965
30 966
222 967
333 968
504 969
730 970
375 971
674 972
332 973
519 974
567 975
204 976
149 977
852 978
425 979
783 980
255 981
293 982
353 983
886 984
290 985
106 986
189 987
58 988
878 989
573 990
261 991
503 992
66 993
868 994
96 995
144 996
139 997
789 998
990 999
131 1000
