1 2
1 3
3 4
4 5
3 6
5 7
7 8
8 9
4 10
5 11
10 12
4 13
6 14
8 15
8 16
13 17
15 18
8 19
19 20
10 21
1 22
17 23
18 24
20 25
25 26
5 27
13 28
18 29
2 30
19 31
6 32
15 33
14 34
14 35
9 36
1 37
36 38
10 39
23 40
40 41
35 42
38 43
3 44
15 45
13 46
5 47
43 48
3 49
40 50
39 51
29 52
35 53
43 54
28 55
27 56
40 57
57 58
54 59
22 60
55 61
23 62
37 63
1 64
3 65
14 66
2 67
17 68
6 69
21 70
8 71
11 72
36 73
54 74
45 75
30 76
46 77
36 78
6 79
69 80
36 81
76 82
6 83
64 84
65 85
9 86
24 87
51 88
51 89
49 90
4 91
31 92
92 93
56 94
39 95
2 96
25 97
50 98
28 99
75 100
96 101
49 102
63 103
47 104
13 105
50 106
102 107
91 108
51 109
57 110
2 111
83 112
110 113
105 114
89 115
26 116
104 117
83 118
23 119
46 120
24 121
81 122
116 123
65 124
110 125
63 126
92 127
112 128
107 129
103 130
11 131
75 132
10 133
13 134
96 135
120 136
83 137
67 138
107 139
101 140
32 141
8 142
90 143
141 144
86 145
134 146
143 147
32 148
138 149
5 150
42 151
78 152
19 153
138 154
114 155
45 156
55 157
5 158
77 159
4 160
44 161
94 162
49 163
1 164
77 165
111 166
26 167
17 168
160 169
25 170
106 171
121 172
142 173
30 174
165 175
153 176
75 177
141 178
96 179
15 180
60 181
97 182
113 183
81 184
126 185
109 186
95 187
115 188
21 189
8 190
176 191
143 192
23 193
146 194
113 195
106 196
5 197
146 198
37 199
112 200
147 201
58 202
199 203
24 204
44 205
196 206
137 207
2 208
208 209
47 210
39 211
107 212
190 213
15 214
163 215
95 216
173 217
101 218
156 219
154 220
145 221
144 222
138 223
173 224
51 225
147 226
176 227
161 228
16 229
125 230
200 231
132 232
97 233
4 234
41 235
149 236
209 237
168 238
193 239
92 240
73 241
50 242
70 243
25 244
12 245
48 246
239 247
153 248
179 249
220 250
90 251
68 252
184 253
91 254
103 255
158 256
70 257
234 258
175 259
243 260
169 261
110 262
217 263
133 264
182 265
7 266
217 267
45 268
116 269
251 270
196 271
63 272
68 273
116 274
262 275
189 276
246 277
149 278
111 279
27 280
169 281
126 282
71 283
40 284
59 285
76 286
281 287
137 288
63 289
113 290
249 291
227 292
263 293
121 294
279 295
132 296
263 297
33 298
61 299
17 300
2 301
20 302
37 303
274 304
69 305
30 306
144 307
173 308
245 309
46 310
111 311
121 312
244 313
139 314
224 315
16 316
163 317
91 318
163 319
76 320
26 321
140 322
29 323
306 324
263 325
260 326
137 327
174 328
7 329
73 330
70 331
94 332
320 333
329 334
325 335
270 336
295 337
47 338
223 339
194 340
98 341
193 342
66 343
296 344
235 345
140 346
87 347
3 348
280 349
235 350
28 351
47 352
209 353
34 354
277 355
268 356
275 357
282 358
9 359
339 360
51 361
306 362
172 363
238 364
325 365
346 366
278 367
74 368
233 369
310 370
185 371
84 372
56 373
154 374
151 375
129 376
73 377
120 378
7 379
91 380
380 381
344 382
152 383
264 384
125 385
338 386
144 387
78 388
32 389
328 390
117 391
262 392
12 393
350 394
133 395
192 396
77 397
277 398
18 399
215 400
21 401
334 402
225 403
113 404
328 405
219 406
395 407
392 408
253 409
32 410
106 411
76 412
61 413
147 414
220 415
130 416
10 417
12 418
336 419
66 420
79 421
357 422
141 423
403 424
87 425
205 426
320 427
321 428
118 429
391 430
205 431
56 432
301 433
57 434
417 435
336 436
52 437
385 438
393 439
366 440
104 441
178 442
236 443
300 444
72 445
183 446
270 447
219 448
390 449
45 450
426 451
94 452
26 453
6 454
270 455
127 456
431 457
299 458
259 459
268 460
419 461
273 462
195 463
107 464
438 465
69 466
85 467
434 468
199 469
184 470
212 471
33 472
133 473
414 474
265 475
106 476
392 477
119 478
60 479
238 480
320 481
143 482
345 483
233 484
349 485
167 486
379 487
419 488
477 489
405 490
123 491
334 492
363 493
208 494
374 495
114 496
74 497
255 498
337 499
331 500
69 501
435 502
126 503
409 504
56 505
255 506
229 507
348 508
56 509
505 510
280 511
228 512
446 513
255 514
317 515
138 516
311 517
453 518
431 519
326 520
260 521
139 522
229 523
155 524
321 525
162 526
162 527
177 528
236 529
266 530
54 531
437 532
257 533
396 534
59 535
50 536
386 537
131 538
153 539
89 540
416 541
170 542
420 543
435 544
297 545
424 546
103 547
194 548
86 549
320 550
285 551
525 552
287 553
74 554
159 555
175 556
360 557
251 558
509 559
14 560
356 561
149 562
488 563
118 564
291 565
296 566
5 567
90 568
188 569
58 570
203 571
119 572
511 573
411 574
314 575
457 576
5 577
22 578
143 579
119 580
554 581
390 582
518 583
23 584
51 585
253 586
474 587
38 588
9 589
68 590
237 591
351 592
79 593
125 594
56 595
55 596
337 597
567 598
496 599
2 600
360 601
130 602
519 603
312 604
96 605
182 606
199 607
604 608
445 609
574 610
86 611
347 612
568 613
551 614
24 615
168 616
262 617
606 618
563 619
372 620
146 621
512 622
53 623
2 624
149 625
212 626
498 627
177 628
370 629
448 630
36 631
407 632
93 633
395 634
104 635
371 636
563 637
481 638
309 639
254 640
416 641
533 642
209 643
569 644
336 645
373 646
222 647
632 648
411 649
400 650
384 651
577 652
84 653
70 654
218 655
188 656
255 657
181 658
263 659
493 660
344 661
292 662
609 663
644 664
86 665
357 666
244 667
578 668
43 669
419 670
663 671
364 672
462 673
138 674
125 675
165 676
569 677
270 678
108 679
544 680
319 681
620 682
605 683
139 684
69 685
546 686
44 687
453 688
651 689
557 690
263 691
81 692
392 693
268 694
111 695
377 696
397 697
602 698
486 699
581 700
132 701
41 702
161 703
694 704
536 705
190 706
176 707
667 708
52 709
336 710
20 711
598 712
76 713
57 714
406 715
337 716
567 717
33 718
693 719
81 720
436 721
229 722
189 723
451 724
423 725
547 726
111 727
36 728
235 729
244 730
366 731
384 732
251 733
398 734
313 735
60 736
152 737
42 738
184 739
117 740
656 741
559 742
134 743
636 744
130 745
742 746
380 747
616 748
551 749
191 750
304 751
479 752
615 753
12 754
7 755
524 756
339 757
265 758
643 759
654 760
703 761
749 762
388 763
230 764
177 765
354 766
62 767
144 768
206 769
114 770
744 771
268 772
673 773
555 774
573 775
495 776
221 777
414 778
604 779
22 780
8 781
418 782
72 783
520 784
683 785
766 786
446 787
49 788
432 789
739 790
184 791
704 792
69 793
648 794
432 795
44 796
786 797
532 798
576 799
78 800
118 801
643 802
257 803
795 804
177 805
794 806
305 807
276 808
226 809
27 810
484 811
512 812
508 813
668 814
312 815
646 816
663 817
329 818
454 819
115 820
624 821
21 822
461 823
518 824
583 825
555 826
311 827
253 828
529 829
780 830
297 831
134 832
451 833
542 834
16 835
767 836
55 837
282 838
795 839
251 840
391 841
807 842
424 843
447 844
357 845
484 846
422 847
306 848
390 849
604 850
683 851
230 852
784 853
611 854
94 855
707 856
1 857
474 858
789 859
340 860
433 861
95 862
577 863
564 864
703 865
523 866
195 867
106 868
166 869
390 870
521 871
496 872
633 873
48 874
397 875
434 876
94 877
218 878
59 879
430 880
841 881
54 882
377 883
570 884
83 885
72 886
499 887
369 888
33 889
106 890
294 891
386 892
737 893
302 894
649 895
714 896
811 897
459 898
750 899
140 900
386 901
600 902
210 903
799 904
565 905
574 906
564 907
731 908
861 909
620 910
149 911
622 912
394 913
529 914
468 915
539 916
346 917
636 918
53 919
886 920
227 921
136 922
429 923
80 924
453 925
429 926
1 927
41 928
174 929
485 930
636 931
478 932
885 933
634 934
226 935
776 936
747 937
675 938
56 939
389 940
317 941
738 942
892 943
614 944
817 945
423 946
671 947
427 948
909 949
470 950
620 951
565 952
553 953
221 954
662 955
546 956
540 957
635 958
591 959
348 960
103 961
441 962
498 963
132 964
893 965
910 966
401 967
522 968
123 969
899 970
678 971
160 972
693 973
716 974
215 975
392 976
529 977
874 978
123 979
277 980
418 981
616 982
355 983
446 984
293 985
659 986
634 987
952 988
535 989
807 990
704 991
449 992
780 993
527 994
29 995
863 996
375 997
423 998
123 999
146 1000
