1 2
2 3
2 4
1 5
3 6
2 7
3 8
3 9
3 10
3 11
7 12
4 13
13 14
5 15
10 16
6 17
10 18
11 19
15 20
5 21
9 22
12 23
19 24
9 25
21 26
2 27
11 28
25 29
5 30
27 31
11 32
24 33
5 34
27 35
3 36
16 37
29 38
13 39
7 40
4 41
16 42
15 43
39 44
13 45
27 46
23 47
37 48
24 49
5 50
19 51
30 52
4 53
26 54
8 55
28 56
32 57
43 58
40 59
54 60
6 61
26 62
13 63
39 64
41 65
9 66
13 67
38 68
25 69
46 70
47 71
62 72
70 73
34 74
28 75
61 76
4 77
25 78
66 79
17 80
1 81
69 82
71 83
37 84
81 85
68 86
9 87
1 88
53 89
51 90
54 91
2 92
44 93
91 94
22 95
80 96
61 97
70 98
53 99
61 100
26 101
70 102
57 103
49 104
4 105
19 106
97 107
88 108
16 109
79 110
30 111
61 112
107 113
96 114
63 115
85 116
20 117
5 118
112 119
4 120
23 121
64 122
113 123
62 124
25 125
22 126
114 127
102 128
124 129
125 130
65 131
114 132
102 133
25 134
120 135
24 136
11 137
10 138
84 139
133 140
105 141
103 142
73 143
126 144
135 145
116 146
97 147
79 148
88 149
129 150
77 151
66 152
10 153
147 154
119 155
93 156
15 157
61 158
47 159
22 160
17 161
73 162
16 163
145 164
66 165
51 166
30 167
97 168
64 169
70 170
123 171
120 172
157 173
6 174
4 175
3 176
88 177
29 178
4 179
44 180
51 181
147 182
9 183
116 184
45 185
54 186
3 187
123 188
65 189
159 190
110 191
21 192
81 193
93 194
144 195
150 196
93 197
191 198
94 199
120 200
183 201
53 202
84 203
56 204
145 205
99 206
66 207
43 208
152 209
154 210
56 211
164 212
141 213
171 214
191 215
135 216
59 217
28 218
21 219
28 220
78 221
212 222
108 223
132 224
156 225
93 226
74 227
200 228
158 229
109 230
130 231
94 232
20 233
123 234
181 235
80 236
204 237
16 238
195 239
12 240
233 241
90 242
104 243
153 244
87 245
134 246
145 247
121 248
94 249
61 250
1 251
56 252
241 253
245 254
75 255
10 256
106 257
164 258
151 259
143 260
76 261
86 262
229 263
159 264
212 265
210 266
64 267
255 268
114 269
234 270
236 271
227 272
7 273
135 274
95 275
253 276
180 277
15 278
146 279
172 280
28 281
183 282
28 283
126 284
198 285
276 286
260 287
267 288
53 289
150 290
76 291
143 292
266 293
11 294
27 295
88 296
189 297
78 298
193 299
167 300
266 301
228 302
296 303
165 304
298 305
134 306
223 307
99 308
240 309
190 310
84 311
62 312
35 313
53 314
294 315
103 316
151 317
146 318
317 319
262 320
47 321
36 322
2 323
82 324
52 325
19 326
236 327
84 328
31 329
261 330
1 331
13 332
167 333
46 334
14 335
177 336
141 337
201 338
274 339
251 340
198 341
241 342
70 343
184 344
280 345
18 346
106 347
201 348
298 349
342 350
335 351
91 352
83 353
227 354
25 355
74 356
213 357
205 358
168 359
357 360
170 361
129 362
328 363
169 364
149 365
364 366
79 367
350 368
340 369
11 370
100 371
22 372
191 373
56 374
52 375
22 376
151 377
90 378
82 379
102 380
288 381
136 382
119 383
22 384
85 385
273 386
42 387
161 388
229 389
123 390
11 391
287 392
36 393
141 394
280 395
85 396
314 397
129 398
336 399
165 400
333 401
278 402
5 403
101 404
357 405
296 406
189 407
310 408
402 409
271 410
66 411
83 412
235 413
49 414
281 415
414 416
48 417
291 418
407 419
153 420
405 421
316 422
68 423
393 424
220 425
175 426
60 427
36 428
313 429
192 430
105 431
311 432
243 433
167 434
412 435
219 436
371 437
355 438
281 439
183 440
157 441
305 442
341 443
101 444
380 445
214 446
162 447
442 448
436 449
188 450
366 451
398 452
72 453
204 454
344 455
183 456
108 457
111 458
381 459
175 460
93 461
9 462
354 463
411 464
142 465
373 466
110 467
4 468
414 469
423 470
151 471
358 472
419 473
189 474
301 475
333 476
425 477
281 478
314 479
39 480
21 481
120 482
138 483
284 484
456 485
5 486
51 487
384 488
188 489
235 490
199 491
164 492
376 493
452 494
28 495
454 496
217 497
442 498
486 499
149 500
241 501
499 502
88 503
500 504
24 505
80 506
385 507
441 508
453 509
223 510
361 511
219 512
252 513
26 514
334 515
377 516
48 517
152 518
79 519
470 520
119 521
492 522
403 523
420 524
120 525
403 526
492 527
275 528
438 529
339 530
195 531
430 532
472 533
422 534
296 535
222 536
44 537
172 538
248 539
291 540
274 541
137 542
290 543
269 544
435 545
64 546
421 547
121 548
465 549
392 550
382 551
88 552
164 553
317 554
189 555
346 556
154 557
505 558
338 559
482 560
82 561
339 562
507 563
431 564
20 565
84 566
550 567
84 568
436 569
485 570
397 571
458 572
561 573
159 574
143 575
464 576
140 577
444 578
237 579
144 580
408 581
27 582
300 583
437 584
430 585
133 586
277 587
187 588
291 589
546 590
411 591
481 592
132 593
88 594
54 595
178 596
324 597
115 598
452 599
40 600
305 601
383 602
434 603
193 604
177 605
564 606
249 607
133 608
354 609
544 610
375 611
608 612
283 613
348 614
470 615
314 616
376 617
398 618
439 619
92 620
39 621
166 622
359 623
88 624
470 625
308 626
384 627
74 628
113 629
440 630
596 631
392 632
180 633
623 634
315 635
236 636
46 637
528 638
329 639
457 640
85 641
93 642
70 643
223 644
172 645
527 646
308 647
344 648
504 649
136 650
381 651
300 652
311 653
536 654
210 655
248 656
281 657
77 658
289 659
322 660
453 661
52 662
77 663
611 664
546 665
425 666
184 667
48 668
113 669
308 670
509 671
110 672
86 673
559 674
50 675
58 676
67 677
581 678
575 679
538 680
220 681
435 682
624 683
379 684
76 685
85 686
363 687
379 688
370 689
125 690
290 691
512 692
240 693
293 694
526 695
539 696
490 697
487 698
127 699
356 700
7 701
161 702
119 703
652 704
556 705
155 706
615 707
37 708
524 709
44 710
279 711
152 712
602 713
190 714
661 715
518 716
467 717
267 718
458 719
349 720
291 721
346 722
717 723
104 724
678 725
355 726
183 727
337 728
45 729
601 730
79 731
571 732
164 733
105 734
278 735
254 736
53 737
244 738
449 739
529 740
561 741
188 742
561 743
481 744
361 745
73 746
365 747
62 748
454 749
343 750
489 751
626 752
103 753
272 754
166 755
592 756
168 757
83 758
410 759
632 760
432 761
400 762
576 763
588 764
705 765
561 766
609 767
738 768
210 769
157 770
176 771
91 772
157 773
473 774
767 775
114 776
440 777
634 778
628 779
618 780
494 781
576 782
554 783
667 784
158 785
495 786
739 787
392 788
695 789
43 790
702 791
438 792
84 793
543 794
636 795
316 796
612 797
459 798
740 799
472 800
247 801
624 802
765 803
51 804
56 805
116 806
301 807
798 808
398 809
171 810
249 811
475 812
85 813
648 814
795 815
713 816
202 817
669 818
780 819
178 820
705 821
785 822
727 823
742 824
114 825
78 826
549 827
656 828
519 829
165 830
799 831
287 832
795 833
193 834
489 835
718 836
647 837
410 838
563 839
663 840
834 841
55 842
185 843
471 844
727 845
600 846
237 847
290 848
455 849
815 850
225 851
654 852
830 853
31 854
341 855
83 856
707 857
849 858
796 859
95 860
859 861
25 862
229 863
279 864
148 865
350 866
352 867
713 868
86 869
597 870
245 871
168 872
411 873
657 874
822 875
133 876
833 877
453 878
35 879
66 880
547 881
222 882
159 883
274 884
233 885
93 886
534 887
795 888
438 889
406 890
733 891
864 892
387 893
280 894
756 895
211 896
552 897
724 898
606 899
206 900
181 901
142 902
329 903
317 904
888 905
262 906
306 907
360 908
868 909
793 910
331 911
568 912
668 913
623 914
702 915
647 916
822 917
691 918
413 919
644 920
274 921
858 922
132 923
1 924
267 925
705 926
541 927
58 928
502 929
616 930
149 931
759 932
815 933
811 934
517 935
641 936
80 937
324 938
544 939
675 940
481 941
542 942
533 943
218 944
403 945
195 946
6 947
600 948
566 949
312 950
852 951
704 952
734 953
638 954
165 955
213 956
520 957
30 958
869 959
459 960
550 961
745 962
79 963
218 964
520 965
221 966
662 967
712 968
7 969
705 970
168 971
868 972
657 973
610 974
85 975
904 976
667 977
187 978
958 979
368 980
89 981
435 982
553 983
250 984
794 985
49 986
783 987
981 988
387 989
39 990
108 991
319 992
202 993
210 994
625 995
514 996
727 997
952 998
656 999
335 1000
