1 2
1 3
1 4
1 5
2 6
5 7
6 8
5 9
1 10
3 11
8 12
5 13
13 14
6 15
8 16
3 17
13 18
7 19
18 20
18 21
5 22
15 23
11 24
9 25
3 26
19 27
17 28
1 29
15 30
1 31
16 32
15 33
14 34
25 35
1 36
33 37
25 38
18 39
36 40
14 41
5 42
34 43
32 44
30 45
38 46
17 47
6 48
38 49
46 50
35 51
38 52
29 53
14 54
41 55
47 56
44 57
51 58
33 59
26 60
31 61
2 62
28 63
34 64
60 65
42 66
60 67
49 68
20 69
46 70
16 71
7 72
20 73
10 74
56 75
7 76
44 77
4 78
33 79
15 80
55 81
6 82
82 83
29 84
26 85
4 86
4 87
46 88
48 89
64 90
79 91
23 92
85 93
68 94
65 95
23 96
12 97
41 98
19 99
21 100
64 101
31 102
93 103
93 104
55 105
68 106
100 107
75 108
39 109
43 110
84 111
94 112
65 113
62 114
44 115
97 116
76 117
42 118
22 119
97 120
109 121
78 122
85 123
57 124
116 125
103 126
97 127
120 128
95 129
79 130
25 131
9 132
47 133
107 134
41 135
29 136
10 137
92 138
135 139
80 140
87 141
63 142
119 143
70 144
55 145
68 146
3 147
97 148
83 149
10 150
137 151
146 152
81 153
21 154
134 155
123 156
20 157
59 158
4 159
115 160
84 161
30 162
150 163
132 164
137 165
64 166
26 167
116 168
29 169
47 170
86 171
106 172
97 173
122 174
136 175
1 176
99 177
155 178
46 179
160 180
107 181
61 182
102 183
141 184
88 185
74 186
64 187
64 188
129 189
72 190
20 191
90 192
184 193
162 194
55 195
171 196
67 197
121 198
4 199
94 200
93 201
200 202
149 203
31 204
40 205
90 206
74 207
32 208
170 209
157 210
95 211
172 212
157 213
44 214
110 215
59 216
131 217
162 218
199 219
56 220
52 221
162 222
178 223
116 224
162 225
110 226
48 227
11 228
35 229
117 230
75 231
217 232
2 233
112 234
221 235
21 236
26 237
11 238
6 239
179 240
107 241
117 242
8 243
165 244
219 245
71 246
60 247
64 248
137 249
180 250
104 251
107 252
239 253
198 254
163 255
15 256
193 257
204 258
76 259
81 260
72 261
206 262
133 263
35 264
66 265
194 266
136 267
102 268
184 269
41 270
264 271
194 272
6 273
79 274
196 275
88 276
44 277
244 278
33 279
144 280
111 281
279 282
198 283
1 284
155 285
37 286
265 287
125 288
182 289
207 290
68 291
115 292
258 293
160 294
21 295
110 296
183 297
148 298
88 299
144 300
284 301
50 302
107 303
135 304
280 305
271 306
122 307
82 308
28 309
57 310
302 311
213 312
302 313
154 314
64 315
262 316
119 317
267 318
268 319
263 320
277 321
109 322
211 323
289 324
79 325
258 326
309 327
11 328
129 329
39 330
319 331
285 332
215 333
191 334
110 335
175 336
144 337
208 338
229 339
85 340
221 341
44 342
194 343
99 344
247 345
95 346
63 347
282 348
328 349
2 350
237 351
12 352
273 353
339 354
141 355
284 356
55 357
354 358
166 359
245 360
282 361
71 362
66 363
21 364
30 365
225 366
131 367
16 368
302 369
87 370
245 371
260 372
345 373
233 374
146 375
260 376
116 377
331 378
78 379
76 380
290 381
134 382
185 383
352 384
14 385
309 386
196 387
78 388
348 389
200 390
193 391
356 392
373 393
253 394
85 395
221 396
208 397
385 398
141 399
188 400
86 401
175 402
370 403
335 404
234 405
257 406
373 407
400 408
241 409
269 410
150 411
138 412
267 413
385 414
292 415
331 416
43 417
273 418
254 419
366 420
354 421
13 422
394 423
268 424
132 425
162 426
251 427
131 428
253 429
26 430
1 431
96 432
61 433
378 434
318 435
66 436
67 437
89 438
181 439
165 440
428 441
149 442
429 443
147 444
104 445
298 446
375 447
340 448
303 449
393 450
384 451
293 452
287 453
450 454
187 455
434 456
79 457
443 458
346 459
388 460
95 461
292 462
71 463
258 464
84 465
258 466
71 467
455 468
359 469
93 470
319 471
16 472
290 473
99 474
318 475
73 476
211 477
25 478
365 479
396 480
257 481
473 482
215 483
455 484
11 485
318 486
401 487
89 488
59 489
29 490
14 491
441 492
341 493
25 494
15 495
17 496
117 497
295 498
460 499
439 500
459 501
181 502
78 503
453 504
269 505
196 506
88 507
195 508
34 509
495 510
271 511
171 512
395 513
328 514
160 515
186 516
242 517
71 518
300 519
397 520
365 521
393 522
288 523
285 524
459 525
347 526
474 527
78 528
303 529
361 530
300 531
329 532
16 533
228 534
418 535
61 536
372 537
137 538
426 539
408 540
428 541
437 542
138 543
517 544
57 545
115 546
311 547
488 548
351 549
477 550
94 551
104 552
469 553
505 554
189 555
135 556
457 557
196 558
459 559
526 560
35 561
366 562
155 563
69 564
563 565
532 566
310 567
22 568
487 569
420 570
157 571
208 572
26 573
290 574
303 575
367 576
206 577
300 578
502 579
298 580
230 581
553 582
171 583
456 584
359 585
442 586
365 587
417 588
549 589
527 590
302 591
348 592
302 593
365 594
525 595
228 596
197 597
3 598
39 599
142 600
523 601
489 602
194 603
340 604
52 605
110 606
76 607
98 608
524 609
465 610
421 611
187 612
255 613
551 614
306 615
298 616
459 617
275 618
436 619
469 620
258 621
440 622
301 623
554 624
223 625
511 626
116 627
214 628
362 629
533 630
378 631
551 632
544 633
632 634
386 635
415 636
93 637
566 638
151 639
59 640
335 641
376 642
609 643
606 644
643 645
412 646
444 647
311 648
484 649
232 650
194 651
263 652
232 653
530 654
175 655
143 656
306 657
91 658
607 659
264 660
208 661
318 662
323 663
15 664
594 665
261 666
94 667
474 668
239 669
284 670
320 671
164 672
40 673
132 674
196 675
511 676
579 677
429 678
177 679
136 680
157 681
61 682
59 683
98 684
407 685
10 686
611 687
280 688
222 689
269 690
78 691
595 692
408 693
23 694
586 695
667 696
311 697
149 698
36 699
284 700
155 701
477 702
533 703
407 704
286 705
115 706
251 707
336 708
691 709
529 710
709 711
546 712
234 713
22 714
11 715
46 716
427 717
74 718
211 719
40 720
356 721
256 722
419 723
2 724
670 725
360 726
421 727
303 728
21 729
236 730
628 731
122 732
310 733
302 734
696 735
65 736
614 737
646 738
601 739
432 740
302 741
507 742
331 743
311 744
138 745
457 746
346 747
240 748
60 749
156 750
570 751
258 752
233 753
671 754
611 755
55 756
149 757
456 758
315 759
128 760
325 761
721 762
552 763
610 764
313 765
17 766
233 767
379 768
231 769
487 770
71 771
471 772
267 773
460 774
136 775
676 776
639 777
119 778
249 779
601 780
152 781
624 782
229 783
687 784
625 785
223 786
405 787
341 788
19 789
636 790
221 791
378 792
751 793
174 794
453 795
510 796
327 797
633 798
583 799
330 800
403 801
299 802
418 803
251 804
52 805
19 806
249 807
50 808
538 809
413 810
672 811
123 812
65 813
306 814
291 815
360 816
592 817
338 818
681 819
58 820
112 821
650 822
335 823
816 824
400 825
466 826
23 827
413 828
468 829
121 830
610 831
65 832
408 833
608 834
499 835
823 836
604 837
733 838
178 839
603 840
303 841
692 842
672 843
42 844
84 845
152 846
339 847
441 848
127 849
189 850
372 851
453 852
743 853
68 854
747 855
303 856
170 857
606 858
693 859
122 860
364 861
150 862
317 863
453 864
432 865
382 866
789 867
797 868
5 869
600 870
243 871
423 872
594 873
8 874
14 875
790 876
138 877
19 878
521 879
649 880
159 881
92 882
478 883
161 884
77 885
668 886
327 887
645 888
107 889
287 890
861 891
890 892
300 893
759 894
630 895
673 896
474 897
205 898
141 899
45 900
481 901
704 902
611 903
273 904
889 905
796 906
429 907
640 908
873 909
565 910
90 911
548 912
50 913
214 914
366 915
464 916
896 917
10 918
662 919
575 920
451 921
316 922
110 923
357 924
651 925
247 926
37 927
568 928
313 929
342 930
553 931
224 932
310 933
773 934
182 935
431 936
59 937
276 938
62 939
277 940
156 941
692 942
143 943
901 944
710 945
821 946
319 947
535 948
947 949
176 950
849 951
870 952
201 953
205 954
257 955
642 956
749 957
937 958
46 959
742 960
704 961
438 962
411 963
635 964
772 965
466 966
476 967
604 968
652 969
237 970
302 971
290 972
397 973
13 974
964 975
795 976
824 977
520 978
594 979
559 980
323 981
373 982
297 983
340 984
380 985
641 986
568 987
609 988
766 989
554 990
475 991
813 992
430 993
307 994
852 995
78 996
546 997
719 998
94 999
781 1000
