1 2
1 3
2 4
4 5
2 6
1 7
3 8
1 9
7 10
3 11
10 12
7 13
5 14
3 15
2 16
7 17
12 18
10 19
19 20
6 21
19 22
22 23
19 24
11 25
10 26
3 27
16 28
9 29
17 30
29 31
30 32
12 33
10 34
12 35
1 36
12 37
24 38
37 39
37 40
11 41
40 42
6 43
33 44
44 45
42 46
23 47
43 48
25 49
4 50
32 51
36 52
17 53
17 54
48 55
17 56
28 57
28 58
15 59
34 60
48 61
27 62
10 63
18 64
6 65
38 66
55 67
12 68
15 69
57 70
2 71
31 72
2 73
40 74
47 75
18 76
57 77
40 78
67 79
36 80
24 81
35 82
65 83
1 84
61 85
63 86
29 87
4 88
28 89
74 90
64 91
72 92
71 93
84 94
66 95
69 96
34 97
37 98
21 99
20 100
75 101
90 102
60 103
45 104
37 105
70 106
92 107
31 108
88 109
8 110
100 111
83 112
9 113
2 114
73 115
19 116
42 117
94 118
7 119
32 120
22 121
73 122
45 123
69 124
42 125
109 126
30 127
23 128
119 129
45 130
67 131
24 132
77 133
62 134
67 135
37 136
99 137
57 138
34 139
69 140
116 141
19 142
14 143
44 144
28 145
28 146
76 147
34 148
13 149
125 150
94 151
74 152
148 153
35 154
62 155
152 156
108 157
33 158
13 159
58 160
134 161
8 162
110 163
23 164
24 165
7 166
150 167
129 168
121 169
137 170
56 171
97 172
131 173
102 174
50 175
154 176
86 177
154 178
167 179
80 180
153 181
123 182
27 183
2 184
85 185
23 186
91 187
125 188
32 189
108 190
42 191
153 192
30 193
160 194
174 195
110 196
184 197
54 198
151 199
198 200
61 201
90 202
23 203
64 204
94 205
49 206
28 207
105 208
11 209
152 210
97 211
128 212
211 213
50 214
148 215
188 216
207 217
183 218
142 219
54 220
129 221
157 222
123 223
33 224
109 225
177 226
65 227
127 228
147 229
108 230
42 231
218 232
217 233
97 234
166 235
40 236
140 237
84 238
54 239
215 240
140 241
161 242
118 243
147 244
184 245
34 246
130 247
185 248
211 249
18 250
115 251
240 252
138 253
77 254
157 255
196 256
190 257
70 258
18 259
79 260
100 261
143 262
16 263
195 264
216 265
144 266
226 267
95 268
5 269
145 270
19 271
253 272
117 273
66 274
157 275
229 276
2 277
165 278
88 279
161 280
188 281
14 282
101 283
253 284
275 285
51 286
46 287
143 288
231 289
212 290
93 291
39 292
109 293
95 294
102 295
264 296
59 297
46 298
13 299
83 300
145 301
105 302
295 303
178 304
266 305
194 306
282 307
215 308
75 309
8 310
143 311
122 312
298 313
107 314
152 315
43 316
181 317
1 318
164 319
64 320
297 321
265 322
190 323
68 324
84 325
161 326
233 327
182 328
8 329
30 330
273 331
221 332
105 333
21 334
327 335
17 336
291 337
118 338
193 339
110 340
299 341
284 342
144 343
309 344
257 345
87 346
176 347
137 348
178 349
28 350
90 351
94 352
312 353
73 354
282 355
247 356
134 357
196 358
163 359
90 360
341 361
348 362
102 363
103 364
266 365
36 366
343 367
41 368
220 369
116 370
364 371
138 372
151 373
208 374
7 375
281 376
197 377
171 378
137 379
317 380
372 381
356 382
80 383
353 384
129 385
68 386
189 387
356 388
179 389
85 390
203 391
128 392
256 393
294 394
169 395
83 396
97 397
110 398
255 399
329 400
329 401
113 402
103 403
47 404
333 405
60 406
290 407
279 408
234 409
83 410
315 411
192 412
45 413
326 414
411 415
187 416
287 417
86 418
108 419
384 420
192 421
143 422
341 423
264 424
264 425
119 426
60 427
207 428
316 429
270 430
376 431
318 432
214 433
278 434
330 435
397 436
127 437
313 438
63 439
340 440
206 441
264 442
210 443
17 444
184 445
320 446
434 447
172 448
325 449
115 450
41 451
312 452
165 453
238 454
357 455
326 456
192 457
190 458
367 459
152 460
189 461
119 462
384 463
165 464
429 465
345 466
201 467
328 468
176 469
296 470
50 471
159 472
411 473
208 474
143 475
218 476
123 477
51 478
425 479
218 480
86 481
368 482
185 483
424 484
33 485
75 486
369 487
210 488
16 489
367 490
308 491
470 492
22 493
176 494
353 495
481 496
52 497
262 498
479 499
187 500
242 501
76 502
33 503
333 504
377 505
129 506
109 507
384 508
396 509
350 510
11 511
70 512
331 513
181 514
310 515
333 516
86 517
439 518
494 519
356 520
210 521
13 522
384 523
29 524
71 525
347 526
468 527
190 528
503 529
372 530
74 531
48 532
335 533
93 534
395 535
355 536
440 537
339 538
193 539
121 540
153 541
45 542
410 543
480 544
356 545
231 546
447 547
437 548
319 549
343 550
476 551
322 552
329 553
485 554
108 555
455 556
542 557
334 558
170 559
509 560
535 561
100 562
290 563
79 564
496 565
438 566
212 567
307 568
529 569
356 570
300 571
226 572
484 573
417 574
497 575
160 576
438 577
529 578
214 579
229 580
382 581
266 582
6 583
147 584
408 585
573 586
42 587
479 588
481 589
388 590
508 591
183 592
521 593
372 594
120 595
489 596
193 597
41 598
392 599
300 600
303 601
183 602
406 603
72 604
548 605
163 606
16 607
301 608
283 609
605 610
348 611
610 612
395 613
173 614
61 615
119 616
268 617
280 618
614 619
421 620
325 621
32 622
551 623
615 624
35 625
29 626
566 627
358 628
362 629
393 630
427 631
579 632
98 633
324 634
594 635
233 636
532 637
333 638
393 639
444 640
615 641
73 642
17 643
331 644
564 645
552 646
166 647
67 648
19 649
78 650
589 651
193 652
49 653
132 654
600 655
245 656
361 657
288 658
427 659
606 660
361 661
213 662
274 663
169 664
25 665
45 666
447 667
332 668
305 669
589 670
376 671
340 672
281 673
468 674
599 675
11 676
22 677
582 678
334 679
358 680
354 681
490 682
39 683
373 684
458 685
303 686
545 687
156 688
282 689
52 690
654 691
637 692
428 693
295 694
311 695
370 696
162 697
212 698
698 699
33 700
54 701
491 702
612 703
322 704
240 705
577 706
592 707
70 708
42 709
325 710
616 711
271 712
510 713
169 714
236 715
11 716
509 717
557 718
548 719
86 720
420 721
3 722
676 723
160 724
216 725
297 726
92 727
482 728
466 729
60 730
666 731
522 732
488 733
666 734
676 735
178 736
205 737
383 738
694 739
88 740
109 741
665 742
123 743
411 744
682 745
348 746
167 747
310 748
500 749
24 750
603 751
111 752
285 753
6 754
656 755
84 756
645 757
16 758
16 759
312 760
92 761
545 762
432 763
135 764
572 765
563 766
274 767
10 768
75 769
581 770
479 771
126 772
765 773
590 774
297 775
200 776
746 777
262 778
388 779
499 780
83 781
588 782
188 783
695 784
737 785
62 786
745 787
744 788
743 789
7 790
69 791
282 792
438 793
397 794
320 795
558 796
480 797
309 798
374 799
581 800
775 801
112 802
301 803
92 804
141 805
534 806
302 807
192 808
803 809
621 810
375 811
107 812
214 813
615 814
381 815
599 816
204 817
385 818
568 819
450 820
160 821
149 822
162 823
445 824
330 825
660 826
330 827
288 828
302 829
611 830
221 831
491 832
502 833
814 834
20 835
318 836
297 837
252 838
354 839
653 840
11 841
98 842
697 843
822 844
531 845
505 846
289 847
474 848
380 849
805 850
118 851
1 852
219 853
346 854
360 855
140 856
368 857
592 858
624 859
178 860
74 861
589 862
772 863
184 864
459 865
550 866
161 867
629 868
396 869
31 870
764 871
56 872
19 873
538 874
117 875
289 876
179 877
289 878
39 879
32 880
492 881
855 882
804 883
425 884
636 885
521 886
166 887
261 888
386 889
51 890
456 891
423 892
528 893
684 894
778 895
349 896
659 897
407 898
681 899
829 900
559 901
71 902
355 903
607 904
77 905
432 906
562 907
649 908
796 909
230 910
404 911
839 912
420 913
455 914
84 915
411 916
598 917
513 918
802 919
603 920
904 921
361 922
564 923
837 924
858 925
576 926
309 927
822 928
23 929
81 930
48 931
121 932
577 933
712 934
493 935
436 936
922 937
17 938
518 939
378 940
889 941
388 942
91 943
229 944
678 945
575 946
116 947
682 948
586 949
250 950
360 951
944 952
328 953
410 954
659 955
471 956
247 957
39 958
432 959
68 960
507 961
215 962
735 963
408 964
926 965
484 966
479 967
89 968
592 969
554 970
504 971
34 972
733 973
573 974
334 975
685 976
189 977
58 978
325 979
911 980
360 981
199 982
112 983
231 984
312 985
975 986
27 987
457 988
792 989
362 990
301 991
537 992
88 993
944 994
543 995
423 996
699 997
854 998
721 999
839 1000
