1 2
2 3
2 4
1 5
3 6
2 7
1 8
6 9
6 10
7 11
2 12
1 13
11 14
13 15
13 16
12 17
11 18
8 19
9 20
14 21
10 22
6 23
21 24
20 25
19 26
5 27
11 28
1 29
24 30
19 31
4 32
8 33
31 34
34 35
13 36
17 37
16 38
10 39
1 40
9 41
16 42
29 43
10 44
19 45
33 46
10 47
40 48
38 49
35 50
38 51
44 52
13 53
7 54
14 55
15 56
40 57
43 58
18 59
18 60
21 61
13 62
49 63
36 64
26 65
19 66
25 67
54 68
23 69
24 70
36 71
69 72
24 73
38 74
8 75
8 76
16 77
6 78
27 79
17 80
53 81
13 82
22 83
25 84
36 85
35 86
3 87
86 88
57 89
33 90
39 91
80 92
79 93
68 94
35 95
47 96
61 97
3 98
24 99
30 100
55 101
100 102
47 103
103 104
95 105
27 106
73 107
105 108
35 109
90 110
78 111
10 112
38 113
67 114
19 115
8 116
113 117
88 118
83 119
47 120
13 121
48 122
75 123
33 124
120 125
74 126
107 127
47 128
114 129
7 130
21 131
88 132
73 133
1 134
58 135
88 136
107 137
8 138
41 139
12 140
57 141
52 142
71 143
1 144
73 145
141 146
138 147
41 148
42 149
6 150
145 151
58 152
151 153
121 154
67 155
134 156
106 157
140 158
145 159
9 160
21 161
54 162
18 163
58 164
85 165
39 166
40 167
113 168
68 169
14 170
38 171
117 172
154 173
11 174
2 175
26 176
138 177
167 178
119 179
9 180
154 181
11 182
74 183
22 184
101 185
12 186
105 187
125 188
101 189
80 190
29 191
18 192
55 193
88 194
115 195
98 196
129 197
37 198
77 199
63 200
34 201
180 202
76 203
9 204
105 205
76 206
70 207
195 208
11 209
194 210
6 211
109 212
170 213
138 214
176 215
73 216
94 217
18 218
201 219
188 220
187 221
146 222
74 223
141 224
43 225
184 226
83 227
143 228
85 229
195 230
220 231
67 232
219 233
93 234
84 235
218 236
42 237
37 238
32 239
136 240
200 241
157 242
231 243
70 244
182 245
87 246
233 247
112 248
141 249
163 250
29 251
56 252
23 253
239 254
195 255
179 256
114 257
88 258
73 259
141 260
158 261
184 262
8 263
239 264
188 265
126 266
170 267
139 268
259 269
119 270
39 271
229 272
75 273
262 274
135 275
109 276
111 277
276 278
189 279
247 280
67 281
249 282
280 283
110 284
250 285
227 286
138 287
273 288
200 289
172 290
74 291
79 292
133 293
180 294
105 295
177 296
276 297
120 298
97 299
56 300
243 301
96 302
264 303
247 304
144 305
272 306
197 307
84 308
25 309
90 310
132 311
227 312
159 313
74 314
95 315
28 316
193 317
213 318
269 319
300 320
246 321
31 322
34 323
215 324
255 325
7 326
212 327
139 328
217 329
136 330
266 331
1 332
36 333
44 334
295 335
64 336
220 337
196 338
210 339
4 340
189 341
208 342
330 343
155 344
343 345
222 346
262 347
83 348
44 349
328 350
119 351
287 352
254 353
101 354
33 355
261 356
327 357
274 358
241 359
148 360
59 361
147 362
229 363
188 364
321 365
147 366
311 367
268 368
274 369
344 370
244 371
140 372
147 373
14 374
10 375
276 376
295 377
373 378
68 379
359 380
126 381
307 382
349 383
110 384
159 385
321 386
212 387
249 388
175 389
84 390
57 391
99 392
288 393
389 394
87 395
224 396
370 397
168 398
336 399
324 400
30 401
312 402
316 403
235 404
351 405
131 406
47 407
80 408
92 409
92 410
214 411
288 412
250 413
217 414
162 415
227 416
382 417
351 418
277 419
140 420
399 421
100 422
166 423
234 424
63 425
213 426
206 427
273 428
90 429
287 430
114 431
363 432
209 433
7 434
292 435
254 436
376 437
398 438
434 439
310 440
192 441
119 442
345 443
269 444
192 445
398 446
317 447
176 448
191 449
255 450
195 451
233 452
186 453
99 454
274 455
391 456
352 457
156 458
321 459
14 460
444 461
111 462
179 463
369 464
312 465
339 466
213 467
447 468
225 469
295 470
393 471
314 472
24 473
37 474
160 475
359 476
151 477
280 478
91 479
374 480
111 481
14 482
343 483
194 484
218 485
220 486
218 487
281 488
291 489
290 490
100 491
344 492
282 493
42 494
400 495
93 496
67 497
390 498
303 499
152 500
165 501
201 502
267 503
170 504
132 505
353 506
185 507
414 508
479 509
494 510
451 511
370 512
206 513
282 514
298 515
230 516
436 517
463 518
220 519
51 520
387 521
83 522
130 523
20 524
384 525
244 526
309 527
431 528
187 529
289 530
37 531
218 532
182 533
78 534
158 535
416 536
109 537
482 538
349 539
374 540
374 541
203 542
219 543
58 544
332 545
490 546
118 547
236 548
296 549
428 550
520 551
459 552
506 553
473 554
319 555
381 556
230 557
487 558
48 559
489 560
486 561
154 562
256 563
542 564
188 565
359 566
124 567
155 568
384 569
498 570
9 571
392 572
353 573
6 574
160 575
445 576
124 577
57 578
22 579
38 580
44 581
323 582
270 583
116 584
155 585
151 586
518 587
321 588
98 589
509 590
185 591
206 592
255 593
122 594
183 595
19 596
489 597
433 598
324 599
263 600
504 601
401 602
407 603
432 604
203 605
584 606
547 607
232 608
208 609
32 610
573 611
171 612
223 613
496 614
241 615
295 616
382 617
399 618
29 619
319 620
234 621
104 622
348 623
386 624
297 625
110 626
510 627
606 628
622 629
538 630
222 631
424 632
297 633
441 634
349 635
426 636
51 637
384 638
3 639
369 640
11 641
591 642
638 643
293 644
179 645
532 646
47 647
205 648
226 649
336 650
474 651
125 652
74 653
242 654
355 655
72 656
616 657
268 658
217 659
38 660
437 661
380 662
243 663
189 664
636 665
315 666
18 667
638 668
667 669
252 670
491 671
610 672
84 673
190 674
570 675
77 676
246 677
72 678
408 679
673 680
239 681
16 682
610 683
166 684
86 685
664 686
430 687
341 688
581 689
407 690
422 691
598 692
517 693
642 694
172 695
491 696
214 697
570 698
565 699
230 700
315 701
515 702
422 703
279 704
680 705
514 706
543 707
424 708
602 709
220 710
504 711
661 712
44 713
136 714
247 715
297 716
138 717
281 718
67 719
329 720
215 721
135 722
375 723
362 724
192 725
385 726
133 727
348 728
186 729
30 730
607 731
359 732
661 733
12 734
169 735
348 736
404 737
527 738
378 739
436 740
211 741
105 742
34 743
266 744
65 745
405 746
224 747
510 748
352 749
556 750
432 751
347 752
752 753
455 754
64 755
640 756
681 757
483 758
137 759
426 760
322 761
627 762
47 763
269 764
666 765
624 766
640 767
661 768
764 769
378 770
359 771
522 772
495 773
38 774
261 775
406 776
643 777
706 778
433 779
135 780
133 781
55 782
648 783
476 784
382 785
366 786
32 787
442 788
508 789
449 790
30 791
74 792
591 793
707 794
585 795
683 796
265 797
515 798
335 799
73 800
61 801
752 802
775 803
383 804
510 805
598 806
704 807
254 808
135 809
155 810
150 811
142 812
202 813
384 814
272 815
638 816
625 817
546 818
96 819
230 820
554 821
681 822
37 823
366 824
242 825
272 826
626 827
479 828
470 829
528 830
568 831
76 832
313 833
236 834
537 835
183 836
814 837
349 838
704 839
563 840
807 841
503 842
381 843
228 844
60 845
811 846
431 847
556 848
189 849
342 850
69 851
106 852
121 853
296 854
649 855
274 856
101 857
387 858
286 859
409 860
647 861
379 862
797 863
520 864
215 865
745 866
567 867
183 868
312 869
684 870
454 871
384 872
784 873
147 874
62 875
31 876
861 877
877 878
865 879
698 880
651 881
684 882
148 883
505 884
162 885
455 886
656 887
183 888
647 889
828 890
293 891
460 892
481 893
823 894
769 895
663 896
747 897
188 898
710 899
199 900
887 901
768 902
156 903
584 904
857 905
132 906
426 907
897 908
812 909
842 910
204 911
457 912
437 913
725 914
195 915
475 916
468 917
414 918
183 919
428 920
437 921
782 922
410 923
245 924
32 925
274 926
201 927
249 928
75 929
728 930
267 931
379 932
149 933
169 934
112 935
649 936
695 937
208 938
70 939
326 940
72 941
543 942
306 943
103 944
555 945
824 946
681 947
150 948
393 949
51 950
26 951
469 952
943 953
707 954
834 955
493 956
220 957
717 958
897 959
788 960
357 961
404 962
462 963
252 964
429 965
554 966
106 967
378 968
317 969
293 970
584 971
713 972
964 973
632 974
456 975
606 976
309 977
713 978
17 979
103 980
279 981
750 982
341 983
972 984
453 985
829 986
910 987
326 988
729 989
620 990
345 991
389 992
277 993
350 994
80 995
33 996
788 997
342 998
579 999
17 1000
