1 2
2 3
2 4
1 5
3 6
5 7
2 8
3 9
7 10
10 11
6 12
12 13
12 14
14 15
4 16
13 17
2 18
13 19
17 20
9 21
18 22
1 23
18 24
14 25
25 26
3 27
13 28
6 29
16 30
2 31
14 32
19 33
23 34
1 35
21 36
10 37
32 38
17 39
23 40
16 41
34 42
9 43
34 44
26 45
2 46
16 47
4 48
38 49
31 50
33 51
39 52
9 53
15 54
39 55
31 56
42 57
55 58
28 59
27 60
52 61
59 62
25 63
32 64
36 65
49 66
41 67
24 68
48 69
63 70
61 71
34 72
63 73
22 74
21 75
48 76
1 77
2 78
9 79
3 80
73 81
55 82
71 83
54 84
80 85
49 86
34 87
69 88
15 89
25 90
40 91
79 92
64 93
5 94
13 95
75 96
82 97
87 98
34 99
85 100
7 101
7 102
11 103
63 104
75 105
45 106
88 107
48 108
15 109
23 110
107 111
74 112
18 113
88 114
21 115
43 116
84 117
2 118
96 119
60 120
106 121
111 122
110 123
3 124
68 125
107 126
76 127
63 128
70 129
47 130
92 131
28 132
71 133
74 134
3 135
92 136
78 137
107 138
133 139
133 140
29 141
77 142
82 143
142 144
70 145
59 146
48 147
25 148
117 149
58 150
86 151
27 152
3 153
48 154
29 155
74 156
119 157
50 158
68 159
22 160
42 161
108 162
111 163
11 164
109 165
42 166
156 167
130 168
63 169
168 170
85 171
73 172
171 173
140 174
46 175
27 176
45 177
69 178
85 179
21 180
4 181
141 182
45 183
4 184
76 185
64 186
156 187
187 188
14 189
179 190
50 191
151 192
145 193
71 194
168 195
177 196
55 197
160 198
140 199
33 200
147 201
2 202
40 203
7 204
73 205
129 206
82 207
29 208
115 209
21 210
190 211
140 212
204 213
175 214
166 215
43 216
191 217
96 218
12 219
162 220
3 221
124 222
96 223
10 224
50 225
38 226
7 227
121 228
144 229
121 230
113 231
39 232
14 233
63 234
91 235
184 236
98 237
223 238
168 239
141 240
105 241
16 242
42 243
197 244
109 245
30 246
44 247
227 248
24 249
90 250
119 251
77 252
143 253
127 254
168 255
80 256
237 257
147 258
32 259
213 260
236 261
231 262
143 263
101 264
92 265
41 266
229 267
108 268
153 269
38 270
61 271
89 272
256 273
170 274
188 275
172 276
264 277
85 278
123 279
18 280
74 281
14 282
202 283
22 284
271 285
272 286
271 287
25 288
136 289
234 290
10 291
180 292
111 293
39 294
208 295
12 296
219 297
220 298
274 299
178 300
292 301
123 302
148 303
16 304
149 305
30 306
264 307
104 308
217 309
16 310
194 311
205 312
79 313
21 314
162 315
95 316
308 317
114 318
238 319
50 320
146 321
16 322
48 323
309 324
319 325
181 326
145 327
253 328
59 329
21 330
253 331
85 332
243 333
272 334
19 335
246 336
41 337
322 338
178 339
177 340
73 341
67 342
242 343
240 344
267 345
271 346
211 347
156 348
206 349
143 350
63 351
265 352
250 353
153 354
244 355
24 356
122 357
229 358
13 359
272 360
308 361
178 362
200 363
25 364
184 365
312 366
110 367
320 368
209 369
41 370
97 371
300 372
68 373
206 374
54 375
211 376
144 377
292 378
345 379
127 380
141 381
110 382
72 383
12 384
76 385
332 386
240 387
337 388
316 389
158 390
107 391
92 392
10 393
297 394
125 395
172 396
341 397
116 398
58 399
256 400
178 401
53 402
284 403
401 404
231 405
14 406
377 407
337 408
260 409
207 410
166 411
18 412
39 413
324 414
39 415
172 416
124 417
387 418
89 419
192 420
133 421
307 422
326 423
387 424
385 425
219 426
126 427
212 428
266 429
257 430
252 431
57 432
117 433
104 434
262 435
240 436
179 437
67 438
171 439
394 440
269 441
128 442
50 443
242 444
221 445
114 446
156 447
385 448
134 449
433 450
88 451
48 452
185 453
80 454
409 455
344 456
264 457
25 458
15 459
50 460
306 461
28 462
166 463
242 464
215 465
295 466
344 467
86 468
323 469
256 470
273 471
414 472
122 473
188 474
276 475
68 476
473 477
151 478
36 479
252 480
39 481
443 482
114 483
274 484
289 485
143 486
37 487
480 488
44 489
220 490
226 491
106 492
207 493
154 494
158 495
292 496
358 497
252 498
421 499
69 500
93 501
267 502
93 503
294 504
239 505
140 506
270 507
24 508
451 509
356 510
415 511
117 512
210 513
504 514
253 515
28 516
440 517
66 518
307 519
14 520
249 521
73 522
400 523
222 524
431 525
67 526
80 527
23 528
348 529
251 530
478 531
127 532
8 533
37 534
236 535
121 536
59 537
248 538
525 539
521 540
372 541
532 542
110 543
114 544
431 545
428 546
96 547
531 548
60 549
242 550
364 551
415 552
7 553
126 554
381 555
356 556
283 557
70 558
342 559
290 560
531 561
478 562
178 563
522 564
429 565
178 566
96 567
447 568
496 569
522 570
332 571
57 572
130 573
413 574
541 575
185 576
472 577
13 578
420 579
461 580
326 581
336 582
256 583
362 584
446 585
45 586
398 587
558 588
501 589
396 590
325 591
18 592
51 593
436 594
169 595
390 596
314 597
144 598
259 599
337 600
64 601
348 602
491 603
437 604
203 605
256 606
606 607
360 608
525 609
131 610
582 611
607 612
215 613
103 614
79 615
70 616
580 617
454 618
561 619
619 620
568 621
483 622
269 623
37 624
586 625
589 626
559 627
129 628
119 629
299 630
214 631
426 632
187 633
14 634
46 635
131 636
144 637
11 638
562 639
383 640
618 641
315 642
571 643
596 644
220 645
622 646
176 647
539 648
424 649
460 650
239 651
359 652
515 653
111 654
639 655
172 656
309 657
164 658
127 659
21 660
30 661
238 662
334 663
332 664
647 665
138 666
382 667
330 668
591 669
366 670
275 671
520 672
455 673
455 674
158 675
544 676
122 677
468 678
249 679
88 680
189 681
297 682
142 683
10 684
2 685
563 686
192 687
132 688
639 689
511 690
676 691
411 692
447 693
294 694
113 695
304 696
617 697
682 698
391 699
107 700
77 701
638 702
341 703
87 704
29 705
103 706
38 707
703 708
264 709
185 710
396 711
253 712
459 713
707 714
451 715
461 716
703 717
150 718
308 719
22 720
163 721
51 722
265 723
204 724
539 725
310 726
484 727
705 728
565 729
246 730
653 731
450 732
692 733
651 734
406 735
145 736
361 737
39 738
606 739
694 740
378 741
187 742
717 743
158 744
274 745
261 746
505 747
119 748
720 749
565 750
370 751
211 752
102 753
681 754
753 755
224 756
276 757
457 758
293 759
431 760
443 761
211 762
367 763
285 764
670 765
240 766
26 767
57 768
332 769
356 770
267 771
632 772
491 773
411 774
360 775
751 776
318 777
632 778
525 779
488 780
11 781
167 782
123 783
770 784
636 785
499 786
288 787
177 788
508 789
772 790
496 791
532 792
276 793
410 794
449 795
186 796
651 797
443 798
406 799
629 800
354 801
91 802
469 803
649 804
7 805
596 806
734 807
150 808
496 809
744 810
118 811
265 812
284 813
386 814
265 815
89 816
427 817
591 818
410 819
761 820
155 821
635 822
784 823
350 824
601 825
695 826
254 827
245 828
376 829
114 830
722 831
489 832
531 833
318 834
559 835
603 836
131 837
86 838
341 839
562 840
642 841
488 842
724 843
417 844
467 845
374 846
599 847
427 848
66 849
484 850
355 851
360 852
487 853
235 854
139 855
81 856
709 857
712 858
120 859
812 860
499 861
565 862
699 863
316 864
121 865
692 866
248 867
661 868
188 869
566 870
129 871
128 872
716 873
359 874
470 875
329 876
447 877
505 878
683 879
672 880
472 881
307 882
382 883
552 884
294 885
436 886
380 887
807 888
161 889
806 890
571 891
23 892
723 893
635 894
281 895
677 896
562 897
476 898
135 899
311 900
502 901
424 902
200 903
453 904
95 905
561 906
408 907
286 908
584 909
679 910
311 911
670 912
474 913
42 914
84 915
112 916
132 917
727 918
543 919
689 920
796 921
820 922
484 923
383 924
420 925
235 926
152 927
250 928
201 929
723 930
490 931
473 932
79 933
144 934
328 935
928 936
915 937
360 938
683 939
865 940
628 941
93 942
670 943
872 944
408 945
598 946
909 947
388 948
673 949
793 950
803 951
822 952
107 953
299 954
522 955
78 956
616 957
756 958
228 959
539 960
678 961
353 962
192 963
962 964
459 965
36 966
885 967
792 968
823 969
366 970
740 971
934 972
215 973
401 974
552 975
74 976
650 977
864 978
861 979
730 980
857 981
748 982
395 983
650 984
908 985
935 986
248 987
740 988
810 989
738 990
618 991
235 992
509 993
238 994
135 995
735 996
122 997
56 998
190 999
660 1000
