1 2
1 3
3 4
3 5
5 6
1 7
1 8
8 9
8 10
10 11
8 12
10 13
2 14
13 15
2 16
5 17
2 18
15 19
6 20
2 21
12 22
19 23
15 24
24 25
20 26
13 27
21 28
14 29
3 30
13 31
6 32
14 33
4 34
33 35
30 36
28 37
4 38
7 39
14 40
29 41
27 42
26 43
24 44
34 45
39 46
43 47
39 48
16 49
35 50
30 51
23 52
3 53
31 54
12 55
17 56
49 57
52 58
52 59
52 60
59 61
48 62
35 63
3 64
41 65
63 66
39 67
58 68
33 69
54 70
39 71
49 72
34 73
10 74
53 75
45 76
57 77
59 78
33 79
43 80
55 81
67 82
13 83
28 84
26 85
46 86
63 87
48 88
65 89
34 90
16 91
54 92
82 93
33 94
61 95
2 96
39 97
23 98
68 99
43 100
80 101
32 102
81 103
92 104
77 105
36 106
97 107
76 108
69 109
9 110
11 111
15 112
49 113
47 114
15 115
77 116
102 117
85 118
110 119
113 120
56 121
37 122
52 123
119 124
25 125
50 126
21 127
121 128
42 129
23 130
86 131
66 132
114 133
116 134
26 135
18 136
29 137
10 138
16 139
101 140
123 141
137 142
124 143
10 144
20 145
53 146
37 147
100 148
88 149
137 150
42 151
50 152
72 153
42 154
75 155
120 156
140 157
63 158
86 159
156 160
118 161
37 162
73 163
35 164
108 165
59 166
139 167
62 168
67 169
61 170
68 171
36 172
76 173
36 174
99 175
26 176
49 177
110 178
19 179
72 180
5 181
14 182
89 183
143 184
174 185
2 186
162 187
151 188
11 189
3 190
45 191
12 192
128 193
61 194
30 195
87 196
190 197
68 198
153 199
13 200
102 201
65 202
44 203
10 204
71 205
50 206
14 207
74 208
137 209
189 210
3 211
62 212
206 213
93 214
59 215
4 216
151 217
156 218
125 219
189 220
156 221
42 222
26 223
214 224
28 225
55 226
159 227
93 228
38 229
49 230
34 231
148 232
136 233
219 234
153 235
28 236
139 237
125 238
194 239
88 240
111 241
38 242
140 243
5 244
125 245
166 246
212 247
28 248
237 249
116 250
227 251
8 252
41 253
31 254
75 255
114 256
163 257
204 258
107 259
142 260
203 261
242 262
26 263
86 264
10 265
206 266
205 267
176 268
200 269
138 270
182 271
145 272
123 273
115 274
221 275
140 276
219 277
28 278
252 279
173 280
71 281
240 282
4 283
234 284
206 285
27 286
255 287
252 288
175 289
212 290
204 291
59 292
131 293
239 294
3 295
104 296
1 297
223 298
171 299
219 300
133 301
153 302
1 303
40 304
279 305
252 306
220 307
67 308
165 309
194 310
137 311
270 312
88 313
9 314
99 315
310 316
65 317
144 318
250 319
216 320
275 321
252 322
259 323
300 324
293 325
19 326
212 327
1 328
55 329
125 330
194 331
215 332
331 333
240 334
197 335
257 336
293 337
34 338
270 339
275 340
295 341
226 342
87 343
182 344
37 345
99 346
47 347
249 348
323 349
314 350
114 351
260 352
284 353
236 354
112 355
126 356
258 357
69 358
191 359
205 360
279 361
332 362
249 363
27 364
225 365
282 366
169 367
290 368
148 369
66 370
278 371
330 372
89 373
76 374
142 375
115 376
37 377
298 378
364 379
66 380
126 381
276 382
26 383
65 384
125 385
186 386
296 387
114 388
202 389
245 390
197 391
269 392
374 393
97 394
350 395
367 396
210 397
153 398
119 399
295 400
136 401
306 402
118 403
372 404
335 405
120 406
353 407
293 408
255 409
94 410
336 411
258 412
71 413
207 414
234 415
318 416
195 417
137 418
283 419
328 420
231 421
92 422
158 423
243 424
403 425
324 426
133 427
245 428
322 429
135 430
207 431
163 432
344 433
433 434
270 435
420 436
13 437
200 438
276 439
126 440
347 441
136 442
343 443
380 444
360 445
39 446
356 447
14 448
390 449
97 450
446 451
449 452
285 453
187 454
226 455
130 456
42 457
322 458
25 459
313 460
243 461
129 462
336 463
167 464
438 465
412 466
14 467
110 468
55 469
165 470
207 471
379 472
266 473
345 474
446 475
206 476
277 477
310 478
345 479
179 480
355 481
16 482
64 483
261 484
92 485
284 486
294 487
382 488
379 489
94 490
270 491
212 492
281 493
224 494
338 495
482 496
457 497
354 498
79 499
449 500
410 501
396 502
305 503
250 504
214 505
28 506
367 507
75 508
225 509
99 510
129 511
482 512
73 513
192 514
387 515
278 516
426 517
374 518
263 519
222 520
372 521
351 522
246 523
153 524
184 525
99 526
184 527
82 528
191 529
224 530
204 531
366 532
483 533
389 534
298 535
531 536
248 537
366 538
246 539
493 540
16 541
312 542
78 543
460 544
47 545
256 546
235 547
438 548
127 549
35 550
73 551
228 552
489 553
365 554
437 555
523 556
135 557
274 558
127 559
149 560
69 561
389 562
20 563
150 564
557 565
483 566
349 567
50 568
335 569
356 570
43 571
22 572
569 573
181 574
521 575
69 576
91 577
80 578
234 579
57 580
203 581
430 582
455 583
476 584
184 585
80 586
259 587
17 588
447 589
23 590
222 591
343 592
19 593
258 594
128 595
124 596
213 597
138 598
234 599
224 600
218 601
275 602
569 603
190 604
78 605
516 606
201 607
77 608
295 609
315 610
393 611
568 612
331 613
514 614
61 615
601 616
134 617
521 618
608 619
399 620
608 621
619 622
356 623
472 624
538 625
425 626
31 627
255 628
577 629
76 630
555 631
330 632
226 633
320 634
567 635
322 636
265 637
589 638
172 639
629 640
37 641
595 642
176 643
561 644
58 645
565 646
343 647
376 648
258 649
433 650
321 651
581 652
515 653
340 654
66 655
546 656
125 657
90 658
436 659
360 660
138 661
295 662
238 663
532 664
477 665
633 666
77 667
224 668
226 669
374 670
91 671
252 672
557 673
351 674
461 675
526 676
425 677
18 678
244 679
204 680
472 681
589 682
478 683
319 684
202 685
509 686
247 687
83 688
374 689
424 690
435 691
444 692
57 693
674 694
183 695
658 696
14 697
105 698
350 699
529 700
605 701
117 702
197 703
147 704
124 705
266 706
292 707
169 708
25 709
590 710
525 711
522 712
392 713
234 714
142 715
305 716
6 717
200 718
227 719
329 720
484 721
228 722
239 723
446 724
55 725
70 726
197 727
636 728
245 729
350 730
499 731
338 732
336 733
172 734
339 735
274 736
271 737
241 738
671 739
711 740
220 741
168 742
495 743
413 744
92 745
657 746
379 747
304 748
649 749
504 750
66 751
523 752
324 753
666 754
197 755
418 756
522 757
578 758
518 759
178 760
121 761
194 762
728 763
748 764
591 765
688 766
650 767
140 768
67 769
77 770
428 771
13 772
81 773
766 774
284 775
228 776
732 777
268 778
109 779
506 780
255 781
423 782
461 783
194 784
108 785
110 786
28 787
519 788
16 789
782 790
626 791
523 792
44 793
561 794
219 795
513 796
102 797
43 798
343 799
460 800
455 801
359 802
318 803
192 804
752 805
30 806
108 807
492 808
694 809
700 810
742 811
398 812
377 813
470 814
99 815
402 816
681 817
471 818
809 819
207 820
27 821
310 822
281 823
692 824
604 825
718 826
748 827
716 828
406 829
330 830
70 831
678 832
25 833
194 834
400 835
335 836
392 837
9 838
696 839
673 840
293 841
458 842
451 843
654 844
254 845
151 846
725 847
365 848
79 849
41 850
459 851
820 852
648 853
4 854
562 855
617 856
284 857
696 858
151 859
828 860
694 861
639 862
599 863
8 864
37 865
861 866
692 867
618 868
750 869
350 870
355 871
39 872
186 873
274 874
618 875
374 876
845 877
687 878
96 879
556 880
542 881
610 882
259 883
666 884
162 885
152 886
82 887
654 888
517 889
720 890
418 891
252 892
111 893
736 894
354 895
10 896
375 897
82 898
305 899
510 900
302 901
613 902
133 903
861 904
39 905
452 906
21 907
152 908
375 909
737 910
403 911
494 912
249 913
804 914
171 915
341 916
779 917
479 918
872 919
194 920
4 921
692 922
752 923
155 924
410 925
924 926
826 927
427 928
725 929
648 930
538 931
343 932
782 933
223 934
22 935
680 936
560 937
89 938
703 939
579 940
137 941
917 942
205 943
685 944
74 945
135 946
940 947
188 948
189 949
634 950
551 951
823 952
482 953
521 954
922 955
889 956
756 957
918 958
82 959
585 960
11 961
837 962
592 963
88 964
940 965
388 966
26 967
77 968
511 969
38 970
660 971
870 972
834 973
385 974
645 975
651 976
525 977
607 978
597 979
16 980
105 981
657 982
277 983
845 984
586 985
624 986
75 987
652 988
913 989
255 990
222 991
115 992
96 993
1 994
842 995
194 996
923 997
563 998
498 999
911 1000
