1 2
2 3
3 4
1 5
3 6
5 7
1 8
4 9
4 10
4 11
2 12
6 13
3 14
14 15
10 16
8 17
15 18
1 19
8 20
16 21
12 22
19 23
1 24
11 25
17 26
4 27
25 28
24 29
10 30
20 31
11 32
24 33
19 34
9 35
1 36
16 37
22 38
24 39
23 40
27 41
31 42
24 43
11 44
3 45
14 46
31 47
8 48
44 49
6 50
37 51
35 52
24 53
23 54
20 55
43 56
31 57
10 58
19 59
15 60
21 61
22 62
53 63
61 64
39 65
46 66
62 67
51 68
32 69
8 70
30 71
42 72
4 73
19 74
23 75
19 76
13 77
72 78
75 79
67 80
58 81
54 82
33 83
48 84
70 85
80 86
37 87
25 88
22 89
82 90
12 91
66 92
57 93
13 94
84 95
18 96
30 97
60 98
6 99
60 100
62 101
10 102
50 103
102 104
17 105
30 106
59 107
35 108
17 109
87 110
10 111
1 112
10 113
60 114
36 115
87 116
81 117
23 118
82 119
87 120
70 121
87 122
71 123
51 124
48 125
111 126
87 127
110 128
43 129
119 130
117 131
114 132
50 133
60 134
69 135
110 136
131 137
93 138
113 139
23 140
40 141
13 142
12 143
67 144
109 145
12 146
75 147
4 148
122 149
15 150
12 151
12 152
117 153
152 154
95 155
27 156
14 157
120 158
57 159
155 160
113 161
51 162
48 163
159 164
76 165
128 166
8 167
87 168
141 169
63 170
68 171
59 172
63 173
80 174
35 175
164 176
47 177
99 178
133 179
87 180
155 181
40 182
65 183
129 184
69 185
19 186
23 187
128 188
90 189
119 190
184 191
29 192
73 193
46 194
15 195
64 196
154 197
32 198
60 199
105 200
127 201
163 202
38 203
28 204
72 205
205 206
172 207
47 208
182 209
202 210
149 211
84 212
125 213
131 214
195 215
69 216
15 217
44 218
205 219
215 220
114 221
90 222
28 223
88 224
175 225
201 226
73 227
41 228
54 229
7 230
217 231
67 232
226 233
154 234
187 235
170 236
14 237
226 238
50 239
220 240
166 241
140 242
50 243
203 244
19 245
142 246
80 247
110 248
27 249
99 250
11 251
169 252
23 253
237 254
64 255
140 256
48 257
155 258
117 259
200 260
235 261
116 262
31 263
245 264
250 265
97 266
218 267
69 268
84 269
181 270
231 271
113 272
201 273
239 274
11 275
190 276
56 277
11 278
13 279
3 280
142 281
204 282
73 283
96 284
18 285
143 286
147 287
155 288
205 289
184 290
260 291
283 292
106 293
196 294
101 295
198 296
23 297
56 298
246 299
106 300
250 301
149 302
84 303
281 304
182 305
118 306
85 307
241 308
206 309
141 310
7 311
60 312
125 313
78 314
182 315
270 316
72 317
16 318
125 319
226 320
303 321
133 322
124 323
28 324
107 325
161 326
324 327
132 328
241 329
106 330
189 331
127 332
142 333
161 334
103 335
272 336
211 337
282 338
332 339
93 340
258 341
209 342
339 343
46 344
288 345
136 346
53 347
322 348
13 349
172 350
201 351
14 352
15 353
108 354
24 355
184 356
322 357
279 358
295 359
61 360
318 361
87 362
265 363
360 364
125 365
121 366
215 367
4 368
233 369
257 370
275 371
26 372
351 373
310 374
217 375
44 376
104 377
146 378
83 379
138 380
346 381
79 382
80 383
30 384
5 385
177 386
197 387
130 388
150 389
272 390
293 391
7 392
218 393
284 394
190 395
2 396
197 397
370 398
168 399
39 400
80 401
94 402
269 403
246 404
146 405
125 406
124 407
10 408
248 409
365 410
280 411
189 412
371 413
78 414
293 415
27 416
79 417
387 418
320 419
229 420
102 421
381 422
397 423
332 424
253 425
416 426
413 427
155 428
381 429
146 430
204 431
38 432
374 433
379 434
374 435
71 436
71 437
221 438
30 439
324 440
66 441
232 442
56 443
202 444
264 445
410 446
352 447
254 448
415 449
229 450
23 451
68 452
18 453
261 454
123 455
340 456
170 457
35 458
41 459
221 460
62 461
189 462
194 463
46 464
193 465
395 466
120 467
399 468
92 469
350 470
401 471
23 472
347 473
31 474
35 475
117 476
367 477
410 478
28 479
449 480
418 481
152 482
354 483
363 484
101 485
307 486
156 487
174 488
211 489
190 490
482 491
99 492
129 493
255 494
391 495
5 496
7 497
455 498
322 499
453 500
326 501
377 502
478 503
410 504
224 505
198 506
434 507
412 508
317 509
41 510
354 511
339 512
213 513
36 514
177 515
294 516
366 517
63 518
45 519
8 520
291 521
457 522
484 523
33 524
348 525
56 526
294 527
116 528
230 529
413 530
286 531
186 532
265 533
513 534
262 535
316 536
87 537
190 538
244 539
285 540
498 541
358 542
486 543
42 544
195 545
63 546
240 547
93 548
434 549
467 550
157 551
275 552
147 553
222 554
23 555
229 556
256 557
274 558
42 559
467 560
92 561
252 562
314 563
153 564
197 565
141 566
285 567
479 568
287 569
171 570
322 571
476 572
150 573
272 574
215 575
400 576
483 577
131 578
326 579
517 580
462 581
353 582
93 583
167 584
243 585
169 586
35 587
152 588
489 589
81 590
237 591
392 592
465 593
206 594
212 595
86 596
19 597
70 598
587 599
217 600
120 601
343 602
283 603
301 604
319 605
542 606
218 607
74 608
24 609
507 610
257 611
599 612
130 613
101 614
346 615
436 616
94 617
553 618
168 619
430 620
88 621
441 622
153 623
123 624
340 625
199 626
487 627
120 628
271 629
46 630
110 631
534 632
354 633
573 634
59 635
470 636
346 637
88 638
182 639
551 640
161 641
604 642
266 643
406 644
43 645
458 646
433 647
361 648
483 649
74 650
147 651
455 652
650 653
598 654
38 655
501 656
83 657
336 658
235 659
591 660
392 661
141 662
378 663
344 664
252 665
8 666
52 667
572 668
623 669
50 670
208 671
68 672
617 673
190 674
490 675
40 676
306 677
186 678
440 679
378 680
280 681
33 682
452 683
306 684
670 685
645 686
470 687
181 688
23 689
576 690
265 691
276 692
275 693
184 694
475 695
189 696
505 697
605 698
451 699
264 700
405 701
316 702
382 703
92 704
128 705
165 706
283 707
15 708
539 709
433 710
579 711
36 712
577 713
69 714
85 715
82 716
420 717
192 718
657 719
90 720
552 721
209 722
91 723
624 724
408 725
334 726
716 727
260 728
717 729
245 730
719 731
511 732
272 733
143 734
522 735
634 736
598 737
517 738
224 739
196 740
194 741
575 742
542 743
82 744
361 745
141 746
525 747
369 748
450 749
484 750
44 751
739 752
246 753
286 754
202 755
79 756
748 757
638 758
664 759
66 760
365 761
158 762
731 763
48 764
758 765
53 766
249 767
693 768
582 769
610 770
230 771
333 772
630 773
23 774
694 775
212 776
564 777
497 778
639 779
426 780
716 781
591 782
129 783
126 784
521 785
676 786
753 787
561 788
552 789
120 790
589 791
571 792
361 793
487 794
677 795
157 796
207 797
316 798
277 799
27 800
498 801
77 802
507 803
75 804
465 805
627 806
611 807
346 808
83 809
333 810
598 811
185 812
66 813
573 814
300 815
697 816
551 817
724 818
737 819
751 820
383 821
247 822
399 823
379 824
729 825
49 826
763 827
414 828
545 829
299 830
41 831
670 832
819 833
371 834
532 835
181 836
610 837
382 838
832 839
395 840
703 841
554 842
633 843
124 844
797 845
412 846
76 847
450 848
30 849
708 850
765 851
28 852
256 853
243 854
772 855
282 856
704 857
475 858
73 859
594 860
802 861
633 862
296 863
581 864
189 865
833 866
523 867
210 868
278 869
664 870
594 871
609 872
761 873
338 874
600 875
646 876
508 877
34 878
719 879
419 880
166 881
30 882
357 883
702 884
830 885
581 886
716 887
612 888
47 889
728 890
296 891
771 892
787 893
152 894
295 895
481 896
697 897
293 898
411 899
803 900
656 901
120 902
137 903
325 904
873 905
82 906
593 907
123 908
321 909
258 910
905 911
745 912
66 913
346 914
516 915
777 916
798 917
141 918
236 919
389 920
918 921
625 922
647 923
531 924
573 925
252 926
371 927
548 928
299 929
592 930
648 931
77 932
226 933
530 934
503 935
63 936
861 937
402 938
129 939
140 940
60 941
517 942
791 943
831 944
567 945
314 946
304 947
905 948
854 949
136 950
705 951
288 952
413 953
764 954
399 955
248 956
751 957
26 958
737 959
929 960
82 961
71 962
260 963
412 964
672 965
837 966
480 967
837 968
606 969
309 970
766 971
403 972
26 973
635 974
304 975
355 976
931 977
418 978
162 979
841 980
356 981
280 982
495 983
417 984
666 985
276 986
899 987
446 988
715 989
215 990
708 991
206 992
224 993
435 994
313 995
356 996
944 997
504 998
278 999
478 1000
