1 2
1 3
3 4
1 5
1 6
4 7
2 8
5 9
9 10
7 11
11 12
3 13
4 14
9 15
13 16
16 17
7 18
2 19
3 20
2 21
3 22
21 23
15 24
24 25
2 26
7 27
4 28
5 29
28 30
11 31
30 32
8 33
7 34
27 35
16 36
23 37
32 38
29 39
28 40
40 41
35 42
8 43
7 44
10 45
12 46
23 47
29 48
44 49
11 50
22 51
32 52
14 53
30 54
26 55
53 56
38 57
44 58
18 59
57 60
44 61
14 62
10 63
26 64
54 65
65 66
63 67
9 68
62 69
49 70
57 71
2 72
23 73
2 74
40 75
18 76
71 77
50 78
30 79
71 80
2 81
9 82
47 83
29 84
28 85
47 86
5 87
1 88
54 89
25 90
81 91
71 92
67 93
9 94
73 95
89 96
74 97
64 98
85 99
76 100
26 101
94 102
80 103
53 104
65 105
9 106
82 107
94 108
92 109
15 110
95 111
26 112
20 113
76 114
99 115
70 116
92 117
100 118
66 119
64 120
30 121
98 122
8 123
77 124
22 125
2 126
69 127
55 128
107 129
9 130
91 131
22 132
122 133
63 134
21 135
18 136
76 137
98 138
21 139
79 140
52 141
45 142
107 143
25 144
70 145
56 146
34 147
81 148
60 149
16 150
20 151
142 152
26 153
4 154
9 155
130 156
40 157
93 158
81 159
97 160
51 161
99 162
29 163
36 164
157 165
103 166
44 167
57 168
43 169
165 170
35 171
49 172
143 173
113 174
83 175
17 176
67 177
41 178
163 179
161 180
115 181
178 182
159 183
31 184
75 185
181 186
60 187
20 188
143 189
153 190
101 191
127 192
36 193
187 194
185 195
37 196
112 197
13 198
67 199
138 200
142 201
111 202
36 203
5 204
114 205
92 206
50 207
126 208
105 209
157 210
32 211
185 212
4 213
147 214
183 215
155 216
113 217
109 218
1 219
84 220
153 221
25 222
211 223
25 224
102 225
150 226
73 227
11 228
85 229
169 230
30 231
3 232
216 233
222 234
52 235
17 236
111 237
169 238
122 239
36 240
208 241
214 242
1 243
167 244
20 245
94 246
235 247
83 248
102 249
193 250
149 251
169 252
248 253
57 254
76 255
205 256
235 257
152 258
43 259
187 260
81 261
59 262
224 263
120 264
67 265
19 266
238 267
173 268
8 269
3 270
220 271
94 272
108 273
26 274
202 275
129 276
56 277
235 278
3 279
73 280
72 281
235 282
206 283
24 284
132 285
69 286
83 287
152 288
258 289
224 290
223 291
1 292
177 293
115 294
202 295
138 296
88 297
64 298
80 299
209 300
67 301
202 302
160 303
31 304
292 305
244 306
161 307
217 308
80 309
123 310
168 311
140 312
91 313
77 314
199 315
267 316
111 317
289 318
207 319
8 320
292 321
119 322
258 323
233 324
316 325
156 326
80 327
267 328
275 329
55 330
322 331
53 332
49 333
234 334
150 335
177 336
102 337
233 338
273 339
112 340
180 341
171 342
132 343
19 344
228 345
201 346
14 347
296 348
334 349
193 350
217 351
19 352
119 353
114 354
200 355
50 356
246 357
267 358
86 359
2 360
41 361
279 362
73 363
201 364
99 365
80 366
96 367
6 368
194 369
27 370
136 371
169 372
232 373
14 374
309 375
104 376
36 377
94 378
152 379
139 380
242 381
291 382
188 383
71 384
147 385
360 386
177 387
134 388
175 389
197 390
167 391
34 392
386 393
132 394
202 395
223 396
382 397
300 398
111 399
334 400
320 401
107 402
222 403
167 404
324 405
19 406
27 407
166 408
235 409
340 410
198 411
212 412
378 413
202 414
410 415
25 416
81 417
392 418
88 419
355 420
202 421
278 422
389 423
352 424
44 425
422 426
203 427
53 428
212 429
167 430
159 431
326 432
162 433
346 434
1 435
66 436
411 437
148 438
405 439
225 440
399 441
200 442
275 443
92 444
10 445
395 446
266 447
13 448
48 449
251 450
70 451
412 452
143 453
27 454
56 455
271 456
1 457
427 458
26 459
446 460
384 461
163 462
290 463
438 464
60 465
285 466
305 467
305 468
432 469
28 470
14 471
215 472
109 473
447 474
217 475
345 476
175 477
299 478
263 479
276 480
102 481
60 482
55 483
311 484
16 485
428 486
375 487
14 488
481 489
157 490
284 491
423 492
462 493
175 494
57 495
178 496
70 497
230 498
7 499
35 500
385 501
79 502
104 503
431 504
218 505
343 506
322 507
372 508
457 509
277 510
323 511
88 512
221 513
54 514
500 515
347 516
160 517
204 518
275 519
466 520
288 521
186 522
213 523
479 524
82 525
235 526
36 527
421 528
156 529
254 530
89 531
55 532
32 533
129 534
23 535
306 536
219 537
419 538
99 539
284 540
161 541
240 542
230 543
234 544
203 545
150 546
179 547
200 548
434 549
221 550
227 551
37 552
157 553
243 554
473 555
346 556
525 557
380 558
437 559
334 560
497 561
51 562
34 563
299 564
152 565
285 566
40 567
185 568
304 569
500 570
29 571
27 572
202 573
12 574
561 575
388 576
323 577
233 578
148 579
555 580
4 581
105 582
411 583
125 584
327 585
359 586
52 587
414 588
150 589
94 590
444 591
278 592
413 593
475 594
218 595
327 596
538 597
18 598
146 599
358 600
173 601
150 602
236 603
161 604
313 605
122 606
5 607
248 608
322 609
259 610
423 611
369 612
223 613
47 614
489 615
88 616
373 617
528 618
607 619
67 620
238 621
365 622
580 623
218 624
470 625
586 626
90 627
280 628
575 629
179 630
310 631
129 632
106 633
617 634
156 635
559 636
157 637
493 638
610 639
143 640
183 641
541 642
548 643
235 644
281 645
347 646
436 647
82 648
526 649
481 650
342 651
161 652
324 653
19 654
612 655
606 656
120 657
527 658
95 659
192 660
547 661
622 662
170 663
466 664
442 665
134 666
264 667
456 668
74 669
81 670
613 671
326 672
207 673
590 674
522 675
645 676
317 677
463 678
510 679
582 680
271 681
584 682
118 683
233 684
5 685
614 686
432 687
6 688
36 689
339 690
565 691
433 692
623 693
671 694
634 695
407 696
48 697
600 698
114 699
411 700
300 701
336 702
560 703
236 704
237 705
215 706
143 707
22 708
53 709
437 710
357 711
619 712
421 713
403 714
640 715
508 716
249 717
542 718
320 719
611 720
392 721
707 722
574 723
546 724
603 725
331 726
628 727
570 728
188 729
536 730
104 731
348 732
289 733
79 734
282 735
33 736
422 737
620 738
560 739
604 740
408 741
41 742
506 743
691 744
518 745
421 746
457 747
250 748
334 749
164 750
180 751
554 752
45 753
252 754
716 755
223 756
141 757
193 758
184 759
351 760
121 761
700 762
379 763
214 764
625 765
729 766
519 767
616 768
183 769
95 770
256 771
246 772
679 773
36 774
286 775
635 776
412 777
118 778
130 779
137 780
702 781
267 782
241 783
527 784
757 785
760 786
735 787
300 788
76 789
700 790
539 791
381 792
631 793
271 794
413 795
231 796
575 797
664 798
330 799
209 800
385 801
311 802
290 803
688 804
76 805
763 806
290 807
723 808
359 809
347 810
267 811
311 812
600 813
551 814
393 815
617 816
768 817
248 818
417 819
662 820
100 821
641 822
804 823
807 824
731 825
16 826
168 827
149 828
332 829
687 830
133 831
660 832
19 833
552 834
773 835
599 836
718 837
403 838
751 839
18 840
644 841
23 842
497 843
239 844
589 845
116 846
780 847
627 848
807 849
215 850
246 851
362 852
717 853
844 854
567 855
638 856
827 857
699 858
345 859
393 860
563 861
571 862
179 863
225 864
838 865
264 866
304 867
752 868
238 869
582 870
821 871
788 872
262 873
245 874
445 875
40 876
722 877
236 878
404 879
22 880
585 881
646 882
446 883
335 884
585 885
715 886
853 887
643 888
324 889
659 890
880 891
25 892
254 893
520 894
437 895
79 896
738 897
420 898
6 899
878 900
653 901
555 902
676 903
169 904
346 905
796 906
768 907
104 908
249 909
265 910
702 911
528 912
816 913
256 914
97 915
356 916
282 917
714 918
604 919
269 920
408 921
325 922
597 923
292 924
646 925
339 926
54 927
88 928
168 929
580 930
550 931
787 932
337 933
320 934
362 935
821 936
496 937
773 938
583 939
226 940
676 941
93 942
575 943
15 944
569 945
811 946
507 947
468 948
536 949
79 950
698 951
498 952
179 953
90 954
259 955
143 956
440 957
697 958
594 959
464 960
150 961
494 962
932 963
147 964
415 965
663 966
555 967
474 968
508 969
749 970
479 971
903 972
358 973
408 974
851 975
877 976
929 977
357 978
438 979
113 980
881 981
830 982
582 983
750 984
708 985
661 986
695 987
417 988
386 989
959 990
503 991
249 992
549 993
264 994
127 995
840 996
961 997
35 998
66 999
173 1000
