1 2
1 3
2 4
2 5
1 6
1 7
6 8
7 9
8 10
7 11
4 12
11 13
10 14
12 15
4 16
3 17
2 18
15 19
3 20
2 21
13 22
14 23
6 24
22 25
6 26
16 27
22 28
6 29
28 30
26 31
23 32
26 33
23 34
6 35
32 36
18 37
36 38
38 39
27 40
37 41
2 42
33 43
6 44
38 45
10 46
36 47
12 48
13 49
9 50
42 51
19 52
15 53
52 54
11 55
9 56
22 57
42 58
8 59
7 60
36 61
14 62
34 63
58 64
29 65
18 66
62 67
56 68
61 69
37 70
32 71
58 72
19 73
62 74
9 75
9 76
34 77
47 78
6 79
38 80
63 81
80 82
54 83
82 84
16 85
45 86
7 87
55 88
57 89
28 90
84 91
8 92
45 93
44 94
15 95
10 96
3 97
10 98
67 99
40 100
95 101
38 102
70 103
91 104
61 105
24 106
31 107
34 108
88 109
42 110
51 111
56 112
74 113
45 114
26 115
2 116
73 117
27 118
17 119
103 120
66 121
14 122
84 123
60 124
65 125
115 126
123 127
115 128
66 129
14 130
86 131
115 132
26 133
27 134
102 135
96 136
81 137
131 138
133 139
56 140
124 141
2 142
52 143
17 144
67 145
11 146
91 147
8 148
11 149
105 150
5 151
83 152
99 153
102 154
97 155
65 156
45 157
155 158
31 159
92 160
82 161
94 162
60 163
113 164
97 165
78 166
146 167
5 168
52 169
87 170
108 171
4 172
158 173
30 174
115 175
31 176
45 177
75 178
165 179
175 180
97 181
114 182
98 183
181 184
7 185
66 186
50 187
168 188
158 189
69 190
175 191
10 192
45 193
12 194
100 195
168 196
149 197
191 198
117 199
195 200
49 201
125 202
34 203
29 204
25 205
119 206
108 207
194 208
161 209
144 210
146 211
74 212
6 213
182 214
163 215
136 216
96 217
207 218
125 219
32 220
212 221
32 222
216 223
152 224
104 225
52 226
165 227
164 228
187 229
107 230
23 231
149 232
36 233
37 234
24 235
22 236
228 237
142 238
122 239
92 240
228 241
215 242
220 243
12 244
183 245
242 246
178 247
77 248
139 249
53 250
124 251
71 252
42 253
38 254
45 255
87 256
224 257
252 258
161 259
209 260
186 261
126 262
136 263
67 264
96 265
69 266
199 267
104 268
49 269
200 270
6 271
65 272
167 273
272 274
55 275
163 276
254 277
162 278
168 279
226 280
145 281
71 282
6 283
174 284
170 285
262 286
195 287
122 288
45 289
50 290
65 291
227 292
198 293
122 294
217 295
2 296
46 297
15 298
215 299
15 300
267 301
120 302
31 303
79 304
202 305
147 306
144 307
217 308
172 309
236 310
278 311
136 312
70 313
78 314
195 315
20 316
176 317
133 318
88 319
11 320
104 321
280 322
152 323
297 324
136 325
23 326
52 327
112 328
255 329
95 330
35 331
82 332
77 333
113 334
329 335
5 336
51 337
229 338
308 339
35 340
289 341
52 342
320 343
42 344
65 345
171 346
80 347
164 348
16 349
109 350
249 351
271 352
39 353
245 354
44 355
250 356
87 357
154 358
143 359
290 360
218 361
316 362
306 363
249 364
338 365
128 366
345 367
358 368
264 369
222 370
14 371
197 372
121 373
94 374
183 375
327 376
228 377
215 378
23 379
68 380
141 381
129 382
253 383
364 384
92 385
13 386
166 387
251 388
84 389
33 390
186 391
154 392
102 393
239 394
371 395
135 396
282 397
198 398
363 399
330 400
296 401
147 402
61 403
181 404
90 405
338 406
123 407
219 408
232 409
403 410
234 411
140 412
74 413
33 414
410 415
220 416
111 417
375 418
412 419
324 420
381 421
232 422
227 423
90 424
114 425
135 426
108 427
424 428
145 429
15 430
72 431
86 432
294 433
363 434
79 435
367 436
54 437
76 438
49 439
364 440
397 441
318 442
151 443
185 444
398 445
120 446
368 447
311 448
10 449
412 450
43 451
340 452
173 453
323 454
368 455
299 456
318 457
180 458
189 459
75 460
248 461
180 462
365 463
137 464
264 465
351 466
444 467
120 468
386 469
328 470
136 471
230 472
361 473
37 474
59 475
28 476
399 477
278 478
446 479
418 480
55 481
158 482
47 483
416 484
192 485
128 486
220 487
141 488
296 489
440 490
449 491
78 492
128 493
32 494
313 495
63 496
166 497
371 498
117 499
444 500
121 501
442 502
271 503
293 504
343 505
202 506
444 507
244 508
408 509
369 510
431 511
127 512
478 513
458 514
142 515
155 516
278 517
160 518
438 519
25 520
100 521
454 522
9 523
177 524
125 525
456 526
507 527
460 528
473 529
38 530
238 531
226 532
3 533
517 534
130 535
321 536
234 537
14 538
344 539
501 540
38 541
441 542
270 543
482 544
414 545
148 546
361 547
142 548
140 549
361 550
32 551
165 552
118 553
484 554
355 555
158 556
551 557
24 558
179 559
202 560
190 561
255 562
191 563
39 564
430 565
392 566
549 567
456 568
403 569
446 570
191 571
99 572
36 573
121 574
273 575
28 576
208 577
28 578
138 579
235 580
5 581
289 582
493 583
436 584
85 585
402 586
556 587
432 588
487 589
75 590
11 591
215 592
26 593
119 594
143 595
307 596
21 597
493 598
472 599
405 600
207 601
334 602
146 603
252 604
491 605
145 606
33 607
62 608
485 609
214 610
155 611
12 612
257 613
277 614
59 615
54 616
291 617
482 618
120 619
506 620
44 621
79 622
382 623
391 624
160 625
332 626
423 627
187 628
408 629
375 630
346 631
209 632
126 633
345 634
570 635
568 636
130 637
283 638
12 639
200 640
237 641
80 642
552 643
280 644
627 645
634 646
470 647
208 648
384 649
287 650
359 651
438 652
430 653
607 654
473 655
302 656
335 657
528 658
505 659
241 660
382 661
482 662
28 663
345 664
583 665
662 666
335 667
602 668
173 669
502 670
365 671
661 672
186 673
148 674
23 675
89 676
94 677
199 678
617 679
631 680
675 681
411 682
169 683
680 684
118 685
537 686
647 687
307 688
636 689
476 690
372 691
143 692
308 693
295 694
4 695
385 696
13 697
650 698
109 699
386 700
234 701
257 702
188 703
142 704
177 705
480 706
375 707
235 708
100 709
387 710
450 711
637 712
324 713
386 714
618 715
406 716
74 717
466 718
234 719
519 720
494 721
643 722
663 723
305 724
312 725
356 726
424 727
507 728
96 729
94 730
638 731
365 732
3 733
441 734
714 735
94 736
210 737
277 738
89 739
453 740
738 741
240 742
407 743
649 744
220 745
555 746
248 747
647 748
408 749
616 750
34 751
259 752
20 753
466 754
114 755
329 756
438 757
653 758
381 759
673 760
177 761
714 762
206 763
567 764
731 765
201 766
45 767
249 768
492 769
322 770
732 771
621 772
422 773
226 774
239 775
414 776
283 777
545 778
483 779
659 780
449 781
206 782
227 783
33 784
519 785
627 786
255 787
45 788
405 789
208 790
225 791
415 792
14 793
641 794
285 795
299 796
555 797
169 798
321 799
501 800
353 801
758 802
262 803
185 804
712 805
390 806
594 807
49 808
285 809
499 810
319 811
31 812
177 813
723 814
234 815
468 816
233 817
786 818
652 819
38 820
141 821
771 822
562 823
502 824
14 825
371 826
664 827
380 828
170 829
711 830
747 831
286 832
773 833
103 834
583 835
693 836
337 837
835 838
215 839
822 840
455 841
810 842
832 843
143 844
843 845
391 846
833 847
733 848
708 849
323 850
494 851
93 852
644 853
329 854
734 855
486 856
189 857
405 858
742 859
50 860
480 861
757 862
860 863
264 864
172 865
270 866
853 867
614 868
733 869
316 870
822 871
18 872
582 873
205 874
173 875
265 876
149 877
57 878
503 879
674 880
495 881
721 882
286 883
80 884
514 885
290 886
795 887
19 888
201 889
335 890
321 891
665 892
809 893
289 894
355 895
196 896
127 897
764 898
311 899
728 900
140 901
901 902
359 903
228 904
58 905
804 906
12 907
191 908
463 909
628 910
55 911
831 912
476 913
834 914
760 915
476 916
263 917
824 918
167 919
821 920
15 921
383 922
272 923
182 924
917 925
707 926
689 927
249 928
468 929
708 930
213 931
672 932
759 933
361 934
872 935
666 936
158 937
291 938
848 939
119 940
7 941
396 942
562 943
425 944
673 945
411 946
129 947
669 948
834 949
685 950
201 951
683 952
898 953
945 954
713 955
169 956
313 957
677 958
921 959
15 960
558 961
933 962
327 963
419 964
211 965
133 966
962 967
800 968
756 969
46 970
88 971
623 972
226 973
929 974
380 975
384 976
52 977
944 978
573 979
436 980
162 981
539 982
452 983
694 984
854 985
809 986
974 987
653 988
675 989
574 990
893 991
320 992
983 993
228 994
483 995
591 996
434 997
620 998
667 999
29 1000
