1 2
2 3
3 4
2 5
2 6
3 7
5 8
5 9
3 10
2 11
1 12
2 13
5 14
10 15
1 16
2 17
6 18
17 19
1 20
19 21
8 22
15 23
22 24
23 25
16 26
10 27
18 28
13 29
4 30
21 31
1 32
17 33
5 34
16 35
32 36
7 37
1 38
4 39
37 40
22 41
39 42
31 43
33 44
38 45
35 46
34 47
12 48
8 49
40 50
10 51
35 52
46 53
49 54
6 55
8 56
12 57
54 58
43 59
45 60
6 61
22 62
39 63
9 64
64 65
1 66
16 67
2 68
61 69
29 70
69 71
27 72
7 73
14 74
18 75
35 76
49 77
11 78
47 79
74 80
48 81
12 82
5 83
2 84
70 85
33 86
8 87
48 88
26 89
88 90
72 91
11 92
59 93
10 94
1 95
87 96
62 97
10 98
98 99
64 100
28 101
35 102
42 103
61 104
7 105
98 106
15 107
51 108
59 109
109 110
79 111
88 112
45 113
79 114
44 115
76 116
55 117
104 118
24 119
77 120
102 121
70 122
74 123
17 124
98 125
123 126
10 127
24 128
107 129
117 130
110 131
4 132
118 133
42 134
13 135
64 136
103 137
65 138
114 139
122 140
31 141
124 142
8 143
88 144
61 145
78 146
40 147
124 148
131 149
47 150
13 151
145 152
17 153
27 154
13 155
124 156
87 157
71 158
40 159
112 160
160 161
17 162
23 163
98 164
24 165
31 166
34 167
7 168
105 169
94 170
75 171
41 172
53 173
2 174
139 175
1 176
138 177
69 178
6 179
2 180
131 181
120 182
134 183
56 184
174 185
90 186
106 187
163 188
11 189
115 190
112 191
19 192
174 193
63 194
157 195
63 196
65 197
81 198
121 199
49 200
169 201
139 202
95 203
168 204
176 205
64 206
201 207
88 208
171 209
42 210
13 211
27 212
41 213
128 214
112 215
55 216
120 217
132 218
3 219
137 220
51 221
45 222
103 223
109 224
131 225
224 226
122 227
81 228
171 229
185 230
100 231
192 232
145 233
27 234
136 235
126 236
185 237
163 238
197 239
65 240
30 241
237 242
80 243
144 244
219 245
29 246
110 247
4 248
25 249
148 250
145 251
108 252
89 253
140 254
207 255
9 256
98 257
203 258
124 259
223 260
110 261
98 262
176 263
25 264
225 265
112 266
120 267
105 268
160 269
90 270
172 271
215 272
184 273
248 274
193 275
51 276
183 277
200 278
224 279
73 280
189 281
43 282
79 283
93 284
122 285
150 286
85 287
175 288
19 289
118 290
141 291
89 292
233 293
136 294
86 295
215 296
282 297
154 298
196 299
25 300
137 301
195 302
34 303
182 304
295 305
211 306
218 307
125 308
144 309
15 310
21 311
115 312
246 313
129 314
95 315
94 316
89 317
96 318
175 319
14 320
293 321
229 322
166 323
263 324
161 325
239 326
280 327
172 328
136 329
268 330
285 331
169 332
141 333
177 334
179 335
99 336
184 337
181 338
114 339
35 340
295 341
71 342
69 343
303 344
151 345
206 346
247 347
259 348
213 349
152 350
157 351
205 352
16 353
102 354
118 355
275 356
86 357
302 358
28 359
146 360
32 361
292 362
305 363
160 364
186 365
328 366
312 367
276 368
141 369
257 370
35 371
145 372
325 373
192 374
10 375
284 376
320 377
47 378
369 379
283 380
272 381
337 382
173 383
107 384
192 385
64 386
293 387
204 388
107 389
379 390
314 391
246 392
135 393
389 394
43 395
50 396
80 397
18 398
139 399
81 400
274 401
253 402
14 403
100 404
278 405
204 406
97 407
83 408
401 409
23 410
339 411
283 412
382 413
265 414
20 415
46 416
289 417
235 418
182 419
285 420
54 421
277 422
214 423
241 424
236 425
193 426
170 427
293 428
362 429
34 430
150 431
138 432
60 433
216 434
279 435
328 436
369 437
434 438
145 439
322 440
39 441
72 442
193 443
401 444
16 445
394 446
83 447
368 448
110 449
141 450
1 451
90 452
182 453
310 454
220 455
253 456
157 457
231 458
91 459
421 460
183 461
190 462
252 463
348 464
331 465
1 466
379 467
309 468
158 469
117 470
171 471
270 472
388 473
13 474
225 475
101 476
37 477
69 478
224 479
296 480
161 481
290 482
108 483
41 484
397 485
57 486
412 487
26 488
149 489
489 490
235 491
286 492
111 493
307 494
6 495
87 496
455 497
22 498
364 499
13 500
456 501
374 502
361 503
436 504
145 505
142 506
12 507
253 508
18 509
11 510
279 511
344 512
397 513
491 514
278 515
41 516
128 517
263 518
361 519
469 520
133 521
390 522
506 523
311 524
153 525
48 526
62 527
491 528
404 529
407 530
253 531
412 532
390 533
431 534
212 535
284 536
474 537
301 538
303 539
140 540
296 541
403 542
406 543
285 544
53 545
388 546
481 547
438 548
291 549
352 550
67 551
240 552
504 553
293 554
375 555
227 556
460 557
188 558
181 559
300 560
294 561
276 562
103 563
9 564
358 565
420 566
328 567
164 568
395 569
459 570
358 571
570 572
221 573
298 574
437 575
113 576
349 577
215 578
331 579
143 580
114 581
264 582
185 583
502 584
372 585
12 586
449 587
9 588
408 589
491 590
534 591
123 592
294 593
498 594
149 595
475 596
572 597
341 598
294 599
272 600
91 601
310 602
267 603
60 604
427 605
205 606
122 607
549 608
15 609
559 610
411 611
62 612
72 613
168 614
466 615
368 616
6 617
272 618
458 619
375 620
118 621
61 622
46 623
502 624
61 625
68 626
116 627
233 628
140 629
396 630
80 631
493 632
319 633
382 634
145 635
618 636
46 637
211 638
454 639
165 640
341 641
540 642
461 643
56 644
505 645
365 646
631 647
493 648
623 649
542 650
544 651
161 652
224 653
274 654
288 655
81 656
577 657
179 658
326 659
415 660
542 661
137 662
283 663
18 664
279 665
636 666
562 667
202 668
186 669
159 670
207 671
124 672
11 673
543 674
104 675
229 676
254 677
434 678
153 679
554 680
356 681
91 682
324 683
295 684
617 685
193 686
669 687
108 688
522 689
546 690
613 691
19 692
591 693
510 694
432 695
404 696
654 697
386 698
441 699
418 700
537 701
153 702
156 703
302 704
468 705
200 706
509 707
183 708
205 709
607 710
39 711
151 712
461 713
148 714
566 715
178 716
8 717
550 718
404 719
186 720
707 721
307 722
262 723
486 724
49 725
282 726
187 727
354 728
245 729
705 730
573 731
90 732
172 733
197 734
336 735
83 736
104 737
340 738
220 739
110 740
651 741
148 742
674 743
501 744
12 745
138 746
493 747
302 748
569 749
120 750
577 751
34 752
220 753
178 754
347 755
117 756
26 757
279 758
473 759
292 760
581 761
113 762
621 763
362 764
322 765
227 766
378 767
291 768
758 769
79 770
485 771
748 772
254 773
650 774
632 775
418 776
751 777
422 778
447 779
473 780
547 781
267 782
348 783
604 784
293 785
46 786
721 787
479 788
47 789
164 790
774 791
441 792
348 793
397 794
212 795
568 796
279 797
608 798
678 799
296 800
720 801
381 802
297 803
615 804
786 805
256 806
484 807
538 808
83 809
40 810
444 811
483 812
592 813
375 814
53 815
774 816
598 817
567 818
478 819
426 820
23 821
692 822
644 823
210 824
355 825
292 826
173 827
125 828
82 829
678 830
281 831
86 832
813 833
394 834
193 835
291 836
814 837
565 838
111 839
178 840
157 841
661 842
745 843
605 844
159 845
695 846
345 847
779 848
604 849
342 850
459 851
740 852
814 853
810 854
273 855
518 856
459 857
792 858
357 859
416 860
327 861
240 862
653 863
836 864
536 865
545 866
136 867
432 868
452 869
651 870
544 871
255 872
569 873
704 874
747 875
380 876
582 877
14 878
523 879
540 880
200 881
426 882
348 883
716 884
795 885
666 886
717 887
645 888
803 889
50 890
738 891
446 892
616 893
803 894
642 895
16 896
472 897
158 898
376 899
489 900
289 901
267 902
610 903
108 904
803 905
757 906
654 907
558 908
319 909
377 910
607 911
696 912
413 913
589 914
223 915
48 916
216 917
80 918
408 919
202 920
757 921
158 922
173 923
666 924
775 925
252 926
789 927
285 928
35 929
105 930
504 931
102 932
78 933
755 934
731 935
432 936
453 937
865 938
641 939
261 940
673 941
357 942
199 943
743 944
34 945
527 946
721 947
759 948
484 949
560 950
354 951
913 952
218 953
174 954
503 955
5 956
509 957
214 958
176 959
149 960
547 961
705 962
833 963
782 964
739 965
272 966
180 967
43 968
770 969
706 970
643 971
501 972
262 973
213 974
542 975
797 976
121 977
11 978
246 979
469 980
707 981
678 982
706 983
561 984
831 985
553 986
714 987
918 988
790 989
899 990
750 991
301 992
205 993
879 994
272 995
229 996
243 997
604 998
798 999
905 1000
