1 2
2 3
1 4
2 5
2 6
2 7
2 8
5 9
2 10
5 11
7 12
10 13
6 14
4 15
14 16
2 17
13 18
6 19
10 20
14 21
3 22
10 23
17 24
10 25
18 26
3 27
3 28
13 29
8 30
29 31
12 32
15 33
6 34
11 35
25 36
14 37
11 38
15 39
19 40
26 41
32 42
20 43
5 44
29 45
22 46
14 47
1 48
45 49
14 50
3 51
50 52
28 53
11 54
36 55
35 56
34 57
51 58
14 59
47 60
44 61
1 62
39 63
54 64
25 65
39 66
39 67
54 68
10 69
38 70
18 71
26 72
19 73
70 74
25 75
29 76
69 77
55 78
74 79
37 80
2 81
41 82
59 83
43 84
30 85
68 86
30 87
72 88
80 89
33 90
75 91
55 92
81 93
8 94
83 95
4 96
83 97
13 98
68 99
85 100
8 101
12 102
64 103
98 104
11 105
96 106
103 107
33 108
4 109
11 110
110 111
40 112
54 113
104 114
91 115
64 116
30 117
56 118
85 119
28 120
1 121
30 122
61 123
69 124
14 125
21 126
111 127
14 128
10 129
56 130
121 131
8 132
19 133
89 134
16 135
20 136
135 137
135 138
14 139
123 140
123 141
51 142
3 143
77 144
105 145
130 146
139 147
88 148
91 149
8 150
139 151
50 152
22 153
49 154
112 155
128 156
35 157
41 158
121 159
152 160
28 161
152 162
46 163
122 164
49 165
105 166
33 167
30 168
9 169
147 170
162 171
129 172
29 173
8 174
28 175
13 176
117 177
118 178
61 179
11 180
176 181
35 182
15 183
14 184
20 185
94 186
19 187
43 188
132 189
83 190
110 191
95 192
16 193
15 194
163 195
93 196
159 197
102 198
85 199
70 200
130 201
108 202
139 203
40 204
46 205
23 206
60 207
7 208
17 209
185 210
144 211
178 212
141 213
148 214
135 215
211 216
92 217
117 218
41 219
125 220
63 221
142 222
28 223
178 224
24 225
171 226
185 227
61 228
1 229
72 230
179 231
106 232
68 233
35 234
57 235
79 236
35 237
14 238
238 239
124 240
156 241
211 242
50 243
136 244
35 245
78 246
160 247
209 248
17 249
163 250
180 251
188 252
24 253
41 254
204 255
196 256
44 257
9 258
66 259
37 260
206 261
143 262
134 263
135 264
26 265
179 266
118 267
31 268
23 269
246 270
58 271
5 272
236 273
76 274
207 275
171 276
224 277
257 278
4 279
164 280
105 281
205 282
202 283
146 284
276 285
153 286
64 287
112 288
215 289
5 290
118 291
197 292
215 293
97 294
279 295
288 296
120 297
34 298
275 299
169 300
175 301
261 302
231 303
272 304
176 305
223 306
78 307
157 308
301 309
52 310
2 311
136 312
305 313
130 314
162 315
62 316
41 317
180 318
199 319
224 320
243 321
258 322
100 323
120 324
245 325
119 326
254 327
167 328
261 329
281 330
246 331
288 332
173 333
307 334
8 335
209 336
45 337
55 338
222 339
161 340
169 341
294 342
209 343
258 344
244 345
315 346
241 347
5 348
25 349
253 350
95 351
51 352
34 353
328 354
204 355
304 356
183 357
184 358
222 359
69 360
215 361
3 362
14 363
108 364
44 365
232 366
295 367
276 368
252 369
88 370
185 371
351 372
218 373
168 374
233 375
321 376
376 377
57 378
260 379
20 380
113 381
107 382
322 383
381 384
28 385
339 386
40 387
10 388
110 389
169 390
36 391
143 392
176 393
124 394
280 395
173 396
220 397
86 398
277 399
1 400
88 401
218 402
196 403
82 404
140 405
156 406
40 407
312 408
54 409
388 410
53 411
9 412
197 413
51 414
259 415
189 416
92 417
189 418
342 419
51 420
298 421
381 422
186 423
336 424
254 425
259 426
249 427
197 428
342 429
245 430
300 431
386 432
178 433
99 434
280 435
318 436
360 437
395 438
407 439
388 440
15 441
27 442
212 443
192 444
437 445
62 446
295 447
338 448
232 449
392 450
264 451
171 452
382 453
398 454
360 455
19 456
442 457
232 458
312 459
277 460
191 461
53 462
6 463
180 464
225 465
312 466
298 467
385 468
254 469
273 470
4 471
348 472
327 473
397 474
404 475
419 476
390 477
393 478
143 479
328 480
350 481
272 482
146 483
292 484
19 485
163 486
192 487
426 488
221 489
36 490
282 491
291 492
177 493
209 494
286 495
274 496
339 497
196 498
330 499
373 500
183 501
296 502
367 503
232 504
111 505
325 506
173 507
274 508
343 509
89 510
118 511
302 512
159 513
449 514
76 515
350 516
262 517
309 518
148 519
145 520
470 521
502 522
92 523
357 524
425 525
158 526
121 527
420 528
306 529
467 530
449 531
433 532
104 533
493 534
351 535
165 536
151 537
482 538
146 539
5 540
298 541
8 542
112 543
203 544
106 545
207 546
353 547
212 548
254 549
74 550
206 551
328 552
351 553
251 554
382 555
239 556
61 557
424 558
515 559
419 560
344 561
2 562
386 563
509 564
23 565
268 566
396 567
45 568
379 569
527 570
203 571
534 572
542 573
493 574
493 575
267 576
211 577
257 578
224 579
326 580
451 581
450 582
547 583
176 584
480 585
335 586
259 587
111 588
213 589
329 590
217 591
155 592
459 593
381 594
407 595
336 596
25 597
431 598
188 599
98 600
361 601
299 602
182 603
170 604
484 605
234 606
180 607
248 608
221 609
384 610
135 611
192 612
493 613
596 614
319 615
305 616
43 617
479 618
218 619
7 620
343 621
381 622
145 623
148 624
372 625
564 626
613 627
461 628
198 629
280 630
6 631
128 632
555 633
144 634
390 635
198 636
230 637
237 638
400 639
616 640
104 641
19 642
146 643
565 644
450 645
116 646
339 647
522 648
238 649
185 650
399 651
127 652
37 653
220 654
315 655
44 656
187 657
496 658
232 659
192 660
506 661
347 662
248 663
212 664
357 665
637 666
392 667
65 668
647 669
256 670
339 671
151 672
110 673
306 674
387 675
434 676
500 677
549 678
420 679
298 680
190 681
640 682
408 683
243 684
651 685
419 686
153 687
494 688
295 689
412 690
53 691
623 692
629 693
355 694
75 695
395 696
377 697
336 698
106 699
361 700
427 701
147 702
7 703
26 704
127 705
390 706
177 707
191 708
411 709
349 710
643 711
66 712
339 713
680 714
518 715
590 716
154 717
560 718
328 719
667 720
339 721
634 722
263 723
304 724
480 725
593 726
397 727
670 728
165 729
647 730
672 731
224 732
494 733
381 734
128 735
286 736
716 737
297 738
32 739
31 740
320 741
232 742
651 743
512 744
383 745
542 746
529 747
320 748
481 749
370 750
489 751
77 752
65 753
443 754
683 755
612 756
278 757
200 758
702 759
568 760
434 761
195 762
391 763
113 764
155 765
263 766
364 767
22 768
578 769
324 770
620 771
456 772
88 773
128 774
676 775
295 776
491 777
175 778
308 779
759 780
497 781
426 782
369 783
408 784
328 785
213 786
289 787
68 788
61 789
162 790
701 791
334 792
128 793
552 794
217 795
245 796
645 797
719 798
649 799
692 800
171 801
309 802
671 803
441 804
427 805
203 806
690 807
186 808
431 809
122 810
100 811
83 812
669 813
656 814
760 815
23 816
100 817
551 818
249 819
216 820
661 821
441 822
623 823
662 824
557 825
360 826
325 827
270 828
389 829
318 830
95 831
254 832
319 833
163 834
471 835
208 836
213 837
768 838
125 839
560 840
89 841
417 842
455 843
670 844
345 845
198 846
289 847
604 848
178 849
582 850
237 851
461 852
677 853
701 854
848 855
209 856
484 857
711 858
784 859
512 860
124 861
263 862
115 863
367 864
274 865
568 866
691 867
554 868
246 869
684 870
356 871
417 872
178 873
323 874
331 875
671 876
267 877
5 878
536 879
711 880
343 881
17 882
479 883
225 884
370 885
505 886
751 887
864 888
191 889
464 890
569 891
241 892
413 893
499 894
294 895
672 896
398 897
600 898
426 899
349 900
380 901
622 902
18 903
852 904
882 905
219 906
201 907
787 908
239 909
694 910
572 911
714 912
429 913
117 914
805 915
542 916
143 917
320 918
410 919
859 920
893 921
17 922
562 923
298 924
124 925
62 926
544 927
186 928
719 929
297 930
892 931
507 932
844 933
826 934
389 935
613 936
316 937
272 938
565 939
71 940
897 941
123 942
660 943
372 944
65 945
262 946
680 947
551 948
160 949
540 950
214 951
351 952
944 953
741 954
879 955
119 956
196 957
640 958
942 959
944 960
532 961
578 962
707 963
502 964
297 965
648 966
79 967
818 968
163 969
698 970
149 971
608 972
453 973
601 974
657 975
144 976
286 977
391 978
349 979
419 980
717 981
199 982
121 983
535 984
347 985
687 986
254 987
313 988
411 989
866 990
540 991
143 992
376 993
296 994
469 995
621 996
411 997
232 998
426 999
834 1000
