1 2
2 3
3 4
1 5
4 6
6 7
1 8
3 9
9 10
6 11
4 12
12 13
4 14
5 15
14 16
2 17
7 18
18 19
4 20
19 21
8 22
2 23
16 24
14 25
18 26
15 27
21 28
15 29
13 30
29 31
15 32
9 33
24 34
33 35
9 36
18 37
14 38
12 39
28 40
32 41
40 42
1 43
14 44
43 45
41 46
8 47
34 48
16 49
7 50
29 51
34 52
12 53
28 54
31 55
31 56
22 57
2 58
53 59
12 60
26 61
49 62
47 63
30 64
50 65
16 66
3 67
58 68
66 69
17 70
46 71
28 72
70 73
39 74
64 75
3 76
28 77
55 78
41 79
27 80
68 81
62 82
40 83
10 84
30 85
63 86
7 87
82 88
72 89
88 90
86 91
56 92
43 93
36 94
44 95
78 96
80 97
75 98
54 99
25 100
22 101
72 102
2 103
55 104
39 105
79 106
96 107
50 108
86 109
89 110
25 111
108 112
88 113
36 114
34 115
115 116
60 117
65 118
2 119
109 120
42 121
117 122
105 123
79 124
2 125
14 126
56 127
48 128
52 129
101 130
31 131
131 132
28 133
26 134
14 135
113 136
18 137
11 138
133 139
122 140
97 141
3 142
26 143
58 144
70 145
76 146
34 147
61 148
109 149
132 150
29 151
100 152
121 153
67 154
61 155
23 156
131 157
25 158
67 159
23 160
71 161
114 162
51 163
4 164
9 165
21 166
140 167
20 168
88 169
159 170
40 171
117 172
63 173
74 174
104 175
46 176
61 177
164 178
3 179
6 180
20 181
34 182
179 183
76 184
125 185
98 186
145 187
135 188
108 189
155 190
190 191
27 192
104 193
123 194
98 195
104 196
58 197
3 198
19 199
129 200
36 201
119 202
97 203
24 204
31 205
197 206
193 207
113 208
129 209
125 210
28 211
109 212
25 213
199 214
94 215
114 216
128 217
116 218
180 219
1 220
197 221
1 222
167 223
209 224
6 225
200 226
87 227
153 228
120 229
52 230
125 231
15 232
2 233
198 234
47 235
5 236
82 237
71 238
62 239
131 240
27 241
40 242
58 243
227 244
53 245
46 246
199 247
150 248
122 249
141 250
226 251
127 252
153 253
192 254
19 255
199 256
105 257
46 258
142 259
191 260
12 261
194 262
112 263
89 264
156 265
118 266
78 267
125 268
178 269
147 270
156 271
258 272
189 273
208 274
136 275
253 276
94 277
119 278
111 279
247 280
155 281
192 282
107 283
54 284
82 285
254 286
152 287
105 288
249 289
217 290
244 291
232 292
151 293
173 294
232 295
136 296
183 297
220 298
59 299
163 300
79 301
178 302
137 303
106 304
16 305
17 306
73 307
184 308
299 309
172 310
303 311
235 312
6 313
303 314
47 315
276 316
99 317
28 318
88 319
58 320
305 321
316 322
21 323
255 324
131 325
52 326
182 327
4 328
174 329
116 330
266 331
76 332
254 333
253 334
95 335
129 336
33 337
217 338
225 339
234 340
106 341
236 342
49 343
154 344
272 345
163 346
271 347
178 348
36 349
17 350
189 351
299 352
183 353
234 354
321 355
89 356
255 357
17 358
248 359
74 360
54 361
290 362
188 363
67 364
242 365
243 366
102 367
116 368
312 369
73 370
86 371
25 372
235 373
145 374
278 375
178 376
360 377
267 378
204 379
105 380
130 381
376 382
77 383
212 384
268 385
385 386
362 387
229 388
372 389
172 390
197 391
246 392
302 393
81 394
217 395
191 396
185 397
26 398
341 399
371 400
300 401
106 402
110 403
174 404
44 405
306 406
185 407
15 408
408 409
207 410
206 411
393 412
268 413
220 414
6 415
372 416
409 417
326 418
105 419
251 420
240 421
155 422
385 423
414 424
292 425
251 426
109 427
35 428
170 429
260 430
377 431
265 432
98 433
84 434
412 435
421 436
189 437
342 438
308 439
171 440
415 441
149 442
87 443
389 444
298 445
225 446
221 447
173 448
162 449
448 450
416 451
92 452
256 453
230 454
110 455
69 456
148 457
225 458
96 459
126 460
160 461
335 462
160 463
183 464
361 465
393 466
224 467
75 468
165 469
228 470
409 471
81 472
343 473
155 474
38 475
17 476
102 477
193 478
306 479
334 480
446 481
384 482
156 483
258 484
189 485
330 486
292 487
175 488
205 489
371 490
323 491
407 492
226 493
377 494
188 495
468 496
29 497
340 498
189 499
210 500
367 501
88 502
97 503
391 504
4 505
280 506
217 507
341 508
221 509
407 510
393 511
67 512
404 513
98 514
150 515
415 516
194 517
443 518
345 519
14 520
507 521
471 522
64 523
33 524
383 525
169 526
71 527
326 528
418 529
301 530
32 531
235 532
86 533
453 534
365 535
39 536
227 537
199 538
218 539
304 540
334 541
135 542
411 543
105 544
196 545
470 546
512 547
257 548
131 549
141 550
334 551
122 552
429 553
263 554
194 555
234 556
402 557
547 558
71 559
111 560
97 561
473 562
247 563
244 564
321 565
164 566
506 567
528 568
518 569
492 570
439 571
242 572
550 573
440 574
121 575
539 576
282 577
87 578
477 579
189 580
41 581
430 582
466 583
239 584
329 585
247 586
50 587
223 588
532 589
232 590
310 591
568 592
517 593
511 594
385 595
536 596
307 597
68 598
44 599
592 600
158 601
198 602
168 603
379 604
276 605
388 606
316 607
112 608
16 609
406 610
167 611
379 612
215 613
73 614
49 615
407 616
605 617
17 618
520 619
565 620
546 621
52 622
479 623
431 624
307 625
233 626
602 627
103 628
241 629
463 630
145 631
173 632
294 633
212 634
3 635
174 636
318 637
67 638
528 639
124 640
327 641
291 642
288 643
168 644
251 645
518 646
531 647
395 648
110 649
417 650
411 651
419 652
570 653
67 654
53 655
439 656
523 657
632 658
232 659
145 660
86 661
210 662
43 663
367 664
317 665
123 666
595 667
614 668
598 669
46 670
323 671
406 672
245 673
628 674
595 675
42 676
257 677
73 678
509 679
340 680
441 681
159 682
555 683
446 684
508 685
557 686
434 687
494 688
290 689
359 690
537 691
449 692
162 693
540 694
423 695
651 696
681 697
272 698
570 699
552 700
286 701
408 702
361 703
639 704
441 705
293 706
577 707
337 708
259 709
104 710
118 711
403 712
594 713
274 714
384 715
430 716
26 717
37 718
97 719
508 720
616 721
359 722
385 723
529 724
142 725
524 726
419 727
610 728
54 729
632 730
488 731
520 732
237 733
161 734
307 735
601 736
104 737
593 738
373 739
670 740
194 741
163 742
510 743
618 744
191 745
241 746
255 747
386 748
171 749
693 750
646 751
321 752
139 753
406 754
687 755
92 756
229 757
709 758
745 759
66 760
457 761
217 762
296 763
130 764
286 765
588 766
9 767
528 768
97 769
664 770
717 771
354 772
410 773
499 774
153 775
409 776
369 777
207 778
331 779
684 780
573 781
569 782
602 783
467 784
290 785
122 786
777 787
375 788
447 789
679 790
329 791
194 792
315 793
74 794
24 795
124 796
146 797
39 798
147 799
429 800
443 801
686 802
89 803
581 804
61 805
439 806
42 807
242 808
263 809
371 810
679 811
77 812
372 813
756 814
386 815
369 816
210 817
381 818
471 819
443 820
40 821
86 822
294 823
550 824
384 825
373 826
278 827
808 828
560 829
646 830
516 831
391 832
615 833
21 834
635 835
450 836
727 837
198 838
633 839
509 840
1 841
238 842
18 843
405 844
756 845
141 846
464 847
200 848
820 849
440 850
439 851
744 852
641 853
606 854
107 855
301 856
604 857
182 858
55 859
854 860
544 861
827 862
499 863
799 864
394 865
350 866
520 867
680 868
438 869
610 870
522 871
862 872
117 873
832 874
41 875
475 876
527 877
90 878
513 879
112 880
388 881
619 882
424 883
139 884
121 885
513 886
621 887
486 888
757 889
286 890
563 891
617 892
94 893
166 894
588 895
115 896
483 897
274 898
159 899
861 900
183 901
734 902
429 903
2 904
46 905
569 906
233 907
104 908
576 909
487 910
603 911
481 912
91 913
114 914
726 915
21 916
10 917
414 918
190 919
841 920
89 921
336 922
608 923
829 924
114 925
121 926
233 927
913 928
211 929
148 930
23 931
11 932
573 933
445 934
225 935
577 936
574 937
196 938
244 939
335 940
18 941
809 942
524 943
109 944
609 945
771 946
784 947
85 948
539 949
921 950
648 951
264 952
790 953
926 954
929 955
387 956
40 957
556 958
841 959
809 960
416 961
119 962
15 963
77 964
311 965
456 966
98 967
489 968
160 969
683 970
557 971
47 972
299 973
637 974
578 975
14 976
171 977
759 978
572 979
361 980
394 981
649 982
128 983
932 984
496 985
85 986
163 987
480 988
975 989
32 990
968 991
80 992
431 993
65 994
628 995
786 996
189 997
66 998
793 999
612 1000
