1 2
2 3
1 4
2 5
2 6
4 7
7 8
1 9
2 10
2 11
1 12
2 13
1 14
8 15
14 16
13 17
9 18
18 19
15 20
16 21
12 22
4 23
3 24
16 25
23 26
23 27
4 28
26 29
24 30
20 31
6 32
23 33
12 34
27 35
29 36
28 37
17 38
17 39
8 40
14 41
8 42
3 43
22 44
7 45
22 46
6 47
8 48
34 49
39 50
3 51
14 52
4 53
18 54
7 55
19 56
47 57
37 58
43 59
3 60
53 61
55 62
16 63
53 64
2 65
7 66
23 67
28 68
42 69
57 70
2 71
27 72
2 73
55 74
29 75
10 76
76 77
59 78
16 79
8 80
56 81
16 82
52 83
21 84
17 85
65 86
27 87
36 88
44 89
84 90
58 91
2 92
13 93
10 94
82 95
81 96
15 97
2 98
82 99
35 100
52 101
71 102
73 103
96 104
38 105
93 106
38 107
95 108
74 109
105 110
106 111
22 112
35 113
98 114
75 115
41 116
26 117
114 118
42 119
90 120
72 121
113 122
71 123
29 124
42 125
111 126
49 127
28 128
82 129
21 130
47 131
45 132
72 133
75 134
99 135
51 136
34 137
44 138
56 139
116 140
68 141
73 142
84 143
105 144
111 145
31 146
123 147
96 148
83 149
37 150
95 151
72 152
81 153
61 154
74 155
146 156
65 157
60 158
51 159
114 160
51 161
18 162
50 163
68 164
3 165
92 166
161 167
59 168
76 169
52 170
44 171
52 172
125 173
27 174
142 175
42 176
139 177
163 178
107 179
170 180
41 181
84 182
66 183
64 184
107 185
4 186
178 187
134 188
144 189
168 190
135 191
87 192
19 193
68 194
148 195
77 196
100 197
171 198
76 199
64 200
140 201
78 202
127 203
111 204
36 205
15 206
159 207
32 208
179 209
76 210
201 211
84 212
88 213
144 214
74 215
22 216
163 217
73 218
111 219
138 220
1 221
144 222
120 223
47 224
45 225
151 226
179 227
140 228
73 229
157 230
36 231
151 232
12 233
123 234
136 235
57 236
127 237
96 238
2 239
120 240
87 241
82 242
153 243
185 244
193 245
67 246
130 247
135 248
123 249
82 250
22 251
80 252
247 253
74 254
219 255
234 256
175 257
132 258
109 259
10 260
190 261
84 262
76 263
238 264
79 265
14 266
240 267
214 268
260 269
211 270
117 271
101 272
138 273
267 274
224 275
241 276
191 277
128 278
191 279
133 280
164 281
123 282
77 283
170 284
113 285
152 286
93 287
88 288
215 289
269 290
84 291
95 292
32 293
286 294
230 295
198 296
133 297
226 298
85 299
109 300
217 301
95 302
61 303
23 304
47 305
93 306
276 307
288 308
72 309
298 310
212 311
310 312
177 313
217 314
17 315
80 316
200 317
250 318
143 319
65 320
265 321
176 322
36 323
212 324
259 325
237 326
57 327
171 328
89 329
291 330
160 331
77 332
216 333
61 334
2 335
289 336
150 337
1 338
7 339
150 340
293 341
172 342
269 343
155 344
134 345
82 346
241 347
123 348
272 349
162 350
286 351
225 352
36 353
45 354
204 355
106 356
80 357
354 358
81 359
198 360
70 361
223 362
46 363
144 364
247 365
107 366
198 367
206 368
217 369
346 370
42 371
28 372
44 373
180 374
73 375
283 376
286 377
357 378
4 379
234 380
236 381
39 382
341 383
252 384
42 385
80 386
116 387
349 388
248 389
288 390
280 391
48 392
63 393
129 394
161 395
361 396
311 397
19 398
306 399
114 400
27 401
168 402
16 403
290 404
95 405
362 406
109 407
369 408
122 409
124 410
397 411
130 412
31 413
126 414
290 415
354 416
223 417
409 418
160 419
233 420
78 421
397 422
279 423
244 424
11 425
112 426
196 427
5 428
47 429
83 430
291 431
381 432
121 433
209 434
340 435
408 436
291 437
227 438
326 439
277 440
7 441
350 442
33 443
166 444
400 445
74 446
60 447
180 448
21 449
104 450
275 451
27 452
152 453
170 454
290 455
451 456
32 457
219 458
174 459
129 460
287 461
220 462
179 463
394 464
59 465
399 466
93 467
35 468
31 469
134 470
61 471
374 472
27 473
160 474
204 475
128 476
342 477
459 478
179 479
230 480
111 481
461 482
87 483
321 484
130 485
444 486
480 487
136 488
382 489
273 490
233 491
129 492
27 493
411 494
449 495
125 496
470 497
472 498
200 499
373 500
469 501
152 502
165 503
43 504
174 505
448 506
91 507
140 508
40 509
306 510
188 511
119 512
476 513
255 514
244 515
279 516
398 517
132 518
79 519
486 520
374 521
265 522
145 523
20 524
15 525
331 526
104 527
339 528
513 529
349 530
403 531
8 532
532 533
489 534
261 535
23 536
441 537
8 538
307 539
361 540
75 541
356 542
510 543
421 544
440 545
356 546
265 547
406 548
42 549
17 550
235 551
266 552
95 553
337 554
447 555
144 556
286 557
115 558
189 559
379 560
535 561
15 562
280 563
119 564
122 565
504 566
270 567
45 568
485 569
13 570
391 571
321 572
314 573
354 574
167 575
523 576
572 577
381 578
92 579
292 580
246 581
350 582
309 583
92 584
304 585
465 586
543 587
150 588
516 589
442 590
247 591
505 592
463 593
355 594
88 595
321 596
25 597
384 598
26 599
488 600
456 601
78 602
309 603
554 604
130 605
78 606
519 607
264 608
421 609
39 610
57 611
301 612
593 613
431 614
383 615
582 616
530 617
533 618
499 619
453 620
133 621
44 622
273 623
188 624
421 625
148 626
2 627
267 628
254 629
170 630
102 631
335 632
114 633
116 634
318 635
456 636
619 637
438 638
100 639
357 640
10 641
304 642
141 643
66 644
93 645
214 646
267 647
2 648
416 649
638 650
616 651
369 652
568 653
443 654
114 655
112 656
505 657
235 658
582 659
163 660
405 661
429 662
470 663
124 664
643 665
281 666
7 667
10 668
591 669
508 670
141 671
419 672
67 673
143 674
105 675
154 676
152 677
29 678
608 679
78 680
61 681
185 682
651 683
193 684
364 685
644 686
143 687
637 688
366 689
660 690
225 691
434 692
305 693
278 694
522 695
54 696
672 697
88 698
90 699
563 700
23 701
246 702
559 703
693 704
657 705
503 706
149 707
379 708
626 709
309 710
74 711
656 712
373 713
122 714
632 715
310 716
557 717
285 718
650 719
51 720
101 721
219 722
655 723
147 724
133 725
215 726
616 727
464 728
586 729
725 730
41 731
469 732
437 733
587 734
239 735
214 736
126 737
242 738
69 739
431 740
236 741
630 742
332 743
542 744
179 745
257 746
258 747
705 748
392 749
492 750
86 751
498 752
572 753
115 754
704 755
283 756
364 757
329 758
202 759
222 760
368 761
632 762
713 763
554 764
334 765
640 766
381 767
108 768
472 769
512 770
496 771
62 772
176 773
18 774
433 775
368 776
734 777
355 778
4 779
289 780
342 781
488 782
249 783
109 784
168 785
536 786
370 787
388 788
620 789
609 790
546 791
216 792
272 793
202 794
601 795
378 796
94 797
793 798
720 799
715 800
49 801
272 802
683 803
575 804
742 805
630 806
413 807
612 808
301 809
129 810
231 811
764 812
537 813
315 814
562 815
510 816
712 817
623 818
297 819
47 820
148 821
56 822
314 823
74 824
806 825
517 826
168 827
191 828
172 829
705 830
156 831
273 832
350 833
754 834
143 835
180 836
627 837
657 838
83 839
403 840
349 841
246 842
635 843
702 844
65 845
218 846
76 847
639 848
346 849
725 850
632 851
187 852
836 853
664 854
414 855
26 856
817 857
248 858
624 859
148 860
622 861
373 862
815 863
281 864
56 865
549 866
81 867
548 868
845 869
811 870
319 871
564 872
806 873
191 874
566 875
447 876
618 877
817 878
382 879
581 880
269 881
699 882
788 883
725 884
196 885
543 886
829 887
798 888
171 889
434 890
32 891
579 892
171 893
708 894
3 895
152 896
54 897
847 898
20 899
393 900
573 901
540 902
637 903
490 904
77 905
226 906
247 907
382 908
635 909
491 910
902 911
479 912
532 913
307 914
373 915
533 916
495 917
759 918
600 919
810 920
841 921
260 922
654 923
422 924
130 925
354 926
169 927
390 928
338 929
268 930
879 931
300 932
494 933
390 934
455 935
134 936
516 937
571 938
610 939
54 940
409 941
201 942
866 943
243 944
68 945
164 946
11 947
717 948
403 949
380 950
514 951
602 952
382 953
390 954
733 955
493 956
898 957
117 958
541 959
291 960
390 961
516 962
227 963
299 964
259 965
153 966
638 967
548 968
770 969
857 970
680 971
846 972
347 973
726 974
235 975
344 976
686 977
514 978
607 979
301 980
270 981
250 982
616 983
857 984
269 985
313 986
510 987
852 988
510 989
491 990
216 991
108 992
326 993
27 994
415 995
421 996
733 997
127 998
962 999
63 1000
