1 2
1 3
2 4
2 5
4 6
4 7
2 8
7 9
5 10
1 11
7 12
1 13
9 14
1 15
10 16
6 17
14 18
6 19
9 20
4 21
18 22
20 23
21 24
23 25
25 26
4 27
10 28
12 29
2 30
12 31
6 32
19 33
24 34
28 35
4 36
33 37
10 38
33 39
4 40
1 41
20 42
42 43
37 44
38 45
17 46
28 47
36 48
46 49
38 50
16 51
14 52
48 53
9 54
42 55
17 56
28 57
26 58
54 59
39 60
10 61
14 62
62 63
57 64
58 65
13 66
34 67
19 68
12 69
20 70
15 71
42 72
5 73
68 74
17 75
42 76
41 77
70 78
26 79
26 80
77 81
58 82
13 83
74 84
56 85
74 86
76 87
64 88
38 89
79 90
37 91
3 92
64 93
17 94
52 95
19 96
69 97
40 98
75 99
28 100
70 101
32 102
30 103
54 104
40 105
20 106
19 107
15 108
37 109
83 110
18 111
1 112
104 113
78 114
65 115
2 116
86 117
107 118
62 119
64 120
91 121
11 122
71 123
30 124
26 125
87 126
37 127
13 128
110 129
35 130
127 131
47 132
62 133
18 134
78 135
19 136
108 137
14 138
46 139
14 140
116 141
140 142
49 143
136 144
25 145
144 146
111 147
135 148
74 149
55 150
105 151
66 152
71 153
110 154
112 155
59 156
55 157
150 158
26 159
140 160
31 161
49 162
137 163
87 164
81 165
110 166
23 167
75 168
124 169
66 170
90 171
89 172
139 173
7 174
115 175
24 176
89 177
15 178
172 179
83 180
167 181
102 182
109 183
145 184
85 185
144 186
175 187
3 188
35 189
141 190
158 191
16 192
182 193
4 194
130 195
147 196
167 197
158 198
1 199
147 200
10 201
161 202
154 203
11 204
130 205
28 206
143 207
157 208
45 209
121 210
210 211
141 212
211 213
201 214
146 215
82 216
109 217
201 218
173 219
210 220
90 221
37 222
176 223
160 224
217 225
186 226
41 227
6 228
21 229
159 230
45 231
6 232
184 233
113 234
114 235
235 236
117 237
195 238
100 239
35 240
6 241
44 242
200 243
208 244
239 245
106 246
192 247
92 248
177 249
59 250
98 251
213 252
5 253
211 254
11 255
125 256
95 257
111 258
210 259
142 260
75 261
3 262
10 263
85 264
44 265
82 266
58 267
127 268
95 269
141 270
133 271
48 272
148 273
190 274
137 275
58 276
11 277
239 278
87 279
221 280
110 281
147 282
233 283
246 284
212 285
109 286
85 287
283 288
202 289
184 290
86 291
1 292
278 293
203 294
23 295
217 296
39 297
143 298
228 299
274 300
217 301
164 302
190 303
32 304
3 305
289 306
224 307
151 308
77 309
168 310
73 311
149 312
197 313
137 314
178 315
209 316
178 317
7 318
87 319
123 320
120 321
57 322
225 323
323 324
34 325
264 326
209 327
88 328
79 329
162 330
286 331
120 332
38 333
310 334
9 335
320 336
183 337
282 338
6 339
91 340
290 341
297 342
55 343
135 344
127 345
106 346
276 347
166 348
307 349
287 350
248 351
334 352
296 353
303 354
115 355
21 356
49 357
275 358
67 359
23 360
267 361
287 362
152 363
34 364
229 365
153 366
169 367
65 368
218 369
323 370
68 371
131 372
359 373
168 374
145 375
354 376
187 377
84 378
25 379
77 380
199 381
336 382
305 383
200 384
47 385
87 386
379 387
30 388
350 389
205 390
259 391
257 392
89 393
214 394
71 395
72 396
360 397
252 398
182 399
130 400
55 401
185 402
146 403
378 404
278 405
365 406
362 407
260 408
403 409
1 410
310 411
17 412
322 413
266 414
5 415
318 416
337 417
269 418
254 419
102 420
347 421
216 422
133 423
228 424
373 425
22 426
293 427
314 428
420 429
322 430
372 431
33 432
128 433
110 434
361 435
234 436
384 437
111 438
47 439
170 440
236 441
346 442
231 443
339 444
373 445
13 446
369 447
111 448
410 449
209 450
108 451
391 452
262 453
14 454
314 455
198 456
56 457
243 458
457 459
249 460
296 461
406 462
303 463
398 464
36 465
41 466
466 467
178 468
331 469
339 470
195 471
237 472
22 473
16 474
61 475
45 476
258 477
7 478
208 479
7 480
57 481
13 482
157 483
382 484
291 485
380 486
33 487
465 488
278 489
115 490
490 491
37 492
375 493
203 494
87 495
400 496
356 497
290 498
20 499
63 500
201 501
479 502
168 503
434 504
176 505
12 506
321 507
204 508
251 509
102 510
327 511
311 512
94 513
353 514
17 515
444 516
48 517
17 518
398 519
90 520
216 521
406 522
18 523
82 524
187 525
83 526
286 527
338 528
208 529
424 530
480 531
138 532
171 533
226 534
471 535
509 536
135 537
466 538
351 539
134 540
50 541
517 542
375 543
121 544
315 545
540 546
428 547
317 548
209 549
374 550
374 551
417 552
270 553
365 554
201 555
64 556
345 557
420 558
361 559
180 560
244 561
252 562
519 563
448 564
407 565
157 566
25 567
288 568
119 569
328 570
332 571
231 572
365 573
291 574
240 575
309 576
85 577
308 578
578 579
180 580
378 581
46 582
315 583
90 584
498 585
284 586
242 587
312 588
555 589
134 590
239 591
281 592
485 593
316 594
38 595
113 596
447 597
202 598
315 599
333 600
78 601
207 602
149 603
346 604
353 605
557 606
429 607
565 608
389 609
69 610
350 611
440 612
259 613
382 614
151 615
297 616
559 617
502 618
232 619
267 620
15 621
239 622
511 623
512 624
487 625
309 626
246 627
271 628
263 629
105 630
538 631
579 632
89 633
63 634
98 635
7 636
133 637
577 638
266 639
257 640
360 641
394 642
48 643
643 644
610 645
14 646
30 647
577 648
92 649
397 650
424 651
647 652
488 653
353 654
584 655
523 656
620 657
402 658
439 659
583 660
601 661
74 662
63 663
603 664
399 665
30 666
192 667
492 668
133 669
134 670
246 671
585 672
86 673
466 674
646 675
545 676
80 677
42 678
464 679
367 680
446 681
220 682
294 683
529 684
182 685
301 686
542 687
540 688
161 689
373 690
115 691
475 692
624 693
220 694
293 695
425 696
324 697
547 698
263 699
577 700
609 701
595 702
30 703
76 704
570 705
287 706
320 707
220 708
255 709
516 710
569 711
664 712
481 713
31 714
460 715
40 716
504 717
491 718
15 719
195 720
482 721
229 722
513 723
378 724
611 725
520 726
581 727
230 728
225 729
498 730
148 731
504 732
448 733
642 734
384 735
604 736
101 737
431 738
559 739
470 740
36 741
475 742
584 743
697 744
7 745
279 746
404 747
256 748
639 749
254 750
543 751
23 752
453 753
364 754
644 755
427 756
540 757
612 758
75 759
556 760
142 761
540 762
416 763
640 764
215 765
361 766
687 767
499 768
587 769
724 770
569 771
182 772
728 773
288 774
477 775
612 776
177 777
234 778
460 779
567 780
28 781
513 782
208 783
678 784
213 785
218 786
574 787
439 788
159 789
534 790
229 791
180 792
570 793
532 794
781 795
552 796
407 797
80 798
564 799
774 800
11 801
126 802
500 803
751 804
561 805
269 806
673 807
195 808
698 809
595 810
404 811
490 812
537 813
536 814
373 815
612 816
102 817
418 818
377 819
810 820
79 821
449 822
769 823
609 824
569 825
401 826
343 827
44 828
716 829
756 830
418 831
329 832
194 833
285 834
17 835
628 836
792 837
237 838
708 839
384 840
496 841
778 842
522 843
842 844
580 845
25 846
482 847
316 848
772 849
134 850
627 851
114 852
238 853
523 854
231 855
486 856
659 857
469 858
842 859
390 860
180 861
138 862
593 863
435 864
293 865
226 866
41 867
673 868
92 869
129 870
725 871
371 872
210 873
458 874
562 875
138 876
96 877
733 878
277 879
19 880
611 881
536 882
767 883
826 884
252 885
881 886
832 887
511 888
337 889
382 890
807 891
206 892
799 893
82 894
723 895
768 896
540 897
530 898
779 899
161 900
721 901
445 902
789 903
630 904
114 905
898 906
33 907
737 908
724 909
700 910
591 911
466 912
509 913
891 914
638 915
56 916
243 917
828 918
912 919
510 920
30 921
393 922
907 923
755 924
261 925
898 926
439 927
74 928
395 929
695 930
559 931
461 932
46 933
768 934
587 935
712 936
284 937
64 938
17 939
223 940
870 941
822 942
120 943
446 944
477 945
702 946
780 947
497 948
165 949
698 950
408 951
175 952
635 953
893 954
875 955
323 956
353 957
77 958
942 959
555 960
221 961
80 962
428 963
536 964
442 965
525 966
352 967
750 968
48 969
18 970
392 971
918 972
856 973
210 974
527 975
248 976
374 977
70 978
130 979
859 980
322 981
11 982
357 983
325 984
434 985
566 986
287 987
19 988
919 989
603 990
570 991
581 992
965 993
590 994
388 995
727 996
905 997
747 998
307 999
430 1000
