1 2
2 3
1 4
3 5
1 6
4 7
5 8
2 9
9 10
10 11
5 12
1 13
7 14
7 15
15 16
4 17
14 18
10 19
11 20
2 21
1 22
16 23
22 24
4 25
24 26
2 27
17 28
21 29
10 30
9 31
19 32
32 33
19 34
22 35
26 36
4 37
19 38
32 39
28 40
28 41
7 42
3 43
35 44
7 45
17 46
39 47
28 48
34 49
42 50
36 51
19 52
19 53
11 54
10 55
19 56
24 57
50 58
44 59
19 60
55 61
43 62
59 63
53 64
13 65
20 66
33 67
24 68
18 69
44 70
6 71
3 72
65 73
36 74
46 75
4 76
53 77
66 78
57 79
32 80
30 81
34 82
31 83
4 84
55 85
58 86
4 87
25 88
80 89
69 90
74 91
68 92
17 93
72 94
89 95
31 96
56 97
19 98
29 99
25 100
20 101
89 102
93 103
35 104
102 105
81 106
94 107
10 108
62 109
42 110
36 111
102 112
88 113
28 114
85 115
38 116
59 117
95 118
51 119
110 120
10 121
29 122
97 123
51 124
66 125
19 126
34 127
3 128
89 129
112 130
73 131
124 132
69 133
77 134
64 135
9 136
114 137
127 138
68 139
63 140
8 141
112 142
4 143
49 144
106 145
38 146
133 147
138 148
17 149
74 150
129 151
87 152
115 153
38 154
20 155
153 156
9 157
143 158
99 159
37 160
45 161
59 162
30 163
160 164
81 165
97 166
63 167
13 168
92 169
70 170
63 171
126 172
132 173
64 174
55 175
143 176
145 177
112 178
46 179
113 180
147 181
47 182
9 183
169 184
14 185
157 186
23 187
105 188
17 189
183 190
143 191
38 192
108 193
142 194
13 195
13 196
87 197
84 198
132 199
192 200
148 201
153 202
23 203
26 204
10 205
146 206
36 207
39 208
119 209
90 210
68 211
52 212
186 213
20 214
104 215
95 216
184 217
195 218
47 219
185 220
65 221
46 222
206 223
37 224
151 225
143 226
15 227
150 228
179 229
198 230
164 231
68 232
143 233
11 234
116 235
23 236
220 237
74 238
118 239
131 240
6 241
176 242
16 243
197 244
170 245
157 246
201 247
6 248
22 249
49 250
116 251
120 252
50 253
29 254
119 255
200 256
202 257
241 258
98 259
14 260
128 261
64 262
18 263
144 264
98 265
4 266
215 267
91 268
105 269
114 270
240 271
147 272
138 273
106 274
14 275
99 276
170 277
158 278
4 279
225 280
97 281
77 282
37 283
176 284
46 285
58 286
263 287
168 288
27 289
159 290
193 291
34 292
35 293
124 294
286 295
224 296
2 297
250 298
165 299
64 300
215 301
134 302
192 303
32 304
233 305
16 306
26 307
221 308
254 309
37 310
214 311
104 312
59 313
115 314
273 315
215 316
275 317
143 318
31 319
156 320
259 321
108 322
97 323
204 324
45 325
234 326
77 327
117 328
150 329
325 330
13 331
104 332
263 333
48 334
294 335
132 336
262 337
104 338
43 339
86 340
129 341
334 342
247 343
54 344
167 345
92 346
153 347
81 348
86 349
7 350
56 351
136 352
290 353
37 354
309 355
260 356
23 357
204 358
316 359
204 360
180 361
327 362
115 363
182 364
3 365
108 366
321 367
240 368
274 369
276 370
264 371
4 372
194 373
7 374
66 375
90 376
277 377
282 378
80 379
343 380
80 381
71 382
66 383
355 384
45 385
281 386
126 387
64 388
209 389
120 390
188 391
144 392
285 393
323 394
36 395
250 396
294 397
114 398
214 399
221 400
171 401
383 402
317 403
70 404
122 405
171 406
288 407
81 408
255 409
237 410
330 411
286 412
186 413
38 414
65 415
166 416
307 417
21 418
415 419
291 420
188 421
66 422
118 423
110 424
135 425
224 426
360 427
226 428
164 429
2 430
232 431
402 432
44 433
293 434
111 435
397 436
371 437
97 438
146 439
325 440
236 441
45 442
172 443
443 444
137 445
239 446
200 447
369 448
387 449
326 450
313 451
87 452
78 453
56 454
59 455
183 456
146 457
157 458
291 459
108 460
266 461
13 462
159 463
341 464
63 465
263 466
391 467
224 468
335 469
444 470
101 471
331 472
104 473
63 474
319 475
285 476
165 477
324 478
107 479
127 480
253 481
250 482
433 483
358 484
224 485
435 486
214 487
340 488
317 489
403 490
15 491
462 492
210 493
225 494
393 495
59 496
185 497
117 498
205 499
264 500
301 501
422 502
114 503
6 504
338 505
503 506
137 507
147 508
95 509
57 510
451 511
50 512
221 513
210 514
158 515
136 516
359 517
441 518
486 519
190 520
84 521
106 522
481 523
6 524
229 525
388 526
219 527
357 528
500 529
33 530
239 531
89 532
268 533
461 534
283 535
327 536
271 537
419 538
71 539
527 540
178 541
261 542
176 543
150 544
190 545
536 546
86 547
341 548
243 549
291 550
110 551
476 552
26 553
286 554
419 555
404 556
98 557
255 558
543 559
555 560
510 561
166 562
477 563
512 564
496 565
37 566
188 567
439 568
568 569
329 570
454 571
399 572
105 573
536 574
136 575
285 576
484 577
258 578
185 579
502 580
580 581
304 582
237 583
513 584
566 585
329 586
515 587
50 588
251 589
296 590
537 591
429 592
352 593
332 594
57 595
379 596
264 597
255 598
467 599
454 600
266 601
543 602
6 603
388 604
338 605
30 606
494 607
504 608
403 609
314 610
176 611
447 612
361 613
125 614
568 615
582 616
470 617
601 618
86 619
572 620
402 621
255 622
475 623
405 624
256 625
195 626
540 627
13 628
391 629
585 630
446 631
389 632
583 633
222 634
568 635
325 636
232 637
18 638
253 639
600 640
309 641
29 642
637 643
560 644
93 645
404 646
97 647
100 648
372 649
125 650
191 651
463 652
406 653
604 654
32 655
192 656
617 657
352 658
333 659
614 660
19 661
241 662
14 663
74 664
581 665
147 666
148 667
328 668
70 669
104 670
97 671
281 672
301 673
155 674
554 675
603 676
667 677
369 678
254 679
61 680
402 681
625 682
360 683
65 684
252 685
243 686
72 687
226 688
337 689
505 690
611 691
138 692
213 693
219 694
456 695
425 696
379 697
341 698
625 699
100 700
655 701
289 702
341 703
168 704
661 705
39 706
67 707
40 708
610 709
17 710
161 711
251 712
200 713
80 714
298 715
90 716
44 717
18 718
242 719
528 720
390 721
4 722
166 723
176 724
30 725
358 726
185 727
280 728
728 729
70 730
561 731
489 732
718 733
704 734
163 735
136 736
432 737
418 738
44 739
661 740
213 741
57 742
298 743
196 744
704 745
30 746
164 747
234 748
661 749
683 750
218 751
122 752
740 753
700 754
746 755
131 756
58 757
273 758
33 759
353 760
666 761
234 762
121 763
747 764
529 765
476 766
727 767
288 768
433 769
440 770
16 771
69 772
359 773
496 774
192 775
102 776
687 777
758 778
145 779
107 780
672 781
558 782
350 783
108 784
576 785
163 786
476 787
143 788
605 789
643 790
394 791
786 792
611 793
132 794
352 795
113 796
470 797
331 798
440 799
377 800
651 801
611 802
136 803
61 804
519 805
730 806
285 807
799 808
792 809
598 810
56 811
142 812
195 813
181 814
638 815
749 816
534 817
362 818
278 819
403 820
699 821
799 822
367 823
282 824
600 825
177 826
208 827
714 828
471 829
647 830
449 831
245 832
451 833
650 834
338 835
767 836
536 837
364 838
301 839
316 840
611 841
747 842
393 843
218 844
397 845
763 846
122 847
621 848
297 849
428 850
253 851
322 852
602 853
483 854
110 855
502 856
358 857
321 858
579 859
662 860
268 861
648 862
223 863
347 864
456 865
261 866
514 867
68 868
600 869
31 870
523 871
501 872
258 873
733 874
428 875
568 876
79 877
672 878
532 879
151 880
646 881
528 882
633 883
857 884
538 885
704 886
49 887
831 888
278 889
194 890
824 891
682 892
231 893
826 894
194 895
200 896
501 897
125 898
15 899
30 900
850 901
128 902
308 903
559 904
93 905
379 906
581 907
405 908
216 909
390 910
843 911
162 912
463 913
647 914
462 915
145 916
700 917
466 918
609 919
441 920
329 921
428 922
905 923
144 924
371 925
664 926
397 927
736 928
261 929
141 930
283 931
691 932
688 933
873 934
226 935
336 936
256 937
290 938
345 939
314 940
466 941
450 942
884 943
576 944
711 945
9 946
536 947
671 948
28 949
383 950
418 951
483 952
694 953
627 954
86 955
692 956
712 957
754 958
764 959
690 960
891 961
422 962
920 963
234 964
519 965
735 966
44 967
925 968
348 969
178 970
691 971
170 972
3 973
207 974
310 975
232 976
741 977
690 978
368 979
513 980
258 981
591 982
241 983
522 984
797 985
846 986
426 987
739 988
195 989
485 990
219 991
218 992
134 993
930 994
451 995
395 996
651 997
274 998
401 999
308 1000
