1 2
2 3
1 4
2 5
4 6
6 7
5 8
7 9
6 10
7 11
8 12
2 13
2 14
8 15
2 16
1 17
13 18
4 19
17 20
9 21
10 22
15 23
10 24
21 25
3 26
2 27
9 28
24 29
14 30
12 31
20 32
32 33
8 34
31 35
33 36
11 37
30 38
5 39
6 40
17 41
29 42
16 43
20 44
5 45
10 46
29 47
7 48
40 49
24 50
36 51
40 52
12 53
15 54
9 55
42 56
45 57
53 58
1 59
30 60
19 61
32 62
61 63
51 64
36 65
38 66
56 67
60 68
19 69
35 70
63 71
7 72
4 73
38 74
6 75
63 76
17 77
76 78
73 79
33 80
12 81
70 82
10 83
21 84
81 85
13 86
16 87
60 88
73 89
16 90
50 91
14 92
41 93
18 94
42 95
64 96
48 97
49 98
76 99
19 100
88 101
13 102
62 103
96 104
82 105
21 106
43 107
28 108
1 109
9 110
13 111
55 112
103 113
105 114
91 115
26 116
62 117
10 118
47 119
7 120
11 121
34 122
121 123
61 124
20 125
122 126
10 127
46 128
115 129
7 130
94 131
71 132
37 133
11 134
58 135
53 136
123 137
96 138
121 139
43 140
22 141
115 142
97 143
91 144
144 145
23 146
111 147
85 148
94 149
92 150
37 151
140 152
91 153
81 154
88 155
11 156
11 157
33 158
73 159
114 160
71 161
85 162
141 163
16 164
69 165
87 166
130 167
95 168
36 169
78 170
22 171
169 172
127 173
34 174
44 175
12 176
13 177
48 178
54 179
140 180
55 181
126 182
102 183
138 184
111 185
154 186
174 187
159 188
20 189
44 190
99 191
140 192
128 193
124 194
187 195
81 196
174 197
105 198
52 199
158 200
106 201
86 202
76 203
51 204
202 205
191 206
83 207
130 208
67 209
92 210
122 211
192 212
163 213
103 214
116 215
20 216
211 217
217 218
55 219
34 220
29 221
83 222
204 223
181 224
120 225
87 226
210 227
121 228
71 229
99 230
75 231
118 232
215 233
51 234
156 235
1 236
20 237
173 238
29 239
24 240
74 241
221 242
58 243
78 244
133 245
10 246
125 247
89 248
110 249
115 250
57 251
12 252
241 253
213 254
110 255
101 256
151 257
132 258
185 259
96 260
59 261
59 262
262 263
106 264
95 265
55 266
42 267
182 268
18 269
146 270
154 271
268 272
152 273
84 274
207 275
180 276
260 277
165 278
105 279
11 280
103 281
30 282
235 283
136 284
53 285
6 286
66 287
236 288
205 289
104 290
184 291
31 292
264 293
50 294
270 295
20 296
196 297
62 298
252 299
229 300
76 301
237 302
169 303
252 304
175 305
114 306
23 307
279 308
123 309
242 310
185 311
271 312
189 313
139 314
103 315
156 316
91 317
270 318
25 319
86 320
246 321
109 322
104 323
260 324
56 325
195 326
31 327
236 328
147 329
95 330
150 331
257 332
81 333
215 334
256 335
118 336
141 337
127 338
89 339
243 340
181 341
271 342
253 343
58 344
320 345
5 346
278 347
2 348
224 349
3 350
62 351
179 352
33 353
140 354
290 355
133 356
324 357
128 358
270 359
119 360
249 361
156 362
160 363
294 364
277 365
234 366
232 367
278 368
55 369
249 370
164 371
12 372
332 373
232 374
176 375
268 376
369 377
217 378
206 379
313 380
90 381
31 382
21 383
211 384
355 385
347 386
286 387
298 388
123 389
36 390
64 391
54 392
55 393
384 394
279 395
239 396
201 397
6 398
281 399
311 400
104 401
357 402
126 403
113 404
224 405
215 406
59 407
281 408
6 409
240 410
230 411
297 412
31 413
336 414
194 415
21 416
185 417
136 418
203 419
120 420
369 421
221 422
351 423
192 424
37 425
52 426
16 427
262 428
410 429
244 430
179 431
400 432
427 433
5 434
269 435
278 436
353 437
271 438
72 439
333 440
269 441
26 442
378 443
401 444
76 445
249 446
327 447
45 448
51 449
400 450
223 451
400 452
29 453
423 454
410 455
396 456
127 457
363 458
230 459
260 460
396 461
369 462
34 463
376 464
342 465
336 466
278 467
119 468
147 469
321 470
336 471
183 472
166 473
139 474
186 475
226 476
45 477
446 478
299 479
242 480
152 481
463 482
101 483
94 484
403 485
460 486
151 487
104 488
429 489
421 490
31 491
167 492
182 493
247 494
399 495
362 496
367 497
445 498
268 499
299 500
474 501
140 502
239 503
474 504
463 505
367 506
353 507
345 508
92 509
142 510
478 511
179 512
416 513
348 514
509 515
447 516
198 517
330 518
340 519
358 520
466 521
279 522
501 523
219 524
390 525
271 526
241 527
192 528
217 529
40 530
406 531
55 532
320 533
163 534
349 535
378 536
230 537
163 538
275 539
399 540
403 541
330 542
222 543
299 544
128 545
518 546
421 547
490 548
301 549
31 550
215 551
143 552
184 553
505 554
216 555
220 556
352 557
536 558
421 559
199 560
201 561
484 562
324 563
150 564
192 565
162 566
189 567
319 568
343 569
233 570
350 571
301 572
361 573
164 574
463 575
66 576
371 577
262 578
183 579
135 580
139 581
313 582
60 583
229 584
218 585
54 586
36 587
364 588
196 589
299 590
589 591
562 592
531 593
308 594
126 595
71 596
373 597
472 598
236 599
568 600
583 601
598 602
297 603
8 604
357 605
501 606
4 607
341 608
215 609
312 610
5 611
433 612
442 613
21 614
99 615
165 616
389 617
375 618
535 619
42 620
470 621
515 622
395 623
84 624
268 625
377 626
220 627
97 628
60 629
284 630
521 631
213 632
207 633
282 634
312 635
149 636
539 637
184 638
491 639
105 640
228 641
168 642
179 643
560 644
509 645
548 646
272 647
179 648
577 649
184 650
621 651
306 652
384 653
10 654
63 655
569 656
103 657
483 658
235 659
204 660
14 661
129 662
315 663
441 664
467 665
257 666
665 667
242 668
592 669
205 670
500 671
109 672
220 673
48 674
11 675
107 676
518 677
574 678
112 679
304 680
270 681
244 682
620 683
222 684
73 685
583 686
154 687
185 688
585 689
397 690
429 691
108 692
4 693
70 694
452 695
610 696
566 697
285 698
114 699
673 700
450 701
221 702
60 703
581 704
52 705
41 706
374 707
418 708
173 709
551 710
246 711
246 712
298 713
415 714
192 715
599 716
479 717
87 718
175 719
179 720
223 721
214 722
637 723
138 724
574 725
540 726
246 727
692 728
13 729
323 730
162 731
202 732
340 733
295 734
539 735
47 736
696 737
621 738
67 739
189 740
434 741
565 742
671 743
534 744
519 745
257 746
645 747
87 748
107 749
169 750
120 751
181 752
164 753
288 754
291 755
638 756
475 757
674 758
614 759
708 760
90 761
654 762
448 763
13 764
506 765
679 766
756 767
444 768
68 769
421 770
728 771
481 772
38 773
76 774
381 775
451 776
702 777
424 778
110 779
70 780
174 781
605 782
700 783
622 784
780 785
629 786
414 787
62 788
274 789
624 790
317 791
55 792
447 793
576 794
593 795
469 796
129 797
513 798
595 799
288 800
696 801
558 802
796 803
119 804
451 805
557 806
149 807
636 808
524 809
377 810
543 811
523 812
301 813
36 814
614 815
7 816
683 817
536 818
756 819
690 820
483 821
143 822
73 823
532 824
79 825
120 826
437 827
101 828
767 829
588 830
489 831
385 832
144 833
594 834
581 835
110 836
242 837
124 838
488 839
59 840
741 841
42 842
215 843
160 844
27 845
139 846
106 847
293 848
664 849
107 850
604 851
476 852
66 853
221 854
243 855
349 856
344 857
762 858
438 859
660 860
808 861
450 862
437 863
180 864
253 865
98 866
557 867
752 868
305 869
745 870
799 871
164 872
150 873
402 874
716 875
432 876
191 877
627 878
147 879
745 880
231 881
432 882
102 883
34 884
624 885
124 886
627 887
610 888
503 889
78 890
668 891
675 892
519 893
325 894
518 895
275 896
613 897
881 898
111 899
383 900
722 901
584 902
671 903
291 904
572 905
279 906
304 907
338 908
821 909
268 910
480 911
64 912
774 913
681 914
157 915
249 916
552 917
342 918
279 919
205 920
775 921
79 922
793 923
270 924
846 925
318 926
400 927
709 928
222 929
754 930
514 931
182 932
859 933
56 934
861 935
67 936
66 937
506 938
648 939
174 940
300 941
858 942
282 943
727 944
191 945
803 946
909 947
855 948
83 949
362 950
192 951
226 952
293 953
712 954
195 955
269 956
282 957
76 958
654 959
69 960
601 961
485 962
349 963
840 964
161 965
260 966
284 967
70 968
682 969
209 970
62 971
9 972
287 973
798 974
466 975
76 976
111 977
213 978
259 979
111 980
30 981
945 982
401 983
27 984
694 985
632 986
603 987
138 988
437 989
836 990
988 991
903 992
889 993
474 994
283 995
878 996
25 997
461 998
30 999
538 1000
