1 2
1 3
2 4
3 5
2 6
2 7
7 8
8 9
5 10
2 11
3 12
4 13
8 14
6 15
2 16
6 17
14 18
9 19
14 20
19 21
8 22
19 23
7 24
23 25
2 26
18 27
14 28
26 29
25 30
2 31
1 32
22 33
32 34
18 35
26 36
11 37
19 38
32 39
7 40
25 41
4 42
39 43
7 44
5 45
33 46
16 47
21 48
30 49
35 50
44 51
6 52
30 53
42 54
24 55
33 56
40 57
8 58
6 59
44 60
5 61
54 62
14 63
25 64
57 65
11 66
53 67
49 68
28 69
20 70
27 71
1 72
62 73
39 74
65 75
26 76
66 77
28 78
29 79
70 80
42 81
44 82
3 83
55 84
25 85
64 86
63 87
25 88
57 89
36 90
46 91
8 92
33 93
72 94
36 95
50 96
79 97
7 98
18 99
16 100
18 101
73 102
26 103
58 104
58 105
1 106
60 107
97 108
75 109
69 110
30 111
103 112
72 113
27 114
64 115
65 116
56 117
83 118
46 119
30 120
38 121
26 122
79 123
85 124
120 125
77 126
53 127
45 128
93 129
21 130
105 131
110 132
105 133
102 134
24 135
88 136
58 137
106 138
114 139
31 140
134 141
126 142
59 143
60 144
66 145
6 146
51 147
43 148
134 149
138 150
146 151
109 152
1 153
33 154
79 155
30 156
78 157
72 158
65 159
156 160
106 161
129 162
107 163
162 164
97 165
67 166
14 167
158 168
103 169
5 170
153 171
121 172
114 173
172 174
1 175
46 176
164 177
8 178
166 179
100 180
42 181
137 182
37 183
164 184
176 185
132 186
45 187
83 188
9 189
165 190
58 191
1 192
15 193
83 194
4 195
99 196
23 197
85 198
102 199
186 200
53 201
91 202
77 203
93 204
19 205
167 206
50 207
103 208
33 209
144 210
151 211
11 212
211 213
90 214
167 215
64 216
77 217
88 218
84 219
83 220
92 221
157 222
77 223
66 224
208 225
36 226
197 227
65 228
110 229
45 230
185 231
121 232
129 233
26 234
164 235
117 236
178 237
123 238
14 239
188 240
240 241
59 242
98 243
113 244
94 245
131 246
176 247
20 248
107 249
22 250
249 251
123 252
3 253
81 254
56 255
102 256
99 257
37 258
230 259
168 260
254 261
150 262
16 263
153 264
232 265
96 266
215 267
58 268
11 269
80 270
128 271
95 272
133 273
129 274
176 275
26 276
231 277
127 278
183 279
264 280
258 281
124 282
185 283
9 284
228 285
31 286
225 287
153 288
97 289
185 290
166 291
173 292
116 293
252 294
235 295
294 296
288 297
281 298
83 299
256 300
39 301
216 302
167 303
161 304
280 305
274 306
175 307
230 308
299 309
133 310
234 311
114 312
237 313
276 314
149 315
15 316
245 317
301 318
197 319
279 320
114 321
137 322
99 323
56 324
244 325
146 326
122 327
315 328
251 329
16 330
280 331
97 332
296 333
220 334
288 335
67 336
238 337
33 338
23 339
322 340
307 341
129 342
170 343
171 344
299 345
45 346
265 347
140 348
187 349
135 350
13 351
31 352
132 353
223 354
324 355
130 356
187 357
149 358
261 359
341 360
161 361
164 362
216 363
362 364
308 365
3 366
129 367
192 368
362 369
308 370
104 371
25 372
132 373
276 374
181 375
280 376
55 377
77 378
316 379
303 380
372 381
51 382
124 383
267 384
285 385
4 386
158 387
187 388
12 389
194 390
74 391
176 392
221 393
51 394
394 395
141 396
97 397
309 398
375 399
119 400
321 401
53 402
319 403
12 404
164 405
119 406
217 407
325 408
308 409
404 410
340 411
167 412
227 413
272 414
384 415
414 416
42 417
272 418
216 419
240 420
386 421
266 422
392 423
251 424
205 425
416 426
208 427
17 428
310 429
263 430
59 431
176 432
326 433
339 434
15 435
144 436
335 437
44 438
238 439
229 440
370 441
351 442
132 443
364 444
287 445
376 446
327 447
267 448
36 449
146 450
163 451
48 452
3 453
226 454
378 455
182 456
170 457
229 458
306 459
44 460
263 461
332 462
459 463
404 464
153 465
190 466
151 467
461 468
342 469
75 470
155 471
402 472
247 473
51 474
54 475
425 476
246 477
371 478
305 479
240 480
336 481
414 482
125 483
227 484
229 485
435 486
139 487
449 488
357 489
271 490
207 491
168 492
170 493
222 494
182 495
282 496
6 497
132 498
88 499
336 500
33 501
220 502
77 503
275 504
360 505
350 506
347 507
58 508
288 509
161 510
132 511
242 512
403 513
29 514
380 515
13 516
423 517
126 518
413 519
448 520
91 521
397 522
82 523
334 524
422 525
119 526
16 527
373 528
157 529
398 530
504 531
484 532
177 533
369 534
500 535
497 536
261 537
246 538
148 539
520 540
49 541
108 542
112 543
442 544
240 545
456 546
173 547
543 548
186 549
496 550
237 551
223 552
448 553
153 554
158 555
174 556
534 557
142 558
545 559
224 560
121 561
293 562
41 563
237 564
173 565
430 566
467 567
479 568
506 569
398 570
11 571
424 572
516 573
16 574
314 575
326 576
145 577
145 578
370 579
358 580
128 581
200 582
468 583
111 584
124 585
352 586
414 587
14 588
507 589
120 590
214 591
137 592
565 593
384 594
210 595
200 596
118 597
395 598
279 599
444 600
39 601
391 602
145 603
321 604
56 605
381 606
437 607
532 608
481 609
102 610
375 611
417 612
26 613
385 614
255 615
481 616
355 617
603 618
421 619
118 620
268 621
122 622
148 623
437 624
81 625
99 626
436 627
526 628
452 629
356 630
249 631
562 632
274 633
317 634
227 635
78 636
369 637
2 638
183 639
89 640
353 641
342 642
582 643
601 644
4 645
151 646
148 647
92 648
295 649
515 650
69 651
466 652
623 653
155 654
326 655
444 656
354 657
60 658
488 659
413 660
297 661
223 662
302 663
199 664
388 665
145 666
121 667
56 668
109 669
484 670
481 671
34 672
512 673
154 674
188 675
230 676
627 677
234 678
606 679
88 680
135 681
393 682
390 683
247 684
31 685
466 686
404 687
682 688
628 689
327 690
438 691
201 692
123 693
292 694
188 695
347 696
321 697
196 698
545 699
599 700
653 701
111 702
467 703
2 704
165 705
136 706
97 707
61 708
391 709
6 710
564 711
666 712
460 713
340 714
561 715
120 716
385 717
427 718
398 719
3 720
494 721
146 722
632 723
665 724
241 725
361 726
625 727
284 728
113 729
650 730
210 731
610 732
250 733
251 734
44 735
16 736
151 737
476 738
375 739
329 740
570 741
389 742
557 743
700 744
554 745
416 746
149 747
480 748
129 749
734 750
191 751
154 752
591 753
330 754
163 755
608 756
407 757
64 758
593 759
450 760
588 761
114 762
701 763
555 764
331 765
37 766
565 767
343 768
297 769
352 770
291 771
113 772
81 773
45 774
88 775
503 776
558 777
200 778
467 779
686 780
725 781
754 782
353 783
203 784
128 785
611 786
131 787
434 788
545 789
454 790
24 791
150 792
625 793
549 794
539 795
766 796
391 797
566 798
618 799
698 800
346 801
206 802
234 803
747 804
598 805
409 806
151 807
428 808
752 809
369 810
189 811
667 812
753 813
614 814
34 815
104 816
509 817
790 818
606 819
651 820
626 821
274 822
755 823
261 824
41 825
635 826
366 827
781 828
142 829
380 830
96 831
322 832
737 833
549 834
280 835
264 836
413 837
135 838
680 839
404 840
703 841
211 842
645 843
305 844
560 845
289 846
820 847
39 848
682 849
39 850
117 851
164 852
149 853
669 854
819 855
326 856
541 857
809 858
213 859
684 860
195 861
848 862
328 863
672 864
838 865
197 866
377 867
780 868
526 869
413 870
92 871
522 872
842 873
409 874
437 875
873 876
481 877
871 878
272 879
474 880
712 881
10 882
594 883
592 884
324 885
226 886
768 887
464 888
419 889
730 890
769 891
236 892
377 893
181 894
757 895
895 896
855 897
762 898
786 899
438 900
505 901
76 902
643 903
754 904
286 905
260 906
878 907
693 908
520 909
811 910
626 911
182 912
679 913
495 914
145 915
623 916
702 917
611 918
875 919
411 920
169 921
573 922
704 923
919 924
184 925
75 926
620 927
655 928
334 929
695 930
313 931
14 932
624 933
627 934
787 935
671 936
592 937
201 938
802 939
678 940
820 941
283 942
726 943
775 944
803 945
878 946
910 947
39 948
664 949
96 950
862 951
707 952
617 953
588 954
480 955
419 956
542 957
439 958
607 959
672 960
191 961
667 962
915 963
543 964
45 965
242 966
294 967
458 968
490 969
330 970
368 971
718 972
901 973
531 974
802 975
753 976
461 977
22 978
425 979
634 980
745 981
907 982
597 983
285 984
310 985
638 986
923 987
629 988
303 989
89 990
353 991
582 992
215 993
729 994
926 995
811 996
325 997
514 998
514 999
343 1000
