1 2
2 3
2 4
2 5
2 6
4 7
2 8
2 9
2 10
7 11
5 12
8 13
9 14
6 15
15 16
11 17
17 18
8 19
15 20
13 21
10 22
7 23
21 24
10 25
15 26
22 27
21 28
5 29
18 30
17 31
5 32
19 33
2 34
2 35
22 36
27 37
26 38
11 39
18 40
24 41
27 42
31 43
9 44
34 45
30 46
2 47
47 48
2 49
45 50
19 51
7 52
50 53
48 54
43 55
6 56
56 57
5 58
17 59
15 60
1 61
23 62
62 63
18 64
58 65
30 66
27 67
29 68
58 69
33 70
22 71
41 72
16 73
37 74
14 75
13 76
16 77
77 78
77 79
65 80
36 81
38 82
36 83
18 84
51 85
42 86
32 87
14 88
86 89
89 90
72 91
11 92
73 93
72 94
2 95
58 96
30 97
19 98
15 99
85 100
72 101
6 102
74 103
101 104
40 105
4 106
14 107
86 108
18 109
69 110
44 111
3 112
45 113
19 114
108 115
27 116
30 117
41 118
112 119
37 120
1 121
79 122
108 123
46 124
88 125
93 126
71 127
21 128
103 129
21 130
85 131
47 132
51 133
90 134
18 135
135 136
113 137
73 138
104 139
84 140
67 141
6 142
16 143
52 144
36 145
17 146
97 147
75 148
2 149
123 150
16 151
111 152
145 153
110 154
33 155
94 156
69 157
30 158
158 159
114 160
144 161
23 162
144 163
136 164
118 165
51 166
127 167
154 168
64 169
153 170
170 171
3 172
26 173
39 174
68 175
18 176
122 177
61 178
50 179
4 180
171 181
22 182
98 183
125 184
45 185
168 186
176 187
106 188
6 189
108 190
33 191
12 192
157 193
69 194
56 195
77 196
91 197
82 198
94 199
45 200
196 201
129 202
140 203
159 204
68 205
130 206
32 207
104 208
125 209
87 210
140 211
181 212
181 213
191 214
91 215
56 216
191 217
103 218
56 219
130 220
101 221
206 222
118 223
164 224
197 225
15 226
164 227
161 228
94 229
38 230
196 231
20 232
170 233
184 234
184 235
39 236
197 237
169 238
130 239
41 240
87 241
56 242
165 243
47 244
87 245
228 246
127 247
124 248
160 249
63 250
60 251
198 252
9 253
246 254
193 255
28 256
110 257
68 258
112 259
211 260
40 261
99 262
217 263
64 264
38 265
143 266
46 267
24 268
109 269
40 270
154 271
41 272
71 273
48 274
124 275
170 276
143 277
108 278
129 279
254 280
16 281
147 282
59 283
109 284
111 285
264 286
68 287
163 288
286 289
209 290
122 291
197 292
83 293
256 294
200 295
181 296
90 297
7 298
12 299
292 300
63 301
295 302
186 303
40 304
210 305
195 306
207 307
70 308
10 309
185 310
178 311
279 312
23 313
280 314
89 315
219 316
266 317
306 318
96 319
61 320
283 321
44 322
294 323
251 324
76 325
154 326
166 327
319 328
303 329
276 330
86 331
275 332
60 333
75 334
59 335
172 336
13 337
99 338
57 339
180 340
6 341
296 342
105 343
293 344
281 345
104 346
200 347
104 348
334 349
331 350
174 351
15 352
20 353
337 354
173 355
14 356
57 357
344 358
255 359
351 360
331 361
174 362
110 363
197 364
1 365
23 366
318 367
202 368
16 369
102 370
344 371
111 372
326 373
119 374
3 375
22 376
334 377
349 378
320 379
165 380
41 381
79 382
4 383
265 384
97 385
167 386
263 387
55 388
213 389
106 390
82 391
352 392
15 393
343 394
67 395
163 396
18 397
212 398
29 399
98 400
325 401
127 402
73 403
144 404
262 405
178 406
334 407
55 408
127 409
271 410
148 411
283 412
322 413
382 414
324 415
179 416
149 417
15 418
76 419
294 420
303 421
309 422
41 423
127 424
263 425
19 426
28 427
253 428
277 429
367 430
181 431
414 432
76 433
166 434
338 435
368 436
411 437
400 438
74 439
362 440
210 441
246 442
269 443
20 444
259 445
104 446
220 447
446 448
302 449
426 450
3 451
67 452
70 453
256 454
114 455
296 456
38 457
87 458
240 459
385 460
94 461
311 462
87 463
196 464
423 465
113 466
294 467
283 468
91 469
264 470
333 471
462 472
19 473
136 474
280 475
163 476
186 477
15 478
116 479
290 480
405 481
27 482
66 483
383 484
103 485
67 486
468 487
17 488
422 489
44 490
186 491
419 492
275 493
368 494
109 495
328 496
285 497
127 498
244 499
316 500
331 501
439 502
84 503
214 504
212 505
181 506
493 507
88 508
14 509
348 510
297 511
240 512
35 513
459 514
173 515
4 516
94 517
354 518
327 519
12 520
133 521
425 522
246 523
173 524
313 525
392 526
103 527
319 528
488 529
279 530
179 531
293 532
401 533
87 534
282 535
73 536
402 537
144 538
243 539
525 540
269 541
45 542
125 543
329 544
53 545
412 546
366 547
198 548
28 549
511 550
196 551
297 552
212 553
88 554
397 555
378 556
291 557
80 558
396 559
382 560
256 561
448 562
92 563
100 564
449 565
149 566
3 567
347 568
272 569
375 570
112 571
208 572
349 573
86 574
392 575
336 576
373 577
182 578
245 579
38 580
493 581
159 582
257 583
315 584
21 585
519 586
398 587
576 588
334 589
215 590
335 591
414 592
430 593
422 594
87 595
99 596
326 597
242 598
191 599
420 600
406 601
55 602
279 603
569 604
290 605
310 606
337 607
557 608
108 609
260 610
499 611
460 612
581 613
89 614
27 615
283 616
390 617
122 618
19 619
87 620
617 621
356 622
17 623
89 624
486 625
289 626
421 627
393 628
329 629
389 630
118 631
6 632
248 633
491 634
1 635
353 636
168 637
506 638
99 639
272 640
27 641
633 642
185 643
595 644
612 645
440 646
104 647
603 648
287 649
123 650
490 651
353 652
520 653
293 654
562 655
254 656
49 657
280 658
39 659
45 660
41 661
428 662
374 663
633 664
564 665
153 666
257 667
456 668
329 669
256 670
420 671
42 672
98 673
198 674
116 675
319 676
589 677
51 678
644 679
41 680
88 681
415 682
206 683
306 684
572 685
51 686
437 687
128 688
148 689
267 690
80 691
119 692
611 693
548 694
97 695
162 696
30 697
82 698
612 699
350 700
536 701
408 702
92 703
216 704
624 705
92 706
485 707
584 708
489 709
220 710
462 711
110 712
498 713
8 714
82 715
298 716
135 717
329 718
415 719
404 720
171 721
92 722
216 723
306 724
595 725
24 726
347 727
388 728
296 729
458 730
574 731
35 732
209 733
505 734
444 735
112 736
352 737
19 738
349 739
543 740
585 741
510 742
422 743
719 744
245 745
72 746
476 747
174 748
44 749
676 750
355 751
563 752
25 753
345 754
338 755
93 756
622 757
701 758
525 759
668 760
231 761
717 762
636 763
89 764
367 765
235 766
362 767
506 768
167 769
414 770
556 771
167 772
405 773
144 774
410 775
724 776
594 777
555 778
721 779
571 780
121 781
462 782
213 783
104 784
62 785
682 786
582 787
101 788
4 789
266 790
206 791
425 792
670 793
685 794
207 795
4 796
234 797
440 798
564 799
55 800
97 801
435 802
508 803
786 804
40 805
414 806
75 807
140 808
351 809
25 810
281 811
410 812
382 813
716 814
551 815
170 816
163 817
423 818
196 819
214 820
350 821
125 822
790 823
395 824
94 825
561 826
242 827
732 828
179 829
585 830
645 831
112 832
388 833
439 834
817 835
519 836
708 837
826 838
621 839
62 840
460 841
773 842
196 843
56 844
707 845
465 846
649 847
501 848
399 849
650 850
333 851
448 852
284 853
144 854
524 855
328 856
122 857
677 858
563 859
523 860
722 861
475 862
408 863
281 864
72 865
178 866
498 867
423 868
487 869
274 870
230 871
543 872
718 873
61 874
583 875
224 876
431 877
735 878
816 879
565 880
360 881
182 882
521 883
248 884
412 885
596 886
238 887
696 888
62 889
405 890
67 891
712 892
346 893
750 894
462 895
85 896
533 897
298 898
112 899
838 900
414 901
327 902
736 903
104 904
279 905
641 906
78 907
638 908
886 909
768 910
782 911
176 912
716 913
355 914
340 915
566 916
721 917
598 918
509 919
793 920
341 921
499 922
247 923
111 924
660 925
609 926
630 927
737 928
715 929
299 930
424 931
447 932
140 933
387 934
179 935
783 936
32 937
592 938
291 939
831 940
696 941
677 942
189 943
229 944
679 945
695 946
365 947
599 948
232 949
351 950
282 951
751 952
617 953
466 954
179 955
843 956
480 957
681 958
384 959
185 960
177 961
110 962
34 963
124 964
33 965
697 966
72 967
447 968
191 969
724 970
939 971
69 972
28 973
291 974
858 975
890 976
798 977
645 978
507 979
410 980
66 981
313 982
217 983
715 984
451 985
546 986
253 987
879 988
173 989
541 990
741 991
412 992
922 993
885 994
889 995
298 996
763 997
223 998
708 999
80 1000
