1 2
2 3
3 4
4 5
1 6
2 7
2 8
5 9
1 10
4 11
5 12
11 13
9 14
1 15
10 16
15 17
13 18
8 19
15 20
8 21
6 22
19 23
2 24
17 25
19 26
6 27
10 28
28 29
21 30
25 31
6 32
7 33
9 34
19 35
20 36
8 37
6 38
38 39
16 40
21 41
4 42
33 43
25 44
15 45
28 46
6 47
24 48
35 49
36 50
21 51
10 52
29 53
2 54
3 55
10 56
40 57
53 58
58 59
30 60
8 61
28 62
21 63
58 64
40 65
20 66
63 67
49 68
8 69
7 70
55 71
2 72
18 73
42 74
9 75
22 76
5 77
24 78
21 79
5 80
6 81
79 82
36 83
76 84
78 85
30 86
11 87
19 88
58 89
70 90
85 91
4 92
39 93
23 94
20 95
82 96
88 97
44 98
65 99
64 100
13 101
51 102
9 103
74 104
73 105
95 106
40 107
95 108
31 109
5 110
15 111
48 112
23 113
24 114
92 115
70 116
116 117
48 118
105 119
4 120
67 121
23 122
45 123
35 124
87 125
101 126
116 127
118 128
60 129
108 130
10 131
95 132
129 133
48 134
77 135
34 136
14 137
101 138
18 139
15 140
138 141
29 142
86 143
32 144
20 145
105 146
41 147
22 148
125 149
83 150
113 151
62 152
3 153
141 154
20 155
128 156
61 157
54 158
157 159
22 160
19 161
1 162
94 163
108 164
101 165
48 166
12 167
37 168
143 169
45 170
132 171
41 172
146 173
113 174
20 175
3 176
84 177
13 178
29 179
39 180
37 181
25 182
134 183
75 184
9 185
49 186
49 187
8 188
82 189
81 190
163 191
85 192
131 193
104 194
43 195
45 196
123 197
125 198
117 199
155 200
88 201
73 202
168 203
138 204
25 205
77 206
157 207
83 208
39 209
136 210
181 211
97 212
3 213
50 214
175 215
184 216
16 217
49 218
125 219
208 220
146 221
189 222
193 223
3 224
171 225
183 226
64 227
169 228
63 229
19 230
17 231
178 232
41 233
222 234
109 235
210 236
89 237
186 238
100 239
25 240
233 241
113 242
120 243
65 244
194 245
21 246
29 247
12 248
163 249
79 250
137 251
220 252
230 253
250 254
150 255
197 256
190 257
165 258
179 259
148 260
10 261
152 262
67 263
230 264
212 265
213 266
231 267
162 268
24 269
185 270
216 271
203 272
213 273
235 274
34 275
141 276
106 277
102 278
255 279
154 280
97 281
83 282
213 283
205 284
284 285
267 286
193 287
232 288
46 289
95 290
118 291
253 292
54 293
103 294
107 295
203 296
142 297
62 298
139 299
263 300
26 301
59 302
13 303
222 304
29 305
133 306
106 307
114 308
135 309
20 310
156 311
86 312
91 313
146 314
277 315
298 316
190 317
79 318
29 319
119 320
166 321
316 322
55 323
188 324
160 325
301 326
94 327
135 328
79 329
26 330
304 331
146 332
323 333
138 334
293 335
38 336
112 337
116 338
106 339
87 340
85 341
300 342
232 343
4 344
89 345
214 346
44 347
218 348
59 349
258 350
308 351
163 352
162 353
17 354
122 355
25 356
59 357
293 358
173 359
342 360
340 361
281 362
202 363
226 364
209 365
32 366
73 367
119 368
148 369
282 370
128 371
100 372
38 373
278 374
225 375
269 376
361 377
281 378
360 379
272 380
119 381
238 382
249 383
160 384
124 385
285 386
310 387
20 388
175 389
172 390
181 391
278 392
138 393
265 394
39 395
358 396
279 397
290 398
141 399
172 400
268 401
32 402
14 403
396 404
279 405
109 406
33 407
304 408
25 409
37 410
322 411
369 412
372 413
147 414
41 415
239 416
173 417
360 418
30 419
56 420
394 421
341 422
375 423
385 424
410 425
198 426
59 427
213 428
68 429
340 430
405 431
129 432
220 433
388 434
317 435
258 436
132 437
81 438
22 439
286 440
182 441
117 442
358 443
174 444
280 445
213 446
185 447
225 448
189 449
82 450
261 451
151 452
277 453
236 454
408 455
392 456
299 457
185 458
38 459
24 460
248 461
236 462
457 463
60 464
332 465
84 466
316 467
70 468
177 469
46 470
388 471
466 472
201 473
146 474
233 475
271 476
288 477
242 478
336 479
227 480
26 481
256 482
450 483
294 484
453 485
174 486
200 487
64 488
61 489
75 490
249 491
300 492
185 493
404 494
161 495
90 496
353 497
93 498
16 499
235 500
2 501
328 502
69 503
220 504
308 505
442 506
309 507
424 508
217 509
62 510
490 511
114 512
360 513
404 514
481 515
78 516
280 517
101 518
388 519
175 520
457 521
499 522
200 523
50 524
298 525
256 526
22 527
229 528
45 529
265 530
449 531
405 532
186 533
228 534
181 535
494 536
403 537
46 538
458 539
155 540
520 541
135 542
502 543
426 544
230 545
30 546
367 547
296 548
333 549
518 550
209 551
236 552
214 553
79 554
519 555
186 556
541 557
394 558
97 559
96 560
5 561
307 562
259 563
422 564
334 565
129 566
185 567
389 568
132 569
350 570
551 571
232 572
388 573
231 574
140 575
468 576
54 577
101 578
520 579
194 580
558 581
398 582
172 583
428 584
184 585
61 586
291 587
320 588
446 589
475 590
504 591
460 592
213 593
448 594
580 595
239 596
540 597
304 598
395 599
361 600
424 601
473 602
189 603
572 604
572 605
319 606
489 607
299 608
343 609
460 610
34 611
134 612
520 613
198 614
221 615
132 616
80 617
318 618
612 619
515 620
116 621
38 622
38 623
227 624
197 625
294 626
264 627
213 628
257 629
451 630
362 631
50 632
460 633
577 634
337 635
550 636
470 637
243 638
553 639
210 640
289 641
120 642
348 643
471 644
533 645
323 646
178 647
39 648
398 649
215 650
570 651
434 652
580 653
535 654
578 655
639 656
297 657
590 658
484 659
246 660
73 661
496 662
64 663
343 664
311 665
441 666
142 667
548 668
600 669
471 670
574 671
177 672
307 673
174 674
386 675
669 676
389 677
68 678
108 679
469 680
357 681
611 682
477 683
318 684
361 685
150 686
480 687
112 688
520 689
311 690
39 691
230 692
659 693
442 694
463 695
4 696
377 697
428 698
491 699
250 700
139 701
469 702
246 703
28 704
263 705
644 706
28 707
244 708
587 709
421 710
217 711
359 712
54 713
214 714
505 715
680 716
268 717
586 718
171 719
337 720
468 721
241 722
549 723
448 724
646 725
712 726
332 727
608 728
43 729
450 730
64 731
508 732
564 733
728 734
679 735
721 736
416 737
143 738
118 739
503 740
651 741
388 742
587 743
478 744
102 745
113 746
614 747
676 748
397 749
372 750
518 751
121 752
133 753
719 754
619 755
497 756
441 757
108 758
473 759
455 760
523 761
510 762
508 763
714 764
25 765
380 766
124 767
589 768
661 769
150 770
566 771
665 772
217 773
651 774
342 775
470 776
452 777
702 778
517 779
235 780
139 781
280 782
633 783
464 784
722 785
161 786
631 787
105 788
293 789
462 790
192 791
535 792
313 793
715 794
499 795
442 796
757 797
257 798
252 799
718 800
462 801
698 802
798 803
145 804
197 805
641 806
700 807
529 808
551 809
805 810
636 811
300 812
247 813
688 814
401 815
548 816
520 817
286 818
658 819
153 820
346 821
560 822
75 823
157 824
592 825
138 826
92 827
86 828
651 829
90 830
321 831
80 832
136 833
361 834
222 835
180 836
753 837
59 838
633 839
619 840
789 841
663 842
587 843
471 844
291 845
833 846
503 847
609 848
403 849
516 850
244 851
26 852
714 853
605 854
261 855
249 856
783 857
272 858
492 859
654 860
467 861
263 862
132 863
86 864
209 865
437 866
233 867
197 868
210 869
482 870
45 871
187 872
803 873
571 874
862 875
391 876
637 877
311 878
821 879
415 880
513 881
339 882
555 883
819 884
187 885
390 886
81 887
442 888
461 889
90 890
865 891
247 892
3 893
326 894
475 895
19 896
212 897
871 898
741 899
540 900
815 901
855 902
874 903
759 904
446 905
449 906
745 907
8 908
564 909
300 910
282 911
44 912
480 913
368 914
761 915
162 916
868 917
24 918
822 919
871 920
615 921
690 922
237 923
644 924
441 925
609 926
124 927
920 928
400 929
682 930
91 931
660 932
835 933
883 934
25 935
365 936
97 937
568 938
858 939
365 940
214 941
572 942
767 943
183 944
8 945
178 946
692 947
610 948
792 949
805 950
344 951
844 952
882 953
298 954
652 955
306 956
530 957
648 958
542 959
132 960
29 961
896 962
384 963
14 964
922 965
417 966
376 967
365 968
562 969
761 970
846 971
528 972
320 973
662 974
539 975
135 976
785 977
594 978
420 979
105 980
75 981
845 982
876 983
48 984
11 985
426 986
493 987
818 988
20 989
830 990
582 991
232 992
217 993
22 994
290 995
353 996
130 997
359 998
181 999
889 1000
