1 2
2 3
3 4
1 5
3 6
2 7
3 8
5 9
4 10
3 11
5 12
7 13
3 14
8 15
10 16
7 17
9 18
13 19
3 20
10 21
16 22
16 23
1 24
17 25
16 26
18 27
26 28
2 29
28 30
19 31
12 32
5 33
23 34
9 35
14 36
21 37
12 38
38 39
21 40
9 41
41 42
18 43
33 44
9 45
26 46
15 47
37 48
5 49
48 50
23 51
20 52
37 53
26 54
36 55
14 56
49 57
7 58
58 59
20 60
37 61
18 62
36 63
41 64
38 65
29 66
59 67
6 68
37 69
41 70
58 71
41 72
65 73
59 74
54 75
6 76
5 77
52 78
43 79
55 80
47 81
53 82
52 83
54 84
38 85
64 86
52 87
67 88
52 89
4 90
57 91
50 92
81 93
35 94
35 95
32 96
62 97
63 98
54 99
20 100
29 101
80 102
29 103
84 104
99 105
83 106
39 107
37 108
65 109
41 110
4 111
70 112
80 113
1 114
85 115
19 116
111 117
104 118
96 119
71 120
25 121
36 122
77 123
79 124
66 125
30 126
106 127
80 128
40 129
58 130
64 131
68 132
28 133
71 134
114 135
92 136
55 137
119 138
65 139
81 140
83 141
106 142
126 143
109 144
120 145
11 146
87 147
113 148
66 149
30 150
84 151
38 152
62 153
76 154
41 155
21 156
64 157
11 158
144 159
35 160
63 161
3 162
151 163
107 164
75 165
161 166
74 167
43 168
91 169
52 170
79 171
116 172
117 173
12 174
74 175
119 176
40 177
146 178
112 179
178 180
87 181
152 182
170 183
62 184
183 185
101 186
20 187
113 188
53 189
75 190
171 191
162 192
149 193
21 194
151 195
36 196
19 197
1 198
14 199
6 200
51 201
72 202
107 203
128 204
10 205
120 206
176 207
173 208
71 209
7 210
100 211
11 212
71 213
23 214
74 215
143 216
55 217
63 218
31 219
123 220
106 221
93 222
190 223
85 224
89 225
75 226
115 227
197 228
142 229
131 230
141 231
110 232
129 233
201 234
68 235
198 236
212 237
121 238
103 239
58 240
95 241
11 242
207 243
112 244
56 245
30 246
163 247
172 248
99 249
194 250
28 251
66 252
243 253
195 254
85 255
61 256
66 257
198 258
214 259
157 260
24 261
42 262
139 263
141 264
257 265
137 266
125 267
198 268
138 269
190 270
19 271
6 272
144 273
156 274
111 275
138 276
40 277
63 278
170 279
7 280
110 281
172 282
104 283
243 284
261 285
81 286
55 287
197 288
131 289
127 290
263 291
180 292
95 293
46 294
59 295
95 296
132 297
171 298
186 299
173 300
147 301
29 302
283 303
63 304
19 305
298 306
230 307
34 308
198 309
1 310
82 311
45 312
15 313
245 314
203 315
245 316
101 317
59 318
154 319
43 320
296 321
68 322
184 323
119 324
10 325
216 326
208 327
300 328
96 329
130 330
71 331
99 332
184 333
194 334
204 335
193 336
181 337
106 338
254 339
202 340
48 341
20 342
330 343
239 344
94 345
12 346
205 347
15 348
320 349
19 350
235 351
111 352
263 353
251 354
119 355
340 356
234 357
320 358
217 359
205 360
353 361
176 362
207 363
297 364
181 365
115 366
40 367
297 368
58 369
299 370
362 371
301 372
134 373
226 374
345 375
31 376
150 377
74 378
191 379
125 380
83 381
84 382
223 383
167 384
269 385
330 386
336 387
333 388
126 389
41 390
69 391
135 392
111 393
56 394
92 395
289 396
146 397
207 398
389 399
367 400
93 401
213 402
19 403
201 404
338 405
390 406
385 407
200 408
361 409
53 410
277 411
226 412
254 413
332 414
370 415
135 416
179 417
294 418
273 419
98 420
218 421
405 422
279 423
291 424
281 425
98 426
352 427
119 428
251 429
330 430
33 431
89 432
356 433
75 434
318 435
329 436
375 437
338 438
376 439
112 440
71 441
32 442
280 443
299 444
124 445
409 446
66 447
56 448
241 449
162 450
388 451
372 452
195 453
356 454
43 455
450 456
227 457
184 458
196 459
359 460
280 461
301 462
100 463
87 464
26 465
33 466
373 467
101 468
412 469
312 470
274 471
399 472
416 473
440 474
380 475
157 476
464 477
226 478
335 479
35 480
429 481
94 482
335 483
112 484
191 485
196 486
432 487
404 488
172 489
459 490
239 491
445 492
429 493
195 494
196 495
478 496
458 497
96 498
330 499
238 500
177 501
63 502
293 503
254 504
182 505
429 506
59 507
357 508
57 509
146 510
64 511
79 512
266 513
224 514
223 515
27 516
227 517
54 518
289 519
145 520
90 521
176 522
293 523
49 524
82 525
223 526
59 527
214 528
113 529
185 530
377 531
513 532
531 533
516 534
381 535
421 536
44 537
187 538
65 539
226 540
88 541
12 542
178 543
459 544
69 545
37 546
279 547
401 548
394 549
261 550
120 551
402 552
176 553
295 554
135 555
381 556
412 557
553 558
239 559
123 560
386 561
415 562
99 563
241 564
23 565
365 566
422 567
253 568
374 569
27 570
202 571
70 572
184 573
232 574
359 575
384 576
220 577
128 578
199 579
94 580
33 581
139 582
74 583
61 584
249 585
400 586
257 587
453 588
241 589
565 590
538 591
161 592
211 593
126 594
91 595
472 596
139 597
159 598
54 599
585 600
185 601
531 602
280 603
372 604
356 605
410 606
113 607
191 608
447 609
59 610
527 611
580 612
524 613
503 614
219 615
165 616
1 617
546 618
64 619
258 620
569 621
159 622
415 623
329 624
462 625
511 626
299 627
5 628
110 629
1 630
477 631
99 632
575 633
496 634
274 635
236 636
332 637
470 638
260 639
427 640
61 641
482 642
508 643
325 644
630 645
509 646
326 647
279 648
282 649
160 650
601 651
468 652
477 653
204 654
582 655
636 656
624 657
220 658
277 659
473 660
99 661
225 662
657 663
127 664
18 665
251 666
377 667
145 668
651 669
570 670
277 671
226 672
423 673
513 674
52 675
588 676
222 677
36 678
601 679
220 680
246 681
610 682
237 683
145 684
366 685
320 686
123 687
618 688
461 689
343 690
647 691
587 692
31 693
356 694
250 695
193 696
498 697
347 698
607 699
359 700
346 701
111 702
264 703
664 704
148 705
74 706
41 707
352 708
554 709
224 710
441 711
174 712
661 713
92 714
402 715
320 716
626 717
247 718
97 719
105 720
622 721
515 722
185 723
87 724
676 725
625 726
109 727
646 728
60 729
513 730
41 731
312 732
290 733
170 734
233 735
224 736
329 737
79 738
209 739
343 740
490 741
667 742
572 743
165 744
580 745
253 746
657 747
454 748
339 749
635 750
204 751
459 752
206 753
284 754
110 755
545 756
205 757
206 758
119 759
391 760
476 761
687 762
706 763
348 764
135 765
110 766
471 767
649 768
134 769
119 770
271 771
701 772
469 773
527 774
129 775
615 776
308 777
147 778
563 779
106 780
51 781
554 782
717 783
532 784
13 785
112 786
654 787
495 788
764 789
511 790
577 791
692 792
617 793
155 794
262 795
737 796
306 797
783 798
396 799
502 800
406 801
423 802
232 803
394 804
527 805
134 806
200 807
310 808
755 809
568 810
530 811
770 812
383 813
504 814
646 815
434 816
221 817
624 818
563 819
186 820
122 821
523 822
530 823
305 824
210 825
385 826
262 827
303 828
293 829
121 830
779 831
752 832
579 833
154 834
780 835
385 836
635 837
12 838
37 839
219 840
609 841
712 842
1 843
692 844
835 845
216 846
69 847
744 848
499 849
272 850
282 851
501 852
552 853
344 854
854 855
807 856
717 857
249 858
635 859
536 860
230 861
466 862
373 863
809 864
678 865
210 866
45 867
684 868
217 869
112 870
114 871
865 872
40 873
424 874
493 875
52 876
610 877
711 878
518 879
495 880
880 881
707 882
280 883
315 884
430 885
611 886
884 887
799 888
460 889
388 890
118 891
778 892
883 893
405 894
666 895
199 896
518 897
129 898
745 899
816 900
748 901
256 902
21 903
351 904
608 905
647 906
104 907
370 908
801 909
192 910
790 911
607 912
730 913
454 914
851 915
445 916
173 917
798 918
489 919
527 920
276 921
133 922
379 923
752 924
644 925
807 926
743 927
807 928
469 929
124 930
375 931
615 932
553 933
462 934
418 935
897 936
149 937
733 938
746 939
619 940
495 941
123 942
256 943
779 944
940 945
890 946
215 947
1 948
10 949
565 950
430 951
6 952
941 953
27 954
422 955
908 956
27 957
831 958
929 959
529 960
661 961
918 962
347 963
774 964
227 965
518 966
794 967
407 968
512 969
588 970
446 971
257 972
181 973
686 974
486 975
935 976
870 977
685 978
841 979
467 980
38 981
218 982
582 983
311 984
591 985
52 986
807 987
28 988
608 989
774 990
858 991
646 992
32 993
799 994
174 995
662 996
735 997
729 998
201 999
658 1000
