1 2
1 3
3 4
3 5
4 6
4 7
7 8
4 9
6 10
1 11
7 12
7 13
4 14
13 15
8 16
5 17
15 18
4 19
8 20
8 21
14 22
12 23
15 24
10 25
25 26
8 27
17 28
11 29
4 30
30 31
2 32
13 33
5 34
1 35
26 36
7 37
14 38
35 39
11 40
24 41
25 42
13 43
34 44
12 45
29 46
27 47
12 48
1 49
19 50
26 51
24 52
4 53
27 54
2 55
36 56
53 57
37 58
19 59
51 60
57 61
30 62
10 63
54 64
44 65
18 66
46 67
41 68
3 69
36 70
7 71
23 72
18 73
18 74
27 75
6 76
21 77
44 78
51 79
69 80
23 81
6 82
13 83
27 84
71 85
41 86
85 87
29 88
27 89
9 90
82 91
76 92
84 93
28 94
14 95
57 96
51 97
83 98
94 99
79 100
80 101
46 102
66 103
7 104
63 105
38 106
11 107
74 108
31 109
19 110
28 111
21 112
92 113
106 114
60 115
39 116
20 117
56 118
66 119
105 120
43 121
52 122
21 123
122 124
77 125
12 126
117 127
101 128
127 129
111 130
74 131
45 132
7 133
17 134
119 135
45 136
121 137
69 138
101 139
118 140
6 141
72 142
78 143
15 144
68 145
38 146
84 147
12 148
62 149
119 150
95 151
146 152
11 153
50 154
85 155
116 156
3 157
150 158
64 159
16 160
46 161
103 162
54 163
66 164
117 165
27 166
138 167
45 168
53 169
61 170
98 171
80 172
172 173
81 174
162 175
153 176
34 177
77 178
170 179
114 180
82 181
76 182
120 183
141 184
93 185
34 186
44 187
132 188
178 189
155 190
182 191
169 192
168 193
16 194
138 195
82 196
76 197
126 198
157 199
41 200
60 201
89 202
139 203
11 204
183 205
128 206
100 207
171 208
118 209
123 210
128 211
32 212
91 213
18 214
74 215
41 216
78 217
8 218
29 219
172 220
183 221
90 222
198 223
206 224
164 225
178 226
16 227
124 228
76 229
170 230
224 231
201 232
60 233
168 234
194 235
99 236
41 237
32 238
150 239
34 240
17 241
216 242
188 243
41 244
134 245
158 246
39 247
97 248
160 249
14 250
158 251
28 252
140 253
114 254
249 255
189 256
19 257
173 258
174 259
194 260
195 261
55 262
54 263
20 264
67 265
163 266
42 267
56 268
191 269
10 270
246 271
187 272
205 273
88 274
254 275
5 276
94 277
13 278
50 279
225 280
10 281
126 282
3 283
146 284
222 285
131 286
56 287
261 288
98 289
16 290
31 291
112 292
237 293
5 294
233 295
15 296
6 297
26 298
93 299
251 300
247 301
204 302
255 303
40 304
120 305
187 306
213 307
271 308
284 309
98 310
211 311
278 312
130 313
20 314
205 315
226 316
268 317
129 318
237 319
41 320
317 321
165 322
292 323
135 324
135 325
133 326
221 327
322 328
33 329
150 330
110 331
80 332
214 333
256 334
288 335
128 336
259 337
93 338
9 339
298 340
277 341
24 342
267 343
193 344
210 345
41 346
299 347
66 348
305 349
289 350
211 351
273 352
277 353
347 354
14 355
275 356
127 357
105 358
184 359
355 360
188 361
170 362
131 363
219 364
116 365
11 366
53 367
293 368
146 369
198 370
215 371
99 372
293 373
171 374
162 375
278 376
306 377
241 378
271 379
181 380
239 381
2 382
149 383
118 384
226 385
243 386
192 387
167 388
368 389
205 390
17 391
193 392
89 393
329 394
66 395
75 396
305 397
205 398
178 399
134 400
390 401
76 402
104 403
39 404
177 405
392 406
74 407
121 408
316 409
286 410
91 411
80 412
190 413
348 414
223 415
33 416
260 417
33 418
41 419
395 420
164 421
79 422
393 423
331 424
302 425
99 426
367 427
73 428
159 429
216 430
132 431
277 432
16 433
69 434
149 435
280 436
393 437
144 438
416 439
277 440
210 441
373 442
153 443
238 444
67 445
330 446
441 447
404 448
371 449
108 450
122 451
89 452
89 453
42 454
415 455
45 456
349 457
92 458
214 459
244 460
123 461
190 462
367 463
352 464
463 465
211 466
459 467
424 468
290 469
247 470
317 471
51 472
309 473
142 474
465 475
391 476
99 477
477 478
301 479
55 480
158 481
56 482
291 483
211 484
62 485
238 486
216 487
92 488
134 489
400 490
395 491
474 492
38 493
455 494
429 495
302 496
283 497
79 498
195 499
417 500
443 501
22 502
394 503
178 504
325 505
325 506
167 507
135 508
244 509
391 510
42 511
182 512
405 513
271 514
396 515
316 516
513 517
376 518
298 519
415 520
63 521
259 522
105 523
225 524
225 525
253 526
419 527
513 528
229 529
49 530
477 531
18 532
59 533
409 534
278 535
137 536
363 537
416 538
100 539
175 540
216 541
259 542
439 543
468 544
511 545
509 546
527 547
517 548
308 549
413 550
448 551
468 552
153 553
254 554
144 555
283 556
150 557
529 558
157 559
355 560
129 561
113 562
21 563
469 564
285 565
50 566
481 567
61 568
101 569
110 570
55 571
249 572
90 573
349 574
158 575
539 576
40 577
468 578
409 579
332 580
400 581
258 582
515 583
477 584
560 585
319 586
573 587
252 588
294 589
212 590
147 591
392 592
272 593
406 594
280 595
298 596
282 597
569 598
385 599
424 600
425 601
347 602
333 603
57 604
53 605
206 606
440 607
66 608
412 609
586 610
14 611
189 612
520 613
36 614
504 615
152 616
231 617
375 618
23 619
209 620
265 621
420 622
362 623
158 624
598 625
238 626
428 627
599 628
373 629
206 630
524 631
21 632
268 633
69 634
54 635
9 636
454 637
90 638
633 639
594 640
638 641
579 642
377 643
551 644
502 645
463 646
243 647
437 648
517 649
278 650
252 651
14 652
194 653
107 654
588 655
644 656
410 657
124 658
602 659
47 660
127 661
586 662
221 663
598 664
561 665
94 666
475 667
105 668
565 669
514 670
436 671
26 672
42 673
73 674
344 675
190 676
502 677
483 678
282 679
359 680
415 681
331 682
405 683
512 684
528 685
8 686
504 687
266 688
263 689
404 690
597 691
542 692
4 693
219 694
595 695
46 696
642 697
53 698
137 699
200 700
281 701
342 702
264 703
460 704
37 705
578 706
233 707
199 708
224 709
268 710
234 711
156 712
67 713
256 714
533 715
412 716
684 717
66 718
591 719
526 720
279 721
637 722
686 723
166 724
721 725
376 726
651 727
171 728
533 729
478 730
292 731
514 732
563 733
46 734
203 735
633 736
534 737
553 738
329 739
48 740
217 741
223 742
681 743
579 744
580 745
418 746
614 747
518 748
188 749
686 750
356 751
487 752
8 753
709 754
347 755
21 756
393 757
84 758
334 759
402 760
222 761
103 762
84 763
751 764
274 765
387 766
441 767
74 768
171 769
187 770
488 771
267 772
262 773
416 774
151 775
597 776
185 777
31 778
437 779
46 780
341 781
729 782
442 783
745 784
216 785
112 786
603 787
447 788
369 789
758 790
344 791
469 792
443 793
572 794
643 795
274 796
788 797
303 798
146 799
326 800
766 801
229 802
620 803
181 804
329 805
616 806
758 807
593 808
774 809
764 810
526 811
256 812
414 813
92 814
150 815
438 816
793 817
404 818
635 819
355 820
656 821
379 822
745 823
739 824
141 825
90 826
664 827
531 828
151 829
93 830
660 831
760 832
780 833
402 834
122 835
419 836
427 837
451 838
470 839
589 840
122 841
691 842
120 843
431 844
269 845
675 846
654 847
818 848
220 849
291 850
109 851
420 852
412 853
69 854
112 855
664 856
600 857
517 858
795 859
414 860
458 861
74 862
368 863
562 864
180 865
290 866
564 867
596 868
740 869
192 870
857 871
3 872
321 873
430 874
237 875
601 876
179 877
568 878
219 879
93 880
790 881
594 882
440 883
234 884
230 885
762 886
85 887
384 888
830 889
285 890
661 891
370 892
727 893
681 894
489 895
809 896
435 897
362 898
692 899
196 900
529 901
91 902
170 903
590 904
145 905
669 906
329 907
774 908
752 909
825 910
399 911
265 912
370 913
709 914
415 915
126 916
872 917
332 918
686 919
315 920
494 921
131 922
724 923
480 924
153 925
199 926
795 927
416 928
864 929
269 930
156 931
929 932
390 933
247 934
174 935
607 936
377 937
572 938
871 939
561 940
307 941
631 942
742 943
700 944
840 945
941 946
367 947
628 948
236 949
106 950
692 951
523 952
150 953
876 954
821 955
38 956
627 957
38 958
481 959
603 960
775 961
333 962
547 963
658 964
494 965
878 966
35 967
863 968
670 969
509 970
958 971
941 972
226 973
754 974
893 975
55 976
844 977
872 978
51 979
80 980
618 981
94 982
847 983
457 984
201 985
196 986
101 987
373 988
217 989
588 990
794 991
957 992
953 993
497 994
761 995
923 996
692 997
25 998
103 999
490 1000
