1 2
2 3
3 4
2 5
3 6
5 7
3 8
7 9
8 10
9 11
4 12
10 13
13 14
6 15
3 16
9 17
3 18
5 19
2 20
17 21
4 22
20 23
20 24
16 25
7 26
7 27
25 28
24 29
17 30
22 31
10 32
17 33
1 34
29 35
11 36
8 37
1 38
10 39
36 40
24 41
40 42
39 43
18 44
1 45
20 46
23 47
2 48
46 49
42 50
42 51
7 52
22 53
34 54
4 55
51 56
26 57
41 58
43 59
7 60
20 61
22 62
34 63
20 64
62 65
45 66
52 67
41 68
15 69
4 70
3 71
23 72
54 73
15 74
5 75
29 76
26 77
38 78
31 79
4 80
22 81
14 82
6 83
14 84
16 85
35 86
42 87
51 88
67 89
45 90
31 91
3 92
14 93
71 94
46 95
88 96
92 97
33 98
27 99
48 100
61 101
3 102
9 103
25 104
10 105
100 106
95 107
23 108
47 109
13 110
23 111
35 112
104 113
12 114
3 115
87 116
111 117
73 118
53 119
6 120
120 121
77 122
92 123
78 124
89 125
58 126
50 127
58 128
26 129
34 130
116 131
123 132
35 133
35 134
60 135
27 136
130 137
53 138
46 139
30 140
122 141
117 142
78 143
71 144
106 145
88 146
115 147
98 148
89 149
109 150
17 151
42 152
129 153
55 154
63 155
79 156
149 157
1 158
110 159
43 160
54 161
143 162
133 163
75 164
95 165
32 166
93 167
118 168
48 169
40 170
92 171
111 172
168 173
12 174
131 175
79 176
169 177
1 178
31 179
170 180
106 181
127 182
103 183
110 184
178 185
92 186
133 187
139 188
54 189
126 190
120 191
95 192
184 193
142 194
39 195
20 196
129 197
1 198
195 199
22 200
54 201
56 202
23 203
126 204
62 205
38 206
168 207
173 208
116 209
41 210
8 211
44 212
123 213
109 214
199 215
128 216
206 217
18 218
212 219
41 220
43 221
80 222
95 223
185 224
91 225
61 226
109 227
153 228
94 229
18 230
32 231
214 232
9 233
128 234
73 235
189 236
32 237
148 238
110 239
190 240
218 241
161 242
88 243
149 244
27 245
22 246
189 247
215 248
36 249
14 250
175 251
30 252
93 253
183 254
198 255
28 256
182 257
138 258
115 259
80 260
198 261
190 262
190 263
247 264
122 265
151 266
111 267
143 268
251 269
173 270
262 271
183 272
164 273
243 274
258 275
188 276
239 277
12 278
69 279
184 280
250 281
5 282
106 283
190 284
181 285
192 286
231 287
34 288
227 289
139 290
129 291
159 292
196 293
132 294
1 295
295 296
228 297
162 298
15 299
119 300
183 301
268 302
265 303
257 304
12 305
40 306
102 307
237 308
249 309
52 310
132 311
181 312
280 313
143 314
276 315
8 316
246 317
55 318
116 319
39 320
238 321
55 322
4 323
214 324
6 325
325 326
151 327
158 328
188 329
131 330
194 331
218 332
101 333
54 334
129 335
83 336
49 337
308 338
233 339
290 340
155 341
192 342
88 343
92 344
271 345
176 346
329 347
260 348
15 349
304 350
150 351
311 352
219 353
5 354
32 355
161 356
276 357
251 358
172 359
331 360
16 361
314 362
268 363
132 364
253 365
349 366
41 367
337 368
244 369
338 370
53 371
188 372
328 373
107 374
165 375
263 376
360 377
356 378
263 379
132 380
102 381
50 382
169 383
256 384
91 385
67 386
34 387
245 388
349 389
183 390
34 391
360 392
352 393
263 394
37 395
37 396
57 397
41 398
362 399
385 400
67 401
320 402
163 403
24 404
404 405
300 406
371 407
396 408
400 409
402 410
383 411
350 412
63 413
376 414
389 415
89 416
174 417
160 418
17 419
98 420
238 421
287 422
107 423
140 424
93 425
54 426
405 427
4 428
105 429
322 430
132 431
263 432
162 433
354 434
434 435
365 436
379 437
137 438
312 439
409 440
427 441
74 442
272 443
253 444
280 445
246 446
399 447
416 448
119 449
70 450
124 451
238 452
445 453
397 454
369 455
152 456
122 457
11 458
183 459
325 460
421 461
269 462
58 463
355 464
442 465
294 466
18 467
266 468
53 469
311 470
159 471
78 472
410 473
468 474
250 475
374 476
465 477
171 478
116 479
235 480
227 481
345 482
280 483
87 484
92 485
69 486
90 487
377 488
157 489
469 490
279 491
332 492
6 493
84 494
1 495
440 496
77 497
445 498
105 499
29 500
87 501
301 502
227 503
327 504
44 505
148 506
77 507
398 508
98 509
365 510
316 511
387 512
41 513
420 514
489 515
25 516
166 517
92 518
433 519
180 520
475 521
475 522
161 523
398 524
197 525
149 526
10 527
431 528
434 529
475 530
304 531
283 532
525 533
282 534
283 535
264 536
71 537
529 538
378 539
196 540
22 541
400 542
293 543
234 544
372 545
388 546
152 547
38 548
270 549
468 550
152 551
393 552
35 553
120 554
29 555
55 556
369 557
514 558
556 559
203 560
311 561
453 562
269 563
54 564
71 565
26 566
66 567
312 568
503 569
434 570
396 571
511 572
348 573
306 574
464 575
327 576
470 577
424 578
160 579
274 580
33 581
199 582
130 583
172 584
278 585
378 586
441 587
386 588
146 589
348 590
490 591
65 592
165 593
2 594
529 595
442 596
367 597
159 598
153 599
463 600
407 601
572 602
448 603
165 604
416 605
227 606
241 607
431 608
356 609
397 610
607 611
101 612
440 613
331 614
255 615
276 616
571 617
164 618
606 619
255 620
479 621
585 622
555 623
427 624
225 625
546 626
479 627
623 628
201 629
147 630
183 631
398 632
86 633
11 634
334 635
613 636
604 637
614 638
160 639
493 640
436 641
553 642
107 643
9 644
544 645
160 646
180 647
601 648
643 649
524 650
480 651
548 652
354 653
416 654
525 655
561 656
197 657
18 658
654 659
373 660
561 661
171 662
395 663
377 664
239 665
538 666
461 667
310 668
460 669
360 670
370 671
94 672
470 673
462 674
640 675
34 676
73 677
493 678
442 679
165 680
592 681
316 682
326 683
221 684
198 685
600 686
574 687
315 688
35 689
178 690
29 691
537 692
543 693
474 694
657 695
174 696
214 697
636 698
638 699
11 700
82 701
539 702
509 703
699 704
267 705
277 706
431 707
92 708
85 709
384 710
140 711
332 712
306 713
6 714
287 715
696 716
396 717
28 718
429 719
425 720
122 721
250 722
220 723
689 724
152 725
63 726
709 727
400 728
613 729
523 730
143 731
444 732
426 733
367 734
465 735
627 736
525 737
50 738
382 739
250 740
39 741
539 742
462 743
648 744
93 745
29 746
562 747
611 748
649 749
542 750
138 751
715 752
331 753
103 754
225 755
42 756
700 757
422 758
592 759
21 760
444 761
240 762
150 763
557 764
719 765
569 766
422 767
63 768
660 769
549 770
169 771
125 772
412 773
285 774
602 775
297 776
377 777
2 778
258 779
766 780
208 781
576 782
298 783
656 784
225 785
746 786
586 787
202 788
665 789
9 790
174 791
677 792
584 793
170 794
414 795
490 796
65 797
518 798
443 799
524 800
187 801
604 802
50 803
106 804
233 805
107 806
176 807
415 808
707 809
451 810
621 811
509 812
544 813
145 814
754 815
496 816
764 817
128 818
493 819
94 820
578 821
229 822
3 823
251 824
161 825
35 826
14 827
638 828
470 829
602 830
147 831
69 832
624 833
67 834
554 835
292 836
523 837
51 838
447 839
321 840
192 841
186 842
656 843
805 844
834 845
430 846
617 847
449 848
308 849
28 850
740 851
149 852
225 853
479 854
365 855
11 856
460 857
526 858
586 859
704 860
760 861
463 862
847 863
16 864
450 865
230 866
835 867
245 868
396 869
9 870
230 871
597 872
538 873
155 874
434 875
547 876
124 877
875 878
420 879
572 880
199 881
516 882
762 883
341 884
604 885
553 886
511 887
150 888
208 889
232 890
375 891
101 892
26 893
665 894
534 895
287 896
419 897
334 898
653 899
603 900
868 901
740 902
401 903
523 904
490 905
879 906
485 907
130 908
619 909
420 910
20 911
804 912
46 913
345 914
360 915
770 916
542 917
253 918
526 919
699 920
671 921
165 922
117 923
371 924
529 925
329 926
844 927
332 928
208 929
84 930
622 931
837 932
14 933
386 934
255 935
567 936
801 937
802 938
350 939
203 940
87 941
887 942
158 943
457 944
517 945
89 946
51 947
21 948
275 949
491 950
713 951
357 952
568 953
200 954
365 955
842 956
531 957
796 958
878 959
228 960
197 961
290 962
33 963
222 964
479 965
186 966
124 967
389 968
536 969
423 970
493 971
483 972
969 973
600 974
834 975
898 976
358 977
938 978
362 979
689 980
584 981
587 982
740 983
21 984
477 985
625 986
483 987
772 988
811 989
583 990
308 991
921 992
682 993
865 994
705 995
977 996
363 997
139 998
441 999
937 1000
