1 2
2 3
2 4
4 5
5 6
5 7
6 8
3 9
1 10
6 11
2 12
9 13
13 14
4 15
2 16
14 17
3 18
8 19
10 20
3 21
9 22
20 23
13 24
3 25
17 26
25 27
25 28
8 29
10 30
8 31
22 32
13 33
2 34
32 35
21 36
32 37
17 38
27 39
30 40
30 41
6 42
16 43
36 44
16 45
38 46
34 47
42 48
3 49
21 50
37 51
12 52
15 53
49 54
54 55
39 56
32 57
22 58
37 59
25 60
21 61
61 62
62 63
4 64
25 65
59 66
33 67
67 68
64 69
50 70
36 71
21 72
24 73
16 74
39 75
48 76
61 77
55 78
9 79
26 80
42 81
49 82
66 83
20 84
19 85
46 86
38 87
61 88
9 89
51 90
23 91
66 92
45 93
73 94
3 95
58 96
78 97
90 98
6 99
29 100
76 101
64 102
71 103
53 104
44 105
103 106
40 107
85 108
20 109
109 110
52 111
20 112
61 113
27 114
98 115
51 116
74 117
45 118
94 119
79 120
29 121
68 122
115 123
23 124
114 125
122 126
46 127
83 128
116 129
102 130
105 131
12 132
57 133
128 134
72 135
47 136
60 137
129 138
131 139
65 140
139 141
34 142
117 143
112 144
143 145
145 146
39 147
115 148
120 149
103 150
97 151
107 152
43 153
151 154
102 155
35 156
150 157
97 158
130 159
80 160
87 161
152 162
153 163
146 164
5 165
132 166
132 167
81 168
15 169
153 170
52 171
38 172
137 173
48 174
107 175
16 176
92 177
91 178
162 179
42 180
19 181
125 182
168 183
57 184
129 185
21 186
48 187
105 188
102 189
116 190
33 191
6 192
49 193
32 194
88 195
34 196
96 197
86 198
87 199
82 200
53 201
87 202
116 203
40 204
187 205
56 206
36 207
88 208
185 209
129 210
71 211
54 212
197 213
64 214
132 215
19 216
167 217
120 218
215 219
142 220
188 221
189 222
71 223
142 224
164 225
192 226
157 227
220 228
112 229
218 230
221 231
114 232
223 233
3 234
16 235
57 236
118 237
43 238
80 239
139 240
10 241
26 242
19 243
23 244
92 245
168 246
208 247
197 248
84 249
138 250
22 251
179 252
51 253
204 254
154 255
206 256
131 257
129 258
27 259
71 260
40 261
191 262
210 263
177 264
127 265
242 266
197 267
184 268
267 269
29 270
134 271
253 272
65 273
19 274
210 275
186 276
135 277
135 278
98 279
83 280
4 281
279 282
279 283
20 284
126 285
243 286
86 287
141 288
125 289
114 290
30 291
129 292
238 293
117 294
59 295
103 296
6 297
247 298
107 299
31 300
161 301
45 302
218 303
151 304
54 305
63 306
54 307
266 308
220 309
4 310
221 311
121 312
242 313
83 314
304 315
108 316
306 317
129 318
131 319
171 320
294 321
257 322
222 323
300 324
178 325
244 326
235 327
1 328
144 329
86 330
145 331
323 332
10 333
26 334
329 335
3 336
228 337
133 338
59 339
320 340
241 341
243 342
52 343
87 344
243 345
286 346
176 347
49 348
268 349
232 350
227 351
84 352
97 353
205 354
115 355
70 356
320 357
9 358
184 359
103 360
78 361
39 362
110 363
70 364
92 365
250 366
236 367
5 368
71 369
46 370
212 371
265 372
326 373
275 374
328 375
292 376
210 377
71 378
117 379
10 380
314 381
302 382
56 383
349 384
69 385
152 386
47 387
287 388
291 389
235 390
31 391
206 392
246 393
241 394
269 395
282 396
245 397
221 398
323 399
250 400
108 401
199 402
63 403
298 404
206 405
391 406
58 407
181 408
124 409
143 410
210 411
383 412
298 413
163 414
398 415
40 416
170 417
102 418
270 419
223 420
268 421
35 422
333 423
237 424
261 425
354 426
398 427
132 428
389 429
352 430
287 431
107 432
379 433
193 434
304 435
8 436
52 437
45 438
272 439
393 440
231 441
379 442
191 443
131 444
95 445
361 446
121 447
30 448
186 449
105 450
446 451
331 452
89 453
265 454
219 455
149 456
16 457
387 458
408 459
70 460
432 461
431 462
310 463
219 464
438 465
314 466
170 467
264 468
178 469
141 470
412 471
321 472
425 473
411 474
182 475
288 476
202 477
254 478
92 479
140 480
246 481
443 482
12 483
477 484
138 485
371 486
302 487
333 488
467 489
465 490
11 491
438 492
180 493
94 494
489 495
39 496
369 497
486 498
143 499
101 500
186 501
48 502
228 503
382 504
220 505
180 506
113 507
347 508
8 509
106 510
328 511
455 512
125 513
188 514
114 515
364 516
334 517
449 518
355 519
251 520
53 521
414 522
358 523
368 524
515 525
390 526
265 527
2 528
337 529
6 530
57 531
94 532
276 533
64 534
502 535
244 536
368 537
49 538
332 539
4 540
291 541
159 542
303 543
347 544
25 545
74 546
73 547
336 548
440 549
373 550
112 551
367 552
147 553
532 554
391 555
44 556
105 557
426 558
5 559
492 560
423 561
482 562
19 563
193 564
400 565
236 566
148 567
325 568
319 569
314 570
455 571
303 572
105 573
530 574
4 575
5 576
257 577
265 578
540 579
70 580
316 581
385 582
299 583
90 584
242 585
30 586
262 587
84 588
67 589
43 590
291 591
37 592
187 593
110 594
431 595
360 596
520 597
544 598
512 599
233 600
30 601
571 602
257 603
61 604
225 605
572 606
605 607
40 608
454 609
155 610
117 611
299 612
137 613
73 614
266 615
606 616
593 617
226 618
238 619
81 620
565 621
66 622
461 623
6 624
65 625
441 626
234 627
96 628
62 629
65 630
512 631
143 632
520 633
41 634
359 635
421 636
334 637
148 638
158 639
582 640
308 641
69 642
599 643
273 644
172 645
330 646
128 647
431 648
136 649
567 650
34 651
257 652
376 653
338 654
553 655
99 656
155 657
80 658
369 659
314 660
138 661
392 662
182 663
619 664
616 665
544 666
648 667
138 668
661 669
582 670
559 671
620 672
153 673
81 674
418 675
340 676
454 677
430 678
225 679
104 680
555 681
303 682
54 683
290 684
306 685
414 686
273 687
17 688
391 689
149 690
646 691
321 692
42 693
366 694
525 695
287 696
591 697
99 698
295 699
626 700
202 701
351 702
615 703
395 704
118 705
379 706
507 707
357 708
194 709
165 710
230 711
159 712
4 713
422 714
193 715
362 716
383 717
195 718
490 719
16 720
253 721
188 722
449 723
297 724
330 725
365 726
634 727
468 728
281 729
162 730
275 731
492 732
354 733
720 734
251 735
447 736
524 737
214 738
535 739
348 740
180 741
547 742
24 743
466 744
45 745
353 746
622 747
291 748
267 749
134 750
335 751
537 752
119 753
69 754
169 755
491 756
108 757
598 758
438 759
283 760
637 761
356 762
93 763
745 764
222 765
95 766
85 767
179 768
736 769
756 770
304 771
173 772
499 773
448 774
645 775
704 776
644 777
690 778
548 779
447 780
681 781
278 782
357 783
232 784
149 785
69 786
68 787
349 788
705 789
223 790
220 791
403 792
624 793
589 794
63 795
467 796
37 797
768 798
668 799
73 800
477 801
42 802
549 803
713 804
170 805
412 806
168 807
153 808
240 809
401 810
2 811
77 812
11 813
139 814
772 815
464 816
344 817
689 818
762 819
541 820
800 821
473 822
420 823
108 824
55 825
360 826
69 827
729 828
193 829
14 830
786 831
52 832
402 833
619 834
778 835
231 836
405 837
348 838
419 839
182 840
42 841
345 842
623 843
577 844
724 845
72 846
758 847
135 848
277 849
256 850
551 851
61 852
242 853
384 854
767 855
771 856
183 857
98 858
730 859
473 860
95 861
113 862
756 863
552 864
295 865
295 866
575 867
366 868
534 869
465 870
257 871
461 872
521 873
613 874
781 875
477 876
79 877
34 878
234 879
480 880
776 881
747 882
682 883
7 884
857 885
149 886
564 887
788 888
614 889
882 890
592 891
749 892
561 893
248 894
360 895
15 896
59 897
525 898
887 899
838 900
286 901
803 902
414 903
235 904
394 905
452 906
620 907
358 908
35 909
498 910
499 911
533 912
491 913
35 914
830 915
486 916
453 917
663 918
184 919
494 920
609 921
84 922
52 923
432 924
204 925
133 926
417 927
719 928
65 929
150 930
346 931
97 932
249 933
258 934
639 935
292 936
306 937
886 938
447 939
464 940
442 941
765 942
640 943
791 944
824 945
812 946
156 947
772 948
921 949
925 950
19 951
108 952
489 953
843 954
693 955
380 956
592 957
829 958
615 959
737 960
273 961
569 962
605 963
904 964
161 965
649 966
963 967
61 968
612 969
962 970
685 971
116 972
475 973
110 974
807 975
929 976
9 977
334 978
752 979
914 980
429 981
473 982
705 983
376 984
955 985
280 986
793 987
477 988
540 989
480 990
78 991
753 992
736 993
837 994
216 995
345 996
529 997
605 998
156 999
998 1000
