1 2
2 3
2 4
3 5
3 6
1 7
1 8
2 9
1 10
6 11
6 12
5 13
3 14
8 15
15 16
3 17
16 18
2 19
13 20
1 21
19 22
16 23
2 24
7 25
20 26
10 27
27 28
19 29
18 30
1 31
30 32
31 33
1 34
9 35
16 36
33 37
17 38
28 39
17 40
38 41
10 42
31 43
38 44
2 45
27 46
24 47
2 48
48 49
12 50
5 51
15 52
37 53
15 54
47 55
48 56
34 57
29 58
18 59
39 60
13 61
36 62
30 63
2 64
11 65
26 66
19 67
48 68
37 69
13 70
47 71
9 72
32 73
45 74
69 75
41 76
65 77
66 78
38 79
64 80
14 81
69 82
61 83
51 84
66 85
25 86
56 87
36 88
62 89
80 90
52 91
28 92
64 93
46 94
17 95
55 96
69 97
53 98
41 99
9 100
35 101
29 102
1 103
1 104
87 105
84 106
100 107
5 108
59 109
66 110
19 111
5 112
29 113
41 114
66 115
39 116
22 117
3 118
63 119
50 120
8 121
68 122
30 123
66 124
47 125
69 126
47 127
19 128
16 129
86 130
49 131
97 132
69 133
58 134
48 135
84 136
28 137
79 138
68 139
77 140
4 141
19 142
115 143
9 144
111 145
73 146
93 147
140 148
134 149
85 150
74 151
65 152
58 153
146 154
118 155
18 156
69 157
66 158
53 159
107 160
146 161
104 162
137 163
109 164
17 165
35 166
39 167
73 168
92 169
147 170
126 171
6 172
54 173
59 174
61 175
40 176
117 177
55 178
156 179
48 180
101 181
137 182
180 183
110 184
77 185
170 186
30 187
132 188
110 189
133 190
84 191
96 192
139 193
152 194
177 195
164 196
191 197
120 198
99 199
118 200
66 201
147 202
148 203
158 204
176 205
105 206
113 207
97 208
89 209
19 210
75 211
82 212
63 213
35 214
197 215
84 216
131 217
126 218
159 219
17 220
77 221
31 222
87 223
87 224
204 225
129 226
174 227
222 228
209 229
161 230
30 231
217 232
1 233
61 234
6 235
16 236
110 237
13 238
74 239
203 240
21 241
60 242
42 243
174 244
35 245
118 246
102 247
21 248
246 249
157 250
78 251
195 252
89 253
121 254
250 255
252 256
244 257
182 258
35 259
27 260
95 261
110 262
234 263
164 264
118 265
235 266
260 267
129 268
161 269
96 270
21 271
29 272
264 273
25 274
21 275
4 276
250 277
244 278
199 279
127 280
264 281
52 282
146 283
193 284
249 285
143 286
273 287
103 288
35 289
101 290
249 291
53 292
265 293
212 294
16 295
89 296
121 297
66 298
185 299
120 300
285 301
26 302
239 303
216 304
281 305
257 306
176 307
124 308
263 309
197 310
274 311
176 312
197 313
297 314
310 315
145 316
98 317
203 318
123 319
11 320
259 321
243 322
153 323
118 324
230 325
203 326
131 327
176 328
25 329
80 330
81 331
26 332
157 333
104 334
27 335
234 336
270 337
180 338
156 339
169 340
152 341
100 342
63 343
315 344
79 345
130 346
50 347
319 348
281 349
57 350
15 351
30 352
304 353
200 354
171 355
353 356
53 357
127 358
236 359
58 360
359 361
340 362
38 363
116 364
104 365
328 366
67 367
346 368
294 369
350 370
271 371
345 372
366 373
194 374
174 375
92 376
37 377
172 378
173 379
346 380
229 381
273 382
124 383
173 384
342 385
129 386
134 387
295 388
352 389
213 390
379 391
263 392
242 393
325 394
229 395
36 396
316 397
138 398
395 399
64 400
340 401
132 402
302 403
228 404
346 405
130 406
211 407
348 408
200 409
403 410
155 411
84 412
174 413
101 414
166 415
127 416
306 417
266 418
215 419
312 420
239 421
388 422
224 423
280 424
285 425
55 426
194 427
47 428
379 429
396 430
115 431
140 432
74 433
256 434
85 435
43 436
31 437
291 438
310 439
168 440
94 441
79 442
254 443
40 444
154 445
194 446
299 447
136 448
376 449
83 450
185 451
368 452
173 453
358 454
435 455
339 456
195 457
330 458
200 459
69 460
382 461
226 462
427 463
121 464
171 465
305 466
403 467
453 468
104 469
244 470
301 471
287 472
346 473
22 474
135 475
83 476
408 477
415 478
80 479
145 480
101 481
202 482
467 483
44 484
381 485
147 486
216 487
335 488
278 489
471 490
274 491
178 492
210 493
77 494
324 495
481 496
367 497
424 498
146 499
469 500
84 501
11 502
300 503
425 504
503 505
206 506
357 507
321 508
417 509
72 510
135 511
329 512
143 513
391 514
29 515
294 516
417 517
225 518
111 519
55 520
191 521
512 522
404 523
472 524
184 525
507 526
217 527
479 528
525 529
57 530
306 531
310 532
88 533
326 534
474 535
453 536
99 537
499 538
456 539
387 540
66 541
235 542
33 543
465 544
503 545
395 546
187 547
466 548
394 549
305 550
176 551
12 552
12 553
386 554
549 555
400 556
158 557
502 558
265 559
286 560
548 561
33 562
265 563
485 564
523 565
109 566
441 567
222 568
375 569
104 570
256 571
149 572
195 573
438 574
381 575
412 576
91 577
292 578
540 579
232 580
265 581
353 582
233 583
331 584
384 585
541 586
94 587
427 588
521 589
451 590
466 591
459 592
169 593
291 594
564 595
80 596
127 597
158 598
397 599
6 600
224 601
291 602
573 603
566 604
375 605
584 606
474 607
432 608
208 609
530 610
531 611
165 612
146 613
19 614
72 615
232 616
156 617
604 618
407 619
311 620
125 621
353 622
206 623
554 624
9 625
160 626
107 627
124 628
496 629
270 630
139 631
393 632
305 633
205 634
28 635
324 636
211 637
185 638
218 639
137 640
331 641
347 642
65 643
182 644
522 645
218 646
351 647
424 648
229 649
605 650
317 651
86 652
107 653
368 654
375 655
590 656
237 657
560 658
440 659
367 660
493 661
352 662
65 663
40 664
325 665
578 666
107 667
303 668
200 669
308 670
661 671
624 672
643 673
295 674
568 675
572 676
451 677
444 678
572 679
336 680
386 681
676 682
43 683
594 684
485 685
590 686
237 687
90 688
399 689
239 690
25 691
345 692
78 693
553 694
435 695
476 696
258 697
104 698
613 699
265 700
22 701
487 702
640 703
243 704
193 705
70 706
25 707
509 708
356 709
77 710
531 711
81 712
473 713
346 714
55 715
453 716
508 717
617 718
95 719
523 720
264 721
607 722
130 723
355 724
389 725
447 726
31 727
80 728
259 729
689 730
179 731
582 732
567 733
202 734
120 735
262 736
223 737
705 738
475 739
63 740
58 741
86 742
25 743
728 744
307 745
477 746
135 747
19 748
243 749
528 750
246 751
51 752
438 753
300 754
279 755
681 756
263 757
387 758
729 759
301 760
247 761
135 762
202 763
685 764
420 765
466 766
656 767
616 768
662 769
503 770
208 771
715 772
264 773
59 774
287 775
315 776
319 777
83 778
461 779
498 780
282 781
14 782
734 783
429 784
692 785
585 786
27 787
593 788
460 789
581 790
128 791
535 792
775 793
608 794
220 795
608 796
424 797
541 798
411 799
150 800
75 801
44 802
153 803
695 804
250 805
558 806
180 807
666 808
247 809
15 810
307 811
734 812
74 813
662 814
487 815
445 816
388 817
216 818
41 819
288 820
732 821
184 822
472 823
480 824
159 825
126 826
366 827
557 828
158 829
699 830
742 831
270 832
715 833
355 834
824 835
313 836
180 837
616 838
76 839
764 840
758 841
791 842
742 843
574 844
286 845
343 846
358 847
530 848
592 849
464 850
597 851
640 852
41 853
40 854
658 855
50 856
748 857
654 858
398 859
171 860
460 861
194 862
318 863
402 864
607 865
57 866
421 867
426 868
531 869
665 870
266 871
488 872
818 873
374 874
425 875
686 876
125 877
391 878
193 879
652 880
164 881
447 882
191 883
273 884
541 885
207 886
576 887
126 888
565 889
787 890
885 891
865 892
25 893
822 894
77 895
858 896
69 897
110 898
695 899
82 900
512 901
895 902
319 903
419 904
667 905
575 906
318 907
756 908
640 909
322 910
405 911
743 912
295 913
683 914
790 915
24 916
466 917
208 918
805 919
616 920
838 921
654 922
482 923
888 924
683 925
402 926
304 927
233 928
448 929
367 930
793 931
117 932
423 933
208 934
529 935
767 936
790 937
414 938
669 939
652 940
214 941
877 942
581 943
746 944
418 945
135 946
751 947
304 948
273 949
489 950
871 951
125 952
27 953
880 954
159 955
357 956
457 957
954 958
124 959
872 960
371 961
669 962
824 963
52 964
145 965
954 966
349 967
956 968
176 969
421 970
896 971
1 972
110 973
880 974
883 975
279 976
335 977
202 978
251 979
508 980
67 981
432 982
122 983
191 984
110 985
904 986
907 987
557 988
630 989
562 990
302 991
432 992
154 993
700 994
983 995
76 996
322 997
410 998
461 999
492 1000
