1 2
1 3
3 4
1 5
4 6
1 7
2 8
2 9
3 10
6 11
7 12
6 13
6 14
5 15
11 16
13 17
10 18
5 19
4 20
16 21
15 22
7 23
4 24
10 25
5 26
22 27
18 28
18 29
5 30
25 31
16 32
9 33
1 34
9 35
35 36
13 37
3 38
18 39
27 40
17 41
40 42
38 43
32 44
1 45
38 46
19 47
33 48
26 49
37 50
42 51
32 52
38 53
13 54
21 55
35 56
1 57
21 58
26 59
2 60
4 61
59 62
43 63
42 64
9 65
1 66
13 67
44 68
47 69
67 70
37 71
28 72
61 73
44 74
57 75
62 76
19 77
53 78
4 79
26 80
9 81
11 82
22 83
25 84
56 85
10 86
74 87
84 88
67 89
61 90
13 91
2 92
24 93
66 94
23 95
88 96
45 97
41 98
85 99
36 100
23 101
88 102
45 103
41 104
39 105
13 106
97 107
65 108
58 109
106 110
54 111
78 112
32 113
46 114
77 115
79 116
115 117
15 118
62 119
8 120
39 121
65 122
42 123
60 124
30 125
49 126
75 127
73 128
105 129
8 130
31 131
119 132
66 133
27 134
107 135
96 136
122 137
62 138
41 139
84 140
61 141
30 142
24 143
32 144
93 145
22 146
26 147
70 148
90 149
139 150
13 151
136 152
89 153
43 154
11 155
27 156
140 157
49 158
133 159
147 160
89 161
84 162
17 163
110 164
12 165
77 166
41 167
29 168
26 169
104 170
63 171
32 172
125 173
171 174
31 175
139 176
138 177
91 178
72 179
64 180
29 181
143 182
22 183
2 184
82 185
33 186
112 187
60 188
132 189
45 190
10 191
68 192
183 193
41 194
125 195
5 196
77 197
67 198
161 199
176 200
16 201
45 202
181 203
53 204
54 205
47 206
94 207
25 208
142 209
38 210
130 211
181 212
159 213
167 214
49 215
16 216
13 217
174 218
102 219
59 220
96 221
146 222
90 223
107 224
112 225
112 226
133 227
105 228
200 229
24 230
69 231
125 232
183 233
57 234
34 235
169 236
43 237
207 238
216 239
210 240
158 241
164 242
160 243
87 244
138 245
97 246
114 247
13 248
147 249
227 250
86 251
230 252
141 253
167 254
214 255
68 256
92 257
218 258
10 259
175 260
123 261
167 262
119 263
81 264
253 265
35 266
261 267
250 268
210 269
32 270
170 271
265 272
168 273
141 274
270 275
207 276
158 277
71 278
93 279
163 280
160 281
209 282
214 283
260 284
250 285
190 286
197 287
54 288
284 289
42 290
172 291
238 292
159 293
107 294
133 295
177 296
103 297
247 298
11 299
247 300
90 301
21 302
244 303
43 304
275 305
117 306
4 307
47 308
210 309
302 310
48 311
73 312
145 313
132 314
146 315
251 316
230 317
138 318
106 319
212 320
42 321
319 322
244 323
150 324
133 325
96 326
279 327
221 328
243 329
234 330
246 331
270 332
102 333
96 334
266 335
128 336
218 337
230 338
260 339
141 340
77 341
226 342
14 343
180 344
59 345
125 346
149 347
149 348
238 349
253 350
346 351
238 352
224 353
193 354
231 355
340 356
93 357
63 358
83 359
58 360
136 361
273 362
202 363
116 364
313 365
283 366
221 367
160 368
193 369
230 370
253 371
162 372
253 373
116 374
281 375
195 376
239 377
99 378
225 379
111 380
308 381
174 382
166 383
279 384
212 385
219 386
72 387
25 388
137 389
181 390
191 391
60 392
98 393
242 394
293 395
346 396
132 397
388 398
311 399
199 400
118 401
106 402
390 403
264 404
132 405
162 406
29 407
119 408
2 409
336 410
397 411
315 412
250 413
251 414
302 415
224 416
240 417
393 418
280 419
165 420
259 421
300 422
151 423
155 424
173 425
379 426
317 427
164 428
128 429
67 430
10 431
215 432
308 433
281 434
95 435
352 436
238 437
65 438
290 439
336 440
170 441
377 442
166 443
395 444
132 445
140 446
225 447
333 448
416 449
323 450
55 451
386 452
423 453
70 454
177 455
16 456
59 457
105 458
374 459
35 460
341 461
279 462
355 463
191 464
402 465
29 466
64 467
370 468
7 469
268 470
211 471
200 472
172 473
432 474
369 475
42 476
242 477
381 478
407 479
412 480
226 481
210 482
59 483
462 484
85 485
348 486
117 487
125 488
148 489
339 490
263 491
325 492
89 493
276 494
452 495
336 496
440 497
453 498
297 499
354 500
143 501
402 502
290 503
498 504
345 505
16 506
342 507
203 508
156 509
442 510
465 511
481 512
421 513
15 514
247 515
151 516
350 517
441 518
365 519
250 520
383 521
210 522
99 523
416 524
105 525
480 526
511 527
198 528
187 529
266 530
293 531
2 532
172 533
176 534
242 535
157 536
158 537
35 538
423 539
384 540
461 541
126 542
133 543
162 544
451 545
498 546
269 547
135 548
136 549
23 550
306 551
271 552
521 553
334 554
554 555
170 556
303 557
55 558
543 559
219 560
221 561
78 562
398 563
351 564
263 565
128 566
145 567
291 568
178 569
501 570
81 571
110 572
367 573
134 574
555 575
149 576
35 577
389 578
389 579
157 580
301 581
101 582
308 583
411 584
493 585
221 586
181 587
121 588
530 589
241 590
1 591
346 592
468 593
143 594
391 595
105 596
116 597
594 598
534 599
359 600
157 601
431 602
555 603
345 604
119 605
217 606
538 607
577 608
386 609
260 610
84 611
119 612
30 613
364 614
15 615
244 616
577 617
65 618
126 619
334 620
379 621
16 622
448 623
570 624
124 625
489 626
163 627
400 628
10 629
363 630
442 631
330 632
476 633
375 634
518 635
627 636
314 637
231 638
34 639
537 640
501 641
210 642
348 643
512 644
109 645
471 646
112 647
468 648
368 649
25 650
211 651
239 652
18 653
259 654
192 655
468 656
231 657
610 658
64 659
302 660
527 661
355 662
524 663
476 664
658 665
378 666
663 667
361 668
142 669
237 670
30 671
344 672
134 673
68 674
84 675
341 676
644 677
59 678
570 679
18 680
207 681
654 682
104 683
612 684
199 685
504 686
398 687
33 688
262 689
613 690
173 691
202 692
124 693
9 694
266 695
428 696
462 697
271 698
590 699
440 700
239 701
372 702
146 703
85 704
474 705
643 706
260 707
141 708
450 709
220 710
112 711
240 712
392 713
375 714
237 715
409 716
576 717
442 718
190 719
507 720
230 721
624 722
275 723
101 724
228 725
433 726
2 727
176 728
525 729
564 730
697 731
75 732
17 733
512 734
52 735
617 736
619 737
339 738
531 739
631 740
212 741
322 742
93 743
417 744
11 745
262 746
503 747
684 748
345 749
112 750
299 751
514 752
178 753
486 754
275 755
90 756
752 757
416 758
480 759
747 760
286 761
514 762
292 763
729 764
566 765
658 766
258 767
412 768
325 769
125 770
162 771
479 772
141 773
134 774
678 775
740 776
713 777
583 778
730 779
27 780
143 781
396 782
673 783
130 784
704 785
425 786
243 787
617 788
570 789
643 790
267 791
164 792
68 793
590 794
162 795
66 796
410 797
213 798
425 799
781 800
579 801
14 802
482 803
616 804
192 805
230 806
644 807
586 808
509 809
230 810
666 811
196 812
261 813
33 814
198 815
64 816
376 817
103 818
407 819
62 820
554 821
308 822
560 823
163 824
556 825
35 826
156 827
261 828
52 829
392 830
386 831
175 832
337 833
282 834
306 835
360 836
8 837
702 838
521 839
603 840
187 841
733 842
205 843
31 844
572 845
606 846
257 847
404 848
176 849
280 850
322 851
667 852
233 853
80 854
659 855
519 856
461 857
251 858
486 859
621 860
839 861
672 862
652 863
538 864
737 865
657 866
539 867
184 868
285 869
107 870
214 871
722 872
308 873
590 874
540 875
462 876
558 877
180 878
760 879
78 880
771 881
604 882
373 883
320 884
110 885
805 886
666 887
275 888
246 889
369 890
407 891
7 892
64 893
810 894
279 895
447 896
67 897
548 898
374 899
44 900
37 901
59 902
579 903
274 904
544 905
239 906
753 907
363 908
293 909
376 910
165 911
36 912
507 913
707 914
857 915
363 916
697 917
390 918
531 919
779 920
128 921
857 922
304 923
362 924
618 925
398 926
15 927
732 928
546 929
432 930
925 931
37 932
175 933
514 934
119 935
498 936
274 937
786 938
167 939
72 940
816 941
206 942
347 943
6 944
555 945
242 946
848 947
18 948
55 949
943 950
503 951
88 952
305 953
499 954
29 955
604 956
199 957
753 958
175 959
25 960
854 961
150 962
536 963
864 964
174 965
799 966
384 967
185 968
867 969
415 970
355 971
852 972
532 973
893 974
124 975
142 976
878 977
649 978
160 979
437 980
383 981
602 982
689 983
485 984
655 985
689 986
928 987
255 988
757 989
448 990
464 991
979 992
984 993
601 994
668 995
511 996
495 997
780 998
434 999
32 1000
