1 2
2 3
3 4
4 5
1 6
1 7
1 8
6 9
4 10
9 11
6 12
10 13
13 14
13 15
7 16
11 17
5 18
5 19
9 20
5 21
2 22
10 23
19 24
8 25
22 26
18 27
13 28
1 29
21 30
17 31
8 32
11 33
12 34
29 35
19 36
25 37
12 38
32 39
1 40
8 41
20 42
37 43
20 44
17 45
27 46
15 47
5 48
13 49
22 50
15 51
19 52
4 53
27 54
31 55
53 56
28 57
43 58
39 59
43 60
22 61
24 62
27 63
25 64
9 65
20 66
10 67
43 68
50 69
51 70
34 71
27 72
40 73
8 74
16 75
34 76
64 77
14 78
42 79
27 80
2 81
39 82
35 83
32 84
77 85
79 86
32 87
69 88
35 89
1 90
6 91
26 92
44 93
10 94
19 95
88 96
36 97
26 98
66 99
96 100
58 101
78 102
87 103
16 104
43 105
104 106
94 107
43 108
74 109
84 110
56 111
77 112
32 113
69 114
35 115
86 116
49 117
86 118
86 119
36 120
72 121
83 122
74 123
106 124
50 125
120 126
11 127
16 128
20 129
28 130
2 131
119 132
79 133
16 134
131 135
31 136
74 137
1 138
98 139
11 140
13 141
45 142
122 143
31 144
95 145
47 146
65 147
24 148
3 149
52 150
29 151
99 152
53 153
132 154
49 155
101 156
19 157
1 158
10 159
124 160
76 161
54 162
132 163
136 164
52 165
117 166
95 167
125 168
1 169
65 170
141 171
106 172
55 173
113 174
44 175
96 176
89 177
68 178
39 179
58 180
75 181
77 182
122 183
23 184
112 185
161 186
126 187
106 188
86 189
183 190
119 191
122 192
151 193
91 194
147 195
138 196
146 197
80 198
57 199
79 200
72 201
14 202
32 203
41 204
171 205
163 206
40 207
117 208
60 209
4 210
28 211
30 212
73 213
15 214
199 215
207 216
10 217
58 218
86 219
147 220
56 221
103 222
145 223
17 224
206 225
105 226
29 227
64 228
65 229
181 230
113 231
94 232
217 233
75 234
194 235
152 236
3 237
52 238
189 239
22 240
134 241
17 242
99 243
123 244
180 245
153 246
72 247
111 248
115 249
190 250
60 251
49 252
51 253
150 254
123 255
180 256
114 257
232 258
192 259
78 260
161 261
83 262
5 263
64 264
113 265
98 266
52 267
11 268
72 269
73 270
42 271
246 272
267 273
79 274
87 275
253 276
13 277
266 278
184 279
162 280
97 281
256 282
19 283
234 284
195 285
220 286
128 287
114 288
2 289
154 290
285 291
164 292
60 293
228 294
282 295
71 296
18 297
293 298
122 299
189 300
159 301
99 302
103 303
160 304
73 305
212 306
165 307
95 308
102 309
94 310
290 311
281 312
90 313
262 314
80 315
276 316
123 317
5 318
297 319
106 320
277 321
147 322
249 323
288 324
90 325
78 326
312 327
100 328
23 329
99 330
281 331
294 332
305 333
161 334
15 335
319 336
230 337
88 338
322 339
246 340
241 341
117 342
100 343
189 344
133 345
56 346
48 347
155 348
140 349
19 350
270 351
133 352
239 353
76 354
98 355
8 356
28 357
111 358
177 359
82 360
2 361
360 362
113 363
107 364
54 365
91 366
3 367
145 368
148 369
306 370
143 371
249 372
89 373
186 374
157 375
298 376
183 377
313 378
222 379
280 380
192 381
221 382
203 383
45 384
201 385
299 386
71 387
373 388
6 389
191 390
315 391
318 392
343 393
252 394
321 395
377 396
392 397
106 398
372 399
100 400
185 401
24 402
321 403
394 404
309 405
345 406
266 407
126 408
336 409
286 410
41 411
213 412
392 413
185 414
271 415
58 416
191 417
142 418
243 419
226 420
395 421
112 422
80 423
320 424
290 425
159 426
422 427
304 428
425 429
217 430
224 431
94 432
92 433
132 434
67 435
320 436
127 437
388 438
431 439
95 440
32 441
27 442
250 443
279 444
246 445
110 446
51 447
45 448
394 449
256 450
236 451
391 452
141 453
263 454
435 455
341 456
319 457
132 458
216 459
202 460
454 461
63 462
273 463
45 464
97 465
45 466
31 467
447 468
114 469
315 470
149 471
108 472
275 473
234 474
123 475
51 476
441 477
270 478
139 479
379 480
258 481
303 482
101 483
121 484
445 485
448 486
239 487
417 488
204 489
103 490
454 491
417 492
204 493
397 494
19 495
455 496
66 497
132 498
436 499
1 500
34 501
16 502
275 503
322 504
91 505
241 506
238 507
144 508
415 509
277 510
139 511
401 512
90 513
342 514
126 515
231 516
234 517
362 518
191 519
305 520
158 521
126 522
314 523
229 524
421 525
189 526
374 527
60 528
256 529
46 530
199 531
269 532
325 533
510 534
458 535
100 536
447 537
247 538
138 539
205 540
292 541
361 542
482 543
4 544
420 545
334 546
274 547
343 548
119 549
448 550
175 551
33 552
306 553
298 554
329 555
231 556
342 557
404 558
179 559
184 560
444 561
371 562
350 563
400 564
166 565
321 566
501 567
91 568
512 569
320 570
269 571
528 572
25 573
182 574
117 575
447 576
86 577
382 578
75 579
326 580
174 581
391 582
119 583
292 584
350 585
313 586
50 587
36 588
372 589
375 590
256 591
547 592
31 593
330 594
396 595
484 596
236 597
342 598
22 599
517 600
445 601
159 602
55 603
44 604
117 605
191 606
457 607
209 608
491 609
88 610
572 611
161 612
371 613
42 614
437 615
207 616
52 617
136 618
510 619
210 620
496 621
256 622
252 623
356 624
97 625
424 626
385 627
425 628
175 629
541 630
271 631
228 632
587 633
66 634
209 635
160 636
334 637
445 638
15 639
325 640
179 641
363 642
142 643
24 644
26 645
312 646
222 647
53 648
12 649
375 650
586 651
372 652
239 653
413 654
267 655
218 656
629 657
426 658
387 659
615 660
568 661
296 662
564 663
597 664
423 665
13 666
147 667
204 668
138 669
518 670
571 671
230 672
589 673
521 674
96 675
21 676
414 677
160 678
309 679
19 680
297 681
491 682
198 683
1 684
338 685
359 686
306 687
96 688
576 689
235 690
299 691
445 692
637 693
335 694
456 695
344 696
352 697
415 698
241 699
631 700
510 701
343 702
585 703
598 704
593 705
263 706
345 707
215 708
444 709
172 710
576 711
535 712
691 713
132 714
157 715
343 716
620 717
232 718
498 719
380 720
700 721
31 722
704 723
677 724
426 725
193 726
531 727
524 728
623 729
474 730
143 731
712 732
42 733
281 734
138 735
67 736
44 737
344 738
294 739
412 740
55 741
261 742
306 743
452 744
724 745
623 746
563 747
540 748
291 749
62 750
535 751
247 752
28 753
650 754
682 755
330 756
231 757
539 758
132 759
705 760
239 761
510 762
134 763
521 764
238 765
493 766
3 767
376 768
64 769
610 770
449 771
521 772
238 773
511 774
566 775
380 776
753 777
718 778
36 779
579 780
368 781
570 782
496 783
26 784
403 785
246 786
666 787
732 788
209 789
51 790
174 791
200 792
625 793
464 794
714 795
527 796
59 797
768 798
638 799
199 800
56 801
270 802
357 803
569 804
515 805
169 806
674 807
562 808
376 809
559 810
278 811
320 812
252 813
660 814
467 815
670 816
300 817
499 818
33 819
284 820
225 821
435 822
704 823
159 824
677 825
677 826
19 827
778 828
57 829
521 830
693 831
53 832
25 833
268 834
128 835
471 836
639 837
677 838
685 839
160 840
288 841
156 842
431 843
267 844
94 845
434 846
90 847
373 848
669 849
120 850
701 851
455 852
590 853
124 854
730 855
691 856
570 857
636 858
302 859
832 860
844 861
244 862
611 863
704 864
190 865
446 866
490 867
166 868
593 869
596 870
487 871
156 872
349 873
442 874
380 875
194 876
413 877
257 878
289 879
743 880
366 881
388 882
588 883
435 884
248 885
486 886
310 887
799 888
771 889
233 890
323 891
140 892
382 893
809 894
181 895
699 896
631 897
409 898
296 899
84 900
236 901
242 902
154 903
273 904
851 905
891 906
244 907
19 908
606 909
255 910
612 911
201 912
464 913
579 914
188 915
28 916
407 917
643 918
616 919
224 920
200 921
653 922
35 923
640 924
95 925
912 926
253 927
578 928
26 929
534 930
66 931
664 932
52 933
878 934
816 935
67 936
233 937
232 938
876 939
609 940
804 941
166 942
598 943
203 944
350 945
588 946
441 947
788 948
761 949
522 950
496 951
919 952
517 953
381 954
199 955
741 956
762 957
526 958
741 959
852 960
915 961
491 962
826 963
907 964
517 965
901 966
216 967
70 968
410 969
517 970
611 971
745 972
555 973
221 974
928 975
520 976
552 977
78 978
476 979
736 980
622 981
416 982
587 983
362 984
464 985
725 986
328 987
342 988
737 989
176 990
283 991
455 992
403 993
490 994
791 995
451 996
701 997
74 998
624 999
417 1000
