1 2
1 3
1 4
2 5
2 6
3 7
6 8
2 9
8 10
10 11
6 12
9 13
3 14
6 15
5 16
16 17
4 18
3 19
15 20
6 21
2 22
19 23
13 24
19 25
13 26
6 27
11 28
4 29
6 30
8 31
17 32
32 33
19 34
17 35
3 36
6 37
9 38
36 39
26 40
17 41
29 42
18 43
21 44
2 45
15 46
20 47
4 48
12 49
23 50
22 51
28 52
8 53
18 54
21 55
46 56
44 57
40 58
4 59
2 60
55 61
41 62
39 63
33 64
24 65
36 66
52 67
64 68
38 69
42 70
54 71
41 72
54 73
1 74
8 75
4 76
67 77
40 78
35 79
37 80
1 81
44 82
11 83
54 84
54 85
12 86
51 87
44 88
79 89
89 90
54 91
61 92
75 93
59 94
38 95
69 96
9 97
33 98
5 99
28 100
8 101
53 102
33 103
77 104
52 105
84 106
67 107
19 108
88 109
29 110
32 111
59 112
49 113
30 114
69 115
88 116
49 117
11 118
69 119
39 120
49 121
49 122
95 123
79 124
32 125
33 126
82 127
41 128
116 129
81 130
16 131
60 132
50 133
46 134
8 135
5 136
39 137
91 138
7 139
83 140
84 141
57 142
103 143
132 144
38 145
11 146
44 147
99 148
25 149
86 150
72 151
97 152
151 153
3 154
109 155
27 156
80 157
53 158
65 159
102 160
49 161
83 162
24 163
81 164
61 165
141 166
117 167
139 168
109 169
45 170
38 171
8 172
60 173
124 174
142 175
125 176
140 177
167 178
45 179
174 180
150 181
65 182
132 183
95 184
167 185
27 186
110 187
38 188
38 189
92 190
100 191
47 192
177 193
185 194
139 195
181 196
158 197
10 198
53 199
141 200
162 201
142 202
144 203
41 204
76 205
33 206
164 207
70 208
178 209
1 210
179 211
52 212
173 213
160 214
107 215
205 216
155 217
123 218
46 219
122 220
125 221
4 222
73 223
129 224
6 225
34 226
82 227
140 228
5 229
183 230
61 231
10 232
159 233
177 234
36 235
229 236
28 237
226 238
63 239
103 240
184 241
105 242
5 243
188 244
165 245
61 246
68 247
9 248
31 249
216 250
154 251
238 252
251 253
217 254
90 255
229 256
50 257
31 258
121 259
155 260
77 261
177 262
224 263
231 264
33 265
58 266
32 267
94 268
65 269
191 270
79 271
34 272
77 273
118 274
213 275
118 276
3 277
136 278
13 279
24 280
122 281
240 282
102 283
118 284
12 285
132 286
114 287
145 288
151 289
2 290
257 291
90 292
128 293
168 294
147 295
174 296
278 297
122 298
49 299
43 300
224 301
67 302
31 303
270 304
18 305
22 306
149 307
215 308
25 309
262 310
288 311
80 312
39 313
245 314
114 315
1 316
308 317
38 318
289 319
211 320
152 321
321 322
186 323
147 324
259 325
68 326
215 327
279 328
186 329
228 330
166 331
216 332
192 333
104 334
118 335
52 336
234 337
64 338
233 339
251 340
30 341
240 342
153 343
269 344
184 345
171 346
35 347
238 348
19 349
282 350
240 351
248 352
36 353
98 354
339 355
279 356
76 357
32 358
19 359
275 360
35 361
222 362
188 363
174 364
106 365
248 366
205 367
111 368
340 369
12 370
369 371
3 372
263 373
144 374
153 375
17 376
280 377
24 378
161 379
18 380
40 381
360 382
151 383
32 384
248 385
80 386
274 387
313 388
248 389
277 390
25 391
193 392
101 393
203 394
190 395
126 396
214 397
319 398
108 399
249 400
354 401
217 402
231 403
358 404
257 405
176 406
128 407
148 408
385 409
306 410
338 411
207 412
168 413
204 414
285 415
194 416
29 417
140 418
68 419
225 420
59 421
81 422
158 423
419 424
224 425
3 426
33 427
118 428
312 429
155 430
271 431
163 432
235 433
168 434
273 435
62 436
172 437
14 438
131 439
311 440
196 441
265 442
383 443
268 444
394 445
193 446
419 447
116 448
13 449
8 450
243 451
403 452
405 453
181 454
411 455
74 456
387 457
370 458
173 459
197 460
373 461
283 462
451 463
204 464
235 465
378 466
358 467
277 468
150 469
335 470
138 471
397 472
183 473
172 474
51 475
175 476
75 477
354 478
375 479
27 480
39 481
339 482
137 483
103 484
17 485
471 486
350 487
400 488
234 489
186 490
384 491
66 492
189 493
225 494
243 495
60 496
355 497
89 498
145 499
219 500
