1 2
1 3
2 4
4 5
4 6
2 7
3 8
6 9
5 10
6 11
10 12
3 13
6 14
9 15
10 16
3 17
5 18
18 19
11 20
8 21
18 22
10 23
23 24
3 25
1 26
5 27
6 28
5 29
6 30
24 31
12 32
18 33
2 34
33 35
12 36
10 37
23 38
36 39
2 40
36 41
33 42
23 43
9 44
28 45
22 46
7 47
2 48
26 49
2 50
3 51
4 52
18 53
42 54
43 55
48 56
35 57
8 58
33 59
17 60
8 61
41 62
23 63
14 64
52 65
33 66
36 67
35 68
58 69
41 70
24 71
7 72
5 73
40 74
11 75
26 76
19 77
47 78
39 79
11 80
51 81
7 82
28 83
68 84
1 85
39 86
62 87
53 88
27 89
5 90
2 91
68 92
4 93
6 94
77 95
7 96
27 97
68 98
20 99
30 100
18 101
12 102
53 103
41 104
96 105
49 106
90 107
79 108
59 109
95 110
5 111
10 112
18 113
59 114
69 115
3 116
107 117
89 118
14 119
39 120
13 121
112 122
96 123
118 124
87 125
56 126
110 127
38 128
71 129
63 130
78 131
71 132
78 133
80 134
62 135
72 136
32 137
21 138
36 139
64 140
12 141
62 142
105 143
88 144
5 145
6 146
77 147
70 148
16 149
61 150
95 151
92 152
57 153
67 154
4 155
22 156
50 157
60 158
129 159
9 160
4 161
159 162
12 163
57 164
16 165
156 166
145 167
40 168
12 169
32 170
75 171
27 172
115 173
29 174
23 175
2 176
141 177
93 178
162 179
120 180
56 181
122 182
46 183
130 184
14 185
167 186
113 187
59 188
41 189
127 190
159 191
55 192
57 193
131 194
112 195
113 196
147 197
102 198
53 199
121 200
135 201
90 202
156 203
155 204
109 205
147 206
12 207
171 208
111 209
147 210
51 211
164 212
90 213
156 214
42 215
43 216
142 217
212 218
180 219
195 220
216 221
96 222
43 223
129 224
139 225
6 226
127 227
116 228
112 229
131 230
66 231
81 232
90 233
9 234
75 235
142 236
23 237
169 238
81 239
68 240
148 241
162 242
14 243
68 244
13 245
57 246
197 247
72 248
174 249
231 250
68 251
24 252
116 253
50 254
24 255
158 256
51 257
65 258
1 259
132 260
151 261
227 262
35 263
45 264
1 265
258 266
76 267
173 268
206 269
198 270
51 271
17 272
171 273
14 274
193 275
24 276
151 277
34 278
103 279
2 280
232 281
56 282
107 283
9 284
89 285
214 286
134 287
115 288
142 289
239 290
22 291
102 292
214 293
220 294
217 295
9 296
25 297
260 298
252 299
85 300
171 301
178 302
26 303
276 304
290 305
279 306
132 307
301 308
240 309
262 310
238 311
285 312
214 313
23 314
289 315
77 316
240 317
22 318
309 319
253 320
253 321
91 322
236 323
282 324
111 325
130 326
266 327
42 328
268 329
283 330
90 331
44 332
78 333
278 334
99 335
319 336
255 337
332 338
262 339
9 340
128 341
135 342
217 343
120 344
207 345
31 346
18 347
338 348
94 349
22 350
341 351
324 352
342 353
221 354
59 355
195 356
254 357
223 358
56 359
123 360
268 361
275 362
9 363
146 364
125 365
144 366
301 367
263 368
238 369
130 370
49 371
277 372
186 373
95 374
12 375
177 376
207 377
50 378
230 379
41 380
152 381
379 382
280 383
113 384
22 385
54 386
119 387
133 388
40 389
211 390
41 391
152 392
63 393
121 394
88 395
245 396
129 397
347 398
72 399
155 400
171 401
266 402
299 403
17 404
259 405
114 406
379 407
357 408
135 409
154 410
302 411
205 412
321 413
360 414
322 415
282 416
249 417
393 418
111 419
38 420
411 421
111 422
416 423
326 424
396 425
311 426
321 427
405 428
274 429
316 430
343 431
104 432
357 433
418 434
83 435
94 436
137 437
383 438
101 439
42 440
405 441
370 442
18 443
23 444
290 445
198 446
1 447
60 448
8 449
114 450
67 451
241 452
305 453
190 454
210 455
147 456
46 457
427 458
342 459
370 460
420 461
30 462
353 463
328 464
126 465
404 466
399 467
172 468
339 469
136 470
240 471
50 472
34 473
394 474
324 475
175 476
178 477
366 478
460 479
50 480
93 481
176 482
282 483
217 484
354 485
441 486
440 487
344 488
215 489
168 490
373 491
231 492
460 493
45 494
359 495
493 496
140 497
45 498
344 499
178 500
