1 2
1 3
2 4
4 5
2 6
2 7
3 8
1 9
8 10
7 11
1 12
5 13
6 14
9 15
3 16
8 17
11 18
8 19
1 20
16 21
18 22
19 23
17 24
21 25
13 26
15 27
20 28
19 29
6 30
13 31
31 32
11 33
32 34
4 35
16 36
7 37
13 38
10 39
34 40
30 41
8 42
42 43
34 44
20 45
17 46
16 47
43 48
42 49
36 50
47 51
20 52
13 53
5 54
36 55
40 56
26 57
47 58
7 59
15 60
40 61
9 62
1 63
54 64
34 65
52 66
18 67
29 68
7 69
51 70
15 71
6 72
26 73
68 74
69 75
47 76
33 77
5 78
41 79
42 80
17 81
49 82
25 83
59 84
17 85
72 86
48 87
31 88
4 89
11 90
33 91
2 92
92 93
92 94
43 95
95 96
49 97
12 98
61 99
33 100
60 101
34 102
40 103
41 104
100 105
50 106
26 107
100 108
95 109
34 110
23 111
4 112
2 113
30 114
24 115
31 116
32 117
61 118
114 119
62 120
21 121
27 122
6 123
60 124
95 125
51 126
36 127
114 128
24 129
116 130
94 131
8 132
19 133
77 134
86 135
38 136
107 137
30 138
54 139
93 140
38 141
11 142
12 143
42 144
122 145
5 146
90 147
78 148
81 149
128 150
9 151
89 152
101 153
52 154
153 155
94 156
104 157
95 158
37 159
79 160
148 161
100 162
66 163
148 164
144 165
80 166
132 167
102 168
12 169
136 170
38 171
13 172
163 173
63 174
92 175
3 176
42 177
155 178
24 179
141 180
160 181
71 182
104 183
95 184
5 185
136 186
69 187
95 188
182 189
128 190
120 191
161 192
178 193
98 194
9 195
79 196
118 197
147 198
119 199
150 200
128 201
197 202
88 203
140 204
162 205
166 206
96 207
168 208
199 209
153 210
94 211
99 212
151 213
48 214
43 215
24 216
179 217
196 218
35 219
62 220
41 221
120 222
70 223
24 224
51 225
135 226
144 227
120 228
85 229
149 230
204 231
208 232
125 233
191 234
45 235
54 236
85 237
61 238
98 239
43 240
22 241
144 242
74 243
100 244
111 245
73 246
65 247
237 248
55 249
63 250
196 251
164 252
12 253
91 254
254 255
134 256
73 257
73 258
254 259
16 260
93 261
86 262
204 263
261 264
14 265
233 266
103 267
136 268
139 269
124 270
171 271
54 272
50 273
188 274
165 275
166 276
208 277
210 278
18 279
208 280
175 281
157 282
95 283
251 284
41 285
175 286
286 287
42 288
257 289
21 290
262 291
10 292
198 293
261 294
139 295
252 296
238 297
11 298
117 299
52 300
139 301
273 302
46 303
209 304
264 305
278 306
79 307
75 308
106 309
64 310
215 311
32 312
67 313
57 314
33 315
87 316
197 317
22 318
253 319
316 320
236 321
228 322
201 323
161 324
199 325
150 326
174 327
278 328
87 329
214 330
53 331
290 332
253 333
63 334
123 335
130 336
336 337
236 338
192 339
246 340
31 341
317 342
201 343
269 344
329 345
43 346
316 347
121 348
194 349
94 350
110 351
89 352
129 353
162 354
124 355
163 356
56 357
112 358
102 359
281 360
71 361
101 362
307 363
41 364
355 365
146 366
28 367
61 368
231 369
58 370
34 371
233 372
192 373
53 374
52 375
274 376
299 377
207 378
277 379
193 380
211 381
203 382
98 383
101 384
60 385
101 386
320 387
82 388
360 389
199 390
72 391
299 392
226 393
343 394
45 395
333 396
37 397
268 398
256 399
384 400
372 401
104 402
132 403
389 404
315 405
376 406
103 407
106 408
331 409
47 410
173 411
221 412
10 413
223 414
205 415
354 416
141 417
325 418
201 419
83 420
244 421
361 422
155 423
196 424
335 425
416 426
183 427
22 428
173 429
304 430
184 431
42 432
133 433
175 434
199 435
344 436
305 437
390 438
284 439
117 440
93 441
123 442
90 443
196 444
353 445
117 446
39 447
17 448
17 449
215 450
213 451
430 452
405 453
287 454
134 455
10 456
36 457
218 458
328 459
385 460
211 461
302 462
360 463
402 464
223 465
465 466
319 467
221 468
286 469
254 470
348 471
451 472
383 473
204 474
102 475
182 476
398 477
353 478
445 479
135 480
176 481
32 482
34 483
432 484
179 485
303 486
365 487
466 488
156 489
187 490
281 491
125 492
252 493
174 494
3 495
277 496
392 497
420 498
178 499
177 500
