1 2
1 3
2 4
3 5
5 6
3 7
2 8
8 9
2 10
9 11
9 12
6 13
3 14
4 15
12 16
10 17
2 18
10 19
4 20
11 21
16 22
14 23
21 24
18 25
21 26
13 27
24 28
19 29
3 30
23 31
28 32
6 33
27 34
9 35
19 36
23 37
12 38
17 39
25 40
30 41
2 42
20 43
33 44
41 45
21 46
30 47
16 48
10 49
29 50
7 51
22 52
45 53
43 54
25 55
7 56
25 57
39 58
5 59
38 60
4 61
30 62
31 63
4 64
37 65
46 66
36 67
32 68
22 69
40 70
48 71
38 72
48 73
54 74
56 75
41 76
53 77
37 78
48 79
76 80
16 81
69 82
31 83
73 84
38 85
55 86
9 87
57 88
83 89
1 90
80 91
76 92
73 93
40 94
20 95
21 96
1 97
25 98
34 99
9 100
32 101
72 102
17 103
3 104
44 105
2 106
105 107
93 108
63 109
89 110
20 111
65 112
29 113
75 114
79 115
20 116
72 117
94 118
8 119
55 120
49 121
82 122
69 123
95 124
73 125
25 126
45 127
55 128
82 129
61 130
95 131
93 132
68 133
110 134
60 135
128 136
33 137
131 138
67 139
20 140
76 141
138 142
131 143
9 144
135 145
113 146
69 147
129 148
26 149
24 150
130 151
79 152
84 153
33 154
123 155
102 156
121 157
46 158
78 159
88 160
112 161
38 162
82 163
4 164
2 165
151 166
5 167
149 168
34 169
16 170
68 171
55 172
101 173
76 174
146 175
79 176
167 177
15 178
56 179
75 180
134 181
131 182
83 183
128 184
12 185
128 186
170 187
158 188
134 189
172 190
155 191
80 192
70 193
176 194
154 195
157 196
105 197
183 198
60 199
148 200
39 201
144 202
53 203
54 204
6 205
10 206
103 207
161 208
162 209
25 210
201 211
83 212
183 213
194 214
154 215
191 216
71 217
96 218
141 219
37 220
130 221
111 222
121 223
209 224
33 225
19 226
143 227
220 228
151 229
51 230
1 231
195 232
146 233
23 234
77 235
199 236
91 237
137 238
53 239
191 240
53 241
164 242
125 243
12 244
18 245
38 246
66 247
118 248
155 249
73 250
121 251
76 252
103 253
174 254
126 255
142 256
207 257
52 258
115 259
115 260
215 261
92 262
173 263
28 264
246 265
212 266
23 267
127 268
137 269
135 270
217 271
190 272
179 273
72 274
221 275
264 276
27 277
252 278
22 279
181 280
38 281
93 282
254 283
49 284
48 285
281 286
264 287
8 288
169 289
37 290
272 291
281 292
7 293
176 294
139 295
283 296
240 297
217 298
210 299
53 300
25 301
233 302
15 303
180 304
114 305
110 306
25 307
160 308
57 309
105 310
167 311
63 312
303 313
177 314
314 315
282 316
68 317
294 318
315 319
106 320
31 321
26 322
20 323
73 324
60 325
290 326
85 327
310 328
33 329
192 330
50 331
89 332
143 333
88 334
209 335
84 336
76 337
322 338
327 339
206 340
37 341
227 342
210 343
107 344
127 345
183 346
46 347
20 348
233 349
256 350
23 351
201 352
180 353
136 354
10 355
85 356
332 357
245 358
169 359
197 360
97 361
258 362
193 363
119 364
48 365
65 366
137 367
213 368
206 369
283 370
365 371
19 372
10 373
235 374
209 375
24 376
142 377
21 378
227 379
16 380
336 381
306 382
375 383
80 384
36 385
251 386
319 387
68 388
98 389
272 390
134 391
142 392
368 393
30 394
281 395
42 396
292 397
63 398
308 399
99 400
192 401
276 402
191 403
100 404
120 405
253 406
145 407
261 408
135 409
215 410
139 411
7 412
150 413
392 414
210 415
240 416
289 417
78 418
198 419
355 420
357 421
4 422
154 423
185 424
131 425
323 426
215 427
38 428
324 429
354 430
236 431
376 432
264 433
117 434
148 435
154 436
88 437
353 438
408 439
17 440
277 441
142 442
278 443
430 444
40 445
267 446
12 447
152 448
408 449
343 450
414 451
433 452
43 453
18 454
290 455
322 456
147 457
107 458
253 459
457 460
387 461
232 462
295 463
428 464
28 465
24 466
166 467
298 468
63 469
216 470
1 471
73 472
184 473
240 474
116 475
35 476
299 477
136 478
176 479
10 480
37 481
28 482
482 483
83 484
80 485
452 486
50 487
256 488
125 489
193 490
424 491
320 492
216 493
414 494
37 495
158 496
119 497
167 498
200 499
256 500
