1 2
1 3
2 4
1 5
2 6
3 7
2 8
6 9
5 10
1 11
8 12
12 13
1 14
7 15
9 16
10 17
2 18
5 19
12 20
17 21
21 22
13 23
21 24
20 25
11 26
2 27
14 28
23 29
16 30
27 31
29 32
8 33
19 34
26 35
35 36
6 37
10 38
33 39
16 40
14 41
40 42
42 43
16 44
40 45
11 46
5 47
10 48
33 49
42 50
26 51
47 52
48 53
8 54
29 55
24 56
25 57
9 58
53 59
55 60
39 61
15 62
14 63
30 64
33 65
48 66
51 67
66 68
40 69
35 70
48 71
6 72
25 73
55 74
25 75
60 76
34 77
76 78
63 79
7 80
16 81
59 82
82 83
51 84
74 85
36 86
77 87
64 88
73 89
16 90
33 91
19 92
84 93
63 94
84 95
79 96
60 97
60 98
49 99
20 100
73 101
49 102
94 103
71 104
30 105
21 106
20 107
43 108
15 109
13 110
3 111
87 112
21 113
64 114
54 115
5 116
29 117
79 118
44 119
53 120
2 121
67 122
19 123
104 124
33 125
88 126
89 127
26 128
78 129
43 130
130 131
81 132
17 133
119 134
33 135
49 136
77 137
6 138
13 139
45 140
59 141
114 142
99 143
5 144
19 145
86 146
14 147
4 148
139 149
33 150
55 151
64 152
40 153
119 154
74 155
61 156
152 157
18 158
75 159
3 160
150 161
160 162
146 163
14 164
133 165
155 166
9 167
57 168
22 169
47 170
63 171
62 172
10 173
173 174
69 175
66 176
102 177
164 178
65 179
137 180
84 181
54 182
82 183
139 184
39 185
14 186
40 187
14 188
69 189
35 190
166 191
133 192
106 193
148 194
182 195
124 196
57 197
31 198
179 199
163 200
193 201
167 202
7 203
19 204
109 205
38 206
128 207
65 208
113 209
49 210
85 211
90 212
99 213
164 214
57 215
87 216
184 217
118 218
35 219
131 220
152 221
81 222
215 223
18 224
130 225
188 226
131 227
41 228
165 229
205 230
171 231
101 232
130 233
31 234
50 235
53 236
164 237
154 238
38 239
84 240
97 241
190 242
69 243
21 244
190 245
189 246
5 247
35 248
242 249
129 250
195 251
198 252
163 253
198 254
116 255
207 256
94 257
37 258
152 259
233 260
51 261
158 262
76 263
243 264
93 265
68 266
63 267
251 268
5 269
165 270
213 271
74 272
1 273
84 274
238 275
191 276
93 277
15 278
231 279
225 280
230 281
64 282
16 283
204 284
55 285
14 286
24 287
210 288
195 289
103 290
95 291
2 292
66 293
253 294
278 295
71 296
86 297
33 298
83 299
201 300
132 301
301 302
300 303
211 304
301 305
179 306
264 307
47 308
49 309
181 310
5 311
109 312
227 313
301 314
215 315
162 316
216 317
296 318
131 319
132 320
72 321
104 322
70 323
59 324
92 325
254 326
171 327
314 328
95 329
328 330
5 331
179 332
228 333
154 334
276 335
296 336
235 337
161 338
150 339
278 340
266 341
316 342
113 343
7 344
4 345
261 346
34 347
133 348
330 349
75 350
268 351
118 352
256 353
85 354
194 355
292 356
343 357
166 358
289 359
119 360
358 361
230 362
265 363
125 364
244 365
243 366
70 367
77 368
268 369
104 370
111 371
235 372
348 373
53 374
137 375
52 376
33 377
123 378
370 379
288 380
121 381
365 382
191 383
307 384
81 385
260 386
193 387
172 388
378 389
246 390
345 391
12 392
171 393
55 394
258 395
146 396
104 397
304 398
387 399
283 400
18 401
225 402
170 403
133 404
296 405
221 406
154 407
24 408
173 409
352 410
177 411
8 412
45 413
295 414
55 415
79 416
98 417
266 418
159 419
83 420
385 421
417 422
89 423
67 424
243 425
379 426
297 427
56 428
66 429
259 430
296 431
113 432
403 433
226 434
358 435
216 436
403 437
308 438
350 439
35 440
113 441
196 442
206 443
219 444
89 445
247 446
318 447
185 448
156 449
341 450
248 451
378 452
112 453
222 454
178 455
299 456
420 457
445 458
239 459
49 460
387 461
399 462
380 463
25 464
28 465
59 466
98 467
370 468
195 469
143 470
268 471
200 472
270 473
5 474
112 475
373 476
403 477
355 478
260 479
238 480
159 481
90 482
436 483
245 484
143 485
144 486
322 487
111 488
92 489
98 490
101 491
211 492
142 493
101 494
265 495
367 496
394 497
423 498
353 499
48 500
