1 2
2 3
2 4
3 5
3 6
3 7
5 8
1 9
1 10
6 11
9 12
6 13
6 14
1 15
4 16
16 17
4 18
1 19
3 20
16 21
19 22
1 23
12 24
5 25
20 26
20 27
22 28
5 29
9 30
12 31
25 32
7 33
18 34
25 35
26 36
25 37
19 38
9 39
30 40
11 41
35 42
41 43
19 44
21 45
10 46
34 47
11 48
20 49
47 50
16 51
47 52
22 53
44 54
12 55
39 56
22 57
41 58
13 59
2 60
52 61
16 62
43 63
36 64
64 65
49 66
14 67
10 68
44 69
4 70
21 71
56 72
71 73
29 74
5 75
4 76
3 77
17 78
52 79
7 80
51 81
56 82
12 83
3 84
1 85
65 86
85 87
55 88
48 89
57 90
89 91
68 92
50 93
38 94
23 95
28 96
74 97
2 98
64 99
68 100
49 101
6 102
26 103
37 104
20 105
37 106
67 107
1 108
87 109
10 110
6 111
89 112
105 113
6 114
95 115
86 116
24 117
38 118
83 119
30 120
60 121
18 122
50 123
32 124
25 125
2 126
32 127
79 128
27 129
96 130
50 131
124 132
127 133
74 134
10 135
107 136
16 137
36 138
87 139
136 140
87 141
109 142
114 143
119 144
102 145
97 146
8 147
73 148
54 149
121 150
149 151
38 152
116 153
81 154
1 155
138 156
84 157
10 158
111 159
116 160
10 161
1 162
92 163
59 164
125 165
84 166
142 167
6 168
41 169
117 170
140 171
94 172
143 173
102 174
12 175
126 176
161 177
63 178
8 179
27 180
129 181
18 182
157 183
183 184
173 185
34 186
47 187
184 188
134 189
178 190
57 191
168 192
153 193
182 194
182 195
65 196
120 197
111 198
104 199
182 200
108 201
178 202
199 203
22 204
123 205
33 206
18 207
152 208
107 209
141 210
197 211
57 212
12 213
4 214
52 215
139 216
10 217
142 218
65 219
203 220
118 221
55 222
64 223
179 224
165 225
99 226
119 227
166 228
171 229
97 230
123 231
136 232
229 233
168 234
161 235
24 236
39 237
3 238
51 239
40 240
214 241
137 242
24 243
86 244
244 245
167 246
109 247
68 248
52 249
176 250
115 251
204 252
175 253
159 254
38 255
138 256
154 257
179 258
54 259
209 260
80 261
150 262
199 263
95 264
147 265
92 266
58 267
139 268
123 269
87 270
267 271
138 272
215 273
56 274
7 275
11 276
19 277
143 278
131 279
7 280
88 281
45 282
263 283
153 284
221 285
101 286
174 287
188 288
284 289
55 290
161 291
113 292
174 293
16 294
254 295
282 296
273 297
73 298
125 299
107 300
220 301
182 302
140 303
112 304
16 305
141 306
297 307
251 308
7 309
77 310
192 311
307 312
164 313
72 314
263 315
277 316
34 317
185 318
24 319
318 320
68 321
67 322
309 323
244 324
54 325
112 326
29 327
270 328
8 329
147 330
14 331
215 332
262 333
141 334
139 335
295 336
38 337
128 338
122 339
229 340
6 341
168 342
208 343
78 344
336 345
271 346
72 347
135 348
344 349
84 350
297 351
76 352
5 353
4 354
214 355
340 356
203 357
95 358
323 359
146 360
161 361
138 362
174 363
289 364
124 365
21 366
361 367
155 368
352 369
195 370
31 371
106 372
55 373
18 374
217 375
180 376
337 377
270 378
258 379
135 380
125 381
75 382
140 383
128 384
264 385
268 386
156 387
22 388
301 389
268 390
245 391
79 392
298 393
112 394
136 395
237 396
273 397
196 398
41 399
395 400
100 401
372 402
232 403
358 404
369 405
189 406
144 407
315 408
229 409
245 410
122 411
61 412
80 413
3 414
179 415
102 416
342 417
201 418
221 419
312 420
107 421
238 422
355 423
372 424
290 425
63 426
114 427
113 428
403 429
295 430
328 431
52 432
339 433
320 434
194 435
330 436
121 437
224 438
10 439
280 440
350 441
100 442
91 443
246 444
347 445
352 446
301 447
57 448
259 449
123 450
221 451
9 452
237 453
65 454
66 455
337 456
311 457
406 458
127 459
235 460
245 461
146 462
9 463
34 464
426 465
430 466
208 467
108 468
239 469
53 470
174 471
389 472
59 473
250 474
383 475
223 476
399 477
368 478
462 479
401 480
34 481
214 482
250 483
244 484
255 485
323 486
294 487
327 488
467 489
228 490
470 491
379 492
45 493
307 494
112 495
77 496
459 497
15 498
67 499
92 500
