1 2
1 3
1 4
4 5
4 6
6 7
3 8
1 9
1 10
7 11
8 12
5 13
8 14
2 15
10 16
11 17
8 18
15 19
8 20
20 21
12 22
21 23
7 24
12 25
22 26
17 27
21 28
4 29
14 30
27 31
19 32
12 33
30 34
16 35
22 36
10 37
28 38
1 39
34 40
14 41
9 42
19 43
26 44
34 45
44 46
45 47
46 48
9 49
10 50
23 51
7 52
26 53
23 54
2 55
13 56
46 57
49 58
3 59
14 60
33 61
28 62
26 63
46 64
56 65
6 66
43 67
66 68
37 69
7 70
13 71
32 72
21 73
40 74
73 75
38 76
14 77
17 78
36 79
43 80
43 81
74 82
58 83
63 84
33 85
49 86
21 87
44 88
1 89
56 90
29 91
18 92
10 93
91 94
20 95
1 96
78 97
90 98
95 99
74 100
78 101
86 102
53 103
15 104
90 105
44 106
33 107
37 108
81 109
37 110
99 111
74 112
59 113
72 114
75 115
93 116
48 117
104 118
45 119
2 120
27 121
75 122
38 123
69 124
9 125
63 126
76 127
23 128
103 129
83 130
57 131
39 132
96 133
126 134
68 135
92 136
126 137
37 138
65 139
39 140
57 141
13 142
63 143
100 144
30 145
11 146
142 147
5 148
141 149
71 150
29 151
18 152
6 153
27 154
111 155
32 156
71 157
106 158
40 159
16 160
128 161
118 162
68 163
77 164
42 165
30 166
47 167
40 168
135 169
3 170
61 171
146 172
26 173
144 174
49 175
88 176
83 177
121 178
165 179
62 180
61 181
37 182
123 183
49 184
129 185
124 186
173 187
47 188
44 189
148 190
114 191
33 192
103 193
62 194
6 195
144 196
90 197
156 198
29 199
86 200
136 201
19 202
124 203
115 204
163 205
133 206
33 207
86 208
108 209
139 210
178 211
115 212
120 213
132 214
126 215
109 216
19 217
133 218
3 219
185 220
49 221
58 222
192 223
43 224
106 225
93 226
26 227
79 228
56 229
174 230
125 231
197 232
34 233
59 234
36 235
83 236
33 237
56 238
120 239
102 240
193 241
182 242
118 243
179 244
150 245
100 246
182 247
33 248
245 249
237 250
192 251
137 252
248 253
245 254
25 255
135 256
40 257
92 258
44 259
186 260
160 261
108 262
148 263
71 264
12 265
177 266
92 267
137 268
22 269
67 270
24 271
231 272
32 273
176 274
44 275
160 276
207 277
222 278
255 279
98 280
94 281
59 282
163 283
8 284
213 285
121 286
45 287
121 288
219 289
205 290
46 291
143 292
269 293
64 294
174 295
139 296
276 297
67 298
213 299
196 300
269 301
105 302
71 303
33 304
277 305
56 306
30 307
228 308
255 309
186 310
253 311
147 312
219 313
5 314
299 315
284 316
87 317
9 318
138 319
290 320
158 321
40 322
209 323
138 324
19 325
261 326
110 327
150 328
9 329
116 330
170 331
265 332
79 333
63 334
36 335
29 336
304 337
304 338
39 339
339 340
213 341
220 342
133 343
209 344
106 345
62 346
276 347
27 348
119 349
153 350
127 351
165 352
211 353
188 354
67 355
187 356
150 357
281 358
9 359
185 360
10 361
327 362
41 363
297 364
184 365
224 366
344 367
136 368
286 369
83 370
133 371
340 372
129 373
38 374
315 375
314 376
91 377
321 378
367 379
280 380
224 381
64 382
311 383
93 384
192 385
202 386
341 387
216 388
263 389
81 390
248 391
279 392
255 393
159 394
74 395
172 396
185 397
276 398
274 399
61 400
377 401
363 402
203 403
270 404
281 405
278 406
300 407
102 408
385 409
154 410
260 411
288 412
131 413
340 414
66 415
164 416
94 417
132 418
250 419
55 420
8 421
174 422
104 423
66 424
69 425
111 426
25 427
253 428
177 429
361 430
88 431
118 432
82 433
323 434
225 435
2 436
24 437
308 438
59 439
61 440
242 441
39 442
430 443
104 444
39 445
308 446
123 447
212 448
228 449
352 450
246 451
113 452
4 453
238 454
199 455
451 456
6 457
394 458
385 459
302 460
22 461
118 462
35 463
143 464
356 465
327 466
445 467
437 468
42 469
221 470
383 471
100 472
429 473
64 474
183 475
268 476
6 477
343 478
37 479
204 480
365 481
328 482
143 483
30 484
302 485
18 486
483 487
222 488
300 489
247 490
284 491
248 492
55 493
470 494
487 495
138 496
266 497
351 498
206 499
196 500
