1 2
2 3
2 4
4 5
5 6
3 7
6 8
6 9
3 10
9 11
8 12
12 13
13 14
10 15
3 16
15 17
12 18
15 19
19 20
9 21
15 22
10 23
23 24
18 25
25 26
17 27
21 28
27 29
1 30
5 31
26 32
8 33
33 34
30 35
26 36
6 37
22 38
6 39
18 40
39 41
32 42
17 43
41 44
38 45
16 46
10 47
32 48
28 49
22 50
17 51
31 52
35 53
32 54
30 55
53 56
52 57
50 58
30 59
57 60
59 61
60 62
9 63
38 64
8 65
53 66
36 67
6 68
21 69
58 70
70 71
60 72
49 73
70 74
53 75
67 76
13 77
7 78
28 79
64 80
40 81
12 82
3 83
5 84
62 85
62 86
28 87
71 88
17 89
67 90
28 91
16 92
25 93
83 94
75 95
35 96
8 97
58 98
44 99
21 100
93 101
92 102
91 103
12 104
36 105
86 106
92 107
54 108
61 109
16 110
92 111
91 112
89 113
27 114
35 115
18 116
77 117
19 118
39 119
9 120
27 121
22 122
35 123
19 124
34 125
60 126
120 127
43 128
71 129
42 130
48 131
107 132
125 133
59 134
131 135
65 136
90 137
109 138
56 139
15 140
120 141
95 142
62 143
18 144
138 145
105 146
110 147
122 148
49 149
109 150
9 151
77 152
112 153
133 154
57 155
40 156
133 157
154 158
38 159
129 160
26 161
160 162
90 163
60 164
130 165
100 166
50 167
32 168
9 169
129 170
49 171
56 172
121 173
142 174
128 175
94 176
133 177
62 178
102 179
138 180
175 181
136 182
120 183
88 184
61 185
28 186
29 187
113 188
134 189
65 190
132 191
154 192
81 193
162 194
18 195
184 196
165 197
121 198
114 199
176 200
99 201
98 202
32 203
40 204
2 205
89 206
103 207
12 208
15 209
119 210
133 211
182 212
65 213
84 214
189 215
100 216
129 217
139 218
109 219
8 220
15 221
133 222
42 223
111 224
81 225
145 226
40 227
38 228
104 229
72 230
206 231
139 232
36 233
129 234
17 235
69 236
167 237
194 238
25 239
107 240
228 241
195 242
81 243
90 244
36 245
34 246
219 247
239 248
215 249
52 250
151 251
206 252
219 253
240 254
208 255
208 256
201 257
124 258
17 259
145 260
114 261
146 262
90 263
182 264
213 265
2 266
191 267
243 268
164 269
46 270
85 271
261 272
240 273
46 274
145 275
147 276
158 277
79 278
253 279
213 280
152 281
112 282
167 283
173 284
76 285
95 286
126 287
49 288
257 289
149 290
9 291
49 292
132 293
105 294
114 295
278 296
216 297
156 298
263 299
160 300
62 301
18 302
280 303
154 304
161 305
31 306
57 307
57 308
146 309
124 310
6 311
241 312
183 313
102 314
241 315
49 316
107 317
188 318
156 319
293 320
141 321
257 322
184 323
161 324
198 325
13 326
4 327
193 328
305 329
192 330
55 331
228 332
31 333
119 334
92 335
325 336
189 337
21 338
111 339
112 340
334 341
158 342
179 343
158 344
79 345
101 346
229 347
196 348
78 349
24 350
17 351
189 352
71 353
27 354
93 355
210 356
20 357
109 358
324 359
53 360
302 361
242 362
163 363
275 364
166 365
37 366
120 367
37 368
277 369
338 370
362 371
266 372
214 373
29 374
126 375
34 376
78 377
325 378
353 379
298 380
165 381
339 382
123 383
189 384
179 385
279 386
332 387
375 388
321 389
155 390
99 391
61 392
70 393
391 394
312 395
48 396
212 397
325 398
322 399
389 400
308 401
13 402
136 403
31 404
186 405
184 406
69 407
181 408
258 409
224 410
36 411
359 412
406 413
246 414
345 415
38 416
204 417
288 418
145 419
319 420
279 421
230 422
143 423
394 424
255 425
200 426
6 427
411 428
35 429
367 430
249 431
112 432
76 433
202 434
295 435
334 436
81 437
378 438
79 439
280 440
15 441
322 442
72 443
56 444
427 445
147 446
282 447
323 448
114 449
306 450
320 451
380 452
132 453
390 454
380 455
32 456
433 457
423 458
11 459
277 460
143 461
357 462
353 463
407 464
2 465
78 466
390 467
347 468
431 469
416 470
459 471
425 472
388 473
436 474
346 475
282 476
34 477
70 478
324 479
458 480
60 481
157 482
303 483
420 484
32 485
374 486
348 487
380 488
162 489
265 490
218 491
85 492
489 493
430 494
390 495
123 496
282 497
318 498
380 499
347 500
