1 2
1 3
2 4
4 5
2 6
5 7
6 8
4 9
6 10
7 11
5 12
5 13
8 14
3 15
6 16
4 17
15 18
1 19
18 20
15 21
14 22
4 23
14 24
7 25
12 26
10 27
17 28
15 29
29 30
18 31
29 32
11 33
18 34
15 35
16 36
25 37
3 38
32 39
2 40
26 41
40 42
2 43
42 44
20 45
16 46
5 47
6 48
35 49
48 50
46 51
25 52
40 53
32 54
52 55
38 56
17 57
37 58
45 59
35 60
26 61
3 62
37 63
29 64
15 65
36 66
7 67
39 68
8 69
50 70
26 71
14 72
32 73
27 74
58 75
72 76
56 77
23 78
62 79
70 80
24 81
69 82
63 83
80 84
15 85
42 86
9 87
18 88
25 89
77 90
21 91
36 92
37 93
86 94
53 95
23 96
88 97
8 98
16 99
41 100
70 101
48 102
85 103
74 104
35 105
99 106
15 107
85 108
12 109
73 110
48 111
51 112
82 113
94 114
97 115
43 116
71 117
32 118
83 119
16 120
92 121
9 122
95 123
105 124
91 125
9 126
30 127
92 128
46 129
12 130
40 131
46 132
124 133
62 134
2 135
44 136
45 137
23 138
37 139
57 140
91 141
19 142
38 143
141 144
85 145
47 146
83 147
37 148
108 149
101 150
72 151
97 152
43 153
47 154
120 155
126 156
128 157
145 158
155 159
66 160
86 161
46 162
136 163
53 164
158 165
75 166
62 167
122 168
86 169
70 170
38 171
71 172
27 173
21 174
168 175
168 176
90 177
16 178
111 179
40 180
105 181
161 182
163 183
44 184
64 185
136 186
66 187
58 188
89 189
121 190
44 191
50 192
189 193
126 194
25 195
189 196
42 197
75 198
88 199
198 200
40 201
29 202
120 203
34 204
204 205
176 206
88 207
190 208
69 209
62 210
39 211
97 212
129 213
210 214
13 215
135 216
67 217
137 218
150 219
154 220
207 221
183 222
98 223
107 224
116 225
212 226
182 227
201 228
215 229
161 230
192 231
173 232
149 233
209 234
206 235
99 236
95 237
170 238
59 239
208 240
71 241
7 242
96 243
143 244
35 245
201 246
28 247
222 248
201 249
202 250
65 251
180 252
208 253
155 254
55 255
218 256
168 257
133 258
174 259
12 260
138 261
66 262
8 263
83 264
219 265
176 266
122 267
140 268
52 269
238 270
228 271
1 272
110 273
24 274
5 275
87 276
145 277
238 278
158 279
46 280
234 281
125 282
238 283
22 284
263 285
145 286
248 287
154 288
264 289
230 290
71 291
250 292
255 293
194 294
216 295
3 296
41 297
94 298
173 299
82 300
185 301
70 302
40 303
29 304
24 305
259 306
57 307
22 308
209 309
119 310
251 311
61 312
201 313
195 314
288 315
281 316
136 317
21 318
262 319
150 320
250 321
316 322
116 323
125 324
303 325
179 326
44 327
281 328
63 329
242 330
177 331
281 332
87 333
95 334
244 335
135 336
173 337
307 338
26 339
64 340
302 341
16 342
96 343
190 344
101 345
153 346
2 347
324 348
38 349
212 350
167 351
204 352
123 353
140 354
293 355
111 356
351 357
143 358
116 359
346 360
29 361
33 362
341 363
327 364
293 365
327 366
344 367
142 368
148 369
222 370
364 371
294 372
363 373
102 374
43 375
213 376
230 377
295 378
212 379
182 380
249 381
256 382
240 383
348 384
45 385
10 386
283 387
61 388
161 389
282 390
39 391
32 392
56 393
65 394
159 395
105 396
303 397
79 398
390 399
114 400
56 401
321 402
338 403
364 404
280 405
224 406
275 407
232 408
149 409
250 410
275 411
8 412
256 413
264 414
27 415
157 416
266 417
53 418
97 419
51 420
357 421
174 422
193 423
224 424
163 425
268 426
57 427
59 428
171 429
115 430
100 431
256 432
114 433
101 434
67 435
256 436
299 437
30 438
101 439
119 440
143 441
306 442
179 443
71 444
140 445
252 446
311 447
389 448
439 449
401 450
411 451
57 452
309 453
340 454
187 455
389 456
285 457
357 458
387 459
396 460
104 461
136 462
423 463
19 464
310 465
71 466
102 467
4 468
140 469
146 470
224 471
188 472
351 473
311 474
400 475
423 476
194 477
112 478
194 479
228 480
173 481
28 482
170 483
339 484
120 485
361 486
386 487
463 488
282 489
245 490
334 491
406 492
158 493
445 494
62 495
134 496
475 497
355 498
141 499
307 500
