1 2
2 3
3 4
2 5
2 6
2 7
7 8
6 9
8 10
10 11
2 12
10 13
9 14
11 15
13 16
11 17
16 18
17 19
4 20
18 21
2 22
13 23
16 24
9 25
18 26
16 27
24 28
24 29
13 30
21 31
27 32
1 33
31 34
26 35
20 36
27 37
33 38
11 39
36 40
38 41
6 42
40 43
22 44
33 45
23 46
35 47
45 48
17 49
45 50
15 51
8 52
10 53
51 54
53 55
16 56
12 57
39 58
19 59
17 60
25 61
41 62
6 63
43 64
57 65
6 66
11 67
23 68
55 69
3 70
66 71
34 72
20 73
73 74
21 75
21 76
37 77
17 78
45 79
8 80
15 81
70 82
40 83
30 84
12 85
65 86
60 87
69 88
11 89
26 90
38 91
56 92
29 93
88 94
28 95
91 96
94 97
69 98
1 99
3 100
22 101
24 102
86 103
70 104
50 105
104 106
90 107
81 108
77 109
53 110
14 111
32 112
31 113
2 114
93 115
94 116
74 117
84 118
93 119
117 120
73 121
70 122
119 123
105 124
76 125
18 126
24 127
64 128
45 129
53 130
62 131
62 132
54 133
105 134
90 135
130 136
63 137
65 138
87 139
35 140
132 141
14 142
52 143
111 144
48 145
89 146
109 147
24 148
30 149
144 150
124 151
40 152
68 153
2 154
140 155
1 156
103 157
131 158
36 159
109 160
13 161
30 162
2 163
75 164
85 165
41 166
91 167
159 168
65 169
26 170
66 171
151 172
72 173
148 174
167 175
124 176
68 177
171 178
37 179
7 180
171 181
119 182
39 183
64 184
33 185
17 186
49 187
4 188
55 189
173 190
95 191
85 192
29 193
170 194
27 195
65 196
63 197
187 198
166 199
29 200
80 201
184 202
66 203
144 204
101 205
189 206
125 207
26 208
95 209
177 210
112 211
190 212
128 213
183 214
38 215
78 216
168 217
208 218
58 219
125 220
99 221
121 222
163 223
159 224
128 225
225 226
123 227
175 228
107 229
136 230
57 231
101 232
16 233
2 234
17 235
177 236
143 237
113 238
53 239
142 240
192 241
197 242
90 243
76 244
29 245
189 246
41 247
158 248
87 249
77 250
2 251
50 252
156 253
106 254
1 255
156 256
34 257
251 258
112 259
69 260
238 261
117 262
237 263
27 264
211 265
98 266
2 267
259 268
139 269
266 270
16 271
189 272
24 273
168 274
106 275
127 276
233 277
80 278
222 279
47 280
82 281
91 282
131 283
105 284
255 285
74 286
262 287
107 288
186 289
256 290
77 291
207 292
78 293
163 294
157 295
236 296
160 297
233 298
280 299
270 300
13 301
147 302
241 303
263 304
87 305
56 306
220 307
167 308
19 309
105 310
291 311
73 312
15 313
201 314
106 315
227 316
199 317
89 318
39 319
74 320
154 321
29 322
203 323
227 324
47 325
282 326
42 327
147 328
204 329
40 330
13 331
173 332
328 333
18 334
236 335
135 336
117 337
61 338
263 339
223 340
152 341
274 342
44 343
296 344
275 345
67 346
51 347
301 348
158 349
188 350
273 351
17 352
250 353
127 354
273 355
62 356
21 357
252 358
248 359
44 360
138 361
172 362
146 363
350 364
84 365
176 366
260 367
155 368
341 369
47 370
97 371
336 372
75 373
344 374
114 375
318 376
349 377
14 378
55 379
96 380
216 381
152 382
238 383
175 384
287 385
142 386
319 387
168 388
58 389
310 390
304 391
223 392
29 393
300 394
350 395
66 396
127 397
60 398
373 399
309 400
37 401
283 402
253 403
36 404
126 405
251 406
369 407
79 408
323 409
364 410
170 411
174 412
281 413
410 414
254 415
30 416
348 417
264 418
199 419
262 420
255 421
182 422
279 423
323 424
130 425
371 426
288 427
38 428
35 429
339 430
99 431
17 432
277 433
92 434
223 435
232 436
16 437
62 438
340 439
276 440
389 441
134 442
317 443
205 444
143 445
224 446
351 447
333 448
255 449
167 450
187 451
228 452
106 453
295 454
33 455
402 456
222 457
243 458
344 459
351 460
19 461
391 462
16 463
217 464
84 465
149 466
153 467
269 468
304 469
163 470
220 471
417 472
471 473
446 474
422 475
272 476
102 477
144 478
414 479
469 480
416 481
306 482
473 483
366 484
256 485
379 486
131 487
235 488
130 489
441 490
382 491
179 492
277 493
304 494
454 495
100 496
434 497
82 498
378 499
187 500
