1 2
2 3
3 4
1 5
5 6
1 7
3 8
6 9
8 10
1 11
2 12
4 13
2 14
6 15
8 16
13 17
14 18
11 19
14 20
15 21
1 22
5 23
5 24
16 25
1 26
5 27
15 28
15 29
28 30
11 31
31 32
29 33
9 34
13 35
13 36
28 37
25 38
10 39
1 40
27 41
13 42
25 43
36 44
25 45
12 46
19 47
37 48
13 49
49 50
36 51
30 52
36 53
21 54
48 55
20 56
10 57
52 58
18 59
23 60
16 61
56 62
23 63
34 64
22 65
18 66
32 67
65 68
19 69
56 70
66 71
13 72
2 73
39 74
22 75
50 76
50 77
32 78
46 79
70 80
62 81
53 82
65 83
75 84
57 85
27 86
39 87
4 88
34 89
77 90
2 91
77 92
78 93
45 94
10 95
18 96
28 97
5 98
43 99
8 100
43 101
64 102
6 103
31 104
36 105
19 106
1 107
22 108
106 109
97 110
69 111
62 112
45 113
73 114
1 115
97 116
88 117
30 118
28 119
21 120
40 121
62 122
119 123
15 124
119 125
110 126
67 127
102 128
61 129
64 130
113 131
122 132
9 133
6 134
24 135
105 136
77 137
37 138
3 139
125 140
96 141
32 142
97 143
107 144
60 145
51 146
52 147
6 148
27 149
18 150
6 151
124 152
29 153
44 154
62 155
77 156
32 157
116 158
110 159
66 160
14 161
130 162
125 163
153 164
159 165
133 166
118 167
64 168
61 169
100 170
30 171
55 172
90 173
129 174
18 175
20 176
158 177
171 178
115 179
83 180
55 181
8 182
108 183
59 184
2 185
93 186
144 187
178 188
74 189
48 190
164 191
66 192
37 193
91 194
138 195
21 196
41 197
57 198
165 199
86 200
124 201
67 202
115 203
120 204
73 205
203 206
161 207
190 208
82 209
68 210
207 211
195 212
143 213
88 214
172 215
157 216
152 217
80 218
106 219
73 220
126 221
11 222
218 223
205 224
99 225
159 226
146 227
227 228
215 229
83 230
169 231
119 232
89 233
75 234
8 235
180 236
197 237
60 238
188 239
124 240
179 241
27 242
60 243
204 244
86 245
204 246
97 247
115 248
47 249
98 250
11 251
226 252
204 253
177 254
198 255
248 256
227 257
209 258
65 259
28 260
84 261
159 262
69 263
154 264
64 265
66 266
141 267
3 268
97 269
251 270
13 271
131 272
42 273
11 274
193 275
120 276
178 277
96 278
147 279
54 280
229 281
277 282
175 283
115 284
72 285
150 286
115 287
241 288
175 289
91 290
39 291
190 292
268 293
32 294
118 295
133 296
164 297
17 298
291 299
205 300
238 301
5 302
153 303
283 304
216 305
278 306
209 307
126 308
236 309
309 310
238 311
33 312
43 313
123 314
38 315
171 316
305 317
203 318
156 319
39 320
300 321
80 322
64 323
239 324
125 325
73 326
74 327
293 328
266 329
245 330
328 331
68 332
309 333
122 334
98 335
180 336
97 337
160 338
82 339
109 340
135 341
69 342
251 343
147 344
209 345
165 346
155 347
277 348
147 349
337 350
170 351
70 352
230 353
229 354
136 355
221 356
37 357
102 358
262 359
154 360
44 361
150 362
194 363
20 364
24 365
362 366
56 367
117 368
270 369
53 370
175 371
42 372
43 373
361 374
41 375
285 376
270 377
331 378
210 379
34 380
18 381
300 382
278 383
172 384
380 385
154 386
150 387
279 388
186 389
312 390
201 391
78 392
303 393
87 394
226 395
164 396
370 397
108 398
264 399
124 400
317 401
232 402
26 403
335 404
382 405
153 406
338 407
317 408
264 409
307 410
85 411
255 412
330 413
370 414
393 415
127 416
127 417
79 418
353 419
177 420
270 421
129 422
120 423
19 424
216 425
398 426
73 427
394 428
359 429
263 430
34 431
412 432
101 433
13 434
218 435
280 436
126 437
330 438
39 439
196 440
26 441
26 442
327 443
315 444
108 445
153 446
47 447
333 448
13 449
18 450
81 451
154 452
36 453
149 454
350 455
362 456
162 457
361 458
39 459
45 460
400 461
118 462
157 463
258 464
325 465
363 466
325 467
424 468
15 469
10 470
75 471
168 472
280 473
314 474
432 475
40 476
111 477
280 478
61 479
97 480
12 481
84 482
172 483
92 484
187 485
138 486
295 487
71 488
354 489
466 490
427 491
174 492
226 493
64 494
306 495
300 496
152 497
103 498
43 499
73 500
