1 2
1 3
3 4
4 5
4 6
1 7
7 8
7 9
3 10
7 11
9 12
3 13
7 14
6 15
4 16
13 17
16 18
8 19
11 20
4 21
1 22
4 23
23 24
17 25
19 26
3 27
17 28
17 29
17 30
1 31
20 32
7 33
9 34
3 35
35 36
27 37
18 38
13 39
28 40
33 41
34 42
9 43
15 44
24 45
13 46
1 47
32 48
41 49
24 50
27 51
44 52
12 53
46 54
4 55
47 56
8 57
4 58
3 59
34 60
19 61
3 62
51 63
55 64
53 65
30 66
35 67
16 68
67 69
45 70
64 71
28 72
4 73
63 74
40 75
53 76
38 77
58 78
70 79
74 80
32 81
80 82
39 83
28 84
48 85
6 86
71 87
17 88
59 89
82 90
3 91
28 92
71 93
81 94
8 95
80 96
27 97
7 98
87 99
17 100
79 101
32 102
45 103
82 104
41 105
24 106
6 107
41 108
108 109
30 110
41 111
22 112
64 113
58 114
105 115
4 116
94 117
80 118
46 119
44 120
2 121
27 122
67 123
112 124
38 125
97 126
24 127
53 128
79 129
110 130
30 131
14 132
79 133
101 134
95 135
32 136
30 137
56 138
107 139
124 140
112 141
88 142
99 143
12 144
131 145
23 146
48 147
9 148
95 149
88 150
90 151
110 152
52 153
36 154
126 155
14 156
119 157
24 158
76 159
56 160
46 161
126 162
51 163
13 164
120 165
43 166
148 167
90 168
115 169
31 170
36 171
42 172
65 173
3 174
105 175
67 176
65 177
16 178
163 179
160 180
13 181
64 182
15 183
117 184
167 185
123 186
16 187
3 188
50 189
93 190
122 191
28 192
174 193
178 194
53 195
65 196
7 197
82 198
101 199
198 200
48 201
181 202
78 203
182 204
27 205
136 206
179 207
95 208
202 209
204 210
86 211
51 212
198 213
77 214
140 215
174 216
71 217
155 218
165 219
115 220
17 221
3 222
137 223
116 224
116 225
100 226
28 227
126 228
192 229
104 230
226 231
153 232
192 233
91 234
189 235
151 236
150 237
165 238
66 239
217 240
211 241
118 242
89 243
179 244
165 245
87 246
84 247
63 248
232 249
27 250
144 251
80 252
59 253
211 254
49 255
28 256
181 257
242 258
240 259
7 260
152 261
124 262
32 263
236 264
69 265
242 266
232 267
81 268
42 269
178 270
108 271
232 272
211 273
44 274
3 275
72 276
181 277
270 278
117 279
110 280
226 281
70 282
99 283
272 284
276 285
219 286
82 287
69 288
15 289
118 290
45 291
234 292
145 293
193 294
123 295
99 296
143 297
292 298
122 299
70 300
274 301
261 302
199 303
51 304
57 305
2 306
190 307
7 308
27 309
289 310
238 311
200 312
11 313
105 314
74 315
149 316
179 317
309 318
79 319
159 320
259 321
266 322
270 323
167 324
318 325
308 326
320 327
157 328
32 329
87 330
207 331
183 332
247 333
74 334
258 335
309 336
222 337
242 338
122 339
210 340
111 341
298 342
283 343
78 344
291 345
52 346
88 347
213 348
240 349
260 350
260 351
342 352
234 353
213 354
126 355
222 356
12 357
13 358
72 359
96 360
146 361
81 362
182 363
128 364
120 365
24 366
366 367
198 368
172 369
207 370
131 371
94 372
185 373
100 374
332 375
245 376
153 377
117 378
82 379
94 380
333 381
342 382
47 383
94 384
229 385
103 386
203 387
151 388
282 389
354 390
228 391
323 392
123 393
37 394
175 395
37 396
16 397
4 398
294 399
208 400
231 401
110 402
54 403
71 404
380 405
204 406
290 407
164 408
316 409
315 410
14 411
335 412
199 413
227 414
366 415
130 416
19 417
109 418
310 419
198 420
26 421
139 422
321 423
102 424
326 425
63 426
53 427
146 428
190 429
277 430
336 431
151 432
264 433
308 434
270 435
30 436
344 437
143 438
397 439
307 440
292 441
4 442
9 443
270 444
17 445
196 446
339 447
83 448
416 449
394 450
136 451
248 452
323 453
364 454
22 455
303 456
288 457
43 458
221 459
156 460
290 461
86 462
366 463
130 464
261 465
296 466
261 467
244 468
388 469
82 470
377 471
345 472
138 473
2 474
152 475
15 476
161 477
151 478
82 479
354 480
403 481
62 482
110 483
196 484
154 485
338 486
217 487
398 488
156 489
346 490
129 491
340 492
351 493
43 494
329 495
369 496
133 497
71 498
327 499
249 500
