1 2
1 3
3 4
2 5
3 6
1 7
4 8
4 9
3 10
3 11
11 12
9 13
8 14
5 15
1 16
15 17
12 18
1 19
13 20
13 21
14 22
17 23
8 24
24 25
9 26
11 27
25 28
23 29
12 30
20 31
21 32
23 33
29 34
27 35
27 36
19 37
34 38
14 39
37 40
10 41
23 42
38 43
8 44
44 45
13 46
44 47
15 48
38 49
17 50
19 51
28 52
7 53
20 54
33 55
55 56
27 57
16 58
13 59
43 60
57 61
5 62
2 63
59 64
45 65
39 66
48 67
37 68
34 69
69 70
50 71
42 72
23 73
42 74
72 75
58 76
5 77
18 78
21 79
22 80
19 81
6 82
74 83
30 84
15 85
33 86
18 87
51 88
69 89
66 90
80 91
61 92
22 93
36 94
58 95
64 96
87 97
15 98
74 99
66 100
24 101
70 102
74 103
56 104
66 105
92 106
23 107
90 108
81 109
5 110
64 111
84 112
68 113
56 114
5 115
62 116
28 117
66 118
89 119
70 120
40 121
23 122
18 123
84 124
10 125
5 126
114 127
93 128
15 129
66 130
80 131
29 132
125 133
87 134
70 135
11 136
16 137
46 138
77 139
129 140
122 141
125 142
59 143
131 144
142 145
21 146
121 147
144 148
47 149
23 150
115 151
1 152
105 153
134 154
142 155
8 156
99 157
25 158
88 159
157 160
102 161
19 162
16 163
90 164
15 165
65 166
102 167
29 168
120 169
75 170
24 171
31 172
62 173
153 174
41 175
115 176
6 177
62 178
63 179
149 180
155 181
8 182
81 183
23 184
78 185
146 186
186 187
97 188
119 189
27 190
39 191
22 192
123 193
34 194
134 195
48 196
31 197
160 198
175 199
14 200
119 201
169 202
152 203
60 204
195 205
186 206
109 207
84 208
49 209
59 210
46 211
8 212
99 213
153 214
54 215
151 216
46 217
56 218
150 219
118 220
126 221
55 222
129 223
88 224
205 225
156 226
95 227
186 228
141 229
221 230
145 231
197 232
47 233
135 234
47 235
135 236
41 237
167 238
189 239
166 240
192 241
48 242
2 243
47 244
87 245
126 246
14 247
191 248
133 249
117 250
32 251
114 252
164 253
157 254
26 255
224 256
170 257
163 258
159 259
123 260
211 261
119 262
184 263
110 264
42 265
78 266
92 267
89 268
239 269
252 270
206 271
150 272
113 273
21 274
174 275
142 276
145 277
44 278
273 279
67 280
17 281
114 282
250 283
66 284
12 285
254 286
230 287
130 288
129 289
98 290
129 291
45 292
286 293
5 294
9 295
238 296
49 297
115 298
293 299
266 300
83 301
50 302
87 303
116 304
289 305
49 306
87 307
77 308
8 309
83 310
215 311
167 312
86 313
212 314
239 315
311 316
192 317
25 318
31 319
288 320
21 321
241 322
207 323
204 324
238 325
167 326
323 327
119 328
189 329
251 330
246 331
298 332
47 333
120 334
83 335
229 336
3 337
115 338
2 339
2 340
71 341
289 342
163 343
21 344
63 345
92 346
142 347
223 348
326 349
33 350
42 351
203 352
23 353
102 354
134 355
131 356
192 357
90 358
321 359
157 360
58 361
29 362
39 363
340 364
67 365
352 366
118 367
18 368
218 369
268 370
78 371
250 372
266 373
211 374
266 375
12 376
280 377
71 378
104 379
4 380
73 381
148 382
290 383
59 384
160 385
39 386
355 387
319 388
136 389
2 390
110 391
8 392
76 393
206 394
146 395
116 396
106 397
314 398
331 399
141 400
396 401
131 402
281 403
250 404
223 405
101 406
51 407
312 408
170 409
325 410
295 411
196 412
19 413
96 414
137 415
406 416
10 417
205 418
190 419
316 420
381 421
23 422
334 423
12 424
353 425
396 426
307 427
300 428
424 429
374 430
163 431
176 432
320 433
21 434
6 435
281 436
8 437
423 438
309 439
431 440
34 441
161 442
32 443
319 444
118 445
81 446
47 447
395 448
329 449
365 450
284 451
269 452
322 453
294 454
411 455
150 456
369 457
405 458
253 459
341 460
236 461
379 462
432 463
317 464
334 465
172 466
401 467
1 468
213 469
45 470
13 471
113 472
52 473
283 474
1 475
234 476
85 477
365 478
40 479
431 480
267 481
335 482
92 483
372 484
132 485
76 486
29 487
336 488
277 489
54 490
94 491
103 492
290 493
482 494
282 495
300 496
449 497
46 498
290 499
27 500
