1 2
2 3
1 4
1 5
2 6
1 7
4 8
2 9
7 10
2 11
7 12
10 13
11 14
1 15
8 16
13 17
5 18
6 19
6 20
2 21
9 22
11 23
13 24
11 25
8 26
25 27
24 28
19 29
7 30
21 31
25 32
2 33
25 34
11 35
2 36
30 37
35 38
17 39
1 40
12 41
31 42
38 43
26 44
1 45
8 46
3 47
40 48
21 49
11 50
18 51
49 52
46 53
1 54
35 55
16 56
27 57
19 58
17 59
36 60
27 61
27 62
19 63
50 64
16 65
54 66
17 67
60 68
65 69
58 70
47 71
69 72
45 73
54 74
3 75
74 76
1 77
48 78
53 79
70 80
58 81
69 82
19 83
56 84
2 85
54 86
12 87
2 88
31 89
77 90
39 91
28 92
32 93
46 94
47 95
6 96
84 97
56 98
4 99
82 100
31 101
64 102
49 103
46 104
49 105
90 106
61 107
53 108
87 109
103 110
84 111
6 112
96 113
87 114
69 115
92 116
61 117
75 118
61 119
55 120
14 121
107 122
122 123
20 124
56 125
47 126
76 127
105 128
80 129
96 130
1 131
9 132
88 133
55 134
28 135
71 136
12 137
62 138
50 139
84 140
97 141
105 142
40 143
5 144
24 145
122 146
38 147
107 148
88 149
129 150
75 151
4 152
66 153
120 154
44 155
54 156
11 157
125 158
143 159
51 160
153 161
98 162
154 163
85 164
149 165
19 166
153 167
160 168
1 169
111 170
56 171
104 172
161 173
52 174
112 175
97 176
29 177
158 178
40 179
149 180
120 181
1 182
137 183
164 184
70 185
157 186
142 187
77 188
92 189
99 190
124 191
37 192
188 193
46 194
24 195
169 196
69 197
9 198
1 199
45 200
75 201
62 202
97 203
11 204
107 205
135 206
60 207
144 208
29 209
199 210
159 211
95 212
5 213
48 214
26 215
82 216
114 217
178 218
79 219
55 220
169 221
28 222
116 223
47 224
77 225
46 226
41 227
209 228
172 229
103 230
159 231
45 232
14 233
80 234
223 235
7 236
85 237
29 238
212 239
144 240
211 241
108 242
86 243
70 244
225 245
187 246
63 247
36 248
57 249
58 250
190 251
77 252
117 253
64 254
41 255
21 256
211 257
83 258
226 259
112 260
1 261
42 262
149 263
101 264
18 265
228 266
36 267
216 268
166 269
82 270
14 271
4 272
82 273
219 274
36 275
271 276
148 277
262 278
47 279
73 280
198 281
225 282
93 283
229 284
187 285
20 286
110 287
56 288
139 289
22 290
106 291
148 292
3 293
171 294
124 295
42 296
169 297
234 298
145 299
58 300
221 301
258 302
17 303
282 304
205 305
192 306
109 307
194 308
58 309
170 310
243 311
175 312
218 313
139 314
117 315
307 316
187 317
28 318
121 319
77 320
160 321
54 322
76 323
178 324
261 325
16 326
154 327
211 328
208 329
172 330
242 331
53 332
309 333
273 334
138 335
44 336
93 337
209 338
90 339
86 340
265 341
274 342
209 343
126 344
246 345
49 346
26 347
104 348
63 349
152 350
215 351
203 352
62 353
51 354
234 355
225 356
308 357
63 358
14 359
331 360
273 361
1 362
297 363
186 364
129 365
256 366
233 367
37 368
288 369
150 370
206 371
19 372
107 373
159 374
347 375
45 376
292 377
84 378
308 379
370 380
336 381
220 382
101 383
272 384
294 385
142 386
131 387
330 388
106 389
195 390
47 391
246 392
52 393
85 394
132 395
378 396
279 397
22 398
86 399
6 400
199 401
273 402
158 403
191 404
306 405
74 406
318 407
288 408
347 409
174 410
336 411
25 412
390 413
121 414
321 415
283 416
355 417
319 418
51 419
146 420
342 421
192 422
275 423
415 424
20 425
305 426
70 427
17 428
89 429
393 430
164 431
18 432
132 433
428 434
273 435
140 436
302 437
119 438
409 439
357 440
361 441
295 442
287 443
220 444
224 445
406 446
47 447
402 448
93 449
83 450
312 451
294 452
238 453
282 454
340 455
112 456
417 457
16 458
24 459
172 460
404 461
381 462
402 463
452 464
223 465
78 466
269 467
420 468
145 469
254 470
169 471
157 472
164 473
295 474
372 475
124 476
394 477
445 478
2 479
413 480
238 481
408 482
362 483
469 484
61 485
219 486
61 487
379 488
381 489
438 490
120 491
285 492
466 493
270 494
3 495
104 496
415 497
65 498
493 499
224 500
