1 2
1 3
3 4
1 5
3 6
4 7
7 8
2 9
6 10
6 11
4 12
6 13
12 14
10 15
14 16
10 17
13 18
18 19
15 20
10 21
10 22
10 23
8 24
2 25
3 26
9 27
24 28
15 29
2 30
15 31
27 32
11 33
1 34
34 35
3 36
36 37
18 38
25 39
17 40
22 41
36 42
9 43
25 44
10 45
24 46
26 47
14 48
25 49
9 50
44 51
51 52
15 53
13 54
31 55
13 56
30 57
11 58
22 59
49 60
12 61
12 62
51 63
55 64
46 65
32 66
14 67
49 68
45 69
57 70
13 71
47 72
25 73
11 74
67 75
29 76
32 77
49 78
69 79
17 80
34 81
9 82
12 83
23 84
46 85
15 86
26 87
77 88
60 89
34 90
83 91
38 92
42 93
92 94
61 95
48 96
20 97
91 98
82 99
69 100
86 101
21 102
4 103
90 104
74 105
28 106
22 107
7 108
62 109
39 110
35 111
60 112
68 113
18 114
108 115
6 116
4 117
86 118
100 119
41 120
27 121
97 122
76 123
94 124
82 125
56 126
58 127
81 128
10 129
71 130
52 131
97 132
10 133
53 134
47 135
128 136
17 137
12 138
98 139
129 140
75 141
30 142
72 143
108 144
115 145
27 146
141 147
57 148
73 149
87 150
40 151
147 152
79 153
94 154
71 155
107 156
78 157
151 158
107 159
140 160
96 161
83 162
152 163
22 164
163 165
16 166
4 167
44 168
155 169
169 170
95 171
103 172
92 173
151 174
100 175
154 176
124 177
105 178
16 179
17 180
10 181
136 182
98 183
159 184
178 185
60 186
14 187
121 188
25 189
174 190
41 191
113 192
136 193
37 194
182 195
98 196
14 197
120 198
174 199
3 200
68 201
50 202
23 203
55 204
169 205
148 206
86 207
75 208
106 209
183 210
75 211
104 212
34 213
171 214
24 215
70 216
185 217
55 218
7 219
88 220
57 221
27 222
74 223
38 224
189 225
150 226
100 227
203 228
124 229
200 230
124 231
102 232
4 233
65 234
40 235
130 236
98 237
227 238
155 239
136 240
110 241
124 242
47 243
86 244
106 245
187 246
24 247
27 248
64 249
186 250
100 251
169 252
12 253
244 254
235 255
38 256
233 257
69 258
77 259
92 260
242 261
153 262
129 263
103 264
36 265
178 266
227 267
42 268
101 269
51 270
148 271
123 272
237 273
74 274
114 275
40 276
154 277
168 278
201 279
154 280
152 281
104 282
227 283
173 284
213 285
66 286
198 287
137 288
11 289
22 290
252 291
84 292
254 293
143 294
22 295
254 296
154 297
246 298
108 299
274 300
83 301
180 302
75 303
237 304
251 305
169 306
40 307
55 308
61 309
238 310
258 311
38 312
162 313
124 314
40 315
92 316
34 317
210 318
15 319
95 320
77 321
13 322
227 323
30 324
110 325
228 326
175 327
49 328
280 329
61 330
284 331
1 332
9 333
168 334
133 335
232 336
17 337
81 338
14 339
158 340
211 341
92 342
332 343
22 344
266 345
118 346
302 347
212 348
330 349
223 350
341 351
341 352
56 353
183 354
17 355
86 356
263 357
248 358
143 359
213 360
204 361
156 362
353 363
357 364
352 365
165 366
84 367
147 368
190 369
302 370
310 371
92 372
44 373
309 374
26 375
125 376
112 377
178 378
312 379
187 380
229 381
2 382
234 383
297 384
134 385
171 386
207 387
98 388
235 389
145 390
336 391
171 392
277 393
340 394
211 395
306 396
144 397
249 398
349 399
222 400
266 401
153 402
253 403
369 404
284 405
55 406
200 407
84 408
188 409
282 410
347 411
295 412
223 413
377 414
61 415
231 416
208 417
71 418
105 419
77 420
324 421
210 422
421 423
211 424
71 425
353 426
294 427
271 428
376 429
212 430
399 431
343 432
67 433
243 434
275 435
112 436
320 437
202 438
187 439
329 440
389 441
116 442
392 443
381 444
159 445
65 446
10 447
108 448
218 449
127 450
180 451
122 452
28 453
260 454
230 455
60 456
332 457
16 458
368 459
307 460
144 461
93 462
435 463
332 464
295 465
343 466
352 467
265 468
408 469
348 470
51 471
63 472
250 473
177 474
251 475
374 476
110 477
284 478
149 479
55 480
237 481
407 482
354 483
320 484
84 485
144 486
282 487
449 488
355 489
466 490
141 491
202 492
241 493
469 494
275 495
46 496
427 497
252 498
6 499
469 500
