1 2
2 3
2 4
1 5
2 6
1 7
5 8
7 9
5 10
2 11
10 12
11 13
12 14
3 15
15 16
3 17
13 18
16 19
3 20
6 21
19 22
14 23
2 24
12 25
14 26
1 27
6 28
20 29
7 30
14 31
5 32
6 33
14 34
24 35
32 36
28 37
29 38
31 39
24 40
25 41
2 42
18 43
39 44
33 45
28 46
15 47
19 48
37 49
29 50
3 51
43 52
6 53
32 54
44 55
7 56
34 57
45 58
5 59
25 60
51 61
16 62
29 63
21 64
21 65
7 66
59 67
26 68
48 69
67 70
60 71
6 72
53 73
41 74
38 75
12 76
42 77
77 78
27 79
5 80
25 81
54 82
67 83
19 84
10 85
50 86
57 87
8 88
1 89
55 90
29 91
70 92
64 93
8 94
39 95
42 96
61 97
46 98
55 99
41 100
40 101
91 102
22 103
2 104
35 105
86 106
70 107
82 108
11 109
82 110
12 111
4 112
58 113
92 114
14 115
13 116
8 117
74 118
69 119
54 120
95 121
24 122
73 123
115 124
34 125
95 126
88 127
87 128
125 129
126 130
74 131
56 132
92 133
47 134
8 135
123 136
129 137
101 138
41 139
79 140
78 141
131 142
9 143
38 144
58 145
90 146
114 147
102 148
134 149
78 150
5 151
24 152
148 153
48 154
96 155
46 156
58 157
144 158
41 159
100 160
104 161
19 162
93 163
66 164
56 165
83 166
104 167
159 168
1 169
138 170
75 171
166 172
161 173
97 174
36 175
174 176
34 177
130 178
162 179
139 180
123 181
89 182
24 183
156 184
179 185
119 186
138 187
61 188
47 189
124 190
23 191
143 192
179 193
189 194
181 195
62 196
104 197
135 198
63 199
157 200
45 201
174 202
198 203
51 204
99 205
100 206
12 207
99 208
37 209
195 210
115 211
30 212
159 213
174 214
112 215
130 216
87 217
157 218
197 219
27 220
170 221
142 222
144 223
52 224
69 225
155 226
27 227
37 228
99 229
65 230
88 231
33 232
16 233
212 234
108 235
143 236
169 237
139 238
219 239
21 240
220 241
183 242
122 243
218 244
90 245
171 246
196 247
241 248
248 249
230 250
82 251
89 252
12 253
174 254
230 255
55 256
242 257
200 258
156 259
87 260
161 261
239 262
27 263
153 264
186 265
134 266
187 267
190 268
244 269
193 270
28 271
45 272
265 273
4 274
72 275
82 276
10 277
134 278
59 279
203 280
79 281
136 282
181 283
278 284
29 285
274 286
276 287
227 288
255 289
83 290
151 291
249 292
254 293
246 294
113 295
43 296
189 297
120 298
10 299
227 300
208 301
50 302
260 303
101 304
265 305
22 306
64 307
155 308
202 309
144 310
213 311
199 312
244 313
74 314
54 315
146 316
256 317
165 318
139 319
141 320
52 321
121 322
280 323
299 324
296 325
151 326
272 327
12 328
32 329
110 330
234 331
84 332
38 333
128 334
262 335
30 336
248 337
158 338
269 339
204 340
300 341
197 342
128 343
293 344
18 345
153 346
84 347
285 348
271 349
307 350
131 351
74 352
174 353
52 354
58 355
61 356
198 357
65 358
104 359
48 360
321 361
310 362
173 363
4 364
335 365
145 366
159 367
251 368
151 369
326 370
352 371
229 372
66 373
102 374
10 375
340 376
232 377
108 378
364 379
347 380
236 381
350 382
295 383
331 384
131 385
48 386
216 387
358 388
257 389
358 390
388 391
242 392
347 393
168 394
270 395
33 396
38 397
311 398
189 399
372 400
294 401
168 402
112 403
316 404
79 405
180 406
5 407
345 408
51 409
363 410
134 411
359 412
366 413
261 414
145 415
58 416
397 417
96 418
283 419
149 420
31 421
397 422
54 423
49 424
18 425
273 426
103 427
186 428
202 429
321 430
384 431
404 432
130 433
371 434
260 435
426 436
63 437
381 438
203 439
112 440
343 441
112 442
395 443
192 444
376 445
275 446
29 447
413 448
300 449
46 450
55 451
31 452
393 453
63 454
55 455
149 456
276 457
427 458
149 459
142 460
298 461
4 462
273 463
157 464
253 465
157 466
24 467
332 468
216 469
387 470
127 471
24 472
29 473
314 474
294 475
76 476
29 477
275 478
440 479
454 480
359 481
234 482
334 483
221 484
115 485
376 486
112 487
75 488
64 489
312 490
82 491
176 492
38 493
480 494
263 495
31 496
340 497
101 498
325 499
305 500
