1 2
2 3
2 4
2 5
5 6
6 7
6 8
3 9
2 10
2 11
9 12
8 13
6 14
9 15
4 16
7 17
3 18
15 19
14 20
15 21
2 22
7 23
22 24
13 25
12 26
14 27
11 28
24 29
6 30
7 31
21 32
12 33
8 34
20 35
4 36
12 37
15 38
13 39
38 40
25 41
24 42
15 43
21 44
18 45
7 46
29 47
14 48
11 49
36 50
45 51
13 52
41 53
47 54
5 55
21 56
8 57
12 58
7 59
9 60
46 61
44 62
24 63
48 64
38 65
57 66
29 67
53 68
29 69
30 70
46 71
50 72
15 73
71 74
2 75
67 76
64 77
54 78
20 79
59 80
68 81
35 82
33 83
36 84
67 85
11 86
48 87
14 88
88 89
60 90
29 91
58 92
29 93
61 94
10 95
91 96
25 97
77 98
93 99
44 100
92 101
73 102
100 103
1 104
54 105
89 106
76 107
105 108
106 109
24 110
42 111
45 112
35 113
67 114
78 115
94 116
69 117
65 118
95 119
44 120
22 121
89 122
104 123
104 124
87 125
110 126
9 127
14 128
36 129
54 130
104 131
28 132
107 133
126 134
105 135
69 136
11 137
65 138
2 139
18 140
84 141
95 142
57 143
123 144
130 145
13 146
30 147
52 148
28 149
104 150
51 151
28 152
9 153
25 154
31 155
59 156
4 157
52 158
40 159
8 160
146 161
65 162
86 163
93 164
7 165
155 166
140 167
128 168
98 169
164 170
72 171
30 172
103 173
21 174
43 175
13 176
38 177
56 178
109 179
164 180
70 181
111 182
13 183
35 184
97 185
60 186
88 187
137 188
118 189
153 190
163 191
59 192
172 193
10 194
107 195
74 196
56 197
74 198
31 199
42 200
134 201
47 202
97 203
120 204
195 205
174 206
161 207
13 208
102 209
139 210
85 211
196 212
54 213
60 214
164 215
97 216
35 217
64 218
42 219
197 220
181 221
66 222
138 223
172 224
15 225
175 226
48 227
185 228
86 229
28 230
21 231
137 232
103 233
46 234
226 235
80 236
208 237
151 238
157 239
187 240
170 241
222 242
203 243
139 244
129 245
87 246
2 247
70 248
192 249
83 250
180 251
94 252
249 253
188 254
178 255
67 256
193 257
247 258
244 259
256 260
240 261
156 262
143 263
27 264
109 265
52 266
222 267
121 268
96 269
52 270
127 271
10 272
39 273
177 274
242 275
86 276
112 277
216 278
219 279
251 280
211 281
147 282
20 283
218 284
91 285
43 286
95 287
167 288
99 289
43 290
152 291
256 292
275 293
9 294
223 295
171 296
165 297
169 298
111 299
228 300
21 301
264 302
156 303
132 304
34 305
248 306
75 307
274 308
157 309
219 310
305 311
21 312
299 313
178 314
189 315
192 316
67 317
248 318
244 319
147 320
90 321
303 322
166 323
34 324
197 325
201 326
166 327
199 328
62 329
275 330
250 331
239 332
181 333
93 334
247 335
217 336
60 337
299 338
168 339
302 340
95 341
307 342
105 343
95 344
153 345
287 346
162 347
89 348
183 349
270 350
238 351
29 352
255 353
196 354
344 355
231 356
27 357
106 358
341 359
166 360
177 361
46 362
141 363
306 364
3 365
292 366
230 367
291 368
49 369
41 370
349 371
54 372
44 373
43 374
152 375
245 376
73 377
261 378
7 379
271 380
175 381
363 382
293 383
39 384
376 385
127 386
238 387
134 388
218 389
305 390
208 391
276 392
163 393
191 394
35 395
20 396
99 397
65 398
209 399
30 400
176 401
300 402
169 403
164 404
163 405
77 406
368 407
111 408
141 409
214 410
142 411
325 412
77 413
120 414
178 415
25 416
315 417
34 418
10 419
120 420
189 421
273 422
328 423
303 424
207 425
340 426
45 427
296 428
329 429
294 430
63 431
119 432
286 433
51 434
146 435
413 436
77 437
67 438
313 439
362 440
142 441
68 442
356 443
90 444
121 445
396 446
34 447
317 448
120 449
119 450
195 451
420 452
103 453
205 454
434 455
450 456
427 457
245 458
29 459
101 460
277 461
48 462
80 463
223 464
298 465
162 466
175 467
327 468
428 469
89 470
392 471
460 472
301 473
255 474
414 475
293 476
329 477
182 478
192 479
387 480
468 481
275 482
129 483
464 484
459 485
228 486
380 487
148 488
473 489
407 490
37 491
200 492
175 493
329 494
2 495
112 496
307 497
417 498
442 499
446 500
