1 2
1 3
2 4
1 5
4 6
5 7
7 8
5 9
1 10
5 11
9 12
4 13
10 14
13 15
10 16
9 17
16 18
5 19
19 20
19 21
18 22
10 23
7 24
9 25
25 26
6 27
10 28
4 29
11 30
16 31
14 32
31 33
10 34
23 35
15 36
2 37
18 38
3 39
34 40
26 41
17 42
41 43
29 44
2 45
24 46
15 47
9 48
5 49
5 50
25 51
43 52
1 53
34 54
36 55
33 56
22 57
51 58
49 59
19 60
41 61
25 62
25 63
63 64
48 65
60 66
30 67
28 68
50 69
41 70
51 71
54 72
69 73
44 74
58 75
17 76
6 77
16 78
1 79
66 80
58 81
30 82
54 83
26 84
50 85
26 86
9 87
44 88
32 89
5 90
49 91
72 92
84 93
17 94
52 95
94 96
28 97
2 98
17 99
33 100
32 101
17 102
24 103
98 104
85 105
24 106
45 107
1 108
78 109
5 110
55 111
25 112
98 113
85 114
18 115
54 116
81 117
77 118
25 119
35 120
22 121
53 122
17 123
4 124
62 125
110 126
89 127
103 128
103 129
41 130
75 131
38 132
11 133
121 134
24 135
118 136
125 137
110 138
11 139
41 140
104 141
134 142
127 143
49 144
52 145
96 146
76 147
31 148
65 149
20 150
143 151
39 152
8 153
46 154
36 155
82 156
81 157
66 158
49 159
117 160
70 161
22 162
114 163
27 164
151 165
156 166
55 167
139 168
108 169
46 170
9 171
59 172
131 173
109 174
131 175
141 176
122 177
162 178
27 179
173 180
49 181
154 182
168 183
1 184
19 185
34 186
172 187
119 188
188 189
178 190
45 191
9 192
76 193
188 194
188 195
156 196
181 197
170 198
43 199
56 200
50 201
63 202
112 203
124 204
180 205
56 206
167 207
34 208
117 209
142 210
153 211
3 212
209 213
38 214
65 215
6 216
172 217
205 218
197 219
34 220
55 221
170 222
112 223
63 224
202 225
148 226
184 227
173 228
143 229
128 230
161 231
133 232
141 233
44 234
116 235
103 236
72 237
76 238
118 239
183 240
192 241
230 242
110 243
234 244
38 245
36 246
18 247
183 248
134 249
88 250
22 251
175 252
24 253
192 254
9 255
100 256
101 257
212 258
204 259
1 260
32 261
143 262
248 263
98 264
215 265
258 266
89 267
124 268
32 269
6 270
34 271
128 272
213 273
23 274
114 275
99 276
39 277
66 278
151 279
255 280
30 281
202 282
183 283
275 284
223 285
162 286
141 287
150 288
226 289
164 290
21 291
216 292
155 293
203 294
242 295
202 296
174 297
229 298
3 299
241 300
111 301
64 302
172 303
72 304
179 305
161 306
96 307
299 308
268 309
38 310
120 311
286 312
54 313
123 314
49 315
42 316
186 317
297 318
29 319
153 320
17 321
295 322
273 323
125 324
155 325
238 326
21 327
102 328
140 329
51 330
222 331
153 332
308 333
47 334
169 335
257 336
288 337
38 338
242 339
89 340
58 341
42 342
156 343
265 344
220 345
167 346
273 347
70 348
253 349
43 350
348 351
182 352
242 353
1 354
158 355
256 356
222 357
116 358
4 359
10 360
318 361
244 362
215 363
256 364
141 365
119 366
82 367
71 368
314 369
341 370
183 371
89 372
132 373
205 374
126 375
328 376
231 377
345 378
321 379
64 380
218 381
374 382
18 383
192 384
70 385
210 386
34 387
219 388
309 389
330 390
205 391
6 392
197 393
178 394
301 395
14 396
16 397
104 398
154 399
256 400
165 401
234 402
80 403
312 404
208 405
20 406
301 407
337 408
56 409
58 410
163 411
135 412
193 413
282 414
250 415
358 416
368 417
412 418
298 419
132 420
86 421
310 422
91 423
294 424
81 425
345 426
312 427
394 428
223 429
76 430
367 431
22 432
130 433
307 434
264 435
400 436
228 437
407 438
432 439
377 440
199 441
434 442
436 443
398 444
111 445
298 446
244 447
97 448
330 449
299 450
206 451
324 452
379 453
65 454
84 455
143 456
92 457
185 458
80 459
155 460
408 461
75 462
252 463
452 464
380 465
349 466
69 467
427 468
170 469
346 470
348 471
470 472
396 473
230 474
209 475
303 476
362 477
104 478
170 479
31 480
327 481
470 482
242 483
233 484
178 485
120 486
472 487
414 488
120 489
124 490
238 491
398 492
385 493
254 494
416 495
39 496
332 497
487 498
191 499
166 500
