1 2
2 3
3 4
3 5
1 6
5 7
1 8
8 9
2 10
1 11
9 12
10 13
4 14
9 15
3 16
9 17
1 18
8 19
12 20
12 21
10 22
2 23
16 24
21 25
5 26
16 27
19 28
15 29
22 30
1 31
18 32
26 33
28 34
15 35
18 36
32 37
24 38
10 39
2 40
33 41
31 42
32 43
17 44
35 45
42 46
12 47
28 48
46 49
21 50
39 51
43 52
31 53
7 54
11 55
16 56
8 57
24 58
28 59
5 60
17 61
54 62
58 63
44 64
15 65
55 66
30 67
45 68
3 69
10 70
40 71
39 72
36 73
21 74
6 75
17 76
49 77
37 78
31 79
66 80
60 81
65 82
67 83
5 84
79 85
24 86
54 87
51 88
73 89
2 90
24 91
59 92
51 93
25 94
20 95
9 96
19 97
58 98
95 99
75 100
82 101
46 102
71 103
36 104
28 105
85 106
70 107
97 108
12 109
14 110
37 111
48 112
82 113
21 114
12 115
41 116
101 117
71 118
72 119
43 120
8 121
15 122
119 123
83 124
85 125
82 126
105 127
94 128
24 129
45 130
60 131
64 132
10 133
104 134
31 135
106 136
19 137
122 138
94 139
35 140
126 141
121 142
24 143
128 144
56 145
69 146
43 147
45 148
48 149
70 150
136 151
7 152
37 153
129 154
87 155
63 156
93 157
124 158
125 159
68 160
134 161
73 162
45 163
105 164
61 165
112 166
37 167
103 168
123 169
114 170
53 171
17 172
14 173
37 174
87 175
63 176
31 177
167 178
114 179
140 180
82 181
54 182
162 183
137 184
176 185
104 186
142 187
87 188
126 189
28 190
165 191
125 192
103 193
32 194
78 195
24 196
167 197
81 198
175 199
184 200
195 201
134 202
177 203
201 204
147 205
44 206
14 207
176 208
67 209
148 210
189 211
179 212
173 213
125 214
196 215
111 216
161 217
84 218
58 219
206 220
127 221
153 222
56 223
56 224
134 225
36 226
120 227
50 228
85 229
183 230
224 231
39 232
227 233
68 234
40 235
35 236
20 237
209 238
224 239
129 240
90 241
121 242
225 243
25 244
202 245
213 246
231 247
19 248
239 249
208 250
92 251
67 252
93 253
66 254
68 255
159 256
183 257
40 258
203 259
86 260
158 261
14 262
170 263
133 264
216 265
210 266
78 267
89 268
40 269
8 270
28 271
21 272
109 273
27 274
33 275
83 276
87 277
3 278
98 279
138 280
181 281
253 282
39 283
194 284
50 285
53 286
136 287
228 288
50 289
275 290
219 291
37 292
207 293
218 294
163 295
197 296
98 297
73 298
253 299
197 300
227 301
165 302
78 303
108 304
299 305
182 306
10 307
99 308
66 309
192 310
137 311
202 312
57 313
252 314
227 315
214 316
309 317
238 318
287 319
199 320
112 321
310 322
177 323
98 324
101 325
106 326
253 327
46 328
230 329
322 330
135 331
226 332
252 333
207 334
95 335
168 336
273 337
314 338
92 339
260 340
144 341
56 342
310 343
318 344
196 345
288 346
236 347
31 348
250 349
56 350
331 351
159 352
60 353
267 354
165 355
17 356
130 357
98 358
198 359
287 360
161 361
33 362
135 363
187 364
56 365
221 366
166 367
264 368
220 369
139 370
31 371
216 372
18 373
242 374
366 375
367 376
33 377
20 378
186 379
299 380
355 381
253 382
204 383
218 384
128 385
134 386
273 387
387 388
380 389
311 390
25 391
44 392
246 393
49 394
27 395
53 396
379 397
393 398
245 399
268 400
227 401
332 402
74 403
195 404
2 405
316 406
177 407
148 408
6 409
394 410
217 411
192 412
287 413
136 414
38 415
282 416
180 417
408 418
309 419
253 420
169 421
21 422
236 423
235 424
376 425
52 426
72 427
212 428
324 429
224 430
391 431
148 432
362 433
432 434
118 435
262 436
424 437
35 438
378 439
125 440
200 441
31 442
222 443
155 444
196 445
413 446
258 447
261 448
139 449
427 450
400 451
233 452
281 453
20 454
73 455
270 456
284 457
41 458
455 459
44 460
133 461
449 462
359 463
144 464
166 465
349 466
209 467
123 468
377 469
107 470
125 471
386 472
115 473
287 474
466 475
35 476
383 477
263 478
176 479
78 480
349 481
350 482
250 483
408 484
205 485
188 486
480 487
39 488
102 489
404 490
152 491
254 492
44 493
72 494
28 495
294 496
76 497
297 498
447 499
1 500
